0.16965 0.50913
0.25083 0.40311
0.51414 0.08299
0.09565 0.33118
0.98456 0.44921
0.36183 0.97690
0.13655 0.46503
0.63482 0.41462
0.40177 0.16311
0.02456 0.03505
0.81843 0.95184
0.35977 0.32886
0.87220 0.63021
0.11949 0.30302
0.27116 0.74684
0.22370 0.23476
0.54904 0.17111
0.71563 0.63289
0.28100 0.34277
0.80634 0.16629
0.29296 0.12174
0.58518 0.82960
0.67470 0.00400
0.56512 0.96128
0.96750 0.77905
0.57767 0.12319
0.61279 0.23240
0.71848 0.15512
0.44121 0.16778
0.71458 0.68563
0.07563 0.04777
0.26153 0.70387
0.04684 0.75879
0.39857 0.03278
0.46004 0.15799
0.22737 0.87584
0.38149 0.32600
0.65778 0.15450
0.70641 0.66254
0.46328 0.65327
0.28486 0.21496
0.36095 0.30959
0.12821 0.50707
0.59482 0.98248
0.38853 0.44052
0.38097 0.20027
0.74888 0.00346
0.54253 0.14949
0.68136 0.34887
0.72739 0.83448
0.05068 0.95381
0.42625 0.71520
0.18471 0.54255
0.80567 0.48679
0.46482 0.24125
0.01933 0.69821
0.16522 0.41654
0.07506 0.79531
0.77073 0.13988
0.70043 0.39848
0.39932 0.01833
0.85824 0.67913
0.80761 0.14802
0.11430 0.65181
0.56194 0.43386
0.67871 0.55021
0.86218 0.89355
0.53760 0.65297
0.92014 0.84960
0.75687 0.09884
0.76399 0.95574
0.34732 0.38900
0.05937 0.22279
0.55093 0.97811
0.22829 0.44869
0.89010 0.12110
0.32630 0.77306
0.28845 0.13648
0.66837 0.49370
0.54723 0.70866
0.43307 0.00998
0.70453 0.64391
0.29233 0.75181
0.91037 0.18444
0.87428 0.17943
0.59620 0.17064
0.10012 0.24446
0.99877 0.78911
0.56588 0.07042
0.21274 0.20268
0.16207 0.16715
0.51422 0.66850
0.53166 0.07580
0.42929 0.91934
0.42726 0.07487
0.89750 0.27040
0.62803 0.45978
0.15887 0.30980
0.24622 0.50882
0.61926 0.79356
0.32339 0.18879
0.73973 0.50268
0.13214 0.12050
0.97480 0.93404
0.99370 0.23872
0.65683 0.14936
0.11702 0.16419
0.36255 0.79902
0.73134 0.07176
0.71151 0.33706
0.45713 0.66792
0.14166 0.28822
0.85223 0.94089
0.32375 0.67761
0.17074 0.84695
0.15317 0.03599
0.34344 0.92973
0.38088 0.27450
0.10350 0.32122
0.66747 0.64249
0.26941 0.76373
0.08716 0.89574
0.54060 0.69833
0.40370 0.65043
0.79756 0.79542
0.00114 0.61294
0.67811 0.11376
0.95884 0.85704
0.33258 0.49263
0.89088 0.89159
0.43201 0.57497
0.22521 0.95506
0.86331 0.08237
0.42079 0.36811
0.58980 0.64082
0.00358 0.01173
0.51222 0.23723
0.59152 0.72869
0.09743 0.30823
0.92483 0.92830
0.51437 0.08241
0.19065 0.45389
0.03786 0.24032
0.17098 0.53177
0.77964 0.04212
0.21222 0.53296
0.44451 0.81191
0.31485 0.99493
0.87519 0.25437
0.44641 0.09917
0.04711 0.94412
0.84330 0.70554
0.05513 0.97419
0.83107 0.45378
0.77675 0.06177
0.05565 0.47184
0.08306 0.62743
0.34976 0.24046
0.07642 0.48759
0.14583 0.15707
0.61415 0.61842
0.50699 0.38160
0.93319 0.65794
0.74588 0.61910
0.75060 0.67793
0.09212 0.32500
0.79531 0.12088
0.33953 0.37709
0.62928 0.79462
0.78981 0.56540
0.93491 0.55993
0.62018 0.95274
0.20730 0.98871
0.35920 0.84096
0.82359 0.22964
0.28385 0.38946
0.61039 0.78905
0.31565 0.52839
0.65123 0.45296
0.71545 0.06222
0.15860 0.08927
0.34863 0.44484
0.25400 0.48482
0.24842 0.02189
0.69687 0.34897
0.16142 0.29028
0.84223 0.84956
0.06744 0.49659
0.36127 0.98071
0.43023 0.01584
0.01340 0.43798
0.72838 0.01898
0.95562 0.50482
0.52251 0.08208
0.42953 0.15393
0.49310 0.11671
0.46466 0.62399
0.29923 0.82316
0.40503 0.94772
0.05251 0.26400
0.07521 0.54628
0.22602 0.42655
0.31630 0.04746
0.54307 0.11033
0.11175 0.05476
0.57105 0.85216
0.99692 0.34150
0.44053 0.82863
0.36854 0.75465
0.25809 0.60693
0.45956 0.82568
0.79343 0.54653
0.01701 0.20977
0.68278 0.76945
0.88366 0.07110
0.60666 0.62378
0.86924 0.90788
0.41750 0.22399
0.46285 0.92243
0.16911 0.90879
0.96854 0.67268
0.87409 0.64961
0.77021 0.28402
0.83070 0.35795
0.86400 0.21637
0.86796 0.92514
0.52778 0.73623
0.83277 0.70848
0.57595 0.89249
0.13343 0.01624
0.97033 0.99618
0.62520 0.85834
0.80025 0.87679
0.92164 0.82887
0.06285 0.25005
0.08918 0.26996
0.75032 0.26148
0.52596 0.07482
0.04805 0.80497
0.62973 0.04944
0.62089 0.29419
0.86077 0.74051
0.94368 0.49921
0.68817 0.03941
0.78265 0.31787
0.19683 0.91192
0.46262 0.19832
0.21303 0.78951
0.80257 0.41948
0.26000 0.56127
0.77479 0.62682
0.42760 0.97296
0.52879 0.52845
0.03887 0.55186
0.34727 0.08748
0.57934 0.40534
0.56177 0.78967
0.83174 0.93933
0.96578 0.34367
0.48889 0.30821
0.26881 0.57185
0.05572 0.85068
0.31503 0.41983
0.29736 0.08674
0.81241 0.72721
0.44873 0.38883
0.27912 0.49851
0.25322 0.01442
0.40646 0.06170
0.39963 0.19124
0.81270 0.91486
0.94065 0.87626
0.77784 0.10117
0.35808 0.00031
0.69296 0.23315
0.17239 0.72441
0.03354 0.16534
0.15718 0.10371
0.59361 0.00314
0.32967 0.85651
0.14080 0.66869
0.95180 0.97738
0.92353 0.14624
0.95413 0.29747
0.30998 0.96265
0.26361 0.68244
0.35164 0.90737
0.49819 0.78105
0.12549 0.21822
0.51258 0.85418
0.66381 0.67102
0.85458 0.44908
0.55994 0.52048
0.60070 0.84171
0.66896 0.31582
0.99035 0.22011
0.11901 0.86467
0.64351 0.33394
0.13568 0.17324
0.49851 0.41943
0.12589 0.61021
0.95468 0.54961
0.74190 0.63417
0.18002 0.64366
0.66773 0.91838
0.24177 0.01047
0.99774 0.74586
0.25365 0.90427
0.39071 0.75561
0.86961 0.29426
0.31232 0.43036
0.47456 0.93455
0.44461 0.39999
0.23268 0.14176
0.75947 0.36669
0.93678 0.90803
0.12087 0.69077
0.62629 0.98686
0.69598 0.89426
0.44783 0.31079
0.94375 0.08807
0.56411 0.46250
0.11457 0.99583
0.12052 0.77011
0.48961 0.55607
0.19280 0.74025
0.42868 0.78036
0.44885 0.82955
0.93682 0.57768
0.02264 0.79659
0.69820 0.87263
0.56689 0.41183
0.99768 0.16945
0.91762 0.76663
0.45077 0.14969
0.62372 0.59112
0.26230 0.56144
0.07846 0.84913
0.47912 0.62021
0.62743 0.89127
0.77336 0.19604
0.92368 0.67983
0.92931 0.98560
0.15615 0.20448
0.00224 0.57419
0.73815 0.72572
0.57589 0.98014
0.54930 0.81314
0.74849 0.48278
0.13784 0.78253
0.37799 0.02714
0.18177 0.52587
0.16408 0.91314
0.49234 0.15456
0.28924 0.33901
0.88865 0.31553
0.52270 0.32061
0.13993 0.50520
0.21084 0.26577
0.77372 0.70046
0.85142 0.57262
0.57281 0.91011
0.11761 0.00388
0.74342 0.49640
0.97185 0.85484
0.02279 0.14559
0.71754 0.25111
0.58271 0.25702
0.60313 0.59418
0.25155 0.49102
0.68189 0.88818
0.19018 0.28540
0.94273 0.07416
0.10636 0.32848
0.30674 0.90370
0.09696 0.89084
0.98347 0.99020
0.28129 0.40852
0.87136 0.77940
0.08526 0.42852
0.59301 0.32798
0.66720 0.58398
0.36265 0.05413
0.48221 0.28984
0.04455 0.13982
0.41875 0.31590
0.96845 0.61424
0.98933 0.87998
0.27480 0.04604
0.55423 0.54102
0.91321 0.62804
0.91432 0.62816
0.50848 0.95849
0.43302 0.71997
0.25717 0.76978
0.21420 0.67390
0.46348 0.69835
0.55221 0.64750
0.34210 0.11181
0.02209 0.68676
0.60209 0.47350
0.25364 0.15468
0.80612 0.41651
0.32876 0.85111
0.79262 0.16445
0.19262 0.76610
0.39783 0.09198
0.14823 0.47391
0.87961 0.12904
0.42709 0.31627
0.44066 0.64783
0.71085 0.28724
0.82463 0.27575
0.58843 0.89504
0.37759 0.79541
0.72608 0.74739
0.78219 0.57114
0.56297 0.27853
0.51751 0.74824
0.14900 0.05950
0.88965 0.57748
0.17055 0.58540
0.38622 0.75417
0.53298 0.73430
0.11277 0.28937
0.15921 0.97681
0.80162 0.90643
0.90487 0.13001
0.39057 0.35469
0.46259 0.53759
0.69120 0.21649
0.52106 0.45232
0.16581 0.41539
0.97505 0.01071
0.18272 0.12770
0.05344 0.10058
0.60163 0.91883
0.76812 0.45243
0.01277 0.08906
0.12118 0.57818
0.69432 0.16860
0.00157 0.23164
0.01343 0.09068
0.59996 0.20448
0.26943 0.05058
0.96981 0.12582
0.18097 0.48690
0.33810 0.29035
0.09856 0.47564
0.49213 0.15949
0.02450 0.11170
0.49056 0.64205
0.21862 0.50024
0.46074 0.94223
0.90033 0.15603
0.51642 0.55684
0.23132 0.52359
0.25618 0.08758
0.34781 0.45526
0.63596 0.19948
0.16615 0.23845
0.33857 0.13643
0.22910 0.23240
0.31637 0.00004
0.19932 0.82650
0.10977 0.08277
0.60603 0.39918
0.06504 0.09158
0.05859 0.04012
0.47288 0.31317
0.19503 0.88598
0.93639 0.02820
0.59198 0.62468
0.10090 0.23117
0.90443 0.81381
0.31793 0.66552
0.08888 0.22743
0.11181 0.41798
0.97795 0.85470
0.45735 0.70285
0.10394 0.69109
0.75052 0.53750
0.60247 0.33168
0.11288 0.39253
0.78662 0.88585
0.15253 0.11395
0.01819 0.64911
0.68488 0.48604
0.27809 0.34568
0.48469 0.50605
0.40617 0.14608
0.42667 0.57996
0.16541 0.94523
0.17646 0.78986
0.84904 0.09088
0.21721 0.00039
0.56900 0.08480
0.13538 0.72465
0.86515 0.41695
0.90154 0.22507
0.72564 0.11407
0.63051 0.15827
0.62857 0.42182
0.96869 0.24255
0.23513 0.67512
0.77205 0.73599
0.67427 0.75085
0.42674 0.96796
0.55981 0.03064
0.33331 0.74610
0.39930 0.36989
0.81844 0.66771
0.75463 0.48195
0.20771 0.60268
0.02253 0.37349
0.66808 0.77506
0.38326 0.99802
0.90638 0.55601
0.14768 0.92728
0.53474 0.68415
0.02745 0.29896
0.74444 0.52636
0.39019 0.40442
0.40985 0.95382
0.87553 0.96240
0.70592 0.84986
0.55200 0.01416
0.89410 0.93919
0.65658 0.11227
0.06295 0.86046
0.23128 0.90661
0.71330 0.79672
0.71400 0.76048
0.13568 0.91645
0.40411 0.34967
0.32468 0.94851
0.38139 0.54037
0.86732 0.47249
0.71568 0.67697
0.79466 0.16536
0.84467 0.25670
0.13481 0.97391
0.77790 0.61738
0.75501 0.73847
0.62629 0.71130
0.27979 0.24248
0.68309 0.74354
0.97229 0.21567
0.63795 0.93088
0.88199 0.22872
0.68357 0.97717
0.51854 0.50685
0.95364 0.78633
0.08815 0.73874
0.83417 0.84446
0.89676 0.56744
0.05629 0.67539
0.99156 0.59338
0.25619 0.71311
0.46889 0.63492
0.99203 0.01144
0.92869 0.47795
0.29049 0.89402
0.26508 0.21197
0.17964 0.95704
0.93796 0.39493
0.52998 0.62729
0.52695 0.57696
0.84364 0.66613
0.89473 0.46128
0.56191 0.57975
0.77835 0.43070
0.34090 0.81239
0.82597 0.81276
0.35249 0.85869
0.67312 0.77430
0.68362 0.71307
0.11972 0.10531
0.65486 0.30454
0.68725 0.73574
0.51463 0.25865
0.06762 0.26540
0.53836 0.63583
0.10410 0.77846
0.37859 0.60425
0.68671 0.69909
0.08851 0.15372
0.32198 0.37391
0.60674 0.77433
0.56806 0.18745
0.12901 0.35058
0.07553 0.33046
0.50687 0.03798
0.15408 0.03487
0.63948 0.92092
0.01664 0.86512
0.52141 0.69967
0.64905 0.77702
0.42489 0.78149
0.38858 0.77387
0.67387 0.57479
0.50320 0.00068
0.31671 0.31661
0.80687 0.96462
0.36119 0.57981
0.85652 0.88228
0.08193 0.39073
0.42921 0.52501
0.79392 0.78165
0.46621 0.30578
0.02495 0.09768
0.82928 0.22289
0.03855 0.42543
0.98531 0.82238
0.33541 0.18035
0.87447 0.09058
0.56623 0.81099
0.33354 0.60960
0.67590 0.82916
0.28854 0.62791
0.41751 0.55153
0.70655 0.08737
0.00697 0.86562
0.79668 0.12105
0.50176 0.33134
0.54922 0.70769
0.67386 0.81764
0.89365 0.68094
0.05239 0.35543
0.76688 0.53079
0.20875 0.25059
0.25650 0.96567
0.49666 0.14482
0.66448 0.36264
0.92562 0.57343
0.45993 0.65632
0.14960 0.20520
0.50195 0.35762
0.02747 0.87859
0.60969 0.01971
0.39180 0.06130
0.87335 0.90462
0.30447 0.15624
0.27637 0.58970
0.68971 0.29126
0.90763 0.05785
0.82215 0.80570
0.26917 0.78434
0.83632 0.72428
0.09228 0.81587
0.80415 0.14174
0.89343 0.81430
0.54485 0.74440
0.39441 0.21712
0.04185 0.67444
0.83193 0.22735
0.66706 0.61248
0.71106 0.13467
0.59899 0.95802
0.00058 0.44237
0.95493 0.83409
0.33430 0.11405
0.50225 0.80972
0.36824 0.09929
0.05558 0.49554
0.82508 0.97504
0.45203 0.82091
0.30110 0.87040
0.00565 0.70282
0.34329 0.42999
0.58099 0.41346
0.14449 0.90626
0.28905 0.24856
0.30043 0.46098
0.70035 0.65612
0.48153 0.10402
0.54220 0.61048
0.50037 0.71942
0.55255 0.13522
0.70549 0.92868
0.20984 0.85282
0.81498 0.70069
0.49978 0.55823
0.22858 0.01799
0.20560 0.93338
0.73111 0.39846
0.49769 0.97671
0.05367 0.55478
0.35567 0.41141
0.79830 0.41520
0.46554 0.37771
0.07129 0.43701
0.02106 0.88682
0.19532 0.05618
0.58096 0.17689
0.89547 0.21548
0.47956 0.66147
0.35250 0.21425
0.90301 0.96910
0.94875 0.96060
0.48994 0.54245
0.30172 0.77041
0.31455 0.91528
0.17251 0.31697
0.75488 0.32086
0.63934 0.85533
0.86217 0.02254
0.88545 0.12952
0.45956 0.95572
0.62023 0.83490
0.43842 0.68252
0.50080 0.12174
0.11403 0.08935
0.74748 0.74025
0.55035 0.56919
0.55564 0.25192
0.55135 0.99109
0.89100 0.50910
0.32383 0.24853
0.81516 0.29630
0.25863 0.71541
0.69985 0.15262
0.50186 0.22990
0.64236 0.45376
0.74614 0.45656
0.09752 0.87532
0.93470 0.20937
0.95784 0.35709
0.66021 0.40341
0.48930 0.62624
0.86380 0.86134
0.24582 0.52932
0.48081 0.75370
0.10668 0.34814
0.67615 0.34467
0.75005 0.73030
0.77306 0.06385
0.67644 0.72859
0.06514 0.76707
0.90426 0.97828
0.54069 0.82846
0.03296 0.04967
0.32012 0.10368
0.82157 0.56232
0.35992 0.53067
0.89923 0.27064
0.16648 0.82521
0.99993 0.53834
0.65690 0.30617
0.08945 0.28044
0.92166 0.41918
0.41128 0.19381
0.50388 0.18763
0.57251 0.00099
0.36946 0.97098
0.28083 0.00992
0.65740 0.20338
0.17033 0.74306
0.74825 0.13100
0.10465 0.74867
0.05361 0.07761
0.08160 0.23252
0.73258 0.22116
0.29569 0.52866
0.53080 0.98427
0.12758 0.48641
0.36719 0.45728
0.70539 0.68719
0.86475 0.81635
0.99887 0.47908
0.85732 0.03577
0.11856 0.39869
0.65026 0.54736
0.33851 0.68094
0.87367 0.04104
0.64261 0.62339
0.71990 0.18216
0.68410 0.81996
0.97610 0.93475
0.90587 0.15373
0.20238 0.39255
0.44486 0.27993
0.96995 0.52966
0.99396 0.10314
0.27851 0.78827
0.98755 0.70247
0.81430 0.09019
0.24374 0.58226
0.14610 0.93981
0.15046 0.66936
0.80680 0.42768
0.86718 0.76768
0.31761 0.68706
0.07836 0.73975
0.07335 0.14602
0.10170 0.21058
0.70609 0.39802
0.95831 0.54684
0.40644 0.62516
0.90459 0.44527
0.21385 0.54836
0.46078 0.76374
0.43218 0.65639
0.21138 0.30821
0.17465 0.41581
0.58643 0.72455
0.15594 0.03583
0.60401 0.88460
0.63317 0.68587
0.10649 0.49562
0.78115 0.96137
0.55837 0.55524
0.30021 0.01250
0.30423 0.35001
0.45847 0.29797
0.85093 0.87676
0.92949 0.42357
0.55097 0.17655
0.14227 0.65221
0.97333 0.86463
0.10236 0.08220
0.44424 0.16763
0.33255 0.57455
0.74704 0.10014
0.94664 0.31199
0.56427 0.44194
0.04697 0.34117
0.33238 0.37301
0.61269 0.98009
0.10657 0.33562
0.81582 0.60946
0.95221 0.76482
0.70911 0.32804
0.99887 0.91631
0.21926 0.43836
0.09451 0.79468
0.82499 0.66003
0.26431 0.99485
0.57631 0.71858
0.88236 0.77707
0.17586 0.57470
0.78026 0.55020
0.01318 0.26391
0.83474 0.35397
0.21992 0.66787
0.19675 0.21121
0.95355 0.31978
0.49191 0.13960
0.88870 0.50253
0.30619 0.94814
0.89800 0.38813
0.86273 0.84037
0.71417 0.68728
0.44466 0.55034
0.91464 0.71391
0.04445 0.09099
0.49543 0.83766
0.45440 0.19239
0.08460 0.53033
0.53369 0.59361
0.67005 0.66230
0.75514 0.09407
0.81957 0.06226
0.82132 0.85463
0.62462 0.40614
0.59709 0.08870
0.77159 0.71489
0.26228 0.93390
0.66518 0.38365
0.25790 0.56973
0.26372 0.87068
0.26882 0.83846
0.93906 0.42371
0.92132 0.84201
0.98727 0.54324
0.38966 0.15958
0.44038 0.26149
0.43110 0.50253
0.37581 0.51319
0.03240 0.86054
0.51918 0.64605
0.30452 0.33000
0.21882 0.19102
0.81956 0.82138
0.48948 0.53793
0.35813 0.56873
0.40355 0.98879
0.85975 0.02852
0.92806 0.11125
0.11082 0.32532
0.69270 0.60244
0.52809 0.07805
0.89734 0.69111
0.81542 0.44292
0.89222 0.28168
0.85181 0.36116
0.23349 0.77037
0.42019 0.85284
0.95217 0.40297
0.08478 0.17255
0.98201 0.72672
0.24380 0.28963
0.10278 0.46013
0.52501 0.32175
0.67424 0.55395
0.13924 0.28665
0.36310 0.48089
0.13862 0.02742
0.45448 0.74251
0.56248 0.53435
0.70612 0.64711
0.62002 0.12254
0.05362 0.21171
0.46167 0.54647
0.57709 0.67291
0.91851 0.53962
0.95495 0.07357
0.37807 0.16349
0.61729 0.79984
0.94064 0.90110
0.45587 0.40955
0.96981 0.33979
0.11027 0.57593
0.21962 0.73451
0.58074 0.88911
0.29995 0.49789
0.74496 0.02919
0.62797 0.78294
0.87307 0.61812
0.53192 0.87631
0.57008 0.21881
0.48735 0.69167
0.11137 0.11858
0.78935 0.97740
0.76480 0.60306
0.08341 0.63979
0.23839 0.59605
0.19595 0.15100
0.60918 0.64672
0.78441 0.94173
0.25918 0.17439
0.75654 0.31075
0.00030 0.73058
0.61788 0.69342
0.61133 0.45591
0.90398 0.95939
0.63411 0.84580
0.65380 0.11891
0.64460 0.84657
0.93407 0.54109
0.12915 0.78206
0.62885 0.86834
0.58238 0.61703
0.49088 0.25918
0.19287 0.85650
0.20517 0.87146
0.15349 0.50690
0.75548 0.20292
0.74460 0.20786
0.39542 0.11672
0.71008 0.39643
0.15641 0.45186
0.37316 0.80755
0.49767 0.90948
0.31853 0.26793
0.97666 0.56532
0.40515 0.32860
0.85291 0.23478
0.75704 0.91638
0.35016 0.06957
0.58698 0.00672
0.43129 0.41621
0.42372 0.10308
0.93725 0.41271
0.34822 0.64694
0.87755 0.94729
0.44317 0.60038
0.89016 0.87481
0.62544 0.32725
0.99708 0.11082
0.21819 0.72405
0.06443 0.62080
0.25160 0.97136
0.37047 0.44532
0.19552 0.17694
0.06434 0.95930
0.24192 0.84675
0.40761 0.46162
0.93247 0.67518
0.77483 0.07128
0.97884 0.19566
0.03928 0.27025
0.41003 0.01199
0.40503 0.14528
0.46241 0.39291
0.58035 0.86353
0.73550 0.11983
0.90685 0.71911
0.08825 0.60360
0.86395 0.25655
0.33900 0.51049
0.72755 0.15028
0.87597 0.23339
0.80963 0.25427
0.09325 0.69779
0.03232 0.01259
0.88503 0.55445
0.28195 0.08768
0.08247 0.26723
0.09213 0.56499
0.81802 0.63261
0.18019 0.30033
0.41889 0.47560
0.69410 0.25770
0.57542 0.49050
0.38258 0.67629
0.21505 0.36291
0.89789 0.27347
0.36336 0.13848
0.29050 0.61246
0.43990 0.87538
0.34503 0.88779
0.53923 0.92655
0.03282 0.48912
0.60593 0.58817
0.19913 0.86846
0.03636 0.42248
0.18893 0.92777
0.11419 0.97839
0.17091 0.11203
0.19535 0.11951
0.55362 0.51359
0.15251 0.21277
0.17003 0.11283
0.25032 0.56184
0.41645 0.09019
0.51975 0.06691
0.05711 0.32999
0.10491 0.24541
0.20824 0.31977
0.06103 0.28823
0.79727 0.62979
0.75360 0.97342
0.19913 0.73669
0.40267 0.36089
0.73295 0.40257
0.25208 0.46488
0.83641 0.72065
0.68673 0.78086
0.15517 0.78175
0.71263 0.83151
0.20994 0.55951
0.19393 0.10255
0.20288 0.79166
0.15782 0.27263
0.97679 0.26999
0.24775 0.73626
0.87480 0.20898
0.61635 0.43557
0.21021 0.62556
0.05785 0.03107
0.68103 0.78427
0.19326 0.88166
0.20766 0.67304
0.60753 0.83041
0.00143 0.16905
0.24527 0.83528
0.42157 0.24758
0.36565 0.97680
0.22175 0.89973
0.65983 0.48366
0.98466 0.16649
0.43128 0.16411
0.51028 0.54996
0.94253 0.12932
0.94057 0.90175
0.28567 0.48570
0.43704 0.99783
0.34286 0.34135
0.42186 0.04023
0.80143 0.10258
0.38711 0.89461
0.25802 0.78523
0.03956 0.82851
0.17402 0.37532
0.30268 0.15298
0.57754 0.50747
0.34068 0.97057
0.71401 0.17893
0.51722 0.42810
0.56582 0.03533
0.33963 0.69548
0.00678 0.86604
0.47047 0.25407
0.33268 0.06796
0.99239 0.75209
0.66666 0.87321
0.47287 0.15112
0.75974 0.17382
0.91415 0.09246
0.32376 0.96531
0.66468 0.70809
0.30778 0.92971
0.18382 0.29273
0.50162 0.09223
0.06378 0.52998
0.30350 0.77214
0.85382 0.27523
0.11609 0.58510
0.57197 0.09502
0.14945 0.84991
0.72905 0.71205
0.06966 0.56272
0.70236 0.34443
0.14237 0.36712
0.29563 0.06400
0.45204 0.62014
0.78079 0.63107
0.57715 0.77286
0.41831 0.70126
0.88468 0.89981
0.05162 0.13459
0.91280 0.56282
0.14377 0.53222
0.01595 0.45689
0.83637 0.38408
0.89292 0.94575
0.02108 0.83915
0.83279 0.12460
0.21196 0.03474
0.58896 0.28256
0.65715 0.65077
0.25471 0.03664
0.83218 0.25132
0.32935 0.98935
0.69603 0.36079
0.17080 0.54954
0.79803 0.44548
0.19313 0.17729
0.15799 0.92152
0.40381 0.88022
0.57366 0.68405
0.15063 0.26123
0.08144 0.39305
0.66635 0.13364
0.04137 0.71274
0.45715 0.39740
0.59374 0.77076
0.50172 0.21489
0.76924 0.00051
0.00678 0.95835
0.85511 0.98881
0.07980 0.92957
0.61674 0.77846
0.10851 0.93684
0.38651 0.55383
0.39741 0.55839
0.03665 0.93207
0.55679 0.93391
0.26119 0.93116
0.18551 0.16802
0.99926 0.82135
0.26699 0.78966
0.60165 0.64679
0.00265 0.86012
0.21201 0.02227
0.47926 0.98392
0.56979 0.56270
0.55127 0.54831
0.35337 0.00715
0.31453 0.16980
0.77518 0.16157
0.61598 0.34359
0.44491 0.32364
0.96818 0.59667
0.40518 0.44527
0.16097 0.19976
0.83575 0.69852
0.11083 0.05573
0.20573 0.99003
0.30941 0.37425
0.44762 0.91449
0.21022 0.10499
0.16212 0.29719
0.91033 0.62179
0.82775 0.25854
0.78674 0.28858
0.95041 0.32021
0.00809 0.16997
0.24573 0.49348
0.33603 0.44955
0.13381 0.43153
0.71129 0.15252
0.34376 0.94553
0.36207 0.97366
0.15395 0.14926
0.89293 0.18227
0.82105 0.91107
0.43351 0.93209
0.74497 0.80805
0.48971 0.34394
0.47299 0.41559
0.78430 0.95670
0.78213 0.76879
0.74452 0.14981
0.22231 0.92996
0.62143 0.52495
0.97783 0.02144
0.16971 0.29524
0.23855 0.97217
0.93680 0.86531
0.29844 0.37087
0.69121 0.74341
0.94242 0.17221
0.43046 0.55030
0.70275 0.74023
0.61824 0.19113
0.71066 0.77601
0.80561 0.68802
0.18107 0.54648
0.77623 0.04430
0.50869 0.94967
0.61786 0.82787
0.04963 0.53701
0.81973 0.37087
0.24792 0.59425
0.86001 0.34169
0.19529 0.62100
0.29782 0.37006
0.44921 0.74481
0.42582 0.37842
0.38182 0.85318
0.95433 0.38223
0.48416 0.21570
0.13357 0.85896
0.51096 0.95345
0.85348 0.75556
0.07015 0.11941
0.60118 0.45873
0.80197 0.30388
0.51023 0.80598
0.94539 0.75432
0.98170 0.57497
0.11611 0.22843
0.26417 0.22848
0.29882 0.70341
0.65774 0.49836
0.10242 0.26339
0.75812 0.47128
0.90838 0.29979
0.84292 0.01063
0.34886 0.86431
0.67996 0.24440
0.39302 0.52755
0.22150 0.69460
0.09790 0.65547
0.34222 0.07718
0.67126 0.16333
0.36591 0.61095
0.13755 0.01019
0.26705 0.45468
0.04018 0.20574
0.51572 0.82070
0.31038 0.95587
0.49387 0.91452
0.29543 0.48294
0.16746 0.17315
0.08848 0.20607
0.13250 0.01741
0.71913 0.02075
0.64380 0.72894
0.92228 0.33812
0.37181 0.12109
0.68860 0.91970
0.17239 0.86075
0.43318 0.43173
0.36979 0.23474
0.49382 0.18658
0.68252 0.63540
0.97202 0.62339
0.41289 0.14780
0.16292 0.47297
0.28504 0.14242
0.73133 0.90458
0.02212 0.82347
0.71566 0.36805
0.88489 0.31286
0.78501 0.38885
0.81456 0.31809
0.60469 0.69752
0.52602 0.22344
0.79954 0.50618
0.12850 0.83459
0.72347 0.73914
0.33555 0.78816
0.89294 0.37430
0.46096 0.33818
0.31392 0.87817
0.29449 0.92583
0.11380 0.92212
0.11555 0.00893
0.30533 0.16105
0.16239 0.29902
0.38348 0.04349
0.61053 0.70787
0.52732 0.94539
0.05142 0.22379
0.79632 0.27918
0.02340 0.16602
0.80986 0.33139
0.54268 0.01608
0.97113 0.39029
0.18536 0.54809
0.90314 0.89536
0.41595 0.79231
0.98351 0.54791
0.79544 0.27008
0.94652 0.74809
0.50242 0.61143
0.93858 0.06088
0.02788 0.13872
0.84029 0.69200
0.77436 0.83441
0.58415 0.71427
0.95904 0.42039
0.42068 0.97566
0.04751 0.86293
0.66315 0.30241
0.29805 0.81729
0.03600 0.11145
0.35130 0.91744
0.08852 0.92531
0.81205 0.96506
0.03164 0.77824
0.43418 0.16472
0.79909 0.79644
0.01176 0.54695
0.05262 0.77294
0.62979 0.76210
0.32582 0.39351
0.52257 0.66928
0.96058 0.58037
0.71848 0.24866
0.43312 0.55645
0.04931 0.86310
0.12775 0.59989
0.54254 0.46224
0.23936 0.98099
0.93570 0.87427
0.91221 0.57635
0.65309 0.79636
0.98473 0.89739
0.07969 0.90415
0.82279 0.21668
0.95049 0.28387
0.39329 0.09642
0.01314 0.24134
0.59882 0.02407
0.11682 0.38928
0.86901 0.73186
0.92705 0.93673
0.39664 0.25254
0.68424 0.79335
0.22696 0.48244
0.65884 0.06418
0.59027 0.47076
0.19107 0.92852
0.08897 0.97425
0.77735 0.06679
0.81106 0.22904
0.55002 0.27001
0.75595 0.03467
0.52666 0.39615
0.46465 0.44934
0.33394 0.30105
0.71266 0.74017
0.55444 0.69257
0.25851 0.25395
0.62564 0.88141
0.90956 0.30500
0.67091 0.75974
0.22957 0.46818
0.30256 0.48880
0.97138 0.62053
0.79560 0.39943
0.55215 0.52265
0.44571 0.68671
0.72952 0.83688
0.03147 0.70131
0.22205 0.25049
0.17766 0.10199
0.61399 0.62652
0.19203 0.10847
0.13515 0.87400
0.47728 0.43300
0.05787 0.05443
0.44591 0.91596
0.76713 0.25991
0.92624 0.48301
0.92158 0.49520
0.77693 0.03752
0.17887 0.61717
0.85152 0.96143
0.13638 0.44389
0.33711 0.00784
0.40980 0.97149
0.95955 0.16717
0.23674 0.67438
0.21463 0.42217
0.30095 0.49407
0.56595 0.47396
0.97205 0.99337
0.14210 0.66098
0.28428 0.72199
0.63221 0.56353
0.23769 0.55009
0.50417 0.23658
0.02046 0.44381
0.84121 0.25661
0.25453 0.01443
0.49143 0.05936
0.47616 0.35437
0.57712 0.23506
0.90285 0.21325
0.15698 0.39538
0.64817 0.50869
0.74077 0.72613
0.84059 0.80569
0.61599 0.16232
0.98383 0.23786
0.36814 0.72567
0.98610 0.10736
0.64032 0.48046
0.33587 0.59740
0.27399 0.28000
0.71144 0.31578
0.64464 0.57570
0.70618 0.50818
0.98987 0.34899
0.04543 0.63607
0.38134 0.02849
0.80128 0.48195
0.39004 0.65380
0.29912 0.46283
0.40298 0.18812
0.82555 0.53109
0.66662 0.57324
0.60462 0.65111
0.95252 0.51675
0.31754 0.11297
0.17071 0.76548
0.97847 0.99981
0.34950 0.45275
0.99315 0.53729
0.37901 0.07247
0.11563 0.22170
0.45998 0.42935
0.78583 0.39436
0.12277 0.44369
0.44288 0.14403
0.64770 0.98214
0.55667 0.98167
0.73354 0.27441
0.03672 0.01746
0.18784 0.16585
0.30537 0.93914
0.87059 0.83526
0.77632 0.80061
0.40135 0.31610
0.19356 0.91800
0.46836 0.01508
0.92114 0.82921
0.70778 0.74331
0.74491 0.29877
0.91720 0.16933
0.61673 0.61352
0.79685 0.96624
0.16521 0.35341
0.70639 0.85794
0.61001 0.23812
0.84005 0.66305
0.19868 0.25153
0.60086 0.17190
0.37799 0.38502
0.62030 0.14987
0.35410 0.86172
0.82195 0.33507
0.53429 0.25309
0.91375 0.39726
0.96326 0.56779
0.10381 0.82454
0.96338 0.24201
0.91845 0.62968
0.69713 0.13928
0.77127 0.13580
0.61933 0.65087
0.55134 0.17144
0.62857 0.84211
0.20956 0.22908
0.43202 0.03828
0.86465 0.82967
0.22390 0.72222
0.10423 0.63953
0.23807 0.13472
0.00096 0.03769
0.18561 0.37759
0.00255 0.51326
0.12679 0.19388
0.49421 0.30319
0.34347 0.58787
0.11099 0.81827
0.85785 0.71824
0.71126 0.75402
0.70374 0.62241
0.98357 0.34817
0.45036 0.62034
0.71165 0.86737
0.44328 0.24007
0.84470 0.01630
0.90047 0.86057
0.27039 0.17348
0.14760 0.79831
0.65235 0.96520
0.97645 0.94412
0.69576 0.21854
0.55836 0.33668
0.88832 0.38191
0.70435 0.32264
0.46821 0.53296
0.90433 0.40683
0.53815 0.01026
0.58980 0.25927
0.29986 0.31048
0.98770 0.32891
0.05803 0.08825
0.18947 0.68893
0.17199 0.76445
0.13315 0.72134
0.36587 0.32349
0.13314 0.18278
0.65367 0.03545
0.65402 0.40724
0.92756 0.88767
0.84269 0.12984
0.75934 0.33493
0.25864 0.41426
0.96067 0.26151
0.60300 0.07621
0.62907 0.66355
0.49039 0.42165
0.10507 0.14994
0.50031 0.00859
0.90356 0.06709
0.52581 0.49308
0.78049 0.68364
0.09996 0.14975
0.31140 0.80941
0.81697 0.43516
0.45437 0.20165
0.85117 0.46175
0.90913 0.05703
0.26044 0.41869
0.75353 0.68444
0.91854 0.84879
0.66258 0.70488
0.86109 0.86282
0.81325 0.35635
0.36229 0.87151
0.35286 0.39697
0.16590 0.43203
0.37408 0.47290
0.91070 0.00273
0.02886 0.16300
0.59098 0.95382
0.57563 0.84816
0.06230 0.08072
0.86606 0.19412
0.56459 0.33028
0.46984 0.60944
0.25962 0.68432
0.66703 0.57881
0.08021 0.99947
0.26258 0.70354
0.70893 0.55596
0.13604 0.75537
0.73992 0.93584
0.40793 0.17260
0.18231 0.73345
0.73055 0.19537
0.49019 0.01059
0.43143 0.33860
0.02395 0.42522
0.19679 0.67901
0.18706 0.65905
0.30049 0.81257
0.76392 0.06269
0.94611 0.41753
0.59319 0.41237
0.64335 0.45590
0.45210 0.12951
0.65500 0.70697
0.49465 0.07401
0.57043 0.90077
0.13327 0.53023
0.66326 0.39659
0.59638 0.75365
0.73117 0.67187
0.38546 0.66529
0.34086 0.48009
0.53600 0.18843
0.77347 0.75854
0.67031 0.85104
0.00856 0.37345
0.72346 0.04557
0.05207 0.56394
0.66896 0.98070
0.39700 0.30463
0.85198 0.31493
0.62001 0.87539
0.10984 0.16191
0.23842 0.27039
0.96903 0.84215
0.88931 0.35272
0.24833 0.43823
0.88183 0.38506
0.31794 0.85140
0.98622 0.86788
0.16141 0.48987
0.23985 0.07841
0.24067 0.37158
0.52978 0.24356
0.84863 0.70276
0.20458 0.60286
0.03932 0.53716
0.50223 0.38742
0.27374 0.24824
0.48175 0.20548
0.21050 0.23683
0.48455 0.71186
0.05716 0.96634
0.96393 0.53064
0.73940 0.48879
0.68255 0.09345
0.74948 0.31763
0.35952 0.25730
0.34734 0.68590
0.64531 0.52505
0.35208 0.90049
0.16955 0.31272
0.50031 0.56004
0.15552 0.47072
0.53216 0.33284
0.07930 0.84283
0.10560 0.19992
0.92895 0.93315
0.95016 0.71202
0.15135 0.34799
0.09118 0.31418
0.27160 0.86650
0.86265 0.44168
0.45991 0.15233
0.98183 0.57271
0.62714 0.69258
0.88506 0.34620
0.26756 0.68791
0.06253 0.23264
0.91097 0.79189
0.02982 0.02500
0.78710 0.91599
0.48071 0.22114
0.44722 0.65708
0.86650 0.24202
0.74979 0.17226
0.34157 0.65067
0.19241 0.83033
0.60820 0.34830
0.41481 0.14599
0.28612 0.40640
0.61499 0.95806
0.68550 0.61058
0.27452 0.69889
0.40604 0.62234
0.17581 0.25154
0.78039 0.70240
0.35756 0.71801
0.44201 0.17364
0.88285 0.80737
0.09973 0.94720
0.08699 0.76242
0.23910 0.46567
0.77542 0.60032
0.48045 0.45970
0.48698 0.56103
0.30805 0.87309
0.31571 0.19673
0.32916 0.63766
0.56139 0.63663
0.44989 0.22193
0.67056 0.45433
0.93852 0.79652
0.63343 0.84095
0.53730 0.43995
0.58598 0.21192
0.23464 0.89292
0.45622 0.32373
0.26082 0.57275
0.36139 0.67190
0.39368 0.17654
0.63844 0.03386
0.26918 0.79917
0.90398 0.83022
0.66946 0.06384
0.11740 0.76924
0.14015 0.29375
0.34093 0.55259
0.52447 0.29623
0.46579 0.69638
0.24949 0.10443
0.54688 0.25698
0.44965 0.47305
0.01172 0.52254
0.20254 0.64573
0.37798 0.99526
0.46488 0.27232
0.52679 0.50102
0.20490 0.47154
0.09751 0.60082
0.62219 0.12913
0.60974 0.99234
0.81496 0.95675
0.34414 0.32764
0.91373 0.43218
0.48412 0.98649
0.09802 0.87229
0.81242 0.33966
0.49979 0.76832
0.71262 0.52084
0.09847 0.52547
0.51529 0.99781
0.06939 0.37342
0.79723 0.24678
0.89070 0.14144
0.85488 0.09362
0.32633 0.42138
0.93843 0.10241
0.66580 0.45496
0.74019 0.65214
0.01057 0.56270
0.34243 0.85686
0.56924 0.95741
0.91173 0.69262
0.54092 0.75684
0.53960 0.13906
0.23878 0.90273
0.67029 0.24963
0.65438 0.26165
0.72380 0.67426
0.26752 0.26293
0.81831 0.97138
0.11053 0.81469
0.35838 0.45535
0.95968 0.53590
0.12955 0.35038
0.18529 0.98104
0.65152 0.52294
0.24036 0.58135
0.57827 0.26409
0.71517 0.83218
0.40350 0.76361
0.62015 0.54495
0.84885 0.13881
0.96888 0.85026
0.52926 0.57628
0.73808 0.52689
0.54839 0.92662
0.52473 0.37026
0.29694 0.17579
0.42616 0.38368
0.91076 0.58171
0.73451 0.89248
0.14861 0.28963
0.42786 0.81006
0.02366 0.29426
0.07827 0.78541
0.08788 0.94526
0.06234 0.22222
0.78965 0.99859
0.32513 0.24990
0.31410 0.75329
0.87581 0.00972
0.79885 0.19252
0.23234 0.51275
0.44670 0.86879
0.56572 0.02150
0.45638 0.27411
0.90874 0.57610
0.34496 0.60056
0.90319 0.35802
0.77461 0.60106
0.01666 0.43118
0.50555 0.10878
0.44676 0.61711
0.81187 0.54066
0.41875 0.03475
0.65539 0.60502
0.59546 0.32709
0.36394 0.34711
0.21850 0.52371
0.75984 0.83919
0.47666 0.78573
0.57145 0.78923
0.80217 0.14924
0.83420 0.43621
0.41433 0.81462
0.58249 0.85571
0.59525 0.33656
0.29000 0.05004
0.50400 0.86174
0.50025 0.06880
0.94295 0.49943
0.55092 0.66435
0.83706 0.61639
0.41084 0.35293
0.39404 0.98314
0.44989 0.37291
0.65327 0.10041
0.37052 0.16847
0.10084 0.54644
0.54718 0.62930
0.95643 0.06327
0.78738 0.38800
0.68771 0.12672
0.57114 0.08371
0.46289 0.64232
0.73594 0.56511
0.23587 0.59721
0.09896 0.62657
0.20143 0.64849
0.01073 0.06612
0.15452 0.69610
0.42594 0.77316
0.01205 0.98959
0.80030 0.83325
0.75541 0.33614
0.28308 0.58549
0.26396 0.77918
0.34028 0.72037
0.26812 0.96040
0.73746 0.40974
0.38881 0.44848
0.04405 0.77968
0.97568 0.73011
0.76221 0.39535
0.61184 0.88962
0.08469 0.13586
0.01379 0.70725
0.51559 0.35830
0.54948 0.24346
0.28031 0.43744
0.29548 0.02429
0.09809 0.63234
0.40683 0.68153
0.63365 0.18231
0.11525 0.41642
0.61268 0.43238
0.39396 0.64050
0.85092 0.24044
0.71556 0.47449
0.46233 0.65440
0.27952 0.34203
0.37411 0.88211
0.82643 0.54275
0.18569 0.71119
0.45648 0.56144
0.77067 0.69921
0.72460 0.16863
0.25777 0.10654
0.61188 0.75708
0.06720 0.32615
0.41798 0.34646
0.39953 0.66049
0.34123 0.56645
0.93866 0.34560
0.83430 0.77028
0.15086 0.68722
0.19009 0.46220
0.21503 0.53166
0.81847 0.42056
0.45986 0.79547
0.64137 0.14910
0.05425 0.13384
0.53208 0.28886
0.00259 0.13356
0.61209 0.44827
0.91691 0.34456
0.86981 0.80537
0.52849 0.64341
0.73548 0.65485
0.31100 0.84395
0.21685 0.12666
0.85775 0.36963
0.56550 0.98784
0.75467 0.94179
0.71448 0.79929
0.79798 0.09971
0.21025 0.06386
0.16421 0.06377
0.19679 0.96146
0.48005 0.48199
0.22066 0.13833
0.31669 0.13195
0.70874 0.85553
0.71723 0.95163
0.54652 0.59400
0.27727 0.96829
0.40449 0.56678
0.85383 0.79818
0.21420 0.41186
0.21165 0.18440
0.84405 0.62222
0.68326 0.74993
0.17625 0.96496
0.73839 0.79878
0.20839 0.49052
0.99094 0.24038
0.48596 0.82527
0.03574 0.79415
0.35713 0.99647
0.51964 0.48347
0.08211 0.94981
0.84091 0.22018
0.84122 0.56751
0.81027 0.60847
0.64650 0.74195
0.18340 0.95299
0.19780 0.50267
0.13422 0.35617
0.90221 0.91037
0.27887 0.76517
0.21815 0.11722
0.44606 0.11694
0.89137 0.90431
0.87479 0.65843
0.65958 0.06521
0.40674 0.55804
0.16116 0.94674
0.74523 0.37436
0.46977 0.52310
0.07794 0.30837
0.38539 0.45262
0.70639 0.68022
0.63553 0.96291
0.18755 0.94560
0.50203 0.81449
0.25314 0.71952
0.10286 0.23210
0.42714 0.10671
0.72920 0.13169
0.45529 0.54593
0.50890 0.21115
0.33867 0.33985
0.73638 0.50797
0.82487 0.74054
0.99852 0.73635
0.56121 0.05395
0.99696 0.51499
0.74604 0.67620
0.29343 0.50683
0.94105 0.94634
0.74457 0.55768
0.69145 0.21314
0.00669 0.59164
0.35401 0.42914
0.90723 0.16360
0.52227 0.79783
0.41399 0.53965
0.72056 0.20338
0.58297 0.78773
0.18152 0.70550
0.87976 0.65847
0.29576 0.51835
0.44905 0.27298
0.89436 0.54722
0.53866 0.26044
0.36314 0.06683
0.64433 0.17506
0.05538 0.93713
0.16830 0.32563
0.18157 0.18152
0.22801 0.81334
0.23569 0.82199
0.10831 0.39104
0.90305 0.10084
0.85386 0.86442
0.26435 0.39637
0.08388 0.96303
0.74909 0.71301
0.21302 0.63145
0.50679 0.88691
0.71597 0.55556
