0.35446 0.62938
0.24401 0.36768
0.35172 0.53099
0.66423 0.20720
0.72928 0.05299
0.80167 0.88155
0.66922 0.63303
0.35412 0.53933
0.89257 0.87392
0.03750 0.97176
0.63828 0.46057
0.21583 0.35360
0.69229 0.11616
0.04612 0.15812
0.14386 0.82790
0.10985 0.04294
0.64439 0.69592
0.67476 0.65556
0.28848 0.06661
0.94976 0.32932
0.46468 0.93452
0.74055 0.17906
0.44365 0.99430
0.36562 0.84586
0.76965 0.41915
0.55139 0.67258
0.44361 0.04706
0.09472 0.63922
0.89291 0.09219
0.03103 0.14849
0.28396 0.66100
0.51190 0.66532
0.08118 0.61595
0.79246 0.11375
0.79662 0.26400
0.72001 0.53587
0.18547 0.14659
0.93610 0.06575
0.04415 0.97906
0.40038 0.03882
0.39770 0.92499
0.63026 0.58511
0.47956 0.93517
0.19415 0.71661
0.16517 0.21474
0.28987 0.01148
0.99276 0.05570
0.62652 0.53625
0.81387 0.45707
0.50345 0.08444
0.54491 0.62973
0.89887 0.60494
0.88664 0.70858
0.57090 0.35022
0.69234 0.36966
0.50241 0.78435
0.88503 0.87694
0.48924 0.83178
0.52878 0.19912
0.38809 0.80422
0.98190 0.19615
0.82258 0.00062
0.33242 0.61555
0.13129 0.49289
0.84994 0.12349
0.15281 0.30238
0.64895 0.38571
0.29529 0.08576
0.44721 0.93355
0.00955 0.76230
0.79709 0.53818
0.17933 0.50553
0.07542 0.87119
0.32878 0.88401
0.37914 0.08081
0.78021 0.57171
0.26485 0.48998
0.66657 0.77279
0.93525 0.74576
0.55665 0.90319
0.20825 0.53037
0.36295 0.59506
0.17740 0.01796
0.31473 0.45899
0.24715 0.65485
0.52958 0.28276
0.56019 0.16997
0.98454 0.03586
0.95484 0.67547
0.35200 0.19820
0.29016 0.19686
0.02607 0.90324
0.29508 0.14414
0.22160 0.61166
0.37964 0.73843
0.93948 0.69177
0.29166 0.42737
0.84968 0.67465
0.43544 0.88068
0.97272 0.58188
0.96627 0.42395
0.53330 0.17524
0.92544 0.19672
0.91417 0.29156
0.51574 0.88433
0.06568 0.17149
0.02412 0.20582
0.25318 0.18679
0.14495 0.96113
0.70030 0.15167
0.05506 0.46595
0.32016 0.50044
0.54579 0.70159
0.54471 0.87953
0.74178 0.15828
0.14883 0.75892
0.02164 0.51407
0.54273 0.64507
0.41874 0.70781
0.45322 0.71834
0.82330 0.62249
0.14815 0.64821
0.20320 0.39748
0.91144 0.50297
0.89537 0.60560
0.31621 0.20405
0.85930 0.61677
0.26763 0.34729
0.40645 0.48321
0.26815 0.64209
0.32572 0.94285
0.17480 0.94502
0.11400 0.25946
0.31760 0.98565
0.00978 0.14780
0.90372 0.86081
0.63561 0.43708
0.67386 0.33156
0.71452 0.78380
0.42255 0.22370
0.36357 0.17394
0.58548 0.81344
0.55419 0.80659
0.37529 0.64521
0.75351 0.91609
0.15973 0.05135
0.13606 0.83335
0.92908 0.34361
0.59662 0.05637
0.45627 0.61699
0.19535 0.48772
0.81410 0.55891
0.76397 0.60694
0.23918 0.47061
0.97418 0.78197
0.92478 0.33780
0.57221 0.68067
0.30275 0.34625
0.04635 0.25314
0.13581 0.16881
0.77850 0.20396
0.39613 0.20261
0.71606 0.84312
0.77357 0.46359
0.65913 0.66767
0.82261 0.07605
0.05522 0.38640
0.95071 0.44512
0.24768 0.72092
0.07423 0.14440
0.71055 0.10496
0.80461 0.47773
0.94308 0.14818
0.95667 0.17552
0.82981 0.29956
0.41820 0.26936
0.78376 0.85929
0.53904 0.40435
0.91526 0.50697
0.25550 0.34790
0.91630 0.07005
0.09220 0.75090
0.62267 0.35791
0.68160 0.94589
0.07521 0.61856
0.84859 0.01080
0.29333 0.49272
0.14539 0.46504
0.01671 0.62541
0.45358 0.46156
0.91316 0.71104
0.73850 0.73973
0.23466 0.26598
0.27392 0.15469
0.19008 0.87411
0.06557 0.17906
0.97586 0.23177
0.37274 0.46246
0.93447 0.80587
0.31099 0.44205
0.24710 0.49939
0.79812 0.88603
0.88592 0.53906
0.11303 0.79951
0.08434 0.08111
0.45137 0.15901
0.44408 0.78707
0.58808 0.26052
0.15097 0.58686
0.79978 0.35167
0.14637 0.01185
0.16574 0.18392
0.75096 0.82398
0.90252 0.27857
0.35046 0.44942
0.01570 0.76450
0.05833 0.38871
0.25075 0.93567
0.14173 0.72899
0.63527 0.27049
0.22503 0.10384
0.04695 0.21519
0.76398 0.50341
0.43137 0.41032
0.06443 0.95459
0.56572 0.01680
0.29680 0.19720
0.70429 0.52533
0.80581 0.18047
0.49671 0.64674
0.32626 0.16777
0.72938 0.71613
0.28501 0.62319
0.05664 0.76158
0.35546 0.95305
0.04338 0.19379
0.90730 0.95885
0.11758 0.98593
0.09778 0.17531
0.79182 0.21296
0.31411 0.84613
0.35739 0.09065
0.32366 0.74793
0.55345 0.22412
0.96886 0.10647
0.54108 0.66205
0.92006 0.08632
0.58412 0.28141
0.79658 0.83414
0.18360 0.17687
0.94480 0.36510
0.95623 0.82210
0.49621 0.78750
0.43439 0.67865
0.97069 0.48447
0.95796 0.01757
0.52149 0.71295
0.31969 0.58740
0.78636 0.37446
0.67740 0.45206
0.03223 0.01015
0.31896 0.23549
0.88580 0.89590
0.25671 0.46418
0.21608 0.93007
0.21845 0.09576
0.32981 0.91350
0.72472 0.78847
0.87888 0.52967
0.97893 0.16259
0.68188 0.77522
0.11797 0.73962
0.76226 0.70944
0.15947 0.06226
0.00543 0.53112
0.89408 0.26859
0.53008 0.99183
0.27415 0.68425
0.01622 0.58045
0.34079 0.27596
0.86879 0.55425
0.22968 0.13488
0.60443 0.39848
0.85549 0.61911
0.46873 0.47225
0.79832 0.98476
0.26958 0.88170
0.42840 0.62265
0.00351 0.57077
0.92629 0.05907
0.68927 0.99289
0.15989 0.16066
0.06189 0.13359
0.59167 0.44374
0.73859 0.18214
0.68134 0.44571
0.98291 0.73452
0.45941 0.55266
0.72513 0.95161
0.26780 0.52324
0.59662 0.14515
0.82636 0.22338
0.80864 0.95058
0.48740 0.98876
0.89366 0.21939
0.82341 0.15189
0.04966 0.84869
0.62243 0.87916
0.78592 0.61488
0.04792 0.16681
0.40526 0.05612
0.77894 0.63685
0.04583 0.30832
0.41197 0.86254
0.24737 0.83920
0.28613 0.99241
0.52300 0.66134
0.40480 0.97256
0.03013 0.63287
0.59008 0.76248
0.56084 0.11121
0.57778 0.17250
0.11354 0.78021
0.34539 0.16823
0.79044 0.95250
0.90734 0.58553
0.50032 0.74794
0.16180 0.91075
0.37623 0.74421
0.50991 0.45149
0.63234 0.17709
0.82657 0.18945
0.94921 0.97965
0.16392 0.88031
0.76395 0.17736
0.78474 0.28110
0.75739 0.10114
0.95851 0.53857
0.32223 0.63320
0.95938 0.20548
0.78022 0.48970
0.70767 0.47870
0.09446 0.67830
0.39217 0.15771
0.35400 0.08700
0.00969 0.29909
0.63271 0.80906
0.09819 0.89546
0.55005 0.25913
0.78469 0.91572
0.31513 0.72718
0.38960 0.36353
0.19064 0.47030
0.21310 0.54595
0.40874 0.65696
0.87952 0.51775
0.89537 0.59081
0.33074 0.10816
0.82741 0.66975
0.95855 0.96675
0.30840 0.23027
0.57547 0.23343
0.58245 0.64422
0.41563 0.70772
0.07790 0.84344
0.32500 0.12572
0.95411 0.05398
0.34145 0.93990
0.15356 0.45773
0.01364 0.71551
0.06344 0.85827
0.13521 0.71116
0.63163 0.73653
0.58001 0.95647
0.21677 0.01697
0.28981 0.49199
0.89105 0.06548
0.76059 0.14522
0.88844 0.23092
0.39932 0.31726
0.10365 0.29464
0.11620 0.09884
0.31730 0.91847
0.80903 0.19380
0.06347 0.74060
0.06172 0.61156
0.43282 0.14709
0.39569 0.57101
0.36270 0.60612
0.30807 0.86501
0.27313 0.63302
0.62140 0.73731
0.83101 0.15686
0.07385 0.72592
0.27923 0.00671
0.41802 0.71724
0.40373 0.92405
0.36275 0.70446
0.37101 0.30828
0.47015 0.01120
0.60888 0.20295
0.02645 0.72495
0.38742 0.29070
0.86740 0.07416
0.74740 0.70772
0.95001 0.06171
0.20520 0.69599
0.83352 0.50598
0.25349 0.52622
0.03003 0.63976
0.11755 0.97389
0.95460 0.43394
0.58364 0.08220
0.20090 0.51444
0.15611 0.16375
0.11148 0.74756
0.46358 0.42308
0.22859 0.91968
0.18856 0.77560
0.96386 0.97028
0.61122 0.21890
0.95861 0.45618
0.75049 0.23201
0.18102 0.58048
0.88607 0.85691
0.58474 0.92690
0.23872 0.34078
0.90516 0.58986
0.63815 0.65346
0.04523 0.20354
0.60433 0.21191
0.02237 0.85228
0.59843 0.21139
0.78993 0.49913
0.51596 0.08541
0.18789 0.40130
0.48803 0.39729
0.64689 0.43004
0.74370 0.19334
0.33608 0.94989
0.05479 0.54219
0.70363 0.76892
0.45870 0.30246
0.51617 0.01870
0.15189 0.55962
0.83305 0.16619
0.47447 0.32795
0.82844 0.58324
0.43194 0.65803
0.83931 0.07172
0.72617 0.99966
0.41229 0.26640
0.47782 0.34586
0.36928 0.05042
0.82535 0.87424
0.24553 0.97569
0.74450 0.16476
0.06273 0.43470
0.55904 0.12747
0.59278 0.05034
0.01139 0.55509
0.84638 0.66040
0.58988 0.09980
0.55833 0.86376
0.68530 0.71963
0.77614 0.99958
0.09933 0.27714
0.47176 0.48941
0.67603 0.69992
0.87622 0.51071
0.06067 0.57950
0.38368 0.71808
0.93566 0.75130
0.66643 0.89385
0.43239 0.91320
0.19158 0.58321
0.97280 0.98705
0.67529 0.67824
0.65776 0.99638
0.66904 0.80573
0.86589 0.24299
0.60442 0.09641
0.75500 0.81284
0.74038 0.59704
0.64733 0.12499
0.28776 0.75536
0.11234 0.53355
0.84492 0.54608
0.56877 0.33955
0.20684 0.04778
0.09565 0.58690
0.95226 0.51484
0.65302 0.30929
0.56019 0.71289
0.34491 0.47284
0.37005 0.45211
0.05386 0.62054
0.09180 0.70843
0.72513 0.95464
0.27739 0.79214
0.03911 0.17383
0.23511 0.00570
0.58813 0.82699
0.95503 0.38459
0.43949 0.17465
0.52504 0.44789
0.22905 0.54139
0.71771 0.28403
0.23186 0.48067
0.95623 0.92901
0.51657 0.36950
0.43287 0.29549
0.32688 0.13188
0.98566 0.44965
0.87076 0.08262
0.81005 0.41098
0.50910 0.91633
0.74930 0.08153
0.94447 0.27240
0.19951 0.38809
0.72838 0.08597
0.74799 0.59213
0.91031 0.70738
0.47231 0.69881
0.64769 0.90609
0.72453 0.27701
0.07659 0.61656
0.07954 0.15986
0.70523 0.85313
0.14308 0.69558
0.58846 0.39902
0.68861 0.00721
0.01779 0.92110
0.83163 0.19260
0.13278 0.98896
0.81124 0.40704
0.44688 0.07836
0.22717 0.72773
0.60459 0.50119
0.74806 0.45964
0.97161 0.56563
0.70638 0.68380
0.37820 0.51103
0.29188 0.84860
0.35109 0.66900
0.18994 0.69356
0.08500 0.55156
0.41204 0.21490
0.13445 0.89648
0.86320 0.84737
0.76123 0.85028
0.06780 0.42098
0.22757 0.40577
0.86657 0.03977
0.54523 0.10340
0.48621 0.40372
0.38908 0.47347
0.96240 0.84783
0.50918 0.62653
0.71891 0.97836
0.07517 0.33260
0.04320 0.35606
0.33566 0.71064
0.02235 0.31035
0.03624 0.02947
0.02656 0.20047
0.23918 0.60393
0.22810 0.37511
0.32278 0.98911
0.01508 0.42263
0.55423 0.20786
0.81606 0.20087
0.60050 0.88477
0.84301 0.74378
0.24562 0.54459
0.22652 0.74731
0.46305 0.52170
0.07583 0.30148
0.72035 0.93156
0.43275 0.05946
0.61972 0.28497
0.07971 0.05291
0.33220 0.24162
0.01332 0.20164
0.02416 0.00947
0.41998 0.36426
0.32515 0.17644
0.05618 0.97538
0.08301 0.96605
0.49828 0.83475
0.45340 0.26525
0.84314 0.71673
0.64282 0.45179
0.41779 0.07454
0.22367 0.23423
0.99778 0.33153
0.47100 0.76942
0.37318 0.27521
0.22511 0.44882
0.66380 0.43175
0.07581 0.21110
0.35743 0.16597
0.04858 0.55543
0.02857 0.38198
0.86261 0.15298
0.26017 0.13697
0.36521 0.61034
0.97360 0.37057
0.44827 0.83091
0.24380 0.65290
0.50377 0.22289
0.76299 0.97814
0.33056 0.46248
0.34996 0.76074
0.85541 0.96148
0.04275 0.87623
0.09901 0.89527
0.00248 0.30654
0.95172 0.80612
0.07945 0.86332
0.70577 0.75270
0.57743 0.57795
0.43664 0.33895
0.12274 0.78712
0.94241 0.83776
0.20439 0.58152
0.54141 0.76335
0.40295 0.21467
0.34262 0.66477
0.01706 0.58049
0.19027 0.41351
0.64304 0.12153
0.59442 0.12075
0.17466 0.61647
0.61762 0.83663
0.64317 0.69131
0.38989 0.37570
0.30175 0.93803
0.25446 0.45542
0.85371 0.97651
0.75287 0.62413
0.68007 0.01648
0.66536 0.93107
0.39426 0.25189
0.66958 0.39820
0.11844 0.29472
0.45135 0.44694
0.93919 0.43558
0.40272 0.00979
0.67658 0.91394
0.09110 0.66342
0.93385 0.51308
0.33008 0.09897
0.54265 0.04537
0.45733 0.36950
0.36314 0.30480
0.46177 0.64080
0.48955 0.06595
0.41214 0.45594
0.71607 0.10686
0.87899 0.64360
0.20262 0.95524
0.71401 0.56635
0.19850 0.70600
0.56495 0.10102
0.22089 0.10587
0.56535 0.18571
0.33523 0.99860
0.44924 0.86221
0.71329 0.65732
0.50130 0.44532
0.50987 0.30296
0.19361 0.98605
0.80053 0.83929
0.10892 0.88876
0.12748 0.50550
0.38987 0.88062
0.34875 0.65541
0.27948 0.29229
0.53454 0.87597
0.75672 0.65925
0.27711 0.99298
0.41537 0.60866
0.64986 0.36030
0.75119 0.10340
0.87630 0.43081
0.43062 0.82822
0.90307 0.96752
0.51802 0.41795
0.43803 0.60372
0.12526 0.59525
0.13505 0.47810
0.99899 0.05933
0.81703 0.86728
0.23784 0.47060
0.57881 0.31050
0.85124 0.80216
0.40873 0.64493
0.38409 0.06909
0.41132 0.19565
0.50621 0.35273
0.14280 0.21681
0.46480 0.27322
0.45121 0.02482
0.48008 0.41168
0.80553 0.36458
0.61550 0.56376
0.06795 0.45190
0.50514 0.76053
0.62616 0.36171
0.35694 0.35587
0.45488 0.03967
0.00906 0.15218
0.20962 0.48394
0.77597 0.32887
0.70118 0.67070
0.14344 0.71211
0.40852 0.53828
0.77715 0.80725
0.45882 0.00795
0.41585 0.08125
0.17004 0.50155
0.19340 0.36063
0.60846 0.73207
0.67439 0.72056
0.36483 0.35100
0.77486 0.51048
0.78603 0.73987
0.86139 0.80198
0.33547 0.32850
0.60157 0.36836
0.29840 0.53556
0.75580 0.31101
0.98417 0.65709
0.26772 0.87184
0.32740 0.15492
0.99829 0.84129
0.43531 0.01997
0.69907 0.38332
0.15309 0.51788
0.99519 0.95907
0.15945 0.96526
0.54964 0.05101
0.80483 0.99128
0.80338 0.84318
0.14040 0.48697
0.77096 0.41427
0.95015 0.55530
0.03326 0.30859
0.16970 0.21577
0.64629 0.82424
0.77473 0.49110
0.39010 0.55837
0.24216 0.94649
0.05673 0.48218
0.62782 0.15455
0.45336 0.83469
0.64701 0.64032
0.27967 0.93754
0.69252 0.33915
0.67003 0.98431
0.80734 0.41737
0.65221 0.53321
0.84755 0.00594
0.52497 0.77748
0.47319 0.84067
0.19294 0.79674
0.95435 0.57666
0.45690 0.81397
0.51568 0.07225
0.36678 0.88693
0.20083 0.96981
0.80722 0.08191
0.69754 0.67175
0.26329 0.31117
0.61699 0.93128
0.80907 0.32984
0.24341 0.53042
0.81353 0.20137
0.79951 0.48192
0.47876 0.15765
0.72512 0.63386
0.70040 0.61812
0.13286 0.91978
0.28590 0.97866
0.75886 0.86517
0.78848 0.83024
0.73697 0.13686
0.13515 0.56869
0.59838 0.48702
0.54523 0.05411
0.78564 0.15701
0.69770 0.16161
0.50034 0.14636
0.62775 0.96310
0.27213 0.42487
0.01762 0.50390
0.61890 0.09996
0.69050 0.52136
0.67940 0.03985
0.18016 0.29748
0.02202 0.36720
0.46099 0.23988
0.03388 0.47356
0.61978 0.88024
0.45429 0.12001
0.18920 0.25644
0.87555 0.52087
0.13792 0.32876
0.63909 0.03705
0.30579 0.36476
0.97288 0.77040
0.15127 0.20421
0.99529 0.34473
0.97804 0.57413
0.05631 0.97051
0.81305 0.84198
0.69555 0.36410
0.00225 0.66517
0.37395 0.35944
0.23872 0.34494
0.31421 0.34269
0.17056 0.68457
0.68628 0.95506
0.90424 0.97390
0.60432 0.34068
0.95793 0.00249
0.06322 0.69399
0.54288 0.38893
0.36951 0.49695
0.98958 0.93263
0.37338 0.05112
0.77585 0.06148
0.17034 0.85949
0.54169 0.43007
0.28071 0.49562
0.73646 0.32884
0.28619 0.63374
0.53709 0.86932
0.82546 0.48962
0.20482 0.02761
0.75733 0.18622
0.88587 0.92924
0.28620 0.08377
0.18201 0.98262
0.43670 0.86030
0.26799 0.01612
0.01204 0.02957
0.74397 0.24298
0.37833 0.50549
0.18780 0.12314
0.02345 0.16061
0.66930 0.93767
0.07720 0.74893
0.24511 0.26710
0.28627 0.47700
0.65866 0.20480
0.72738 0.54019
0.71335 0.01684
0.01970 0.84696
0.71389 0.21853
0.59310 0.56579
0.15454 0.14460
0.72602 0.45414
0.73497 0.57707
0.58068 0.13063
0.99305 0.50816
0.16669 0.09937
0.88563 0.92076
0.80327 0.31099
0.63264 0.47425
0.06977 0.91966
0.59900 0.00708
0.47524 0.54351
0.90422 0.88622
0.00446 0.88614
0.41672 0.07623
0.65933 0.05054
0.62253 0.67311
0.18292 0.03852
0.86981 0.38619
0.72812 0.92393
0.13126 0.33803
0.13988 0.22428
0.26705 0.55110
0.72012 0.44244
0.24046 0.49648
0.19083 0.03273
0.23949 0.73431
0.00370 0.71567
0.92378 0.70352
0.46200 0.44650
0.84518 0.26589
0.18209 0.94307
0.16119 0.68835
0.63378 0.03083
0.88296 0.32019
0.95621 0.82474
0.86506 0.21004
0.76300 0.45281
0.73900 0.18590
0.72117 0.36213
0.92735 0.15568
0.71921 0.32400
0.09277 0.07760
0.95914 0.84237
0.40065 0.70033
0.41996 0.75609
0.07151 0.26720
0.19173 0.55910
0.43099 0.11964
0.76840 0.74834
0.84051 0.70653
0.23394 0.53352
0.59626 0.09199
0.54867 0.36653
0.03356 0.67188
0.78616 0.88943
0.48114 0.44282
0.77788 0.44752
0.84849 0.20988
0.17512 0.24360
0.75127 0.75045
0.54447 0.43115
0.07397 0.45543
0.37977 0.77145
0.84211 0.61920
0.49312 0.86541
0.72258 0.64097
0.87402 0.68334
0.97486 0.51378
0.44116 0.08222
0.71819 0.68436
0.24034 0.18565
0.11831 0.10666
0.05786 0.16635
0.01217 0.54563
0.11248 0.33529
0.38641 0.09591
0.94539 0.27176
0.08633 0.94103
0.71062 0.74094
0.58844 0.40516
0.57827 0.44776
0.96136 0.01849
0.67901 0.04842
0.40190 0.82072
0.18766 0.01526
0.50221 0.69413
0.59410 0.07801
0.06110 0.86977
0.10528 0.40013
0.96994 0.88696
0.81855 0.32223
0.30985 0.65184
0.70099 0.17876
0.48416 0.51948
0.87638 0.94367
0.30321 0.68699
0.97854 0.33985
0.17078 0.74550
0.13793 0.73420
0.81578 0.41386
0.57629 0.62256
0.99279 0.97154
0.37295 0.07742
0.98726 0.62513
0.56312 0.03521
0.85520 0.51877
0.21640 0.88119
0.18616 0.47758
0.63118 0.87752
0.66214 0.15177
0.12023 0.79161
0.86917 0.43295
0.48908 0.65632
0.06248 0.58188
0.00978 0.79022
0.62507 0.89602
0.05649 0.83188
0.15793 0.04177
0.56528 0.85360
0.68569 0.79400
0.75445 0.08313
0.23620 0.20447
0.25340 0.28494
0.60025 0.98768
0.49184 0.62960
0.51288 0.95465
0.56743 0.23446
0.33512 0.74762
0.23858 0.26858
0.55138 0.27789
0.36526 0.97599
0.29939 0.72851
0.60654 0.28872
0.31859 0.10306
0.62137 0.06229
0.56610 0.19656
0.09108 0.33730
0.75812 0.16491
0.38671 0.56797
0.30415 0.47119
0.83065 0.90327
0.00136 0.18746
0.60977 0.95736
0.28411 0.80988
0.67869 0.11870
0.68079 0.40543
0.37073 0.02519
0.79170 0.08439
0.77524 0.42136
0.68737 0.31299
0.03426 0.45320
0.94837 0.19328
0.36065 0.52318
0.85490 0.71503
0.09119 0.94215
0.26511 0.45236
0.99774 0.54892
0.46954 0.03546
0.22597 0.49495
0.37438 0.95093
0.57642 0.57775
0.54238 0.19244
0.03245 0.54035
0.12376 0.68771
0.45401 0.97446
0.70015 0.53915
0.91984 0.53595
0.95153 0.76437
0.55191 0.83307
0.87267 0.13804
0.76501 0.99973
0.31444 0.98858
0.15128 0.39856
0.37866 0.17921
0.18569 0.24265
0.87421 0.05490
0.59008 0.10710
0.33718 0.44498
0.97468 0.66988
0.98266 0.39377
0.77324 0.55599
0.44446 0.05580
0.80030 0.92630
0.82521 0.00029
0.48181 0.78603
0.84819 0.24556
0.06509 0.31240
0.19586 0.40958
0.39676 0.96092
0.92563 0.08473
0.03094 0.10663
0.35088 0.56908
0.06043 0.29051
0.01165 0.19822
0.77427 0.83918
0.82912 0.61828
0.00919 0.40718
0.88800 0.44092
0.43789 0.54126
0.63897 0.52060
0.95512 0.21795
0.39922 0.23000
0.81105 0.80100
0.42543 0.05576
0.94589 0.09592
0.89790 0.99944
0.96065 0.83936
0.97353 0.03514
0.75809 0.77872
0.52426 0.65087
0.23204 0.71094
0.58811 0.87451
0.67673 0.75027
0.13233 0.12637
0.06879 0.68061
0.12909 0.33200
0.71667 0.64529
0.58263 0.92169
0.57404 0.10060
0.96924 0.22076
0.89126 0.89986
0.03228 0.64331
0.52131 0.33627
0.04449 0.32263
0.96144 0.01504
0.36276 0.70307
0.66163 0.68359
0.46839 0.24949
0.58707 0.58228
0.67007 0.66225
0.34236 0.11034
0.27507 0.54197
0.88527 0.06584
0.29816 0.15245
0.33802 0.70141
0.26800 0.68770
0.11728 0.18534
0.37155 0.72916
0.29806 0.72700
0.27119 0.01439
0.87505 0.07459
0.55859 0.39860
0.50045 0.29684
0.81535 0.34077
0.44870 0.13417
0.48414 0.46887
0.42153 0.48098
0.44169 0.09738
0.93452 0.63843
0.13573 0.53240
0.96462 0.37299
0.51409 0.64784
0.51994 0.92525
0.70699 0.04302
0.82902 0.94194
0.16001 0.06714
0.76750 0.85424
0.63354 0.85762
0.15215 0.78861
0.53985 0.96342
0.00125 0.66484
0.08165 0.78696
0.59617 0.17054
0.53216 0.89285
0.36345 0.86514
0.87172 0.51209
0.59518 0.50739
0.70195 0.98106
0.15681 0.49699
0.07590 0.48409
0.81479 0.74716
0.94556 0.36237
0.16663 0.31733
0.26211 0.28817
0.37895 0.39008
0.75694 0.37576
0.53717 0.50673
0.95780 0.83251
0.99229 0.42215
0.07726 0.90769
0.15204 0.75912
0.31506 0.80222
0.94302 0.00477
0.52611 0.88604
0.26579 0.82834
0.66887 0.67440
0.60808 0.56713
0.42796 0.87622
0.08983 0.52901
0.54056 0.31849
0.06411 0.72588
0.74137 0.30569
0.26179 0.13149
0.92932 0.43348
0.59813 0.18238
0.73259 0.77079
0.23021 0.23490
0.32690 0.70698
0.27931 0.40756
0.60236 0.74072
0.72532 0.61337
0.51123 0.97562
0.96244 0.84925
0.05234 0.44505
0.38492 0.10894
0.63117 0.30916
0.01094 0.38982
0.93364 0.91184
0.15463 0.97420
0.48035 0.56689
0.43644 0.95899
0.80312 0.37698
0.13948 0.04735
0.87851 0.94933
0.58288 0.49101
0.34816 0.25159
0.23551 0.99985
0.72449 0.14209
0.29269 0.62864
0.99522 0.10687
0.47821 0.36356
0.37244 0.73187
0.55527 0.76375
0.81804 0.54118
0.19888 0.89929
0.69692 0.89697
0.14824 0.73329
0.26179 0.61913
0.99316 0.87950
0.18644 0.59606
0.15909 0.34726
0.36320 0.95512
0.56953 0.49579
0.00924 0.65127
0.52298 0.97493
0.71223 0.87962
0.07212 0.25263
0.91055 0.64810
0.89666 0.91966
0.28559 0.75251
0.00710 0.92815
0.48671 0.97516
0.06501 0.60155
0.82135 0.63163
0.32772 0.62882
0.21689 0.73687
0.50468 0.32542
0.82419 0.59040
0.34121 0.21535
0.03130 0.60937
0.01910 0.74718
0.97305 0.74599
0.87608 0.33072
0.20185 0.84632
0.40224 0.66427
0.89779 0.36133
0.47104 0.67589
0.41362 0.44591
0.32758 0.45390
0.71425 0.08395
0.73760 0.60864
0.94498 0.89879
0.65021 0.77539
0.55470 0.85955
0.43488 0.99773
0.86463 0.86583
0.43415 0.09693
0.31497 0.06637
0.87167 0.67186
0.41015 0.16488
0.90896 0.38305
0.14248 0.94287
0.18646 0.35735
0.78974 0.00940
0.99683 0.98331
0.71923 0.08483
0.49228 0.50330
0.93545 0.87313
0.52482 0.34938
0.20440 0.73596
0.87954 0.64519
0.87993 0.69993
0.67874 0.44891
0.54699 0.08589
0.42362 0.61869
0.68840 0.77717
0.42970 0.01195
0.10858 0.37407
0.29460 0.80357
0.15054 0.06362
0.35430 0.41722
0.26870 0.28869
0.62684 0.43625
0.45428 0.01832
0.03961 0.55392
0.69307 0.46720
0.69116 0.44001
0.46295 0.16781
0.44193 0.79032
0.05433 0.34028
0.64203 0.11752
0.87549 0.73831
0.95186 0.31213
0.92830 0.01447
0.49192 0.17222
0.76835 0.23294
0.25908 0.11984
0.08184 0.15165
0.37714 0.15382
0.36260 0.27936
0.60333 0.55160
0.45615 0.99352
0.49987 0.15121
0.49088 0.32154
0.06726 0.99551
0.29134 0.01677
0.25227 0.31327
0.50348 0.47130
0.62479 0.67620
0.14365 0.73848
0.38602 0.62431
0.22341 0.41713
0.93417 0.04909
0.10293 0.27432
0.23449 0.33601
0.17561 0.36877
0.60438 0.75484
0.29103 0.29512
0.76124 0.18746
0.61459 0.99967
0.90801 0.77536
0.30509 0.17387
0.26722 0.41790
0.40224 0.01656
0.56182 0.48567
0.11728 0.23853
0.99389 0.06842
0.58599 0.16841
0.14901 0.59241
0.79829 0.86994
0.02310 0.91979
0.32725 0.98473
0.84480 0.10331
0.73247 0.87754
0.31715 0.02992
0.45428 0.16628
0.14095 0.89692
0.99508 0.81412
0.18808 0.73980
0.72338 0.64373
0.53746 0.76674
0.36044 0.79193
0.70380 0.83314
0.51312 0.90821
0.61578 0.19099
0.04119 0.11247
0.96347 0.70291
0.53051 0.30020
0.92449 0.10683
0.91770 0.29102
0.50969 0.16534
0.11215 0.20311
0.19715 0.34806
0.76880 0.81752
0.41849 0.48378
0.54558 0.23222
0.73252 0.60200
0.78946 0.00903
0.84161 0.01232
0.73718 0.19417
0.55009 0.03814
0.20095 0.67094
0.81481 0.77629
0.90964 0.14565
0.45154 0.04030
0.77707 0.97048
0.86420 0.91304
0.63705 0.12307
0.49723 0.68324
0.29888 0.01262
0.25543 0.66648
0.59705 0.58434
0.26606 0.41889
0.53056 0.66849
0.38028 0.19093
0.82922 0.88756
0.88427 0.09984
0.43914 0.50406
0.70762 0.51956
0.01467 0.23284
0.60478 0.68181
0.29864 0.10226
0.27511 0.57383
0.87735 0.76136
0.28961 0.60429
0.04092 0.81081
0.07871 0.81916
0.70324 0.12567
0.99576 0.53039
0.90537 0.75782
0.90133 0.55077
0.72813 0.89010
0.76044 0.28029
0.02269 0.30609
0.89982 0.78710
0.82197 0.09157
0.30177 0.00409
0.79449 0.30151
0.24557 0.75623
0.14815 0.40714
0.06662 0.12181
0.84848 0.43428
0.95109 0.47252
0.60231 0.20596
0.27207 0.20401
0.33483 0.99964
0.55731 0.53049
0.22975 0.85871
0.20966 0.68305
0.62072 0.79652
0.47860 0.28968
0.26517 0.89842
0.84384 0.05516
0.27070 0.12729
0.02793 0.22240
0.06282 0.23271
0.79381 0.38382
0.01611 0.50692
0.79857 0.01621
0.30530 0.90515
0.07805 0.62537
0.91249 0.35899
0.05682 0.48612
0.93161 0.83623
0.79028 0.82769
0.71232 0.09505
0.29049 0.64901
0.06455 0.78348
0.17289 0.99675
0.08263 0.34703
0.68507 0.26093
0.29280 0.39021
0.31555 0.05507
0.50172 0.91866
0.49432 0.83851
0.47784 0.70853
0.50043 0.83146
0.63235 0.55748
0.50828 0.67385
0.36542 0.20401
0.50720 0.30163
0.36260 0.46225
0.16237 0.08749
0.75180 0.36128
0.52738 0.66822
0.27252 0.09611
0.94908 0.53222
0.51982 0.18760
0.98153 0.76152
0.26083 0.29775
0.69158 0.01445
0.88833 0.03372
0.22566 0.33199
0.06205 0.74166
0.90876 0.01240
0.10685 0.73755
0.92433 0.86996
0.19174 0.36632
0.86268 0.67276
0.05387 0.27958
0.12270 0.76627
0.14043 0.47511
0.51062 0.00569
0.66269 0.81824
0.73654 0.32530
0.07101 0.63665
0.21302 0.94131
0.57592 0.83625
0.60837 0.83373
0.48400 0.85102
0.53433 0.40850
0.01157 0.27530
0.87452 0.86827
0.76545 0.91669
0.72579 0.06441
0.03769 0.58372
0.61507 0.65189
0.63368 0.27385
0.47838 0.76343
0.33216 0.48070
0.66815 0.06588
0.01333 0.21969
0.10900 0.85061
0.14734 0.92882
0.84197 0.25702
0.53553 0.15521
0.78399 0.20020
0.62495 0.94921
0.46389 0.27242
0.15866 0.44375
0.51939 0.23131
0.71640 0.55609
0.08865 0.40418
0.86718 0.95216
0.99836 0.78486
0.51908 0.01377
0.96226 0.35819
0.59334 0.98037
0.29597 0.66594
0.17825 0.39808
0.55857 0.03981
0.92043 0.44338
0.70071 0.22646
0.99042 0.00799
0.69925 0.44962
0.17331 0.12822
0.58745 0.80034
0.89914 0.63994
0.26010 0.53103
0.65348 0.97444
0.80716 0.92134
0.56327 0.51656
0.56270 0.21794
0.23449 0.92841
0.44949 0.17099
0.46340 0.21365
0.44035 0.55702
0.30916 0.14891
0.89942 0.32299
0.30559 0.86007
0.67944 0.50926
0.58128 0.99034
0.41882 0.81477
0.09853 0.70538
0.23449 0.24606
0.75766 0.85432
0.02145 0.92102
0.06299 0.80383
0.27985 0.59124
0.56556 0.68672
0.56966 0.98770
0.88968 0.45128
0.63741 0.38607
0.53759 0.30871
0.60376 0.69786
0.08841 0.20298
0.04751 0.78487
0.39038 0.82633
0.21159 0.27102
0.63817 0.06727
0.63029 0.43640
0.36112 0.27386
0.67807 0.81884
0.68722 0.25823
0.81553 0.39123
0.24291 0.96599
0.57024 0.44403
0.43950 0.57848
0.82472 0.16940
0.24360 0.52488
0.21296 0.25841
0.65716 0.95535
0.42664 0.97065
0.22059 0.23030
0.76140 0.67937
0.79453 0.04849
0.16854 0.07820
0.76716 0.36183
0.81393 0.31211
0.00668 0.23460
0.91069 0.91780
0.53883 0.13876
0.79206 0.09262
0.86186 0.93888
0.39931 0.20385
0.74126 0.26138
0.42622 0.47621
0.86169 0.06641
0.60535 0.25404
0.46950 0.18979
0.60945 0.61905
0.14515 0.30824
0.57497 0.53547
0.78451 0.00689
0.57925 0.76364
0.64685 0.03947
0.38969 0.56365
0.70588 0.40207
0.85340 0.30181
0.52078 0.90812
0.96038 0.83048
0.10585 0.04893
0.86875 0.77401
0.48148 0.93389
0.95491 0.40325
0.75616 0.33024
0.01654 0.93752
0.34077 0.87754
0.17728 0.92541
0.64228 0.30058
0.29574 0.87340
0.09522 0.44788
0.70265 0.89126
0.24824 0.63200
0.22308 0.69180
0.49786 0.07461
0.45198 0.65861
0.32083 0.90469
0.46435 0.09592
0.85674 0.37125
0.43820 0.83762
0.12323 0.36204
0.04595 0.92843
0.34700 0.36956
0.89551 0.04349
0.85188 0.86750
0.00058 0.80077
0.10226 0.19930
0.67207 0.98708
0.22866 0.04439
0.31968 0.91942
0.33260 0.59031
0.00062 0.79330
0.16411 0.96809
0.27520 0.81885
0.28756 0.00065
0.77808 0.10014
0.41595 0.06097
0.69666 0.69931
0.63925 0.49246
0.95020 0.53149
0.08661 0.77800
0.43229 0.42698
0.55918 0.89021
0.40041 0.24372
0.44020 0.28914
0.30465 0.30990
0.86433 0.77092
0.45542 0.35640
0.24813 0.52481
0.33381 0.88378
0.81184 0.45548
0.01663 0.28160
0.67905 0.06379
0.64068 0.46705
0.50325 0.76472
0.87345 0.10437
0.79589 0.54827
0.08558 0.79655
0.05290 0.79391
0.09924 0.79861
0.89882 0.98808
0.09998 0.89073
0.06703 0.80978
0.79324 0.76790
0.00682 0.92911
0.04459 0.34734
0.63002 0.19282
0.09215 0.92452
0.61829 0.07093
0.71395 0.98113
0.57935 0.65396
0.68730 0.85315
0.58347 0.93211
0.50933 0.06303
0.89162 0.51093
0.12249 0.81764
0.86430 0.30483
0.31539 0.11671
0.60643 0.88234
0.83009 0.77284
0.43975 0.99254
0.12315 0.04081
0.09843 0.31164
0.58216 0.04338
0.80151 0.97757
0.93216 0.77492
0.14637 0.12729
0.29413 0.00326
0.35359 0.70694
0.19116 0.01051
0.93551 0.52919
0.29120 0.21449
0.93860 0.99339
0.50740 0.90823
0.03108 0.47780
0.27911 0.28115
0.68405 0.15175
0.41755 0.30158
0.11326 0.63228
0.18440 0.51275
0.19648 0.25299
0.73693 0.87484
0.21852 0.01123
0.89450 0.58992
0.92463 0.17132
0.70493 0.36795
0.97175 0.70004
0.05483 0.41694
0.74749 0.42099
0.82926 0.04416
0.15978 0.92618
0.18355 0.32058
0.39418 0.95595
0.50433 0.15421
0.28975 0.27387
0.24360 0.50222
0.84204 0.65067
0.95399 0.14170
0.03123 0.85783
0.08211 0.04872
0.51098 0.86660
0.39640 0.52095
0.86677 0.21538
0.77891 0.59574
0.26379 0.59726
0.26624 0.15726
0.66343 0.09037
0.05533 0.50797
0.56485 0.29920
0.95509 0.17391
0.84296 0.20548
0.03823 0.11172
0.79814 0.92388
0.07061 0.04655
0.37337 0.46976
0.40400 0.86708
0.08386 0.66200
0.54650 0.18375
0.31506 0.82010
0.19873 0.38860
0.67853 0.52449
0.85286 0.48975
0.03679 0.34882
0.65499 0.21116
0.35203 0.89510
0.63413 0.72923
0.37843 0.29360
0.17792 0.80985
0.20560 0.41993
0.53419 0.36910
0.90368 0.11574
0.95404 0.22913
0.36553 0.76973
0.83960 0.91321
0.52751 0.55670
0.05430 0.43240
0.96698 0.94982
0.15541 0.79884
0.82224 0.62408
0.15279 0.03571
0.00172 0.88103
0.26192 0.51457
0.92801 0.37988
0.73403 0.90495
0.35921 0.63799
0.01957 0.16911
0.42175 0.12994
0.59399 0.31996
0.78299 0.21589
0.19178 0.23435
0.12405 0.20563
0.35166 0.99289
0.69662 0.03837
0.66830 0.20108
0.24599 0.67661
0.27617 0.91057
0.30676 0.50960
0.70788 0.79999
0.28627 0.63984
0.72569 0.37853
0.36447 0.46601
0.04354 0.34198
0.47554 0.62690
0.08292 0.09687
0.37220 0.71185
0.45002 0.45044
0.35018 0.40037
0.49542 0.36972
0.88053 0.84561
0.38734 0.54455
0.84534 0.27966
0.84589 0.67397
0.23405 0.68242
0.06160 0.47640
0.06512 0.18800
0.11454 0.29385
0.61801 0.51561
0.51648 0.90730
0.21141 0.44676
0.99937 0.58704
0.40737 0.48256
0.38379 0.13572
0.98510 0.23181
0.75810 0.60883
0.76759 0.30302
0.77757 0.47250
0.62693 0.16742
0.95530 0.43853
0.42370 0.75098
0.56491 0.69494
0.19698 0.75889
0.25947 0.32483
0.61704 0.03320
0.45173 0.46944
0.01265 0.63416
0.07765 0.72964
0.83111 0.95445
0.77418 0.46906
0.42239 0.94005
0.66600 0.14997
0.05858 0.95107
0.91181 0.62082
0.92435 0.65044
0.57182 0.02478
0.83964 0.17102
0.06667 0.55565
0.55375 0.94240
0.08142 0.96462
0.29923 0.62904
0.10292 0.73009
0.54241 0.12162
0.44010 0.22107
0.73494 0.18178
0.40309 0.02379
0.51477 0.49072
0.38285 0.13933
0.92205 0.49608
0.40260 0.32792
0.90770 0.37504
0.51303 0.88807
0.97433 0.09931
0.68986 0.40790
0.26585 0.57967
0.89999 0.58778
0.33275 0.69988
0.31281 0.44525
0.65435 0.03097
0.40821 0.19244
0.70608 0.05277
0.75648 0.26843
0.71157 0.87755
0.23157 0.45953
0.80399 0.56750
0.94966 0.23773
0.18722 0.89351
0.85396 0.36531
0.61143 0.22356
0.46707 0.58856
0.43950 0.34261
0.94272 0.11131
0.49700 0.60743
0.14433 0.98639
0.65201 0.47702
0.24768 0.05624
0.15522 0.80519
0.19540 0.21787
0.86143 0.86941
0.89790 0.15519
0.13847 0.12093
0.96490 0.10712
0.24251 0.38515
0.08303 0.05225
0.79849 0.88583
0.69335 0.10872
0.63283 0.11944
0.60582 0.00286
0.97534 0.73400
0.38231 0.77140
0.98800 0.50637
0.54878 0.74379
0.64657 0.95025
0.98041 0.10959
0.36985 0.99022
0.14889 0.36164
0.32124 0.53623
0.69601 0.18716
0.14803 0.13166
0.39841 0.39358
0.22101 0.42091
0.74880 0.82510
0.56741 0.41928
0.23662 0.24729
0.29986 0.18180
0.79281 0.53475
0.34032 0.82572
0.85663 0.22181
0.51206 0.36799
0.14276 0.77379
0.53070 0.01890
0.27422 0.15381
0.54922 0.27172
0.99144 0.34117
0.87431 0.97002
0.79251 0.46134
0.42677 0.42540
0.30520 0.22500
0.60620 0.42772
0.54429 0.79253
0.55031 0.20476
0.82979 0.61568
0.83361 0.92868
0.85704 0.10601
0.65430 0.85099
0.99450 0.25007
0.85050 0.59481
0.08909 0.29111
0.78505 0.27965
0.02134 0.04148
0.20158 0.48733
0.87823 0.08556
0.07049 0.80799
0.53418 0.84503
0.04155 0.90661
0.10616 0.60668
0.09434 0.62828
0.21607 0.27580
0.50998 0.57616
0.08942 0.66913
0.54524 0.39841
0.96628 0.14030
0.25437 0.46019
0.46536 0.73788
0.48227 0.69886
0.00766 0.11061
0.50271 0.54716
0.95441 0.54413
0.99786 0.48218
0.06787 0.28022
0.18114 0.29031
0.28681 0.03660
0.99058 0.90128
0.65899 0.63197
0.21648 0.84343
0.68480 0.44078
0.94110 0.70476
0.01193 0.77388
0.93375 0.63948
0.64729 0.64049
0.83452 0.29508
0.17979 0.84470
0.04366 0.80897
0.44238 0.37252
0.97144 0.31661
0.48124 0.46230
0.50113 0.11023
0.79724 0.16664
0.44250 0.47538
0.39150 0.27063
0.39850 0.40290
0.71178 0.24222
0.73177 0.76197
0.79248 0.88110
0.93206 0.24310
0.08526 0.82121
0.10528 0.35669
0.20192 0.72359
0.21643 0.96428
0.77199 0.94140
0.07127 0.22003
0.19220 0.15279
0.17998 0.83288
0.36211 0.50779
0.76813 0.57993
0.24756 0.16251
0.83726 0.63801
0.16510 0.05839
0.93605 0.82499
0.99090 0.76680
0.37444 0.38687
0.18934 0.02783
0.79963 0.11170
0.02935 0.72774
0.94035 0.32107
0.23405 0.04971
0.27688 0.92821
0.58091 0.84331
0.59812 0.29998
0.81741 0.27209
0.80697 0.88092
0.12917 0.65205
0.60585 0.35510
0.04219 0.78698
0.59276 0.76906
0.30674 0.51240
0.89759 0.98421
0.79152 0.77533
0.11293 0.33706
0.93310 0.21553
0.10193 0.53660
0.89392 0.24013
0.14456 0.47690
0.63575 0.49661
0.28914 0.32388
0.68760 0.05867
0.30979 0.25657
0.70080 0.40015
0.86948 0.84097
0.57203 0.89755
0.29905 0.24019
0.24820 0.52519
0.08884 0.63859
0.94962 0.03415
0.29558 0.56839
0.94045 0.61106
0.38581 0.14718
0.23801 0.09433
0.16607 0.85103
0.75376 0.04684
0.23131 0.46272
0.47709 0.26198
0.85759 0.89362
0.82799 0.23808
0.66804 0.05444
0.06648 0.97325
0.71857 0.94171
0.66210 0.85415
0.20953 0.60176
0.36257 0.20962
0.19878 0.83686
0.26631 0.56229
0.89599 0.42531
0.46741 0.75240
0.59593 0.31844
0.96443 0.08079
0.03635 0.19840
0.45427 0.24633
0.97021 0.30620
0.54540 0.72114
0.91017 0.51158
0.71520 0.25001
0.70826 0.00778
0.12003 0.70669
0.70027 0.57518
0.50988 0.69968
0.42728 0.05697
0.67697 0.05954
