0.30033 0.71738
0.05738 0.38230
0.00142 0.07263
0.87662 0.39552
0.35823 0.23952
0.86697 0.95156
0.82048 0.93620
0.42543 0.95853
0.22135 0.45680
0.52663 0.17673
0.90428 0.72018
0.89603 0.39922
0.31409 0.85606
0.58535 0.23090
0.54376 0.64058
0.75074 0.85129
0.79702 0.56790
0.86968 0.42741
0.14019 0.29255
0.75174 0.38044
0.96632 0.91208
0.77492 0.31212
0.99239 0.79835
0.18612 0.09327
0.93336 0.79972
0.31032 0.90207
0.88805 0.99333
0.98587 0.21024
0.77688 0.10200
0.42679 0.31418
0.67393 0.90229
0.94880 0.25632
0.51213 0.50771
0.02894 0.71540
0.50410 0.82470
0.85290 0.47820
0.95740 0.16918
0.67212 0.52970
0.03770 0.78390
0.31647 0.43027
0.36319 0.56581
0.02343 0.18658
0.47417 0.89618
0.37391 0.95548
0.73952 0.73712
0.22125 0.53855
0.62061 0.56881
0.15460 0.89483
0.65978 0.03652
0.91462 0.84126
0.62486 0.12702
0.46132 0.40345
0.67830 0.34948
0.80213 0.64007
0.92259 0.54936
0.29286 0.00747
0.20659 0.83288
0.55488 0.26947
0.48320 0.22415
0.95637 0.56487
0.89534 0.02420
0.07870 0.76915
0.46008 0.50280
0.34601 0.69439
0.21123 0.67489
0.88871 0.51509
0.03295 0.22455
0.13844 0.36595
0.20115 0.69249
0.69319 0.27330
0.27410 0.09300
0.38868 0.15491
0.87222 0.58036
0.39859 0.45242
0.28413 0.56624
0.24513 0.58842
0.57978 0.89334
0.56324 0.00186
0.09821 0.22735
0.90323 0.01103
0.93267 0.50199
0.49160 0.31760
0.56116 0.97288
0.00060 0.59859
0.05493 0.34454
0.66177 0.10039
0.93818 0.95181
0.89743 0.41640
0.06783 0.08774
0.58662 0.58864
0.19633 0.18645
0.44956 0.91915
0.51186 0.24155
0.19009 0.97927
0.00740 0.13686
0.78127 0.48808
0.30373 0.73975
0.22812 0.42374
0.90705 0.80631
0.43431 0.81488
0.90037 0.86439
0.75870 0.44190
0.42205 0.26109
0.73506 0.30574
0.79148 0.78937
0.72132 0.41001
0.02000 0.38400
0.43945 0.63211
0.38034 0.84819
0.29818 0.45961
0.36507 0.71506
0.97493 0.38494
0.22308 0.49109
0.76349 0.71108
0.23230 0.73433
0.32896 0.99896
0.65765 0.68924
0.47419 0.57040
0.56415 0.39734
0.22691 0.12208
0.56905 0.01795
0.27510 0.42454
0.30501 0.83413
0.64812 0.07245
0.35103 0.96472
0.47039 0.80087
0.75428 0.59790
0.16320 0.08235
0.37816 0.76135
0.88658 0.29225
0.90497 0.62856
0.17460 0.74559
0.96523 0.72837
0.65376 0.64972
0.66688 0.58287
0.11637 0.99161
0.18823 0.86587
0.02656 0.18356
0.54745 0.93419
0.41095 0.90339
0.30040 0.76750
0.78683 0.87918
0.41901 0.57098
0.42507 0.20952
0.13459 0.58569
0.47501 0.26515
0.58309 0.43284
0.00802 0.06654
0.24989 0.04254
0.30289 0.33446
0.99326 0.06925
0.32678 0.36908
0.55495 0.33182
0.88918 0.80957
0.44645 0.51079
0.07935 0.74175
0.45749 0.37403
0.83352 0.28413
0.90938 0.74813
0.16533 0.54011
0.02680 0.75585
0.70625 0.35766
0.96203 0.90044
0.06493 0.80656
0.33254 0.08927
0.77187 0.22631
0.41048 0.02186
0.26543 0.12867
0.62439 0.34698
0.09679 0.04068
0.25120 0.65938
0.05957 0.90663
0.33170 0.61719
0.36819 0.75907
0.08252 0.89269
0.03411 0.17723
0.93814 0.96729
0.22153 0.57925
0.97707 0.78533
0.70684 0.80374
0.30898 0.09492
0.41515 0.39545
0.85636 0.79023
0.51217 0.28112
0.21886 0.15464
0.06410 0.69654
0.63768 0.54282
0.88161 0.10449
0.79879 0.25904
0.56793 0.82881
0.44299 0.77104
0.14389 0.44432
0.57104 0.74081
0.11363 0.76796
0.11631 0.97238
0.04161 0.23802
0.84562 0.70047
0.23011 0.28749
0.05733 0.52049
0.88722 0.58064
0.02901 0.46251
0.95755 0.80743
0.69825 0.79971
0.58970 0.25859
0.71357 0.95536
0.35764 0.45981
0.80249 0.90033
0.28432 0.26405
0.23421 0.77313
0.03074 0.93399
0.68685 0.16230
0.12353 0.06432
0.12050 0.05411
0.29227 0.24712
0.43040 0.17766
0.55105 0.61776
0.83934 0.94893
0.73754 0.84676
0.43594 0.40583
0.68846 0.66913
0.50946 0.72862
0.00688 0.33025
0.02510 0.62641
0.39862 0.26889
0.68515 0.06170
0.45260 0.79266
0.78595 0.53343
0.76345 0.42247
0.02092 0.69312
0.82139 0.38971
0.67987 0.74599
0.39248 0.93086
0.07084 0.52931
0.00207 0.35290
0.73962 0.85891
0.83496 0.49039
0.11065 0.95374
0.07083 0.95971
0.28073 0.63939
0.13492 0.74533
0.94867 0.09083
0.63815 0.28773
0.16881 0.71955
0.49985 0.29296
0.06220 0.76648
0.82635 0.78389
0.75212 0.16472
0.75201 0.50379
0.92485 0.94985
0.64652 0.41792
0.47460 0.23923
0.58653 0.29008
0.73214 0.47440
0.08498 0.69626
0.54278 0.10182
0.87050 0.06775
0.30210 0.95433
0.09289 0.30090
0.39224 0.65403
0.12912 0.44561
0.87097 0.54477
0.74357 0.11315
0.83337 0.06802
0.43438 0.48839
0.58831 0.38702
0.85274 0.15216
0.02121 0.26803
0.31458 0.62760
0.67903 0.95764
0.16121 0.38216
0.13703 0.99970
0.82651 0.41707
0.21576 0.07240
0.73437 0.71935
0.46387 0.94382
0.04355 0.28998
0.13815 0.50152
0.80268 0.75902
0.82448 0.86857
0.78074 0.85073
0.82490 0.33448
0.79594 0.80626
0.98025 0.40610
0.19234 0.96527
0.81941 0.09767
0.82479 0.23729
0.50734 0.23308
0.65255 0.83575
0.43960 0.79569
0.23651 0.40171
0.20651 0.60306
0.33760 0.10042
0.66654 0.33034
0.18734 0.38942
0.99279 0.54691
0.75857 0.42148
0.34944 0.85631
0.99614 0.44372
0.66261 0.52426
0.00435 0.60219
0.25175 0.44252
0.30523 0.73848
0.13309 0.99834
0.08635 0.41036
0.77249 0.51582
0.76059 0.18311
0.80053 0.09937
0.08225 0.20564
0.71378 0.76549
0.50702 0.70159
0.52777 0.65486
0.81599 0.76363
0.27943 0.81649
0.49272 0.33030
0.23089 0.75368
0.73510 0.82831
0.97189 0.19819
0.17041 0.05027
0.32778 0.45816
0.62107 0.71300
0.19503 0.85270
0.67671 0.29516
0.60863 0.63725
0.51120 0.41533
0.72728 0.81311
0.24211 0.96499
0.83346 0.03647
0.27911 0.26999
0.21745 0.88331
0.00702 0.78556
0.27355 0.80779
0.67371 0.69032
0.75730 0.42210
0.51543 0.72718
0.19673 0.80227
0.68862 0.64972
0.62420 0.64413
0.52651 0.54625
0.00395 0.24400
0.92318 0.35882
0.20307 0.17318
0.36725 0.92328
0.59698 0.74568
0.52706 0.47284
0.49111 0.54707
0.76417 0.89124
0.01633 0.23092
0.53006 0.15371
0.92371 0.60315
0.45555 0.98727
0.73806 0.13741
0.11867 0.88376
0.22740 0.01905
0.18506 0.91929
0.56439 0.52000
0.32523 0.31729
0.30879 0.27148
0.98516 0.80435
0.58683 0.70876
0.52798 0.88668
0.59835 0.69077
0.73202 0.96239
0.07449 0.10797
0.59060 0.05090
0.27203 0.50745
0.73916 0.64274
0.93899 0.12096
0.75182 0.91265
0.29327 0.52856
0.73314 0.49965
0.93166 0.24085
0.42877 0.47374
0.87898 0.53705
0.05634 0.29846
0.37054 0.75507
0.23832 0.79539
0.70605 0.76453
0.92244 0.96025
0.07824 0.32326
0.58095 0.21429
0.71055 0.56168
0.67724 0.13092
0.17770 0.53789
0.13381 0.79211
0.75025 0.39276
0.29384 0.20062
0.36914 0.74183
0.42303 0.04721
0.81712 0.85018
0.13151 0.96704
0.41959 0.05193
0.62570 0.10625
0.89124 0.31142
0.62836 0.94485
0.12031 0.60375
0.95105 0.71312
0.06281 0.36755
0.44769 0.84577
0.05353 0.69718
0.10744 0.68245
0.46569 0.09607
0.93363 0.51160
0.63281 0.79231
0.92264 0.19751
0.04810 0.66410
0.20551 0.64580
0.26969 0.56544
0.41405 0.90833
0.52703 0.78362
0.72452 0.79012
0.29132 0.97294
0.60010 0.91748
0.27143 0.49911
0.79870 0.97742
0.18750 0.71557
0.14141 0.56822
0.11955 0.90200
0.90500 0.70814
0.47580 0.54087
0.05418 0.37289
0.75657 0.13290
0.19414 0.14448
0.66210 0.02817
0.78407 0.22506
0.06619 0.76390
0.15052 0.71514
0.18091 0.98842
0.10761 0.72914
0.55752 0.74792
0.69336 0.95940
0.47942 0.59027
0.47507 0.85236
0.23227 0.37760
0.14348 0.37099
0.96722 0.14635
0.01119 0.11296
0.23364 0.30306
0.62249 0.03520
0.14163 0.20983
0.60242 0.64471
0.25894 0.15994
0.61534 0.84871
0.33883 0.71516
0.83864 0.51838
0.19925 0.20848
0.19503 0.48240
0.29596 0.63573
0.42460 0.98082
0.28927 0.47199
0.17860 0.86976
0.93323 0.90735
0.88844 0.32739
0.30116 0.22990
0.34259 0.27747
0.88982 0.43638
0.52764 0.43120
0.70981 0.68119
0.09312 0.60048
0.21746 0.62745
0.19486 0.62874
0.81748 0.15927
0.48948 0.45641
0.35759 0.02095
0.36162 0.29772
0.22655 0.78892
0.30489 0.33389
0.90769 0.11767
0.38708 0.71392
0.47237 0.43060
0.59870 0.40862
0.49163 0.64061
0.39989 0.08436
0.53771 0.43566
0.21383 0.24994
0.44254 0.14744
0.47434 0.32998
0.59494 0.70495
0.00499 0.25566
0.26180 0.24098
0.08576 0.77883
0.59336 0.72476
0.38167 0.18912
0.98732 0.55193
0.14912 0.96856
0.14532 0.44325
0.14193 0.52250
0.16073 0.95835
0.43152 0.89253
0.70441 0.70853
0.00023 0.97747
0.43835 0.68153
0.09111 0.50208
0.61811 0.74347
0.29242 0.82376
0.07358 0.92475
0.56854 0.81784
0.18784 0.12794
0.39125 0.54283
0.04859 0.45067
0.84866 0.59415
0.57563 0.97919
0.82578 0.70210
0.20687 0.39688
0.94106 0.32663
0.00650 0.65392
0.93242 0.19940
0.57898 0.73802
0.74877 0.96318
0.72019 0.99737
0.53305 0.93166
0.58910 0.16793
0.59426 0.66885
0.27015 0.97975
0.00805 0.39897
0.68454 0.78430
0.01020 0.25553
0.09157 0.28548
0.01877 0.33159
0.60135 0.04311
0.53225 0.68895
0.34052 0.10085
0.28511 0.33292
0.51260 0.48141
0.19509 0.37716
0.67571 0.02097
0.29955 0.22047
0.24442 0.58556
0.57146 0.51667
0.32078 0.14412
0.74080 0.49762
0.99919 0.90787
0.82422 0.17145
0.53195 0.60929
0.82570 0.91047
0.66179 0.20627
0.82659 0.36977
0.92783 0.35274
0.87891 0.00435
0.17410 0.89564
0.17947 0.24379
0.42518 0.19768
0.91732 0.80433
0.46137 0.53016
0.86161 0.01673
0.32154 0.28214
0.39131 0.91186
0.75005 0.01990
0.68825 0.49028
0.87097 0.36884
0.52494 0.67293
0.12357 0.65314
0.54527 0.82645
0.14495 0.91948
0.16160 0.41856
0.65217 0.81359
0.25771 0.83298
0.62423 0.37414
0.37679 0.60437
0.98957 0.60246
0.60673 0.37451
0.09798 0.08967
0.34114 0.19837
0.82175 0.58662
0.44805 0.49979
0.65712 0.35362
0.09688 0.65750
0.70576 0.17637
0.89704 0.20381
0.85752 0.11191
0.60909 0.85872
0.30450 0.87196
0.58231 0.92167
0.90543 0.27432
0.63801 0.47928
0.67400 0.22508
0.10839 0.97619
0.11084 0.72596
0.35019 0.35542
0.88056 0.19951
0.84413 0.27243
0.11135 0.72541
0.21883 0.33209
0.15476 0.69274
0.93619 0.37356
0.83686 0.80494
0.28848 0.86110
0.92672 0.36337
0.80856 0.07261
0.57263 0.34302
0.76152 0.39629
0.32663 0.59239
0.89053 0.86793
0.18009 0.14495
0.96107 0.28175
0.58509 0.42424
0.42395 0.33427
0.60020 0.50642
0.97309 0.38903
0.91934 0.61270
0.62951 0.15306
0.50465 0.97875
0.79091 0.72349
0.50793 0.82344
0.96904 0.29875
0.06845 0.87804
0.17392 0.96874
0.45362 0.99364
0.10561 0.28147
0.94779 0.58486
0.78513 0.63284
0.88001 0.33080
0.20513 0.69777
0.83263 0.83137
0.89538 0.52310
0.04476 0.49008
0.97108 0.31426
0.05323 0.81306
0.62713 0.83947
0.72346 0.46306
0.50484 0.52707
0.45158 0.31522
0.07822 0.78802
0.07411 0.76179
0.04751 0.58611
0.37958 0.10195
0.64765 0.43514
0.43651 0.68703
0.31655 0.53225
0.43742 0.77411
0.39121 0.65127
0.86623 0.68857
0.71044 0.85418
0.23785 0.95130
0.29752 0.37745
0.66909 0.11122
0.20760 0.04139
0.29434 0.00297
0.93515 0.49941
0.35803 0.75330
0.55692 0.60667
0.38182 0.86616
0.83954 0.16520
0.43815 0.01856
0.89464 0.75480
0.59763 0.30763
0.53505 0.78647
0.81079 0.12035
0.19087 0.68312
0.85503 0.12538
0.91518 0.30181
0.92656 0.76150
0.95827 0.53335
0.03620 0.15966
0.90302 0.48094
0.61512 0.65054
0.57202 0.66442
0.58824 0.06403
0.56433 0.10077
0.03909 0.66935
0.94453 0.96677
0.33052 0.32004
0.27548 0.31919
0.88833 0.01814
0.55699 0.48724
0.85114 0.25676
0.47944 0.55915
0.83395 0.87661
0.21172 0.10646
0.48628 0.72948
0.26301 0.03910
0.05846 0.80978
0.89884 0.44874
0.06532 0.80193
0.40275 0.96848
0.06110 0.02338
0.43955 0.20731
0.47356 0.61326
0.85081 0.37362
0.34489 0.96979
0.40616 0.74543
0.67646 0.82904
0.44189 0.69733
0.71450 0.32678
0.80283 0.75820
0.02784 0.26889
0.74492 0.75841
0.84641 0.42425
0.23951 0.90538
0.87653 0.23153
0.72493 0.52208
0.64905 0.45019
0.53281 0.27472
0.47812 0.14438
0.67183 0.67462
0.18762 0.52155
0.31703 0.47127
0.51427 0.76017
0.50646 0.25763
0.85498 0.26257
0.29244 0.12348
0.62457 0.96122
0.12988 0.20915
0.09010 0.09452
0.97561 0.54712
0.90702 0.46355
0.38316 0.65290
0.65126 0.02830
0.85595 0.86521
0.89713 0.79913
0.17938 0.90073
0.39244 0.85926
0.06249 0.05776
0.80945 0.25626
0.37908 0.52739
0.29798 0.31283
0.17397 0.43810
0.39098 0.95260
0.50482 0.75315
0.00592 0.93964
0.54779 0.30315
0.81941 0.86257
0.99819 0.72828
0.52888 0.40802
0.91506 0.24852
0.64537 0.59812
0.59217 0.07107
0.89271 0.88380
0.10625 0.38792
0.90406 0.18126
0.22162 0.32429
0.52952 0.31850
0.16551 0.85349
0.02425 0.53268
0.81676 0.07920
0.64089 0.61566
0.74574 0.59368
0.89379 0.11752
0.97143 0.02926
0.22318 0.17570
0.37613 0.18811
0.27398 0.86690
0.84142 0.29210
0.81503 0.77728
0.66963 0.80060
0.82173 0.59559
0.70163 0.70920
0.75240 0.68983
0.61114 0.26326
0.73680 0.88635
0.28892 0.38022
0.89690 0.74323
0.99957 0.19862
0.34892 0.24834
0.47513 0.21805
0.55328 0.17382
0.79370 0.66656
0.03530 0.73161
0.43396 0.22700
0.61370 0.69812
0.43617 0.93209
0.22053 0.57380
0.49220 0.99548
0.34237 0.15236
0.47041 0.06098
0.26039 0.19558
0.97615 0.38927
0.15272 0.64668
0.42936 0.83235
0.34174 0.93727
0.62718 0.95268
0.08913 0.79765
0.57525 0.48979
0.98052 0.24528
0.26327 0.33095
0.38966 0.34612
0.63767 0.86151
0.51042 0.51721
0.35635 0.57867
0.12918 0.98061
0.64553 0.81148
0.03771 0.23363
0.35820 0.94233
0.70556 0.41488
0.12034 0.16638
0.28749 0.84404
0.28627 0.18449
0.55789 0.62811
0.57765 0.30638
0.63494 0.60875
0.60803 0.01230
0.66708 0.13563
0.38366 0.72023
0.04231 0.41350
0.88276 0.99555
0.09823 0.91692
0.29795 0.85316
0.50959 0.16639
0.19663 0.20925
0.06360 0.54114
0.58776 0.76920
0.68654 0.97892
0.52634 0.89005
0.23236 0.78804
0.15107 0.90336
0.77365 0.44823
0.21221 0.98787
0.90952 0.83762
0.46106 0.90942
0.93723 0.33836
0.26695 0.65495
0.94689 0.32230
0.84365 0.85424
0.36610 0.37992
0.15977 0.86797
0.73471 0.58642
0.29281 0.74268
0.85059 0.80073
0.03774 0.96951
0.99678 0.91725
0.51904 0.18257
0.45141 0.84149
0.26393 0.76856
0.49276 0.83526
0.26977 0.44518
0.20295 0.88632
0.66922 0.05682
0.85315 0.81152
0.36548 0.40694
0.31214 0.68134
0.03076 0.67201
0.08154 0.24436
0.39871 0.52643
0.59040 0.08567
0.90390 0.42520
0.86830 0.74049
0.13959 0.69870
0.06565 0.56222
0.96415 0.19598
0.20580 0.21380
0.83723 0.88827
0.15608 0.59930
0.14500 0.48223
0.67330 0.53167
0.30243 0.41936
0.96961 0.01664
0.49628 0.14868
0.55682 0.02618
0.14272 0.80360
0.37954 0.35386
0.32023 0.84354
0.38614 0.68293
0.80762 0.96149
0.51060 0.29736
0.18962 0.25275
0.94181 0.24495
0.28873 0.31750
0.35264 0.37762
0.93076 0.16817
0.51080 0.39076
0.85420 0.33686
0.69514 0.63934
0.06482 0.73370
0.39105 0.75998
0.98841 0.80848
0.11754 0.48673
0.01080 0.07789
0.78791 0.73949
0.25473 0.69030
0.39162 0.03218
0.30336 0.83959
0.82067 0.48858
0.48583 0.00891
0.84574 0.27712
0.41026 0.68683
0.04572 0.33755
0.39843 0.35423
0.16535 0.48790
0.55440 0.18031
0.22347 0.34238
0.62110 0.23994
0.99979 0.62458
0.04689 0.66068
0.46162 0.84135
0.48398 0.96634
0.07919 0.47905
0.17555 0.89310
0.20907 0.12049
0.00071 0.04924
0.36871 0.04900
0.36056 0.30716
0.16955 0.57202
0.97449 0.83284
0.15670 0.80581
0.04873 0.58120
0.70724 0.67845
0.10352 0.94768
0.40862 0.53680
0.92478 0.41283
0.94107 0.11733
0.03563 0.57968
0.35136 0.72701
0.13238 0.69496
0.55600 0.83274
0.79726 0.90590
0.03952 0.02885
0.39977 0.62297
0.16085 0.04033
0.92364 0.36190
0.75444 0.75595
0.37990 0.69164
0.60830 0.75149
0.43392 0.78267
0.45867 0.11725
0.17455 0.41712
0.21918 0.93965
0.02188 0.48955
0.62886 0.87211
0.97093 0.83100
0.41784 0.33056
0.89930 0.84543
0.82446 0.51026
0.68001 0.93145
0.36543 0.40945
0.76640 0.47703
0.02854 0.18501
0.61884 0.26916
0.23800 0.06269
0.87651 0.26875
0.74972 0.10959
0.76605 0.78406
0.21168 0.10995
0.96535 0.68239
0.41588 0.84014
0.26483 0.29714
0.14081 0.94184
0.21701 0.57723
0.53972 0.80817
0.36320 0.00054
0.31967 0.63342
0.30925 0.68242
0.77217 0.98844
0.62011 0.10123
0.62569 0.37362
0.37695 0.52360
0.93683 0.73994
0.97233 0.91479
0.99165 0.15975
0.97095 0.69380
0.70512 0.39179
0.84938 0.39371
0.86921 0.27672
0.49879 0.31026
0.53879 0.84478
0.64341 0.30221
0.59824 0.07101
0.12616 0.22633
0.91934 0.91281
0.23476 0.72310
0.57329 0.63294
0.68234 0.63768
0.10525 0.51788
0.90404 0.99575
0.35008 0.98665
0.55042 0.90460
0.80628 0.41616
0.84111 0.65177
0.05257 0.18336
0.60349 0.69952
0.81553 0.02818
0.30503 0.88220
0.43271 0.26488
0.83809 0.22159
0.30364 0.27293
0.02028 0.60545
0.08986 0.94666
0.12632 0.77291
0.33158 0.91892
0.47697 0.06499
0.79691 0.04321
0.35112 0.54802
0.97831 0.59594
0.15833 0.26383
0.99267 0.56005
0.85450 0.99922
0.17993 0.89341
0.97862 0.88558
0.37828 0.52167
0.17776 0.37640
0.87042 0.16918
0.36198 0.26729
0.06462 0.91237
0.01684 0.74272
0.10100 0.41156
0.92624 0.39234
0.92154 0.65822
0.78923 0.15394
0.42231 0.62950
0.90347 0.82983
0.10329 0.75758
0.91231 0.91177
0.62081 0.97091
0.19241 0.59763
0.44044 0.12474
0.06923 0.14263
0.96926 0.39971
0.93850 0.88650
0.87377 0.70566
0.39688 0.09752
0.95301 0.42193
0.01753 0.16976
0.49708 0.22019
0.77476 0.12747
0.06507 0.72959
0.30176 0.62662
0.94594 0.68924
0.22892 0.36439
0.79746 0.16658
0.06633 0.25627
0.28655 0.55388
0.72988 0.01857
0.26221 0.48343
0.86026 0.65623
0.98331 0.95089
0.61759 0.43589
0.68205 0.55981
0.01040 0.37188
0.31494 0.31513
0.84604 0.84210
0.75321 0.98456
0.73777 0.69865
0.48518 0.95496
0.88565 0.36946
0.92397 0.43152
0.60396 0.77696
0.58594 0.34832
0.54644 0.23476
0.25996 0.74335
0.66392 0.80732
0.89450 0.68165
0.32026 0.28595
0.80390 0.10744
0.65138 0.80470
0.41798 0.95724
0.41974 0.86053
0.34985 0.26335
0.24441 0.41918
0.48266 0.80099
0.28410 0.66574
0.64677 0.51542
0.55548 0.78650
0.97801 0.59670
0.65421 0.65891
0.15955 0.02819
0.80503 0.06855
0.50577 0.98445
0.84497 0.43903
0.26944 0.37817
0.78677 0.26089
0.35589 0.11938
0.41954 0.82849
0.12048 0.11368
0.23528 0.90317
0.04699 0.99875
0.18893 0.66460
0.14573 0.82069
0.47447 0.59017
0.79476 0.55430
0.85079 0.95938
0.82647 0.24973
0.09437 0.77944
0.86066 0.85119
0.06176 0.60862
0.83059 0.60490
0.44924 0.87058
0.46633 0.37738
0.14387 0.85873
0.41226 0.00692
0.19150 0.51196
0.16091 0.64810
0.16038 0.84294
0.92294 0.43622
0.77123 0.28160
0.54937 0.53806
0.32578 0.19246
0.98994 0.34713
0.38353 0.53585
0.36740 0.35390
0.37301 0.90719
0.71678 0.19274
0.54650 0.30344
0.84544 0.75861
0.61075 0.25629
0.64565 0.48590
0.57542 0.88365
0.67118 0.82609
0.65318 0.18289
0.07202 0.27230
0.27660 0.28316
0.29084 0.42403
0.96756 0.76222
0.51437 0.77668
0.77865 0.43671
0.03638 0.58068
0.31204 0.27417
0.85863 0.03382
0.33322 0.54726
0.53565 0.97064
0.99620 0.68516
0.27788 0.00443
0.48198 0.90546
0.37696 0.16968
0.86943 0.55959
0.37647 0.62405
0.85831 0.84335
0.51154 0.15022
0.30274 0.11718
0.36662 0.60836
0.48893 0.46584
0.03324 0.40572
0.75219 0.63138
0.23478 0.82519
0.94961 0.51485
0.20255 0.98557
0.50055 0.43177
0.59917 0.34756
0.44878 0.69721
0.79452 0.40368
0.77809 0.23920
0.36288 0.84841
0.83504 0.54147
0.40258 0.05236
0.33608 0.81173
0.91077 0.32242
0.20276 0.28775
0.26596 0.14665
0.96258 0.72582
0.82515 0.81437
0.06661 0.55750
0.07849 0.26271
0.98981 0.03673
0.41412 0.51029
0.03839 0.66657
0.41970 0.85079
0.59173 0.53364
0.43119 0.82772
0.34366 0.24339
0.45113 0.55140
0.08722 0.70016
0.07609 0.27010
0.46947 0.00379
0.91845 0.61168
0.04239 0.53795
0.29496 0.20911
0.77967 0.92414
0.45927 0.04632
0.62767 0.96778
0.50203 0.15461
0.94347 0.29938
0.25497 0.58381
0.84975 0.60495
0.03324 0.04484
0.00619 0.36472
0.82916 0.24897
0.21608 0.49888
0.08819 0.32526
0.11237 0.06725
0.11661 0.44200
0.94053 0.90137
0.82621 0.21960
0.05768 0.39039
0.99826 0.16035
0.59406 0.30579
0.83794 0.63463
0.30549 0.83151
0.55744 0.21425
0.54268 0.46279
0.32049 0.88124
0.91417 0.61606
0.63596 0.68907
0.39859 0.66996
0.33574 0.60510
0.63865 0.77781
0.79523 0.06005
0.45219 0.65481
0.38556 0.92961
0.64371 0.82098
0.54224 0.73739
0.47637 0.16168
0.10390 0.86242
0.85304 0.04585
0.08074 0.47193
0.38521 0.14790
0.51089 0.39158
0.02481 0.82054
0.06383 0.70650
0.68672 0.11050
0.49481 0.86923
0.09571 0.12285
0.13191 0.82581
0.97809 0.37212
0.10483 0.69693
0.01523 0.24310
0.07948 0.90803
0.82072 0.12139
0.30734 0.07083
0.05768 0.18136
0.37707 0.34498
0.16053 0.55734
0.56626 0.39523
0.98795 0.96630
0.39185 0.55164
0.30167 0.70811
0.06227 0.42186
0.45493 0.62352
0.38563 0.82887
0.90405 0.56468
0.87248 0.37335
0.96781 0.46784
0.68170 0.96231
0.02930 0.27242
0.33225 0.76274
0.83366 0.13778
0.95705 0.83306
0.62087 0.59442
0.61306 0.93217
0.94201 0.14882
0.95176 0.19702
0.17742 0.30365
0.03480 0.73860
0.26226 0.13232
0.94308 0.13693
0.13292 0.16410
0.33918 0.89187
0.78324 0.68692
0.71096 0.06429
0.20634 0.72670
0.34185 0.68536
0.68578 0.89816
0.09299 0.65984
0.97518 0.50061
0.91273 0.71624
0.91932 0.51474
0.76759 0.04397
0.91426 0.62582
0.65890 0.10968
0.33788 0.17915
0.43272 0.55960
0.08132 0.90129
0.68902 0.92126
0.96667 0.90935
0.83421 0.82422
0.58446 0.04349
0.54793 0.99142
0.86777 0.58986
0.46101 0.68332
0.01685 0.78011
0.96297 0.25646
0.66226 0.60639
0.67876 0.28362
0.22507 0.16919
0.59238 0.45360
0.51270 0.45831
0.04872 0.94933
0.05034 0.44211
0.02940 0.87635
0.99056 0.18875
0.38105 0.16831
0.52678 0.33606
0.79839 0.47755
0.31055 0.01766
0.46436 0.35891
0.73775 0.33208
0.31483 0.85887
0.91265 0.71171
0.99144 0.41965
0.25425 0.58011
0.95159 0.31380
0.38270 0.19465
0.36397 0.06715
0.18997 0.22105
0.68209 0.32776
0.02706 0.24092
0.23757 0.07070
0.53081 0.54753
0.52194 0.14611
0.40165 0.34092
0.99539 0.16967
0.37213 0.88156
0.28464 0.54517
0.63173 0.09335
0.77677 0.97079
0.90063 0.35026
0.72647 0.22034
0.82056 0.55837
0.37842 0.88417
0.64667 0.07512
0.78025 0.49335
0.90168 0.74002
0.88789 0.46482
0.33872 0.96144
0.02102 0.32827
0.85270 0.53512
0.67131 0.81634
0.48842 0.91387
0.81069 0.49948
0.99296 0.86286
0.12562 0.67493
0.20263 0.56273
0.98723 0.17567
0.40552 0.47480
0.28631 0.45041
0.16657 0.95627
0.47625 0.46998
0.01209 0.98785
0.52694 0.23182
0.85321 0.10872
0.65640 0.58599
0.84581 0.82652
0.55541 0.64909
0.32059 0.58278
0.56738 0.92410
0.89131 0.67425
0.92398 0.65602
0.87555 0.10519
0.82252 0.72980
0.21180 0.05421
0.24486 0.19200
0.30941 0.11730
0.61414 0.64464
0.68048 0.15797
0.69683 0.10858
0.42381 0.44528
0.06890 0.57972
0.82634 0.18124
0.34631 0.61114
0.52274 0.55638
0.89522 0.40192
0.53668 0.45081
0.24094 0.83315
0.88308 0.86712
0.17991 0.74023
0.54415 0.56659
0.60450 0.19859
0.49126 0.03919
0.11290 0.70856
0.49968 0.25284
0.37457 0.00526
0.79892 0.65714
0.96795 0.62913
0.38614 0.46979
0.46776 0.15034
0.38384 0.44386
0.72920 0.82816
0.08991 0.69262
0.90862 0.86587
0.13107 0.41501
0.94317 0.61567
0.13777 0.95424
0.88393 0.83000
0.90513 0.23616
0.73356 0.46321
0.19578 0.36929
0.55467 0.36258
0.27646 0.88416
0.16335 0.91177
0.17582 0.71858
0.58889 0.60115
0.11144 0.39216
0.29582 0.07789
0.84727 0.53639
0.99362 0.09250
0.49933 0.33432
0.58706 0.43994
0.65371 0.70269
0.86274 0.81784
0.52838 0.40822
0.48629 0.50655
0.92558 0.58021
0.40030 0.41978
0.76474 0.71446
0.33135 0.38804
0.11656 0.08972
0.91520 0.92733
0.76534 0.91882
0.91421 0.35650
0.03303 0.32035
0.91813 0.82778
0.05327 0.57675
0.13125 0.63136
0.00737 0.61946
0.41871 0.44065
0.34122 0.29143
0.17236 0.69985
0.99606 0.23667
0.95167 0.55747
0.15653 0.61984
0.93722 0.31284
0.28076 0.57470
0.82104 0.49034
0.51639 0.56723
0.93258 0.62730
0.55259 0.36555
0.62994 0.85180
0.80167 0.07583
0.13484 0.61324
0.01044 0.50480
0.46571 0.28740
0.91614 0.09686
0.95154 0.79003
0.58138 0.44564
0.11063 0.06179
0.47693 0.88192
0.66084 0.45437
0.03328 0.44779
0.22929 0.54158
0.25752 0.57038
0.99372 0.40078
0.24208 0.82558
0.74860 0.71038
0.86605 0.42967
0.07157 0.96454
0.41718 0.64000
0.50869 0.29451
0.15218 0.31090
0.67372 0.14350
0.82435 0.61152
0.60945 0.03770
0.50953 0.05543
0.74499 0.80302
0.31206 0.79651
0.75533 0.23979
0.30209 0.40403
0.03051 0.85582
0.46376 0.02979
0.18075 0.96959
0.72806 0.43462
0.20407 0.32456
0.47292 0.27663
0.46673 0.04711
0.22056 0.88180
0.78932 0.04816
0.92587 0.06670
0.56903 0.36897
0.59813 0.82890
0.94850 0.67676
0.41458 0.46954
0.55970 0.29026
0.00168 0.81374
0.81761 0.47824
0.16509 0.17230
0.77513 0.10728
0.52305 0.70949
0.94242 0.27914
0.91558 0.86906
0.40289 0.41414
0.21343 0.76632
0.24231 0.10113
0.27804 0.62008
0.59451 0.69801
0.98573 0.59436
0.83045 0.38882
0.84802 0.87685
0.52511 0.36672
0.02630 0.15424
0.73178 0.89116
0.65843 0.87144
0.67462 0.56586
0.31862 0.11210
0.92822 0.12839
0.73038 0.81069
0.71638 0.55951
0.42769 0.13108
0.47267 0.01300
0.97006 0.18132
0.08660 0.15815
0.33938 0.50459
0.11368 0.18648
0.69872 0.91796
0.54638 0.08316
0.99115 0.31700
0.15143 0.43178
0.77866 0.88797
0.71746 0.20972
0.90350 0.25342
0.07323 0.48427
0.95883 0.11078
0.34850 0.65373
0.55533 0.15294
0.28896 0.57857
0.54549 0.63893
0.28580 0.04318
0.29311 0.67043
0.22446 0.55773
0.74845 0.15624
0.81573 0.85660
0.26830 0.28834
0.66650 0.68068
0.31650 0.43623
0.56231 0.71284
0.76020 0.25620
0.93401 0.67984
0.78599 0.82754
0.99229 0.40638
0.19864 0.73778
0.23158 0.72962
0.33451 0.67467
0.97764 0.15676
0.60731 0.08876
0.86461 0.84411
0.83325 0.90054
0.83878 0.71631
0.76399 0.95075
0.86704 0.76311
0.60736 0.83910
0.91777 0.12806
0.41629 0.62844
0.73682 0.22161
0.66653 0.67105
0.92313 0.02918
0.68523 0.11671
0.76895 0.94398
0.12554 0.03512
0.96443 0.13178
0.51776 0.79148
0.49670 0.01510
0.39614 0.21153
0.33675 0.62146
0.31511 0.52641
0.75635 0.18616
0.39548 0.40156
0.84472 0.94880
0.57448 0.42396
0.84226 0.67317
0.70453 0.51777
0.69732 0.54298
0.02341 0.96036
0.85330 0.90749
0.08377 0.87115
0.40665 0.43276
0.95590 0.30830
0.60056 0.55241
0.92196 0.80047
0.42680 0.54784
0.60346 0.89353
0.54540 0.84285
0.55476 0.37584
0.22783 0.15491
0.65674 0.31786
0.57984 0.81988
0.44116 0.32696
0.17570 0.03433
0.86236 0.74754
0.88540 0.04451
0.99829 0.87960
0.79194 0.19394
0.37846 0.34768
0.31566 0.67557
0.98038 0.14119
0.11395 0.85314
0.09640 0.15385
0.19101 0.63708
0.47265 0.59988
0.96808 0.46479
0.03461 0.43256
0.06329 0.15295
0.15798 0.98929
0.53249 0.56776
0.65752 0.41277
0.05872 0.88799
0.40403 0.53162
0.81331 0.70981
0.62034 0.77056
0.61707 0.33420
0.49885 0.32665
0.14250 0.35726
0.90450 0.98758
0.62909 0.92853
0.23773 0.45654
0.92645 0.56482
0.30011 0.37513
0.48033 0.32351
0.76136 0.93513
0.24384 0.86136
0.73988 0.57836
0.10877 0.30671
0.95448 0.84716
0.09618 0.02115
0.23893 0.47615
0.67428 0.68077
0.43885 0.15192
0.50987 0.66041
0.89011 0.13219
0.79137 0.58268
0.14398 0.53722
0.51749 0.59839
0.23536 0.85937
0.61169 0.56932
0.32293 0.73665
0.33233 0.81169
0.29465 0.79080
0.41518 0.27261
0.97065 0.25547
0.70139 0.10141
0.88470 0.23906
0.89903 0.61739
0.36836 0.37359
0.75645 0.90603
0.15675 0.71319
0.00459 0.59256
0.19091 0.83767
0.53081 0.01664
0.35772 0.43859
0.98004 0.12262
0.09630 0.61333
0.36350 0.35078
0.26859 0.32222
0.34605 0.17033
0.99117 0.32388
0.77108 0.53614
0.21308 0.40480
0.65806 0.83390
0.93858 0.65576
0.83580 0.70273
0.93122 0.78500
0.75329 0.28124
0.29251 0.24406
0.51230 0.33616
0.55165 0.75566
0.02011 0.79539
0.01913 0.16128
0.22631 0.08970
0.65415 0.11945
0.83749 0.96263
0.89858 0.22260
0.80928 0.07364
0.50246 0.72838
0.06459 0.59670
0.78563 0.52318
0.32688 0.02660
0.01085 0.72922
0.86445 0.88519
0.67482 0.64131
0.64731 0.55892
0.85811 0.66886
0.68807 0.68661
0.71506 0.28052
0.95853 0.18464
0.32300 0.78375
0.58129 0.73164
0.17068 0.46425
0.87817 0.77795
0.88359 0.77629
0.65496 0.83875
0.37319 0.48561
0.95482 0.16143
0.33783 0.05921
0.44623 0.71137
0.16424 0.57152
0.34514 0.60367
0.37054 0.37454
0.88120 0.42216
0.32084 0.02415
0.38126 0.67493
0.38729 0.69769
0.58036 0.13900
0.25089 0.48683
0.80727 0.82964
0.42245 0.24519
0.34336 0.62596
0.48142 0.52277
0.21544 0.71711
0.81436 0.27558
0.48036 0.70820
0.37812 0.52304
0.29208 0.83813
0.34163 0.97114
0.91538 0.64249
0.64046 0.67888
0.17518 0.39669
0.04812 0.85442
0.24612 0.69402
0.83003 0.26483
0.61768 0.10274
0.12345 0.42298
0.32251 0.58600
0.67355 0.19109
0.41633 0.23925
0.81713 0.65753
0.70720 0.51269
0.21243 0.63360
0.76592 0.53409
0.07773 0.01400
0.52202 0.62993
0.83598 0.16752
0.37443 0.59245
0.69734 0.37904
0.22863 0.40982
0.53612 0.80385
0.25429 0.50819
0.62300 0.71714
0.73693 0.95155
0.05053 0.39289
0.56309 0.34887
0.05797 0.94083
0.56529 0.69405
0.32815 0.78967
0.56504 0.87186
0.70973 0.35637
0.55625 0.04222
0.97508 0.26187
0.60540 0.47603
0.43253 0.95764
0.87148 0.49044
0.55906 0.85151
0.23223 0.48666
0.93115 0.21417
0.55224 0.88963
0.62909 0.72710
0.02044 0.37809
0.37528 0.19565
0.90456 0.23900
0.64459 0.94343
0.39155 0.44438
0.84697 0.58815
0.51944 0.72996
0.30492 0.86308
0.31020 0.31024
0.49045 0.02949
0.95335 0.98932
0.93359 0.01300
0.27371 0.40995
0.98932 0.54868
0.35088 0.98202
0.82105 0.35524
0.64097 0.20391
0.44262 0.56655
0.88558 0.21043
0.90530 0.10163
0.06573 0.49821
0.69788 0.77136
0.04340 0.99884
0.12307 0.90590
0.48538 0.18799
0.20869 0.13362
0.64439 0.50059
0.81804 0.55391
0.47129 0.18719
0.75927 0.83019
0.66226 0.71816
0.94392 0.50032
0.35712 0.20355
0.03394 0.56942
0.55738 0.08144
0.76310 0.15228
0.06669 0.77001
0.24841 0.74944
0.16125 0.35041
0.05336 0.42072
0.99715 0.34006
0.96978 0.13681
0.15259 0.72081
0.42763 0.96787
0.58974 0.87199
0.04961 0.21617
0.27200 0.63889
0.20105 0.15873
0.61268 0.31749
0.70912 0.79902
0.94645 0.95200
0.44965 0.73393
0.40046 0.67575
0.60385 0.41794
0.90815 0.47536
0.85150 0.90233
0.52647 0.53548
0.48885 0.68544
0.48865 0.25536
0.09441 0.36890
0.52381 0.99090
0.25435 0.64266
0.85842 0.56235
0.51598 0.69117
0.01890 0.95507
0.13776 0.32839
0.49716 0.41925
0.49184 0.23867
0.09399 0.84748
0.56055 0.69476
0.22423 0.74460
0.15376 0.22291
0.18928 0.63777
0.85110 0.70455
0.99712 0.44106
0.43378 0.26466
0.85319 0.35621
0.66678 0.14109
0.82131 0.80816
0.36294 0.27360
0.22820 0.89238
0.05726 0.81195
0.56184 0.14716
0.39142 0.16210
0.45795 0.64942
0.90946 0.82869
0.71156 0.72423
0.49247 0.17907
0.45755 0.55542
0.62314 0.86005
0.03198 0.71780
0.69674 0.34776
0.25207 0.77707
0.46989 0.36556
0.02348 0.12568
0.68927 0.92609
0.72409 0.00262
0.90342 0.51591
0.81901 0.72460
0.19194 0.93147
0.09324 0.62335
0.44186 0.36364
0.17115 0.12533
0.78825 0.10373
0.75645 0.81356
0.24578 0.21686
0.79344 0.70083
0.01186 0.53974
0.42866 0.49856
0.16419 0.62175
0.85957 0.13279
0.45916 0.86622
0.99223 0.95358
0.74516 0.08285
0.89535 0.78304
0.27685 0.86661
0.85236 0.43113
0.78507 0.50902
0.27466 0.27678
0.76866 0.18377
0.27937 0.78339
0.46795 0.81570
0.21100 0.99538
0.96511 0.21542
0.85729 0.36596
0.59744 0.39501
0.68627 0.80982
0.86604 0.35272
0.01888 0.09317
0.47316 0.62080
0.69452 0.69796
0.06550 0.60832
0.79273 0.07414
0.69432 0.11397
0.04398 0.84628
0.83247 0.90687
0.13682 0.90070
0.62922 0.56877
0.70283 0.82131
0.99395 0.56086
0.67993 0.86985
0.06865 0.33633
0.67042 0.50657
0.96400 0.37854
0.44074 0.51086
0.81560 0.53454
0.11184 0.26381
0.70403 0.56412
0.34612 0.46835
0.29008 0.64340
0.42223 0.05195
0.71139 0.96819
0.13159 0.97471
0.91037 0.80551
0.47921 0.61369
0.77306 0.87076
0.21590 0.86267
0.52866 0.46463
0.93382 0.09389
0.07289 0.58111
0.82425 0.96492
0.46785 0.78406
0.91993 0.47425
0.79027 0.05792
0.61611 0.20240
0.33346 0.11363
0.21494 0.75080
0.04578 0.60668
0.43799 0.23949
0.84471 0.38323
0.31964 0.07966
0.29652 0.50565
0.29220 0.71122
0.92552 0.60348
0.29257 0.02918
0.27824 0.81614
0.63596 0.33365
0.11152 0.59574
0.33382 0.05634
0.80534 0.04215
0.39465 0.29241
0.68427 0.00070
0.82349 0.00464
0.25358 0.52922
0.65459 0.02215
0.52099 0.76540
0.01567 0.73679
0.68120 0.14985
0.54275 0.26292
0.86358 0.09961
0.51672 0.10336
0.15868 0.49701
0.94661 0.20166
0.12813 0.67961
0.27339 0.90503
0.35624 0.31479
0.63595 0.48370
0.59166 0.57587
0.22689 0.29626
0.38732 0.36999
0.84546 0.59276
0.36831 0.43453
0.10095 0.20675
0.05922 0.40983
0.40869 0.86622
0.79625 0.92191
0.37661 0.07987
0.80597 0.68302
0.93259 0.46616
0.23806 0.74656
0.08032 0.85693
0.85850 0.03352
0.73775 0.96753
0.76106 0.06801
0.14222 0.79131
0.15233 0.06082
0.63208 0.72638
0.67109 0.40198
0.36272 0.85450
0.04744 0.36074
0.92613 0.56142
0.03122 0.27599
0.55231 0.54759
0.53001 0.65550
0.51755 0.79554
0.51698 0.31153
0.28748 0.24312
0.25006 0.40460
0.05549 0.43704
0.28916 0.70820
0.56597 0.93860
0.78463 0.69197
0.54065 0.18340
0.73624 0.86697
0.93804 0.07567
0.93597 0.02286
0.48810 0.65510
0.90281 0.92872
0.88398 0.62924
0.68659 0.10728
0.60743 0.31004
0.02782 0.38407
0.25929 0.37438
0.71166 0.17438
0.22341 0.87726
0.25940 0.91710
0.10520 0.96580
0.91774 0.32182
0.05598 0.21658
0.09919 0.64103
0.05661 0.50108
0.36975 0.74001
0.70073 0.14711
0.74059 0.01760
0.55660 0.51504
0.92878 0.64897
0.72869 0.77870
0.79643 0.87218
0.35907 0.47104
0.52132 0.16947
0.95526 0.82823
0.82705 0.34238
0.20108 0.43251
0.95936 0.75662
0.55413 0.76401
0.68656 0.40893
0.99066 0.82477
0.92998 0.88359
0.31998 0.46355
0.13144 0.91960
0.88716 0.67226
0.20570 0.32718
0.12430 0.06754
0.60149 0.48740
0.20845 0.13400
0.08077 0.69414
0.71531 0.12165
0.73540 0.48970
0.44763 0.02462
0.14687 0.83093
0.45424 0.68455
0.07832 0.92929
