0.66711 0.45800 0.30984
0.49242 0.48420 0.28814
0.93696 0.99855 0.95255
0.12822 0.28110 0.48784
0.35491 0.52527 0.33674
0.04946 0.20911 0.91089
0.92980 0.36565 0.21164
0.28467 0.54909 0.09347
0.32319 0.95631 0.79724
0.64492 0.81900 0.06449
0.34579 0.81457 0.94701
0.62511 0.14341 0.60561
0.45380 0.15133 0.09642
0.92856 0.47723 0.92236
0.79139 0.26224 0.34860
0.37381 0.42849 0.67257
0.83903 0.87606 0.21486
0.22613 0.94455 0.95085
0.07834 0.45835 0.63486
0.50394 0.03821 0.37398
0.85266 0.50064 0.90912
0.48539 0.19569 0.88085
0.19665 0.10011 0.11915
0.20956 0.65429 0.75461
0.36450 0.75680 0.42783
0.94230 0.43870 0.35823
0.03172 0.08812 0.86115
0.57490 0.10168 0.31838
0.70722 0.77337 0.89389
0.41781 0.87174 0.44346
0.78308 0.73306 0.20473
0.16970 0.87134 0.17824
0.41831 0.30695 0.13808
0.92301 0.39976 0.16047
0.21344 0.66266 0.55612
0.10978 0.37049 0.74434
0.43079 0.07274 0.57791
0.99106 0.20573 0.76599
0.06786 0.40335 0.18333
0.59089 0.11634 0.93012
0.71513 0.36170 0.61722
0.66660 0.07077 0.84212
0.10803 0.89717 0.31470
0.02718 0.80770 0.94444
0.02999 0.22301 0.62841
0.61819 0.74653 0.29216
0.89490 0.36875 0.05263
0.90589 0.94566 0.03749
0.15696 0.61831 0.43993
0.22329 0.49603 0.60192
0.03437 0.63604 0.78576
0.47321 0.68053 0.87484
0.89123 0.23819 0.13181
0.47775 0.61214 0.25822
0.03143 0.50636 0.75467
0.35928 0.34901 0.90396
0.58244 0.67501 0.28171
0.23020 0.82893 0.40427
0.32513 0.82781 0.88747
0.11271 0.13039 0.92448
0.32601 0.36176 0.38397
0.39085 0.04707 0.22409
0.61068 0.76546 0.53003
0.16609 0.72566 0.06015
0.27672 0.46753 0.89325
0.92714 0.36544 0.36599
0.31573 0.53989 0.26920
0.02717 0.05582 0.42623
0.50859 0.55444 0.96912
0.72352 0.82665 0.63011
0.40224 0.80043 0.12882
0.64981 0.34896 0.97862
0.07984 0.75243 0.76438
0.56704 0.98000 0.43100
0.17098 0.66267 0.22595
0.91552 0.60199 0.76567
0.87246 0.60449 0.62065
0.51195 0.49471 0.93044
0.92901 0.29886 0.87921
0.75492 0.66042 0.53757
0.87223 0.25779 0.68523
0.83371 0.80386 0.41231
0.55296 0.02087 0.78565
0.41483 0.14113 0.89225
0.31637 0.24628 0.95216
0.08714 0.49280 0.73657
0.72295 0.17880 0.19721
0.70630 0.42359 0.58664
0.12613 0.69024 0.94246
0.91398 0.98933 0.98313
0.22762 0.15244 0.40779
0.96238 0.39857 0.05196
0.04530 0.70434 0.67980
0.14517 0.01949 0.72713
0.37778 0.27714 0.98460
0.53374 0.60146 0.85968
0.41972 0.59511 0.26310
0.38746 0.37573 0.04470
0.77368 0.49448 0.08539
0.77062 0.44344 0.33817
0.77610 0.87773 0.89042
0.77646 0.31853 0.11820
0.13323 0.58257 0.48433
0.90313 0.98172 0.92722
0.30963 0.60736 0.10608
0.96747 0.76396 0.13567
0.79915 0.95844 0.37186
0.64413 0.52874 0.51162
0.37774 0.25736 0.47151
0.48401 0.16240 0.81266
0.51798 0.87061 0.13560
0.40338 0.26982 0.44021
0.37489 0.18852 0.17380
0.14620 0.45023 0.13470
0.54419 0.78356 0.28373
0.85629 0.33781 0.31418
0.44793 0.90566 0.00048
0.11928 0.44621 0.68893
0.46667 0.04174 0.18557
0.06402 0.33645 0.22979
0.96475 0.90937 0.30109
0.53622 0.85263 0.42422
0.06972 0.57134 0.60807
0.82715 0.65892 0.40849
0.62604 0.48310 0.84607
0.52035 0.20554 0.16287
0.23020 0.15037 0.45143
0.89671 0.01960 0.31738
0.62875 0.89677 0.49342
0.96196 0.14584 0.58564
0.53583 0.67498 0.53304
0.90600 0.80824 0.98346
0.22644 0.55875 0.11802
0.74659 0.85914 0.59662
0.77032 0.25952 0.68702
0.07259 0.41609 0.34713
0.89782 0.27336 0.11773
0.69945 0.00802 0.96619
0.93764 0.35602 0.82607
0.33706 0.90892 0.73570
0.85827 0.43043 0.04490
0.08434 0.84211 0.73944
0.85841 0.58521 0.87846
0.00663 0.23164 0.96430
0.29735 0.14930 0.50729
0.34488 0.31972 0.48523
0.12173 0.83352 0.02733
0.24945 0.04632 0.73898
0.46123 0.58164 0.23343
0.68061 0.92556 0.29206
0.59417 0.26976 0.30375
0.26208 0.72487 0.72779
0.06458 0.69358 0.05217
0.56746 0.96697 0.37658
0.46805 0.95915 0.55070
0.23971 0.22355 0.69372
0.10524 0.57972 0.71693
0.00814 0.04189 0.88038
0.95061 0.28393 0.01786
0.87103 0.26079 0.11427
0.25156 0.18444 0.24721
0.29491 0.41689 0.67986
0.23302 0.33131 0.77038
0.05591 0.86784 0.62308
0.51548 0.26648 0.08823
0.21736 0.67887 0.90285
0.08757 0.83405 0.62141
0.65004 0.94716 0.37220
0.74338 0.42581 0.67034
0.91471 0.93482 0.39118
0.07559 0.61821 0.75634
0.13564 0.03251 0.10432
0.51169 0.15813 0.93236
0.75697 0.71568 0.46681
0.31322 0.59201 0.67005
0.69850 0.51122 0.38851
0.51508 0.02678 0.57646
0.81936 0.85554 0.61702
0.80113 0.48435 0.14990
0.56262 0.21987 0.55489
0.24740 0.25086 0.92078
0.50259 0.22164 0.36392
0.14806 0.96863 0.55072
0.09305 0.85859 0.38883
0.17621 0.06644 0.67916
0.13987 0.32856 0.82308
0.15625 0.83961 0.13632
0.87614 0.76402 0.49929
0.54190 0.39611 0.69086
0.09247 0.36130 0.14183
0.82528 0.73244 0.34135
0.41994 0.89668 0.66888
0.43201 0.08957 0.99936
0.70656 0.59020 0.69738
0.08287 0.00558 0.90764
0.66595 0.15563 0.42127
0.24114 0.94175 0.97966
0.68358 0.18584 0.33794
0.37589 0.19307 0.16003
0.61002 0.55665 0.26959
0.01272 0.45332 0.45484
0.23312 0.91893 0.53014
0.04212 0.79100 0.79274
0.77611 0.39041 0.66118
0.59407 0.94788 0.86101
0.59509 0.12132 0.41666
0.82946 0.35815 0.96830
0.75330 0.77224 0.25044
0.28158 0.86462 0.82830
0.08627 0.39706 0.46604
0.21475 0.92362 0.59759
0.38719 0.21945 0.94566
0.22033 0.72417 0.95918
0.66761 0.69342 0.94711
0.84352 0.41776 0.87139
0.96889 0.61619 0.96095
0.30240 0.95904 0.57687
0.89239 0.90882 0.41602
0.32020 0.27869 0.53078
0.47106 0.05816 0.89536
0.25548 0.16621 0.16481
0.17904 0.66329 0.16379
0.06309 0.28026 0.23132
0.15424 0.25366 0.82501
0.81981 0.97066 0.38122
0.95159 0.27112 0.76390
0.13796 0.70474 0.84738
0.21832 0.77461 0.79676
0.43501 0.87414 0.10255
0.22266 0.13621 0.55273
0.52104 0.97839 0.32942
0.35068 0.05389 0.06306
0.60776 0.53130 0.08371
0.87082 0.11279 0.57996
0.35066 0.24916 0.96049
0.26371 0.40697 0.82076
0.81703 0.57718 0.69916
0.09085 0.00655 0.45599
0.09148 0.51235 0.49339
0.25625 0.81944 0.65047
0.85113 0.33939 0.76551
0.63147 0.13067 0.70976
0.72239 0.01376 0.27834
0.54310 0.88545 0.69690
0.67635 0.02850 0.17818
0.48594 0.36229 0.46135
0.86322 0.76087 0.53622
0.87559 0.64158 0.57091
0.56762 0.82366 0.23783
0.08229 0.38728 0.87806
0.61447 0.48635 0.62695
0.66896 0.13145 0.48114
0.38922 0.35539 0.13842
0.08156 0.66045 0.06020
0.99994 0.07329 0.55764
0.07537 0.06025 0.45112
0.73932 0.62622 0.76451
0.18781 0.47086 0.58129
0.51235 0.10626 0.56240
0.59743 0.89456 0.47963
0.50183 0.83043 0.40733
0.85939 0.57177 0.97475
0.50129 0.61173 0.39307
0.57419 0.26156 0.99246
0.38915 0.16474 0.63524
0.68858 0.66770 0.62147
0.80081 0.80102 0.62833
0.16331 0.97332 0.78840
0.87096 0.50172 0.20253
0.86045 0.84016 0.32940
0.09998 0.26321 0.41167
0.07820 0.70802 0.96791
0.70566 0.14719 0.14404
0.66437 0.97553 0.14580
0.75559 0.80509 0.62357
0.45552 0.98054 0.74505
0.67036 0.90011 0.89209
0.95076 0.21498 0.74639
0.82396 0.53339 0.38071
0.78141 0.17089 0.49413
0.93434 0.02085 0.59465
0.76915 0.10767 0.60868
0.94731 0.30378 0.82573
0.41271 0.94469 0.63012
0.97012 0.05843 0.23345
0.40685 0.07936 0.35351
0.83318 0.83816 0.94869
0.39469 0.82704 0.40332
0.84678 0.18364 0.26747
0.54089 0.33702 0.46327
0.46307 0.32251 0.18156
0.67309 0.28686 0.60118
0.37925 0.96467 0.90034
0.09801 0.49853 0.87801
0.42459 0.75970 0.30587
0.92329 0.46863 0.74761
0.60633 0.26800 0.28713
0.77852 0.49703 0.16315
0.48724 0.92008 0.83419
0.50130 0.95001 0.31733
0.23592 0.17527 0.48521
0.69586 0.07606 0.69498
0.51612 0.79980 0.11890
0.72290 0.17332 0.85957
0.51685 0.62320 0.28651
0.45467 0.32874 0.72493
0.75727 0.00389 0.21944
0.82766 0.08359 0.47443
0.50397 0.40784 0.08477
0.05016 0.94085 0.56086
0.12312 0.81063 0.12358
0.41732 0.19105 0.94407
0.37710 0.32498 0.78782
0.22933 0.94247 0.39458
0.15876 0.81020 0.20119
0.15532 0.27364 0.47550
0.93489 0.83803 0.22469
0.79779 0.16430 0.13903
0.76389 0.98493 0.20124
0.10974 0.43028 0.94672
0.79402 0.50231 0.53701
0.25909 0.13401 0.23280
0.56100 0.61839 0.57779
0.11881 0.42752 0.40520
0.09000 0.35548 0.22971
0.45938 0.78425 0.96506
0.42992 0.59901 0.04705
0.05738 0.17995 0.40316
0.38651 0.83421 0.43952
0.34600 0.12334 0.24506
0.00450 0.66230 0.79098
0.97103 0.75608 0.55164
0.11707 0.31571 0.93828
0.93055 0.85061 0.06719
0.03142 0.90523 0.19816
0.07293 0.87126 0.63392
0.52053 0.57934 0.60626
0.14806 0.13458 0.90124
0.82419 0.90347 0.35200
0.37723 0.36045 0.99780
0.50827 0.36683 0.20504
0.72560 0.50148 0.79358
0.75390 0.88540 0.75332
0.77449 0.64701 0.47079
0.51899 0.50810 0.43338
0.16675 0.21696 0.68530
0.08167 0.87324 0.42555
0.30578 0.36281 0.78093
0.44459 0.92678 0.14477
0.48674 0.15599 0.06401
0.74294 0.31134 0.36298
0.82914 0.87130 0.79724
0.02774 0.01574 0.71114
0.59843 0.98099 0.51485
0.45346 0.35272 0.31757
0.40812 0.07905 0.70256
0.39350 0.90325 0.76014
0.34061 0.17710 0.13741
0.31161 0.97486 0.58446
0.63919 0.51647 0.89945
0.68724 0.27390 0.82414
0.77707 0.60326 0.04352
0.55890 0.17451 0.16030
0.89233 0.74800 0.19720
0.68619 0.40752 0.08763
0.22402 0.46158 0.00478
0.86271 0.56614 0.76637
0.16607 0.55667 0.91464
0.98291 0.82232 0.74542
0.59312 0.87367 0.59434
0.45213 0.29640 0.57728
0.30519 0.76248 0.05890
0.18037 0.65632 0.06334
0.96658 0.43641 0.06708
0.44078 0.48286 0.53950
0.57437 0.77420 0.99750
0.82224 0.70698 0.75915
0.37757 0.14382 0.07686
0.00216 0.53399 0.52185
0.63054 0.99032 0.56384
0.14955 0.17643 0.94799
0.44476 0.71169 0.89059
0.94372 0.22986 0.15213
0.80124 0.55675 0.77017
0.17780 0.04646 0.81794
0.04787 0.17319 0.71464
0.61848 0.88148 0.52935
0.56485 0.51028 0.16966
0.51952 0.26137 0.96647
0.10959 0.17920 0.70318
0.57916 0.47500 0.91740
0.89948 0.32950 0.57796
0.81850 0.19642 0.55585
0.40412 0.66797 0.31107
0.48442 0.27923 0.44369
0.79409 0.84790 0.59932
0.18015 0.12871 0.45785
0.77700 0.26847 0.74694
0.56199 0.77559 0.05445
0.61289 0.70774 0.72035
0.40321 0.63087 0.51480
0.43722 0.03470 0.52469
0.36118 0.32871 0.23878
0.91906 0.30508 0.34241
0.09157 0.94232 0.46763
0.13852 0.93694 0.76111
0.38939 0.46190 0.57393
0.25884 0.47356 0.03096
0.89076 0.84283 0.49528
0.32231 0.25575 0.32987
0.01704 0.08815 0.57234
0.61896 0.19606 0.85525
0.69863 0.86406 0.39816
0.08236 0.69306 0.55518
0.75112 0.84118 0.70498
0.35695 0.25987 0.70840
0.73314 0.30867 0.40773
0.58296 0.38739 0.88254
0.21610 0.17776 0.57060
0.75763 0.86857 0.11815
0.04540 0.60129 0.31789
0.88080 0.86958 0.26809
0.67212 0.96200 0.66531
0.45004 0.44507 0.32324
0.98419 0.90390 0.51637
0.22477 0.28909 0.68250
0.63139 0.97999 0.62684
0.59636 0.75578 0.41607
0.79885 0.85364 0.70545
0.79777 0.47568 0.47484
0.68326 0.95898 0.95883
0.86722 0.65609 0.51154
0.42671 0.69296 0.27257
0.10185 0.53300 0.60139
0.81964 0.45696 0.94471
0.09163 0.31183 0.74654
0.15373 0.79455 0.03483
0.65343 0.48110 0.01182
0.24792 0.29657 0.44788
0.85723 0.15128 0.99136
0.73479 0.60572 0.56752
0.58957 0.75731 0.25801
0.73996 0.86902 0.97974
0.64849 0.69804 0.08417
0.94201 0.42151 0.37414
0.51855 0.70319 0.83287
0.88170 0.89741 0.77077
0.81385 0.38907 0.94767
0.16119 0.65693 0.08076
0.42249 0.49124 0.84742
0.33422 0.78946 0.93349
0.33941 0.92986 0.39117
0.78827 0.08998 0.85065
0.16184 0.15313 0.06187
0.19602 0.62217 0.15515
0.25796 0.07715 0.58662
0.43843 0.52243 0.60206
0.09190 0.23621 0.68721
0.32807 0.93773 0.12638
0.71649 0.41905 0.78643
0.84166 0.58150 0.92397
0.35908 0.36496 0.46940
0.86751 0.58255 0.72239
0.48129 0.84471 0.27930
0.26299 0.54127 0.10972
0.09677 0.47551 0.37156
0.45811 0.07721 0.00884
0.11129 0.51030 0.29634
0.03739 0.43195 0.10805
0.82305 0.32920 0.79502
0.24082 0.61020 0.34788
0.92957 0.18997 0.49040
0.06703 0.56226 0.78333
0.85091 0.52316 0.75590
0.02788 0.83330 0.84765
0.64787 0.66368 0.09581
0.17172 0.22476 0.66608
0.42301 0.64828 0.16541
0.85638 0.08419 0.71239
0.23448 0.74818 0.24443
0.27249 0.78035 0.13499
0.49223 0.79239 0.03802
0.73047 0.83276 0.45262
0.72950 0.19471 0.19952
0.83672 0.90297 0.34525
0.72900 0.36900 0.27392
0.62722 0.01072 0.82141
0.42857 0.46366 0.49895
0.77150 0.57525 0.38907
0.35788 0.17192 0.89203
0.77469 0.26654 0.25063
0.73201 0.00601 0.88528
0.44659 0.84237 0.51721
0.96801 0.98320 0.66575
0.35695 0.01965 0.91698
0.60190 0.91321 0.12443
0.84947 0.80055 0.36344
0.56516 0.19769 0.71617
0.81692 0.34024 0.11369
0.49709 0.64840 0.37920
0.48636 0.72255 0.58395
0.47213 0.61243 0.39337
0.38652 0.35499 0.62331
0.92624 0.66255 0.21946
0.31681 0.16855 0.58908
0.93823 0.62234 0.49304
0.61456 0.00290 0.69187
0.81948 0.10323 0.04053
0.33588 0.29208 0.36589
0.05899 0.60802 0.08673
0.75242 0.89194 0.82291
0.29593 0.47340 0.36542
0.02187 0.84351 0.80819
0.95355 0.48160 0.49155
0.58689 0.67047 0.46161
0.85033 0.36516 0.34239
0.81011 0.35281 0.11616
0.85092 0.01085 0.47525
0.79958 0.93186 0.34627
0.61717 0.40521 0.37133
0.36932 0.33576 0.61759
0.50923 0.70670 0.23388
0.21753 0.81560 0.29183
0.84430 0.33061 0.39126
0.83001 0.34359 0.89937
0.23956 0.66557 0.11373
0.39838 0.65725 0.08421
0.79000 0.24431 0.45890
0.77950 0.15938 0.73894
0.47892 0.63807 0.37901
0.63747 0.76786 0.86167
0.67216 0.78018 0.86186
0.58301 0.62944 0.09254
0.37945 0.80743 0.98706
0.01667 0.62280 0.72607
0.76726 0.52324 0.59551
0.01557 0.50939 0.41606
0.38949 0.16795 0.15056
0.05966 0.95008 0.33290
0.92033 0.12509 0.40637
0.24351 0.39186 0.18253
0.55704 0.88236 0.29480
0.81519 0.28230 0.26387
0.25247 0.35320 0.25935
0.22546 0.08280 0.92227
0.68071 0.80455 0.40268
0.59479 0.56982 0.39736
0.69892 0.54621 0.24844
0.67029 0.28890 0.96323
0.32722 0.81665 0.62098
0.91451 0.47506 0.08919
0.05799 0.53844 0.59298
0.90976 0.00359 0.28465
0.99448 0.39693 0.86367
0.85870 0.73907 0.15885
0.78781 0.85334 0.23149
0.91180 0.42149 0.15767
0.62072 0.92753 0.74548
0.54829 0.93415 0.42044
0.27126 0.20944 0.55282
0.07146 0.83359 0.72546
0.70538 0.40976 0.99844
0.75778 0.77904 0.71657
0.12837 0.39729 0.14830
0.71124 0.31020 0.29524
0.03050 0.71924 0.46879
0.33367 0.71192 0.51614
0.27317 0.89697 0.88286
0.25501 0.64899 0.01425
0.90807 0.98544 0.72916
0.73306 0.79594 0.69413
0.39508 0.04354 0.57369
0.27322 0.27285 0.26929
0.39464 0.68843 0.15594
0.95880 0.62055 0.59009
0.77148 0.96752 0.37991
0.96106 0.34662 0.44745
0.59012 0.90417 0.04719
0.98892 0.45523 0.61953
0.79679 0.53979 0.14703
0.66836 0.49021 0.39343
0.08233 0.56845 0.02522
0.23632 0.03728 0.19992
0.72661 0.22050 0.13663
0.38346 0.80766 0.29395
0.69631 0.67792 0.96235
0.90789 0.99590 0.73430
0.04111 0.84273 0.48520
0.72604 0.84861 0.85384
0.19145 0.05293 0.45803
0.24686 0.90682 0.15429
0.83497 0.40711 0.86606
0.76425 0.34707 0.04924
0.05052 0.93001 0.17675
0.59557 0.28538 0.16795
0.85110 0.05078 0.28881
0.78526 0.54640 0.37315
0.77782 0.30276 0.94224
0.55539 0.84839 0.47454
0.24891 0.09658 0.23344
0.42804 0.68233 0.26602
0.17611 0.44786 0.38838
0.87538 0.13900 0.20126
0.44027 0.90781 0.01001
0.63003 0.54081 0.83596
0.57311 0.28929 0.38812
0.95245 0.46014 0.69107
0.11621 0.83854 0.46294
0.99484 0.84717 0.50578
0.04148 0.00852 0.59851
0.74628 0.75223 0.97913
0.01557 0.21149 0.10806
0.69715 0.63333 0.06192
0.98982 0.43055 0.26035
0.83259 0.97082 0.22741
0.71041 0.92143 0.23116
0.17925 0.98999 0.11207
0.12656 0.34904 0.29346
0.66282 0.00742 0.75150
0.99498 0.48532 0.09364
0.49094 0.33865 0.48510
0.47132 0.48789 0.34731
0.83869 0.84546 0.26417
0.17656 0.29161 0.23887
0.20618 0.96290 0.81905
0.92293 0.05093 0.02619
0.58584 0.22137 0.80887
0.77693 0.55358 0.43711
0.04440 0.36814 0.99625
0.92401 0.21596 0.23022
0.62582 0.76878 0.83459
0.76736 0.55767 0.36323
0.80075 0.02992 0.34039
0.96589 0.67485 0.01784
0.71950 0.72699 0.22729
0.38950 0.20090 0.05110
0.03048 0.98494 0.88610
0.16928 0.75622 0.87752
0.28104 0.32136 0.17593
0.18006 0.41076 0.51632
0.73085 0.15489 0.08602
0.04232 0.87687 0.86470
0.14843 0.34397 0.50557
0.82793 0.45840 0.79200
0.54713 0.61421 0.03580
0.12758 0.35845 0.42478
0.78869 0.09700 0.81955
0.73187 0.96903 0.00057
0.11738 0.40415 0.55351
0.46139 0.25753 0.80306
0.43547 0.70633 0.54821
0.38275 0.61748 0.26001
0.38077 0.84605 0.18719
0.06086 0.59153 0.77885
0.39836 0.69551 0.15668
0.36908 0.09675 0.49224
0.63556 0.61253 0.77940
0.65787 0.76542 0.92913
0.46376 0.56966 0.41805
0.20506 0.34189 0.57536
0.15607 0.69872 0.85890
0.39847 0.33882 0.98874
0.89229 0.66216 0.95982
0.05877 0.33602 0.18235
0.19486 0.58172 0.40965
0.35190 0.02272 0.14264
0.36816 0.63633 0.36919
0.39109 0.18146 0.97645
0.39899 0.05924 0.08674
0.94147 0.91479 0.87433
0.02865 0.03821 0.16729
0.74840 0.39188 0.03914
0.40035 0.17579 0.01458
0.35197 0.88551 0.75880
0.22366 0.40391 0.73916
0.21202 0.16124 0.79491
0.84343 0.92493 0.51872
0.44729 0.03592 0.55744
0.08961 0.69648 0.97543
0.44553 0.06704 0.12196
0.55308 0.37284 0.46366
0.28376 0.13362 0.71079
0.84136 0.66830 0.53735
0.39060 0.51339 0.77258
0.68650 0.27841 0.06109
0.57698 0.68116 0.51893
0.06912 0.91253 0.11718
0.36527 0.88985 0.84476
0.64511 0.95390 0.80641
0.26957 0.89854 0.66802
0.75620 0.78760 0.83455
0.08074 0.46216 0.93268
0.38686 0.30657 0.14541
0.94846 0.23354 0.53704
0.18747 0.88676 0.25176
0.00184 0.45949 0.90171
0.71426 0.46211 0.81862
0.71401 0.94208 0.53865
0.43588 0.25638 0.07753
0.04270 0.01477 0.94849
0.54538 0.26958 0.67132
0.31178 0.56468 0.57905
0.50729 0.75278 0.31643
0.67590 0.64042 0.67273
0.99409 0.82893 0.93664
0.04799 0.55172 0.30037
0.90959 0.82776 0.40857
0.85872 0.14771 0.43081
0.93313 0.06514 0.25274
0.51496 0.28834 0.91958
0.38534 0.05519 0.80457
0.04696 0.77571 0.38439
0.00161 0.90129 0.81277
0.72325 0.56076 0.72960
0.54925 0.40142 0.94741
0.99030 0.14805 0.52901
0.30857 0.94889 0.76618
0.70339 0.38888 0.92940
0.42031 0.43056 0.87413
0.79471 0.47274 0.12610
0.78559 0.68409 0.62403
0.08647 0.62276 0.70101
0.67893 0.51545 0.70667
0.84141 0.11169 0.85121
0.50373 0.23910 0.20009
0.04925 0.44275 0.66744
0.82347 0.31038 0.54547
0.51209 0.64832 0.76650
0.46054 0.86497 0.45176
0.28618 0.00341 0.70764
0.31314 0.27540 0.19603
0.49662 0.34987 0.12934
0.55091 0.92444 0.59095
0.49053 0.98430 0.53997
0.04334 0.18363 0.59587
0.56064 0.68934 0.95544
0.99804 0.99255 0.39193
0.12498 0.83350 0.96826
0.38565 0.73019 0.65857
0.53991 0.33822 0.92703
0.38947 0.02410 0.52089
0.97417 0.20435 0.31309
0.53454 0.69438 0.24176
0.17319 0.97986 0.94939
0.75667 0.48082 0.17827
0.83074 0.51648 0.94863
0.98617 0.63677 0.77331
0.74207 0.36026 0.87852
0.60490 0.36520 0.12494
0.85378 0.92457 0.47913
0.60482 0.38049 0.68900
0.49073 0.38735 0.87634
0.22810 0.78812 0.23405
0.34145 0.26837 0.53065
0.96062 0.19476 0.10852
0.58618 0.10273 0.03188
0.15046 0.38389 0.04741
0.04509 0.92792 0.18415
0.83298 0.21725 0.71225
0.20473 0.35495 0.66707
0.39476 0.84375 0.20776
0.22704 0.54945 0.38232
0.26197 0.55680 0.88815
0.08418 0.16008 0.86734
0.71901 0.39340 0.19296
0.92873 0.06798 0.37971
0.06644 0.91033 0.02943
0.66023 0.95648 0.65006
0.70824 0.58957 0.18795
0.73436 0.40359 0.64426
0.18337 0.81804 0.47010
0.61058 0.81546 0.79870
0.01720 0.01460 0.77353
0.67148 0.11405 0.40667
0.52282 0.76119 0.93272
0.94279 0.01867 0.69844
0.93371 0.65048 0.89831
0.04597 0.19290 0.56262
0.27630 0.26246 0.17173
0.96038 0.15538 0.40385
0.13426 0.48116 0.70855
0.29056 0.11951 0.31736
0.87566 0.58355 0.59513
0.55605 0.99702 0.10691
0.21951 0.64845 0.35956
0.87774 0.20586 0.45241
0.86473 0.02988 0.34363
0.55245 0.51846 0.39678
0.43407 0.53298 0.02863
0.45056 0.47564 0.46178
0.53838 0.13177 0.25265
0.17357 0.15572 0.98496
0.76273 0.42375 0.20899
0.78331 0.74743 0.24086
0.43361 0.72157 0.58174
0.50332 0.23779 0.29061
0.59015 0.92925 0.59161
0.15619 0.19015 0.35095
0.26138 0.98196 0.34610
0.46035 0.39138 0.18675
0.31465 0.61931 0.67369
0.77510 0.81075 0.52465
0.02111 0.48766 0.99187
0.03125 0.61429 0.27249
0.58392 0.95997 0.31678
0.78392 0.54152 0.87384
0.83364 0.83927 0.75838
0.29099 0.28028 0.23770
0.04535 0.38680 0.71335
0.94899 0.81626 0.34217
0.46752 0.85345 0.26471
0.47110 0.84781 0.86385
0.53259 0.14843 0.12518
0.81222 0.65705 0.90658
0.11662 0.14004 0.72007
0.74178 0.50144 0.08213
0.48484 0.54955 0.22514
0.59266 0.20175 0.12026
0.80404 0.61863 0.71161
0.89341 0.99294 0.44148
0.31531 0.32270 0.77434
0.13778 0.85178 0.66156
0.31217 0.52165 0.25434
0.19666 0.08298 0.03437
0.75479 0.07574 0.01401
0.82233 0.66072 0.75025
0.89853 0.15582 0.95465
0.81959 0.06769 0.26079
0.93331 0.78993 0.35111
0.57395 0.95157 0.37552
0.23451 0.93280 0.24768
0.88327 0.09606 0.86692
0.78870 0.98408 0.68154
0.97863 0.97385 0.01846
0.78047 0.50855 0.69443
0.91344 0.48283 0.59889
0.63328 0.83338 0.48152
0.60288 0.69644 0.94643
0.86586 0.19367 0.76186
0.05359 0.23440 0.88345
0.48260 0.51176 0.10380
0.46025 0.32171 0.20195
0.37490 0.63998 0.34405
0.17555 0.81314 0.94873
0.68881 0.43389 0.96937
0.51170 0.30814 0.04372
0.93447 0.80927 0.62287
0.17792 0.10189 0.76359
0.68446 0.62859 0.79109
0.19481 0.84200 0.88676
0.29253 0.19517 0.39431
0.03229 0.94242 0.27235
0.42663 0.14695 0.69440
0.78551 0.14646 0.17982
0.01641 0.08712 0.41387
0.48901 0.59846 0.57709
0.00313 0.58030 0.51319
0.88291 0.44817 0.80039
0.04256 0.80613 0.35860
0.15670 0.24927 0.25724
0.29623 0.56135 0.12579
0.73443 0.52282 0.47172
0.12166 0.83358 0.82655
0.01260 0.79973 0.02196
0.60245 0.70600 0.76572
0.42628 0.63868 0.13427
0.02617 0.96484 0.51517
0.59970 0.66378 0.87673
0.57076 0.89859 0.23436
0.96542 0.91737 0.22934
0.62166 0.33397 0.40224
0.80683 0.75849 0.95908
0.71520 0.77349 0.16415
0.71736 0.97482 0.44061
0.68295 0.15719 0.28643
0.90796 0.76245 0.91750
0.61146 0.43918 0.24386
0.18443 0.07872 0.92089
0.97193 0.58991 0.78215
0.68055 0.23616 0.99990
0.70054 0.79250 0.34216
0.61029 0.31349 0.21892
0.66643 0.72321 0.16621
0.48837 0.24456 0.76821
0.61839 0.52523 0.13873
0.83815 0.41077 0.10344
0.98164 0.45788 0.20778
0.11984 0.40130 0.34659
0.85859 0.62226 0.17063
0.54590 0.66430 0.83113
0.24263 0.90104 0.89085
0.63230 0.38491 0.87827
0.86346 0.89591 0.21520
0.66765 0.02667 0.42656
0.77279 0.23823 0.71945
0.90518 0.56184 0.80349
0.77013 0.22812 0.78269
0.15860 0.61643 0.50773
0.24929 0.75125 0.62323
0.12719 0.19156 0.61856
0.23035 0.21500 0.42292
0.94539 0.00097 0.46283
0.78568 0.19252 0.64442
0.73131 0.19223 0.74840
0.64690 0.34373 0.27635
0.48863 0.72703 0.57335
0.57021 0.29845 0.02764
0.02221 0.80893 0.56724
0.27284 0.01102 0.74085
0.10602 0.14497 0.53155
0.28373 0.88236 0.90783
0.37366 0.48899 0.45760
0.19322 0.59696 0.14210
0.54861 0.43897 0.89897
0.12323 0.49866 0.30497
0.65650 0.27279 0.43651
0.31711 0.86669 0.52664
0.59668 0.48474 0.96419
0.49179 0.45754 0.03030
0.03091 0.01109 0.46826
0.62731 0.19954 0.48272
0.12270 0.89439 0.85150
0.60693 0.06434 0.21734
0.92784 0.51837 0.06702
0.22524 0.92633 0.11908
0.72522 0.13211 0.20141
0.07098 0.49769 0.56538
0.54942 0.11122 0.93391
0.34180 0.49103 0.93958
0.73103 0.04687 0.77706
0.24787 0.77976 0.66177
0.46102 0.16651 0.16893
0.07935 0.02530 0.09087
0.34284 0.75211 0.21881
0.52415 0.99186 0.62385
0.84766 0.47951 0.82840
0.72779 0.44732 0.16710
0.89108 0.60041 0.32608
0.96262 0.54479 0.56321
0.49849 0.42382 0.40401
0.17905 0.13349 0.60633
0.52815 0.44039 0.22808
0.00401 0.97408 0.04397
0.84810 0.33402 0.46799
0.27037 0.59965 0.97117
0.96297 0.36640 0.58901
0.38627 0.58809 0.02137
0.49832 0.11580 0.06233
0.47543 0.40934 0.93367
0.34289 0.38046 0.10678
0.57840 0.64107 0.37316
0.53122 0.95173 0.19091
0.48160 0.39168 0.35291
0.75987 0.18463 0.53779
0.58006 0.58156 0.25715
0.16154 0.20109 0.22873
0.09593 0.30670 0.83169
0.70307 0.51717 0.41593
0.64954 0.61064 0.15766
0.40418 0.79808 0.03044
0.81488 0.03238 0.53974
0.60504 0.29620 0.53704
0.00268 0.38017 0.19421
0.22190 0.60148 0.56303
0.72584 0.80639 0.98503
0.89211 0.36298 0.48090
0.98495 0.15690 0.17471
0.71917 0.07627 0.23680
0.79161 0.15242 0.34137
0.61871 0.93316 0.07548
0.73239 0.90054 0.73489
0.84681 0.72493 0.96328
0.64462 0.51505 0.99516
0.25484 0.43208 0.17427
0.15491 0.74181 0.37209
0.72041 0.23831 0.46865
0.68897 0.48090 0.87633
0.89657 0.76924 0.02552
0.67467 0.03793 0.40663
0.44677 0.37999 0.93565
0.63131 0.77333 0.89384
0.53847 0.47770 0.13652
0.94909 0.56149 0.07651
0.29730 0.38109 0.85288
0.80126 0.04235 0.47916
0.45706 0.97990 0.43070
0.52022 0.82836 0.62204
0.36952 0.80387 0.28258
0.00721 0.94364 0.57629
0.37794 0.38689 0.98512
0.39526 0.25499 0.71954
0.47197 0.33220 0.55776
0.83827 0.68418 0.35595
0.39492 0.69778 0.21673
0.80459 0.50298 0.94018
0.10122 0.69831 0.18388
0.72425 0.54139 0.51332
0.76342 0.36574 0.46651
0.74888 0.49755 0.40850
0.87135 0.64355 0.74961
0.02747 0.39923 0.00766
0.57383 0.10466 0.76013
0.84056 0.67637 0.99867
0.60846 0.16884 0.72060
0.50030 0.28514 0.43640
0.61444 0.09854 0.94989
0.48679 0.92598 0.78735
0.89512 0.89832 0.57175
0.26881 0.63708 0.24934
0.72647 0.26252 0.18602
0.19847 0.41321 0.66130
0.62024 0.76611 0.30468
0.63216 0.07955 0.16378
0.37959 0.16821 0.57247
0.99929 0.50801 0.07824
0.24451 0.48213 0.01684
0.19810 0.30323 0.01370
0.16512 0.28580 0.77956
0.45614 0.57452 0.08239
0.81691 0.83856 0.15968
0.82687 0.52283 0.27559
0.83552 0.89044 0.74056
0.70248 0.85734 0.32656
0.44579 0.68249 0.42688
0.01938 0.67228 0.56260
0.23303 0.66188 0.04951
0.45894 0.70856 0.68551
0.69953 0.10050 0.60807
0.52846 0.67219 0.12025
0.43317 0.16204 0.92889
0.42862 0.79023 0.52485
0.32698 0.85121 0.02667
0.16953 0.60935 0.35895
0.33445 0.36606 0.96869
0.43708 0.76300 0.10948
0.53187 0.02905 0.19003
0.36533 0.95014 0.77430
0.52124 0.74532 0.07153
0.10776 0.23319 0.94941
0.21909 0.15394 0.92468
0.10771 0.60880 0.09127
0.83616 0.39953 0.41765
0.45389 0.79352 0.92162
0.26398 0.99064 0.78661
0.76927 0.49481 0.70389
0.86074 0.71587 0.87447
0.81128 0.77184 0.79646
0.42387 0.97841 0.69482
0.63804 0.43467 0.22098
0.94896 0.96077 0.37049
0.86278 0.22375 0.24070
0.79563 0.64962 0.40378
0.72808 0.17808 0.15798
0.66990 0.32728 0.27043
0.52791 0.78986 0.58258
0.08177 0.48490 0.54920
0.46537 0.03959 0.55139
0.90220 0.45670 0.08244
0.12315 0.88497 0.32290
0.57763 0.65708 0.10851
0.20242 0.13011 0.11327
0.19273 0.68457 0.51087
0.80368 0.41312 0.05485
0.28130 0.72111 0.39776
0.98265 0.37001 0.66897
0.36644 0.83564 0.43626
0.73910 0.63576 0.97087
0.11239 0.14579 0.54206
0.94710 0.04303 0.52510
0.82443 0.61325 0.37245
0.62955 0.27300 0.42547
0.25592 0.33746 0.60708
0.78067 0.75510 0.60855
0.83412 0.56421 0.61748
0.48852 0.20657 0.05153
0.19994 0.54957 0.85782
0.66098 0.87555 0.80520
0.32684 0.72882 0.07101
0.92196 0.96827 0.72483
0.41402 0.51392 0.43243
0.30599 0.60272 0.09991
0.77389 0.68525 0.61827
0.86554 0.11730 0.97858
0.50144 0.45129 0.23457
0.70622 0.31115 0.41315
0.81917 0.24764 0.88647
0.15030 0.36293 0.50307
0.95568 0.94372 0.09548
0.23597 0.77925 0.75165
0.78139 0.61397 0.52372
0.13619 0.52962 0.01259
0.51192 0.22683 0.72874
0.71426 0.79419 0.03530
0.85530 0.05178 0.34523
0.86902 0.37150 0.45957
0.39884 0.50024 0.56248
0.02471 0.57844 0.20073
0.29572 0.55104 0.24390
0.71238 0.35529 0.39025
0.24730 0.42622 0.03670
0.98394 0.42482 0.14315
0.53706 0.69012 0.34815
0.61742 0.05178 0.24504
0.56652 0.49729 0.21738
0.03527 0.32125 0.66680
0.95657 0.29795 0.56816
0.07567 0.91326 0.55024
0.21910 0.39102 0.22400
0.92678 0.48187 0.93433
0.05693 0.24506 0.41652
0.29925 0.59280 0.35921
0.96515 0.12932 0.74199
0.82365 0.16662 0.03155
0.71098 0.33975 0.40954
0.51037 0.77198 0.38729
0.33756 0.12099 0.38580
0.86454 0.38103 0.42316
0.20356 0.15023 0.30677
0.73176 0.90240 0.06737
0.38759 0.35694 0.67305
0.89681 0.90653 0.34853
0.25729 0.18846 0.96387
0.71642 0.49233 0.22850
0.79677 0.07815 0.36090
0.08288 0.68001 0.67811
0.57055 0.63022 0.51409
0.58105 0.37521 0.32266
0.33595 0.94008 0.93144
0.09970 0.92920 0.06181
0.92335 0.92286 0.29783
0.08615 0.98535 0.03519
0.25145 0.15088 0.92246
0.24739 0.20829 0.17118
0.71669 0.57100 0.21223
0.21421 0.82765 0.22027
0.19543 0.23729 0.32742
0.56521 0.38950 0.80662
0.85347 0.82089 0.09158
0.36429 0.73617 0.12997
0.59721 0.95615 0.97168
0.83315 0.56063 0.79299
0.27604 0.77654 0.38005
0.32838 0.40781 0.57450
0.86508 0.22901 0.17556
0.79918 0.49669 0.35275
0.36423 0.70808 0.22952
0.08174 0.13762 0.07896
0.90566 0.33259 0.52461
0.11186 0.60070 0.04329
0.51576 0.45730 0.46767
0.67303 0.28089 0.82977
0.46954 0.71728 0.94689
0.27159 0.16839 0.86251
0.94800 0.53702 0.00854
0.17903 0.21989 0.32312
0.34324 0.25017 0.11291
0.99796 0.49974 0.58344
0.14667 0.70062 0.92616
0.00934 0.91770 0.39251
0.22817 0.56958 0.78539
0.10967 0.87226 0.97381
0.77739 0.53576 0.03663
0.68824 0.76825 0.81775
0.42625 0.99967 0.95730
0.50374 0.96654 0.63870
0.50772 0.37301 0.91644
0.96580 0.07328 0.05036
0.17171 0.55716 0.50076
0.08927 0.56215 0.59146
0.88617 0.83668 0.74407
0.79809 0.77530 0.23289
0.92251 0.85431 0.84277
0.82064 0.97665 0.11831
0.12895 0.37968 0.27358
0.74465 0.19621 0.84052
0.81187 0.76960 0.65232
0.85917 0.68736 0.56953
0.32321 0.55188 0.57819
0.09468 0.13568 0.45568
0.82094 0.90269 0.19586
0.12034 0.04854 0.52053
0.21115 0.33448 0.39179
0.37301 0.61075 0.16624
0.98730 0.69577 0.87854
0.18019 0.20199 0.84872
0.51141 0.32944 0.28239
0.01243 0.05036 0.25317
0.83792 0.69322 0.07247
0.61188 0.69377 0.14857
0.58758 0.80227 0.94363
0.28511 0.99118 0.31750
0.38561 0.82640 0.86717
0.30888 0.40513 0.54029
0.23856 0.47692 0.35054
0.18862 0.00292 0.25527
0.56019 0.31115 0.69184
0.79200 0.97155 0.57784
0.94100 0.34420 0.20946
0.28145 0.56443 0.47087
0.49594 0.59635 0.35946
0.39626 0.98325 0.25087
0.46843 0.82527 0.29967
0.46485 0.19593 0.53492
0.43138 0.89152 0.73609
0.52142 0.14066 0.07069
0.93426 0.62376 0.94757
0.56199 0.77510 0.82216
0.24036 0.81350 0.96245
0.50409 0.05253 0.60609
0.91729 0.86788 0.98499
0.38468 0.51391 0.92031
0.96466 0.25211 0.24619
0.54157 0.32011 0.28049
0.23965 0.74735 0.03456
0.07562 0.84848 0.08902
0.30482 0.91378 0.75900
0.44347 0.73917 0.93072
0.63673 0.88181 0.53408
0.51433 0.26568 0.04860
0.09776 0.62603 0.30532
0.07616 0.95027 0.77325
0.45162 0.25086 0.57938
0.49425 0.92252 0.41825
0.67827 0.29910 0.90867
0.58541 0.99490 0.02478
0.84719 0.61352 0.04339
0.00393 0.80270 0.25593
0.56876 0.04785 0.69784
0.01769 0.65969 0.32974
0.00367 0.58443 0.87216
0.16137 0.20290 0.43762
0.78176 0.32579 0.67224
0.50398 0.10890 0.77527
0.13641 0.23906 0.93234
0.05153 0.54244 0.71350
0.77702 0.01557 0.34802
0.96681 0.92980 0.40184
0.02312 0.97828 0.95769
0.12303 0.60909 0.04629
0.00865 0.11934 0.10244
0.38533 0.77736 0.56013
0.15112 0.98590 0.61128
0.07630 0.84210 0.01277
0.54756 0.23241 0.02196
0.52693 0.77447 0.05431
0.41205 0.13002 0.58885
0.94007 0.60405 0.33545
0.82698 0.98407 0.96326
0.95389 0.80085 0.15297
0.10132 0.31122 0.20769
0.75033 0.77820 0.43257
0.97912 0.34061 0.29236
0.09386 0.19335 0.75339
0.21110 0.19204 0.23173
0.73397 0.77161 0.04174
0.07285 0.29641 0.52793
0.10100 0.98879 0.11878
0.85119 0.87945 0.86996
0.17582 0.28157 0.99785
0.33497 0.74222 0.54569
0.72835 0.72199 0.06532
0.48309 0.49334 0.95580
0.38357 0.61562 0.02210
0.69239 0.39132 0.43499
0.83765 0.42652 0.59207
0.69974 0.56216 0.79234
0.80102 0.08850 0.17238
0.78734 0.47894 0.87167
0.48970 0.82140 0.21813
0.69174 0.20958 0.60868
0.32101 0.07555 0.66270
0.09850 0.00256 0.72162
0.96847 0.75331 0.19304
0.32919 0.05794 0.82582
0.71950 0.97215 0.63882
0.77612 0.48539 0.28453
0.78097 0.10028 0.21801
0.15586 0.06808 0.81340
0.94102 0.92354 0.00926
0.45891 0.83845 0.61866
0.09420 0.45404 0.86201
0.61930 0.01259 0.39046
0.84815 0.13371 0.58800
0.80076 0.27651 0.60596
0.90067 0.71806 0.03173
0.82483 0.06055 0.49459
0.04452 0.98341 0.90894
0.98806 0.92819 0.92749
0.62791 0.85332 0.13595
0.21080 0.28660 0.54126
0.48724 0.70298 0.04640
0.20670 0.53278 0.94815
0.66727 0.27201 0.20318
0.87202 0.83922 0.13853
0.95371 0.94191 0.87197
0.09838 0.08429 0.54325
0.60968 0.11350 0.22914
0.70631 0.56328 0.31411
0.76553 0.65204 0.16317
0.54223 0.76019 0.62104
0.13581 0.58875 0.33479
0.00518 0.46003 0.28086
0.19749 0.63467 0.99442
0.18574 0.22358 0.60692
0.37271 0.21124 0.98109
0.51344 0.75545 0.83405
0.55372 0.02084 0.52600
0.77812 0.04686 0.77474
0.94388 0.19246 0.65397
0.52282 0.89550 0.80154
0.55165 0.64137 0.35443
0.55123 0.75193 0.27216
0.30144 0.10737 0.32598
0.32084 0.85480 0.17705
0.54812 0.37195 0.05850
0.05743 0.99280 0.65875
0.57611 0.74212 0.60045
0.82378 0.08429 0.39721
0.98199 0.12203 0.69976
0.52190 0.74009 0.81953
0.50127 0.48070 0.44626
0.99841 0.64025 0.01481
0.59865 0.29109 0.14871
0.61092 0.41775 0.21886
0.40755 0.39196 0.50226
0.21741 0.37853 0.42183
0.82179 0.20956 0.79828
0.84383 0.25667 0.64866
0.85293 0.16722 0.28213
0.15566 0.14783 0.37759
0.10411 0.30985 0.16490
0.96035 0.25060 0.90532
0.89620 0.97117 0.85411
0.13465 0.55028 0.41604
0.05431 0.54423 0.27305
0.19451 0.53023 0.27109
0.99573 0.65324 0.53989
0.52785 0.44874 0.57749
0.40515 0.75444 0.99065
0.58789 0.63377 0.76635
0.39832 0.67965 0.71773
0.14729 0.15165 0.84328
0.37815 0.48325 0.14706
0.81220 0.98893 0.05318
0.78383 0.82402 0.43127
0.48089 0.39613 0.34450
0.76568 0.13244 0.72788
0.70108 0.75969 0.91451
0.61344 0.26624 0.32776
0.34509 0.36645 0.77641
0.91260 0.55067 0.60982
0.41486 0.15030 0.38480
0.45965 0.89476 0.16501
0.20943 0.88965 0.93401
0.85296 0.53663 0.35397
0.32917 0.42484 0.58273
0.34062 0.12872 0.35108
0.07928 0.49149 0.53736
0.71530 0.37184 0.25328
0.36838 0.65701 0.29747
0.96701 0.04664 0.10417
0.54788 0.30657 0.19975
0.03950 0.00403 0.86753
0.76140 0.03382 0.40446
0.21720 0.54736 0.40718
0.77717 0.15713 0.98913
0.47162 0.52449 0.89877
0.60840 0.41066 0.22837
0.42263 0.85608 0.28606
0.81113 0.55426 0.61157
0.42426 0.13925 0.79818
0.37477 0.36059 0.63207
0.61655 0.31418 0.45259
0.59271 0.22774 0.85729
0.69846 0.33480 0.45905
0.27711 0.73613 0.86893
0.80084 0.35453 0.61362
0.34418 0.29983 0.70580
0.47039 0.63416 0.15108
0.57382 0.39713 0.04107
0.21835 0.95879 0.92323
0.11287 0.44553 0.74002
0.88136 0.16255 0.39246
0.23855 0.14129 0.57228
0.10405 0.48678 0.04160
0.87737 0.69930 0.54829
0.77250 0.17144 0.06958
0.86517 0.83965 0.13313
0.84200 0.85114 0.08391
0.81413 0.18797 0.78709
0.14414 0.17438 0.37228
0.11664 0.76959 0.62958
0.22904 0.80172 0.33160
0.16228 0.29912 0.21124
0.91687 0.10877 0.35081
0.15629 0.42375 0.85571
0.13041 0.26923 0.19646
0.33515 0.52241 0.49426
0.43042 0.23399 0.11174
0.40755 0.68431 0.38547
0.57968 0.03675 0.71380
0.41088 0.55506 0.75145
0.12395 0.33945 0.48105
0.22425 0.89150 0.79150
0.49800 0.95528 0.45961
0.33248 0.32258 0.41857
0.91101 0.87031 0.53151
0.24944 0.03347 0.32698
0.41722 0.27195 0.55116
0.91976 0.11426 0.28502
0.77030 0.45516 0.05081
0.97740 0.66611 0.46802
0.20313 0.37802 0.83099
0.57977 0.18189 0.56622
0.43000 0.50557 0.71730
0.38022 0.23843 0.76307
0.59793 0.18921 0.11209
0.22806 0.38572 0.13365
0.77946 0.76989 0.46847
0.34206 0.97674 0.28226
0.24033 0.46889 0.98499
0.19520 0.64807 0.42261
0.74206 0.11406 0.92109
0.95562 0.80358 0.64563
0.60890 0.38553 0.26297
0.18541 0.62206 0.39044
0.80658 0.11849 0.03269
0.20285 0.11807 0.51226
0.60664 0.93952 0.27799
0.34906 0.88286 0.76539
0.73524 0.36231 0.01696
0.97084 0.30880 0.97171
0.68454 0.43377 0.89363
0.30258 0.22356 0.10909
0.08459 0.61092 0.16616
0.82005 0.64809 0.15431
0.78734 0.27473 0.45731
0.82729 0.15344 0.39387
0.61741 0.15625 0.82966
0.11676 0.79058 0.09442
0.88836 0.81246 0.72648
0.54154 0.79321 0.39280
0.62555 0.35590 0.34626
0.56782 0.75932 0.15130
0.33861 0.14058 0.18658
0.79291 0.13489 0.74021
0.52414 0.73129 0.38011
0.54554 0.36159 0.67097
0.46542 0.22970 0.08716
0.73316 0.50990 0.07982
0.30958 0.29483 0.02724
0.47381 0.39615 0.11250
0.93430 0.68696 0.51843
0.93483 0.14959 0.27598
0.44620 0.74456 0.00978
0.26704 0.06563 0.24081
0.80976 0.74862 0.85945
0.78749 0.88377 0.35581
0.92860 0.64511 0.01015
0.44587 0.18300 0.07471
0.14244 0.14284 0.50449
0.37689 0.58817 0.73214
0.20885 0.19989 0.76289
0.45261 0.84114 0.74542
0.24068 0.27621 0.61208
0.30024 0.47501 0.58672
0.84593 0.12433 0.34949
0.54737 0.57282 0.42814
0.66424 0.18684 0.24505
0.19418 0.03263 0.68575
0.72703 0.22139 0.11699
0.59730 0.97801 0.59415
0.57605 0.61855 0.54701
0.24437 0.62969 0.15444
0.81160 0.99709 0.94007
0.56362 0.19000 0.54644
0.21037 0.03264 0.46104
0.76402 0.50341 0.60380
0.54864 0.04977 0.12322
0.71625 0.39057 0.92339
0.30351 0.08777 0.05090
0.95143 0.57354 0.43604
0.50441 0.31522 0.98236
0.55291 0.52343 0.88259
0.46667 0.18825 0.49817
0.38084 0.86223 0.58252
0.13467 0.58182 0.88374
0.75966 0.30774 0.56102
0.60569 0.10226 0.01635
0.93852 0.64310 0.96012
0.87470 0.31258 0.94852
0.53426 0.53912 0.07643
0.41155 0.72102 0.38417
0.97191 0.17898 0.22896
0.58954 0.23293 0.85874
0.82591 0.51377 0.32480
0.88227 0.93385 0.21914
0.43553 0.32150 0.54648
0.85652 0.60552 0.72320
0.88002 0.76689 0.95806
0.78663 0.35477 0.38599
0.83263 0.74400 0.94856
0.39297 0.26630 0.13005
0.61014 0.89323 0.48203
0.28459 0.72659 0.51833
0.82543 0.48501 0.52945
0.73121 0.75998 0.45395
0.31537 0.45291 0.14889
0.10064 0.18850 0.97550
0.77682 0.39837 0.22189
0.82441 0.13541 0.16363
0.08722 0.20323 0.06491
0.06100 0.40241 0.89072
0.79195 0.94277 0.74824
0.77527 0.36410 0.08039
0.60715 0.52033 0.43993
0.81007 0.90064 0.67444
0.16013 0.02200 0.99687
0.85946 0.14088 0.24613
0.95868 0.76935 0.11713
0.31588 0.90979 0.04431
0.56747 0.81912 0.19199
0.93910 0.48527 0.61778
0.22091 0.38645 0.36556
0.28600 0.51537 0.88240
0.72451 0.42793 0.51514
0.35623 0.20572 0.60550
0.84115 0.02374 0.43529
0.17929 0.19547 0.39545
0.16459 0.55369 0.66528
0.93800 0.09739 0.48998
0.20145 0.82574 0.79434
0.68147 0.28915 0.92594
0.86795 0.82368 0.16064
0.33295 0.83096 0.08356
0.30169 0.49000 0.66766
0.53499 0.40532 0.70129
0.99851 0.07336 0.45459
0.56707 0.97759 0.29627
0.65554 0.59215 0.08297
0.69392 0.54389 0.08247
0.32233 0.82284 0.31587
0.27888 0.22354 0.01773
0.82674 0.69450 0.09603
0.83882 0.51331 0.17383
0.82547 0.20017 0.90469
0.49027 0.37168 0.73943
0.39493 0.68603 0.79821
0.25467 0.32043 0.09860
0.22163 0.05106 0.51531
0.36954 0.78187 0.48370
0.02369 0.02326 0.30589
0.98321 0.00269 0.68851
0.47997 0.17174 0.48339
0.94325 0.63009 0.08119
0.27370 0.07325 0.26391
0.79447 0.58964 0.44464
0.39771 0.24075 0.62673
0.60254 0.39273 0.71354
0.46154 0.67574 0.07482
0.80651 0.51439 0.94456
0.07557 0.92299 0.13067
0.27426 0.64195 0.79955
0.46052 0.26333 0.75622
0.53848 0.90159 0.63541
0.31332 0.39853 0.77698
0.52161 0.26799 0.42483
0.49071 0.10954 0.69824
0.53515 0.13799 0.05535
0.37523 0.97481 0.07883
0.60504 0.06853 0.17905
0.28954 0.85082 0.39226
0.80551 0.63457 0.54282
0.53273 0.63890 0.20267
0.00927 0.98825 0.90583
0.33254 0.41332 0.93593
0.06840 0.45042 0.71742
0.43949 0.81882 0.59840
0.30428 0.99642 0.60097
0.93999 0.83027 0.63632
0.96678 0.47390 0.88087
0.73532 0.07131 0.74864
0.41833 0.41932 0.64682
0.93856 0.46729 0.50373
0.51466 0.46018 0.95749
0.29950 0.31561 0.21130
0.67539 0.61322 0.57754
0.42597 0.89004 0.03675
0.68166 0.80680 0.26048
0.75393 0.10395 0.89522
0.60509 0.79635 0.58894
0.84050 0.41856 0.12868
0.17038 0.39447 0.83963
0.61967 0.55155 0.91913
0.38938 0.45404 0.55127
0.00135 0.16858 0.03481
0.29785 0.16287 0.45325
0.47799 0.87962 0.69964
0.70392 0.33719 0.38811
0.01911 0.05980 0.91420
0.97786 0.59150 0.19325
0.11448 0.48315 0.60959
0.78751 0.65375 0.47196
0.61513 0.51412 0.07281
0.10583 0.70324 0.60850
0.75839 0.29183 0.19814
0.69104 0.95162 0.59752
0.82762 0.75527 0.61798
0.65118 0.62436 0.98744
0.58285 0.60485 0.36833
0.58675 0.62530 0.90942
0.03379 0.02959 0.07361
0.09019 0.35311 0.49892
0.36217 0.28842 0.89786
0.59876 0.85193 0.63285
0.98693 0.79419 0.05145
0.70756 0.60457 0.33377
0.45127 0.57891 0.64508
0.00922 0.35925 0.37834
0.57176 0.13611 0.39265
0.72415 0.66955 0.50033
0.02014 0.85950 0.01479
0.65931 0.05023 0.30311
0.83051 0.67114 0.62321
0.66563 0.38236 0.05870
0.02522 0.47436 0.60327
0.63111 0.10359 0.55428
0.27397 0.46935 0.81020
0.46744 0.23461 0.94129
0.68980 0.32067 0.55445
0.12808 0.12171 0.88012
0.41541 0.03238 0.13765
0.20471 0.71657 0.26975
0.34975 0.72342 0.56878
0.14177 0.93820 0.87169
0.23873 0.79623 0.14361
0.64441 0.49019 0.45602
0.31804 0.87542 0.48863
0.81815 0.70985 0.96614
0.17222 0.22021 0.36922
0.84391 0.86236 0.22660
0.40030 0.88937 0.00021
0.18125 0.47655 0.34234
0.59095 0.84648 0.68652
0.47921 0.14116 0.50789
0.72110 0.24374 0.89683
0.84063 0.61756 0.39170
0.20255 0.50208 0.28467
0.80236 0.39056 0.75136
0.91343 0.56981 0.34704
0.44583 0.74560 0.05252
0.19280 0.55914 0.24244
0.74220 0.49042 0.56998
0.13888 0.16948 0.50283
0.49268 0.73360 0.43691
0.94160 0.10696 0.51239
0.16231 0.73568 0.89147
0.58514 0.82615 0.02002
0.59196 0.56160 0.94605
0.76189 0.44077 0.38961
0.11251 0.17498 0.67560
0.02323 0.68235 0.86072
0.35956 0.14985 0.07648
0.18568 0.86599 0.60213
0.03952 0.13830 0.93630
0.66509 0.31694 0.48272
0.08345 0.19360 0.78663
0.77221 0.39095 0.83186
0.45466 0.98879 0.35484
0.96951 0.79227 0.57710
0.35983 0.12004 0.22255
0.88026 0.01962 0.94310
0.75836 0.64219 0.68007
0.11194 0.64843 0.52683
0.68463 0.97852 0.89571
0.61491 0.55073 0.15472
0.43714 0.00067 0.77201
0.37069 0.65236 0.53288
0.68195 0.18644 0.21556
0.39801 0.62760 0.43964
0.35824 0.38849 0.82553
0.88563 0.36520 0.50151
0.36853 0.74913 0.75858
0.23778 0.05074 0.08309
0.49609 0.60926 0.89928
0.43057 0.32609 0.13030
0.54214 0.33632 0.41629
0.98877 0.04777 0.79935
0.11624 0.76186 0.73933
0.33019 0.94240 0.03713
0.23086 0.55036 0.87722
0.59260 0.42820 0.22421
0.18597 0.94780 0.52485
0.05589 0.40094 0.23529
0.16882 0.66744 0.98753
0.48802 0.33352 0.20688
0.16419 0.23018 0.63996
0.01958 0.68664 0.14008
0.32083 0.05721 0.72483
0.69360 0.08432 0.60827
0.37160 0.64698 0.53043
0.08020 0.52973 0.62623
0.79181 0.97227 0.88875
0.86839 0.74716 0.54796
0.29439 0.65010 0.21192
0.94999 0.53396 0.78558
0.26941 0.54892 0.31278
0.02569 0.08764 0.39021
0.20647 0.76449 0.77326
0.46224 0.00850 0.37836
0.32188 0.14604 0.79175
0.07357 0.29465 0.69524
0.52972 0.35803 0.05566
0.72493 0.15528 0.33117
0.07063 0.53212 0.63058
0.88794 0.48416 0.03566
0.34549 0.39761 0.44480
0.81965 0.84718 0.18027
0.97483 0.84540 0.73091
0.32663 0.93209 0.42540
0.34081 0.92189 0.99686
0.10870 0.84449 0.01642
0.16692 0.51830 0.25814
0.79043 0.04380 0.21477
0.70569 0.43915 0.15613
0.05684 0.59535 0.79717
0.43479 0.65693 0.28563
0.55981 0.87751 0.90374
0.18012 0.36214 0.08111
0.22909 0.09181 0.76920
0.94737 0.88104 0.53197
0.62997 0.63479 0.30876
0.60982 0.64416 0.69365
0.45913 0.00450 0.81055
0.77405 0.90926 0.25196
0.96465 0.34144 0.65237
0.86856 0.81923 0.47693
0.31484 0.13516 0.80991
0.76945 0.22600 0.54335
0.37479 0.35466 0.95044
0.56708 0.16266 0.60666
0.48806 0.01690 0.97629
0.22554 0.25324 0.12618
0.12246 0.37492 0.64036
0.77547 0.39246 0.61443
0.06936 0.75756 0.44484
0.06969 0.87861 0.14854
0.35238 0.29627 0.05884
0.13233 0.99001 0.83640
0.49623 0.31541 0.09107
0.28220 0.80908 0.81493
0.00488 0.57888 0.14342
0.56940 0.60615 0.11043
0.82759 0.59091 0.13864
0.32771 0.70699 0.57157
0.57893 0.85544 0.97102
0.07455 0.48748 0.07978
0.26098 0.83697 0.08849
0.60503 0.01829 0.64085
0.20086 0.52357 0.84062
0.00150 0.69635 0.20991
0.18914 0.73372 0.30848
0.08566 0.19302 0.71296
0.36951 0.45192 0.32175
0.52540 0.02598 0.69077
0.43118 0.27981 0.54333
0.45706 0.95039 0.26977
0.09586 0.33583 0.32971
0.31658 0.63354 0.21945
0.54753 0.68430 0.55405
0.77925 0.48884 0.73437
0.17965 0.80491 0.23105
0.75556 0.41734 0.41150
0.03788 0.17692 0.67510
0.11489 0.94213 0.95064
0.13124 0.45544 0.55583
0.15678 0.44681 0.97093
0.74456 0.10808 0.12619
0.11347 0.84162 0.88509
0.84264 0.06500 0.81256
0.59171 0.58791 0.41802
0.96858 0.80919 0.62426
0.25121 0.77748 0.88710
0.62628 0.59883 0.15229
0.02935 0.94444 0.02592
0.77026 0.14055 0.15106
0.01698 0.52990 0.42915
0.92110 0.77160 0.65596
0.07739 0.88953 0.31475
0.68345 0.76302 0.07050
0.14337 0.12731 0.29088
0.96217 0.46325 0.78590
0.38893 0.04091 0.94186
0.59626 0.73517 0.53084
0.03573 0.98529 0.48337
0.52675 0.03583 0.01813
0.49584 0.33666 0.62102
0.16144 0.38441 0.09005
0.71704 0.00465 0.24706
0.10765 0.65914 0.56471
0.62546 0.50481 0.99330
0.41121 0.96860 0.80396
0.41929 0.81302 0.92003
0.95793 0.13224 0.66590
0.51657 0.61631 0.69493
0.50282 0.20988 0.56330
0.38005 0.88434 0.61123
0.96061 0.44205 0.56873
0.94116 0.80559 0.21166
0.02197 0.89770 0.91480
0.18598 0.20410 0.39975
0.80546 0.71068 0.28079
0.36609 0.30902 0.35225
0.16653 0.70149 0.43700
0.88755 0.02741 0.66297
0.55395 0.39636 0.81631
0.88116 0.83075 0.32818
0.40416 0.00465 0.88253
0.79430 0.04457 0.72162
0.14065 0.74395 0.46651
0.66554 0.18151 0.37714
0.08862 0.50025 0.42442
0.20806 0.46180 0.56206
0.63888 0.48887 0.45929
0.71968 0.34265 0.36115
0.98297 0.93634 0.35245
0.46437 0.15946 0.23448
0.11647 0.91147 0.28014
0.42468 0.22578 0.40926
0.37233 0.96938 0.94607
0.04403 0.79207 0.46610
0.56874 0.47410 0.25849
0.21968 0.82041 0.44049
0.16900 0.38099 0.09754
0.13007 0.78892 0.74590
0.84179 0.35307 0.00329
0.60598 0.19534 0.48069
0.71794 0.14945 0.12061
0.02597 0.36006 0.87257
0.31326 0.65089 0.34718
0.10648 0.70838 0.79259
0.38363 0.28210 0.95785
0.54602 0.83807 0.68863
0.49341 0.38907 0.51062
0.13415 0.68001 0.56104
0.37664 0.99530 0.89400
0.37387 0.95396 0.40226
0.63876 0.93790 0.12157
0.11953 0.26100 0.21416
0.08448 0.44448 0.92017
0.71042 0.74874 0.01303
0.14890 0.22995 0.60398
0.71770 0.10949 0.76658
0.69060 0.71931 0.68508
0.44367 0.00642 0.71583
0.56420 0.28203 0.18892
0.64790 0.43034 0.94733
0.76931 0.88905 0.31822
0.30002 0.57559 0.06653
0.82469 0.77890 0.95360
0.79023 0.04333 0.26831
0.33461 0.48478 0.33906
0.80681 0.17054 0.99982
0.27161 0.34798 0.94221
0.91922 0.10489 0.90491
0.77127 0.58697 0.24725
0.01153 0.09214 0.48590
0.67281 0.27872 0.31863
0.12178 0.14853 0.49909
0.45311 0.50440 0.29803
0.21232 0.78546 0.14405
0.99672 0.26715 0.61493
0.00765 0.07753 0.92686
0.37494 0.73296 0.08856
0.27149 0.03043 0.96937
0.71187 0.74034 0.05950
0.82586 0.79466 0.88093
0.78677 0.13721 0.26475
0.90011 0.70034 0.72256
0.18172 0.72029 0.59382
0.88532 0.01887 0.31521
0.72154 0.22375 0.29559
0.51406 0.63900 0.50552
0.49788 0.40259 0.85320
0.47548 0.59140 0.15420
0.17435 0.06036 0.25368
0.17896 0.80160 0.74515
0.40471 0.41750 0.70815
0.92106 0.97472 0.44303
0.46531 0.96832 0.00878
0.32660 0.85640 0.59561
0.44220 0.70343 0.98611
0.59995 0.93037 0.28836
0.64585 0.95642 0.17468
0.71773 0.88654 0.15613
0.46549 0.81241 0.46870
0.30160 0.88704 0.53855
0.34280 0.52272 0.38894
0.83091 0.23876 0.98169
0.24456 0.66296 0.04509
0.37940 0.69434 0.46657
0.94170 0.32301 0.74469
0.12270 0.11415 0.70551
0.71064 0.63931 0.75318
0.12206 0.72540 0.77903
0.07098 0.18640 0.65223
0.97182 0.92267 0.72101
0.37699 0.11651 0.20715
0.74672 0.13195 0.32059
0.53852 0.92386 0.88009
0.35355 0.76212 0.55143
0.54481 0.73113 0.01706
0.32112 0.64165 0.60993
0.82977 0.66036 0.67130
0.91024 0.49272 0.51941
0.52123 0.95853 0.47745
0.71668 0.03381 0.51665
0.46343 0.15062 0.68834
0.71021 0.40965 0.74967
0.74914 0.38196 0.94957
0.23415 0.26848 0.13846
0.15235 0.03149 0.61697
0.37982 0.51237 0.77861
0.31795 0.12570 0.49166
0.20141 0.11600 0.73281
0.94683 0.78586 0.01811
0.56527 0.75056 0.57265
0.35812 0.57117 0.65884
0.05935 0.16494 0.86806
0.73741 0.24676 0.62859
0.33940 0.64516 0.11124
0.69971 0.76373 0.08069
0.40802 0.99426 0.94024
0.58864 0.24913 0.86410
0.82133 0.16920 0.64347
0.17144 0.50355 0.85735
0.50447 0.63025 0.38214
0.34138 0.55208 0.81558
0.08106 0.99930 0.14296
0.64111 0.29116 0.34449
0.09926 0.10956 0.18109
0.85539 0.35805 0.30541
0.56496 0.85958 0.07215
0.88893 0.80852 0.45494
0.11608 0.60927 0.67729
0.79933 0.60846 0.34353
0.86479 0.17570 0.10518
0.04095 0.68918 0.37454
0.32959 0.77369 0.20632
0.22270 0.00134 0.31721
0.83218 0.55018 0.45011
0.18321 0.78223 0.60484
0.46052 0.85393 0.18658
0.64716 0.10856 0.78837
0.18712 0.04401 0.01259
0.45436 0.79704 0.70294
0.47254 0.64677 0.55534
0.80963 0.10409 0.46422
0.74280 0.41351 0.23376
0.36515 0.11164 0.67361
0.65399 0.45834 0.86974
0.36355 0.54813 0.91350
0.98837 0.97955 0.20003
0.75318 0.28425 0.84676
0.64915 0.54581 0.16463
0.26238 0.59069 0.19672
0.40713 0.01302 0.82293
0.23000 0.93950 0.77563
0.16547 0.62782 0.23714
0.35084 0.51530 0.59880
0.42960 0.15858 0.18356
0.99758 0.75827 0.00691
0.55776 0.43458 0.42302
0.33912 0.38763 0.68652
0.10806 0.03853 0.25932
0.51282 0.14828 0.84294
0.84874 0.83408 0.18844
0.47892 0.64537 0.52438
0.15085 0.32776 0.21609
0.75309 0.57678 0.01325
0.55532 0.59065 0.17855
0.23887 0.64605 0.73007
0.26988 0.37682 0.58677
0.82251 0.39945 0.00206
0.81483 0.64719 0.96891
0.30426 0.87920 0.52184
0.13855 0.51617 0.13203
0.46927 0.89635 0.24664
0.47940 0.47502 0.41993
0.21131 0.64363 0.28376
0.78113 0.97241 0.66030
0.60726 0.66526 0.98891
0.97783 0.37059 0.71114
0.71023 0.74410 0.89744
0.44452 0.57383 0.91740
0.75106 0.98726 0.00981
0.16791 0.29398 0.05960
0.60960 0.20521 0.28091
0.70000 0.58830 0.53666
0.02182 0.44309 0.62770
0.55543 0.73745 0.03694
0.08307 0.10397 0.78633
0.94756 0.97500 0.85856
0.67641 0.97331 0.16113
0.50600 0.27022 0.95770
0.06985 0.42325 0.14535
0.08009 0.21857 0.01780
0.83720 0.69593 0.95653
0.37116 0.73423 0.28788
0.46549 0.52063 0.21930
0.69051 0.90301 0.88246
0.69851 0.76549 0.37499
0.43654 0.49194 0.96017
0.32904 0.65436 0.67552
0.42338 0.35852 0.21407
0.21207 0.76271 0.16939
0.42342 0.05727 0.18338
0.48237 0.21693 0.58526
0.35978 0.17118 0.70604
0.77924 0.80292 0.77655
0.84749 0.71124 0.24302
0.25685 0.71951 0.15007
0.05009 0.27206 0.74988
0.11482 0.91183 0.50193
0.22820 0.26540 0.32981
0.38552 0.63793 0.98665
0.23813 0.98618 0.25257
0.43489 0.52090 0.91029
0.00534 0.96097 0.64656
0.78859 0.64938 0.84200
0.18806 0.74614 0.93641
0.98659 0.82959 0.17096
0.95096 0.92987 0.70267
0.46900 0.06834 0.19295
0.47040 0.39730 0.32880
0.15836 0.69877 0.14138
0.04282 0.52300 0.63201
0.58336 0.09444 0.70937
0.07209 0.43751 0.50339
0.22885 0.13265 0.98792
0.97882 0.42270 0.90521
0.10034 0.12453 0.67786
0.75765 0.16759 0.62364
0.08505 0.19790 0.80853
0.49928 0.30145 0.66798
0.06423 0.54366 0.49995
0.18153 0.20315 0.24665
0.17574 0.61032 0.77471
0.56516 0.12630 0.80416
0.41311 0.66659 0.93479
0.04768 0.59638 0.82173
0.34647 0.25209 0.29879
0.40412 0.94913 0.25806
0.11697 0.41699 0.30037
0.60961 0.29979 0.26311
0.84914 0.55857 0.39435
0.58343 0.44855 0.76738
0.96072 0.51334 0.17359
0.97064 0.77969 0.28268
0.49376 0.40490 0.41726
0.35192 0.31218 0.77787
0.62767 0.00605 0.53515
0.45802 0.32602 0.42049
0.01310 0.46841 0.86246
0.97332 0.55511 0.59687
0.57698 0.41803 0.27820
0.73137 0.24561 0.81945
0.96182 0.12798 0.66445
0.41644 0.37445 0.79397
0.45393 0.95685 0.63379
0.52536 0.89927 0.50952
0.42720 0.29605 0.48361
0.00572 0.72018 0.05489
0.34004 0.10614 0.52369
0.78581 0.21215 0.57914
0.78543 0.53766 0.41000
0.19064 0.41508 0.92788
0.22259 0.30176 0.73757
0.49978 0.83121 0.03355
0.09170 0.04594 0.91871
0.85190 0.54856 0.72594
0.82645 0.01853 0.05810
0.91325 0.03006 0.12719
0.84179 0.32404 0.25675
0.75312 0.96518 0.92560
0.15080 0.00369 0.60261
0.42536 0.30178 0.26965
0.77416 0.99390 0.68144
0.68043 0.73268 0.05368
0.34109 0.94622 0.97373
0.44102 0.42221 0.01402
0.07896 0.72841 0.12668
0.80226 0.34378 0.31491
0.16446 0.96276 0.84580
0.25103 0.80318 0.96153
0.07925 0.38411 0.12177
0.36549 0.63818 0.04369
0.46679 0.78743 0.77953
0.93647 0.01045 0.98809
0.64509 0.87753 0.85166
0.11746 0.47643 0.41987
0.14480 0.79749 0.78140
0.53174 0.43188 0.40080
0.23743 0.21211 0.47415
0.88472 0.37814 0.07755
0.57550 0.11346 0.95766
0.34803 0.62454 0.52870
0.29021 0.55243 0.69931
0.35492 0.95730 0.60352
0.48363 0.54306 0.34262
0.53869 0.58490 0.93757
0.25683 0.11596 0.48273
0.06066 0.55462 0.74634
0.84905 0.55065 0.21097
0.44606 0.47795 0.03918
0.42729 0.04536 0.82595
0.98842 0.43413 0.57036
0.66060 0.29489 0.78489
0.88552 0.45436 0.89116
0.73587 0.19354 0.57735
0.96000 0.51451 0.10901
0.32592 0.61348 0.16574
0.43220 0.84542 0.21015
0.95158 0.68760 0.85464
0.03280 0.21688 0.85151
0.44631 0.96915 0.17696
0.01477 0.54969 0.83584
0.42247 0.57898 0.90588
0.64203 0.92263 0.11189
0.55266 0.54799 0.18734
0.50445 0.52292 0.51265
0.32305 0.92658 0.99451
0.20202 0.85096 0.12450
0.93767 0.23913 0.65998
0.80374 0.47850 0.52339
0.82915 0.27343 0.01239
0.64662 0.63926 0.38213
0.59817 0.76108 0.80755
0.49052 0.33235 0.49506
0.81652 0.51495 0.76681
0.93777 0.77656 0.34156
0.57000 0.84172 0.28982
0.18193 0.62967 0.83901
0.18102 0.83031 0.50103
0.60127 0.75120 0.36982
0.78236 0.27356 0.25191
0.14409 0.51540 0.60567
0.36447 0.26700 0.38894
0.88300 0.05707 0.64816
0.28876 0.36731 0.39141
0.17767 0.36272 0.31918
0.50924 0.16065 0.66885
0.08873 0.91839 0.80892
0.70891 0.21745 0.99070
0.24185 0.62037 0.93992
0.00071 0.57535 0.76081
0.03421 0.92788 0.73963
0.63074 0.48480 0.77479
0.12978 0.87415 0.00755
0.09571 0.44376 0.58672
0.00270 0.61331 0.80495
0.52537 0.91325 0.70091
0.71988 0.91104 0.19417
0.63198 0.24812 0.51546
0.94521 0.71539 0.22559
0.05824 0.44941 0.98927
0.65629 0.16539 0.23449
0.70610 0.00758 0.53085
0.80845 0.16556 0.75558
0.30436 0.64379 0.18785
0.20198 0.20312 0.74413
0.52385 0.71705 0.69766
0.77284 0.75987 0.20848
0.06702 0.26246 0.63171
0.84419 0.02168 0.93085
0.72767 0.87427 0.76947
0.34980 0.49028 0.33284
0.15874 0.58039 0.36368
0.74069 0.38682 0.59899
0.12198 0.60791 0.78480
0.71760 0.58067 0.64355
0.02602 0.20652 0.78356
0.64194 0.15634 0.22534
0.21733 0.66404 0.18532
0.93165 0.25251 0.77255
0.49206 0.21382 0.15444
0.60406 0.23589 0.76204
0.02574 0.47113 0.60267
0.97295 0.16158 0.79020
0.07946 0.51204 0.03524
0.56715 0.10599 0.62306
0.07998 0.36192 0.84355
0.34665 0.35403 0.99608
0.30423 0.51805 0.68580
0.00437 0.42598 0.26279
0.60265 0.09776 0.00041
0.44531 0.32084 0.11147
0.58031 0.77339 0.45932
0.44786 0.81345 0.02485
0.63669 0.21793 0.43685
0.87550 0.22617 0.32078
0.28929 0.16746 0.41411
0.55753 0.43735 0.78179
0.14372 0.04866 0.30304
0.97294 0.30864 0.95313
0.50207 0.13297 0.60321
0.15034 0.61282 0.10992
0.73852 0.65689 0.84325
0.18579 0.08645 0.36217
0.10152 0.66385 0.30600
0.47729 0.15221 0.56225
0.82584 0.94039 0.76782
0.01173 0.43549 0.99780
0.13392 0.42788 0.63981
0.39753 0.51716 0.21904
0.34201 0.35903 0.45502
0.03826 0.24926 0.58430
0.00123 0.04941 0.58823
0.36748 0.33826 0.57807
0.06350 0.42963 0.15708
0.39483 0.93163 0.60357
0.18988 0.55258 0.66224
0.51305 0.80695 0.01908
0.69165 0.70530 0.58133
0.36308 0.13129 0.10086
0.01874 0.79405 0.55755
0.19775 0.60293 0.93165
0.01982 0.79135 0.89984
0.67582 0.37915 0.05377
0.90628 0.84426 0.86883
0.03399 0.58402 0.26856
0.31568 0.16300 0.96748
0.37838 0.87346 0.50994
0.02243 0.88100 0.12949
0.06088 0.16054 0.69778
0.43367 0.86955 0.36232
0.85579 0.44852 0.65871
0.74883 0.44436 0.86959
0.95302 0.95996 0.73992
0.01157 0.24930 0.39665
0.75926 0.20969 0.30022
0.53264 0.50002 0.37996
0.44024 0.80087 0.37364
0.72153 0.81873 0.57052
0.61930 0.33099 0.06771
0.19252 0.00745 0.81395
0.80270 0.95127 0.95960
0.20568 0.18810 0.70411
0.73010 0.07083 0.42867
0.11044 0.08615 0.67020
0.05431 0.87406 0.08034
0.47751 0.85855 0.99938
0.04515 0.88538 0.95113
0.24130 0.28147 0.00536
0.01455 0.05577 0.01114
0.64940 0.33677 0.92878
0.86339 0.01416 0.25430
0.63820 0.81437 0.59740
0.03711 0.34634 0.75495
0.62046 0.10182 0.84002
0.27138 0.44306 0.24896
0.29034 0.09200 0.02181
0.11247 0.22426 0.20293
0.15718 0.36218 0.62657
0.20357 0.18427 0.94202
0.90173 0.19925 0.66989
0.91185 0.09828 0.32088
0.16490 0.85194 0.07522
0.40274 0.01085 0.91580
0.93086 0.49637 0.17716
0.25143 0.70451 0.55770
0.92626 0.28007 0.47320
0.68483 0.76934 0.90158
0.24996 0.87783 0.01458
0.43051 0.44316 0.63873
0.42590 0.96332 0.62978
0.81731 0.73106 0.44983
0.68879 0.43853 0.85048
0.91137 0.76738 0.59642
0.32485 0.99522 0.52014
0.18058 0.76293 0.79582
0.16551 0.14837 0.87170
0.76190 0.39431 0.57839
0.29498 0.86663 0.74395
0.24033 0.81205 0.85570
0.22682 0.85695 0.36126
0.88310 0.38464 0.08798
0.29498 0.95308 0.59508
0.42366 0.64367 0.67866
0.37630 0.43997 0.74870
0.21953 0.35161 0.29635
0.58338 0.04698 0.84913
0.79824 0.97400 0.65391
0.72952 0.18779 0.27532
0.38617 0.09578 0.35574
0.14932 0.16909 0.73221
0.74922 0.54904 0.55828
0.45298 0.53361 0.73917
0.54884 0.19976 0.78281
0.40623 0.57247 0.42659
0.70344 0.86222 0.01647
0.72005 0.88886 0.85211
0.40356 0.17561 0.43675
0.79259 0.24090 0.52135
0.52903 0.60841 0.06502
0.20050 0.69669 0.73941
0.28002 0.57557 0.55900
0.68617 0.57821 0.89207
0.93617 0.42407 0.19157
0.57825 0.12378 0.58307
0.68181 0.29543 0.49397
0.71286 0.63598 0.21722
0.28903 0.70211 0.47016
0.75740 0.57219 0.53276
0.19294 0.83782 0.69808
0.52660 0.71894 0.12460
0.71081 0.48078 0.01646
0.54278 0.06706 0.34257
0.58004 0.73622 0.92612
0.05344 0.46037 0.68705
0.77623 0.25933 0.52354
0.93289 0.65911 0.19266
0.30187 0.30355 0.25338
0.28740 0.44648 0.27839
0.88671 0.86462 0.67412
0.62233 0.24243 0.07390
0.52698 0.56045 0.72374
0.65438 0.21593 0.66790
0.89558 0.55232 0.11775
0.65217 0.01328 0.25456
0.93414 0.30739 0.04722
0.06418 0.86636 0.83875
0.53414 0.99174 0.12889
0.96019 0.69339 0.79805
0.21561 0.41887 0.33974
0.78650 0.66084 0.40289
0.54847 0.05461 0.43335
0.00456 0.40599 0.33871
0.35405 0.45778 0.15947
0.31865 0.09866 0.40433
0.09782 0.58958 0.86806
0.57419 0.53679 0.61152
0.01047 0.77265 0.65715
0.92068 0.01193 0.83113
0.64293 0.19378 0.65265
0.85864 0.68196 0.86799
0.19657 0.54243 0.20666
0.20648 0.72709 0.81070
0.98978 0.47783 0.28210
0.98112 0.70745 0.05685
0.61941 0.36169 0.22197
0.23245 0.20690 0.86741
0.68415 0.15347 0.84865
0.44295 0.19112 0.52601
0.71080 0.46728 0.06552
0.74290 0.80783 0.76559
0.82625 0.12277 0.83310
0.76414 0.00706 0.66457
0.02917 0.38075 0.66803
0.25477 0.07120 0.86590
0.66405 0.96570 0.98595
0.17028 0.26804 0.36597
0.91430 0.63453 0.69122
0.74581 0.22398 0.25928
0.46274 0.85856 0.97065
0.04753 0.21711 0.46327
0.12779 0.54586 0.50432
0.20027 0.04450 0.18812
0.84510 0.79327 0.12684
0.77660 0.68756 0.90767
0.07722 0.85082 0.22929
0.72048 0.55894 0.01923
0.02168 0.04785 0.95729
0.83981 0.21231 0.58992
0.37838 0.04371 0.24741
0.21602 0.81845 0.85178
0.21223 0.50780 0.85300
0.15698 0.93336 0.46882
0.52775 0.29534 0.47088
0.10884 0.85682 0.36718
0.03768 0.65018 0.20156
0.14684 0.24833 0.29036
0.30040 0.08052 0.57886
0.71447 0.50367 0.37178
0.85977 0.83161 0.09972
0.14176 0.95126 0.79720
0.32716 0.10964 0.82158
0.13303 0.98784 0.83184
0.53533 0.32319 0.39018
0.80360 0.73736 0.63084
0.25011 0.28222 0.70002
0.85916 0.60782 0.30260
0.35280 0.77635 0.69966
0.11924 0.02171 0.51754
0.66947 0.44688 0.25757
0.19891 0.97729 0.48331
0.22383 0.27592 0.64995
0.27075 0.26352 0.86636
0.51324 0.26789 0.79085
0.04423 0.49495 0.34225
0.60963 0.37176 0.83608
0.68537 0.24709 0.29780
0.25954 0.14788 0.60676
0.67040 0.89083 0.97820
0.29222 0.53826 0.93791
0.87204 0.36676 0.71796
0.60329 0.54181 0.15742
0.33956 0.66014 0.83381
0.92763 0.16361 0.72210
0.45148 0.88106 0.01757
0.99872 0.85025 0.50855
0.68380 0.68550 0.92461
0.85541 0.52190 0.63982
0.96763 0.29657 0.91630
0.11092 0.81954 0.85833
0.14748 0.89034 0.41530
0.58564 0.74544 0.39257
0.52607 0.05149 0.34012
0.31157 0.73023 0.42507
0.64142 0.11267 0.31436
0.25122 0.70862 0.83827
0.25274 0.16312 0.12379
0.95384 0.18669 0.78322
0.27678 0.90056 0.28673
0.07802 0.16258 0.08835
0.03011 0.19074 0.48340
0.51192 0.29049 0.93372
0.69248 0.23907 0.88737
0.90420 0.29310 0.72766
0.55109 0.06277 0.43977
0.35073 0.54029 0.74935
0.50992 0.19612 0.23524
0.33610 0.17556 0.35990
0.26230 0.18037 0.32295
0.15066 0.89563 0.22673
0.59877 0.41529 0.24289
0.48044 0.32311 0.01349
0.59115 0.12964 0.04123
0.15836 0.19179 0.50222
0.56686 0.45450 0.05305
0.37970 0.47060 0.41455
0.76577 0.12714 0.68129
0.37013 0.37445 0.03239
0.22961 0.97398 0.07052
0.99906 0.24897 0.61633
0.88525 0.00151 0.61000
0.98081 0.47907 0.92715
0.49527 0.17678 0.73225
0.72772 0.10269 0.04999
0.63817 0.89632 0.79198
0.09418 0.23806 0.52518
0.45139 0.69323 0.72481
0.27732 0.73708 0.49607
0.01819 0.66868 0.52332
0.98215 0.10475 0.98510
0.97433 0.05377 0.98240
0.64196 0.84187 0.09476
0.34197 0.37117 0.42985
0.61478 0.70708 0.89678
0.09671 0.64761 0.61661
0.53144 0.17479 0.08001
0.37945 0.71147 0.39028
0.78736 0.01648 0.75523
0.75521 0.95531 0.63855
0.55665 0.31647 0.51025
0.56105 0.30182 0.92416
0.01722 0.40686 0.54572
0.66353 0.82526 0.22348
0.86365 0.56886 0.43423
0.21192 0.00270 0.50864
0.28113 0.39377 0.94563
0.10809 0.51786 0.82570
0.00920 0.19283 0.70094
0.76824 0.27885 0.41180
0.38896 0.30996 0.79015
0.44538 0.15520 0.05128
0.28295 0.10948 0.97676
0.25755 0.28182 0.88178
0.78950 0.62652 0.97583
0.58707 0.80358 0.35788
0.24282 0.79484 0.30196
0.56187 0.29636 0.19073
0.35749 0.93860 0.01150
0.86382 0.76818 0.24264
0.81086 0.50779 0.92090
0.87315 0.58582 0.35150
0.50277 0.54983 0.67092
0.37737 0.38246 0.26343
0.56629 0.04177 0.80126
0.08272 0.27072 0.10075
0.97924 0.87573 0.34566
0.23038 0.53921 0.60220
0.11118 0.20063 0.81878
0.51461 0.93117 0.92507
0.69568 0.01135 0.49182
0.92301 0.19672 0.45556
0.08035 0.67995 0.93049
0.06418 0.11692 0.48549
0.17010 0.01260 0.64794
0.85050 0.00918 0.23933
0.62171 0.46648 0.27101
0.92235 0.38251 0.20942
0.97100 0.44424 0.94664
0.58637 0.53272 0.86999
0.77819 0.08527 0.74865
0.73690 0.75504 0.16703
0.51638 0.87489 0.93270
0.52429 0.03339 0.51839
0.02365 0.31203 0.37978
0.83123 0.46303 0.71446
0.29855 0.42283 0.63796
0.30094 0.14389 0.76033
0.27368 0.07907 0.22101
0.89301 0.57926 0.20407
0.04500 0.97276 0.28647
0.77523 0.62820 0.04822
0.94320 0.52163 0.04720
0.02899 0.97909 0.52557
0.20967 0.78954 0.63543
0.05444 0.09689 0.71373
0.19120 0.84749 0.02274
0.30707 0.96087 0.06334
0.58145 0.40939 0.67631
0.01466 0.93761 0.83650
0.45382 0.32692 0.72806
0.22765 0.75259 0.45473
0.42593 0.44006 0.33304
0.25254 0.32347 0.74626
0.67813 0.25546 0.21070
0.31567 0.00003 0.31875
0.01813 0.60324 0.02634
0.86167 0.43799 0.60085
0.96009 0.56601 0.92706
0.04229 0.60127 0.79028
0.05557 0.32924 0.97352
0.75035 0.24805 0.45859
0.49635 0.95749 0.45500
0.83752 0.31321 0.00138
0.05230 0.38559 0.79805
0.40598 0.08978 0.54555
0.57155 0.83351 0.15062
0.76956 0.28502 0.67104
0.50357 0.89813 0.46557
0.52036 0.20697 0.86712
0.84238 0.00558 0.96105
0.92674 0.20640 0.12973
0.55928 0.87959 0.92406
0.23838 0.29110 0.01165
0.92010 0.19036 0.38186
0.52412 0.18831 0.91271
0.56984 0.99945 0.20544
0.28026 0.80581 0.72149
0.01389 0.18000 0.64913
0.88058 0.72710 0.72043
0.01710 0.79637 0.37474
0.06541 0.64320 0.93014
0.52031 0.43281 0.71423
0.54694 0.99172 0.93839
0.64961 0.99990 0.11505
0.25620 0.14077 0.26023
0.19360 0.07344 0.60533
0.25636 0.83953 0.14330
0.72992 0.29987 0.77933
0.34501 0.36476 0.93382
0.38282 0.76683 0.32333
0.36419 0.88395 0.85359
0.75585 0.57984 0.12942
0.77486 0.83585 0.83393
0.44699 0.81321 0.55937
0.39879 0.85188 0.04047
0.49174 0.21246 0.44450
0.27211 0.28875 0.01964
0.23674 0.34932 0.96840
0.21750 0.73330 0.84854
0.74718 0.33731 0.90276
0.80232 0.13971 0.30140
0.66388 0.52137 0.40151
0.45653 0.71596 0.50991
0.08196 0.47741 0.91349
0.72469 0.76385 0.06819
0.38356 0.87344 0.91465
0.02094 0.49681 0.75256
0.72350 0.66237 0.43628
0.90379 0.48069 0.65649
0.69417 0.96365 0.58981
0.14283 0.78715 0.28830
0.57783 0.25798 0.00523
0.38620 0.41552 0.76903
0.79282 0.48246 0.61600
0.92774 0.70994 0.51740
0.27375 0.42768 0.88592
0.91021 0.43140 0.39628
0.48381 0.82585 0.75662
0.41294 0.37385 0.97354
0.40848 0.05856 0.03029
0.47399 0.26066 0.25228
0.31659 0.95187 0.03301
0.59287 0.13919 0.71987
0.22628 0.64715 0.71156
0.46655 0.40011 0.05220
0.32984 0.95235 0.05581
0.19649 0.26571 0.06852
0.24963 0.65910 0.37417
0.86349 0.39164 0.03620
0.78455 0.50444 0.00597
0.19407 0.86677 0.98124
0.03175 0.15686 0.94779
0.78869 0.32134 0.29767
0.34043 0.17805 0.02287
0.28222 0.75574 0.63052
0.89977 0.39567 0.12045
0.92525 0.65554 0.09805
0.09387 0.70864 0.68440
0.10879 0.13448 0.35163
0.97277 0.57923 0.87806
0.24587 0.74534 0.72103
0.26103 0.70544 0.26344
0.20253 0.76790 0.03341
0.67324 0.37482 0.01724
0.17408 0.38317 0.79420
0.75789 0.90677 0.57216
0.29793 0.72254 0.64536
0.09291 0.64478 0.13334
0.35055 0.68820 0.94129
0.24795 0.39773 0.92610
0.37918 0.97181 0.58597
0.99872 0.75688 0.68822
0.27192 0.53951 0.99600
0.74225 0.51231 0.45130
0.08158 0.58343 0.16555
0.78122 0.23461 0.76169
0.59374 0.47879 0.97275
0.16942 0.13372 0.82120
0.60629 0.74542 0.81246
0.36062 0.84493 0.19597
0.77436 0.61570 0.18383
0.86764 0.50683 0.47937
0.14087 0.08684 0.63489
0.80832 0.88415 0.40345
0.36908 0.49197 0.20907
0.67745 0.82868 0.83958
0.07713 0.83684 0.31086
0.09054 0.18796 0.95263
0.05610 0.08643 0.63365
0.13092 0.62427 0.95352
0.50909 0.13576 0.88342
0.50618 0.63930 0.77461
0.07639 0.32523 0.01454
0.59245 0.39185 0.37136
0.41910 0.14136 0.26835
0.99818 0.86536 0.52354
0.22770 0.00195 0.18086
0.67808 0.27213 0.29042
0.54230 0.27656 0.24111
0.74073 0.46021 0.49217
0.73590 0.25886 0.00297
0.87800 0.95932 0.97194
0.42422 0.58802 0.23968
0.97190 0.85241 0.87201
0.12948 0.85336 0.74436
0.86958 0.02159 0.45588
0.70368 0.79070 0.93922
0.34840 0.65806 0.00220
0.76861 0.74637 0.89237
0.49429 0.90652 0.69324
0.35942 0.25737 0.31126
0.79300 0.81226 0.90372
0.22581 0.44133 0.22797
0.15734 0.81332 0.45105
0.53781 0.35352 0.70184
0.65807 0.39606 0.97502
0.00154 0.64457 0.99457
0.41597 0.58862 0.06054
0.70665 0.27989 0.94704
0.26750 0.68449 0.00572
0.29235 0.96285 0.14151
0.56148 0.31944 0.45841
0.33410 0.37755 0.74472
0.04551 0.42419 0.68134
0.26519 0.48109 0.18009
0.04513 0.04308 0.52200
0.67542 0.55521 0.63255
0.00873 0.50406 0.02452
0.30522 0.43639 0.68204
0.11067 0.78511 0.63541
0.29593 0.18477 0.19069
0.35116 0.40310 0.44545
0.23068 0.85827 0.51728
0.22019 0.02701 0.24347
0.01381 0.99791 0.94474
0.71727 0.83747 0.57782
0.87269 0.04745 0.04168
0.87526 0.55054 0.95650
0.00331 0.52762 0.41308
0.93959 0.77535 0.52734
0.86304 0.41140 0.06305
0.78617 0.98214 0.85276
0.35392 0.49332 0.26155
0.97257 0.28500 0.08493
0.30065 0.03964 0.79329
0.54825 0.38499 0.04932
0.99548 0.49522 0.73288
0.40446 0.67779 0.08163
0.61970 0.53015 0.91413
0.45508 0.27568 0.38337
0.49365 0.63529 0.01001
0.47138 0.62702 0.45054
0.53364 0.21648 0.43852
0.68335 0.80931 0.63309
0.71040 0.90835 0.90775
0.44435 0.95207 0.39917
0.46911 0.62363 0.60962
0.55140 0.52957 0.58630
0.03281 0.77764 0.72518
0.63942 0.07609 0.51320
0.62145 0.30445 0.11740
0.84034 0.71023 0.78333
0.12097 0.56174 0.15657
0.50850 0.60096 0.99258
0.91231 0.29113 0.54571
0.14506 0.24890 0.69777
0.78173 0.48116 0.28477
0.37593 0.70170 0.37845
0.10127 0.81289 0.23732
0.57994 0.98481 0.17248
0.63733 0.10711 0.61026
0.07210 0.92346 0.28773
0.99514 0.16939 0.20157
0.62764 0.54765 0.95716
0.99235 0.19695 0.68169
0.91444 0.25320 0.38892
0.02808 0.91940 0.37022
0.49668 0.45311 0.46607
0.12904 0.56023 0.51038
0.69519 0.31462 0.14748
0.30301 0.56606 0.49274
0.19391 0.51188 0.51322
0.23390 0.99467 0.24895
0.08112 0.91236 0.93044
0.14973 0.82269 0.51042
0.45575 0.53758 0.42496
0.77157 0.74284 0.31158
0.37783 0.88102 0.81480
0.73267 0.47072 0.81054
0.15805 0.39815 0.86545
0.74926 0.67177 0.66160
0.09968 0.73866 0.52131
0.42364 0.78411 0.30213
0.98916 0.06532 0.64070
0.62804 0.14855 0.05087
0.93285 0.38777 0.57374
0.06181 0.58815 0.69637
0.47800 0.89613 0.82661
0.89152 0.84556 0.61383
0.31122 0.62554 0.33430
0.39059 0.14866 0.00393
0.11802 0.57556 0.41424
0.24607 0.01009 0.67636
0.56777 0.84434 0.42580
0.10935 0.62469 0.14222
0.08057 0.38227 0.91840
0.49894 0.56898 0.59123
0.73509 0.13821 0.78477
0.98802 0.99389 0.34196
0.59222 0.43944 0.72992
0.17197 0.55939 0.60971
0.57109 0.24884 0.60645
0.72699 0.31829 0.43239
0.64213 0.84723 0.98784
0.12327 0.88611 0.48501
0.26217 0.49533 0.61850
0.97254 0.56394 0.91195
0.03762 0.64789 0.05741
0.12620 0.06388 0.04234
0.56233 0.24403 0.47785
0.54122 0.01036 0.73157
0.05558 0.31113 0.69024
0.76346 0.97683 0.88552
0.05055 0.17832 0.76070
0.39186 0.09864 0.13835
0.72421 0.36344 0.55125
0.98308 0.96961 0.51813
0.94395 0.15859 0.62342
0.02381 0.05446 0.60454
0.18973 0.18964 0.53296
0.17277 0.27124 0.68537
0.99839 0.92329 0.74865
0.46675 0.59413 0.61743
0.28578 0.78549 0.99953
0.71105 0.84737 0.45815
0.42950 0.96519 0.65778
0.92343 0.66146 0.74272
0.74951 0.15128 0.53132
0.39839 0.65299 0.83070
0.80803 0.89505 0.25365
0.05760 0.35926 0.25797
0.75815 0.78744 0.03131
0.63091 0.86391 0.05527
0.41185 0.28116 0.95170
0.38686 0.37099 0.59517
0.43905 0.90362 0.02475
0.62025 0.03121 0.52645
0.52419 0.60706 0.21906
0.50406 0.89000 0.66503
0.10122 0.92165 0.82905
0.68329 0.02841 0.51214
0.43747 0.06796 0.99052
0.22715 0.42979 0.64393
0.28552 0.26169 0.03813
0.13900 0.52611 0.34945
0.62782 0.21450 0.08708
0.08826 0.38013 0.13390
0.51813 0.18506 0.88158
0.27334 0.12451 0.52299
0.98198 0.20007 0.68323
0.92101 0.96446 0.49636
0.09218 0.60519 0.54621
0.22333 0.53760 0.17706
0.54461 0.32605 0.70201
0.93601 0.24495 0.65145
0.75084 0.09560 0.23944
0.55822 0.39175 0.46997
0.92381 0.72642 0.84687
0.78433 0.43656 0.18905
0.89210 0.51709 0.00477
0.66241 0.90472 0.30058
0.81496 0.43542 0.25433
0.28936 0.42409 0.03260
0.31581 0.46613 0.90685
0.99438 0.99701 0.64140
0.27377 0.10636 0.62127
0.30617 0.40724 0.56922
0.82932 0.81707 0.53339
0.43853 0.75815 0.66250
0.61872 0.29292 0.97544
0.93457 0.96033 0.07132
0.81582 0.38427 0.70624
0.98174 0.93733 0.40028
0.09263 0.89875 0.08233
0.46448 0.79693 0.85920
0.46020 0.97646 0.38182
0.00171 0.94297 0.63862
0.47166 0.30353 0.20031
0.04204 0.90464 0.32247
0.13022 0.38929 0.60153
0.02187 0.81357 0.08927
0.33510 0.21569 0.94442
0.20825 0.16413 0.50405
0.71705 0.10681 0.40531
0.32457 0.58466 0.17965
0.02826 0.78571 0.08773
0.59762 0.73192 0.51503
0.57175 0.19701 0.13032
0.98456 0.20121 0.57833
0.54471 0.67257 0.33044
0.48098 0.71203 0.29396
0.47699 0.51044 0.06266
0.92109 0.05647 0.06922
0.23476 0.76334 0.40189
0.87670 0.42960 0.31416
0.60737 0.38577 0.96789
0.80824 0.70387 0.80490
0.59014 0.17861 0.70817
0.02351 0.72587 0.00510
0.59914 0.27881 0.50086
0.85364 0.16264 0.32662
0.96415 0.17342 0.94494
0.74547 0.30807 0.38689
0.53006 0.76420 0.46206
0.19110 0.67985 0.18336
0.07841 0.81837 0.88450
0.04025 0.02084 0.61802
0.06483 0.25009 0.85475
0.63911 0.97767 0.52728
0.03734 0.21582 0.13208
0.06286 0.96081 0.48399
0.15623 0.45029 0.66945
0.57079 0.30096 0.91933
0.06318 0.30682 0.09514
0.55305 0.42599 0.89949
0.72695 0.40380 0.62806
0.74402 0.02606 0.56804
0.35571 0.01523 0.01248
0.10867 0.47195 0.20913
0.31390 0.25852 0.86154
0.46181 0.55968 0.55578
0.27144 0.59012 0.78774
0.79336 0.06209 0.10593
0.68966 0.89522 0.61754
0.96627 0.35075 0.31864
0.11335 0.81634 0.96418
0.55585 0.22513 0.62182
0.16663 0.74618 0.68883
0.98686 0.01498 0.19526
0.82874 0.91296 0.81396
0.22252 0.72588 0.16631
0.61610 0.38927 0.24335
0.04027 0.65272 0.61437
0.07639 0.34622 0.64478
0.32120 0.44303 0.12475
0.67656 0.42905 0.93751
0.45451 0.06160 0.98002
0.77491 0.31771 0.19205
0.81218 0.61744 0.28828
0.77402 0.63514 0.40685
0.58725 0.03879 0.30838
0.41534 0.87409 0.01704
0.66748 0.34669 0.60985
0.85354 0.92063 0.83671
0.93146 0.12325 0.55662
0.24084 0.74845 0.89792
0.97822 0.20309 0.90444
0.13503 0.67254 0.25080
0.71877 0.69713 0.28308
0.10785 0.97547 0.95413
0.03893 0.28484 0.25322
0.36061 0.32928 0.46750
0.61475 0.55316 0.35371
0.25290 0.20103 0.11411
0.93230 0.58753 0.86593
0.44302 0.81697 0.11037
0.54664 0.18260 0.14940
0.74135 0.15965 0.87745
0.28108 0.21501 0.87774
0.78281 0.90047 0.96808
0.03409 0.28121 0.15647
0.28006 0.82482 0.46675
0.17415 0.81868 0.33017
0.71944 0.28205 0.46022
0.91914 0.63871 0.17631
0.75004 0.24789 0.53578
0.17132 0.92709 0.02545
0.20055 0.78236 0.02690
0.57430 0.87935 0.43100
0.96756 0.82190 0.81770
0.81429 0.11203 0.18892
0.65250 0.59769 0.19692
0.71496 0.00702 0.04815
0.57182 0.56724 0.80451
0.18936 0.10138 0.53201
0.55957 0.42037 0.54916
0.69382 0.61933 0.92428
0.08331 0.37179 0.43759
0.83169 0.13425 0.86078
0.61991 0.36567 0.10748
0.33649 0.38513 0.71879
0.00275 0.22173 0.86181
0.57516 0.93445 0.91593
0.62147 0.39348 0.04651
0.32345 0.26835 0.47644
0.97294 0.48206 0.93594
0.23871 0.50434 0.65109
0.97182 0.22726 0.18950
0.67607 0.94705 0.80263
0.07863 0.98827 0.75342
0.00806 0.91790 0.82256
0.55532 0.07840 0.96374
0.48978 0.90804 0.84465
0.97757 0.13026 0.85678
0.81367 0.08437 0.91014
0.97804 0.55325 0.61904
0.24468 0.87536 0.42685
0.37650 0.43279 0.87547
0.96594 0.86327 0.62392
0.74396 0.06117 0.54483
0.69278 0.80204 0.04309
0.78026 0.17811 0.38913
0.74926 0.18744 0.12587
0.59150 0.68260 0.37281
0.62834 0.00619 0.16673
0.70400 0.40606 0.06570
0.76989 0.50993 0.71460
0.28429 0.71801 0.39366
0.32458 0.96037 0.11328
0.32821 0.19411 0.01782
0.15056 0.38641 0.32154
0.31702 0.37691 0.43465
0.50022 0.33511 0.14081
0.73569 0.73762 0.86666
0.15390 0.23323 0.42855
0.75147 0.84259 0.70427
0.13259 0.07830 0.06134
0.05706 0.01724 0.08523
0.16083 0.10596 0.35010
0.11689 0.12895 0.86369
0.42028 0.62742 0.66032
0.95924 0.29362 0.52348
0.19460 0.58298 0.09510
0.73300 0.46119 0.88770
0.27121 0.65302 0.86482
0.00779 0.84135 0.25948
0.22476 0.24726 0.72970
0.75331 0.36696 0.25304
0.20131 0.36815 0.92802
0.53598 0.91749 0.73907
0.02901 0.63800 0.17909
0.96492 0.27900 0.06482
0.13493 0.79078 0.67771
0.54250 0.61194 0.71148
0.04027 0.58159 0.52299
0.55386 0.85410 0.16136
0.93242 0.08586 0.58239
0.30341 0.70750 0.06790
0.52131 0.40447 0.44375
0.12662 0.48498 0.29079
0.27845 0.20155 0.55574
0.41160 0.18505 0.57886
0.79339 0.54241 0.43955
0.36083 0.24637 0.36571
0.93226 0.55318 0.78334
0.59857 0.51724 0.81078
0.04374 0.74879 0.78039
0.86613 0.59807 0.60270
0.89504 0.87085 0.94514
0.45406 0.62829 0.03153
0.42794 0.13666 0.06486
0.52164 0.16209 0.46505
0.03907 0.36795 0.58547
0.78411 0.39368 0.37382
0.72441 0.51932 0.41791
0.52275 0.52398 0.17945
0.30538 0.29794 0.23077
0.78884 0.94460 0.40351
0.99516 0.87015 0.19107
0.71033 0.63709 0.44221
0.63999 0.87114 0.23709
0.87968 0.27574 0.39431
0.45412 0.92484 0.42939
0.68416 0.93477 0.47501
0.18637 0.90216 0.33088
0.77468 0.95435 0.86349
0.97768 0.99895 0.67706
0.08626 0.43575 0.60984
0.67504 0.28310 0.42734
0.34339 0.42333 0.21448
0.43688 0.51861 0.80181
0.61355 0.85169 0.73576
0.96305 0.33357 0.14167
0.42842 0.97966 0.30118
0.64256 0.71256 0.66045
0.26610 0.83846 0.36560
0.50608 0.22691 0.23742
0.83464 0.99167 0.79140
0.32403 0.49959 0.21443
0.87178 0.02957 0.56908
0.72891 0.53709 0.03379
0.48040 0.05675 0.51195
0.98716 0.82935 0.25164
0.20199 0.84360 0.39391
0.56741 0.65891 0.26795
0.06921 0.94432 0.44828
0.42730 0.61965 0.77081
0.97061 0.46526 0.63782
0.63591 0.07721 0.11167
0.74290 0.92882 0.89646
0.35519 0.82784 0.09488
0.76752 0.76835 0.03615
0.05613 0.69274 0.43677
0.70802 0.34572 0.13801
0.28756 0.25661 0.57805
0.78970 0.47033 0.46190
0.08702 0.85755 0.20106
0.63106 0.95996 0.81986
0.79763 0.17526 0.02462
0.68988 0.04921 0.60119
0.26574 0.43273 0.98876
0.10093 0.66077 0.47588
0.13396 0.01069 0.53727
0.26502 0.71236 0.09459
0.48311 0.20031 0.20027
0.99057 0.20939 0.10382
0.52898 0.89318 0.21493
0.23229 0.76935 0.94555
0.35412 0.12550 0.61945
0.56852 0.31971 0.53167
0.73276 0.23987 0.06022
0.00144 0.59801 0.90016
0.49897 0.94945 0.23780
0.83243 0.19220 0.92399
0.20726 0.81582 0.98708
0.70741 0.84798 0.65611
0.02544 0.30970 0.23190
0.98653 0.72490 0.07331
0.46674 0.14842 0.37474
0.84979 0.27630 0.70239
0.62850 0.28512 0.27549
0.95564 0.42695 0.41593
0.66807 0.54305 0.37280
0.13944 0.92261 0.56521
0.11553 0.03573 0.18314
0.34110 0.25054 0.80046
0.93683 0.61963 0.55457
0.57190 0.91301 0.86356
0.47934 0.94444 0.61315
0.79540 0.25507 0.31742
0.67888 0.76812 0.34706
0.16913 0.92123 0.72050
0.25181 0.10048 0.17415
0.64285 0.83231 0.63852
0.93742 0.58508 0.41103
0.42431 0.91490 0.49494
0.92255 0.78679 0.60314
0.51466 0.74272 0.04944
0.05853 0.51093 0.58624
0.92317 0.64777 0.41741
0.65672 0.50572 0.37111
0.75858 0.15259 0.90649
0.12676 0.92361 0.91928
0.01383 0.04268 0.02983
0.20038 0.64074 0.85972
0.44507 0.53072 0.76628
0.04570 0.06629 0.92568
0.09046 0.03878 0.04387
0.49053 0.70424 0.31401
0.28907 0.09558 0.24703
0.65653 0.99996 0.78242
0.81776 0.47252 0.26510
0.53169 0.33521 0.90216
0.73551 0.17976 0.88823
0.60148 0.35219 0.04085
0.14408 0.14075 0.61887
0.33048 0.76460 0.85444
0.37096 0.82255 0.39427
0.32636 0.34499 0.78720
0.33876 0.05266 0.06559
0.37626 0.46776 0.78279
0.73041 0.76814 0.59564
0.04122 0.65032 0.95788
0.41328 0.84472 0.33518
0.69911 0.56675 0.30800
0.11756 0.56650 0.58781
0.16966 0.43694 0.32466
0.08800 0.43955 0.17849
0.31060 0.28190 0.74059
0.74039 0.26000 0.85713
0.59532 0.73354 0.29420
0.90128 0.67430 0.98214
0.57246 0.90912 0.53607
0.69706 0.80022 0.62211
0.38608 0.95953 0.32983
0.45532 0.62525 0.06558
0.20336 0.51459 0.87080
0.93214 0.76419 0.22314
0.39877 0.91488 0.09467
0.02683 0.59583 0.29779
0.05496 0.32627 0.51919
0.97136 0.12186 0.51252
0.19014 0.83416 0.57002
0.04926 0.84901 0.93112
0.19926 0.40626 0.65664
0.47476 0.31119 0.58617
0.08466 0.66415 0.40682
0.11859 0.09058 0.19748
0.93090 0.14224 0.01498
0.68851 0.17639 0.10195
0.04678 0.39238 0.42592
0.69077 0.28925 0.51426
0.66812 0.63708 0.39995
0.49328 0.32273 0.98091
0.58919 0.68110 0.93998
0.91924 0.11018 0.89545
0.14632 0.65052 0.96654
0.59409 0.45268 0.26254
0.21010 0.34971 0.24171
0.30204 0.12662 0.44904
0.14076 0.69122 0.81749
0.82849 0.95877 0.10093
0.80310 0.90793 0.16360
0.93957 0.48277 0.79755
0.16769 0.38368 0.87594
0.20691 0.93322 0.28506
0.85388 0.33664 0.82040
0.03032 0.54775 0.78451
0.17662 0.20025 0.55861
0.61851 0.56233 0.14892
0.30931 0.98546 0.45776
0.96190 0.83987 0.79191
0.81868 0.82347 0.47085
0.59139 0.70017 0.89651
0.49501 0.39133 0.86550
0.94695 0.33925 0.36207
0.74886 0.15313 0.21617
0.84160 0.31483 0.61119
0.14827 0.10335 0.76913
0.80068 0.46610 0.97457
0.21099 0.81210 0.90081
0.95227 0.55854 0.33828
0.81897 0.91707 0.74695
0.52676 0.54403 0.98732
0.22744 0.30168 0.58433
0.07637 0.09989 0.22136
0.93296 0.41272 0.60704
0.11881 0.84771 0.15608
0.24999 0.00216 0.70183
0.68034 0.24601 0.23800
0.84366 0.68597 0.97332
0.98842 0.02205 0.35514
0.47938 0.21361 0.97442
0.01110 0.94155 0.19609
0.34834 0.90404 0.60617
0.12001 0.00794 0.00148
0.60224 0.62963 0.94750
0.22716 0.78962 0.52637
0.09340 0.79100 0.72014
0.02204 0.03319 0.50695
0.31121 0.17983 0.63388
0.36796 0.76037 0.15076
0.87745 0.04407 0.99743
0.70960 0.98353 0.23618
0.87879 0.94932 0.24480
0.57219 0.93476 0.03019
0.83955 0.69565 0.60673
0.04106 0.17401 0.14897
0.26448 0.72150 0.49307
0.07740 0.26164 0.36543
0.65593 0.00629 0.21749
0.82050 0.61172 0.74388
0.54611 0.47814 0.34837
0.23806 0.40499 0.46483
0.04692 0.47046 0.27825
0.86004 0.83808 0.59014
0.93539 0.42298 0.23138
0.92926 0.23540 0.76154
0.76805 0.69532 0.51675
0.02274 0.20438 0.06369
0.97338 0.41040 0.61000
0.25706 0.77300 0.34070
0.78331 0.63691 0.60827
0.08193 0.22954 0.95438
0.43402 0.96063 0.83176
0.73519 0.94664 0.08690
0.99283 0.44828 0.70118
0.51660 0.99334 0.13776
0.28822 0.84372 0.56887
0.41360 0.97583 0.72149
0.19659 0.15601 0.25568
0.16264 0.62650 0.13726
0.12134 0.51567 0.54815
0.71854 0.46625 0.28519
0.06603 0.55644 0.32186
0.78814 0.02371 0.55483
0.26653 0.24620 0.51740
0.90292 0.60563 0.24419
0.56763 0.98795 0.82282
0.23073 0.72455 0.90187
0.42014 0.59603 0.54636
0.12556 0.35767 0.36486
0.95556 0.70687 0.07779
0.41254 0.85728 0.70032
0.76849 0.68204 0.85302
0.95345 0.97711 0.78637
0.72202 0.26351 0.74486
0.72216 0.79767 0.53560
0.26285 0.73839 0.16173
0.07501 0.47791 0.24958
0.73859 0.62509 0.30325
0.04952 0.22072 0.41987
0.18200 0.22561 0.07887
0.32292 0.21031 0.12555
0.66646 0.63630 0.28911
0.73181 0.38014 0.10063
0.02291 0.18840 0.02766
0.02191 0.60972 0.62484
0.29455 0.57102 0.61286
0.71581 0.60313 0.25065
0.00426 0.52169 0.57905
0.02936 0.64804 0.43768
0.46038 0.69951 0.33881
0.61307 0.59087 0.15669
0.40769 0.69035 0.94300
0.08034 0.55684 0.59869
0.02146 0.37114 0.86764
0.96971 0.45845 0.51538
0.40322 0.25530 0.88031
0.74573 0.97353 0.61362
0.82628 0.73793 0.35882
0.46860 0.21396 0.34900
0.46711 0.28342 0.60633
0.81657 0.29348 0.07967
0.28768 0.34277 0.83441
0.03268 0.18088 0.05383
0.59855 0.46790 0.52052
0.12199 0.37586 0.32060
0.42469 0.03355 0.89161
0.07304 0.28926 0.68499
0.56214 0.29488 0.04298
0.02021 0.03604 0.72774
0.03717 0.84543 0.88881
0.78731 0.28819 0.62830
0.81788 0.29409 0.76813
0.01292 0.62646 0.58386
0.96294 0.84411 0.80510
0.88385 0.69440 0.22948
0.22580 0.36834 0.12210
0.71620 0.68002 0.27060
0.87761 0.67779 0.08605
0.39926 0.20143 0.77990
0.26058 0.57021 0.08884
0.93083 0.75194 0.09750
0.58078 0.80368 0.23555
0.17820 0.49107 0.16832
0.78122 0.18069 0.66093
0.62051 0.18040 0.28594
0.45072 0.43804 0.27217
0.01416 0.33695 0.02852
0.98964 0.58624 0.04986
0.63749 0.55695 0.33703
0.09510 0.27773 0.52046
0.27407 0.90602 0.38891
0.90271 0.83071 0.20252
0.68443 0.75744 0.91264
0.23608 0.37409 0.03848
0.77523 0.77144 0.95469
0.85920 0.53409 0.85326
0.76814 0.13970 0.87068
0.68084 0.52907 0.70794
0.04267 0.31165 0.56240
0.06083 0.96574 0.43365
0.55921 0.48787 0.67737
0.48307 0.05520 0.89114
0.17479 0.81254 0.61164
0.33244 0.42513 0.71652
0.46900 0.61764 0.81348
0.26810 0.83910 0.95529
0.73685 0.15664 0.90614
0.26661 0.12127 0.62236
0.34337 0.51292 0.11699
0.59391 0.80327 0.10212
0.82163 0.78356 0.78699
0.56340 0.46321 0.57749
0.15801 0.74064 0.08310
0.73141 0.10856 0.22774
0.86840 0.07239 0.10766
0.89167 0.01643 0.08688
0.50379 0.99459 0.64713
0.60938 0.11940 0.97867
0.13360 0.08392 0.44542
0.42943 0.56223 0.93322
0.77553 0.21703 0.36264
0.41217 0.53146 0.27374
0.23367 0.42290 0.32302
0.77603 0.59645 0.14743
0.45372 0.56465 0.58383
0.69732 0.90174 0.13555
0.66473 0.13959 0.82688
0.75607 0.26927 0.76581
0.97666 0.12035 0.41886
0.75499 0.79050 0.62730
0.47167 0.36812 0.90700
0.09109 0.15919 0.69159
0.69936 0.31673 0.79126
0.58646 0.88684 0.72434
0.52221 0.62950 0.61645
0.63135 0.41641 0.15519
0.31684 0.73661 0.84704
0.78621 0.21772 0.74105
0.25919 0.53606 0.04745
0.29563 0.22562 0.34720
0.08672 0.61685 0.60478
0.53116 0.30381 0.51695
0.58683 0.92308 0.20871
0.94420 0.85898 0.30931
0.99532 0.65616 0.73440
0.07541 0.03389 0.77014
0.91134 0.34974 0.78388
0.16585 0.84983 0.57547
0.21366 0.82766 0.55008
0.67881 0.41968 0.10568
0.70426 0.26789 0.29478
0.40864 0.92906 0.20885
0.19426 0.08995 0.10909
0.89491 0.19655 0.73508
0.43437 0.80291 0.47987
0.15382 0.48200 0.96771
0.65652 0.06449 0.37803
0.05967 0.89025 0.83389
0.14478 0.26523 0.63348
0.82830 0.58768 0.94214
0.61549 0.39030 0.89995
0.20618 0.43639 0.12238
0.64266 0.07390 0.58243
0.56418 0.86936 0.04498
0.12194 0.91658 0.05853
0.69544 0.63879 0.50320
0.43926 0.26183 0.88464
0.84347 0.70869 0.19355
0.83042 0.10525 0.97649
0.86795 0.69211 0.52953
0.26198 0.82250 0.82958
0.02866 0.76778 0.40488
0.08650 0.59158 0.60831
0.24619 0.83575 0.28117
0.13689 0.16463 0.33429
0.35362 0.84203 0.41586
0.82021 0.36924 0.80822
0.01185 0.26784 0.85693
0.07963 0.23355 0.21255
0.88833 0.85249 0.23660
0.38685 0.70928 0.96803
0.77977 0.95478 0.77565
0.38936 0.48707 0.23644
0.60705 0.14478 0.89932
0.59683 0.04981 0.85556
0.24012 0.06145 0.72637
0.73318 0.82928 0.94404
0.51233 0.00592 0.81740
0.63718 0.47081 0.23268
0.60581 0.18372 0.81631
0.63976 0.54658 0.36031
0.24707 0.24591 0.19830
0.77949 0.89617 0.62211
0.57932 0.40771 0.45838
0.87841 0.88970 0.14883
0.48076 0.75935 0.29680
0.00303 0.28521 0.71693
0.22328 0.06743 0.38214
0.51563 0.60573 0.56491
0.51441 0.25550 0.05612
0.37460 0.15876 0.46052
0.26192 0.65629 0.57557
0.88256 0.17008 0.49902
0.53762 0.79808 0.40840
0.06574 0.12904 0.15518
0.68750 0.12286 0.16968
0.35587 0.90521 0.34979
0.11424 0.71589 0.98399
0.86127 0.42327 0.28492
0.26004 0.75660 0.66601
0.76229 0.12067 0.06509
0.72811 0.26586 0.98423
0.29515 0.88288 0.03145
0.34192 0.48318 0.24143
0.49974 0.44186 0.87843
0.25262 0.58152 0.82694
0.91320 0.90385 0.43413
0.05368 0.25729 0.29663
0.37992 0.97623 0.69988
0.19205 0.64331 0.09232
0.56446 0.09771 0.67836
0.54870 0.56017 0.94131
0.99059 0.89067 0.99404
0.93121 0.84531 0.99065
0.03118 0.31291 0.87912
0.15430 0.26545 0.92582
0.70628 0.14107 0.51726
0.44484 0.78764 0.74265
0.43225 0.31633 0.82399
0.66121 0.94802 0.74256
0.49764 0.52551 0.42994
0.76921 0.45456 0.70843
0.72069 0.54074 0.96284
0.83283 0.28230 0.01710
0.75662 0.97038 0.45360
0.59218 0.48296 0.95050
0.89909 0.50051 0.56336
0.30917 0.50847 0.64688
0.88819 0.80249 0.44890
0.82861 0.51802 0.56724
0.78989 0.62051 0.57996
0.17411 0.68115 0.97352
0.30752 0.71182 0.85482
0.13711 0.75375 0.24903
0.43989 0.22274 0.71875
0.43032 0.10301 0.36432
0.18037 0.66739 0.35431
0.05436 0.99835 0.81321
0.13693 0.54020 0.20378
0.72358 0.38456 0.69070
0.36273 0.00765 0.84474
0.74620 0.89374 0.37369
0.36890 0.35312 0.24990
0.33381 0.06409 0.27728
0.39933 0.47587 0.57720
0.54089 0.81858 0.04536
0.59400 0.76126 0.85328
0.60210 0.93418 0.23658
0.53541 0.22546 0.86914
0.61890 0.05806 0.15774
0.96482 0.57515 0.76571
0.30398 0.10493 0.40234
0.63707 0.52756 0.36155
0.65655 0.91409 0.50589
0.58651 0.38587 0.35425
0.81512 0.26054 0.31591
0.46838 0.38142 0.51023
0.99733 0.57574 0.09450
0.28252 0.45785 0.52550
0.09202 0.66320 0.44572
0.73343 0.30097 0.66156
0.05926 0.27452 0.42605
0.51774 0.57285 0.77255
0.87345 0.06302 0.48678
0.93498 0.20225 0.09534
0.31453 0.78002 0.10801
0.77537 0.28109 0.75800
0.27681 0.81945 0.07532
0.11580 0.36545 0.27281
0.58674 0.68613 0.33187
0.97141 0.37579 0.70736
0.96490 0.01274 0.94527
0.14619 0.79225 0.27864
0.99316 0.67878 0.35756
0.20060 0.46304 0.57479
0.64212 0.76242 0.05274
0.25541 0.79036 0.84869
0.20286 0.70963 0.14657
0.61157 0.12687 0.27610
0.48728 0.14602 0.53558
0.86566 0.22229 0.32136
0.87345 0.42066 0.76396
0.57804 0.64294 0.71429
0.96729 0.87985 0.72147
0.64061 0.45560 0.74376
0.46933 0.33760 0.58187
0.41849 0.56113 0.96242
0.20243 0.52139 0.11021
0.98780 0.55099 0.16438
0.84266 0.89782 0.43651
0.47228 0.62626 0.25189
0.95343 0.93131 0.94400
0.16423 0.92008 0.43439
0.11056 0.40948 0.02911
0.81554 0.93314 0.04911
0.06341 0.75962 0.25138
0.50214 0.59086 0.60281
0.70757 0.08203 0.54332
0.82383 0.69787 0.33762
0.44126 0.03521 0.44292
0.20990 0.79266 0.07842
0.35342 0.17867 0.32790
0.49246 0.12734 0.48798
0.54390 0.84759 0.33833
0.34475 0.76350 0.13640
0.47580 0.69806 0.34614
0.70423 0.08200 0.31262
0.97881 0.62043 0.10780
0.03294 0.78995 0.47026
0.52248 0.46123 0.31612
0.39417 0.48010 0.78467
0.81309 0.01911 0.76491
0.28351 0.48241 0.83800
0.73133 0.63577 0.42555
0.71264 0.90793 0.81138
0.81481 0.61513 0.79748
0.44378 0.11962 0.36511
0.16049 0.91842 0.33531
0.31601 0.70284 0.11893
0.61799 0.33038 0.29435
0.42552 0.61713 0.19048
0.25638 0.81633 0.88080
0.31562 0.24646 0.16440
0.93600 0.26123 0.77728
0.06423 0.30743 0.90501
0.23522 0.84277 0.53447
0.41665 0.01053 0.46241
0.60979 0.48713 0.53157
0.04525 0.47299 0.58701
0.04975 0.40133 0.36626
0.34412 0.74201 0.20666
0.01087 0.65819 0.73874
0.61628 0.31295 0.10860
0.50907 0.57010 0.21693
0.37157 0.60235 0.24852
0.45523 0.55504 0.36634
0.05285 0.48045 0.42824
0.89537 0.63158 0.15992
0.07976 0.29371 0.32431
0.71501 0.32099 0.96798
0.93515 0.89561 0.43557
0.59086 0.28340 0.91049
0.46409 0.24867 0.80136
0.78497 0.88204 0.03785
0.42787 0.49337 0.04959
0.94519 0.02910 0.76709
0.85804 0.39982 0.86282
0.69184 0.51201 0.30580
0.63883 0.01940 0.98306
0.46341 0.90150 0.05947
0.09845 0.10152 0.11396
0.06921 0.57927 0.64144
0.75938 0.53312 0.96721
0.54201 0.23586 0.61577
0.99123 0.58290 0.27653
0.10557 0.58174 0.80830
0.43974 0.81532 0.39456
0.73132 0.11747 0.38943
0.94162 0.31135 0.10012
0.34664 0.47605 0.44113
0.59204 0.00963 0.38069
0.56004 0.48603 0.91079
0.01288 0.85772 0.72536
0.79666 0.06791 0.21502
0.63274 0.49763 0.85943
0.44698 0.28529 0.88953
0.62772 0.51094 0.60946
0.83421 0.59347 0.63034
0.52193 0.42853 0.19623
0.99490 0.40720 0.01341
0.29212 0.46056 0.49502
0.16951 0.35467 0.85210
0.57743 0.48677 0.11174
0.93010 0.98250 0.93817
0.07773 0.85296 0.89254
0.20111 0.21401 0.10645
0.77740 0.34004 0.32418
0.10246 0.43344 0.66717
0.98576 0.44874 0.25347
0.99779 0.68032 0.41793
0.70070 0.48454 0.96764
0.44346 0.67933 0.53981
0.93785 0.79665 0.12019
0.70136 0.55620 0.12896
0.01581 0.24458 0.29770
0.29689 0.52360 0.87072
0.72798 0.20094 0.18202
0.63702 0.26214 0.27075
0.02982 0.04296 0.49535
0.81017 0.61057 0.76718
0.54323 0.84413 0.18131
0.26993 0.04291 0.78592
0.73022 0.08781 0.40471
0.19751 0.40773 0.99061
0.76391 0.68481 0.26881
0.33871 0.64446 0.27856
0.29273 0.89028 0.89721
0.93933 0.24617 0.29523
0.63226 0.60598 0.37712
0.73571 0.71139 0.62340
0.21216 0.13615 0.12383
0.56591 0.84482 0.62585
0.98563 0.90267 0.89534
0.37556 0.85516 0.37301
0.71861 0.70369 0.37809
0.01272 0.90577 0.69299
0.00916 0.03315 0.29923
0.04635 0.73691 0.53966
0.94316 0.17889 0.62042
0.26218 0.40969 0.57962
0.96727 0.00153 0.13194
0.98156 0.48573 0.18004
0.55088 0.77250 0.66323
0.30891 0.76422 0.30863
0.93719 0.25028 0.16406
0.58227 0.22637 0.35882
0.58246 0.79186 0.46023
0.66838 0.66334 0.69876
0.80912 0.13930 0.25935
0.92362 0.20728 0.14899
0.54912 0.64012 0.11070
0.45110 0.38956 0.21722
0.74777 0.23757 0.42749
0.66180 0.62243 0.35748
0.97508 0.86428 0.42486
0.09667 0.61582 0.11098
0.63819 0.35082 0.05413
0.73682 0.81992 0.73119
0.47589 0.38975 0.12869
0.04279 0.99154 0.71965
0.39146 0.33299 0.46821
0.34244 0.94219 0.47711
0.10644 0.33100 0.92759
0.47608 0.82786 0.47384
0.21007 0.15937 0.63442
0.69550 0.61351 0.90649
0.43134 0.65722 0.30744
0.34317 0.13475 0.45281
0.23468 0.98082 0.71978
0.22908 0.42684 0.38805
0.74748 0.89842 0.27684
0.38553 0.40253 0.53884
0.74920 0.68581 0.13371
0.60008 0.99776 0.66252
0.70886 0.00326 0.47154
0.24087 0.34035 0.49787
0.62292 0.77485 0.59196
0.15299 0.22742 0.31813
0.27991 0.19192 0.88171
0.85572 0.57826 0.85769
0.78407 0.52057 0.74914
0.40040 0.70250 0.49091
0.73155 0.69720 0.62953
0.52497 0.79990 0.66308
0.88790 0.74063 0.04737
0.40579 0.49661 0.95954
0.13771 0.90167 0.95663
0.54694 0.05228 0.37090
0.80119 0.52335 0.55400
0.24952 0.23945 0.40557
0.36363 0.97363 0.48974
0.33884 0.58637 0.74018
0.33499 0.43205 0.77725
0.05376 0.21121 0.99718
0.82597 0.59670 0.56450
0.45061 0.73181 0.96697
0.56541 0.45299 0.84163
0.95339 0.41031 0.52905
0.51558 0.51428 0.41206
0.78197 0.35811 0.52457
0.67579 0.13698 0.03814
0.90879 0.58648 0.81627
0.54302 0.79929 0.83631
0.32357 0.42808 0.69626
0.09277 0.15302 0.53032
0.75957 0.73138 0.87918
0.05784 0.53759 0.66947
0.20038 0.14205 0.11249
0.28698 0.29002 0.00381
0.21891 0.54155 0.97552
0.31546 0.30755 0.18669
0.52616 0.74117 0.06946
0.77676 0.06892 0.27734
0.87623 0.64003 0.72759
0.92491 0.20137 0.79088
0.18407 0.76004 0.66171
0.94139 0.03856 0.83948
0.03589 0.39132 0.40987
0.99916 0.84875 0.20035
0.72237 0.93132 0.91022
0.07715 0.01846 0.23160
0.85999 0.70110 0.44208
0.86050 0.83900 0.55084
0.34339 0.69392 0.68552
0.94449 0.38508 0.41965
0.13475 0.46214 0.24520
0.52186 0.92189 0.19605
0.31894 0.99997 0.70918
0.43029 0.15000 0.17366
0.29110 0.05644 0.57808
0.20218 0.70373 0.70619
0.28247 0.20683 0.38587
0.90253 0.96103 0.40649
0.14615 0.09068 0.81749
0.89562 0.86188 0.32812
0.61858 0.65196 0.82614
0.48511 0.45291 0.28133
0.98398 0.00314 0.83691
0.34829 0.11511 0.59366
0.53183 0.85862 0.73981
0.28593 0.22371 0.93243
0.44762 0.04544 0.51166
0.65810 0.03535 0.28749
0.90577 0.15500 0.59972
0.72656 0.98399 0.78317
0.33130 0.13655 0.82184
0.19858 0.68212 0.72819
0.06330 0.64424 0.51076
0.64244 0.65357 0.88876
0.93431 0.93732 0.10217
0.07776 0.59152 0.45366
0.30291 0.13564 0.62920
0.74656 0.80120 0.56397
0.84597 0.02829 0.59322
0.41432 0.19513 0.79883
0.94996 0.13974 0.36317
0.60852 0.82203 0.87861
0.66121 0.03868 0.20511
0.17794 0.51358 0.37799
0.24430 0.57796 0.35936
0.25087 0.45997 0.86092
0.07056 0.12796 0.89215
0.49926 0.72078 0.01179
0.61102 0.10582 0.96708
0.53929 0.81881 0.14200
0.52109 0.73253 0.04088
0.72372 0.52660 0.38071
0.86912 0.24013 0.37139
0.56055 0.96828 0.01999
0.35975 0.22544 0.75466
0.01595 0.03398 0.60752
0.07577 0.87471 0.82170
0.43564 0.60592 0.82768
0.51266 0.59666 0.09642
0.21945 0.53765 0.41976
0.25359 0.65611 0.16039
0.98685 0.49095 0.20714
0.73973 0.33010 0.12948
0.21517 0.97255 0.32173
0.19395 0.58595 0.18955
0.57650 0.34799 0.56833
0.76016 0.09640 0.00415
0.14479 0.52535 0.68459
0.99818 0.01656 0.24556
0.14396 0.80098 0.41978
0.32895 0.50495 0.43702
0.91532 0.61206 0.40289
0.37968 0.54248 0.15016
0.54189 0.12930 0.39200
0.54019 0.07385 0.20946
0.15805 0.77823 0.98369
0.42077 0.70203 0.06317
0.56514 0.51567 0.77668
0.66104 0.03068 0.54101
0.70846 0.94862 0.05214
0.40458 0.63626 0.22137
0.68417 0.60307 0.60316
0.63625 0.45343 0.20505
0.77549 0.80955 0.15542
0.77192 0.72041 0.08124
0.62467 0.24500 0.79255
0.59001 0.28265 0.72451
0.87440 0.23315 0.70697
0.39755 0.31173 0.74049
0.45967 0.92469 0.46880
0.49950 0.99897 0.42473
0.45638 0.14283 0.74389
0.81194 0.19343 0.92130
0.91319 0.73186 0.90788
0.34864 0.44540 0.72832
0.79087 0.49581 0.21509
0.29266 0.64212 0.47704
0.26107 0.19733 0.75215
0.76653 0.18217 0.09169
0.22405 0.59977 0.81008
0.84202 0.44584 0.26148
0.45610 0.73479 0.01709
0.84649 0.61761 0.76169
0.60448 0.34688 0.70163
0.01848 0.90272 0.87528
0.73211 0.69742 0.92379
0.62879 0.70248 0.81579
0.32762 0.40424 0.08532
0.16735 0.68919 0.19047
0.56002 0.08722 0.06004
0.17312 0.21482 0.49988
0.24593 0.13654 0.93942
0.23703 0.78628 0.50408
0.50445 0.72901 0.94066
0.12544 0.13902 0.52916
0.73363 0.26236 0.69337
0.48780 0.54649 0.51492
0.80022 0.30013 0.59473
0.56741 0.42818 0.82175
0.23123 0.54358 0.31262
0.46681 0.49348 0.42900
0.54566 0.75685 0.01861
0.07320 0.61228 0.21216
0.85920 0.97646 0.67882
0.33113 0.30742 0.50995
0.66446 0.43206 0.49131
0.16463 0.45998 0.44732
0.65682 0.64456 0.63196
0.21083 0.53107 0.45596
0.46145 0.93425 0.54042
0.71932 0.70201 0.64611
0.24675 0.92355 0.89161
0.30612 0.95101 0.79376
0.47154 0.80381 0.53036
0.34110 0.02784 0.55036
0.14827 0.94526 0.85299
0.56437 0.19188 0.82091
0.78329 0.88024 0.66637
0.28518 0.87505 0.15978
0.75788 0.83713 0.53869
0.92103 0.65638 0.84018
0.30768 0.21369 0.15104
0.88743 0.29212 0.00415
0.79224 0.00913 0.63249
0.23418 0.75195 0.34200
0.72979 0.89444 0.45119
0.35930 0.10903 0.95409
0.88637 0.60274 0.58237
0.19794 0.30293 0.34066
0.85901 0.35606 0.54978
0.62011 0.29867 0.46425
0.15338 0.15625 0.70801
0.60623 0.89626 0.11289
0.05318 0.40960 0.97020
0.38867 0.11290 0.85514
0.73308 0.53022 0.53044
0.44738 0.33809 0.99829
0.36471 0.26967 0.10569
0.20635 0.97828 0.31337
0.39110 0.66501 0.88946
0.03743 0.16264 0.08072
0.03538 0.82914 0.96869
0.30482 0.17827 0.00513
0.92463 0.50132 0.28197
0.64562 0.20670 0.15562
0.83589 0.47152 0.51633
0.76686 0.36254 0.30900
0.74465 0.53313 0.22228
0.63060 0.47713 0.32693
0.78043 0.20097 0.02411
0.57761 0.57482 0.80513
0.35937 0.76586 0.08140
0.29769 0.19876 0.67198
0.90954 0.03770 0.64222
0.89912 0.86650 0.98214
0.51864 0.47544 0.22400
0.39574 0.54859 0.06621
0.52581 0.35595 0.58627
0.89976 0.17166 0.10112
0.19739 0.34083 0.74084
0.31424 0.42296 0.61294
0.46194 0.27702 0.58602
0.12701 0.48131 0.26749
0.23468 0.58211 0.45232
0.32678 0.08625 0.32779
0.15962 0.14844 0.15153
0.17079 0.55528 0.55943
0.28322 0.40526 0.56358
0.28221 0.41718 0.69067
0.47165 0.08851 0.65705
0.42032 0.44272 0.45490
0.32445 0.53371 0.46978
0.18131 0.94808 0.21676
0.21665 0.37013 0.33684
0.64366 0.36231 0.65551
0.87782 0.51968 0.31948
0.97133 0.59878 0.08126
0.47174 0.85738 0.15274
0.38117 0.37325 0.64426
0.84291 0.27252 0.11342
0.63617 0.17515 0.03346
0.84463 0.23889 0.10443
0.71748 0.16215 0.93985
0.48971 0.78240 0.44428
0.72896 0.73986 0.23620
0.42894 0.82104 0.88972
0.88818 0.60264 0.56857
0.74264 0.17622 0.96572
0.12585 0.61202 0.45781
0.30618 0.84714 0.34985
0.81965 0.02457 0.82716
0.53385 0.91809 0.06996
0.49506 0.50029 0.52526
0.14087 0.53148 0.49956
0.03762 0.29227 0.51087
0.21507 0.60959 0.65675
0.51634 0.15454 0.00798
0.47158 0.43571 0.57362
0.22154 0.91727 0.65994
0.22992 0.96030 0.18863
0.61501 0.86482 0.40319
0.52888 0.03193 0.79141
0.35359 0.46802 0.05343
0.01522 0.59715 0.47399
0.69109 0.54089 0.24305
0.63388 0.10996 0.46670
0.12379 0.62310 0.20406
0.13359 0.17380 0.00691
0.32635 0.67062 0.61134
0.42534 0.22889 0.91325
0.98154 0.00732 0.86330
0.47910 0.78171 0.05704
0.35154 0.99437 0.27003
0.35666 0.07967 0.33078
0.95965 0.74514 0.15540
0.54669 0.28239 0.75818
0.92180 0.74408 0.09858
0.57060 0.20484 0.40259
0.60873 0.54009 0.83442
0.56192 0.03590 0.15951
0.34935 0.72326 0.69837
0.52050 0.37978 0.72445
0.69401 0.66685 0.68847
0.65392 0.33599 0.72340
0.44488 0.05216 0.37127
0.41625 0.77604 0.93711
0.59905 0.00018 0.09116
0.49368 0.03486 0.22722
0.12030 0.17106 0.25784
0.36045 0.46466 0.97868
0.74553 0.12009 0.63128
0.38537 0.35600 0.13655
0.38873 0.11772 0.67435
0.35855 0.65884 0.34985
0.26447 0.87255 0.43137
0.31535 0.81520 0.13455
0.22478 0.21164 0.66041
0.70948 0.24478 0.50006
0.21728 0.15329 0.18887
0.49005 0.96386 0.58213
0.96110 0.68359 0.93238
0.84310 0.70580 0.18678
0.46195 0.26147 0.69628
0.32114 0.17426 0.18809
0.05828 0.34051 0.09927
0.19484 0.14623 0.76478
0.17839 0.40928 0.71825
0.89730 0.32431 0.10852
0.31498 0.47349 0.26976
0.53204 0.10285 0.77240
0.92595 0.12418 0.93551
0.65366 0.46210 0.65586
0.89008 0.44460 0.85316
0.85286 0.46986 0.15132
0.32125 0.86317 0.42639
0.87099 0.31753 0.58361
0.78747 0.82253 0.99485
0.96073 0.18658 0.64374
0.44899 0.93149 0.53733
0.80295 0.43394 0.42196
0.89337 0.80966 0.82861
0.54657 0.29493 0.67848
0.45699 0.89286 0.32655
0.40396 0.23821 0.11757
0.53999 0.87359 0.24289
0.86018 0.57058 0.93819
0.51913 0.04764 0.46953
