0.57248 0.17231 0.29643
0.11072 0.97688 0.19897
0.04110 0.39890 0.03647
0.17894 0.29591 0.36033
0.17401 0.09661 0.70521
0.70730 0.32152 0.69784
0.10973 0.28482 0.99055
0.06200 0.11086 0.72262
0.39660 0.57895 0.81493
0.63600 0.37434 0.19170
0.59651 0.53131 0.41727
0.02593 0.86903 0.63216
0.25583 0.03177 0.84713
0.11773 0.10401 0.11740
0.60138 0.19302 0.09998
0.16629 0.58697 0.39100
0.46944 0.32508 0.21147
0.14805 0.06186 0.34773
0.78474 0.39888 0.11628
0.52994 0.57273 0.24997
0.83216 0.26388 0.18541
0.92426 0.09939 0.67655
0.43262 0.60684 0.15669
0.05959 0.83066 0.54638
0.71855 0.65257 0.66098
0.88275 0.41417 0.88636
0.13289 0.46954 0.69764
0.93739 0.53230 0.93915
0.58490 0.45625 0.20578
0.10047 0.06104 0.92792
0.98888 0.83105 0.43381
0.63130 0.81896 0.93889
0.85278 0.21808 0.59631
0.29785 0.40069 0.64578
0.41261 0.74158 0.56683
0.42547 0.97762 0.49394
0.92204 0.34132 0.77207
0.00622 0.86376 0.03880
0.54750 0.64941 0.70625
0.69762 0.06722 0.72072
0.97129 0.90641 0.24331
0.28738 0.11564 0.57162
0.28619 0.90838 0.84205
0.15806 0.57576 0.31541
0.53366 0.92233 0.46227
0.27844 0.14862 0.17991
0.01959 0.46979 0.37330
0.67317 0.24938 0.71928
0.16922 0.09060 0.05088
0.93851 0.61135 0.04958
0.03375 0.18103 0.58731
0.33233 0.19789 0.72594
0.54546 0.81169 0.84622
0.66469 0.19525 0.77380
0.53160 0.69294 0.31442
0.60652 0.42893 0.08016
0.17254 0.42871 0.42407
0.18929 0.00685 0.12766
0.53768 0.30737 0.53969
0.15206 0.16133 0.72268
0.35823 0.23569 0.89083
0.65149 0.86043 0.77211
0.18240 0.73183 0.43646
0.30397 0.38173 0.11953
0.73910 0.24860 0.20740
0.47966 0.52287 0.26369
0.03658 0.27777 0.87014
0.14708 0.32102 0.56192
0.40188 0.64576 0.65588
0.30681 0.50179 0.30177
0.68472 0.09668 0.09933
0.81618 0.54194 0.57855
0.46138 0.75027 0.05790
0.67068 0.27572 0.54621
0.01908 0.29070 0.46477
0.08616 0.06507 0.81979
0.89609 0.72812 0.83474
0.38838 0.42257 0.92595
0.41958 0.84248 0.78207
0.34746 0.81273 0.41254
0.56075 0.24285 0.48885
0.23107 0.55983 0.03794
0.64188 0.93991 0.01724
0.13302 0.83950 0.98022
0.09726 0.71383 0.96200
0.99334 0.50592 0.08906
0.87353 0.54534 0.58010
0.43258 0.60417 0.93598
0.18610 0.66078 0.32823
0.59101 0.63559 0.36506
0.29884 0.50804 0.20721
0.82235 0.40732 0.91968
0.47384 0.21948 0.79090
0.64580 0.88292 0.70218
0.64402 0.25069 0.03729
0.25964 0.11827 0.52265
0.99027 0.63807 0.63467
0.70184 0.70480 0.23596
0.29132 0.42756 0.01224
0.91180 0.08178 0.61716
0.45564 0.40934 0.07809
0.09612 0.09843 0.24612
0.81317 0.40177 0.48651
0.47606 0.66187 0.10937
0.42132 0.77620 0.89065
0.65282 0.51459 0.17274
0.90229 0.77122 0.48574
0.57042 0.30571 0.26349
0.70460 0.52294 0.26044
0.63598 0.47651 0.91002
0.63203 0.71784 0.91484
0.35103 0.25075 0.29207
0.70381 0.91528 0.94729
0.58837 0.26679 0.36511
0.89453 0.56845 0.91243
0.45537 0.17946 0.15867
0.67646 0.90418 0.83202
0.85916 0.10848 0.45268
0.63563 0.91301 0.17969
0.98379 0.02511 0.09142
0.64326 0.18174 0.03056
0.62841 0.53573 0.15235
0.35787 0.87148 0.95008
0.18977 0.75884 0.18846
0.97368 0.77842 0.61450
0.64601 0.49907 0.78891
0.16489 0.31269 0.82725
0.00067 0.19799 0.78466
0.48288 0.90048 0.06367
0.21191 0.08275 0.08936
0.17319 0.46724 0.13278
0.51165 0.06313 0.21763
0.38292 0.09104 0.78609
0.31545 0.69398 0.08221
0.10929 0.98816 0.17569
0.59884 0.51064 0.97468
0.02312 0.98057 0.56847
0.65750 0.43899 0.48360
0.25621 0.16535 0.46421
0.85349 0.51510 0.59021
0.44190 0.73616 0.48359
0.18993 0.57260 0.75455
0.39973 0.06736 0.37552
0.76074 0.80212 0.61657
0.38230 0.83345 0.21248
0.80860 0.07627 0.77886
0.52014 0.20529 0.09546
0.40807 0.80838 0.58031
0.34941 0.59147 0.20624
0.29079 0.00265 0.04068
0.40152 0.86304 0.13797
0.57671 0.37527 0.16664
0.27280 0.41074 0.62345
0.64804 0.31568 0.98499
0.99011 0.98923 0.85520
0.52726 0.70146 0.48402
0.52530 0.86197 0.07201
0.91896 0.46970 0.39433
0.94846 0.65522 0.53050
0.79620 0.66223 0.06070
0.49220 0.02880 0.53730
0.59368 0.29640 0.09329
0.25470 0.03059 0.30922
0.80839 0.22482 0.04635
0.13183 0.40220 0.31717
0.68466 0.58449 0.56303
0.37815 0.25924 0.23757
0.54203 0.20341 0.80408
0.29051 0.09226 0.70889
0.43087 0.87602 0.10715
0.79463 0.86912 0.37554
0.99766 0.42003 0.74897
0.33579 0.72005 0.68081
0.19303 0.48805 0.52603
0.92840 0.54177 0.40645
0.25586 0.63229 0.77270
0.75184 0.40812 0.88408
0.06066 0.08936 0.08833
0.46349 0.61295 0.64493
0.62690 0.11102 0.49130
0.18799 0.06152 0.50931
0.41007 0.39053 0.83291
0.93982 0.94121 0.99905
0.28229 0.95430 0.22166
0.78369 0.31491 0.71408
0.84281 0.00106 0.51351
0.32562 0.03297 0.55620
0.86451 0.25842 0.79949
0.21713 0.03405 0.65571
0.91218 0.68307 0.18786
0.76827 0.18488 0.37205
0.91925 0.13697 0.20331
0.24168 0.18960 0.76220
0.28250 0.73959 0.83980
0.33966 0.15946 0.76173
0.29523 0.84303 0.84898
0.34584 0.58722 0.22853
0.48880 0.85179 0.95439
0.77584 0.81648 0.83907
0.86236 0.60468 0.68826
0.77083 0.67185 0.98638
0.62587 0.94386 0.28608
0.77543 0.68362 0.22617
0.47076 0.78398 0.40746
0.33633 0.70020 0.45786
0.11472 0.19282 0.54617
0.26992 0.22925 0.90066
0.41821 0.58856 0.07689
0.85218 0.01824 0.27056
0.41381 0.75127 0.40860
0.99470 0.09613 0.56254
0.95356 0.71181 0.83681
0.10753 0.50034 0.90828
0.21781 0.66141 0.15837
0.55466 0.41822 0.40585
0.48257 0.11418 0.91856
0.85876 0.71179 0.00996
0.65939 0.77418 0.36538
0.77680 0.99073 0.53125
0.76961 0.37729 0.54745
0.95892 0.15706 0.90418
0.03249 0.85351 0.50837
0.84535 0.13749 0.56116
0.97459 0.15218 0.69524
0.84614 0.62464 0.58736
0.60102 0.38712 0.81265
0.37211 0.52222 0.01976
0.48785 0.50848 0.44526
0.26051 0.19281 0.96771
0.95603 0.99112 0.48553
0.75502 0.04036 0.88806
0.92294 0.18989 0.28493
0.59556 0.02728 0.01470
0.12164 0.22644 0.98163
0.42724 0.62976 0.03015
0.41430 0.93099 0.32845
0.61063 0.09910 0.15456
0.97475 0.82169 0.10388
0.65676 0.76075 0.12673
0.00287 0.83928 0.01589
0.57036 0.82461 0.14192
0.36938 0.40270 0.45358
0.74552 0.59810 0.20565
0.96786 0.13030 0.23454
0.64791 0.22318 0.83621
0.04324 0.71082 0.99418
0.06435 0.28132 0.37652
0.79123 0.66916 0.40486
0.75233 0.75782 0.57150
0.13793 0.48465 0.60987
0.67303 0.60255 0.62969
0.45494 0.62101 0.53004
0.67258 0.29817 0.81576
0.22272 0.55850 0.39418
0.79963 0.69522 0.81552
0.64131 0.56804 0.01312
0.35634 0.21396 0.69069
0.14386 0.45449 0.31536
0.21508 0.21089 0.36146
0.15984 0.31432 0.10490
0.20154 0.52020 0.92393
0.13600 0.31634 0.52343
0.72566 0.45679 0.38918
0.14875 0.99329 0.57783
0.08537 0.25745 0.07039
0.98382 0.71972 0.52702
0.20125 0.06273 0.41315
0.03612 0.42986 0.59757
0.80925 0.69208 0.79159
0.16840 0.50821 0.96964
0.53112 0.11867 0.45863
0.18953 0.95463 0.45997
0.52394 0.13108 0.55310
0.92309 0.71566 0.26554
0.41540 0.25012 0.64456
0.40463 0.88281 0.10340
0.34427 0.93094 0.62925
0.93805 0.30059 0.38259
0.48705 0.25965 0.70195
0.80368 0.43560 0.36109
0.13341 0.61629 0.74074
0.91071 0.74150 0.93781
0.27798 0.44487 0.96599
0.98366 0.75980 0.20227
0.88270 0.73560 0.11704
0.79634 0.51784 0.79232
0.50017 0.25590 0.19264
0.30471 0.80261 0.65072
0.01674 0.64370 0.92993
0.36939 0.38231 0.37687
0.55098 0.59457 0.86218
0.38109 0.68256 0.98661
0.54815 0.73835 0.32189
0.58733 0.08396 0.69127
0.51640 0.40833 0.46371
0.75187 0.72987 0.17957
0.87576 0.35746 0.80654
0.23999 0.50543 0.57660
0.76787 0.49099 0.40197
0.77646 0.19161 0.12323
0.22460 0.81822 0.42249
0.78708 0.45592 0.93854
0.61676 0.67274 0.96433
0.79761 0.32945 0.63385
0.70076 0.04815 0.63255
0.17541 0.51664 0.15481
0.30916 0.99872 0.19240
0.53925 0.02888 0.31882
0.32236 0.96110 0.33032
0.53888 0.48326 0.89026
0.77601 0.39171 0.67656
0.25427 0.42740 0.38218
0.70267 0.49312 0.66697
0.45014 0.17155 0.43963
0.05261 0.31894 0.22619
0.14743 0.78292 0.09353
0.70486 0.02578 0.35596
0.00443 0.94601 0.97902
0.29070 0.62788 0.05461
0.60174 0.12019 0.59858
0.82862 0.36424 0.64701
0.85745 0.65984 0.10640
0.70450 0.51441 0.42672
0.93204 0.13605 0.27645
0.55628 0.28948 0.08078
0.52248 0.03662 0.28248
0.16159 0.42611 0.15997
0.40996 0.18987 0.84553
0.36052 0.00383 0.16550
0.33550 0.82062 0.90805
0.69124 0.42780 0.38622
0.16237 0.99098 0.63510
0.71914 0.15723 0.73132
0.61743 0.29221 0.25670
0.70016 0.77631 0.74089
0.20167 0.94347 0.05455
0.95298 0.50762 0.59400
0.10853 0.62276 0.92721
0.19345 0.37693 0.05779
0.09066 0.53433 0.34147
0.06804 0.29540 0.60833
0.47387 0.19501 0.81497
0.40698 0.68554 0.47343
0.99144 0.34478 0.01401
0.36246 0.90554 0.10760
0.44986 0.88071 0.58037
0.05592 0.13166 0.48712
0.07772 0.89672 0.24173
0.55279 0.57893 0.60039
0.29662 0.00962 0.18944
0.42949 0.58866 0.09825
0.51989 0.57981 0.06464
0.35447 0.05942 0.85391
0.57734 0.66218 0.15020
0.24453 0.89885 0.13209
0.72561 0.29131 0.56081
0.53426 0.18645 0.52633
0.91986 0.70640 0.20251
0.79031 0.89869 0.55125
0.08375 0.98308 0.43945
0.05043 0.51759 0.56392
0.74381 0.08329 0.22564
0.57222 0.89844 0.35064
0.94231 0.32584 0.16100
0.20515 0.23395 0.48932
0.31935 0.18633 0.65288
0.19758 0.20904 0.98034
0.52338 0.69485 0.91363
0.41233 0.55255 0.64539
0.47080 0.58131 0.48340
0.87590 0.99145 0.03487
0.57218 0.80069 0.11214
0.93584 0.17018 0.11813
0.94633 0.06930 0.19888
0.23421 0.82552 0.96049
0.47668 0.33194 0.49004
0.13765 0.77446 0.95307
0.83403 0.64956 0.48358
0.90292 0.92715 0.98541
0.53597 0.15794 0.07474
0.35758 0.25034 0.76084
0.39630 0.85430 0.78466
0.24140 0.65018 0.61775
0.73799 0.45695 0.26139
0.82225 0.09404 0.26620
0.95477 0.29229 0.23001
0.28213 0.22577 0.79035
0.33970 0.37995 0.26066
0.93805 0.73524 0.40718
0.39611 0.55015 0.31769
0.19755 0.85586 0.53627
0.33509 0.84563 0.88081
0.50768 0.19672 0.23324
0.04969 0.04071 0.73311
0.72237 0.11131 0.59788
0.71973 0.80786 0.59173
0.26623 0.43847 0.95575
0.83412 0.25280 0.64871
0.05353 0.34297 0.32455
0.80170 0.72138 0.65857
0.29443 0.58225 0.78901
0.20880 0.50199 0.33839
0.15728 0.29567 0.05994
0.62305 0.27121 0.03629
0.68217 0.93165 0.13216
0.92987 0.61778 0.89581
0.88022 0.38893 0.28312
0.24781 0.36357 0.45674
0.97495 0.68892 0.96382
0.45125 0.89527 0.24320
0.85918 0.99362 0.02435
0.81598 0.09435 0.79260
0.84185 0.34112 0.54398
0.99401 0.75020 0.08853
0.45128 0.30694 0.47847
0.33091 0.62006 0.44647
0.52690 0.90187 0.69106
0.43870 0.70602 0.20823
0.05801 0.05934 0.22349
0.42707 0.05100 0.48607
0.51017 0.59237 0.09769
0.73759 0.32290 0.88282
0.06135 0.47471 0.76357
0.47993 0.85426 0.11592
0.56034 0.94238 0.67995
0.09228 0.57153 0.18967
0.06890 0.30537 0.00974
0.82205 0.74408 0.77084
0.57951 0.91956 0.70920
0.97517 0.29602 0.87498
0.16450 0.51347 0.66827
0.88817 0.52911 0.81125
0.48668 0.06731 0.09146
0.42265 0.58930 0.94004
0.83690 0.50748 0.19443
0.78278 0.93898 0.13226
0.84067 0.57227 0.71603
0.90337 0.10677 0.34368
0.94419 0.41249 0.90447
0.46225 0.91894 0.67428
0.39547 0.63427 0.58800
0.82552 0.76979 0.32914
0.80770 0.39719 0.52739
0.63260 0.92351 0.58195
0.54712 0.23033 0.67811
0.22125 0.82154 0.17566
0.44325 0.81851 0.94363
0.88923 0.42915 0.55949
0.75704 0.77977 0.90209
0.97789 0.80297 0.07265
0.14832 0.99869 0.81308
0.94825 0.96994 0.46214
0.59353 0.87372 0.51812
0.91225 0.08554 0.99805
0.50305 0.89770 0.37751
0.24166 0.82315 0.00189
0.88414 0.96019 0.78079
0.59117 0.49344 0.26047
0.10960 0.16295 0.86459
0.99043 0.91836 0.67798
0.07931 0.10396 0.16120
0.61762 0.70413 0.74117
0.94874 0.48769 0.19689
0.82278 0.33278 0.05209
0.00717 0.06624 0.37324
0.89344 0.56017 0.58406
0.64255 0.64580 0.79251
0.98665 0.66768 0.68746
0.96931 0.95357 0.44032
0.23738 0.71079 0.57292
0.87422 0.07086 0.82778
0.70537 0.65733 0.41926
0.35799 0.68254 0.98441
0.12696 0.42103 0.67205
0.73902 0.88786 0.44100
0.81048 0.69011 0.73148
0.60907 0.10629 0.30321
0.74488 0.07898 0.57408
0.64507 0.83766 0.43954
0.59359 0.56745 0.39499
0.60498 0.13719 0.70816
0.88733 0.07499 0.25988
0.21613 0.65626 0.15746
0.72317 0.37712 0.44550
0.17910 0.82183 0.01562
0.28124 0.32299 0.20741
0.94975 0.56402 0.10835
0.17380 0.87685 0.94473
0.40215 0.15010 0.19421
0.25959 0.14151 0.27015
0.80631 0.16165 0.88926
0.94051 0.50044 0.38455
0.82553 0.67773 0.08459
0.46119 0.77396 0.81412
0.62807 0.84522 0.72632
0.72666 0.60678 0.49387
0.10359 0.31648 0.82444
0.38409 0.39985 0.80905
0.24826 0.42631 0.10315
0.75340 0.81950 0.15580
0.87422 0.95717 0.32165
0.77824 0.41177 0.10283
0.31750 0.32817 0.62220
0.53344 0.64911 0.92281
0.78912 0.16971 0.37850
0.29510 0.93395 0.43202
0.83712 0.37467 0.13716
0.40816 0.78718 0.42746
0.94558 0.14744 0.46353
0.72391 0.15458 0.83984
0.78328 0.78339 0.35842
0.99394 0.50398 0.10041
0.99213 0.51122 0.20689
0.10833 0.96338 0.67632
0.86645 0.05444 0.09227
0.08846 0.19647 0.89873
0.44496 0.70269 0.14349
0.93340 0.92000 0.31375
0.94270 0.95888 0.94417
0.78051 0.02492 0.95945
0.77826 0.22875 0.58081
0.80857 0.26250 0.05529
0.09452 0.36700 0.59828
0.74645 0.55316 0.91272
0.22238 0.70612 0.54527
0.50544 0.25149 0.37310
0.36126 0.18856 0.86654
0.11636 0.86940 0.10326
0.59635 0.08346 0.25808
0.68529 0.50202 0.90272
0.77933 0.20255 0.04119
0.93692 0.31433 0.10715
0.48633 0.55795 0.46411
0.19252 0.11991 0.57983
0.81717 0.30535 0.44142
0.50875 0.20726 0.62519
0.80850 0.14607 0.47118
0.53084 0.62266 0.67735
0.89137 0.77771 0.30049
0.58758 0.37978 0.57787
0.28417 0.27756 0.17888
0.91184 0.82633 0.56986
0.67158 0.36611 0.03383
0.66580 0.66828 0.01613
0.88411 0.51106 0.12422
0.22043 0.47756 0.80072
0.77667 0.87151 0.31284
0.54402 0.45951 0.44563
0.94391 0.57116 0.80637
0.60781 0.02713 0.82019
0.20847 0.66025 0.81969
0.09245 0.67775 0.02386
0.42747 0.72703 0.98064
0.42312 0.06569 0.71069
0.06253 0.33787 0.13758
0.19372 0.88382 0.06544
0.01453 0.43689 0.57966
0.96575 0.06671 0.27847
0.24824 0.11281 0.60125
0.24754 0.16193 0.96634
0.14894 0.52373 0.64103
0.90989 0.24497 0.73005
0.11683 0.95353 0.31025
0.54705 0.29793 0.90180
0.21626 0.91573 0.96197
0.07494 0.63322 0.82759
0.64763 0.33514 0.24694
0.78094 0.82242 0.15230
0.00999 0.56799 0.67799
0.96339 0.11720 0.22984
0.27263 0.54863 0.18489
0.90671 0.46915 0.92041
0.78418 0.63503 0.15084
0.36454 0.99625 0.28265
0.57572 0.45850 0.00387
0.64053 0.45240 0.41989
0.51384 0.35055 0.01519
0.22955 0.04256 0.11135
0.59120 0.98556 0.36106
0.60735 0.29673 0.89564
0.96930 0.33175 0.48336
0.52849 0.29073 0.30721
0.39986 0.26780 0.10419
0.31163 0.18248 0.28658
0.50427 0.12070 0.81547
0.13158 0.99365 0.44880
0.72352 0.94494 0.35726
0.01456 0.53157 0.90768
0.88812 0.61837 0.18557
0.63683 0.10843 0.08030
0.45765 0.83622 0.83234
0.10953 0.32838 0.06513
0.43105 0.96076 0.14889
0.03287 0.52268 0.19997
0.60141 0.19075 0.58890
0.64302 0.52387 0.44249
0.33812 0.84676 0.36836
0.74138 0.13066 0.82750
0.61113 0.81861 0.16403
0.42676 0.51623 0.95249
0.42648 0.61586 0.99939
0.63689 0.15246 0.31667
0.85000 0.10674 0.91580
0.87338 0.29660 0.71037
0.50805 0.27694 0.67147
0.62155 0.68287 0.47508
0.73397 0.81531 0.75099
0.16728 0.93755 0.04579
0.91153 0.80390 0.77332
0.86707 0.72741 0.74017
0.24855 0.25406 0.42160
0.86598 0.25852 0.50580
0.97332 0.06162 0.18718
0.70094 0.06192 0.31808
0.37862 0.13603 0.16418
0.17969 0.46028 0.94090
0.35959 0.67969 0.82628
0.59380 0.59823 0.40559
0.04309 0.77906 0.05500
0.91094 0.30893 0.82653
0.83670 0.55182 0.64854
0.07062 0.25686 0.95914
0.23322 0.63141 0.04883
0.15493 0.98676 0.22606
0.62040 0.89173 0.84982
0.77598 0.71969 0.69176
0.81485 0.13345 0.46187
0.36232 0.69792 0.36240
0.15903 0.43462 0.52233
0.73684 0.84395 0.93588
0.14312 0.37918 0.71949
0.85981 0.40591 0.51157
0.41419 0.37209 0.44365
0.48497 0.24144 0.40511
0.34377 0.47904 0.89616
0.68263 0.00069 0.66400
0.80403 0.20074 0.46451
0.58302 0.08090 0.25785
0.12081 0.91586 0.86406
0.96041 0.66029 0.67669
0.03233 0.73566 0.47382
0.07114 0.62099 0.50057
0.17999 0.88810 0.69934
0.95106 0.51142 0.85101
0.23815 0.63510 0.35694
0.44272 0.69349 0.19530
0.96940 0.91867 0.09264
0.35323 0.33237 0.74294
0.91789 0.95260 0.40720
0.09871 0.24204 0.51969
0.85068 0.56111 0.30604
0.70042 0.93300 0.52198
0.21027 0.39200 0.64462
0.92828 0.03493 0.49201
0.15870 0.14670 0.78246
0.57319 0.02898 0.50469
0.49900 0.82258 0.13807
0.55441 0.01693 0.10377
0.66772 0.01403 0.39991
0.12064 0.53013 0.70294
0.31787 0.55746 0.86488
0.16503 0.56291 0.25803
0.54409 0.48652 0.51137
0.30314 0.37086 0.85916
0.90662 0.95697 0.50019
0.76181 0.58569 0.29538
0.22598 0.00077 0.69700
0.72294 0.06526 0.18869
0.52779 0.50933 0.07604
0.16136 0.47836 0.31348
0.53452 0.05775 0.05395
0.50764 0.07884 0.98419
0.22512 0.70982 0.65817
0.16560 0.54449 0.72862
0.47351 0.11212 0.09267
0.23682 0.23434 0.02364
0.59647 0.28114 0.26500
0.36973 0.43367 0.19200
0.67555 0.01977 0.47431
0.18356 0.20666 0.20237
0.50190 0.94385 0.87312
0.84588 0.96182 0.96497
0.29531 0.54106 0.30893
0.20897 0.92053 0.18603
0.65309 0.81764 0.89689
0.64277 0.82081 0.24880
0.76635 0.05309 0.88282
0.83462 0.81942 0.42104
0.75105 0.97887 0.27170
0.00882 0.41159 0.88847
0.79621 0.44351 0.72102
0.06803 0.83516 0.87859
0.87549 0.02990 0.24663
0.44665 0.17179 0.24656
0.25564 0.64667 0.31295
0.31339 0.66698 0.40950
0.32143 0.59964 0.05918
0.41566 0.00316 0.88742
0.52321 0.47936 0.33623
0.14409 0.26796 0.87134
0.76784 0.76930 0.44029
0.85539 0.57225 0.54037
0.10523 0.59665 0.03934
0.14710 0.91150 0.34052
0.22721 0.16123 0.89017
0.44940 0.72841 0.49614
0.24506 0.39960 0.85247
0.63589 0.54822 0.29804
0.00746 0.05620 0.48354
0.23435 0.49808 0.42447
0.65280 0.97350 0.66804
0.08590 0.15920 0.79878
0.63523 0.53006 0.16111
0.82767 0.03016 0.02538
0.65854 0.77289 0.39469
0.30331 0.61254 0.70713
0.22672 0.63629 0.75610
0.51736 0.44783 0.51428
0.48313 0.51077 0.93451
0.42946 0.93488 0.81435
0.45942 0.18550 0.63326
0.11821 0.42800 0.17933
0.89550 0.86331 0.88654
0.38773 0.92157 0.60376
0.22892 0.62645 0.50886
0.77586 0.15100 0.50647
0.58068 0.87019 0.61757
0.97456 0.70697 0.53440
0.86865 0.55739 0.78114
0.69603 0.04235 0.07415
0.20811 0.66701 0.85963
0.69256 0.62442 0.53813
0.67803 0.65683 0.13994
0.23838 0.34133 0.95947
0.89868 0.81047 0.79307
0.49757 0.04166 0.36786
0.72112 0.26855 0.39046
0.68220 0.11883 0.50868
0.09284 0.84619 0.20682
0.56087 0.52689 0.99436
0.10596 0.63031 0.30443
0.89263 0.21245 0.84763
0.94181 0.63601 0.72898
0.18811 0.45439 0.16767
0.27570 0.44206 0.15633
0.39471 0.78738 0.10352
0.31828 0.63221 0.30294
0.61188 0.02849 0.41868
0.51062 0.92677 0.11034
0.44222 0.77860 0.86008
0.79043 0.56069 0.72109
0.96887 0.60827 0.62470
0.51054 0.70689 0.28553
0.35669 0.83608 0.58898
0.67527 0.55768 0.47899
0.97077 0.43556 0.84294
0.33658 0.02775 0.34376
0.07651 0.81149 0.17975
0.53445 0.46794 0.45553
0.82626 0.80303 0.86655
0.08213 0.89517 0.04269
0.81837 0.88906 0.96341
0.78644 0.48314 0.84175
0.15126 0.28469 0.37746
0.42990 0.22988 0.64743
0.20036 0.22425 0.75667
0.39086 0.57918 0.40526
0.99317 0.34541 0.40038
0.04083 0.82626 0.79235
0.46626 0.50873 0.19236
0.18319 0.02733 0.58525
0.09151 0.83637 0.74521
0.95723 0.15482 0.08543
0.28110 0.71050 0.38985
0.06399 0.75065 0.66736
0.45885 0.47566 0.95693
0.92681 0.34548 0.53476
0.94677 0.97658 0.60932
0.45858 0.72046 0.61832
0.74428 0.00584 0.74612
0.66697 0.56385 0.76714
0.27140 0.34399 0.11658
0.59739 0.86357 0.46821
0.20390 0.69788 0.34002
0.66185 0.52383 0.77283
0.60505 0.91898 0.36090
0.05774 0.98554 0.85409
0.84308 0.96511 0.70623
0.50955 0.75911 0.23333
0.43881 0.38025 0.01197
0.25228 0.22148 0.38800
0.52460 0.46438 0.07269
0.61130 0.70563 0.12845
0.82615 0.18565 0.40145
0.84786 0.56988 0.42608
0.95030 0.06707 0.39718
0.58559 0.21394 0.07425
0.16057 0.29989 0.81991
0.39823 0.27337 0.23622
0.98259 0.21622 0.50526
0.60182 0.49521 0.66232
0.54093 0.64981 0.10331
0.17919 0.80855 0.65222
0.34540 0.38299 0.16245
0.04585 0.11151 0.48741
0.24926 0.19996 0.52203
0.31736 0.06535 0.07397
0.18729 0.20173 0.89793
0.77632 0.34798 0.53755
0.11193 0.80666 0.82876
0.41537 0.63723 0.52867
0.97761 0.44446 0.19099
0.92055 0.12402 0.73692
0.30993 0.94635 0.59915
0.01873 0.63262 0.87833
0.04806 0.90875 0.38443
0.69224 0.52722 0.30840
0.48692 0.60958 0.96702
0.96377 0.93078 0.81412
0.15068 0.01218 0.51823
0.28931 0.15151 0.14736
0.18757 0.73656 0.83275
0.74689 0.13787 0.80025
0.46331 0.72837 0.66624
0.67520 0.72295 0.59112
0.88416 0.89806 0.32678
0.50132 0.38086 0.85487
0.54823 0.85372 0.09975
0.94221 0.75927 0.89411
0.39605 0.13317 0.01300
0.44443 0.74540 0.74445
0.84044 0.50675 0.62098
0.27551 0.86930 0.26252
0.34477 0.10387 0.88789
0.83195 0.28447 0.12849
0.35521 0.49892 0.63310
0.99125 0.27271 0.76157
0.82988 0.10271 0.38166
0.76433 0.91583 0.22465
0.39670 0.36707 0.39852
0.98626 0.60820 0.42737
0.10866 0.61318 0.84760
0.05518 0.37486 0.71784
0.86624 0.12092 0.23618
0.30375 0.79756 0.47681
0.86775 0.60602 0.95749
0.94537 0.94217 0.72083
0.46193 0.75947 0.19652
0.82898 0.48274 0.50816
0.22899 0.07339 0.51203
0.74486 0.29787 0.81999
0.32079 0.38862 0.00021
0.93318 0.11937 0.41747
0.55609 0.65560 0.26691
0.55656 0.25329 0.09070
0.89745 0.24544 0.62026
0.42224 0.50517 0.37328
0.40401 0.89313 0.20295
0.75460 0.94804 0.76474
0.11540 0.95865 0.66583
0.55205 0.02708 0.12805
0.20050 0.90098 0.57051
0.25412 0.17483 0.31079
0.72575 0.19293 0.03204
0.04590 0.24624 0.09389
0.11489 0.57015 0.70717
0.99446 0.74983 0.39266
0.02837 0.55364 0.26825
0.41496 0.21062 0.87011
0.37084 0.51096 0.04894
0.47367 0.34155 0.44163
0.90796 0.67378 0.47816
0.64527 0.58713 0.22830
0.00771 0.81416 0.35392
0.11537 0.71126 0.24899
0.65038 0.30851 0.96902
0.47094 0.00613 0.84734
0.97681 0.12864 0.86072
0.84518 0.83526 0.33788
0.75493 0.48703 0.69864
0.04424 0.74298 0.56900
0.89387 0.60708 0.82621
0.21134 0.29121 0.12639
0.22617 0.97127 0.83183
0.92558 0.21004 0.28733
0.60914 0.21185 0.00874
0.70130 0.35718 0.72293
0.90113 0.37169 0.11921
0.99380 0.99089 0.08068
0.06926 0.12395 0.62958
0.76122 0.12368 0.64164
0.40290 0.81012 0.74555
0.87871 0.99566 0.25058
0.56286 0.73216 0.36290
0.40426 0.78057 0.13555
0.96216 0.41906 0.82915
0.59583 0.83624 0.55114
0.61960 0.21319 0.01465
0.47971 0.37721 0.66167
0.14796 0.75113 0.88036
0.77111 0.99897 0.01587
0.92730 0.71897 0.73315
0.93564 0.40147 0.65305
0.49156 0.96008 0.27825
0.56210 0.22310 0.65276
0.43432 0.78092 0.03607
0.22825 0.63623 0.67403
0.50426 0.92228 0.61903
0.64383 0.10205 0.04214
0.66638 0.02364 0.75373
0.07088 0.72165 0.45278
0.54596 0.23106 0.00705
0.18687 0.40337 0.98583
0.33957 0.64163 0.83530
0.58529 0.73059 0.33488
0.21997 0.77637 0.84652
0.30302 0.86078 0.81169
0.07708 0.19666 0.36894
0.71565 0.62581 0.02324
0.03341 0.05355 0.23041
0.24730 0.21143 0.90181
0.57657 0.38180 0.69370
0.75770 0.30253 0.89609
0.27116 0.53525 0.88677
0.26457 0.45829 0.34497
0.89871 0.58532 0.68162
0.27195 0.88957 0.24246
0.17021 0.17426 0.79669
0.21193 0.63671 0.97996
0.73130 0.45025 0.66665
0.77087 0.93849 0.37242
0.70310 0.93791 0.16868
0.55075 0.93463 0.98331
0.62012 0.13649 0.25507
0.59637 0.89424 0.44874
0.53227 0.91049 0.82521
0.00933 0.07528 0.24304
0.87955 0.49634 0.67686
0.76483 0.54024 0.95902
0.87338 0.52611 0.63105
0.46739 0.46011 0.95121
0.90475 0.93229 0.00910
0.00440 0.94308 0.23891
0.26132 0.72207 0.87017
0.93305 0.27929 0.99637
0.00304 0.36480 0.83237
0.28452 0.75626 0.64280
0.09467 0.59099 0.30323
0.26947 0.50658 0.84470
0.57842 0.65963 0.71800
0.03398 0.34171 0.59843
0.81202 0.12418 0.06112
0.09605 0.78607 0.57946
0.62758 0.49345 0.32276
0.47502 0.33576 0.70561
0.99622 0.60199 0.44349
0.45980 0.77661 0.75851
0.83683 0.51921 0.99421
0.27970 0.94585 0.85824
0.53908 0.41615 0.32080
0.12736 0.58299 0.45481
0.20506 0.84258 0.45144
0.72265 0.53523 0.99902
0.73031 0.21037 0.28023
0.37588 0.43147 0.86938
0.19066 0.85668 0.27538
0.12184 0.29267 0.61065
0.91415 0.74393 0.96804
0.11454 0.68001 0.64695
0.27797 0.95517 0.47382
0.70073 0.54801 0.41694
0.87695 0.27908 0.22600
0.92672 0.42690 0.21434
0.82346 0.69778 0.43545
0.09064 0.70620 0.82560
0.11941 0.21052 0.05125
0.70270 0.44885 0.35193
0.06772 0.81756 0.00588
0.91735 0.54768 0.32232
0.48729 0.95043 0.19976
0.15181 0.75436 0.96707
0.99611 0.84124 0.63524
0.76958 0.43641 0.56744
0.44321 0.48397 0.56460
0.50837 0.53735 0.31814
0.51403 0.13710 0.01118
0.95155 0.27120 0.25803
0.77371 0.19819 0.64352
0.67713 0.26626 0.26040
0.08261 0.46615 0.52081
0.17940 0.24895 0.85500
0.85706 0.68861 0.23606
0.75945 0.53127 0.68942
0.05692 0.18351 0.02632
0.14800 0.89644 0.53338
0.87168 0.46268 0.58677
0.22603 0.55562 0.52111
0.63005 0.91966 0.91610
0.31726 0.69521 0.36465
0.98657 0.59100 0.47177
0.50735 0.93894 0.72221
0.77640 0.76099 0.41517
0.63857 0.42540 0.58768
0.91046 0.83723 0.96053
0.62297 0.69491 0.41119
0.71443 0.01258 0.46244
0.58710 0.74191 0.42215
0.50929 0.88858 0.93044
0.24735 0.87883 0.37841
0.71688 0.18397 0.56453
0.98268 0.08975 0.51059
0.83000 0.81570 0.73861
0.88381 0.13995 0.41314
0.20263 0.66317 0.57388
0.96413 0.31699 0.40180
0.84129 0.61151 0.34508
0.66347 0.60932 0.62674
0.06012 0.43574 0.58232
0.16235 0.94131 0.28863
0.80687 0.43766 0.05233
0.97227 0.15167 0.77345
0.30804 0.56827 0.24207
0.40495 0.71036 0.70821
0.53774 0.04394 0.05560
0.96158 0.89420 0.53699
0.81605 0.04596 0.73117
0.03607 0.43487 0.43818
0.11152 0.78125 0.50049
0.50669 0.63885 0.23891
0.75375 0.78642 0.03976
0.38584 0.73468 0.58324
0.24529 0.92694 0.17626
0.97039 0.75361 0.19637
0.45597 0.65321 0.73198
0.80578 0.70321 0.02135
0.32902 0.02206 0.53161
0.58771 0.36394 0.54534
0.08985 0.29160 0.11772
0.53157 0.22619 0.71498
0.84883 0.17551 0.51591
0.36415 0.15410 0.59856
0.45837 0.65673 0.52589
0.11789 0.58641 0.22425
0.98159 0.73033 0.89340
0.16629 0.26597 0.37048
0.48868 0.65532 0.26532
0.87945 0.74775 0.79434
0.50712 0.29951 0.00629
0.42063 0.39414 0.22199
0.55349 0.70231 0.95502
0.59907 0.74803 0.85591
0.61670 0.72130 0.25658
0.00489 0.27722 0.61237
0.44843 0.25925 0.38231
0.59869 0.92248 0.10369
0.11315 0.94335 0.53281
0.83314 0.95163 0.60831
0.54694 0.86343 0.70681
0.73367 0.20661 0.42542
0.77252 0.42117 0.62271
0.50537 0.84189 0.75223
0.63059 0.44916 0.63118
0.92136 0.95042 0.21923
0.77165 0.47180 0.81877
0.87382 0.68354 0.10647
0.77105 0.72828 0.94375
0.20504 0.02293 0.98166
0.02232 0.53252 0.93681
0.67407 0.00587 0.36685
0.49221 0.13964 0.55111
0.07631 0.83346 0.44928
0.05452 0.06280 0.51809
0.16671 0.33353 0.10887
0.02680 0.76928 0.31145
0.06841 0.80968 0.20184
0.81839 0.10663 0.85745
0.79191 0.25923 0.73322
0.71473 0.77470 0.17275
0.55239 0.25701 0.61983
0.68011 0.22755 0.39245
0.81947 0.23044 0.77801
0.53965 0.71406 0.05858
0.71292 0.55720 0.32853
0.06733 0.87818 0.20747
0.75961 0.87732 0.94369
0.41127 0.68208 0.74930
0.21431 0.47625 0.49617
0.80809 0.28330 0.80499
0.27806 0.40777 0.71744
0.88365 0.43764 0.38239
0.14454 0.91454 0.97983
0.12490 0.26718 0.21673
0.07275 0.69118 0.84258
0.84245 0.85163 0.25148
0.08325 0.76125 0.05739
0.67821 0.39384 0.03154
0.55935 0.04136 0.60293
0.78190 0.77535 0.76181
0.65034 0.66176 0.10231
0.16440 0.78583 0.25668
0.44419 0.72440 0.21302
0.56944 0.41657 0.72272
0.39309 0.91169 0.96800
0.44837 0.78250 0.64390
0.59413 0.60218 0.60218
0.10716 0.77089 0.34726
0.15227 0.55581 0.49597
0.36823 0.50720 0.76068
0.68877 0.19689 0.08794
0.91727 0.65346 0.91499
0.46170 0.47459 0.26325
0.09592 0.76869 0.21713
0.94392 0.99969 0.40185
0.93611 0.82155 0.32010
0.75743 0.87725 0.79748
0.30608 0.88464 0.59870
0.51542 0.85379 0.43108
0.62850 0.97349 0.03624
0.86891 0.91386 0.19360
0.56689 0.07545 0.27281
0.38879 0.60212 0.12335
0.14340 0.92510 0.42223
0.24994 0.16334 0.73318
0.84634 0.80916 0.38475
0.03898 0.45074 0.19439
0.24766 0.33933 0.81834
0.52244 0.89407 0.57231
0.62534 0.38162 0.96804
0.60966 0.69195 0.95772
0.35041 0.06357 0.66700
0.21674 0.04281 0.89370
0.15118 0.71357 0.75409
0.93400 0.35773 0.83510
0.74827 0.62206 0.00995
0.80420 0.22884 0.61198
0.33036 0.35078 0.13891
0.59167 0.66111 0.34069
0.63477 0.01575 0.45235
0.40308 0.10477 0.71123
0.82528 0.42465 0.01825
0.48312 0.38677 0.01037
0.80376 0.74046 0.26318
0.98180 0.47456 0.29201
0.12128 0.64419 0.20447
0.33450 0.00111 0.26419
0.33807 0.07843 0.60434
0.51494 0.51397 0.73222
0.36380 0.99322 0.05162
0.49030 0.50185 0.19445
0.10558 0.18649 0.60151
0.64365 0.97181 0.15810
0.29146 0.81069 0.99760
0.68556 0.79102 0.08630
0.37227 0.93685 0.54847
0.32098 0.99360 0.28847
0.87579 0.42244 0.72055
0.25504 0.81749 0.39101
0.12167 0.40069 0.49887
0.29752 0.15473 0.16420
0.48158 0.54856 0.17846
0.14189 0.42397 0.52266
0.06910 0.39507 0.36309
0.26208 0.37437 0.45153
0.42385 0.56338 0.85802
0.71524 0.68200 0.55241
0.15006 0.14543 0.12343
0.11443 0.56551 0.58752
0.42393 0.44183 0.18818
0.73880 0.67871 0.72481
0.90932 0.49580 0.06811
0.66001 0.32551 0.54400
0.22014 0.15395 0.27091
0.63035 0.88234 0.89804
0.12182 0.28989 0.52278
0.59492 0.40391 0.42208
0.23807 0.85967 0.86437
0.93578 0.77046 0.86557
0.29434 0.93701 0.17293
0.09171 0.11347 0.40426
0.94067 0.18340 0.02877
0.19830 0.79917 0.62165
0.22606 0.59647 0.15321
0.86847 0.47262 0.96802
0.10381 0.40569 0.57346
0.74584 0.19050 0.60572
0.32390 0.29482 0.14266
0.21784 0.56943 0.52639
0.53874 0.42716 0.89301
0.65082 0.62094 0.51954
0.63135 0.18772 0.93997
0.85106 0.91764 0.86643
0.59249 0.35221 0.77228
0.93496 0.11904 0.18199
0.29646 0.56828 0.23165
0.60035 0.90069 0.48782
0.01281 0.87334 0.72767
0.17195 0.60149 0.71989
0.03521 0.82824 0.90075
0.89342 0.97779 0.06571
0.16584 0.19108 0.48622
0.27111 0.95732 0.47368
0.02742 0.32357 0.17859
0.11399 0.78557 0.70992
0.50985 0.54836 0.23701
0.70806 0.72351 0.43029
0.18578 0.07629 0.73389
0.43229 0.71952 0.05202
0.25643 0.23980 0.93600
0.91130 0.23986 0.73939
0.70469 0.77824 0.61863
0.21516 0.05979 0.10205
0.24034 0.79757 0.93837
0.92011 0.80801 0.06159
0.70768 0.98879 0.87272
0.11434 0.64802 0.94736
0.61098 0.08537 0.32422
0.08722 0.02139 0.05613
0.64267 0.23645 0.22875
0.66940 0.08626 0.59309
0.42960 0.02109 0.92825
0.16615 0.35066 0.47462
0.21504 0.67959 0.93294
0.97072 0.14196 0.50713
0.63720 0.53793 0.11129
0.50082 0.65422 0.37359
0.31424 0.65301 0.36487
0.36274 0.52348 0.83274
0.29620 0.70846 0.60135
0.60977 0.01557 0.61636
0.47636 0.24511 0.56732
0.30778 0.63851 0.94953
0.73653 0.48533 0.87365
0.18079 0.84020 0.34257
0.26849 0.75335 0.28579
0.94340 0.75795 0.38956
0.58734 0.97475 0.26739
0.23615 0.02328 0.85667
0.95571 0.07638 0.20217
0.98878 0.89088 0.38984
0.28152 0.29190 0.97736
0.97447 0.12670 0.57454
0.00891 0.72772 0.63559
0.61479 0.63926 0.64192
0.97475 0.53754 0.10262
0.18598 0.89583 0.66260
0.32945 0.53589 0.72055
0.07813 0.19438 0.64574
0.24383 0.09351 0.24431
0.59721 0.69113 0.02412
0.28663 0.86631 0.97707
0.36995 0.02399 0.27028
0.80032 0.78750 0.70970
0.89841 0.37157 0.89342
0.14587 0.94021 0.55806
0.31312 0.13553 0.18961
0.16097 0.28930 0.26754
0.76743 0.96835 0.40201
0.51312 0.11667 0.19346
0.87407 0.02180 0.58322
0.98727 0.52853 0.01107
0.51335 0.34236 0.32693
0.78459 0.53766 0.36313
0.25229 0.79540 0.02568
0.95798 0.89540 0.48557
0.00957 0.61018 0.95995
0.80214 0.53143 0.93172
0.56899 0.94874 0.26074
0.52259 0.71662 0.72459
0.28251 0.76097 0.51972
0.24160 0.01914 0.22169
0.11109 0.11279 0.46397
0.41512 0.80084 0.22182
0.30764 0.21524 0.09776
0.85555 0.65699 0.09502
0.97830 0.66932 0.52061
0.76139 0.47610 0.56969
0.83056 0.12471 0.69817
0.21960 0.77297 0.16324
0.71304 0.85379 0.64358
0.24912 0.81873 0.62596
0.33156 0.35815 0.97950
0.95572 0.68713 0.15558
0.70671 0.23932 0.91832
0.19033 0.56659 0.26168
0.88180 0.91306 0.08783
0.08541 0.09731 0.28234
0.08035 0.69337 0.86615
0.25756 0.97586 0.53968
0.87181 0.00877 0.42039
0.48622 0.09982 0.86410
0.90819 0.82183 0.85011
0.06467 0.29834 0.58196
0.52162 0.16914 0.19711
0.78639 0.94251 0.49415
0.01563 0.37757 0.55119
0.93899 0.45932 0.76359
0.68201 0.38145 0.63271
0.90463 0.64736 0.56691
0.42333 0.73916 0.15368
0.93093 0.35264 0.78016
0.66490 0.34277 0.25814
0.50735 0.33737 0.96778
0.29523 0.88888 0.49615
0.31234 0.43999 0.59554
0.73457 0.75126 0.06367
0.95463 0.58423 0.06892
0.17516 0.32659 0.27014
0.05653 0.32603 0.17217
0.25793 0.35292 0.18474
0.52023 0.56419 0.85606
0.03125 0.99410 0.31253
0.56833 0.52736 0.57342
0.13469 0.06440 0.81565
0.12238 0.31545 0.68002
0.94183 0.87730 0.56456
0.59237 0.38787 0.10598
0.04419 0.99565 0.42536
0.92756 0.68533 0.22395
0.74276 0.55427 0.38953
0.72448 0.72064 0.06276
0.29822 0.32103 0.13148
0.27365 0.95459 0.34470
0.14342 0.29180 0.43235
0.41940 0.77079 0.02389
0.24939 0.31626 0.56079
0.45174 0.46764 0.78506
0.63264 0.42661 0.86835
0.74938 0.92852 0.64258
0.34954 0.47815 0.41401
0.65752 0.16173 0.32421
0.90243 0.46217 0.43350
0.35551 0.58412 0.48930
0.20790 0.52870 0.27787
0.07337 0.65712 0.25433
0.45219 0.10680 0.31385
0.23446 0.11815 0.24153
0.65562 0.21745 0.16786
0.59545 0.96721 0.93768
0.81657 0.26047 0.61022
0.59098 0.66379 0.12489
0.40845 0.28064 0.22134
0.57559 0.33935 0.26824
0.56169 0.12710 0.81643
0.09933 0.19921 0.03411
0.07024 0.22655 0.11141
0.39944 0.68336 0.03714
0.94542 0.56585 0.90114
0.51238 0.47127 0.30747
0.39116 0.00715 0.79264
0.93164 0.92325 0.70210
0.13317 0.59244 0.06615
0.97702 0.97112 0.26744
0.20402 0.42978 0.59280
0.89816 0.41023 0.30692
0.14069 0.29801 0.61155
0.92772 0.38275 0.64728
0.85013 0.70618 0.18801
0.39552 0.60020 0.16422
0.61956 0.22141 0.81785
0.84403 0.12513 0.30399
0.18819 0.17944 0.18977
0.82132 0.71809 0.65123
0.55626 0.70124 0.87072
0.00732 0.53448 0.41089
0.98446 0.69280 0.75101
0.80362 0.62163 0.38774
0.90134 0.72646 0.05035
0.69531 0.77261 0.03870
0.61957 0.07801 0.80953
0.95451 0.21238 0.78452
0.03300 0.22560 0.51122
0.61887 0.17646 0.03246
0.32896 0.68130 0.32775
0.19254 0.86659 0.87391
0.52845 0.77091 0.97335
0.33058 0.99833 0.29456
0.77365 0.88878 0.02633
0.95764 0.34403 0.88999
0.13788 0.88179 0.18412
0.40739 0.30750 0.51625
0.73660 0.74191 0.64896
0.51111 0.29978 0.83021
0.71647 0.45751 0.00725
0.76500 0.18055 0.68428
0.15159 0.28423 0.44976
0.22094 0.99850 0.41903
0.36696 0.74236 0.65250
0.33529 0.95321 0.87945
0.01353 0.93049 0.40085
0.82929 0.15127 0.85747
0.57867 0.28113 0.21404
0.63084 0.65036 0.96162
0.62653 0.02538 0.30351
0.96405 0.23542 0.93817
0.94463 0.40934 0.01383
0.52419 0.78998 0.18785
0.52498 0.64258 0.49031
0.11783 0.07809 0.54503
0.86285 0.52049 0.42812
0.07210 0.59119 0.52322
0.89674 0.97274 0.25359
0.30616 0.45930 0.47761
0.58191 0.63692 0.54923
0.30055 0.21764 0.21227
0.91275 0.07889 0.29030
0.14630 0.51579 0.51639
0.28199 0.53605 0.56549
0.78860 0.36074 0.59676
0.70420 0.96706 0.15254
0.92363 0.86117 0.37718
0.81804 0.04474 0.05132
0.74103 0.24123 0.77069
0.56676 0.50432 0.71899
0.71860 0.11036 0.10509
0.01153 0.37509 0.94549
0.32630 0.35522 0.21619
0.34861 0.57674 0.65142
0.35256 0.30120 0.77610
0.63794 0.57785 0.48191
0.04302 0.05723 0.54085
0.53400 0.26001 0.08581
0.21975 0.40562 0.42666
0.33110 0.55651 0.11811
0.18368 0.70090 0.21313
0.51945 0.00870 0.29638
0.37418 0.71215 0.07294
0.34655 0.00754 0.45736
0.41250 0.67067 0.83907
0.28390 0.83862 0.17191
0.60006 0.61193 0.57805
0.02884 0.29318 0.86986
0.78238 0.93231 0.20447
0.31275 0.56322 0.96839
0.86308 0.49954 0.25833
0.73536 0.44411 0.79725
0.00764 0.97592 0.90961
0.23411 0.12642 0.39486
0.83948 0.69577 0.67793
0.01461 0.72245 0.40763
0.47711 0.20988 0.79488
0.16708 0.50348 0.93053
0.56909 0.46154 0.44052
0.28362 0.01325 0.58047
0.85571 0.41163 0.19670
0.37936 0.06138 0.60534
0.65679 0.20837 0.46130
0.08322 0.47734 0.98393
0.50471 0.07835 0.37617
0.99112 0.00101 0.30057
0.69626 0.80572 0.53085
0.59616 0.01859 0.22820
0.63530 0.24807 0.03371
0.40783 0.49503 0.26433
0.02986 0.33713 0.24879
0.40491 0.27894 0.13236
0.19688 0.38555 0.34939
0.99844 0.51877 0.81298
0.40237 0.94118 0.36561
0.54307 0.67731 0.37173
0.98858 0.22100 0.78073
0.18987 0.94230 0.08758
0.89342 0.98989 0.65430
0.44534 0.99806 0.27658
0.71833 0.34754 0.50232
0.52343 0.42233 0.80354
0.35805 0.36665 0.39710
0.38859 0.61213 0.94147
0.55573 0.87719 0.35669
0.61152 0.57974 0.69500
0.64637 0.03560 0.84573
0.54693 0.58308 0.50312
0.00905 0.60487 0.68485
0.44684 0.54031 0.77336
0.85462 0.94840 0.45875
0.54284 0.61167 0.76841
0.57005 0.79282 0.51561
0.32265 0.92564 0.81799
0.54855 0.36989 0.75905
0.07641 0.82751 0.42884
0.11094 0.57781 0.57108
0.83598 0.51481 0.42149
0.52286 0.94911 0.09265
0.72186 0.36858 0.88460
0.15524 0.87729 0.37299
0.40872 0.09030 0.10751
0.21356 0.55621 0.14584
0.35545 0.04081 0.94666
0.01317 0.04412 0.93381
0.74365 0.83391 0.28740
0.06643 0.61717 0.26386
0.41376 0.20499 0.88991
0.46185 0.82127 0.52677
0.77037 0.62511 0.10749
0.62487 0.16884 0.56411
0.45603 0.85882 0.59634
0.13742 0.87763 0.86844
0.77087 0.70188 0.66355
0.15839 0.85387 0.82846
0.72881 0.89184 0.50431
0.11745 0.28942 0.35130
0.09604 0.66371 0.82797
0.51642 0.57691 0.36468
0.31154 0.52908 0.04305
0.60668 0.75311 0.11217
0.10586 0.96193 0.16365
0.62708 0.50969 0.84392
0.51028 0.46062 0.88777
0.09381 0.88951 0.81054
0.26826 0.52055 0.41542
0.90075 0.51443 0.01945
0.75023 0.31061 0.91270
0.46180 0.72982 0.14650
0.79361 0.88375 0.37363
0.70017 0.25468 0.64703
0.44680 0.63677 0.98643
0.19519 0.36589 0.45830
0.17366 0.34914 0.33527
0.18394 0.67674 0.41698
0.94020 0.72334 0.63114
0.04955 0.98346 0.44649
0.01034 0.18727 0.44479
0.44028 0.31318 0.24284
0.01363 0.11917 0.60015
0.88181 0.45238 0.09764
0.16960 0.65678 0.00255
0.85155 0.73363 0.45245
0.84937 0.22651 0.08327
0.52008 0.78102 0.04007
0.07488 0.87265 0.50305
0.21323 0.21589 0.08982
0.09236 0.35843 0.13131
0.80634 0.45518 0.21089
0.62706 0.92934 0.25480
0.12337 0.90709 0.98677
0.53297 0.43413 0.99770
0.74283 0.83411 0.13809
0.26293 0.88516 0.40450
0.10247 0.61654 0.83425
0.48374 0.70993 0.74504
0.47738 0.61661 0.93343
0.47797 0.04811 0.69229
0.97032 0.16154 0.93149
0.30162 0.35380 0.25747
0.90707 0.65990 0.72591
0.45306 0.77283 0.25124
0.45499 0.60685 0.34269
0.96057 0.38145 0.56377
0.99667 0.42822 0.65568
0.61357 0.82725 0.90424
0.90195 0.65515 0.68405
0.01789 0.70739 0.54776
0.40980 0.96130 0.33181
0.65603 0.02057 0.57772
0.13064 0.14381 0.92648
0.93605 0.06905 0.59316
0.89599 0.69622 0.53139
0.97535 0.01452 0.60767
0.90719 0.43097 0.21646
0.64175 0.61636 0.44739
0.45512 0.27547 0.22926
0.42768 0.65330 0.77728
0.57719 0.78490 0.83488
0.47347 0.74855 0.91200
0.25213 0.80696 0.71177
0.99545 0.36482 0.58677
0.99462 0.85912 0.34689
0.17518 0.31325 0.74040
0.95713 0.20505 0.21589
0.32546 0.00885 0.22939
0.66479 0.19284 0.19623
0.13811 0.17395 0.72753
0.51471 0.32255 0.48576
0.66183 0.56955 0.64430
0.47258 0.44782 0.98802
0.58784 0.48068 0.82497
0.97829 0.59883 0.04386
0.06056 0.04262 0.21148
0.24210 0.45908 0.38218
0.15249 0.97854 0.04542
0.69855 0.48176 0.09560
0.32798 0.47727 0.28779
0.21990 0.13961 0.36226
0.20912 0.81336 0.49960
0.34004 0.04051 0.95417
0.16215 0.67918 0.87848
0.69949 0.05647 0.97913
0.86658 0.54958 0.90540
0.98775 0.06601 0.15945
0.33079 0.35194 0.45974
0.15360 0.31083 0.19867
0.54349 0.74220 0.42253
0.46745 0.53213 0.01252
0.21674 0.55750 0.88944
0.95195 0.88459 0.45504
0.02157 0.87750 0.70681
0.45824 0.78726 0.97441
0.73938 0.69745 0.94850
0.37544 0.36000 0.40120
0.98166 0.48614 0.20966
0.97827 0.15425 0.72101
0.96888 0.56178 0.56225
0.95666 0.82148 0.65557
0.80728 0.86832 0.24391
0.36678 0.31035 0.58498
0.10047 0.15889 0.19947
0.50296 0.76305 0.61856
0.33443 0.24453 0.08428
0.21848 0.16766 0.22915
0.24409 0.49757 0.28994
0.46528 0.73706 0.55116
0.02345 0.82169 0.47680
0.98340 0.41052 0.97520
0.05867 0.67508 0.12468
0.73761 0.66999 0.74545
0.17534 0.82483 0.99392
0.60044 0.24742 0.46946
0.55297 0.92183 0.48422
0.77603 0.63945 0.99210
0.40009 0.12242 0.56021
0.02074 0.76530 0.56394
0.26787 0.87995 0.47684
0.53903 0.14578 0.16731
0.07852 0.88938 0.78245
0.97636 0.40147 0.58410
0.27064 0.07773 0.52749
0.20397 0.28033 0.26808
0.34371 0.86966 0.79849
0.22276 0.21513 0.14053
0.08698 0.64085 0.18207
0.39623 0.23906 0.37986
0.34300 0.08590 0.30982
0.85738 0.08163 0.93996
0.19238 0.64912 0.73419
0.37063 0.54619 0.01223
0.04645 0.97820 0.50270
0.13280 0.03556 0.32723
0.25237 0.03308 0.71293
0.52421 0.95777 0.41532
0.32360 0.81809 0.57785
0.04884 0.41193 0.39716
0.28020 0.42856 0.80999
0.74117 0.48158 0.66919
0.21158 0.55184 0.03510
0.94989 0.68372 0.48427
0.81440 0.68236 0.50809
0.06747 0.67371 0.28430
0.93244 0.79954 0.23688
0.94450 0.26243 0.98906
0.12719 0.27167 0.23909
0.06336 0.12846 0.28489
0.15182 0.38563 0.09937
0.19052 0.03577 0.99048
0.95887 0.21016 0.11685
0.89451 0.32435 0.02307
0.37232 0.48126 0.74044
0.17320 0.67057 0.55693
0.10114 0.20262 0.74058
0.36931 0.59457 0.93338
0.55325 0.86167 0.16067
0.00482 0.87337 0.94972
0.79367 0.54032 0.72333
0.67722 0.27156 0.63701
0.81247 0.75513 0.26168
0.30004 0.28085 0.27472
0.96012 0.78143 0.88499
0.08878 0.00278 0.91815
0.10397 0.71516 0.78226
0.06539 0.53623 0.31053
0.12985 0.14391 0.25949
0.93693 0.58066 0.79905
0.50759 0.70409 0.46136
0.19233 0.77266 0.28235
0.84723 0.75953 0.48598
0.21623 0.84416 0.51907
0.35789 0.59023 0.91674
0.14134 0.82049 0.18130
0.12136 0.32716 0.77518
0.12796 0.98156 0.40223
0.27089 0.13086 0.10211
0.96157 0.07510 0.47855
0.86300 0.85602 0.79577
0.79232 0.54170 0.16570
0.98388 0.27485 0.40449
0.95556 0.77175 0.85295
0.32427 0.29871 0.89887
0.99130 0.08559 0.98430
0.26314 0.70665 0.56221
0.55593 0.21976 0.63501
0.33422 0.30549 0.85334
0.14519 0.83946 0.14808
0.87600 0.82459 0.31981
0.23102 0.04590 0.66786
0.50167 0.25244 0.07022
0.29168 0.42245 0.85783
0.77756 0.48722 0.95727
0.89275 0.81748 0.08905
0.72246 0.29674 0.93957
0.74661 0.20460 0.37389
0.55423 0.86807 0.67351
0.83364 0.76330 0.83269
0.33242 0.78843 0.81379
0.55671 0.87334 0.32618
0.51735 0.67260 0.70822
0.20478 0.53957 0.14943
0.51208 0.68276 0.35112
0.51387 0.27779 0.57157
0.78889 0.60937 0.62347
0.16438 0.85142 0.17593
0.39678 0.76244 0.97575
0.10232 0.05838 0.50574
0.42893 0.42110 0.43928
0.77363 0.79442 0.37454
0.15638 0.58395 0.30949
0.61195 0.35057 0.78585
0.15179 0.38942 0.07258
0.54541 0.39664 0.82110
0.93582 0.74185 0.43084
0.94415 0.70683 0.88732
0.95843 0.06112 0.34544
0.66531 0.31444 0.05081
0.71696 0.31924 0.61300
0.95222 0.26027 0.54609
0.45905 0.29279 0.06527
0.86800 0.35652 0.34441
0.42852 0.27936 0.12949
0.65885 0.92421 0.76964
0.48072 0.17650 0.53750
0.96504 0.41821 0.49382
0.55728 0.26488 0.32437
0.04227 0.30243 0.31653
0.51627 0.23833 0.80522
0.83750 0.21784 0.44727
0.40659 0.49216 0.75780
0.00280 0.63258 0.50729
0.78017 0.60375 0.80814
0.15600 0.76475 0.83387
0.40501 0.98309 0.58575
0.69019 0.12873 0.17654
0.75132 0.44436 0.60278
0.63260 0.03702 0.80131
0.03042 0.39720 0.94967
0.27885 0.76676 0.20666
0.64064 0.79472 0.28352
0.13027 0.53292 0.65678
0.17323 0.86142 0.18639
0.99504 0.78142 0.02886
0.42070 0.84667 0.66779
0.70899 0.05888 0.60784
0.47270 0.03706 0.57229
0.58181 0.23797 0.13441
0.50531 0.13130 0.47024
0.94023 0.24055 0.25237
0.43011 0.21533 0.18281
0.33296 0.59669 0.16932
0.17385 0.67151 0.64204
0.29429 0.90240 0.95632
0.38452 0.47958 0.97173
0.37951 0.21309 0.03886
0.88047 0.73469 0.13141
0.31659 0.50399 0.75878
0.55905 0.22288 0.07427
0.75957 0.74043 0.10826
0.02651 0.44368 0.90177
0.33945 0.06828 0.26401
0.21100 0.81904 0.92336
0.15116 0.10563 0.69219
0.46931 0.34050 0.72204
0.65791 0.75430 0.72128
0.72675 0.48159 0.88133
0.23899 0.53263 0.28881
0.49369 0.43555 0.91793
0.07975 0.32076 0.95700
0.00593 0.26722 0.92653
0.19798 0.50452 0.93008
0.98178 0.36507 0.17007
0.63363 0.77390 0.86915
0.67086 0.29719 0.97496
0.30429 0.53572 0.80952
0.36699 0.79592 0.84991
0.81062 0.94949 0.28836
0.54748 0.16587 0.54072
0.25977 0.18298 0.01186
0.37732 0.71006 0.06674
0.35732 0.71285 0.93041
0.77264 0.11208 0.74222
0.37688 0.54827 0.35536
0.02505 0.97230 0.21466
0.07015 0.00193 0.11740
0.77210 0.76142 0.50200
0.41557 0.59588 0.05261
0.06634 0.35233 0.11827
0.08857 0.35186 0.40319
0.16306 0.93531 0.13286
0.48589 0.14145 0.38361
0.94870 0.12707 0.20243
0.99336 0.70429 0.53837
0.27880 0.37942 0.61231
0.00782 0.97989 0.68487
0.78908 0.18201 0.24959
0.84322 0.78968 0.34869
0.05695 0.55863 0.57682
0.05567 0.81835 0.66675
0.23777 0.76645 0.16378
0.06217 0.87102 0.95129
0.68431 0.26400 0.28186
0.10161 0.75324 0.60744
0.72738 0.63095 0.02080
0.29206 0.45827 0.48657
0.17911 0.40317 0.78851
0.16367 0.09521 0.63182
0.56056 0.55793 0.08998
0.55207 0.23265 0.39815
0.49983 0.58595 0.66374
0.08576 0.86372 0.77331
0.91318 0.23364 0.58157
0.48652 0.78709 0.56724
0.76500 0.29218 0.72818
0.46777 0.87757 0.42668
0.85347 0.70242 0.99196
0.64963 0.86805 0.25208
0.10430 0.59990 0.47680
0.65905 0.64884 0.00527
0.10786 0.14737 0.21195
0.65026 0.83630 0.05293
0.71615 0.15566 0.73999
0.41203 0.42628 0.82716
0.73633 0.77234 0.38073
0.96154 0.02730 0.61555
0.65723 0.65753 0.01494
0.42653 0.98396 0.24091
0.97734 0.67922 0.13757
0.01754 0.47236 0.04168
0.65509 0.52077 0.20884
0.27751 0.75413 0.06044
0.28097 0.41875 0.49858
0.19813 0.85378 0.35183
0.35327 0.35649 0.57668
0.74067 0.89158 0.94730
0.09542 0.46766 0.65009
0.69041 0.17229 0.24235
0.28103 0.44735 0.02041
0.05868 0.53240 0.51406
0.86525 0.84001 0.59617
0.16360 0.47759 0.14431
0.80541 0.01041 0.52728
0.18933 0.22314 0.23311
0.63412 0.12745 0.38492
0.71096 0.80153 0.52795
0.51051 0.05219 0.18183
0.52528 0.46337 0.41521
0.05641 0.17927 0.12050
0.43869 0.81740 0.75459
0.89143 0.64992 0.90982
0.26077 0.31545 0.70984
0.89929 0.15462 0.48425
0.71033 0.84717 0.39606
0.62600 0.78952 0.27504
0.06029 0.78808 0.43547
0.21625 0.95994 0.26689
0.58535 0.20180 0.24033
0.64346 0.40893 0.92965
0.38349 0.07251 0.30396
0.91454 0.33267 0.33693
0.58359 0.55539 0.77502
0.49171 0.64979 0.57554
0.17934 0.00237 0.15074
0.95569 0.64322 0.00103
0.84755 0.08450 0.75347
0.40138 0.27614 0.32929
0.91021 0.66645 0.87161
0.44245 0.80830 0.33035
0.25065 0.02153 0.82187
0.95038 0.43065 0.21735
0.56449 0.71382 0.99805
0.30231 0.77342 0.00610
0.16173 0.79790 0.61386
0.28297 0.10002 0.18356
0.38016 0.75217 0.61454
0.10431 0.95476 0.03206
0.24490 0.41397 0.24026
0.06438 0.54572 0.44152
0.32905 0.68432 0.85816
0.39469 0.47648 0.61713
0.81685 0.04226 0.01292
0.93509 0.28265 0.70776
0.10646 0.59472 0.39256
0.80960 0.08511 0.52435
0.31723 0.48252 0.80650
0.07131 0.69860 0.75194
0.09712 0.46913 0.71683
0.85518 0.28144 0.60133
0.48667 0.49228 0.99124
0.15644 0.55899 0.46589
0.94648 0.52175 0.54668
0.93682 0.95953 0.43208
0.86724 0.94526 0.32669
0.89856 0.56721 0.96322
0.44476 0.90805 0.35516
0.09790 0.69397 0.91975
0.38816 0.35003 0.91420
0.12368 0.75620 0.81563
0.27316 0.78942 0.17336
0.84508 0.09501 0.77488
0.25483 0.76914 0.28532
0.38201 0.20952 0.68886
0.79734 0.52479 0.51340
0.51496 0.89991 0.81769
0.40679 0.05490 0.05834
0.19364 0.38209 0.71637
0.14161 0.94483 0.18064
0.87420 0.33947 0.32094
0.57247 0.18572 0.91977
0.08320 0.35346 0.24591
0.17191 0.97102 0.60456
0.55336 0.78980 0.68494
0.08461 0.07135 0.24061
0.48955 0.19978 0.82062
0.93578 0.75183 0.35044
0.00682 0.96135 0.83586
0.63272 0.50914 0.29182
0.08644 0.70837 0.74276
0.07425 0.62363 0.26325
0.21899 0.76333 0.71014
0.00878 0.80554 0.59286
0.84933 0.42089 0.36563
0.70857 0.86861 0.92790
0.56006 0.99650 0.82274
0.70869 0.10968 0.89845
0.57393 0.79254 0.12376
0.94455 0.96929 0.56031
0.00818 0.22392 0.44568
0.49095 0.66583 0.32512
0.03548 0.22728 0.98965
0.46976 0.36018 0.87570
0.31251 0.80131 0.34949
0.10308 0.52365 0.78765
0.73694 0.91000 0.12105
0.27449 0.20177 0.83956
0.71809 0.19296 0.14913
0.07145 0.59724 0.58325
0.06702 0.01691 0.64731
0.96740 0.81008 0.83747
0.89600 0.85444 0.67109
0.23321 0.73867 0.76299
0.60986 0.84413 0.69352
0.75525 0.48268 0.80021
0.90389 0.66423 0.14499
0.79433 0.16235 0.24359
0.09172 0.32955 0.81466
0.70052 0.21846 0.21114
0.70751 0.61185 0.47699
0.67309 0.00357 0.09580
0.65532 0.10108 0.70383
0.07780 0.71255 0.23249
0.70873 0.70306 0.16626
0.50003 0.16163 0.63687
0.13331 0.92261 0.05877
0.50443 0.72523 0.69834
0.55909 0.85858 0.27509
0.11040 0.55711 0.50213
0.13172 0.10257 0.03912
0.96450 0.23772 0.72941
0.72135 0.33898 0.59767
0.21737 0.09425 0.13114
0.61025 0.71195 0.65828
0.21807 0.49392 0.40748
0.79239 0.57222 0.36026
0.49432 0.05283 0.48935
0.80916 0.99794 0.60286
0.65761 0.23971 0.69354
0.12425 0.51219 0.68360
0.09685 0.29490 0.86927
0.86093 0.45285 0.69886
0.83648 0.90393 0.44992
0.78162 0.69803 0.94214
0.02200 0.45867 0.76049
0.56086 0.49875 0.03764
0.60246 0.80586 0.92844
0.54986 0.54050 0.37644
0.69351 0.19632 0.45239
0.27270 0.69199 0.55833
0.22086 0.01990 0.98582
0.86211 0.18095 0.27749
0.78431 0.08971 0.92813
0.65940 0.94281 0.86613
0.55689 0.68541 0.54396
0.71491 0.54911 0.25792
0.31899 0.77702 0.88643
0.93071 0.75946 0.58592
0.78061 0.98342 0.55156
0.69947 0.07965 0.59999
0.81489 0.77284 0.33701
0.84939 0.56743 0.06348
0.24805 0.00846 0.80340
0.64326 0.82873 0.15576
0.64969 0.07591 0.35642
0.24319 0.06421 0.01936
0.90975 0.85201 0.12110
0.95318 0.30841 0.93274
0.05257 0.54212 0.47455
0.84887 0.49611 0.44623
0.33444 0.45716 0.59549
0.40275 0.18245 0.86333
0.04848 0.39064 0.53888
0.48517 0.28481 0.74445
0.45132 0.33726 0.79595
0.26641 0.62434 0.88355
0.42070 0.15844 0.14703
0.35400 0.52735 0.00433
0.26136 0.67929 0.62166
0.40221 0.96818 0.76263
0.18699 0.47801 0.36705
0.19003 0.29231 0.56700
0.03600 0.01522 0.18501
0.59573 0.66531 0.99888
0.89118 0.48552 0.52285
0.89037 0.58299 0.70310
0.38994 0.08684 0.08563
0.77881 0.10890 0.20216
0.21478 0.08649 0.38221
0.65190 0.50388 0.38460
0.76572 0.83497 0.95732
0.53348 0.12061 0.18984
0.53846 0.65000 0.88953
0.28233 0.30040 0.59296
0.47170 0.54063 0.06437
0.60918 0.60022 0.11406
0.51096 0.31816 0.97893
0.27482 0.98106 0.39696
0.94952 0.54990 0.07880
0.79570 0.36314 0.41967
0.49770 0.02451 0.92357
0.94967 0.84004 0.15467
0.80363 0.91695 0.20321
0.82788 0.27468 0.15902
0.75977 0.61718 0.91938
0.52797 0.82118 0.43080
0.37458 0.60606 0.16346
0.99578 0.66113 0.42217
0.38528 0.37162 0.05684
0.28049 0.56746 0.39098
0.98480 0.54476 0.98759
0.01368 0.91814 0.89915
0.69282 0.81380 0.71368
0.45414 0.14813 0.40408
0.85748 0.19034 0.65647
0.94150 0.92273 0.76821
0.39541 0.83546 0.31666
0.02477 0.13304 0.99947
0.07765 0.52170 0.49637
0.24481 0.42867 0.01997
0.29553 0.37367 0.10774
0.10755 0.12583 0.24567
0.08902 0.94687 0.89468
0.14528 0.25854 0.78574
0.30615 0.28217 0.75511
0.76236 0.87712 0.01693
0.31264 0.91369 0.02686
0.18725 0.20858 0.03449
0.86870 0.97995 0.17087
0.41191 0.07269 0.55363
0.19201 0.60581 0.61399
0.50146 0.40066 0.17944
0.65447 0.83446 0.03931
0.48272 0.09921 0.98301
0.27521 0.87934 0.94882
0.75865 0.56178 0.79221
0.16987 0.27222 0.02437
0.11200 0.43038 0.32230
0.24981 0.91469 0.15369
0.01669 0.36535 0.62180
0.37402 0.91599 0.35197
0.99250 0.41025 0.71408
0.69338 0.30887 0.93411
0.85913 0.49822 0.53953
0.73252 0.41391 0.83608
0.69026 0.13130 0.47503
0.67387 0.37294 0.56371
0.74302 0.71719 0.61721
0.35085 0.39610 0.12219
0.92510 0.24773 0.62491
0.73326 0.01478 0.43933
0.12106 0.72920 0.83544
0.54799 0.57676 0.84161
0.00803 0.13383 0.56584
0.94765 0.88668 0.75086
0.40190 0.63223 0.99121
0.16136 0.75374 0.79325
0.01529 0.75663 0.69192
0.40558 0.52649 0.65751
0.91030 0.04830 0.24692
0.17643 0.49282 0.28831
0.49911 0.29624 0.48691
0.77224 0.87417 0.28657
0.81440 0.39852 0.49268
0.72863 0.97175 0.57327
0.29002 0.99822 0.38009
0.37928 0.19452 0.89556
0.00921 0.61840 0.68468
0.94617 0.12989 0.43485
0.61156 0.59681 0.12484
0.36542 0.17830 0.24228
0.79469 0.45880 0.58518
0.05066 0.54370 0.17030
0.77628 0.88351 0.39034
0.97004 0.56512 0.29676
0.16710 0.12095 0.26225
0.16106 0.80660 0.00904
0.38542 0.46479 0.87563
0.96352 0.66473 0.72180
0.66652 0.72395 0.86407
0.76565 0.27104 0.21815
0.38385 0.69095 0.38321
0.99040 0.10634 0.41519
0.90379 0.40902 0.20839
0.90468 0.02671 0.45260
0.15616 0.30558 0.95940
0.13713 0.03072 0.64476
0.79216 0.60040 0.49967
0.47687 0.44145 0.63793
0.80594 0.31508 0.14415
0.01426 0.94422 0.21827
0.89377 0.44709 0.00387
0.97885 0.77061 0.01088
0.91275 0.17187 0.54645
0.55398 0.22145 0.41426
0.27585 0.67826 0.20228
0.02661 0.84097 0.40326
0.77296 0.72605 0.49556
0.37294 0.51079 0.95512
0.71602 0.06757 0.37566
0.75112 0.69337 0.36754
0.99471 0.08281 0.75037
0.28540 0.43605 0.91911
0.29077 0.68759 0.23128
0.92364 0.18119 0.86607
0.81169 0.51389 0.76706
0.75136 0.39047 0.18726
0.83169 0.21300 0.38905
0.23277 0.68597 0.14714
0.79029 0.54925 0.60873
0.13670 0.46863 0.18433
0.25306 0.87672 0.27501
0.47759 0.27036 0.68110
0.18758 0.84757 0.58451
0.87243 0.46873 0.73050
0.76196 0.53931 0.16747
0.81083 0.69343 0.03316
0.43219 0.65525 0.70979
0.03693 0.38600 0.17518
0.79658 0.40576 0.55400
0.39883 0.66439 0.85907
0.34734 0.51168 0.79354
0.84684 0.07726 0.95497
0.17317 0.75399 0.19897
0.14586 0.05840 0.98375
0.46229 0.79663 0.33641
0.22568 0.58859 0.21826
0.54053 0.56544 0.56706
0.55078 0.42731 0.82790
0.60239 0.47788 0.23740
0.77412 0.61159 0.20491
0.86956 0.04923 0.57316
0.74799 0.03282 0.92872
0.73032 0.95167 0.40791
0.28774 0.24770 0.30004
0.73627 0.75950 0.20247
0.54792 0.51692 0.51954
0.61961 0.52232 0.79568
0.01383 0.25760 0.45822
0.42750 0.07021 0.44108
0.18888 0.64208 0.79130
0.39268 0.77572 0.68957
0.24966 0.42203 0.01399
0.51797 0.45593 0.50928
0.58548 0.60059 0.32300
0.00003 0.51570 0.54079
0.26917 0.44929 0.89569
0.12887 0.13962 0.92131
0.83558 0.84655 0.05151
0.80963 0.44176 0.63243
0.86496 0.72271 0.03295
0.91803 0.64139 0.22882
0.05045 0.51734 0.58068
0.81894 0.28466 0.74651
0.43886 0.09058 0.47907
0.61313 0.49420 0.21045
0.27624 0.61665 0.20760
0.08096 0.24133 0.50950
0.33505 0.76528 0.27908
0.09475 0.09012 0.65406
0.17637 0.51142 0.91342
0.51120 0.19627 0.52475
0.90707 0.59667 0.09295
0.87256 0.76062 0.55596
0.33108 0.33294 0.99660
0.53805 0.44585 0.64520
0.45850 0.21397 0.98347
0.71467 0.78630 0.60976
0.16689 0.56509 0.86925
0.37190 0.82759 0.29851
0.26729 0.96706 0.63498
0.60658 0.34360 0.99461
0.78606 0.47621 0.74659
0.37995 0.88399 0.91855
0.38049 0.60296 0.89722
0.85448 0.57166 0.05170
0.51578 0.63908 0.63650
0.90800 0.81660 0.76559
0.31186 0.32712 0.81357
0.17335 0.28512 0.38289
0.16203 0.87428 0.27841
0.16015 0.56713 0.64999
0.62371 0.02483 0.95274
0.07051 0.87863 0.95448
0.43972 0.06105 0.42324
0.22343 0.59197 0.44077
0.87549 0.59919 0.24667
0.47798 0.61607 0.75454
0.33214 0.79824 0.69423
0.99347 0.42950 0.30307
0.88670 0.33595 0.14654
0.20361 0.17043 0.65777
0.99570 0.96344 0.28297
0.43069 0.98658 0.67400
0.27633 0.64613 0.93216
0.56818 0.72435 0.76279
0.95036 0.54672 0.85888
0.01010 0.90244 0.40477
0.83615 0.97743 0.32816
0.98520 0.23392 0.01946
0.44086 0.33047 0.51560
0.45028 0.76930 0.18250
0.52118 0.89970 0.08001
0.42672 0.23764 0.53600
0.94279 0.47152 0.94892
0.75178 0.20413 0.24526
0.14670 0.37364 0.43292
0.84144 0.97147 0.50475
0.86098 0.57571 0.12409
0.77758 0.59345 0.11383
0.61020 0.14851 0.02393
0.49741 0.89992 0.90087
0.50570 0.19809 0.60635
0.46077 0.95055 0.01479
0.12626 0.80585 0.35855
0.44044 0.73162 0.30516
0.81124 0.11458 0.50597
0.78763 0.04308 0.09699
0.57659 0.50297 0.59624
0.26965 0.36976 0.81634
0.93674 0.04618 0.65520
0.51793 0.57018 0.72391
0.01591 0.89296 0.04638
0.06934 0.43542 0.84207
0.52847 0.11681 0.73307
0.35875 0.89051 0.68370
0.96088 0.82493 0.46731
0.48672 0.06399 0.45056
0.04203 0.05858 0.64904
0.29317 0.69531 0.93072
0.50817 0.06043 0.94611
0.08489 0.89885 0.86001
0.80845 0.93600 0.05335
0.53297 0.05760 0.03396
0.39789 0.63995 0.55953
0.58756 0.08397 0.60219
0.55102 0.65634 0.11991
0.11882 0.62212 0.94817
0.74986 0.79484 0.18112
0.79916 0.03908 0.05374
0.58229 0.47029 0.60254
0.06855 0.86590 0.39604
0.51464 0.16236 0.39006
0.98788 0.48277 0.64590
0.64859 0.15630 0.42070
0.33794 0.35901 0.73506
0.33498 0.33785 0.36870
0.15064 0.59085 0.52447
0.29570 0.15837 0.88265
0.07791 0.14615 0.27091
0.17576 0.11711 0.88341
0.97151 0.12993 0.09916
0.42028 0.79712 0.62266
0.48104 0.02589 0.98700
0.49238 0.36177 0.71069
0.78236 0.39658 0.72996
0.02874 0.53255 0.29605
0.35860 0.14184 0.89903
0.16023 0.51002 0.94391
0.35645 0.14738 0.98933
0.08297 0.11844 0.01272
0.56580 0.56928 0.61332
0.04186 0.32740 0.37258
0.01832 0.75045 0.93188
0.61370 0.66017 0.77153
0.21208 0.05519 0.51467
0.64511 0.06871 0.19929
0.54659 0.71688 0.85731
0.93411 0.25896 0.11700
0.97882 0.15949 0.69285
0.70515 0.17257 0.41865
0.06759 0.56289 0.54413
0.11834 0.18207 0.62725
0.40623 0.72937 0.48601
0.47659 0.65739 0.60484
0.92395 0.59456 0.76186
0.53045 0.72544 0.96689
0.74809 0.49684 0.91108
0.97047 0.86463 0.02416
0.60082 0.57538 0.28385
0.83856 0.84304 0.71185
0.93481 0.44827 0.47521
0.84627 0.70284 0.51318
0.73470 0.17244 0.09186
0.57477 0.81719 0.81729
0.23244 0.82138 0.72135
0.31118 0.91416 0.43268
0.26696 0.14692 0.59786
0.41376 0.15475 0.39129
0.86794 0.05924 0.37281
0.11057 0.10684 0.50077
0.37651 0.63310 0.22119
0.82340 0.94609 0.53462
0.69709 0.88712 0.25150
0.36321 0.96249 0.63828
0.61146 0.29573 0.43200
0.43233 0.89180 0.82566
0.23747 0.31170 0.06716
0.87093 0.03907 0.05581
0.69914 0.79794 0.03586
0.46280 0.91078 0.55435
0.63208 0.27196 0.77961
0.18071 0.67204 0.96354
0.22382 0.22259 0.29368
0.67079 0.42112 0.72132
0.40955 0.83399 0.30438
0.48033 0.55757 0.06147
0.18465 0.72740 0.36167
0.47825 0.15686 0.24776
0.43949 0.80412 0.72083
0.58221 0.94373 0.40815
0.32626 0.37563 0.76709
0.93048 0.44254 0.77094
0.86251 0.83977 0.76279
0.80965 0.48166 0.63380
0.77798 0.96360 0.62304
0.20717 0.13826 0.06357
0.39879 0.25940 0.86613
0.62595 0.53051 0.82413
0.79545 0.82470 0.55380
0.60468 0.96285 0.52523
0.84984 0.90358 0.85680
0.87863 0.76323 0.25088
0.95230 0.37355 0.20230
0.37108 0.81329 0.43304
0.23646 0.71641 0.67607
0.57419 0.08835 0.98766
0.32360 0.27877 0.29886
0.58313 0.49075 0.75968
0.26000 0.20741 0.34923
0.26079 0.57659 0.10383
0.81852 0.45993 0.71740
0.28755 0.31837 0.87240
0.90751 0.75930 0.50451
0.84867 0.21232 0.33769
0.80733 0.56913 0.55000
0.14583 0.06248 0.85218
0.45863 0.94830 0.38187
0.15503 0.25932 0.80828
0.89686 0.22475 0.66658
0.90615 0.56816 0.17245
0.63592 0.68181 0.02249
0.51095 0.45616 0.89754
0.35827 0.40774 0.26599
0.61990 0.78640 0.71439
0.57435 0.02719 0.20377
0.56978 0.12698 0.29501
0.89696 0.63933 0.86419
0.73540 0.46511 0.86803
0.76616 0.79530 0.95874
0.34644 0.22701 0.46027
0.12687 0.38832 0.47299
0.64946 0.85582 0.13020
0.17037 0.95188 0.29430
0.51410 0.35618 0.20133
0.88016 0.34143 0.88935
0.96564 0.94849 0.21141
0.44520 0.55850 0.85268
0.23646 0.77666 0.21771
0.63734 0.84228 0.56402
0.69715 0.26589 0.51850
0.29431 0.52998 0.57721
0.84867 0.90653 0.36192
0.29373 0.27259 0.06814
0.13257 0.91765 0.33602
0.49252 0.11411 0.89836
0.83205 0.37371 0.46203
0.97270 0.62537 0.41665
0.22421 0.84383 0.40629
0.90334 0.88887 0.03246
0.63977 0.63184 0.94512
0.41822 0.00449 0.77869
0.38099 0.79392 0.14733
0.00157 0.81798 0.51806
0.18959 0.93597 0.05200
0.86290 0.93831 0.77558
0.31669 0.01733 0.75216
0.85602 0.92250 0.37066
0.60341 0.17341 0.51148
0.33693 0.02849 0.84748
0.67860 0.68541 0.22124
0.42893 0.36457 0.13210
0.32581 0.34355 0.09320
0.01726 0.86607 0.14784
0.44150 0.15862 0.20701
0.32538 0.66620 0.47731
0.94131 0.22558 0.63225
0.94943 0.85800 0.51703
0.85732 0.29708 0.31860
0.32450 0.71186 0.04173
0.72422 0.70246 0.28595
0.19901 0.16674 0.35029
0.43289 0.77434 0.76534
0.51432 0.86182 0.41932
0.17169 0.36662 0.01574
0.62630 0.24338 0.24135
0.68972 0.44987 0.30062
0.60350 0.22152 0.98346
0.68245 0.50831 0.15892
0.97982 0.20310 0.46628
0.99749 0.01906 0.74932
0.70241 0.48993 0.01561
0.48433 0.73554 0.52223
0.53492 0.80630 0.53586
0.79454 0.37922 0.94202
0.54877 0.96345 0.44678
0.83402 0.03935 0.16855
0.29195 0.76388 0.18793
0.01870 0.47362 0.87880
0.13038 0.96186 0.54117
0.70566 0.65928 0.54241
0.43198 0.54508 0.31367
0.83571 0.68147 0.40450
0.50291 0.30729 0.66584
0.38153 0.30013 0.63164
0.87716 0.09274 0.65018
0.35561 0.89549 0.83499
0.99387 0.17461 0.53897
0.29502 0.40446 0.19266
0.68054 0.49496 0.01570
0.62970 0.11214 0.66574
0.34106 0.45728 0.06356
0.47012 0.21182 0.67031
0.06872 0.50402 0.35356
0.98307 0.48177 0.15765
0.74296 0.71295 0.27499
0.56609 0.29216 0.98340
0.71592 0.34559 0.11932
0.08264 0.87804 0.24244
0.65390 0.45493 0.72909
0.15145 0.94545 0.28018
0.08674 0.06355 0.00286
0.34015 0.40054 0.65560
0.64930 0.29926 0.31903
0.27576 0.87449 0.49921
0.68466 0.13069 0.48584
0.39060 0.25305 0.95136
0.51558 0.46412 0.96667
0.99309 0.82982 0.30754
0.51018 0.87174 0.07800
0.30786 0.36162 0.69103
0.13988 0.11737 0.26754
0.83615 0.60735 0.22271
0.53613 0.11922 0.99078
0.72647 0.01842 0.33009
0.11796 0.39171 0.51748
0.24253 0.85539 0.65959
0.34338 0.79854 0.08612
0.73781 0.14539 0.89214
0.96440 0.90762 0.92563
0.59496 0.38080 0.38392
0.33650 0.67211 0.79082
0.91191 0.75125 0.23441
0.57257 0.45184 0.87995
0.02569 0.17989 0.77379
0.87608 0.52686 0.99163
0.63809 0.73431 0.99858
0.31057 0.51197 0.53145
0.48350 0.51726 0.49826
0.80519 0.74388 0.65216
0.99692 0.90472 0.88806
0.15182 0.07742 0.58999
0.97019 0.95374 0.93043
0.30355 0.66401 0.23774
0.61737 0.44644 0.27681
0.25349 0.73759 0.93295
0.15687 0.90932 0.29263
0.29275 0.00310 0.61404
0.26408 0.82133 0.57425
0.56974 0.42177 0.49264
0.26085 0.80989 0.05230
0.01346 0.89697 0.14433
0.49906 0.56133 0.53621
0.06260 0.10227 0.46992
0.64325 0.67266 0.27217
0.87250 0.17990 0.13125
0.97298 0.12503 0.49442
0.03257 0.54436 0.24822
0.97442 0.51368 0.32538
0.71023 0.89966 0.79113
0.31233 0.62594 0.88367
0.35814 0.62230 0.98897
0.90266 0.00477 0.63572
0.38675 0.09878 0.87198
0.74435 0.16920 0.60605
0.36844 0.97252 0.83966
0.01261 0.90800 0.26628
0.16317 0.72632 0.74966
0.41552 0.84824 0.05690
0.52654 0.20256 0.89218
0.85352 0.86966 0.85864
0.70321 0.93427 0.31717
0.90214 0.01535 0.59333
0.96453 0.73201 0.05917
0.18509 0.97195 0.21694
0.93420 0.04960 0.28083
0.11049 0.14072 0.25166
0.04979 0.02249 0.03704
0.31119 0.52066 0.89650
0.82744 0.84744 0.93425
0.56291 0.40489 0.05665
0.92982 0.20910 0.75443
0.60983 0.65722 0.40140
0.70042 0.55710 0.28520
0.80719 0.62495 0.13808
0.98783 0.60565 0.43292
0.05989 0.04646 0.13290
0.90759 0.45153 0.88335
0.58084 0.62358 0.58030
0.57247 0.35979 0.02116
0.56684 0.44991 0.54824
0.22102 0.68084 0.34180
0.44464 0.43703 0.35145
0.54513 0.41610 0.40614
0.74541 0.07037 0.90754
0.00889 0.79544 0.20827
0.12170 0.83624 0.34030
0.12031 0.30407 0.78836
0.11347 0.88144 0.12262
0.58614 0.04746 0.37215
0.50659 0.37151 0.63687
0.09094 0.94416 0.85592
0.63270 0.73945 0.83696
0.56700 0.79781 0.80652
0.99845 0.84350 0.06207
0.01522 0.43639 0.50551
0.30783 0.75021 0.17621
0.42544 0.47785 0.54297
0.78307 0.70248 0.32792
0.62314 0.75355 0.34295
0.12532 0.22463 0.66281
0.40963 0.45545 0.58196
0.90502 0.66403 0.69246
0.79341 0.53708 0.38319
0.07477 0.58219 0.44420
0.14779 0.77669 0.83205
0.97681 0.13316 0.40737
0.46795 0.32574 0.82332
0.75412 0.52070 0.20762
0.41324 0.84126 0.55227
0.10733 0.89045 0.77326
0.39367 0.03642 0.86192
0.20519 0.18273 0.23242
0.13529 0.62297 0.81691
0.09742 0.64756 0.62807
0.36545 0.45446 0.15683
0.86799 0.98640 0.00316
0.64871 0.21915 0.19151
0.49555 0.67025 0.91369
0.23074 0.80827 0.65859
0.16623 0.56875 0.66240
0.63050 0.96236 0.25783
0.02901 0.06427 0.29930
0.02505 0.91041 0.59244
0.45924 0.85189 0.33561
0.09894 0.94557 0.17355
0.30161 0.64478 0.90036
0.36008 0.57922 0.11148
0.70665 0.30174 0.37985
0.18737 0.15607 0.33111
0.99842 0.70171 0.19165
0.37782 0.34374 0.34437
0.11367 0.46656 0.86707
0.04784 0.59296 0.73096
0.65296 0.18383 0.26690
0.63908 0.36892 0.72636
0.80002 0.04130 0.18120
0.60605 0.66222 0.09149
0.27019 0.29286 0.86403
0.74826 0.97824 0.10128
0.72624 0.72264 0.54936
0.46900 0.53403 0.63872
0.41808 0.36549 0.22367
0.80797 0.29648 0.48499
0.16790 0.95980 0.85039
0.03726 0.90812 0.72695
0.63841 0.14459 0.70670
0.97319 0.22262 0.72871
0.12573 0.48851 0.11184
0.28308 0.73986 0.89950
0.11109 0.37513 0.94277
0.33574 0.14317 0.57268
0.96251 0.22297 0.01383
0.96454 0.91434 0.86967
0.12364 0.64522 0.16790
0.37877 0.88153 0.54207
0.95845 0.37447 0.79179
0.01154 0.61650 0.46653
0.66196 0.15887 0.33985
0.41954 0.04422 0.44294
0.08661 0.06414 0.08355
0.35354 0.58960 0.08060
0.11321 0.89308 0.34780
0.27097 0.35504 0.61452
0.96768 0.88722 0.38229
0.55587 0.69215 0.40307
0.42476 0.36464 0.84746
0.83369 0.51858 0.49169
0.49072 0.35725 0.58237
0.43090 0.01332 0.83970
0.43823 0.29357 0.08258
0.05647 0.12789 0.18055
0.08902 0.99020 0.69876
0.91084 0.52194 0.60277
0.39664 0.89585 0.07353
0.56638 0.78614 0.87149
0.11776 0.67811 0.38171
0.07881 0.40088 0.65628
0.08275 0.62061 0.46471
0.80931 0.59876 0.09061
0.39437 0.61292 0.35747
0.08296 0.51678 0.97981
0.07628 0.70802 0.74440
0.73495 0.17892 0.03555
0.25538 0.05669 0.21718
0.70147 0.68919 0.43685
0.09897 0.99001 0.99332
0.50038 0.32908 0.89293
0.71345 0.42723 0.61678
0.96162 0.84558 0.20622
0.40622 0.55778 0.59115
0.30636 0.77603 0.71331
0.77139 0.10709 0.21652
0.63499 0.48048 0.76484
0.41956 0.06107 0.49186
0.86607 0.24357 0.83446
0.29930 0.21989 0.64052
0.02055 0.35240 0.48294
0.98543 0.87357 0.59400
0.86352 0.03792 0.58423
0.71338 0.21728 0.60234
0.67002 0.73841 0.61497
0.86163 0.45461 0.91979
0.41803 0.66185 0.02450
0.82138 0.41198 0.63859
0.99241 0.67759 0.87554
0.45542 0.31194 0.08891
0.34152 0.28214 0.80330
0.08502 0.49602 0.10542
0.10884 0.76262 0.88789
0.63829 0.28754 0.55069
0.89563 0.90581 0.17145
0.57820 0.82676 0.70333
0.81100 0.33344 0.16464
0.40800 0.85855 0.76646
0.26046 0.80266 0.28740
0.39860 0.08244 0.99552
0.97540 0.84471 0.44561
0.77750 0.08368 0.75484
0.27813 0.30095 0.51866
0.93567 0.79170 0.49674
0.37296 0.93702 0.42150
0.78501 0.62148 0.38123
0.72464 0.97329 0.74927
0.48442 0.47929 0.33761
0.90873 0.38010 0.74338
0.95503 0.10204 0.42854
0.05434 0.40111 0.46007
0.62024 0.66616 0.88199
0.00234 0.11969 0.87616
0.27454 0.90373 0.75195
0.42341 0.29962 0.04943
0.35616 0.91534 0.56182
0.44650 0.47039 0.39283
0.33945 0.34163 0.45248
0.50121 0.85445 0.06121
0.59413 0.18528 0.14090
0.45736 0.28187 0.95680
0.44626 0.55109 0.04876
0.30387 0.50704 0.23484
0.16116 0.29241 0.92444
0.19876 0.34580 0.49743
0.14304 0.41015 0.83546
0.40564 0.99908 0.03436
0.12212 0.98302 0.72178
0.38011 0.01799 0.02887
0.01493 0.36763 0.77250
0.20122 0.13855 0.90810
0.21009 0.09619 0.87454
0.70725 0.24943 0.93131
0.60312 0.33045 0.91517
0.92485 0.18125 0.15503
0.15215 0.87729 0.83954
0.09633 0.95083 0.05687
0.08016 0.43758 0.88650
0.03528 0.30592 0.88154
0.02480 0.18674 0.71149
0.51359 0.16639 0.33018
0.10114 0.39678 0.19316
0.62456 0.57264 0.23258
0.74959 0.25979 0.17269
0.84041 0.30410 0.29655
0.64056 0.79848 0.48258
0.86355 0.64989 0.44050
0.49415 0.53435 0.35611
0.37127 0.56345 0.78214
0.86680 0.89059 0.05247
0.80052 0.57583 0.91231
0.31118 0.43292 0.24186
0.18629 0.37940 0.32738
0.39642 0.23161 0.86090
0.80185 0.92831 0.97724
0.72534 0.62617 0.03058
0.29581 0.07705 0.65226
0.93637 0.27607 0.90608
0.83168 0.35676 0.45849
0.45166 0.83732 0.73102
0.82105 0.31256 0.08408
0.97280 0.33030 0.16002
0.62379 0.20187 0.30948
0.78712 0.69248 0.05023
0.32975 0.68591 0.06924
0.50888 0.45110 0.85863
0.61850 0.36084 0.38449
0.45069 0.07651 0.25469
0.03639 0.74274 0.54383
0.06989 0.97635 0.07622
0.87148 0.62463 0.59516
0.07359 0.40703 0.07172
0.78162 0.63453 0.62887
0.61615 0.75725 0.61996
0.12124 0.79992 0.54103
0.63308 0.39109 0.75392
0.45865 0.58609 0.64861
0.96743 0.01789 0.24814
0.38026 0.19987 0.67882
0.74499 0.28858 0.90041
0.95346 0.38027 0.12901
0.49544 0.57875 0.07653
0.54374 0.20532 0.07925
0.11294 0.11895 0.60661
0.61363 0.53831 0.65771
0.89900 0.31515 0.62176
0.45246 0.08408 0.78196
0.32170 0.97336 0.08116
0.21653 0.07690 0.91973
0.98121 0.13910 0.96763
0.84549 0.57116 0.17089
0.15574 0.29803 0.90318
0.49358 0.94823 0.91514
0.13724 0.09606 0.43452
0.16105 0.67555 0.10975
0.61297 0.48170 0.76525
0.87918 0.81581 0.19847
0.76352 0.73354 0.21955
0.58692 0.86605 0.54448
0.31954 0.95079 0.33782
0.11676 0.34807 0.09482
0.87315 0.82187 0.90766
0.78224 0.58724 0.35053
0.53807 0.18045 0.42402
0.30388 0.26176 0.15689
0.46176 0.51498 0.98583
0.58417 0.06684 0.14609
0.01587 0.49766 0.87075
0.64295 0.53844 0.97996
0.08555 0.50301 0.16489
0.09487 0.66016 0.83608
0.99622 0.83967 0.59611
0.45212 0.69332 0.09284
0.65486 0.78567 0.66331
0.77966 0.83112 0.40496
0.03868 0.30837 0.89390
0.66801 0.78023 0.65731
0.76516 0.29343 0.72921
0.30298 0.32663 0.54093
0.39755 0.79258 0.08725
0.98979 0.90122 0.99442
0.53216 0.71296 0.37722
0.80635 0.17799 0.62632
0.26573 0.78129 0.84369
0.42257 0.17973 0.54968
0.63347 0.24219 0.38694
0.07441 0.92473 0.32903
0.25638 0.95287 0.82342
0.78685 0.68733 0.48754
0.64734 0.81967 0.89671
0.78314 0.20925 0.73541
0.50128 0.45257 0.90678
0.33590 0.66008 0.06721
0.92751 0.60770 0.07780
0.21958 0.34902 0.68597
0.26621 0.39444 0.92454
0.87164 0.96080 0.41738
0.05518 0.34012 0.09772
0.96576 0.84583 0.88972
0.72290 0.27297 0.10246
0.51350 0.12797 0.05313
0.73822 0.00846 0.51633
0.63026 0.06003 0.25858
0.43689 0.28419 0.10457
0.02985 0.67460 0.90916
0.20534 0.86478 0.92441
0.07384 0.54178 0.93051
0.79632 0.29545 0.47393
0.33919 0.07332 0.02874
0.50073 0.48436 0.69782
0.86106 0.62336 0.51071
0.19673 0.84989 0.09455
0.08794 0.66794 0.82835
0.66940 0.18991 0.64587
0.09908 0.17831 0.58197
0.86461 0.39871 0.55873
0.85691 0.38208 0.94758
0.37247 0.80146 0.75160
0.05503 0.58048 0.72841
0.75946 0.79803 0.99958
0.75708 0.85573 0.38115
0.26565 0.76991 0.73440
0.12018 0.35722 0.93874
0.12552 0.39238 0.30296
0.01563 0.49411 0.16083
0.49407 0.77576 0.25541
0.47920 0.76433 0.23292
0.15704 0.16064 0.05202
0.06260 0.99403 0.12301
0.72828 0.13892 0.54145
0.73481 0.87336 0.50889
0.01578 0.33812 0.13713
0.04020 0.67601 0.15416
0.19194 0.61822 0.08197
0.04896 0.51441 0.09752
0.38784 0.02882 0.38550
0.73457 0.87499 0.78436
0.25029 0.11383 0.08491
0.13999 0.03726 0.61930
0.33486 0.94665 0.88340
0.98219 0.35590 0.80463
0.60466 0.15540 0.22052
0.09308 0.31293 0.55911
0.93283 0.10644 0.55604
0.48605 0.28550 0.82646
0.61077 0.45547 0.31027
0.97794 0.14126 0.36642
0.08406 0.54744 0.82262
0.37772 0.03283 0.42594
0.19218 0.49660 0.43790
0.72066 0.89611 0.56607
0.94526 0.59589 0.76241
0.32631 0.49125 0.12763
0.59543 0.85820 0.19501
0.70708 0.57196 0.39714
0.18437 0.81253 0.68690
0.58893 0.41218 0.58639
0.40598 0.82849 0.95594
0.59616 0.38504 0.32192
0.86912 0.81117 0.21239
0.55044 0.23927 0.06825
0.10645 0.48324 0.25827
0.01016 0.82095 0.99541
0.96103 0.27078 0.81423
0.88394 0.59856 0.42118
0.22625 0.89133 0.40948
0.54166 0.56636 0.55360
0.42875 0.39620 0.69007
0.14470 0.70861 0.65750
0.11802 0.40748 0.40709
0.55165 0.87337 0.22139
0.74270 0.53411 0.02175
0.98969 0.87170 0.30590
0.68927 0.46842 0.16060
0.15203 0.30091 0.68485
0.35703 0.00297 0.05565
0.23009 0.34785 0.96820
0.73335 0.81778 0.43073
0.47817 0.04185 0.75254
0.12102 0.08762 0.15811
0.65143 0.43882 0.42974
0.22456 0.92699 0.61526
0.07640 0.22403 0.89863
0.84299 0.62797 0.50257
0.28579 0.53510 0.68014
0.28590 0.23164 0.42833
0.34413 0.88997 0.81392
0.12072 0.56821 0.26153
0.72200 0.76849 0.79691
0.60654 0.99086 0.14865
0.78768 0.12343 0.75762
0.79301 0.24735 0.42060
0.75417 0.81953 0.10028
0.74248 0.50897 0.79358
0.05692 0.67460 0.11122
0.94585 0.04384 0.30835
0.79537 0.51690 0.87615
0.92104 0.28626 0.05360
0.70098 0.59940 0.77430
0.93672 0.95896 0.35020
0.91955 0.16140 0.96209
0.83730 0.47680 0.20477
0.16718 0.43212 0.40691
0.35468 0.49250 0.99205
0.58280 0.64700 0.82669
0.39867 0.14207 0.52592
0.10392 0.40618 0.46846
0.73933 0.25245 0.29991
0.29232 0.86969 0.87806
0.25943 0.11172 0.49270
0.86094 0.41471 0.55150
0.99490 0.27766 0.49676
0.80644 0.62213 0.51674
0.84871 0.42724 0.52679
0.51722 0.66496 0.23328
0.93475 0.68962 0.38829
0.93291 0.62502 0.04895
0.42534 0.20139 0.39493
0.26997 0.60738 0.17593
0.99618 0.94126 0.31562
0.32545 0.24577 0.65574
0.56566 0.69085 0.72098
0.88020 0.92570 0.95006
0.47506 0.51699 0.33679
0.40649 0.19739 0.02883
0.69606 0.95752 0.00348
0.11262 0.64251 0.83125
0.96074 0.69902 0.17068
0.63407 0.96294 0.65963
0.69946 0.01012 0.32477
0.49283 0.25691 0.18849
0.20787 0.95474 0.27805
0.53745 0.17726 0.54580
0.48730 0.80378 0.82975
0.51636 0.83912 0.35210
0.54110 0.59163 0.37691
0.10542 0.35911 0.16953
0.68121 0.96369 0.08248
0.51242 0.72988 0.79909
0.96583 0.91181 0.74698
0.05716 0.38655 0.73941
0.14066 0.77363 0.37268
0.52927 0.11558 0.07922
0.96510 0.14699 0.30879
0.20123 0.77233 0.32408
0.88742 0.23247 0.17593
0.51542 0.06853 0.07815
0.63430 0.04833 0.89980
0.62567 0.94796 0.72397
0.37346 0.25443 0.98963
0.57487 0.87565 0.25080
0.57635 0.15700 0.64244
0.16512 0.84608 0.14736
0.07164 0.63710 0.99639
0.77100 0.45957 0.42176
0.77961 0.22452 0.39002
0.53526 0.06842 0.14935
0.21096 0.49164 0.76238
0.13692 0.84882 0.92645
0.53085 0.02335 0.37191
0.59071 0.13261 0.89251
0.50123 0.00694 0.22955
0.07188 0.48390 0.83054
0.31664 0.20353 0.50865
0.95981 0.30417 0.57557
0.72344 0.27179 0.19565
0.76720 0.86446 0.76544
0.78667 0.59838 0.00669
0.51468 0.22273 0.64028
0.62556 0.86275 0.01045
0.18632 0.87136 0.59007
0.84631 0.43675 0.44687
0.91520 0.78293 0.72838
0.69717 0.79316 0.43778
0.72925 0.06600 0.61537
0.35574 0.82264 0.83270
0.55264 0.19331 0.98931
0.80578 0.28716 0.20731
0.35126 0.17775 0.68098
0.15186 0.34546 0.48573
0.21030 0.56045 0.56925
0.17341 0.87126 0.06096
0.06443 0.94999 0.90976
0.38782 0.76322 0.12822
0.06970 0.07750 0.14659
0.42420 0.73279 0.62405
0.43426 0.38016 0.22614
0.49972 0.83872 0.89059
0.77736 0.64448 0.18134
0.93384 0.61273 0.33418
0.11681 0.05533 0.50230
0.41106 0.45082 0.21240
0.67453 0.33718 0.79830
0.66462 0.37152 0.41183
0.80774 0.20406 0.50388
0.69004 0.61373 0.69662
0.94496 0.78889 0.92742
0.47364 0.51055 0.98601
0.44622 0.65756 0.19204
0.85621 0.38623 0.94329
0.51059 0.88548 0.69401
0.93189 0.83205 0.34169
0.25476 0.53176 0.34305
0.01808 0.41868 0.22141
0.05373 0.38016 0.09607
0.18412 0.31849 0.43902
0.29833 0.91808 0.04470
0.10342 0.16352 0.47490
0.31420 0.77159 0.09867
0.56532 0.74646 0.54585
0.93275 0.08833 0.29322
0.41816 0.38556 0.35675
0.41285 0.70337 0.58988
0.29849 0.18304 0.78087
0.80694 0.46480 0.55994
0.79156 0.83632 0.49579
0.79055 0.96558 0.54246
0.39042 0.71008 0.38329
0.38145 0.42770 0.91734
0.59557 0.57595 0.24686
0.55103 0.19230 0.57069
0.35083 0.93532 0.75275
0.16470 0.63495 0.61259
0.67490 0.63405 0.33025
0.38601 0.14530 0.69254
0.49606 0.64176 0.48127
0.70281 0.51132 0.88889
0.32926 0.98380 0.77131
0.47213 0.72934 0.57797
0.23005 0.80626 0.83365
0.28599 0.64430 0.80985
0.98932 0.05772 0.16380
0.98440 0.98227 0.47610
0.38831 0.30898 0.49132
0.04846 0.39767 0.46275
0.34510 0.92463 0.73835
0.77981 0.47320 0.93555
0.44661 0.02140 0.43797
0.73145 0.30860 0.11362
0.14541 0.84052 0.44460
0.88906 0.52311 0.07747
0.48588 0.97956 0.72684
0.42293 0.08920 0.32049
0.61721 0.15153 0.28238
0.46678 0.09132 0.86813
0.98191 0.92169 0.67972
0.47547 0.74001 0.95260
0.02307 0.72577 0.51086
0.90378 0.56447 0.18979
0.57046 0.80890 0.04379
0.24652 0.14393 0.95497
0.11237 0.01241 0.79704
0.75226 0.31624 0.72143
0.30689 0.08788 0.99353
0.51287 0.69308 0.91208
0.03656 0.49553 0.42527
0.36553 0.34514 0.45527
0.76627 0.71370 0.12097
0.39671 0.48266 0.42886
0.03995 0.98389 0.93924
0.24018 0.04409 0.82037
0.61211 0.86948 0.49150
0.85616 0.60348 0.68953
0.87983 0.26048 0.99556
0.24260 0.84125 0.05939
0.29584 0.91526 0.46776
0.39862 0.95838 0.54333
0.33810 0.62234 0.93267
0.23122 0.94445 0.66918
0.54946 0.15212 0.94132
0.36682 0.66239 0.00615
0.38550 0.01158 0.29121
0.09460 0.95520 0.97014
0.43580 0.42032 0.58928
0.68899 0.01479 0.63763
0.31781 0.17265 0.32583
0.07946 0.46033 0.00736
0.39530 0.89705 0.58977
0.08982 0.02460 0.17384
0.21857 0.13505 0.61603
0.71716 0.25879 0.87044
0.25434 0.57174 0.98647
0.10263 0.24780 0.54767
0.37333 0.91682 0.23212
0.02735 0.79472 0.80460
0.79730 0.55777 0.18870
0.71167 0.00156 0.89983
0.79009 0.64250 0.69118
0.87222 0.04937 0.11621
0.46851 0.86020 0.42175
0.97449 0.12457 0.81975
0.11368 0.45207 0.43790
0.40984 0.96379 0.28374
0.92348 0.04581 0.52354
0.22824 0.66978 0.41288
0.91178 0.28546 0.75927
0.82163 0.12597 0.01955
0.37075 0.19435 0.66767
0.99104 0.06615 0.90412
0.10092 0.62871 0.82947
0.06056 0.06043 0.76117
0.58129 0.73323 0.24154
0.95890 0.52200 0.11934
0.09953 0.06819 0.75897
0.87448 0.05836 0.44349
0.82704 0.59700 0.90890
0.41757 0.38433 0.61958
0.93445 0.16802 0.34103
0.96891 0.14763 0.99589
0.57513 0.99987 0.89755
0.08677 0.58355 0.95171
0.37888 0.84948 0.53754
0.51097 0.15578 0.84763
0.85527 0.10746 0.84068
0.03093 0.93797 0.43727
0.56102 0.84773 0.18361
0.48042 0.38044 0.85757
0.30682 0.75914 0.02030
0.30854 0.67652 0.33309
0.16303 0.31198 0.84876
0.88646 0.77154 0.86698
0.49173 0.95261 0.92465
0.24035 0.57871 0.79122
0.17566 0.97177 0.78307
0.53137 0.85368 0.21532
0.87403 0.47041 0.34656
0.99665 0.33256 0.75845
0.07845 0.61927 0.45974
0.64175 0.63337 0.79925
0.37297 0.92637 0.19918
0.95977 0.75568 0.66364
0.45517 0.16142 0.94122
0.94704 0.28249 0.51024
0.76235 0.64699 0.83550
0.22736 0.95931 0.27516
0.02398 0.72299 0.96577
0.76926 0.73441 0.62827
0.40139 0.89416 0.38548
0.89753 0.93521 0.51533
0.86345 0.04343 0.36359
0.96063 0.39999 0.37828
0.12921 0.10760 0.72363
0.85163 0.99656 0.71497
0.77648 0.12562 0.79096
0.69782 0.94248 0.19351
0.76420 0.95008 0.36201
0.38261 0.39108 0.26452
0.33365 0.06662 0.44401
0.60900 0.72416 0.35410
0.26278 0.22766 0.45280
0.50009 0.97908 0.18553
0.77675 0.46682 0.98613
0.97084 0.78739 0.88386
0.45018 0.22309 0.96710
0.23970 0.49125 0.12183
0.43034 0.82214 0.68651
0.01837 0.81057 0.86331
0.24581 0.72200 0.85357
0.94357 0.74014 0.27203
0.34877 0.11454 0.00576
0.60631 0.26609 0.80988
0.54322 0.32158 0.83284
0.76592 0.07974 0.82275
0.49642 0.15712 0.80519
0.69076 0.52766 0.88694
0.65626 0.83129 0.25974
0.27877 0.28212 0.99503
0.35317 0.29898 0.97287
0.25158 0.82435 0.85467
0.06708 0.77623 0.25768
0.13210 0.06228 0.03375
0.92798 0.29408 0.65656
0.72521 0.36501 0.56185
0.42171 0.18402 0.75894
0.45331 0.22317 0.42180
0.20247 0.63795 0.39384
0.24222 0.40236 0.72910
0.87432 0.13253 0.37894
0.81141 0.08190 0.13583
0.84519 0.27183 0.32707
0.76341 0.90021 0.84645
0.08222 0.93912 0.06254
0.51186 0.65655 0.44405
0.00386 0.83990 0.42973
0.35847 0.23589 0.78976
0.73678 0.24144 0.83326
0.63513 0.26202 0.56231
0.53835 0.90555 0.17206
0.43770 0.04341 0.82711
0.00292 0.33836 0.25051
0.49260 0.46223 0.40557
0.66087 0.14116 0.28883
0.17087 0.13141 0.50213
0.60528 0.57403 0.52127
0.70449 0.54985 0.21886
0.76096 0.32592 0.53249
0.44280 0.80097 0.63886
0.76445 0.66891 0.81014
0.23418 0.58396 0.31617
0.10786 0.28054 0.85431
0.79221 0.81770 0.66106
0.01069 0.48347 0.07852
0.63014 0.14963 0.64606
0.73840 0.20951 0.13718
0.58116 0.65511 0.82168
0.42738 0.40056 0.40658
0.53847 0.75112 0.95569
0.59029 0.65588 0.99141
0.80388 0.65814 0.14548
0.92418 0.23729 0.58895
0.13018 0.92825 0.00256
0.25830 0.38091 0.88090
0.76710 0.19515 0.62071
0.32494 0.09351 0.77345
0.85574 0.37942 0.49428
0.05860 0.06396 0.86061
0.87652 0.40883 0.94431
0.73727 0.55855 0.86762
0.44044 0.70922 0.64879
0.73218 0.41496 0.91750
0.22812 0.14072 0.81852
0.03940 0.95152 0.25679
0.64907 0.42775 0.06406
0.65586 0.16750 0.52030
0.25948 0.68578 0.69859
0.26275 0.12934 0.29467
0.30360 0.55522 0.96414
0.04090 0.88067 0.62934
0.35717 0.78933 0.87026
0.91869 0.03634 0.54367
0.62703 0.31416 0.17461
0.94735 0.39664 0.16188
0.93681 0.32278 0.89474
0.66572 0.51759 0.99779
0.71000 0.20784 0.42389
0.79497 0.82799 0.96931
0.89815 0.25685 0.99565
0.16116 0.88762 0.95702
0.86724 0.23150 0.33678
0.45377 0.23723 0.64318
0.71098 0.13713 0.50702
0.70706 0.54029 0.05578
0.00971 0.94657 0.43563
0.60490 0.50448 0.23913
0.18627 0.66971 0.67011
0.37024 0.73189 0.50608
0.66099 0.33434 0.74359
0.91809 0.87589 0.84613
0.42133 0.93500 0.25618
0.03333 0.46892 0.51929
0.47956 0.32585 0.78026
0.29329 0.42055 0.45578
0.54224 0.05571 0.19129
0.80826 0.82801 0.80681
0.25553 0.86284 0.63589
0.20091 0.22770 0.17440
0.47915 0.38613 0.69785
0.94204 0.17164 0.63865
0.12035 0.71609 0.62827
0.76663 0.13750 0.67698
0.45210 0.31652 0.51581
0.90319 0.06844 0.65328
0.35772 0.10940 0.27848
0.59550 0.86709 0.62851
0.73473 0.25930 0.34396
0.93913 0.85344 0.20204
0.08950 0.24804 0.38612
0.88964 0.56863 0.94040
0.02554 0.78851 0.30559
0.49043 0.94889 0.01160
0.61790 0.58168 0.88404
0.24443 0.92388 0.32130
0.58479 0.52004 0.68233
0.13315 0.63738 0.88619
0.67123 0.37585 0.97397
0.10995 0.80568 0.77303
0.23131 0.53962 0.12319
0.45904 0.77993 0.37359
0.71612 0.17424 0.19935
0.51086 0.70408 0.79489
0.07832 0.66151 0.22597
0.55049 0.63257 0.78568
0.68345 0.80977 0.53237
0.01014 0.39599 0.87935
0.00526 0.60668 0.41225
0.75383 0.80058 0.59588
0.17969 0.68417 0.03740
0.84325 0.47456 0.62720
0.22134 0.36436 0.84047
0.25468 0.65229 0.57829
0.04121 0.78534 0.87588
0.31228 0.14580 0.67429
0.66618 0.56636 0.79032
0.52945 0.63509 0.57405
0.83305 0.29628 0.41804
0.76210 0.04371 0.72868
0.97158 0.25782 0.66513
0.69076 0.94732 0.30522
0.67192 0.32294 0.74556
0.21263 0.46111 0.15077
0.24929 0.28284 0.82549
0.52873 0.77426 0.95311
0.14666 0.70228 0.72581
0.55344 0.69132 0.81018
0.03243 0.45396 0.55038
0.87149 0.94532 0.75235
0.43907 0.88222 0.91537
0.26445 0.11708 0.02897
0.21594 0.23378 0.07567
0.46425 0.35038 0.97030
0.41235 0.63122 0.11824
0.61450 0.73890 0.51769
0.68435 0.58891 0.88073
0.89203 0.18766 0.61713
0.93536 0.25922 0.58542
0.57908 0.06860 0.34060
0.22443 0.37175 0.14602
0.99729 0.54570 0.75035
0.46659 0.41434 0.61233
0.27108 0.71256 0.82609
0.49088 0.65223 0.36092
0.11698 0.44241 0.27397
0.70478 0.57013 0.67592
0.38209 0.38557 0.48396
0.20009 0.20057 0.69620
0.85083 0.76938 0.80092
0.06389 0.27130 0.39625
0.82646 0.00255 0.32124
0.05977 0.42338 0.44601
0.06186 0.35773 0.41471
0.74862 0.00008 0.85604
0.77787 0.23158 0.36621
0.62033 0.68139 0.45609
0.33096 0.71667 0.67573
0.77081 0.58089 0.98473
0.54164 0.33323 0.87007
0.94186 0.06358 0.77325
0.30770 0.25107 0.64629
0.27392 0.45049 0.92781
0.61048 0.80572 0.13709
0.00258 0.51505 0.74800
0.53870 0.27764 0.18570
0.36244 0.81764 0.53108
0.78030 0.15910 0.57544
0.82059 0.29836 0.31741
0.26545 0.04666 0.51828
0.10462 0.66611 0.55124
0.43564 0.31269 0.87803
0.01203 0.35786 0.48661
0.32675 0.25014 0.73182
0.21014 0.57989 0.38311
0.86452 0.14033 0.09573
0.82826 0.82974 0.25748
0.26009 0.18572 0.79476
0.52581 0.68299 0.11270
0.77566 0.51979 0.97446
0.58049 0.96601 0.57853
0.40368 0.32374 0.68806
0.99995 0.03264 0.74274
0.53031 0.43530 0.71255
0.45800 0.81655 0.03317
0.19995 0.76728 0.53153
0.51334 0.51386 0.50396
0.14796 0.38927 0.69869
0.09114 0.94944 0.34248
0.60824 0.52843 0.42380
0.32477 0.85714 0.87553
0.72432 0.25099 0.23394
0.03779 0.12398 0.80563
0.77272 0.67454 0.91449
0.20384 0.84220 0.81602
0.74566 0.55237 0.10856
0.51515 0.06596 0.55217
0.91437 0.95443 0.61575
0.81198 0.92969 0.87948
0.04085 0.03514 0.74885
0.85129 0.62886 0.31825
0.82017 0.44773 0.91953
0.69397 0.88016 0.63876
0.14793 0.64663 0.59616
0.37182 0.81297 0.56422
0.63214 0.84833 0.92001
0.62206 0.54553 0.17457
0.46868 0.03977 0.60060
0.90123 0.51182 0.11769
0.48068 0.95628 0.28124
0.58434 0.82344 0.87114
0.56771 0.06088 0.47780
0.37787 0.51314 0.02828
0.87672 0.63387 0.20863
0.55561 0.77548 0.84303
0.19146 0.98630 0.73234
0.01095 0.16443 0.95967
0.15379 0.57696 0.37184
0.38678 0.18668 0.71541
0.25387 0.84841 0.31243
0.10418 0.47466 0.14956
0.99849 0.34765 0.03292
0.71697 0.54042 0.09299
0.45713 0.55914 0.70426
0.32441 0.63803 0.97561
0.75438 0.98006 0.14161
0.02479 0.37811 0.34671
0.58063 0.19376 0.50901
0.07796 0.26206 0.03980
0.68513 0.21180 0.61510
0.55251 0.53178 0.41209
0.38569 0.21483 0.70447
0.13506 0.15085 0.76844
0.90152 0.00742 0.94155
0.69055 0.64003 0.66584
0.80575 0.98988 0.35793
0.26847 0.22569 0.40099
0.63563 0.90961 0.22512
0.45583 0.35683 0.94516
0.15236 0.36377 0.38631
0.80893 0.56670 0.45666
0.91642 0.13607 0.92808
0.14601 0.38115 0.36306
0.88217 0.71885 0.29939
0.37480 0.72021 0.48600
0.98853 0.23618 0.78194
0.65912 0.06077 0.46628
0.94143 0.54383 0.29773
0.29115 0.49574 0.10855
0.94394 0.48178 0.06720
0.43247 0.73043 0.84880
0.57550 0.05462 0.60571
0.69957 0.29245 0.05965
0.40399 0.70369 0.08021
0.06379 0.77308 0.18870
0.28691 0.69982 0.84318
0.31342 0.18063 0.25758
0.72278 0.17480 0.82915
0.80609 0.63493 0.28995
0.65126 0.02620 0.08045
0.10446 0.83319 0.39750
0.33125 0.97295 0.65837
0.03166 0.71973 0.34740
0.46376 0.53170 0.46785
0.92075 0.82254 0.05920
0.51330 0.62125 0.37327
0.63291 0.77927 0.98016
0.51968 0.47204 0.41295
0.08848 0.42016 0.61807
0.01956 0.39445 0.94590
0.08422 0.40096 0.76759
0.23481 0.83356 0.74673
0.38371 0.50063 0.95504
0.78341 0.84358 0.43907
0.78795 0.59395 0.94290
0.07927 0.49905 0.91002
0.23715 0.39174 0.21671
0.08897 0.04209 0.07220
0.32505 0.97873 0.58321
0.94019 0.02938 0.42235
0.88089 0.17593 0.02292
0.16437 0.45796 0.37175
0.78287 0.12185 0.00858
0.55320 0.62206 0.26504
0.87958 0.30415 0.16225
0.16776 0.40162 0.15873
0.91591 0.38596 0.06711
0.67197 0.48553 0.45718
0.71309 0.04528 0.33070
0.65613 0.29894 0.26622
0.82612 0.37055 0.87795
0.67309 0.28821 0.93987
0.43696 0.74935 0.47048
0.60812 0.24777 0.01342
0.50084 0.47253 0.01592
0.21344 0.35849 0.25606
0.78141 0.31513 0.17304
0.93495 0.79958 0.79616
0.97471 0.89774 0.53332
0.12111 0.30719 0.22057
0.54504 0.93115 0.13379
0.17722 0.32868 0.61879
0.34341 0.16253 0.80867
0.01477 0.80215 0.49282
0.19136 0.78720 0.63110
0.47116 0.81961 0.52233
0.26377 0.10510 0.58620
0.36632 0.70096 0.89063
0.57461 0.87820 0.81282
0.46302 0.18197 0.49863
0.04045 0.58098 0.99137
0.61367 0.80342 0.34171
0.27100 0.62226 0.79612
0.77977 0.48397 0.58999
0.93353 0.02678 0.58009
0.40886 0.33689 0.82197
0.32252 0.62525 0.33939
0.53778 0.32969 0.61740
0.58313 0.67557 0.35861
0.07976 0.74391 0.19384
0.15496 0.24775 0.99604
0.90931 0.67590 0.95083
0.99614 0.01235 0.98368
0.85316 0.17544 0.32781
0.96482 0.33396 0.16973
0.16903 0.32362 0.73767
0.83352 0.53937 0.42734
0.86452 0.63157 0.34856
0.08058 0.83515 0.97235
0.72582 0.14672 0.96542
0.76289 0.18655 0.20111
0.88277 0.65802 0.29584
0.75298 0.54448 0.92580
0.64163 0.46853 0.32891
0.04945 0.46607 0.36300
0.81416 0.06072 0.63730
0.71236 0.29976 0.35239
0.90516 0.38620 0.86886
0.49654 0.45133 0.36199
0.29036 0.89117 0.30191
0.44551 0.79005 0.16225
0.24629 0.09856 0.83640
0.81129 0.97956 0.41642
0.53817 0.99652 0.25769
0.21484 0.89596 0.77977
0.67955 0.75463 0.22826
0.77697 0.37433 0.00406
0.12443 0.17446 0.32525
0.02263 0.95076 0.65451
0.27630 0.43061 0.45743
0.16787 0.23240 0.79813
0.52270 0.31889 0.69425
0.83285 0.54947 0.03659
0.73563 0.71420 0.08906
0.46430 0.23442 0.69734
0.97384 0.43572 0.98403
0.10094 0.37059 0.00257
0.72129 0.59526 0.53244
0.23630 0.36120 0.74990
0.60627 0.20045 0.70713
0.50285 0.12748 0.10007
0.67895 0.67270 0.16524
0.34418 0.70757 0.26355
0.19155 0.11161 0.72162
0.88378 0.74136 0.02822
0.83499 0.92252 0.24136
0.59793 0.03628 0.07514
0.64205 0.86252 0.91761
0.39129 0.32774 0.19716
0.05286 0.55438 0.82514
0.64793 0.51046 0.45766
0.40974 0.19225 0.52623
0.03548 0.55270 0.75162
0.29673 0.65511 0.35273
0.98537 0.65178 0.06478
0.50210 0.69825 0.21990
0.44324 0.31140 0.07543
0.41356 0.98246 0.61912
0.51496 0.65262 0.04204
0.60929 0.15200 0.52389
0.32901 0.48754 0.34947
0.21189 0.82380 0.62279
0.20925 0.76585 0.05382
0.94780 0.81710 0.31221
0.53066 0.30190 0.31794
0.67397 0.39734 0.01475
0.59502 0.77335 0.46967
0.50732 0.34184 0.11228
0.79044 0.49679 0.23181
0.12370 0.92494 0.35902
0.52422 0.27955 0.19512
0.58270 0.01846 0.09613
0.31153 0.24215 0.37106
0.50839 0.49861 0.96801
0.06496 0.87370 0.34718
0.81381 0.81708 0.76861
0.58939 0.48951 0.27865
0.15691 0.29315 0.05874
0.73122 0.47906 0.33128
0.49133 0.62119 0.11285
0.94624 0.83258 0.86729
0.68870 0.84277 0.22713
0.12909 0.17790 0.57895
0.18212 0.91343 0.69002
0.95727 0.25568 0.88871
0.25373 0.80105 0.21451
0.30761 0.17368 0.81380
0.91986 0.79595 0.71486
0.37956 0.63462 0.77893
0.12485 0.61131 0.31420
0.45814 0.81990 0.66231
0.95427 0.14125 0.13719
0.51660 0.92818 0.93758
0.40413 0.05263 0.87560
0.31351 0.02595 0.21188
0.87044 0.23011 0.18414
0.56913 0.84772 0.20223
0.26354 0.32503 0.01519
0.57612 0.53983 0.63217
0.07815 0.03646 0.41206
0.15312 0.89627 0.46043
0.79955 0.30989 0.46799
0.37810 0.44748 0.09580
0.37499 0.64238 0.74161
0.05338 0.34119 0.05120
0.99195 0.15603 0.15562
0.52613 0.92537 0.40953
0.06246 0.32953 0.02044
0.36217 0.50332 0.21139
0.89289 0.08110 0.02256
0.82415 0.24843 0.31787
0.08476 0.18292 0.90482
0.86195 0.60064 0.02713
0.88353 0.86417 0.79830
0.48054 0.03035 0.62205
0.18405 0.27172 0.28538
0.56504 0.55705 0.30073
0.78670 0.14879 0.60728
0.39752 0.05154 0.62674
0.40976 0.92490 0.23026
0.78400 0.72074 0.60218
0.11384 0.41581 0.79547
0.91434 0.33610 0.43974
0.79728 0.45589 0.01320
0.63621 0.46922 0.43860
0.74502 0.15906 0.01436
0.82445 0.95787 0.07883
0.07457 0.88916 0.21055
0.90803 0.02522 0.62271
0.34181 0.99020 0.61211
0.21293 0.34218 0.08385
0.06112 0.69411 0.66165
0.52819 0.32398 0.92686
0.83939 0.72989 0.97404
0.55666 0.34666 0.16421
0.43255 0.93623 0.41943
0.96445 0.27060 0.16648
0.36632 0.45549 0.47645
0.73409 0.32405 0.81655
0.55067 0.45441 0.04920
0.23849 0.33951 0.03166
0.96901 0.16092 0.12755
0.89968 0.62209 0.36035
0.12641 0.67133 0.27897
0.95723 0.00638 0.52150
0.65297 0.73439 0.34935
0.09600 0.18704 0.34434
0.94963 0.42176 0.62069
0.72161 0.52194 0.49503
0.94261 0.22661 0.36618
0.63775 0.47090 0.02500
0.67174 0.04306 0.71472
0.14602 0.59486 0.72089
0.88849 0.42923 0.97578
0.23899 0.39530 0.83920
0.94262 0.66737 0.87542
0.29249 0.01401 0.97544
0.89654 0.31268 0.52204
0.68802 0.26554 0.00877
0.79783 0.78627 0.00195
0.99081 0.13805 0.43574
0.53952 0.51750 0.31230
0.72493 0.20957 0.28170
0.69734 0.06531 0.52532
0.12435 0.41263 0.32918
0.46019 0.87400 0.89080
0.79890 0.43021 0.43703
0.93001 0.83603 0.21465
0.25329 0.95362 0.80790
0.96529 0.28497 0.37056
0.50267 0.28662 0.02199
0.73786 0.12592 0.42513
0.50419 0.25573 0.33025
0.75399 0.46704 0.24853
0.25337 0.16460 0.01363
0.74572 0.83733 0.51222
0.28829 0.22922 0.40495
0.38191 0.78399 0.28646
0.55115 0.75110 0.79005
0.23731 0.34879 0.13886
0.22198 0.95150 0.78905
0.33262 0.92930 0.61677
0.83018 0.44389 0.30185
0.18090 0.77373 0.12343
0.81724 0.82974 0.61081
0.67121 0.75016 0.22343
0.90967 0.95226 0.14676
0.21306 0.05378 0.62729
0.44881 0.40434 0.74367
0.81759 0.28504 0.18653
0.71823 0.21784 0.39998
0.97488 0.87714 0.56204
0.94787 0.73600 0.58615
0.25533 0.31614 0.56939
0.65146 0.11097 0.57844
0.00537 0.89981 0.21536
0.91844 0.36301 0.81593
0.77094 0.04517 0.25541
0.57233 0.36409 0.46954
0.93788 0.44549 0.62471
0.17799 0.03640 0.44837
0.93893 0.64558 0.04014
0.96315 0.17425 0.70716
0.32586 0.84855 0.43401
0.26320 0.86348 0.91698
0.86374 0.86275 0.59794
0.29131 0.65308 0.05388
0.52107 0.94394 0.60623
0.68490 0.42457 0.95262
0.74176 0.03385 0.35100
0.44540 0.97014 0.26388
0.42376 0.51307 0.83828
0.24358 0.12019 0.18404
0.44278 0.73357 0.67289
0.06621 0.23049 0.91152
0.31246 0.88538 0.00139
0.64612 0.76839 0.51891
0.20832 0.45065 0.24671
0.90047 0.30987 0.22398
0.90515 0.35733 0.32042
0.68741 0.13083 0.48782
0.68391 0.29260 0.15444
0.30546 0.78821 0.25719
0.22656 0.79128 0.33733
0.17633 0.92903 0.63037
0.71112 0.46099 0.65117
0.55654 0.19142 0.16452
0.72149 0.68176 0.66417
0.69429 0.95953 0.83012
0.91311 0.66427 0.94706
0.77404 0.06088 0.25550
0.11792 0.07650 0.82490
0.24834 0.97100 0.71173
0.84609 0.10415 0.06240
0.72226 0.34820 0.17314
0.13590 0.15886 0.51065
0.07093 0.01430 0.27599
0.08116 0.33688 0.08435
0.99383 0.50998 0.73472
0.64257 0.11358 0.43255
0.73654 0.41296 0.71875
0.71804 0.18730 0.04277
0.78268 0.68549 0.18039
0.97090 0.29882 0.31631
0.85592 0.71013 0.30270
0.50991 0.55742 0.72761
0.68925 0.10262 0.35078
0.91643 0.04749 0.62174
0.45140 0.69298 0.51441
0.55693 0.22965 0.10271
0.78542 0.19169 0.45707
0.14683 0.40843 0.38550
0.74548 0.69828 0.87862
0.99077 0.24285 0.08611
0.02414 0.27240 0.42618
0.61981 0.82653 0.98169
0.32417 0.09594 0.86211
0.97035 0.42601 0.59923
0.28257 0.57776 0.69204
0.85719 0.06252 0.38178
0.76726 0.06544 0.47306
0.40788 0.64710 0.07426
0.25241 0.17452 0.82782
0.06408 0.12768 0.16419
0.83758 0.38765 0.61877
0.83151 0.95099 0.87126
0.45354 0.78756 0.04637
0.49287 0.88847 0.79243
0.24154 0.80852 0.70120
0.76375 0.69303 0.28339
0.29416 0.58634 0.68432
0.21933 0.40720 0.42124
0.10960 0.74733 0.82387
0.92875 0.64166 0.43062
0.86949 0.70788 0.08637
0.71746 0.93993 0.80608
0.27235 0.46859 0.67934
0.12366 0.01168 0.37029
0.91648 0.62378 0.39894
0.53597 0.59350 0.36356
0.94244 0.56845 0.76186
0.08005 0.55667 0.29388
0.41801 0.31175 0.47845
0.55890 0.08801 0.54092
0.55082 0.79790 0.05009
0.52002 0.19156 0.80519
0.73058 0.00217 0.85173
0.34382 0.42985 0.11879
0.09969 0.17701 0.75450
0.48789 0.73875 0.19449
0.12248 0.66109 0.81822
0.07954 0.83561 0.16614
0.48699 0.75830 0.11596
0.89203 0.44057 0.75799
0.70582 0.16155 0.95613
0.32541 0.21815 0.05148
0.75260 0.26884 0.54371
0.27043 0.57734 0.70680
0.32072 0.60475 0.48590
0.78828 0.29047 0.21851
0.88653 0.29522 0.33398
0.47308 0.03320 0.84409
0.12248 0.86148 0.46537
0.80211 0.05306 0.40038
0.57391 0.40183 0.39093
0.83534 0.85810 0.53167
0.10446 0.97572 0.69661
0.70895 0.89881 0.12069
0.02906 0.92267 0.49248
0.65690 0.82219 0.49011
0.31252 0.95727 0.72928
0.62768 0.22163 0.45423
0.36794 0.69349 0.08521
0.44402 0.48138 0.13114
0.85212 0.39870 0.14940
0.01721 0.15137 0.41456
0.05113 0.22976 0.48628
0.84037 0.96501 0.09502
0.90511 0.46171 0.90412
0.71975 0.49454 0.03298
0.59649 0.64661 0.42061
0.85443 0.07957 0.54481
0.32124 0.67684 0.57794
0.31618 0.84589 0.36651
0.93641 0.26557 0.99360
0.08515 0.80130 0.99170
0.03577 0.79999 0.80613
0.41497 0.90178 0.75250
0.97950 0.35147 0.69475
0.53936 0.62492 0.08003
0.15277 0.21023 0.06668
0.93743 0.23065 0.14806
0.58466 0.60326 0.01276
0.19439 0.45389 0.97106
0.37017 0.67575 0.39954
0.57269 0.29325 0.39190
0.05205 0.30558 0.08288
0.35456 0.46008 0.96300
0.00568 0.12186 0.62746
0.12460 0.97894 0.63447
0.55032 0.48427 0.42484
0.97497 0.17262 0.42198
0.08304 0.07947 0.40344
0.52151 0.77284 0.59027
0.14134 0.04464 0.46004
0.21818 0.64760 0.31614
0.40892 0.32266 0.30878
0.97185 0.84792 0.70913
0.79036 0.90286 0.48959
0.89392 0.74138 0.36822
0.55684 0.32552 0.02764
0.62494 0.00643 0.90109
0.91378 0.13416 0.21442
0.39080 0.33716 0.81800
0.62442 0.71900 0.97712
0.12073 0.00788 0.84963
0.30452 0.20498 0.74830
0.68203 0.18633 0.38012
0.04129 0.77009 0.51555
0.16383 0.85123 0.67124
0.16414 0.56977 0.48187
0.13801 0.93906 0.79380
0.10417 0.38260 0.96739
0.89373 0.10247 0.15832
0.60232 0.22330 0.52932
0.34603 0.59599 0.21859
0.97731 0.61487 0.92300
0.81565 0.82947 0.11802
0.40728 0.15718 0.07068
0.12599 0.01138 0.55118
0.53286 0.38732 0.09877
0.13314 0.73981 0.58764
0.41923 0.42915 0.62492
0.30029 0.00649 0.19657
0.99924 0.76383 0.67866
0.76422 0.16886 0.29300
0.89589 0.17042 0.77044
0.73567 0.55406 0.92871
0.67736 0.55594 0.13369
0.13276 0.29247 0.75359
0.74179 0.55725 0.50222
0.29040 0.70156 0.49784
0.99789 0.41900 0.16357
0.44677 0.37787 0.88810
0.20356 0.99973 0.50207
0.21815 0.58946 0.49605
0.98613 0.36119 0.73395
0.28595 0.21722 0.42846
0.60068 0.65574 0.94409
0.84641 0.72616 0.83050
0.44208 0.54849 0.31494
0.94346 0.72026 0.68581
0.45076 0.05401 0.92061
0.02784 0.80762 0.26534
0.78747 0.85866 0.46753
0.24635 0.96428 0.01992
0.98647 0.06238 0.20372
0.60713 0.17447 0.14898
0.16352 0.71682 0.17127
0.41833 0.58950 0.56284
0.78690 0.17270 0.25099
0.99129 0.86933 0.73088
0.41663 0.62648 0.79473
0.55851 0.42781 0.12753
0.96161 0.97582 0.30025
0.23468 0.27682 0.47482
0.06624 0.67618 0.24279
0.50244 0.59328 0.26249
0.10997 0.56441 0.11249
0.56179 0.75543 0.00843
0.78866 0.65741 0.99806
0.44162 0.33212 0.34646
0.48290 0.60291 0.29265
0.51388 0.74754 0.91625
0.42104 0.59510 0.45685
0.54151 0.56553 0.93442
0.60713 0.89408 0.19022
0.92361 0.43522 0.68419
0.14173 0.09414 0.79016
0.97999 0.85504 0.14692
0.91171 0.99767 0.92083
0.28275 0.00465 0.03482
0.68853 0.70958 0.90078
0.75123 0.33468 0.74094
0.60284 0.80513 0.20768
0.93195 0.59008 0.94972
0.14097 0.57335 0.64484
0.32837 0.88540 0.82045
0.65139 0.03103 0.48342
0.24857 0.73998 0.03465
0.89219 0.89350 0.90761
0.59100 0.48702 0.49031
0.23426 0.36144 0.85668
0.30767 0.49624 0.62707
0.53771 0.08551 0.09162
0.61814 0.74466 0.93813
0.90953 0.50798 0.53315
0.13622 0.12574 0.41220
0.93381 0.70512 0.27553
0.04535 0.98107 0.57465
0.90708 0.71032 0.80349
0.93494 0.38808 0.52776
0.26985 0.19888 0.28823
0.93356 0.50156 0.31013
0.27065 0.00280 0.58792
0.11371 0.40650 0.45655
0.85139 0.42185 0.11699
0.93414 0.84525 0.33131
0.54409 0.47289 0.74380
0.58134 0.37405 0.05247
0.16037 0.13215 0.74471
0.92524 0.65477 0.23066
0.60590 0.55822 0.44640
0.14121 0.64105 0.84193
0.37195 0.14340 0.24744
0.12197 0.72602 0.22408
0.96009 0.33683 0.70088
0.11747 0.31854 0.25410
0.76615 0.13219 0.00553
0.28402 0.68635 0.41161
0.03703 0.74585 0.26487
0.56202 0.94491 0.56246
0.66110 0.43751 0.61744
0.74679 0.21901 0.20834
0.27324 0.18765 0.91990
0.94549 0.10069 0.88102
0.23944 0.87757 0.47403
0.70883 0.48699 0.82921
0.03305 0.93852 0.88226
0.33940 0.65908 0.23822
0.98002 0.82239 0.86505
0.46396 0.34471 0.46859
0.16330 0.99838 0.74561
0.27019 0.03447 0.59009
0.73470 0.52796 0.37870
0.86155 0.08398 0.96270
0.84763 0.61001 0.93573
0.69103 0.60824 0.03232
0.93969 0.39381 0.34432
0.04386 0.46767 0.07240
0.95767 0.19554 0.35717
0.04919 0.62953 0.86253
0.30634 0.53379 0.10655
0.78372 0.63524 0.01198
0.63684 0.25853 0.81808
0.93585 0.26815 0.10722
