0.48490 0.22846 0.30548
0.73187 0.23902 0.36628
0.29684 0.50241 0.95173
0.91193 0.16655 0.35547
0.02156 0.59998 0.34675
0.20328 0.66787 0.65069
0.34202 0.55533 0.08315
0.25881 0.99767 0.98207
0.11499 0.64675 0.31619
0.76231 0.27773 0.56121
0.74700 0.17027 0.69338
0.91201 0.84647 0.28837
0.47773 0.14529 0.24096
0.13770 0.11813 0.68575
0.22452 0.64308 0.64104
0.61107 0.32037 0.41551
0.14771 0.69310 0.87196
0.80052 0.54031 0.94260
0.35016 0.36144 0.60266
0.97952 0.03437 0.78850
0.65321 0.61539 0.72396
0.98247 0.33219 0.92009
0.94567 0.16366 0.62430
0.88863 0.88103 0.34965
0.31312 0.65651 0.81035
0.23606 0.86343 0.94300
0.41266 0.30966 0.45890
0.88223 0.00807 0.21728
0.16472 0.43219 0.36578
0.68628 0.45744 0.40717
0.31403 0.50478 0.35905
0.24708 0.00854 0.80139
0.97713 0.49754 0.66084
0.04405 0.12252 0.28841
0.95953 0.01867 0.16766
0.28681 0.28533 0.86794
0.18929 0.32022 0.77867
0.80360 0.17410 0.50472
0.61605 0.17415 0.07067
0.82675 0.18423 0.84809
0.46750 0.15302 0.24234
0.61661 0.14496 0.94989
0.84194 0.81534 0.54926
0.90575 0.99901 0.34650
0.02119 0.02355 0.40715
0.51867 0.39233 0.90221
0.13854 0.63073 0.15251
0.11857 0.12030 0.07289
0.86096 0.83990 0.84977
0.49224 0.50590 0.91513
0.43514 0.17139 0.18787
0.10790 0.29081 0.70151
0.46272 0.21103 0.45806
0.34678 0.16441 0.31816
0.77122 0.74602 0.79354
0.28199 0.79955 0.75826
0.36783 0.96412 0.00955
0.54219 0.63469 0.69826
0.06705 0.89545 0.32787
0.56163 0.33135 0.81104
0.75700 0.52240 0.23171
0.75238 0.47732 0.31432
0.90420 0.44496 0.31396
0.23990 0.76583 0.98291
0.46201 0.82437 0.42495
0.20098 0.14386 0.22240
0.76557 0.87601 0.18284
0.91770 0.89987 0.00332
0.98555 0.97728 0.89792
0.48058 0.98829 0.19064
0.64253 0.08312 0.22220
0.31915 0.81485 0.33147
0.41712 0.51699 0.23360
0.02630 0.45038 0.73990
0.14642 0.15557 0.90418
0.44534 0.83653 0.35602
0.64006 0.17634 0.03453
0.63630 0.87823 0.75102
0.04047 0.98201 0.53106
0.78993 0.36303 0.01467
0.37094 0.21236 0.97125
0.80859 0.55026 0.47658
0.09935 0.88762 0.71678
0.88191 0.98303 0.81695
0.75993 0.26579 0.24081
0.81170 0.54438 0.68189
0.46898 0.73529 0.68818
0.25113 0.18719 0.41646
0.11438 0.34190 0.66890
0.94683 0.62541 0.39484
0.82157 0.95147 0.28754
0.11220 0.62378 0.33035
0.98851 0.21339 0.19989
0.92056 0.06558 0.40010
0.16584 0.61246 0.79646
0.84018 0.11580 0.40351
0.87117 0.31636 0.40774
0.79546 0.54660 0.95916
0.67525 0.86608 0.43638
0.28270 0.14561 0.78017
0.11018 0.79748 0.02503
0.70295 0.89715 0.52003
0.07990 0.53970 0.48007
0.72934 0.93632 0.33554
0.54341 0.57005 0.70979
0.30174 0.57352 0.64735
0.34147 0.48359 0.82080
0.66059 0.47057 0.33367
0.86661 0.92811 0.04448
0.29010 0.43460 0.50350
0.33879 0.17515 0.64922
0.06792 0.70912 0.25053
0.81861 0.16322 0.13316
0.55442 0.10297 0.70925
0.09749 0.19301 0.57289
0.68079 0.05651 0.37445
0.89463 0.72745 0.94417
0.18602 0.37146 0.90837
0.02285 0.44513 0.01741
0.10277 0.10850 0.07761
0.55626 0.93889 0.09686
0.02637 0.66216 0.55959
0.94495 0.04078 0.25777
0.22236 0.06574 0.09289
0.67110 0.60222 0.90407
0.56285 0.34154 0.16154
0.84555 0.72316 0.09932
0.58012 0.80990 0.81277
0.61684 0.10226 0.99523
0.52983 0.87459 0.23619
0.78463 0.48498 0.16494
0.76311 0.52778 0.54593
0.39524 0.46799 0.78500
0.76889 0.25843 0.75037
0.41358 0.78498 0.48743
0.29040 0.78662 0.18793
0.77865 0.00188 0.18706
0.47934 0.66154 0.54499
0.82500 0.17181 0.79478
0.11674 0.16750 0.33397
0.89372 0.25094 0.39355
0.01936 0.63936 0.24146
0.71289 0.94105 0.20246
0.56058 0.31736 0.63594
0.61649 0.31663 0.94909
0.74774 0.63260 0.21883
0.39373 0.94604 0.87550
0.53726 0.99268 0.63977
0.37627 0.01527 0.84675
0.55481 0.28276 0.95123
0.61768 0.80359 0.37640
0.02820 0.45827 0.80369
0.22457 0.03668 0.76382
0.17568 0.28582 0.76353
0.08082 0.75090 0.98083
0.77153 0.22041 0.48766
0.86573 0.65932 0.00070
0.08342 0.13984 0.92861
0.79509 0.97177 0.49322
0.02266 0.56176 0.27336
0.92201 0.56670 0.63858
0.31424 0.37195 0.85637
0.84735 0.84716 0.74875
0.57426 0.81370 0.76354
0.50921 0.90049 0.41312
0.08632 0.27622 0.63571
0.47327 0.84555 0.86997
0.60119 0.94243 0.59387
0.78293 0.63089 0.78222
0.52950 0.41779 0.40667
0.33269 0.88343 0.27779
0.92598 0.92381 0.31198
0.77124 0.67126 0.12895
0.44199 0.12879 0.27748
0.49849 0.58724 0.75563
0.63611 0.67700 0.74979
0.68110 0.64891 0.54853
0.64149 0.63704 0.63140
0.19371 0.00604 0.17028
0.04734 0.93101 0.37284
0.37032 0.72276 0.17068
0.02694 0.46401 0.79046
0.37245 0.71796 0.92276
0.94232 0.20177 0.99291
0.85658 0.22318 0.99604
0.18904 0.59062 0.91965
0.20605 0.37478 0.21679
0.71105 0.13368 0.80025
0.51579 0.41304 0.10579
0.35012 0.46128 0.65443
0.29154 0.02467 0.86594
0.25074 0.97516 0.42894
0.95661 0.11966 0.03971
0.21397 0.33851 0.26660
0.92569 0.10377 0.35813
0.67690 0.97070 0.92068
0.38164 0.17909 0.20609
0.99904 0.31746 0.69783
0.34666 0.60691 0.89812
0.15029 0.72250 0.31802
0.75168 0.36529 0.75129
0.54496 0.50001 0.28735
0.36115 0.21370 0.67852
0.70304 0.75093 0.43411
0.22520 0.76588 0.64412
0.51439 0.71850 0.27680
0.75525 0.65654 0.35786
0.51609 0.73879 0.52222
0.12978 0.39565 0.10003
0.41331 0.50778 0.77813
0.82681 0.59184 0.61394
0.41625 0.82223 0.58964
0.41476 0.18723 0.91966
0.56679 0.34555 0.99289
0.25160 0.04427 0.27829
0.01719 0.43306 0.91920
0.73779 0.39329 0.15503
0.16401 0.52493 0.78994
0.12642 0.71689 0.14270
0.33392 0.80312 0.41522
0.22619 0.01728 0.58009
0.80341 0.33644 0.98003
0.10841 0.14398 0.74719
0.74838 0.92887 0.51388
0.54160 0.74765 0.85419
0.62066 0.44900 0.74239
0.90186 0.19856 0.87184
0.23461 0.17227 0.78929
0.29398 0.45493 0.07160
0.44330 0.40382 0.93091
0.39317 0.25005 0.13651
0.09613 0.93700 0.78815
0.69836 0.17561 0.40954
0.66631 0.31963 0.18534
0.05281 0.54089 0.27130
0.47084 0.65009 0.79687
0.91634 0.09630 0.27393
0.71626 0.26658 0.23803
0.89326 0.15515 0.50924
0.06300 0.99615 0.00499
0.73547 0.65711 0.19960
0.47876 0.70440 0.04833
0.68810 0.61740 0.27674
0.80494 0.11829 0.49787
0.32772 0.58888 0.17417
0.09367 0.83888 0.47444
0.02369 0.21218 0.12731
0.17388 0.56544 0.24126
0.79751 0.33342 0.18257
0.43695 0.09672 0.38532
0.84867 0.51501 0.03311
0.35003 0.81758 0.45136
0.58152 0.38931 0.74971
0.76147 0.50140 0.70724
0.60174 0.62635 0.30157
0.51273 0.26283 0.64638
0.91947 0.19011 0.87583
0.85526 0.14822 0.52187
0.87738 0.39088 0.16964
0.10526 0.60007 0.97558
0.52610 0.83398 0.73584
0.42657 0.07909 0.45162
0.54060 0.55237 0.39553
0.40068 0.15894 0.03093
0.34929 0.20804 0.62839
0.99444 0.29418 0.75975
0.60496 0.06720 0.62426
0.40638 0.55432 0.85527
0.86156 0.65749 0.05201
0.54016 0.14511 0.94266
0.94020 0.21770 0.42223
0.28628 0.84112 0.56049
0.61181 0.31814 0.37334
0.11088 0.19866 0.49929
0.18027 0.11535 0.51528
0.64891 0.27062 0.27234
0.31031 0.91002 0.02939
0.71331 0.94780 0.31066
0.60313 0.58968 0.89871
0.23656 0.17339 0.23619
0.61824 0.79257 0.82676
0.61298 0.03807 0.23481
0.62175 0.76854 0.19736
0.84537 0.50126 0.19238
0.46325 0.31845 0.66926
0.76242 0.97815 0.62850
0.44508 0.49615 0.45058
0.88133 0.67046 0.88360
0.91551 0.00998 0.83045
0.55988 0.51814 0.59957
0.50856 0.34105 0.29261
0.19318 0.48706 0.49599
0.45176 0.22341 0.76485
0.04686 0.07901 0.74941
0.10020 0.48936 0.86495
0.53116 0.86802 0.57646
0.08468 0.96515 0.79479
0.84032 0.05810 0.30080
0.05457 0.32259 0.07813
0.08489 0.83703 0.33696
0.37007 0.29958 0.43446
0.91024 0.29968 0.69362
0.74919 0.31144 0.78439
0.83078 0.98319 0.12586
0.38562 0.13246 0.69822
0.60874 0.59272 0.24089
0.21536 0.61212 0.27318
0.81285 0.57452 0.21847
0.66792 0.35250 0.83522
0.31322 0.15901 0.79981
0.66447 0.40996 0.51421
0.12790 0.61160 0.41097
0.03969 0.41427 0.39451
0.04896 0.20085 0.45175
0.48708 0.79152 0.91211
0.69250 0.47067 0.04508
0.42159 0.95102 0.71728
0.90196 0.39995 0.49202
0.91106 0.75948 0.74547
0.77465 0.11358 0.96700
0.86546 0.63065 0.05965
0.11451 0.41909 0.51701
0.05025 0.85850 0.03052
0.95420 0.56867 0.67234
0.42024 0.37841 0.04074
0.63080 0.04162 0.81062
0.06349 0.36500 0.04183
0.41238 0.21914 0.61299
0.15084 0.92289 0.58516
0.12000 0.30842 0.51189
0.42633 0.78760 0.64394
0.49987 0.44521 0.20716
0.65431 0.40868 0.56807
0.63219 0.92896 0.18714
0.30604 0.71717 0.84702
0.77795 0.56462 0.01627
0.32320 0.96226 0.64563
0.76311 0.40150 0.20784
0.27595 0.41952 0.83337
0.10151 0.40333 0.82188
0.56631 0.57303 0.63732
0.62741 0.57416 0.21385
0.24775 0.17765 0.89925
0.65925 0.65221 0.97973
0.01822 0.09497 0.19100
0.13613 0.55617 0.55196
0.52951 0.09298 0.32986
0.96779 0.44698 0.31012
0.12688 0.12970 0.32703
0.19690 0.65610 0.01713
0.00982 0.21284 0.91803
0.12333 0.29638 0.63007
0.89314 0.20199 0.06465
0.36184 0.16786 0.38835
0.17363 0.01093 0.28018
0.91496 0.19030 0.51089
0.13310 0.84716 0.41076
0.31230 0.20588 0.49388
0.92837 0.34061 0.12454
0.80564 0.26193 0.29725
0.81469 0.77611 0.44864
0.82714 0.16782 0.98411
0.84640 0.90104 0.17492
0.54520 0.34462 0.01865
0.84303 0.99079 0.08887
0.31834 0.27761 0.09012
0.48069 0.44108 0.47373
0.32443 0.96438 0.15967
0.33304 0.24273 0.35637
0.03230 0.44251 0.90773
0.30430 0.14014 0.88361
0.60967 0.47530 0.55069
0.45287 0.14052 0.86633
0.35870 0.07085 0.91557
0.00768 0.67621 0.81338
0.17142 0.00882 0.79875
0.71878 0.46847 0.74325
0.02470 0.26478 0.52539
0.25806 0.93121 0.13607
0.56375 0.42401 0.36401
0.62223 0.28702 0.50874
0.73668 0.29553 0.97174
0.85787 0.59194 0.66841
0.56082 0.07652 0.33149
0.90620 0.29221 0.31027
0.82902 0.52605 0.49915
0.68636 0.67630 0.38084
0.37159 0.98474 0.06064
0.07142 0.80650 0.28963
0.47042 0.10146 0.23084
0.56656 0.55841 0.52584
0.16852 0.00796 0.08965
0.75148 0.61610 0.46817
0.27297 0.81589 0.93789
0.24546 0.51362 0.49221
0.34783 0.78037 0.25292
0.20032 0.83885 0.13741
0.89069 0.67429 0.16097
0.25808 0.53596 0.02450
0.66932 0.88912 0.53863
0.02000 0.13944 0.66094
0.13563 0.01903 0.76802
0.87139 0.20958 0.22422
0.55003 0.47051 0.59946
0.67556 0.32698 0.83573
0.16405 0.93511 0.93725
0.86807 0.63779 0.43178
0.23172 0.27114 0.55600
0.86566 0.76572 0.22523
0.17808 0.78182 0.58217
0.70678 0.30525 0.32893
0.63287 0.13170 0.94155
0.12925 0.18072 0.06474
0.54054 0.83880 0.70476
0.51627 0.25774 0.62710
0.76600 0.44701 0.14516
0.82618 0.63430 0.01426
0.88466 0.52620 0.66171
0.31035 0.68927 0.41747
0.11733 0.19416 0.27143
0.93804 0.86626 0.96083
0.83688 0.63432 0.69103
0.12808 0.42092 0.63253
0.89778 0.62947 0.33955
0.59240 0.25342 0.50806
0.05720 0.47398 0.68184
0.96793 0.34424 0.95721
0.50736 0.38274 0.08391
0.14892 0.27837 0.54508
0.89409 0.52971 0.14603
0.96980 0.77645 0.65169
0.91147 0.93005 0.02954
0.11187 0.95591 0.60583
0.15444 0.18858 0.70234
0.06246 0.86346 0.67010
0.55585 0.85253 0.58400
0.38376 0.95249 0.16779
0.64836 0.18059 0.45030
0.70808 0.03249 0.11506
0.27631 0.96743 0.23561
0.52496 0.88754 0.94145
0.49331 0.95267 0.69122
0.74595 0.26303 0.52438
0.11488 0.32842 0.66905
0.04949 0.84037 0.83514
0.78260 0.15257 0.37400
0.14298 0.04459 0.67621
0.95378 0.65014 0.48832
0.52260 0.90295 0.53182
0.20294 0.62168 0.41390
0.87649 0.00375 0.09109
0.14795 0.42143 0.87673
0.03356 0.97506 0.04263
0.81054 0.52503 0.65688
0.52307 0.99892 0.94695
0.77928 0.42426 0.25960
0.30759 0.20912 0.80622
0.76458 0.32768 0.87002
0.23229 0.76612 0.62394
0.11294 0.12201 0.49284
0.13497 0.09616 0.40127
0.76323 0.31236 0.96453
0.19157 0.23538 0.13942
0.63625 0.71111 0.58826
0.54317 0.69549 0.39059
0.58096 0.35815 0.49972
0.58935 0.22800 0.14527
0.80215 0.01959 0.14133
0.31136 0.19109 0.49092
0.05630 0.15106 0.03949
0.37268 0.94255 0.44943
0.05960 0.36595 0.14182
0.16210 0.11970 0.93778
0.68111 0.54229 0.86400
0.06851 0.70074 0.98595
0.41461 0.69815 0.88266
0.03840 0.30839 0.86338
0.88148 0.96486 0.76197
0.50968 0.47655 0.24376
0.69345 0.39942 0.48367
0.77673 0.56060 0.72496
0.37334 0.94637 0.14919
0.21956 0.42744 0.90468
0.14173 0.81364 0.93106
0.71522 0.81346 0.83768
0.63009 0.66442 0.77106
0.19850 0.47555 0.46891
0.40041 0.06110 0.11481
0.19019 0.11448 0.99660
0.29808 0.61388 0.93966
0.95695 0.73168 0.38698
0.97704 0.66615 0.01312
0.46635 0.08474 0.11491
0.04442 0.86793 0.72917
0.10687 0.10504 0.31054
0.46302 0.65711 0.12938
0.77330 0.20542 0.61138
0.63399 0.09612 0.99795
0.46897 0.77784 0.15295
0.39249 0.82027 0.05477
0.42444 0.59738 0.24864
0.82621 0.86016 0.73189
0.35792 0.03639 0.90012
0.42397 0.29984 0.68184
0.30814 0.99332 0.35296
0.94273 0.67708 0.00668
0.31312 0.86966 0.18590
0.97055 0.18367 0.85704
0.47767 0.94960 0.67553
0.04669 0.77291 0.15423
0.91528 0.07945 0.76560
0.60404 0.10011 0.01713
0.48583 0.71884 0.41750
0.49344 0.34320 0.50811
0.99007 0.58156 0.79703
0.28203 0.03816 0.07175
0.59523 0.23036 0.68364
0.56155 0.95797 0.33296
0.22981 0.69822 0.20130
0.52675 0.94016 0.50917
0.36245 0.51451 0.21788
0.44459 0.10999 0.84557
0.11397 0.98950 0.67405
0.93610 0.75961 0.94214
0.46611 0.92870 0.18821
0.23768 0.31876 0.25514
0.13960 0.41383 0.89618
0.37420 0.38738 0.68919
0.37692 0.34737 0.86014
0.14630 0.74633 0.91936
0.07884 0.63838 0.94297
0.04141 0.71923 0.26745
0.73792 0.32957 0.43158
0.48138 0.98712 0.51679
0.77360 0.22638 0.01770
0.99472 0.70109 0.67650
0.42294 0.44075 0.64698
0.79862 0.41972 0.82757
0.20846 0.38335 0.01158
0.34631 0.84516 0.86402
0.99729 0.21419 0.35329
0.74665 0.94880 0.21982
0.51551 0.45003 0.11913
0.42020 0.46293 0.75411
0.29053 0.85097 0.25381
0.69526 0.32551 0.74724
0.56782 0.44255 0.82643
0.37439 0.46586 0.35742
0.70632 0.36516 0.23392
0.99941 0.17608 0.97423
0.15941 0.66696 0.72203
0.09132 0.82441 0.17765
0.13009 0.61132 0.04493
0.55218 0.04807 0.33180
0.42234 0.93277 0.80926
0.89927 0.00509 0.95431
0.42479 0.24249 0.33005
0.04996 0.32452 0.52645
0.22110 0.64560 0.18823
0.46915 0.44661 0.03093
0.70374 0.13265 0.42422
0.98648 0.30723 0.85787
0.35185 0.14003 0.69459
0.53454 0.01994 0.61109
0.22076 0.87618 0.92543
0.15769 0.75328 0.41627
0.03175 0.18330 0.77743
0.24330 0.07855 0.99983
0.74379 0.06898 0.30663
0.04985 0.15404 0.32933
0.59890 0.53911 0.25657
0.55078 0.70878 0.67587
0.20325 0.94270 0.54876
0.71206 0.55756 0.27398
0.84963 0.01844 0.19898
0.25106 0.34195 0.88409
0.82914 0.21762 0.70038
0.62211 0.38709 0.03907
0.60557 0.46125 0.96566
0.74941 0.87020 0.51830
0.23570 0.62485 0.51509
0.49754 0.20712 0.73569
0.30709 0.75443 0.09396
0.70063 0.91770 0.23382
0.74413 0.32047 0.20325
0.39581 0.07301 0.08728
0.16481 0.96200 0.91853
0.83256 0.16650 0.45706
0.17358 0.63745 0.72281
0.52135 0.71167 0.65486
0.58209 0.39994 0.20628
0.48689 0.61787 0.04081
0.30122 0.21092 0.53491
0.53864 0.16697 0.74765
0.16687 0.16463 0.12267
0.16323 0.99242 0.21888
0.24682 0.43966 0.34040
0.92739 0.01393 0.17580
0.54117 0.98702 0.47104
0.16233 0.39403 0.65406
0.32628 0.28377 0.19598
0.40214 0.30107 0.49552
0.74303 0.67385 0.37868
0.68447 0.94891 0.47928
0.65429 0.22852 0.54979
0.94645 0.08638 0.21700
0.35634 0.14231 0.27905
0.75278 0.64191 0.03330
0.93969 0.46179 0.43188
0.27465 0.61117 0.56612
0.73456 0.34527 0.78877
0.99995 0.82896 0.73185
0.49679 0.51370 0.87877
0.18068 0.49538 0.34770
0.15309 0.10144 0.37193
0.92959 0.72991 0.87582
0.33735 0.57125 0.27652
0.73925 0.02517 0.76428
0.42924 0.64517 0.28580
0.43468 0.16652 0.65155
0.35600 0.95115 0.59113
0.18171 0.17123 0.03958
0.93348 0.65111 0.08126
0.99472 0.33099 0.25042
0.96028 0.82456 0.95881
0.15528 0.27152 0.62582
0.29902 0.13422 0.40698
0.38669 0.25001 0.21176
0.98073 0.56808 0.17330
0.04731 0.42806 0.84258
0.25602 0.64409 0.14067
0.05132 0.97362 0.67085
0.68534 0.84119 0.35519
0.65589 0.95540 0.23113
0.09145 0.25484 0.06650
0.82087 0.62951 0.96120
0.26360 0.94535 0.08269
0.74435 0.84379 0.79172
0.48398 0.45176 0.25130
0.39119 0.95825 0.20094
0.01201 0.39500 0.77438
0.60328 0.52244 0.59080
0.15460 0.00082 0.36921
0.56584 0.57293 0.61181
0.46337 0.37178 0.59331
0.32607 0.61340 0.11865
0.06569 0.23135 0.03040
0.31410 0.83507 0.74976
0.21409 0.55338 0.30293
0.17694 0.68887 0.32915
0.12932 0.07519 0.94004
0.89905 0.86267 0.54761
0.57561 0.75343 0.75174
0.62560 0.09260 0.30804
0.40023 0.05552 0.00579
0.80063 0.85129 0.27794
0.28866 0.35173 0.02565
0.36168 0.05472 0.58536
0.32297 0.69459 0.17183
0.54042 0.87069 0.71404
0.59930 0.90661 0.77623
0.85857 0.33894 0.60494
0.68879 0.79766 0.02502
0.47179 0.15434 0.27629
0.19345 0.24861 0.62685
0.56178 0.31858 0.01539
0.55705 0.82918 0.44224
0.08543 0.10266 0.51952
0.69574 0.69602 0.69516
0.52410 0.08416 0.29302
0.83904 0.98290 0.19153
0.48622 0.42921 0.72471
0.29503 0.46612 0.20260
0.80482 0.63448 0.84116
0.65818 0.23108 0.58689
0.22184 0.95910 0.13687
0.63143 0.38998 0.67002
0.12841 0.97249 0.85376
0.26565 0.91202 0.23414
0.04134 0.61576 0.93203
0.28247 0.20208 0.39350
0.96283 0.98710 0.31139
0.26355 0.01339 0.33365
0.30022 0.67470 0.33517
0.68167 0.07500 0.39983
0.42795 0.62553 0.34684
0.20707 0.14748 0.46265
0.56553 0.85061 0.60700
0.55851 0.97942 0.54358
0.38715 0.58601 0.04671
0.80971 0.83443 0.70598
0.41639 0.24635 0.41439
0.05678 0.31090 0.15476
0.98523 0.78838 0.05859
0.93427 0.31609 0.12846
0.14041 0.41103 0.04822
0.35059 0.04333 0.36630
0.27067 0.81762 0.00082
0.42043 0.33668 0.34944
0.58653 0.19366 0.82727
0.30816 0.28377 0.13103
0.55948 0.10836 0.59122
0.04605 0.89226 0.54084
0.43021 0.56854 0.52736
0.11538 0.94453 0.25272
0.42657 0.02360 0.85562
0.23382 0.82645 0.43001
0.05054 0.88346 0.52711
0.81683 0.01029 0.87104
0.17196 0.52597 0.21252
0.59635 0.01452 0.58133
0.12184 0.31806 0.59543
0.29741 0.69846 0.53901
0.22407 0.62728 0.76113
0.71911 0.58508 0.28276
0.79995 0.13423 0.75493
0.92871 0.13638 0.12621
0.60268 0.99264 0.91601
0.56822 0.78878 0.75286
0.29826 0.01814 0.16256
0.57377 0.76554 0.23853
0.39053 0.92149 0.85835
0.55012 0.51661 0.08127
0.10390 0.62997 0.00540
0.90599 0.62697 0.30094
0.80516 0.89174 0.32577
0.59602 0.96433 0.80898
0.64403 0.48365 0.40456
0.88089 0.70577 0.48057
0.08140 0.29138 0.43671
0.75875 0.64558 0.47131
0.06062 0.55345 0.45811
0.62301 0.11955 0.47678
0.61196 0.05285 0.47368
0.27112 0.27097 0.65801
0.22052 0.00269 0.72018
0.94684 0.39976 0.05010
0.07560 0.66869 0.65475
0.45045 0.83673 0.24572
0.86532 0.34118 0.25040
0.33332 0.61065 0.83981
0.96187 0.00772 0.36991
0.18568 0.76268 0.26032
0.91449 0.65041 0.10574
0.37326 0.04732 0.92772
0.82075 0.73393 0.75126
0.87734 0.36958 0.17477
0.20505 0.97091 0.65381
0.64307 0.77329 0.54533
0.25710 0.51573 0.25317
0.72202 0.05183 0.34194
0.98266 0.56935 0.63977
0.70536 0.60859 0.89817
0.18147 0.76161 0.28310
0.61523 0.63625 0.17263
0.97067 0.13535 0.29439
0.79264 0.55547 0.21212
0.52661 0.49765 0.20171
0.46123 0.89599 0.47835
0.67333 0.43711 0.07436
0.44800 0.49087 0.21238
0.47832 0.22280 0.11183
0.60014 0.53519 0.47951
0.34818 0.72068 0.87680
0.71565 0.18615 0.30338
0.86016 0.89610 0.74733
0.21913 0.79092 0.57852
0.66615 0.14508 0.44146
0.59865 0.20950 0.03187
0.16584 0.49404 0.03336
0.54542 0.13663 0.42209
0.41736 0.74409 0.93486
0.40632 0.93191 0.20881
0.73717 0.43110 0.32010
0.63098 0.88691 0.48409
0.33876 0.77238 0.90706
0.04987 0.57689 0.89230
0.34828 0.15571 0.73392
0.96002 0.75740 0.70550
0.88815 0.75024 0.64079
0.86055 0.00025 0.29405
0.19646 0.58592 0.73321
0.19578 0.78778 0.01575
0.23133 0.65711 0.96824
0.72675 0.76155 0.85207
0.84028 0.00900 0.42633
0.85235 0.56808 0.57659
0.93387 0.92239 0.34801
0.26194 0.98268 0.68837
0.21839 0.74342 0.57051
0.73385 0.56966 0.94448
0.85871 0.71870 0.51999
0.47098 0.12534 0.45025
0.96306 0.52699 0.29577
0.37286 0.78394 0.14029
0.89062 0.78421 0.50775
0.41404 0.11525 0.39400
0.24651 0.96811 0.99803
0.68073 0.10130 0.01015
0.91010 0.55844 0.49400
0.42991 0.38502 0.80746
0.36426 0.07204 0.28526
0.47354 0.46297 0.61663
0.73941 0.08955 0.01064
0.27866 0.00270 0.16843
0.40335 0.22100 0.13457
0.82125 0.55890 0.78903
0.79485 0.30875 0.60875
0.75015 0.53943 0.55548
0.09671 0.69195 0.33736
0.59763 0.00484 0.86055
0.74881 0.15031 0.29114
0.92862 0.08451 0.04439
0.61731 0.21147 0.40135
0.67177 0.48602 0.92582
0.39748 0.72171 0.18861
0.44325 0.41014 0.18167
0.25616 0.66543 0.66881
0.45209 0.71488 0.54705
0.06046 0.92406 0.57007
0.03898 0.33346 0.57494
0.32961 0.40775 0.82005
0.68433 0.16106 0.67655
0.56101 0.94614 0.04379
0.15171 0.93357 0.57288
0.20268 0.26564 0.78389
0.62498 0.98040 0.31361
0.04797 0.82764 0.76156
0.27704 0.38494 0.15065
0.04677 0.72195 0.57237
0.00095 0.79050 0.73016
0.95816 0.30153 0.83020
0.30113 0.07470 0.36606
0.07020 0.99076 0.59207
0.33311 0.29897 0.96283
0.01051 0.89433 0.44149
0.51021 0.54780 0.46107
0.11080 0.65837 0.83149
0.72055 0.03099 0.11865
0.09074 0.34153 0.86518
0.69512 0.40420 0.51608
0.61889 0.72717 0.35913
0.51182 0.75968 0.30482
0.55130 0.33251 0.55444
0.37114 0.52376 0.04503
0.85479 0.59214 0.88528
0.28401 0.20261 0.04658
0.21378 0.57269 0.89590
0.71571 0.24171 0.89227
0.79713 0.73930 0.54006
0.93094 0.36871 0.21531
0.60408 0.55320 0.26577
0.56507 0.40855 0.31202
0.91179 0.29111 0.96358
0.89871 0.65476 0.63015
0.38753 0.42191 0.25550
0.59782 0.74816 0.83004
0.74414 0.74752 0.56754
0.23212 0.65632 0.25475
0.70660 0.07642 0.51707
0.03239 0.22874 0.41600
0.58257 0.91897 0.49973
0.49259 0.73588 0.32866
0.31373 0.95864 0.90149
0.38538 0.70394 0.49104
0.97700 0.92275 0.61213
0.20466 0.36979 0.61505
0.07691 0.84763 0.90752
0.23463 0.52352 0.19097
0.89267 0.74790 0.13991
0.49066 0.86230 0.48288
0.81229 0.86838 0.34438
0.25501 0.88350 0.67868
0.32698 0.66439 0.81689
0.11340 0.87434 0.03303
0.51090 0.96108 0.15343
0.18818 0.28771 0.29208
0.76638 0.95976 0.14698
0.43457 0.13617 0.84007
0.89155 0.52991 0.73927
0.71245 0.59876 0.46691
0.69074 0.32215 0.04914
0.78125 0.11748 0.84770
0.07685 0.36877 0.62071
0.31221 0.18278 0.02491
0.33775 0.05927 0.64268
0.65440 0.11264 0.89375
0.12693 0.03948 0.49740
0.72143 0.80566 0.13046
0.52861 0.13553 0.81545
0.78821 0.61243 0.70426
0.20560 0.39122 0.32347
0.55111 0.11163 0.58419
0.47529 0.33549 0.94978
0.55327 0.51533 0.11566
0.92339 0.44339 0.29877
0.08697 0.02252 0.42344
0.74291 0.57144 0.54979
0.94391 0.40687 0.09076
0.15242 0.97620 0.72475
0.94550 0.46369 0.93938
0.12233 0.15225 0.82908
0.96247 0.87632 0.30313
0.08698 0.65885 0.78885
0.06035 0.25333 0.26972
0.27710 0.69007 0.23908
0.84183 0.34539 0.91196
0.02760 0.83752 0.64127
0.28115 0.76311 0.75811
0.83538 0.53426 0.73853
0.62250 0.70255 0.58470
0.71567 0.91597 0.18465
0.36777 0.09412 0.19023
0.93944 0.85255 0.12779
0.85249 0.56150 0.14346
0.41563 0.60434 0.98146
0.34112 0.12268 0.96542
0.97178 0.77129 0.01376
0.43705 0.66024 0.33621
0.39541 0.78114 0.45257
0.59415 0.32740 0.75237
0.68292 0.51774 0.11000
0.98651 0.44224 0.49476
0.97411 0.24623 0.86178
0.35576 0.56579 0.06141
0.67077 0.64214 0.01189
0.29655 0.84446 0.26405
0.38110 0.72853 0.07443
0.69594 0.30743 0.16091
0.60687 0.38828 0.85555
0.92111 0.90412 0.29706
0.45232 0.33614 0.89917
0.41450 0.49870 0.69702
0.55143 0.20482 0.46929
0.94198 0.40378 0.96896
0.92283 0.84044 0.81762
0.88095 0.29544 0.17476
0.71126 0.82278 0.53170
0.33902 0.73163 0.84875
0.36696 0.21077 0.18764
0.36630 0.65735 0.10741
0.60584 0.44611 0.20461
0.67687 0.12769 0.33226
0.84405 0.54208 0.53424
0.80523 0.41503 0.14032
0.06927 0.29859 0.11099
0.97245 0.49284 0.04628
0.12534 0.27430 0.50217
0.34649 0.45266 0.62042
0.67656 0.83229 0.37389
0.07529 0.43967 0.43041
0.38164 0.32815 0.24157
0.57940 0.90296 0.59884
0.13432 0.69734 0.56038
0.95982 0.44125 0.75836
0.99710 0.10986 0.79651
0.78926 0.13242 0.38604
0.10122 0.37957 0.11845
0.74804 0.75040 0.24433
0.48506 0.84651 0.07968
0.04069 0.29656 0.31250
0.86200 0.76039 0.05608
0.78118 0.76503 0.63400
0.85847 0.81046 0.34385
0.04061 0.46418 0.40163
0.82674 0.16956 0.70182
0.50842 0.02565 0.76118
0.10012 0.83699 0.36923
0.96134 0.37822 0.73567
0.77683 0.30065 0.04946
0.13683 0.30584 0.73055
0.97278 0.14693 0.77471
0.98162 0.47950 0.81127
0.41504 0.57070 0.83544
0.89790 0.45499 0.69482
0.93010 0.23138 0.58991
0.29236 0.56375 0.57450
0.76420 0.28245 0.81902
0.36419 0.23244 0.71218
0.89716 0.03728 0.26790
0.62719 0.05425 0.67254
0.53418 0.29625 0.70198
0.22020 0.97804 0.45294
0.84551 0.40118 0.20260
0.55130 0.45069 0.67057
0.72203 0.88454 0.46367
0.56574 0.24566 0.44003
0.11992 0.04334 0.07412
0.78416 0.21803 0.01822
0.17394 0.10590 0.36427
0.79714 0.30568 0.28345
0.26562 0.28201 0.85386
0.58198 0.93897 0.89920
0.29542 0.80629 0.95492
0.82558 0.36728 0.27411
0.65579 0.94764 0.05217
0.21832 0.02953 0.72869
0.04352 0.09017 0.97349
0.72032 0.47399 0.07824
0.12801 0.80400 0.77490
0.38103 0.36977 0.58819
0.36457 0.26579 0.09025
0.90739 0.17509 0.48942
0.86147 0.17478 0.66707
0.83843 0.55094 0.03288
0.46932 0.87513 0.97013
0.34173 0.74086 0.68608
0.22786 0.22576 0.43520
0.15304 0.19259 0.57167
0.59604 0.46186 0.42935
0.11403 0.57899 0.27617
0.25940 0.30018 0.35107
0.22325 0.56522 0.28041
0.22046 0.01610 0.11664
0.17148 0.89189 0.59710
0.00044 0.93106 0.12209
0.68377 0.44588 0.34600
0.00879 0.61659 0.79467
0.75962 0.34281 0.15968
0.40398 0.07069 0.25695
0.71095 0.67771 0.75040
0.46271 0.85190 0.52716
0.16140 0.29009 0.91502
0.63001 0.61586 0.08089
0.58537 0.05722 0.80005
0.30358 0.93018 0.87583
0.00766 0.02721 0.57310
0.00026 0.97606 0.62818
0.74201 0.39873 0.13101
0.78240 0.71193 0.84959
0.31739 0.33247 0.72961
0.73168 0.04418 0.88673
0.56007 0.49720 0.36171
0.06894 0.90859 0.49015
0.10884 0.25488 0.38328
0.15432 0.88933 0.91460
0.71751 0.21516 0.14249
0.84887 0.15205 0.55047
0.11295 0.97384 0.39282
0.45171 0.80002 0.84545
0.38992 0.78635 0.32297
0.27496 0.87606 0.61359
0.10849 0.89904 0.47565
0.71564 0.57392 0.38618
0.02130 0.06344 0.10454
0.55380 0.26200 0.55279
0.33929 0.79451 0.61282
0.19321 0.32600 0.22595
0.48875 0.93021 0.33875
0.03352 0.10955 0.54510
0.87369 0.46721 0.03003
0.92226 0.56755 0.15186
0.33782 0.35943 0.42510
0.00623 0.24046 0.15759
0.11460 0.71866 0.58093
0.70046 0.34757 0.86235
0.85576 0.41143 0.54947
0.40522 0.84920 0.33783
0.05671 0.05659 0.18996
0.71168 0.46225 0.36186
0.78870 0.29211 0.62771
0.48976 0.36842 0.06995
0.48230 0.38710 0.48297
0.79403 0.25136 0.04281
0.36223 0.65995 0.30710
0.62275 0.65645 0.24292
0.01917 0.71582 0.07733
0.19351 0.71488 0.52876
0.76839 0.06200 0.78859
0.81653 0.30953 0.14651
0.24306 0.34547 0.97451
0.70664 0.71877 0.88956
0.48844 0.47880 0.45568
0.87801 0.07870 0.21162
0.19115 0.59510 0.59052
0.89507 0.19879 0.74081
0.72965 0.86801 0.36888
0.43087 0.56650 0.35008
0.06304 0.93304 0.78280
0.51131 0.80724 0.33407
0.33794 0.10963 0.30918
0.28067 0.52461 0.26207
0.01749 0.98786 0.53263
0.60045 0.24154 0.89446
0.64753 0.18894 0.17413
0.12091 0.48465 0.29604
0.45616 0.06539 0.11591
0.13987 0.58440 0.16986
0.43717 0.80241 0.82097
0.84886 0.71552 0.47872
0.81730 0.04912 0.33152
0.94244 0.36196 0.50926
0.37368 0.13255 0.45997
0.24364 0.37607 0.32144
0.39307 0.73868 0.96715
0.33522 0.76352 0.49629
0.26875 0.71015 0.48003
0.76505 0.21221 0.66942
0.11978 0.33083 0.93516
0.49752 0.34780 0.57010
0.22567 0.00104 0.36625
0.05578 0.86960 0.63412
0.39782 0.61054 0.02696
0.45255 0.92679 0.35041
0.34355 0.45095 0.77205
0.24848 0.61602 0.17193
0.30855 0.16772 0.77100
0.39083 0.61576 0.50359
0.63489 0.35713 0.06747
0.22807 0.52905 0.28663
0.33943 0.94714 0.92262
0.41323 0.98355 0.41743
0.34063 0.12112 0.52863
0.99915 0.88481 0.11974
0.11681 0.73399 0.71355
0.97666 0.13771 0.41806
0.06819 0.14652 0.79428
0.07080 0.19316 0.11770
0.98047 0.67885 0.44591
0.31490 0.88636 0.69033
0.01556 0.02841 0.54632
0.66037 0.95420 0.61200
0.43888 0.20656 0.94632
0.93845 0.60462 0.24451
0.36642 0.56195 0.09919
0.14531 0.77439 0.54470
0.35670 0.29334 0.69606
0.15204 0.39062 0.30187
0.42833 0.42081 0.85448
0.99475 0.71653 0.05438
0.07186 0.65966 0.54130
0.28325 0.97033 0.70081
0.30708 0.98755 0.39308
0.15283 0.38458 0.35463
0.92529 0.89747 0.60671
0.95123 0.84589 0.10523
0.72576 0.56648 0.59527
0.92009 0.34742 0.25476
0.86461 0.92637 0.39076
0.13065 0.82747 0.37594
0.30717 0.22920 0.99780
0.92135 0.02070 0.36839
0.87028 0.05626 0.75926
0.37865 0.38897 0.67040
0.14573 0.47895 0.81212
0.93849 0.77463 0.73859
0.93411 0.22160 0.70466
0.40577 0.44632 0.09494
0.37327 0.68394 0.67361
0.37034 0.04898 0.66427
0.02583 0.10492 0.87282
0.01283 0.32210 0.75034
0.69469 0.47161 0.50434
0.78080 0.13305 0.86296
0.48019 0.97806 0.41820
0.00962 0.91645 0.90502
0.99036 0.85213 0.42709
0.98906 0.46712 0.61291
0.29092 0.76010 0.06813
0.87157 0.34343 0.55906
0.77394 0.42813 0.53230
0.67530 0.22960 0.35614
0.01584 0.09767 0.08293
0.29364 0.73963 0.37644
0.87745 0.31298 0.37310
0.75717 0.97326 0.35816
0.64078 0.86802 0.68886
0.87071 0.04936 0.51007
0.25702 0.63634 0.30643
0.69204 0.98958 0.32969
0.55998 0.16843 0.87030
0.96338 0.86829 0.11701
0.27970 0.20475 0.77760
0.94446 0.68275 0.50767
0.46514 0.38894 0.21687
0.10941 0.43410 0.10963
0.23833 0.48326 0.70598
0.77741 0.32507 0.00610
0.63366 0.16027 0.48273
0.88334 0.74107 0.08845
0.48122 0.58169 0.11878
0.68043 0.76446 0.74958
0.11858 0.81685 0.18073
0.77169 0.67071 0.62200
0.16721 0.19732 0.04556
0.63296 0.41994 0.65436
0.88530 0.21387 0.37096
0.46675 0.55454 0.60478
0.12881 0.59597 0.91514
0.85286 0.43769 0.44496
0.27930 0.33043 0.84078
0.57118 0.27348 0.50037
0.59436 0.77926 0.48941
0.79586 0.16194 0.30191
0.07630 0.99236 0.35307
0.17185 0.66917 0.60011
0.79154 0.71548 0.35631
0.95071 0.29850 0.76210
0.56307 0.64476 0.71479
0.27369 0.61158 0.73408
0.06641 0.33856 0.54461
0.94663 0.40969 0.26040
0.99147 0.30832 0.07363
0.15047 0.97046 0.78548
0.80016 0.45145 0.26691
0.32530 0.57982 0.30338
0.97324 0.34909 0.73609
0.31393 0.64614 0.26253
0.15889 0.80118 0.28251
0.12934 0.22956 0.44035
0.76561 0.28342 0.60051
0.53648 0.30482 0.20743
0.82883 0.41023 0.29771
0.09430 0.64618 0.39314
0.67375 0.28441 0.46906
0.00899 0.90387 0.59089
0.59861 0.01885 0.66100
0.44072 0.54528 0.17582
0.77539 0.57893 0.58945
0.85852 0.57783 0.45243
0.43733 0.37316 0.13525
0.60536 0.56044 0.15483
0.25427 0.82639 0.00165
0.28284 0.93714 0.31762
0.15942 0.85102 0.99379
0.82258 0.13701 0.10991
0.48672 0.99239 0.74665
0.07353 0.02665 0.20764
0.04320 0.61642 0.13813
0.44297 0.67644 0.78850
0.25974 0.89475 0.40060
0.73769 0.80649 0.41799
0.34914 0.96732 0.19010
0.95172 0.20607 0.01974
0.71386 0.88604 0.19390
0.98645 0.33338 0.24431
0.26638 0.80850 0.58768
0.93823 0.94334 0.53593
0.26249 0.32884 0.68153
0.52753 0.67525 0.43113
0.48619 0.05817 0.78537
0.20576 0.48653 0.83792
0.07426 0.57673 0.27505
0.01515 0.13639 0.77181
0.71082 0.43785 0.33121
0.79166 0.03704 0.84088
0.06582 0.74052 0.21538
0.00371 0.41496 0.57281
0.87797 0.75578 0.05752
0.80302 0.89686 0.81968
0.01182 0.02535 0.31235
0.77143 0.88029 0.91128
0.62243 0.53575 0.20136
0.83524 0.73614 0.56775
0.88323 0.89752 0.59009
0.08105 0.09925 0.78822
0.60015 0.48798 0.19841
0.30330 0.97089 0.82432
0.39668 0.54650 0.56385
0.13880 0.82356 0.54262
0.03953 0.93967 0.62007
0.02201 0.05780 0.62962
0.21736 0.51828 0.57983
0.94692 0.99209 0.98837
0.25186 0.41895 0.61876
0.69401 0.36554 0.75009
0.17353 0.90670 0.82537
0.88514 0.23065 0.18412
0.98198 0.12247 0.50722
0.95131 0.44623 0.48406
0.10824 0.19942 0.58547
0.52518 0.06684 0.33153
0.58576 0.32962 0.98756
0.23137 0.62337 0.68544
0.25242 0.52783 0.10736
0.06483 0.24378 0.48013
0.57096 0.66180 0.89438
0.61791 0.12691 0.46854
0.05785 0.56907 0.22317
0.91064 0.88182 0.84012
0.85192 0.78546 0.46221
0.30761 0.68814 0.37657
0.17428 0.49013 0.92164
0.35312 0.44682 0.42870
0.38057 0.34704 0.93506
0.81632 0.09477 0.35368
0.06840 0.55937 0.97441
0.58526 0.99181 0.52357
0.93884 0.05464 0.79109
0.06698 0.21345 0.10045
0.16785 0.59859 0.41015
0.20840 0.84262 0.73007
0.34191 0.64396 0.85620
0.36534 0.52138 0.36995
0.65632 0.12135 0.20804
0.52218 0.56713 0.29789
0.12279 0.28181 0.08218
0.25912 0.06069 0.28434
0.94260 0.10434 0.49363
0.78421 0.90954 0.75421
0.86874 0.20854 0.08748
0.00685 0.33822 0.83588
0.71445 0.29768 0.78620
0.53390 0.56925 0.50222
0.59104 0.51719 0.12700
0.92712 0.49223 0.53919
0.81702 0.59684 0.44028
0.07092 0.43833 0.91382
0.63060 0.71399 0.76925
0.12495 0.49334 0.91880
0.52176 0.20175 0.87750
0.58761 0.84260 0.42680
0.37180 0.53573 0.83916
0.51118 0.94277 0.40558
0.68511 0.47294 0.12369
0.51668 0.56052 0.33780
0.08446 0.85988 0.99962
0.27131 0.15048 0.70956
0.32798 0.01449 0.86040
0.59174 0.06901 0.78182
0.58184 0.03090 0.25751
0.91416 0.57666 0.88564
0.24475 0.42406 0.52417
0.86352 0.58733 0.90849
0.81350 0.82928 0.09598
0.56992 0.52028 0.29598
0.75253 0.35326 0.44754
0.22944 0.72796 0.27795
0.47425 0.32526 0.34346
0.26212 0.96230 0.01811
0.06487 0.25001 0.91322
0.11545 0.90894 0.09690
0.81226 0.33069 0.40436
0.01025 0.90946 0.70466
0.08930 0.95911 0.17596
0.03201 0.16319 0.91176
0.39634 0.54576 0.50729
0.90959 0.64259 0.46457
0.12269 0.30654 0.97745
0.89838 0.16141 0.87134
0.74927 0.69016 0.44325
0.51740 0.24400 0.04431
0.66653 0.04782 0.50251
0.19427 0.62219 0.29430
0.75264 0.87589 0.50562
0.74075 0.42889 0.68919
0.56926 0.33536 0.04379
0.82709 0.24196 0.16655
0.77878 0.06539 0.18984
0.03462 0.24345 0.71031
0.80228 0.43048 0.90858
0.56596 0.86758 0.80394
0.41547 0.43125 0.19686
0.51701 0.36948 0.36855
0.04738 0.87504 0.63762
0.57870 0.89250 0.79041
0.13325 0.31596 0.79436
0.07819 0.03778 0.22010
0.78901 0.36718 0.77678
0.76475 0.33320 0.50974
0.78481 0.41932 0.54270
0.82570 0.11538 0.56526
0.51447 0.41848 0.24226
0.42902 0.07956 0.08846
0.58018 0.03691 0.63167
0.59727 0.72602 0.30449
0.45723 0.65538 0.76990
0.94676 0.53228 0.56516
0.53804 0.70452 0.79277
0.50787 0.39862 0.04008
0.46390 0.64866 0.75261
0.66027 0.11505 0.32286
0.90319 0.96744 0.44135
0.57733 0.76843 0.13260
0.90402 0.64741 0.37159
0.47307 0.37120 0.15563
0.94265 0.80955 0.49707
0.43810 0.37310 0.84330
0.91227 0.15840 0.91736
0.33732 0.00664 0.32520
0.68235 0.78844 0.27867
0.88003 0.15923 0.22123
0.33023 0.08559 0.67032
0.82236 0.76032 0.49280
0.21679 0.02927 0.65334
0.36818 0.47941 0.53157
0.35368 0.30097 0.53971
0.89604 0.29848 0.67752
0.01847 0.63306 0.89028
0.17101 0.22215 0.74907
0.58023 0.93209 0.77788
0.80274 0.12638 0.46208
0.09036 0.76451 0.97195
0.47123 0.24474 0.87498
0.16255 0.85812 0.46215
0.18161 0.61837 0.29189
0.91926 0.56387 0.53761
0.39677 0.14713 0.41854
0.61095 0.26081 0.03130
0.60208 0.62153 0.87252
0.81468 0.81819 0.36327
0.27930 0.97631 0.11954
0.97019 0.62537 0.67097
0.84877 0.24312 0.19180
0.25527 0.38400 0.68359
0.49423 0.21499 0.90121
0.64094 0.47542 0.33928
0.24253 0.91834 0.60851
0.60497 0.39565 0.98714
0.43362 0.02501 0.32539
0.71506 0.06442 0.87928
0.66982 0.04010 0.32909
0.33680 0.48634 0.00992
0.37811 0.61028 0.40096
0.24746 0.95145 0.78472
0.81076 0.00077 0.62688
0.79094 0.52809 0.81809
0.43188 0.33788 0.68780
0.35181 0.97847 0.91078
0.47387 0.20936 0.10387
0.73584 0.09381 0.19217
0.63154 0.86984 0.12201
0.61636 0.98117 0.93315
0.52086 0.29073 0.47414
0.75813 0.36359 0.47239
0.16003 0.04969 0.41225
0.24451 0.98365 0.04868
0.25559 0.43258 0.91996
0.78870 0.30811 0.44568
0.78308 0.71132 0.11825
0.89672 0.84380 0.25455
0.82586 0.25052 0.01912
0.17476 0.99668 0.85870
0.37394 0.83648 0.99519
0.48252 0.02219 0.90352
0.28220 0.29831 0.45056
0.22939 0.53168 0.59864
0.21012 0.31670 0.02045
0.22199 0.11071 0.72869
0.24526 0.73161 0.29476
0.30087 0.55497 0.12760
0.66816 0.89454 0.25921
0.41071 0.60235 0.05006
0.67334 0.13574 0.98286
0.22656 0.81310 0.26513
0.91768 0.88706 0.22450
0.61257 0.04300 0.24614
0.78830 0.22383 0.97106
0.45566 0.34821 0.08726
0.19799 0.30812 0.99850
0.46996 0.69459 0.96052
0.97340 0.52097 0.27640
0.26741 0.37779 0.41247
0.49666 0.82876 0.73508
0.94297 0.99780 0.38942
0.44825 0.52149 0.95167
0.68549 0.50621 0.36179
0.33947 0.57324 0.37560
0.16357 0.44050 0.66298
0.73792 0.04150 0.22762
0.51987 0.10156 0.08492
0.68656 0.69885 0.70713
0.63638 0.23994 0.00801
0.78582 0.68764 0.02628
0.62379 0.37167 0.71228
0.26216 0.14877 0.70739
0.27055 0.29914 0.67968
0.96533 0.13135 0.30415
0.13969 0.97656 0.48350
0.56326 0.69278 0.15113
0.70541 0.24408 0.27813
0.16822 0.79405 0.62795
0.78650 0.62966 0.75990
0.86219 0.78393 0.12106
0.98948 0.41220 0.16922
0.58398 0.57645 0.19921
0.49676 0.85036 0.47920
0.94446 0.54756 0.49346
0.69848 0.13272 0.04348
0.29628 0.09384 0.91417
0.02599 0.79556 0.14310
0.25852 0.13390 0.33435
0.53641 0.15606 0.03318
0.58865 0.94930 0.47200
0.32417 0.86100 0.57839
0.34523 0.88905 0.42037
0.14249 0.52791 0.50875
0.63533 0.11337 0.47575
0.78539 0.76266 0.34894
0.65080 0.64186 0.58676
0.68287 0.12000 0.80079
0.66337 0.03029 0.19526
0.98877 0.60767 0.36573
0.63216 0.60363 0.07039
0.03597 0.22460 0.66224
0.87296 0.19777 0.83430
0.51158 0.31920 0.48086
0.78804 0.15901 0.82101
0.46884 0.81249 0.52017
0.97806 0.84938 0.54307
0.94669 0.50474 0.53173
0.90949 0.79890 0.97238
0.40239 0.73746 0.29881
0.42465 0.85619 0.94761
0.81666 0.54848 0.16795
0.03629 0.54271 0.98997
0.39149 0.19473 0.81499
0.62164 0.42610 0.19974
0.60913 0.57570 0.04138
0.28704 0.60498 0.75360
0.01278 0.64071 0.37842
0.37106 0.84063 0.61064
0.09407 0.12098 0.02279
0.01391 0.22432 0.44834
0.99356 0.84341 0.54447
0.15662 0.81864 0.91643
0.43514 0.18091 0.42151
0.21468 0.09561 0.45848
0.70358 0.75574 0.62921
0.44410 0.39201 0.51948
0.13686 0.08628 0.72372
0.21198 0.20394 0.72323
0.45412 0.92879 0.59642
0.47570 0.38579 0.51856
0.00567 0.50739 0.96955
0.18590 0.62363 0.71131
0.18981 0.00835 0.68489
0.45604 0.90816 0.48100
0.15925 0.79144 0.47098
0.08455 0.93257 0.85214
0.98854 0.92010 0.65751
0.66441 0.70340 0.06268
0.58686 0.63745 0.14324
0.63366 0.25359 0.02791
0.33226 0.22671 0.46058
0.95789 0.89691 0.00414
0.09274 0.39199 0.08921
0.47728 0.05740 0.24980
0.50666 0.71217 0.52031
0.30177 0.42580 0.20139
0.98883 0.81240 0.42211
0.69435 0.16191 0.03041
0.79028 0.06631 0.54560
0.33249 0.66027 0.36339
0.65949 0.41026 0.62393
0.59901 0.99002 0.71430
0.89955 0.72250 0.73498
0.87139 0.04735 0.29360
0.40337 0.95795 0.34420
0.49656 0.50845 0.27499
0.77371 0.49210 0.45141
0.45016 0.18075 0.18628
0.48746 0.05771 0.01493
0.66307 0.29840 0.95658
0.27771 0.68878 0.44145
0.53351 0.90550 0.98822
0.96936 0.82657 0.85831
0.25235 0.99986 0.78046
0.18691 0.90576 0.08145
0.38925 0.07293 0.17771
0.02793 0.37862 0.87686
0.41614 0.58271 0.30667
0.66957 0.59423 0.08515
0.50934 0.01357 0.80753
0.53828 0.43447 0.20502
0.63607 0.90964 0.15144
0.96208 0.79796 0.48729
0.66059 0.31818 0.09640
0.34565 0.84312 0.92627
0.86975 0.81102 0.36127
0.66851 0.83162 0.49287
0.89960 0.43418 0.53630
0.13362 0.79465 0.50593
0.17728 0.29673 0.43049
0.60067 0.17811 0.62661
0.06854 0.66755 0.89492
0.85485 0.37496 0.92945
0.89508 0.84442 0.11742
0.04080 0.76488 0.93776
0.75823 0.54609 0.89469
0.51388 0.16235 0.32124
0.44579 0.35975 0.68647
0.81261 0.52945 0.92469
0.49980 0.42092 0.22466
0.37100 0.02864 0.78673
0.33100 0.75635 0.08537
0.06220 0.66221 0.52456
0.36872 0.48755 0.21928
0.30551 0.31582 0.67338
0.12050 0.61434 0.08850
0.86563 0.43456 0.02792
0.22326 0.55102 0.58020
0.51973 0.57389 0.46876
0.73450 0.89977 0.38858
0.37421 0.74827 0.62571
0.53420 0.24314 0.02009
0.13736 0.44104 0.39987
0.59510 0.36906 0.10584
0.48757 0.38414 0.70840
0.89051 0.59168 0.06064
0.90042 0.74278 0.68670
0.09696 0.74029 0.84565
0.67613 0.45355 0.74294
0.32284 0.39834 0.14949
0.56360 0.19066 0.87871
0.75185 0.51663 0.91049
0.33006 0.62401 0.31260
0.36783 0.54141 0.71726
0.56408 0.45521 0.06918
0.80579 0.24601 0.26846
0.70855 0.36638 0.14637
0.03211 0.05289 0.14531
0.35837 0.26127 0.21391
0.44380 0.47175 0.45508
0.99062 0.95163 0.86996
0.98130 0.72780 0.89592
0.91703 0.08950 0.25466
0.52998 0.34104 0.86160
0.14394 0.59004 0.93812
0.00124 0.02378 0.79623
0.34501 0.18681 0.31876
0.96162 0.07983 0.74422
0.79173 0.91915 0.06502
0.87095 0.43679 0.91054
0.06114 0.26141 0.15625
0.43547 0.00418 0.22130
0.48976 0.15368 0.61227
0.54078 0.71039 0.12650
0.70874 0.69839 0.90327
0.45993 0.64317 0.89432
0.50394 0.85076 0.38597
0.79240 0.34448 0.82991
0.34533 0.46808 0.03797
0.22063 0.95406 0.04708
0.93755 0.45242 0.23665
0.84777 0.37033 0.55955
0.49212 0.05221 0.51107
0.66017 0.87012 0.41003
0.71752 0.53352 0.21361
0.22871 0.65701 0.57584
0.43562 0.16768 0.90233
0.25897 0.17452 0.43525
0.10991 0.72714 0.02993
0.15320 0.86755 0.85060
0.73889 0.29560 0.57520
0.01782 0.02260 0.34192
0.49450 0.72264 0.64782
0.30164 0.48932 0.68724
0.16072 0.34815 0.73383
0.06481 0.33699 0.80697
0.02010 0.19550 0.85083
0.26228 0.99929 0.14488
0.33750 0.49253 0.18420
0.72154 0.60046 0.33903
0.42862 0.46829 0.77284
0.82867 0.43609 0.78575
0.72998 0.96672 0.30615
0.82287 0.44368 0.75319
0.84448 0.27677 0.01445
0.27666 0.59768 0.32396
0.72700 0.15401 0.03834
0.54617 0.50554 0.08031
0.05859 0.59737 0.66991
0.89868 0.45968 0.69418
0.03383 0.03277 0.83557
0.56025 0.61537 0.09398
0.80195 0.12785 0.27052
0.02274 0.31916 0.96248
0.29093 0.70450 0.70331
0.14942 0.68358 0.90957
0.81955 0.42167 0.46366
0.52973 0.77103 0.68342
0.34893 0.42773 0.08857
0.80053 0.97329 0.32093
0.04215 0.59133 0.44588
0.49456 0.45399 0.24418
0.07881 0.30645 0.66250
0.82782 0.71078 0.02045
0.68244 0.40353 0.83584
0.08627 0.04055 0.26475
0.81916 0.04010 0.19768
0.76812 0.06251 0.68496
0.55090 0.71131 0.37314
0.69992 0.27706 0.99468
0.79780 0.79923 0.38251
0.52061 0.85348 0.23209
0.57136 0.90824 0.60870
0.36632 0.60005 0.64314
0.76427 0.20488 0.36785
0.44891 0.81231 0.82822
0.83468 0.72164 0.93002
0.52770 0.14796 0.16035
0.38254 0.96872 0.28838
0.48739 0.91081 0.94408
0.75834 0.68297 0.18868
0.88566 0.04155 0.85880
0.70465 0.89590 0.64685
0.95104 0.56482 0.55398
0.87771 0.35235 0.47136
0.08559 0.70883 0.14907
0.08944 0.99241 0.76446
0.19999 0.78233 0.14640
0.28100 0.94280 0.53507
0.23720 0.50601 0.50174
0.73219 0.48809 0.27076
0.48548 0.32127 0.02622
0.86528 0.05949 0.36630
0.17586 0.84483 0.63588
0.85470 0.85917 0.51349
0.71480 0.42087 0.20535
0.70715 0.70802 0.51808
0.75957 0.03281 0.99307
0.14180 0.63445 0.20729
0.17486 0.60212 0.91661
0.36040 0.66107 0.27971
0.45695 0.24725 0.46481
0.29932 0.93519 0.56040
0.52872 0.22817 0.26298
0.75588 0.87576 0.61721
0.98267 0.59574 0.19673
0.20898 0.59844 0.83996
0.01052 0.12733 0.64534
0.75214 0.86196 0.78428
0.09970 0.40054 0.10880
0.06706 0.47526 0.97397
0.17457 0.66068 0.83640
0.96631 0.03091 0.57062
0.73440 0.18041 0.05189
0.87754 0.15430 0.36195
0.75918 0.60511 0.82503
0.63550 0.42785 0.45497
0.31198 0.60108 0.31918
0.34984 0.09123 0.06494
0.15552 0.98415 0.54926
0.66369 0.29432 0.88136
0.97059 0.68090 0.71317
0.09507 0.56383 0.26487
0.67844 0.19532 0.82252
0.72779 0.08492 0.55428
0.27825 0.30974 0.02963
0.59238 0.53421 0.36847
0.62888 0.87835 0.84121
0.29686 0.00035 0.52557
0.74061 0.34693 0.09154
0.66600 0.65764 0.47333
0.67909 0.94363 0.20910
0.95303 0.13477 0.01354
0.46715 0.61916 0.55589
0.57540 0.03123 0.04228
0.08751 0.94161 0.27243
0.64703 0.19213 0.46749
0.43814 0.93078 0.51002
0.65834 0.15491 0.69010
0.02702 0.84347 0.18613
0.22570 0.38548 0.23393
0.17630 0.19874 0.63436
0.02398 0.73113 0.75486
0.78744 0.28892 0.59319
0.18208 0.42527 0.82118
0.15380 0.08264 0.96271
0.12993 0.45676 0.10802
0.86368 0.88336 0.44582
0.42758 0.78976 0.85354
0.90174 0.92829 0.23683
0.42634 0.20945 0.94196
0.53006 0.13140 0.58383
0.26901 0.85876 0.01093
0.16641 0.52108 0.20772
0.88346 0.30095 0.79768
0.43331 0.46957 0.01886
0.90719 0.45272 0.05811
0.53127 0.26278 0.71493
0.76326 0.57520 0.14998
0.23958 0.87173 0.80983
0.28080 0.41845 0.40603
0.37276 0.62558 0.43642
0.86384 0.31647 0.35571
0.19725 0.60911 0.48840
0.56716 0.39235 0.97623
0.60224 0.73509 0.42648
0.59660 0.88853 0.19391
0.63175 0.08860 0.65841
0.66174 0.30108 0.26412
0.62616 0.44771 0.10990
0.50061 0.28093 0.32049
0.21923 0.81521 0.60734
0.15382 0.77978 0.33383
0.72479 0.35912 0.13638
0.77525 0.68377 0.20903
0.40676 0.45859 0.53764
0.25549 0.43305 0.39564
0.56193 0.27850 0.29986
0.27614 0.31615 0.69862
0.69724 0.66233 0.05954
0.58955 0.68166 0.02758
0.75951 0.32003 0.73733
0.01178 0.63167 0.04706
0.69720 0.36059 0.81253
0.72701 0.43933 0.41889
0.04134 0.50944 0.99635
0.68418 0.82155 0.74584
0.02541 0.08174 0.86464
0.07369 0.63822 0.98009
0.77118 0.26804 0.46523
0.70294 0.42035 0.34319
0.41466 0.77634 0.67069
0.05026 0.52353 0.70987
0.43217 0.28241 0.76417
0.19924 0.22845 0.82061
0.95093 0.71011 0.75840
0.26352 0.51984 0.81656
0.90866 0.45822 0.07082
0.03172 0.46325 0.21320
0.56247 0.61306 0.36912
0.66314 0.91380 0.23401
0.88816 0.83510 0.80255
0.55693 0.91795 0.21624
0.23779 0.55729 0.54363
0.36000 0.04796 0.92479
0.80748 0.78390 0.05893
0.24409 0.43906 0.88746
0.20820 0.14638 0.62250
0.20807 0.38990 0.42180
0.46830 0.33695 0.74708
0.65414 0.43145 0.08999
0.20578 0.72514 0.76155
0.44211 0.63168 0.33364
0.72924 0.85408 0.63177
0.55139 0.56195 0.21573
0.25755 0.63630 0.36929
0.30274 0.82794 0.22136
0.93939 0.59321 0.56754
0.00760 0.09940 0.68562
0.60483 0.06321 0.14546
0.63857 0.38267 0.41852
0.84972 0.86421 0.78775
0.63698 0.33759 0.41673
0.26301 0.31687 0.20462
0.12938 0.58401 0.93369
0.03814 0.33626 0.85898
0.69092 0.99059 0.79776
0.82857 0.83136 0.98906
0.21946 0.14002 0.43853
0.95919 0.05062 0.68165
0.51608 0.92476 0.62085
0.47167 0.56042 0.40835
0.40650 0.03052 0.26271
0.13565 0.79077 0.92549
0.22807 0.79301 0.43294
0.07279 0.91226 0.29766
0.27386 0.08384 0.05359
0.80944 0.81503 0.38792
0.12009 0.30583 0.82708
0.99471 0.31062 0.04426
0.34900 0.45909 0.27087
0.06249 0.77124 0.84126
0.71420 0.16412 0.92598
0.48075 0.36983 0.72476
0.42057 0.13021 0.14811
0.04430 0.30749 0.03034
0.61936 0.88946 0.79461
0.79855 0.99049 0.52969
0.88255 0.30590 0.29900
0.07194 0.71399 0.46784
0.06985 0.19799 0.67191
0.71988 0.43074 0.97309
0.50496 0.94164 0.95525
0.80257 0.62589 0.19882
0.96466 0.96287 0.49171
0.40526 0.59046 0.88101
0.30049 0.72192 0.98294
0.11589 0.69452 0.67559
0.53968 0.74386 0.67005
0.19800 0.29812 0.77904
0.35048 0.47360 0.48337
0.09644 0.18845 0.02474
0.77162 0.87438 0.35619
0.60024 0.80484 0.74376
0.43530 0.05065 0.53495
0.53722 0.50706 0.48203
0.40222 0.74577 0.57031
0.13250 0.01811 0.19164
0.89700 0.81137 0.55221
0.93598 0.24129 0.22064
0.32734 0.64083 0.13808
0.52564 0.04246 0.82430
0.38390 0.06604 0.20922
0.34565 0.19001 0.37187
0.09204 0.13060 0.50167
0.20176 0.62593 0.44961
0.88152 0.57311 0.73421
0.02209 0.43614 0.04001
0.01728 0.71213 0.75854
0.85125 0.97605 0.26161
0.70821 0.20997 0.66403
0.64494 0.86280 0.50154
0.35024 0.04259 0.89333
0.51757 0.30025 0.74445
0.78806 0.81537 0.27311
0.93653 0.73711 0.51682
0.45142 0.19405 0.11828
0.52743 0.09035 0.65351
0.25949 0.72613 0.56179
0.87871 0.51350 0.94885
0.92349 0.94535 0.31219
0.21105 0.34917 0.78655
0.58084 0.88778 0.78872
0.61023 0.69562 0.17301
0.91279 0.95197 0.61202
0.35497 0.61811 0.69078
0.70179 0.77629 0.12232
0.38932 0.89196 0.81304
0.20360 0.47674 0.11083
0.59732 0.38500 0.92395
0.68455 0.55000 0.31691
0.95694 0.28593 0.94887
0.41006 0.49456 0.18799
0.44293 0.77323 0.25542
0.42505 0.55360 0.23768
0.89456 0.54958 0.38821
0.93127 0.76365 0.83875
0.84143 0.36647 0.83225
0.12870 0.28206 0.08369
0.53775 0.07232 0.51217
0.68851 0.32688 0.40149
0.77300 0.13244 0.41767
0.07428 0.93241 0.24133
0.03202 0.51165 0.84777
0.55394 0.82700 0.94669
0.88774 0.22373 0.89997
0.94455 0.69269 0.74552
0.15686 0.74384 0.28235
0.27215 0.72446 0.76462
0.98239 0.59582 0.51914
0.51163 0.63832 0.61201
0.86968 0.61670 0.66485
0.14561 0.85108 0.32306
0.29958 0.43703 0.00244
0.33074 0.20138 0.42472
0.02745 0.64180 0.82687
0.24109 0.55919 0.26289
0.60984 0.59952 0.17009
0.48464 0.32760 0.85310
0.02413 0.92145 0.14105
0.98153 0.64780 0.96253
0.39154 0.64716 0.48226
0.90880 0.31329 0.19089
0.27547 0.62652 0.91849
0.45833 0.01412 0.04861
0.76264 0.03031 0.75987
0.60183 0.85044 0.57251
0.34539 0.69819 0.67207
0.27288 0.77979 0.25789
0.57391 0.12105 0.00543
0.18224 0.09457 0.84617
0.45708 0.34722 0.84373
0.26250 0.72463 0.06901
0.01257 0.43191 0.28928
0.97712 0.54889 0.77048
0.16893 0.10086 0.40471
0.23702 0.43189 0.46944
0.57086 0.10324 0.68418
0.01753 0.04645 0.70213
0.79747 0.01399 0.95062
0.10751 0.84089 0.28412
0.77586 0.06486 0.92483
0.47213 0.32479 0.15476
0.92042 0.92398 0.95161
0.07403 0.41002 0.52182
0.26887 0.35398 0.53527
0.78742 0.62757 0.42507
0.73571 0.22220 0.89115
0.09134 0.50063 0.98069
0.67980 0.93588 0.80302
0.95894 0.99501 0.35045
0.76485 0.70700 0.79339
0.52698 0.25580 0.99139
0.79020 0.17519 0.42985
0.54783 0.89086 0.87070
0.58630 0.82451 0.55521
0.27451 0.08949 0.93362
0.90937 0.98571 0.38622
0.33929 0.94485 0.97783
0.03354 0.34145 0.85505
0.60750 0.14159 0.54448
0.46356 0.70121 0.71448
0.90143 0.24917 0.76469
0.72457 0.99041 0.72957
0.65587 0.30973 0.27151
0.02269 0.42906 0.81630
0.68842 0.32775 0.72687
0.00824 0.22149 0.30502
0.38885 0.45526 0.82809
0.45258 0.38152 0.60569
0.87613 0.53611 0.53284
0.20276 0.40616 0.53535
0.92128 0.02800 0.49863
0.45881 0.28199 0.50432
0.30733 0.92065 0.34315
0.78041 0.80574 0.67228
0.48762 0.85061 0.72622
0.35618 0.52862 0.75895
0.98879 0.16754 0.63478
0.85988 0.03466 0.37457
0.18442 0.94275 0.49756
0.70049 0.77887 0.20442
0.49593 0.49289 0.60027
0.83821 0.58952 0.06217
0.85975 0.03942 0.12203
0.42190 0.23221 0.65873
0.27710 0.29338 0.17308
0.33170 0.93179 0.74572
0.42655 0.48842 0.14828
0.44176 0.54293 0.43388
0.76377 0.17211 0.21863
0.37858 0.71262 0.37209
0.84855 0.06899 0.15406
0.00325 0.71520 0.33216
0.45408 0.66702 0.60942
0.31087 0.04737 0.96774
0.73858 0.77390 0.66018
0.99253 0.73775 0.55062
0.86646 0.94059 0.02143
0.42312 0.80288 0.12265
0.12910 0.81445 0.36765
0.02889 0.43397 0.73322
0.52493 0.90915 0.51840
0.76513 0.58042 0.91742
0.86492 0.27585 0.96324
0.73838 0.44405 0.40088
0.08535 0.80833 0.38852
0.74875 0.93494 0.48661
0.06799 0.85050 0.50196
0.50709 0.40552 0.71302
0.58107 0.02386 0.88355
0.22499 0.90292 0.79905
0.15241 0.61902 0.54091
0.48388 0.14591 0.12064
0.49718 0.66158 0.25937
0.75381 0.23543 0.83739
0.75883 0.58040 0.85125
0.97288 0.42849 0.77087
0.26788 0.35484 0.91807
0.83974 0.11107 0.69633
0.60692 0.43110 0.79074
0.13157 0.74152 0.07642
0.81054 0.29153 0.00838
0.43884 0.80447 0.44531
0.42929 0.73641 0.76562
0.70413 0.48060 0.53408
0.20633 0.33088 0.48070
0.28977 0.30672 0.17222
0.52562 0.77136 0.70117
0.17969 0.56693 0.98880
0.98088 0.86730 0.17129
0.10033 0.48770 0.88720
0.64899 0.02691 0.40232
0.91956 0.42246 0.27431
0.91242 0.61068 0.53703
0.68301 0.74400 0.84835
0.16554 0.69564 0.96181
0.11697 0.58068 0.51475
0.94492 0.56270 0.37442
0.45440 0.39304 0.40084
0.64526 0.14543 0.42009
0.49690 0.11028 0.15494
0.87176 0.17841 0.10860
0.48333 0.67668 0.02950
0.43890 0.44824 0.17737
0.33395 0.74818 0.14578
0.50251 0.36428 0.00249
0.50009 0.01965 0.19548
0.29203 0.18553 0.92803
0.61790 0.35192 0.15172
0.61893 0.81601 0.81748
0.57787 0.37981 0.58478
0.59791 0.84519 0.15052
0.15601 0.32512 0.16768
0.31365 0.60900 0.83928
0.07368 0.82624 0.34792
0.89071 0.58309 0.72695
0.26872 0.38270 0.84286
0.89316 0.72928 0.61156
0.17400 0.32261 0.12793
0.17528 0.78515 0.79657
0.76039 0.17578 0.05413
0.44652 0.38275 0.29383
0.89876 0.76569 0.68359
0.78562 0.76936 0.96246
0.99496 0.54107 0.89989
0.23402 0.37677 0.19573
0.07910 0.30807 0.29716
0.22910 0.49154 0.88618
0.51256 0.75007 0.92282
0.49373 0.09851 0.08653
0.21094 0.55522 0.52881
0.45622 0.02076 0.00138
0.03291 0.46041 0.99177
0.24406 0.48040 0.89475
0.41397 0.36783 0.76635
0.10135 0.53589 0.92378
0.30716 0.96115 0.53618
0.31638 0.48079 0.99880
0.11054 0.34801 0.99126
0.29121 0.83467 0.04698
0.45569 0.79150 0.50419
0.23604 0.10669 0.37386
0.25269 0.66828 0.96039
0.19223 0.37091 0.53575
0.95507 0.79943 0.81401
0.89070 0.89292 0.44817
0.38389 0.01139 0.07610
0.13214 0.78407 0.86595
0.91422 0.98154 0.52962
0.61282 0.55070 0.53568
0.13935 0.00455 0.35599
0.01233 0.75912 0.36925
0.22945 0.53889 0.37157
0.21150 0.34571 0.68486
0.71346 0.93602 0.83046
0.35176 0.14931 0.35247
0.15775 0.63198 0.66216
0.67105 0.41289 0.37389
0.86989 0.41001 0.86662
0.08607 0.50104 0.71176
0.91310 0.98516 0.59143
0.79515 0.37862 0.98570
0.89888 0.04558 0.60994
0.63750 0.46009 0.81087
0.37241 0.86235 0.96141
0.68924 0.81760 0.84638
0.23918 0.99190 0.11965
0.66244 0.55836 0.94561
0.53359 0.24067 0.60916
0.44036 0.48780 0.56756
0.98271 0.95060 0.43605
0.50225 0.97250 0.81342
0.36924 0.42140 0.22971
0.75425 0.29609 0.24930
0.30165 0.53377 0.60494
0.30469 0.04801 0.70507
0.76582 0.10934 0.61768
0.08224 0.20309 0.66983
0.33707 0.72773 0.72538
0.27379 0.60814 0.64200
0.61945 0.04005 0.00951
0.32046 0.31211 0.67620
0.01460 0.45232 0.28355
0.97848 0.05953 0.31571
0.19200 0.25409 0.58285
0.09201 0.86998 0.20816
0.17277 0.31844 0.98356
0.59206 0.77032 0.10485
0.61799 0.91351 0.46573
0.91913 0.28398 0.83427
0.73168 0.17549 0.86977
0.03173 0.73755 0.91058
0.21880 0.20525 0.08757
0.12523 0.22522 0.52085
0.48616 0.26696 0.28608
0.68250 0.88209 0.96850
0.85921 0.13389 0.12411
0.04207 0.06406 0.80555
0.78319 0.25565 0.69103
0.29186 0.73081 0.08845
0.20718 0.39593 0.52250
0.37019 0.32508 0.43141
0.18164 0.31118 0.01862
0.89585 0.93163 0.56972
0.51819 0.29364 0.09062
0.27304 0.24867 0.94061
0.80967 0.76248 0.96064
0.73315 0.79174 0.91621
0.77728 0.98768 0.47875
0.52554 0.39736 0.41574
0.29489 0.65408 0.53986
0.39442 0.10934 0.25820
0.32052 0.30050 0.30519
0.24967 0.94611 0.84897
0.90133 0.76521 0.50371
0.67564 0.07374 0.78054
0.30412 0.14003 0.06934
0.03356 0.49835 0.46705
0.82072 0.20160 0.93463
0.56410 0.30745 0.86347
0.26274 0.18472 0.72977
0.59181 0.38957 0.55595
0.10692 0.37218 0.29562
0.39423 0.42565 0.70763
0.78319 0.62009 0.96324
0.98586 0.44651 0.79492
0.25398 0.80139 0.69406
0.86607 0.59524 0.80281
0.17196 0.25125 0.77228
0.88431 0.71292 0.86930
0.59125 0.22687 0.78266
0.48539 0.09714 0.82946
0.03533 0.65525 0.90454
0.71597 0.36965 0.99652
0.40736 0.63038 0.94173
0.37327 0.83048 0.67714
0.96852 0.29146 0.71486
0.93206 0.61602 0.92571
0.51375 0.30581 0.22150
0.36848 0.08785 0.55627
0.99326 0.50923 0.47378
0.34670 0.39923 0.92274
0.13994 0.75929 0.17353
0.28611 0.81606 0.57434
0.39506 0.02842 0.86411
0.10244 0.88357 0.01818
0.04807 0.70682 0.62902
0.80861 0.94683 0.65107
0.99238 0.62750 0.22150
0.73174 0.71960 0.20617
0.27974 0.90592 0.87006
0.53972 0.76992 0.39599
0.23097 0.30754 0.12715
0.13270 0.49470 0.85280
0.49494 0.14046 0.98131
0.83022 0.15404 0.54844
0.57447 0.22671 0.29634
0.72986 0.79546 0.07667
0.05829 0.83518 0.79684
0.28254 0.46588 0.41203
0.29841 0.24472 0.53524
0.65918 0.83119 0.70274
0.51028 0.56004 0.57974
0.31170 0.86281 0.58052
0.00128 0.62973 0.18608
0.78370 0.54741 0.27452
0.57604 0.52975 0.82691
0.46830 0.42822 0.40118
0.28010 0.75771 0.65659
0.59664 0.66224 0.17652
0.14632 0.68464 0.54668
0.58332 0.30677 0.61041
0.12267 0.48471 0.03486
0.82817 0.93526 0.30148
0.47745 0.07451 0.78498
0.72991 0.46245 0.63108
0.61707 0.51167 0.22141
0.28809 0.93233 0.02142
0.36165 0.10643 0.41158
0.20618 0.83538 0.69823
0.12997 0.97757 0.44872
0.36161 0.69688 0.32125
0.74642 0.55592 0.65870
0.70926 0.29109 0.37441
0.75187 0.49233 0.71349
0.79467 0.32537 0.57719
0.45547 0.10861 0.99463
0.38955 0.72134 0.01254
0.93822 0.04554 0.62824
0.84399 0.39316 0.38189
0.19973 0.74697 0.46705
0.87972 0.05042 0.58443
0.17999 0.54473 0.10522
0.43694 0.61021 0.25829
0.91420 0.45673 0.22491
0.72194 0.95479 0.73052
0.73453 0.26299 0.08088
0.58343 0.93074 0.51075
0.60344 0.47492 0.93410
0.77883 0.83382 0.88019
0.82497 0.12377 0.66145
0.89854 0.36118 0.78518
0.62187 0.61319 0.28061
0.17848 0.27945 0.45356
0.27294 0.82811 0.67796
0.06547 0.69657 0.17961
0.85271 0.53486 0.48230
0.29172 0.44728 0.17711
0.30687 0.65234 0.70901
0.05176 0.25557 0.02899
0.98003 0.42794 0.35429
0.22939 0.67644 0.03182
0.06573 0.23895 0.96913
0.44699 0.74507 0.28456
0.37773 0.19904 0.24210
0.52735 0.67953 0.99084
0.05344 0.33716 0.70545
0.73538 0.52250 0.81729
0.42925 0.09325 0.78209
0.22057 0.61576 0.29457
0.95071 0.99084 0.74543
0.39842 0.35389 0.74576
0.32500 0.99899 0.36025
0.65497 0.22579 0.95011
0.39205 0.20228 0.05339
0.34065 0.96343 0.00745
0.12252 0.56114 0.03081
0.05376 0.01547 0.25923
0.26605 0.10673 0.04674
0.89512 0.85720 0.78292
0.97132 0.92489 0.19210
0.71209 0.94290 0.72644
0.81076 0.26988 0.46414
0.27304 0.21384 0.03069
0.67906 0.76857 0.94614
0.93874 0.04406 0.15506
0.38460 0.08910 0.46312
0.76237 0.94639 0.40019
0.08653 0.12427 0.93960
0.89872 0.87679 0.42060
0.86792 0.48956 0.27981
0.38201 0.46865 0.42310
0.83047 0.03669 0.16250
0.53848 0.82298 0.25375
0.92849 0.60389 0.19894
0.61122 0.46894 0.55323
0.76354 0.97134 0.14794
0.43181 0.92790 0.85098
0.73385 0.33484 0.46375
0.61439 0.27046 0.95078
0.97986 0.09689 0.58007
0.06564 0.40600 0.10517
0.60913 0.93558 0.31598
0.81049 0.21497 0.53187
0.90708 0.61012 0.69869
0.39012 0.12829 0.54316
0.24009 0.44616 0.12441
0.06739 0.79493 0.64501
0.46601 0.50095 0.39056
0.33197 0.31607 0.49061
0.68925 0.26338 0.10053
0.56654 0.82401 0.32438
0.83225 0.73933 0.43524
0.56544 0.41035 0.16181
0.83263 0.22008 0.73658
0.05097 0.82677 0.85085
0.50174 0.72093 0.77859
0.08398 0.58555 0.67682
0.74669 0.11593 0.57725
0.85415 0.91588 0.46343
0.21742 0.56188 0.40774
0.77621 0.11444 0.92676
0.01596 0.86843 0.29731
0.96473 0.52122 0.30285
0.68182 0.21045 0.34474
0.36731 0.75700 0.96975
0.52700 0.91244 0.30289
0.91411 0.16701 0.51952
0.65788 0.58748 0.08903
0.37876 0.31225 0.05619
0.60981 0.56811 0.78034
0.07349 0.36449 0.85160
0.70398 0.84296 0.99904
0.12446 0.21474 0.70307
0.02048 0.68208 0.26097
0.03871 0.08821 0.00812
0.56511 0.39010 0.87500
0.65685 0.11421 0.68717
0.77529 0.46162 0.87490
0.67554 0.86621 0.30869
0.07969 0.58940 0.00269
0.10687 0.18314 0.09470
0.41888 0.72575 0.23113
0.14624 0.22800 0.09508
0.25434 0.51317 0.43341
0.60060 0.68827 0.87493
0.51281 0.38406 0.06137
0.00159 0.42384 0.07373
0.65569 0.07814 0.75154
0.43244 0.42181 0.32143
0.49437 0.59578 0.51519
0.97267 0.44442 0.70163
0.00144 0.18542 0.13493
0.07384 0.78834 0.14252
0.21384 0.22779 0.61898
0.57530 0.36833 0.99912
0.90632 0.30915 0.93047
0.29893 0.66940 0.30256
0.19648 0.84130 0.65863
0.28632 0.63686 0.51642
0.35917 0.64039 0.35298
0.35335 0.90601 0.80631
0.61465 0.49796 0.71800
0.14484 0.30411 0.75507
0.60982 0.46367 0.17516
0.77725 0.00117 0.64915
0.62404 0.06018 0.60434
0.39228 0.23553 0.63719
0.18259 0.53030 0.79111
0.54523 0.25195 0.38382
0.30893 0.96399 0.11836
0.03314 0.43832 0.50841
0.82801 0.02291 0.74052
0.61393 0.37088 0.15189
0.27743 0.53683 0.19818
0.68155 0.28182 0.98469
0.94046 0.60394 0.87045
0.47839 0.60404 0.16424
0.50644 0.21812 0.00304
0.59787 0.31912 0.24099
0.87796 0.70013 0.86019
0.89795 0.48078 0.27509
0.20886 0.36536 0.80616
0.11846 0.01935 0.98023
0.06118 0.89718 0.32264
0.92467 0.41110 0.72828
0.06599 0.43391 0.87081
0.02219 0.77789 0.44846
0.08116 0.57997 0.82060
0.28067 0.98882 0.78394
0.07266 0.43422 0.30260
0.74508 0.15730 0.61521
0.41351 0.55740 0.25182
0.62809 0.60485 0.58806
0.43427 0.62415 0.58602
0.73868 0.02042 0.35334
0.25880 0.60542 0.50584
0.86915 0.10130 0.20235
0.37910 0.54943 0.38166
0.54593 0.18212 0.32234
0.26700 0.19144 0.52377
0.04088 0.70191 0.04416
0.14369 0.18896 0.18521
0.60448 0.88769 0.23164
0.64833 0.41719 0.92444
0.79474 0.73952 0.44996
0.36932 0.14932 0.66441
0.81466 0.17268 0.92052
0.97172 0.79112 0.32184
0.48007 0.03613 0.25950
0.16792 0.27087 0.40449
0.38694 0.91332 0.27927
0.10047 0.91564 0.48850
0.87574 0.74612 0.93327
0.68572 0.76386 0.94568
0.76596 0.76609 0.82724
0.22737 0.75928 0.63448
0.87154 0.05097 0.49262
0.06309 0.73061 0.96882
0.47754 0.37457 0.97669
0.27871 0.58890 0.27144
0.14889 0.40660 0.97650
0.07185 0.08680 0.17374
0.41860 0.83902 0.43171
0.23367 0.36023 0.62130
0.86572 0.11329 0.21269
0.15179 0.31881 0.95255
0.65131 0.18407 0.63729
0.22271 0.85231 0.56885
0.91724 0.50709 0.17596
0.40971 0.60779 0.67911
0.60140 0.95398 0.76230
0.27001 0.70378 0.84649
0.95198 0.30139 0.27073
0.61635 0.54547 0.30812
0.45261 0.62116 0.11649
0.23194 0.58674 0.42149
0.30932 0.19066 0.08382
0.64157 0.97664 0.67638
0.63027 0.32721 0.44865
0.82013 0.41468 0.55021
0.44396 0.79343 0.89634
0.80060 0.47369 0.04832
0.57372 0.24419 0.26547
0.77902 0.97163 0.93327
0.75305 0.35776 0.75616
0.87904 0.78606 0.15907
0.75601 0.13374 0.96601
0.95861 0.98975 0.20324
0.93013 0.77930 0.50220
0.32056 0.48356 0.47139
0.64094 0.04088 0.85941
0.25614 0.36343 0.02761
0.99445 0.74505 0.63125
0.78776 0.21297 0.38279
0.41060 0.09055 0.90186
0.44257 0.39780 0.11079
0.94791 0.96281 0.41956
0.26454 0.94016 0.38508
0.61495 0.22397 0.91518
0.91724 0.47718 0.45105
0.34707 0.66415 0.89865
0.72361 0.00880 0.06189
0.32951 0.80782 0.59602
0.97093 0.60971 0.99531
0.63283 0.87877 0.44330
0.74413 0.39144 0.97360
0.28976 0.48728 0.95701
0.82894 0.40933 0.25666
0.45102 0.90432 0.65936
0.70672 0.23655 0.16708
0.17171 0.36892 0.48691
0.91133 0.94733 0.50814
0.52450 0.87226 0.83316
0.49535 0.00850 0.41889
0.51975 0.23565 0.65811
0.45383 0.42598 0.90405
0.32457 0.77372 0.34722
0.62390 0.99312 0.57064
0.76945 0.85400 0.28518
0.40592 0.59369 0.45933
0.84267 0.51183 0.56457
0.82248 0.04589 0.88202
0.58048 0.69085 0.21822
0.70398 0.22989 0.08384
0.83418 0.81892 0.57297
0.65120 0.72583 0.73102
0.10717 0.03674 0.18129
0.68403 0.56237 0.49586
0.67558 0.01675 0.09576
0.76329 0.51515 0.07904
0.15660 0.50404 0.17824
0.74482 0.70984 0.96863
0.35614 0.27425 0.27489
0.38553 0.99733 0.00537
0.06907 0.73191 0.91265
0.77002 0.62956 0.05165
0.10406 0.36001 0.89703
0.81892 0.13061 0.60039
0.28568 0.08263 0.14523
0.90289 0.97832 0.53767
0.59479 0.45484 0.81369
0.61524 0.93650 0.03529
0.88795 0.90908 0.05829
0.04125 0.34390 0.82368
0.91839 0.35550 0.31810
0.02306 0.09271 0.87292
0.15068 0.30294 0.29178
0.36748 0.99401 0.31383
0.62106 0.84567 0.37724
0.87286 0.95936 0.14001
0.57681 0.56544 0.36323
0.22957 0.33549 0.28592
0.38413 0.22476 0.59037
0.45329 0.61775 0.37013
0.42800 0.82146 0.45321
0.85989 0.78979 0.28511
0.61124 0.66683 0.81620
0.17780 0.32085 0.13965
0.07505 0.81428 0.18113
0.27620 0.06745 0.62059
0.25816 0.81358 0.15895
0.50138 0.16849 0.82787
0.03479 0.25748 0.97156
0.63391 0.24503 0.84155
0.80855 0.49254 0.79833
0.35765 0.69868 0.97660
0.07177 0.26822 0.89660
0.59980 0.42217 0.77789
0.38646 0.39421 0.15229
0.72592 0.47765 0.19482
0.50646 0.43402 0.70214
0.71505 0.67896 0.68643
0.68410 0.40251 0.20166
0.77780 0.20777 0.69539
0.15168 0.15604 0.65643
0.51156 0.30440 0.49953
0.40615 0.14799 0.12719
0.31936 0.70950 0.43555
0.35558 0.78034 0.39554
0.57391 0.22097 0.48232
0.26578 0.63627 0.31746
0.08275 0.87109 0.53109
0.68114 0.91993 0.16216
0.42031 0.14280 0.56797
0.03549 0.25052 0.31321
0.89086 0.29109 0.88654
0.91977 0.39732 0.90575
0.49160 0.58105 0.24755
0.90484 0.13735 0.00112
0.49576 0.46170 0.97045
0.83776 0.38334 0.87605
0.73442 0.76906 0.21219
0.51187 0.02233 0.18912
0.72040 0.19126 0.69850
0.24682 0.42596 0.57070
0.54073 0.34126 0.16884
0.81013 0.29286 0.35363
0.62060 0.27609 0.35437
0.77950 0.98336 0.21386
0.04955 0.64218 0.14749
0.46682 0.03686 0.41286
0.86243 0.09739 0.73548
0.33717 0.49352 0.99671
0.01536 0.82169 0.07330
0.70797 0.12404 0.97183
0.93741 0.93538 0.06957
0.79407 0.15366 0.63280
0.04963 0.19022 0.83927
0.36166 0.39543 0.73214
0.34073 0.19858 0.44576
0.12197 0.21221 0.28504
0.02127 0.86575 0.49953
0.25373 0.01456 0.01096
0.01667 0.43010 0.03456
0.67793 0.66526 0.77223
0.45121 0.09635 0.81114
0.70291 0.30964 0.87641
0.03579 0.97823 0.23111
0.02718 0.76740 0.05675
0.59354 0.01140 0.47688
0.92941 0.65326 0.98876
0.25390 0.16570 0.30318
0.25625 0.71386 0.04200
0.03748 0.26012 0.98020
0.55119 0.78892 0.13399
0.41983 0.95942 0.11716
0.45470 0.33970 0.47004
0.02078 0.93440 0.22802
0.04761 0.99798 0.04017
0.61723 0.94222 0.67559
0.72104 0.67064 0.20839
0.32182 0.88047 0.56738
0.09009 0.43532 0.44774
0.85374 0.90120 0.65428
0.80917 0.28719 0.38269
0.80412 0.81601 0.07839
0.88570 0.24644 0.30389
0.14503 0.70674 0.00892
0.66428 0.62748 0.06724
0.56514 0.47441 0.22466
0.13772 0.95954 0.06304
0.11917 0.51021 0.44243
0.26963 0.15297 0.87923
0.69832 0.49267 0.37704
0.88244 0.33496 0.42114
0.44022 0.15915 0.77543
0.33387 0.93838 0.95223
0.66328 0.36892 0.37820
0.57208 0.19165 0.83891
0.51488 0.59884 0.70595
0.53170 0.25882 0.94793
0.75462 0.22441 0.88066
0.64970 0.00828 0.49986
0.53021 0.49155 0.48846
0.56332 0.47579 0.80722
0.67907 0.22312 0.35354
0.62747 0.86405 0.04888
0.41001 0.67363 0.48652
0.34892 0.81722 0.04926
0.61545 0.33039 0.30336
0.86253 0.66020 0.99614
0.63669 0.71548 0.14621
0.03135 0.15926 0.66710
0.01840 0.68579 0.33120
0.48182 0.51404 0.05037
0.65957 0.61602 0.19743
0.73925 0.96413 0.86233
0.17375 0.81920 0.99374
0.21788 0.25043 0.17927
0.45702 0.88054 0.71540
0.08917 0.57678 0.80121
0.86684 0.01925 0.95990
0.14226 0.47586 0.46942
0.07581 0.09838 0.48304
0.50576 0.33463 0.06082
0.37049 0.83612 0.72238
0.48166 0.07758 0.18200
0.50242 0.62497 0.31784
0.72474 0.43468 0.56323
0.66988 0.55934 0.25264
0.68214 0.20983 0.14025
0.82728 0.31859 0.80660
0.54809 0.03724 0.55671
0.18069 0.73566 0.53354
0.49884 0.59684 0.11754
0.23813 0.67089 0.59077
0.81276 0.32753 0.39543
0.95136 0.98152 0.15247
0.38760 0.14041 0.97986
0.53866 0.50934 0.71139
0.49072 0.80380 0.29521
0.48276 0.43241 0.56210
0.11789 0.72657 0.33469
0.69331 0.69924 0.95535
0.47506 0.03271 0.01045
0.33972 0.27768 0.15590
0.19863 0.02020 0.49810
0.79621 0.46071 0.76678
0.22332 0.45692 0.72245
0.92110 0.20455 0.57702
0.86532 0.55477 0.81892
0.97500 0.83765 0.94528
0.69461 0.63211 0.75216
0.14683 0.13289 0.88520
0.91567 0.72645 0.75485
0.61767 0.15556 0.31841
0.27155 0.46162 0.49145
0.97424 0.45083 0.72973
0.98018 0.63191 0.08465
0.12263 0.27330 0.54019
0.34067 0.23605 0.66863
0.23584 0.17666 0.63236
0.32361 0.34238 0.27671
0.14402 0.27140 0.25242
0.46925 0.22100 0.11560
0.75135 0.28239 0.46667
0.62127 0.43662 0.31317
0.17814 0.38990 0.18844
0.83177 0.50406 0.30974
0.46881 0.96731 0.64942
0.69635 0.24044 0.14368
0.49448 0.65275 0.19367
0.48269 0.07157 0.69159
0.43031 0.55613 0.08287
0.51806 0.63926 0.22396
0.10542 0.44605 0.44880
0.84409 0.23620 0.94873
0.81320 0.02886 0.51051
0.91709 0.99051 0.75092
0.65001 0.97459 0.89039
0.36855 0.16395 0.18522
0.34025 0.43514 0.85921
0.08949 0.02532 0.39783
0.85601 0.61857 0.59893
0.63112 0.90558 0.17332
0.14539 0.52105 0.49687
0.57750 0.99829 0.20744
0.64017 0.46799 0.78450
0.49724 0.82049 0.57288
0.74996 0.29018 0.61461
0.10705 0.73946 0.81056
0.88846 0.35934 0.24008
0.50705 0.95907 0.41252
0.52166 0.52759 0.75693
0.74963 0.49932 0.64501
0.34692 0.38773 0.49081
0.92115 0.61527 0.96836
0.22141 0.93702 0.59348
0.83777 0.99865 0.80457
0.72108 0.85220 0.45088
0.57942 0.35830 0.14129
0.44971 0.02041 0.47257
0.54068 0.63195 0.67044
0.91683 0.05824 0.52687
0.70986 0.00198 0.90653
0.48360 0.03844 0.03486
0.40413 0.10405 0.24058
0.05535 0.11377 0.88611
0.41664 0.19574 0.74200
0.38965 0.18446 0.11586
0.50059 0.57738 0.57111
0.09138 0.27782 0.52316
0.98648 0.68916 0.91834
0.63700 0.23124 0.81056
0.10057 0.96300 0.94741
0.88771 0.38052 0.32862
0.64097 0.92446 0.31082
0.24201 0.60461 0.49366
0.44568 0.06427 0.40518
0.27083 0.77521 0.83359
0.56755 0.90559 0.00999
0.45670 0.27499 0.17349
0.75875 0.43086 0.79032
0.89767 0.95402 0.87268
0.06334 0.56915 0.97084
0.33552 0.27435 0.02498
0.12549 0.33431 0.77672
0.02837 0.22797 0.28284
0.59136 0.55867 0.41357
0.87938 0.00353 0.36815
0.65729 0.37713 0.94841
0.84987 0.34435 0.92594
0.41234 0.46407 0.59224
0.63480 0.12612 0.19015
0.92014 0.05421 0.76068
0.36905 0.12653 0.73830
0.98682 0.66300 0.77998
0.72964 0.84493 0.74469
0.54497 0.39495 0.14339
0.97973 0.24924 0.35483
0.39106 0.05226 0.74164
0.85588 0.19725 0.63809
0.76364 0.71536 0.51888
0.29834 0.32976 0.67455
0.84639 0.90943 0.17613
0.63147 0.15311 0.74365
0.36511 0.73661 0.43020
0.99065 0.53595 0.65764
0.46113 0.31443 0.76226
0.19389 0.68111 0.22186
0.70182 0.00228 0.28289
0.05461 0.54507 0.09683
0.60316 0.03232 0.64769
0.15582 0.04487 0.12367
0.51868 0.21979 0.24984
0.39170 0.89241 0.42604
0.65220 0.36808 0.95251
0.47936 0.39826 0.80868
0.00770 0.28091 0.50571
0.43535 0.55437 0.79010
0.26956 0.79163 0.29449
0.00843 0.90546 0.62805
0.35125 0.37297 0.47478
0.42842 0.34008 0.03024
0.58982 0.35849 0.27986
0.00889 0.67915 0.55284
0.39178 0.21598 0.77920
0.00976 0.53291 0.95771
0.46984 0.82923 0.73084
0.76367 0.64925 0.56393
0.60867 0.38762 0.77907
0.04409 0.00439 0.03964
0.15590 0.54030 0.71787
0.63558 0.09598 0.36597
0.83241 0.33530 0.80447
0.04815 0.68167 0.10957
0.83893 0.28841 0.36767
0.87782 0.20987 0.39666
0.33332 0.36226 0.56415
0.97948 0.48369 0.19610
0.19411 0.38148 0.72088
0.94044 0.89671 0.31681
0.16172 0.42206 0.11209
0.56499 0.14335 0.50161
0.27425 0.87729 0.88973
0.64881 0.17626 0.80215
0.39646 0.09307 0.00606
0.42948 0.35459 0.14368
0.05473 0.68925 0.17778
0.33196 0.88081 0.33941
0.69132 0.73835 0.04144
0.61009 0.76052 0.21713
0.89547 0.65268 0.45282
0.30931 0.94319 0.61256
0.57295 0.07222 0.14419
0.12812 0.81939 0.36185
0.43441 0.75697 0.69686
0.75579 0.37843 0.45851
0.98718 0.07872 0.87100
0.94706 0.51829 0.38117
0.09519 0.08318 0.44917
0.89990 0.04855 0.87594
0.59218 0.52589 0.35402
0.44914 0.89530 0.53418
0.79346 0.66472 0.50996
0.66291 0.28728 0.23542
0.30037 0.95529 0.53082
0.84826 0.89553 0.03291
0.59987 0.42374 0.11070
0.07844 0.68979 0.57104
0.47768 0.52932 0.96058
0.34638 0.47352 0.02374
0.12159 0.49547 0.46485
0.67857 0.95831 0.78367
0.46023 0.53071 0.04294
0.45654 0.61102 0.23158
0.03722 0.89031 0.87040
0.04312 0.70349 0.16797
0.57176 0.42322 0.10967
0.98633 0.21208 0.24810
0.64697 0.83348 0.35689
0.79912 0.54204 0.22043
0.69260 0.01749 0.40732
0.06259 0.93029 0.72219
0.24737 0.23921 0.56060
0.28840 0.29131 0.67163
0.48157 0.17381 0.78618
0.11466 0.35192 0.05391
0.49476 0.30465 0.40535
0.90442 0.68906 0.54704
0.88677 0.45686 0.55462
0.24379 0.72922 0.52002
0.55316 0.91769 0.76030
0.68118 0.20373 0.54391
0.05701 0.37090 0.81665
0.45257 0.88161 0.89092
0.25056 0.65602 0.51637
0.50938 0.38149 0.40191
0.68275 0.99408 0.90126
0.12815 0.76549 0.73312
0.67489 0.86015 0.75781
0.62880 0.85168 0.16573
0.08012 0.88257 0.06094
0.80397 0.29670 0.54065
0.33212 0.32844 0.18743
0.09699 0.56467 0.39598
0.80547 0.44992 0.60697
0.29347 0.15444 0.78335
0.67408 0.44115 0.72543
0.33884 0.15342 0.95358
0.24693 0.57445 0.75130
0.20516 0.88783 0.23796
0.54420 0.60673 0.38266
0.48256 0.69524 0.21539
0.86913 0.39575 0.56847
0.70974 0.50514 0.31232
0.65127 0.79685 0.04061
0.19671 0.88035 0.41180
0.74730 0.12202 0.47960
0.17095 0.83087 0.12660
0.30355 0.74247 0.05157
0.93778 0.29411 0.23876
0.41595 0.03711 0.26175
0.63100 0.74442 0.27083
0.29818 0.82035 0.14426
0.93800 0.52580 0.52203
0.32051 0.36314 0.99722
0.82207 0.42727 0.26306
0.14130 0.90214 0.10085
0.23339 0.07935 0.20998
0.51601 0.58549 0.44853
0.99788 0.14404 0.57892
0.28371 0.92457 0.82946
0.52256 0.15424 0.86176
0.40568 0.21848 0.01189
0.93572 0.36851 0.80902
0.24684 0.07264 0.33299
0.37442 0.42226 0.03318
0.70437 0.78048 0.92474
0.44594 0.58521 0.50382
0.47431 0.26148 0.48647
0.78231 0.53021 0.26591
0.69412 0.32265 0.25134
0.80716 0.74602 0.60483
0.53770 0.90565 0.40282
0.16905 0.03652 0.11175
0.55966 0.01713 0.38779
0.54934 0.35578 0.76296
0.26942 0.51317 0.69638
0.04817 0.52012 0.99291
0.02374 0.89598 0.18304
0.85030 0.67936 0.11550
0.04012 0.52875 0.88629
0.71188 0.31613 0.94909
0.52002 0.33572 0.95708
0.95748 0.84071 0.74687
0.87176 0.34650 0.56541
0.97079 0.86829 0.66486
0.15391 0.74676 0.58525
0.25369 0.81614 0.70330
0.84439 0.08811 0.77944
0.85234 0.48790 0.14026
0.60404 0.07531 0.63196
0.69953 0.19924 0.45520
0.73237 0.46576 0.33374
0.78198 0.89938 0.93967
0.96163 0.05794 0.30562
0.81621 0.52249 0.85293
0.86401 0.60793 0.24351
0.74688 0.52240 0.55795
0.86147 0.91179 0.29539
0.25226 0.78140 0.08594
0.23495 0.87649 0.87820
0.41152 0.88976 0.21752
0.46682 0.15059 0.30058
0.45256 0.53844 0.20805
0.11105 0.96012 0.81253
0.22296 0.67587 0.87612
0.86248 0.75899 0.64699
0.79665 0.92932 0.67982
0.01079 0.62408 0.78570
0.27289 0.36688 0.61355
0.01204 0.06800 0.74643
0.29843 0.92629 0.19995
0.28185 0.39650 0.70612
0.92968 0.53600 0.34129
0.51039 0.48416 0.77541
0.50705 0.20730 0.48223
0.83336 0.00081 0.41482
0.96766 0.04348 0.79092
0.98817 0.83468 0.58908
0.26621 0.23769 0.91576
0.94253 0.80562 0.23408
0.45778 0.55925 0.94445
0.46003 0.91607 0.59367
0.09461 0.73621 0.19093
0.97977 0.43784 0.95073
0.15623 0.75736 0.61432
0.84211 0.30379 0.42756
0.88251 0.06609 0.99125
0.66378 0.87294 0.19802
0.28698 0.86689 0.74771
0.66986 0.94509 0.55050
0.62145 0.01228 0.88963
0.65244 0.80020 0.17200
0.35855 0.01256 0.40023
0.95094 0.04928 0.09277
0.32591 0.12403 0.89030
0.85345 0.13148 0.53158
0.24797 0.41310 0.11196
0.33589 0.29085 0.38462
0.34547 0.17539 0.80753
0.20708 0.53698 0.45554
0.94703 0.18180 0.96418
0.32009 0.08389 0.43332
0.75276 0.84413 0.79877
0.77581 0.93524 0.56230
0.49887 0.91941 0.13247
0.88467 0.48302 0.39348
0.94501 0.32138 0.89057
0.30046 0.23424 0.25415
0.59561 0.55308 0.08147
0.37935 0.24970 0.59799
0.80471 0.00121 0.57829
0.41313 0.46235 0.46128
0.63553 0.81981 0.42159
0.31013 0.30494 0.46003
0.24131 0.19886 0.96140
0.79515 0.96401 0.16662
0.63519 0.53298 0.60076
0.83678 0.12673 0.20719
0.11184 0.11718 0.90477
0.94500 0.41673 0.23657
0.77702 0.32289 0.06444
0.81451 0.39433 0.62924
0.04863 0.40787 0.12767
0.59992 0.55391 0.27307
0.30747 0.35586 0.82226
0.75225 0.78089 0.21229
0.18968 0.26483 0.44856
0.21674 0.78262 0.17913
0.08049 0.97156 0.15807
0.69112 0.60935 0.61334
0.84637 0.47486 0.57547
0.06919 0.49147 0.49438
0.34239 0.05150 0.26656
0.36282 0.18290 0.52310
0.58557 0.27897 0.36762
0.47611 0.77754 0.11341
0.33103 0.20669 0.65371
0.48346 0.37755 0.66808
0.78929 0.37497 0.37867
0.44567 0.66019 0.97726
0.14714 0.28494 0.76229
0.60480 0.24254 0.39341
0.03440 0.92709 0.04683
0.19344 0.24004 0.57855
0.29094 0.97753 0.03491
0.25090 0.13044 0.57406
0.36871 0.40300 0.87569
0.80052 0.46092 0.26714
0.68520 0.74241 0.21495
0.54185 0.29994 0.44556
0.60707 0.86131 0.70139
0.84223 0.60555 0.04941
0.33312 0.64883 0.78335
0.79282 0.07328 0.97574
0.87242 0.88989 0.60930
0.65847 0.22161 0.77108
0.62325 0.00281 0.07724
0.19715 0.85372 0.35415
0.36302 0.86255 0.24259
0.92663 0.46631 0.03167
0.00550 0.38786 0.57603
0.04143 0.70477 0.35182
0.25665 0.94320 0.06617
0.37722 0.68789 0.89503
0.21306 0.59971 0.69171
0.53862 0.90045 0.73620
0.75819 0.89012 0.97162
0.21281 0.92273 0.02444
0.74442 0.02680 0.11175
0.34450 0.70875 0.27673
0.32906 0.62976 0.48721
0.29646 0.33847 0.39424
0.26130 0.74942 0.74080
0.68793 0.58873 0.47426
0.81651 0.06966 0.84369
0.41733 0.15617 0.25335
0.80621 0.81152 0.00657
0.33622 0.27449 0.49287
0.55773 0.79885 0.56457
0.64372 0.00251 0.45029
0.66209 0.31478 0.74502
0.66934 0.09766 0.20563
0.16393 0.22765 0.35634
0.01961 0.98065 0.24090
0.85610 0.02124 0.13675
0.09182 0.49639 0.76858
0.35795 0.84562 0.11347
0.18482 0.65508 0.40197
0.11402 0.81486 0.97579
0.38496 0.15753 0.21687
0.64397 0.18257 0.68321
0.61923 0.59912 0.07371
0.96813 0.81143 0.86598
0.07819 0.43974 0.51725
0.75441 0.65819 0.99620
0.10081 0.92684 0.81816
0.76223 0.71019 0.61616
0.59414 0.82956 0.39851
0.35763 0.58844 0.71094
0.32512 0.76945 0.49689
0.26616 0.48185 0.68036
0.91966 0.81573 0.97443
0.81385 0.89580 0.91577
0.07997 0.73553 0.65638
0.61727 0.41801 0.94116
0.50165 0.09633 0.21117
0.67099 0.27790 0.17250
0.60351 0.89854 0.33821
0.49748 0.67569 0.55913
0.58481 0.81802 0.56828
0.08262 0.43732 0.06143
0.93294 0.91758 0.71736
0.53527 0.58567 0.63529
0.97742 0.00502 0.13731
0.79858 0.39569 0.11788
0.68142 0.78054 0.14531
0.74267 0.26697 0.01688
0.61179 0.10508 0.65943
0.48847 0.04525 0.60585
0.72632 0.10730 0.83279
0.70947 0.72639 0.79992
0.50357 0.00550 0.59398
0.62584 0.71550 0.05409
0.77802 0.85389 0.15356
0.85220 0.07274 0.48957
0.56060 0.84763 0.13870
0.91716 0.63489 0.43272
0.35734 0.40326 0.75938
0.16343 0.05773 0.07060
0.16666 0.99536 0.61395
0.19197 0.07485 0.02387
0.13772 0.03934 0.43939
0.31857 0.85671 0.75900
0.05961 0.41303 0.68288
0.59085 0.85881 0.51301
0.01419 0.19573 0.95520
0.99218 0.93465 0.10513
0.27994 0.63155 0.57113
0.60083 0.71316 0.15980
0.78550 0.28519 0.16666
0.43627 0.50827 0.86828
0.61700 0.53436 0.06769
0.21286 0.32086 0.31871
0.73853 0.01791 0.33567
0.87020 0.76792 0.07683
0.21734 0.45370 0.18330
0.33610 0.62655 0.29261
0.34345 0.06075 0.20748
0.21584 0.81458 0.98351
0.98411 0.61270 0.32655
0.24906 0.52447 0.45173
0.57206 0.19122 0.72348
0.68647 0.50224 0.55991
0.29609 0.55525 0.86771
0.23197 0.82606 0.91193
0.10916 0.72605 0.54782
0.88938 0.50611 0.31232
0.17969 0.11676 0.95450
0.35484 0.65226 0.85911
0.92621 0.88306 0.07172
0.39463 0.88760 0.10990
0.77210 0.66146 0.24565
0.59997 0.69314 0.97750
0.18231 0.77140 0.08776
0.72852 0.01318 0.28893
0.15990 0.36990 0.02133
0.03553 0.62826 0.75560
0.21901 0.80252 0.77296
0.42291 0.55102 0.64776
0.03750 0.70654 0.41476
0.36465 0.41346 0.76800
0.65051 0.42105 0.86254
0.09107 0.91944 0.24902
0.90358 0.33786 0.29739
0.51022 0.74283 0.17046
0.67206 0.25501 0.76323
0.39308 0.59785 0.67890
0.98736 0.51114 0.25526
0.99651 0.67357 0.21812
0.51968 0.05801 0.60383
0.58035 0.46427 0.40247
0.94680 0.76536 0.19317
0.04120 0.25851 0.39510
0.18093 0.87754 0.36786
0.55010 0.31623 0.74887
0.25363 0.16476 0.57540
0.76987 0.47660 0.39925
0.34924 0.64248 0.00463
0.39868 0.74758 0.36288
0.43116 0.41481 0.21971
0.32648 0.92607 0.90073
0.73861 0.84947 0.43380
0.44085 0.95731 0.65547
0.61449 0.91261 0.70760
0.17036 0.00877 0.27419
0.82481 0.24745 0.56699
0.93768 0.79475 0.85164
0.67532 0.63015 0.52239
0.02839 0.05723 0.32372
0.55212 0.55766 0.16168
0.02080 0.58393 0.08614
0.92121 0.84347 0.76317
0.44445 0.54678 0.45518
0.08307 0.54436 0.27470
0.36611 0.53726 0.89784
0.40025 0.73122 0.50650
0.38862 0.05478 0.38605
0.20085 0.17808 0.07997
0.11386 0.84305 0.35809
0.97067 0.71225 0.53902
0.40998 0.37780 0.65845
0.14476 0.57192 0.19274
0.44730 0.94260 0.39640
0.01542 0.66830 0.22089
0.42308 0.08226 0.49267
0.35865 0.29691 0.57268
0.25727 0.92339 0.74228
0.24443 0.60218 0.85062
0.61467 0.02683 0.84592
0.20034 0.59767 0.25121
0.42357 0.07562 0.00706
0.23434 0.01194 0.84621
0.52670 0.40770 0.03003
0.51617 0.41503 0.48552
0.00354 0.28485 0.86727
0.53322 0.63540 0.59740
0.03080 0.15168 0.30938
0.90248 0.24336 0.23614
0.05096 0.49795 0.88661
0.15750 0.43153 0.82843
0.48183 0.47122 0.00735
0.80495 0.58501 0.79433
0.94619 0.31566 0.12171
0.17249 0.97643 0.11587
0.94034 0.15243 0.75617
0.14287 0.54089 0.11361
0.98723 0.21793 0.62825
0.07966 0.04164 0.75692
0.98951 0.09807 0.98693
0.21642 0.57151 0.65515
0.77532 0.54390 0.56281
0.14639 0.57764 0.77201
0.27636 0.18630 0.21435
0.37858 0.61355 0.70593
0.53459 0.03692 0.10404
0.96071 0.77602 0.74503
0.49098 0.62477 0.33619
0.68491 0.63332 0.94049
0.93879 0.06504 0.85509
0.86610 0.15861 0.02874
0.83808 0.04070 0.07485
0.59980 0.74545 0.29861
0.40151 0.52919 0.88947
0.33748 0.81782 0.09040
0.06309 0.34136 0.31845
0.43028 0.91336 0.84603
0.65863 0.27086 0.34948
0.28460 0.10634 0.27183
0.24023 0.69335 0.03846
0.15664 0.93422 0.71911
0.31092 0.42815 0.80318
0.36723 0.24044 0.71382
0.43065 0.62404 0.32144
0.43008 0.22593 0.31099
0.45447 0.63469 0.44190
0.93210 0.78656 0.42970
0.33010 0.86258 0.62970
0.38662 0.62361 0.80821
0.46923 0.88594 0.63369
0.19192 0.44896 0.28999
0.93338 0.01842 0.47473
0.96281 0.48791 0.96893
0.64557 0.38792 0.03522
0.05255 0.64070 0.41645
0.17861 0.24635 0.59726
0.82578 0.84929 0.96196
0.29692 0.48241 0.99694
0.27969 0.80325 0.15661
0.52715 0.05621 0.05027
0.75209 0.36998 0.12519
0.40012 0.59252 0.88639
0.31616 0.58878 0.80192
0.89677 0.53104 0.49027
0.30687 0.80331 0.62214
0.10667 0.63807 0.51038
0.95495 0.53919 0.27067
0.99769 0.38842 0.34685
0.96795 0.93900 0.91852
0.50639 0.84042 0.32926
0.51912 0.10045 0.72311
0.35362 0.01147 0.84695
0.95370 0.62568 0.14287
0.79599 0.05554 0.46967
0.94603 0.02777 0.54129
0.68269 0.39777 0.83931
0.19102 0.88179 0.03010
0.84172 0.96314 0.99567
0.01645 0.03156 0.80271
0.96515 0.99045 0.64167
0.94778 0.77769 0.35177
0.20487 0.36486 0.25764
0.91467 0.20545 0.21503
0.06407 0.23638 0.79477
0.73675 0.59285 0.71179
0.90084 0.02332 0.39067
0.28951 0.53840 0.49558
0.72237 0.44167 0.99928
0.43913 0.62376 0.78963
0.14974 0.13543 0.23223
0.56749 0.31896 0.09726
0.30135 0.51188 0.71658
0.94655 0.64437 0.20081
0.25830 0.76874 0.41881
0.85754 0.12971 0.31424
0.83855 0.67228 0.07198
0.43425 0.34177 0.09861
0.11546 0.18926 0.64188
0.78133 0.00930 0.09671
0.47960 0.71080 0.32594
0.08688 0.17764 0.92674
0.06053 0.50245 0.98709
0.44239 0.85315 0.81267
0.90025 0.43787 0.04160
0.61506 0.41373 0.88832
0.75939 0.31684 0.63688
0.58024 0.36757 0.21567
0.67937 0.45023 0.79476
0.81045 0.34644 0.50270
0.82982 0.26351 0.30257
0.97724 0.35384 0.63648
0.60119 0.38588 0.26314
0.49003 0.76802 0.28546
0.49868 0.25869 0.57586
0.26572 0.88591 0.77184
0.80550 0.88843 0.41151
0.79866 0.66631 0.71767
0.35591 0.22588 0.35085
0.16697 0.24331 0.86640
0.86037 0.89952 0.50385
0.67905 0.02920 0.23407
0.54204 0.88352 0.53893
0.72371 0.09400 0.37519
0.70033 0.66561 0.75321
0.92513 0.37553 0.85749
0.22468 0.58717 0.58946
0.63518 0.42118 0.97842
0.69155 0.23761 0.37068
0.14339 0.96487 0.19527
0.92464 0.80483 0.88818
0.64747 0.38819 0.12788
0.82385 0.26832 0.27537
0.65675 0.18749 0.09543
0.29671 0.74937 0.62709
0.00256 0.13457 0.41523
0.55695 0.24310 0.57098
0.47397 0.60858 0.82072
0.87521 0.79992 0.30919
0.55436 0.75962 0.92273
0.50415 0.86550 0.44025
0.26611 0.45967 0.40307
0.63567 0.70966 0.55193
0.56329 0.89660 0.06191
0.80409 0.99900 0.10196
0.24424 0.24917 0.82255
0.22697 0.39259 0.69326
0.93260 0.73693 0.90418
0.81393 0.75554 0.42447
0.67299 0.12591 0.76092
0.00857 0.37989 0.27689
0.37896 0.97919 0.21625
0.62380 0.32716 0.09059
0.41951 0.74180 0.92713
0.75515 0.41556 0.85140
0.37427 0.39411 0.32847
0.10583 0.45756 0.14679
0.24624 0.57990 0.29324
0.80674 0.62865 0.28226
0.68398 0.78729 0.06234
0.27365 0.46262 0.61914
0.15611 0.35954 0.15835
0.21741 0.83725 0.72142
0.23429 0.10282 0.12596
0.68814 0.57274 0.70395
0.36731 0.41850 0.63922
0.36613 0.17356 0.41225
0.39085 0.71315 0.90049
0.58633 0.27941 0.23001
0.26756 0.58301 0.00416
0.23070 0.57945 0.41093
0.45193 0.76328 0.18453
0.59561 0.77774 0.71686
0.65205 0.26322 0.12782
0.79359 0.60692 0.14724
0.60564 0.91809 0.86786
0.76720 0.71340 0.79165
0.26602 0.87187 0.91329
0.67103 0.03409 0.54311
0.63587 0.47431 0.30275
0.80353 0.36374 0.34129
0.56770 0.78143 0.15413
0.74892 0.43313 0.60983
0.21522 0.53364 0.86077
0.06356 0.21964 0.90551
0.58230 0.05567 0.42054
0.47813 0.98172 0.94683
0.45685 0.33583 0.94674
0.47997 0.37267 0.71340
0.47320 0.38416 0.68926
0.61136 0.98138 0.00227
0.96143 0.29642 0.45700
0.34157 0.52487 0.93734
0.00931 0.61047 0.05884
0.26818 0.30290 0.84212
0.44984 0.29802 0.32972
0.89847 0.82054 0.03113
0.25302 0.42889 0.13896
0.60622 0.44701 0.28165
0.29562 0.99747 0.23796
0.91306 0.05418 0.54306
0.00250 0.34998 0.77212
0.96504 0.12307 0.36526
0.02774 0.32659 0.72189
0.27455 0.23962 0.16167
0.09658 0.26456 0.06194
0.92806 0.35714 0.62114
0.29713 0.98837 0.40813
0.76557 0.11345 0.28550
0.19012 0.43604 0.69995
0.95328 0.33224 0.66953
0.23648 0.02030 0.44974
0.52912 0.53028 0.58848
0.15446 0.77982 0.52257
0.36200 0.37527 0.24777
0.42760 0.99257 0.76735
0.22269 0.23411 0.30382
0.46379 0.05080 0.00471
0.00765 0.30400 0.77210
0.38555 0.09280 0.49810
0.58247 0.93580 0.40411
0.27323 0.95388 0.78776
0.15668 0.22024 0.43569
0.88645 0.04706 0.67999
0.30783 0.69025 0.41497
0.80372 0.46398 0.69303
0.27774 0.30176 0.39164
0.69609 0.58776 0.92839
0.29870 0.25932 0.93212
0.98878 0.84214 0.99419
0.72370 0.10230 0.50826
0.92368 0.76069 0.24488
0.28482 0.14076 0.59416
0.77489 0.06862 0.42737
0.94888 0.32059 0.41895
0.07504 0.89787 0.91709
0.61320 0.51987 0.16441
0.11182 0.98971 0.90036
0.47962 0.98691 0.94253
0.81029 0.48744 0.23569
0.32557 0.26656 0.61882
0.12897 0.90351 0.56672
0.41270 0.30024 0.07192
0.16456 0.87911 0.53223
0.59607 0.35503 0.23387
0.06634 0.37540 0.86745
0.41701 0.69700 0.79947
0.94497 0.30738 0.29467
0.80013 0.24902 0.56059
0.85358 0.60767 0.73558
0.71335 0.07994 0.66857
0.61514 0.95216 0.86788
0.11306 0.90324 0.79632
0.00326 0.79153 0.77347
0.16310 0.66891 0.97324
0.17889 0.71397 0.72199
0.46264 0.72509 0.11260
0.69515 0.68268 0.55929
0.76953 0.73213 0.91796
0.16865 0.71748 0.52477
0.68584 0.58583 0.72254
0.08897 0.95228 0.34892
0.99425 0.67021 0.27766
0.08265 0.07770 0.05533
0.29127 0.68191 0.10748
0.14735 0.59857 0.75332
0.49569 0.04663 0.08893
0.20250 0.14281 0.50814
0.08925 0.23125 0.70822
0.61823 0.01256 0.31571
0.99815 0.60573 0.08371
0.04843 0.74197 0.11866
0.95034 0.09467 0.65864
0.09885 0.75729 0.79474
0.94385 0.90499 0.82490
0.87288 0.06731 0.81472
0.77187 0.66861 0.03814
0.53957 0.32471 0.97348
0.92065 0.94618 0.37578
0.74389 0.33657 0.61028
0.72101 0.09119 0.06205
0.38528 0.23449 0.91289
0.50626 0.50309 0.42843
0.80279 0.90147 0.06901
0.64905 0.08453 0.68265
0.28747 0.07706 0.35830
0.88648 0.11021 0.42885
0.22519 0.13097 0.42865
0.22074 0.17445 0.62936
0.99841 0.65332 0.69598
0.30179 0.73749 0.10940
0.34723 0.44828 0.43460
0.09521 0.34634 0.36409
0.02375 0.04910 0.73291
0.94635 0.50778 0.89826
0.78546 0.58015 0.11755
0.66896 0.89964 0.62451
0.42788 0.74031 0.92974
0.80613 0.22053 0.66384
0.72777 0.02354 0.49627
0.53387 0.71185 0.60092
0.60660 0.12173 0.34590
0.61143 0.77278 0.58495
0.95567 0.27239 0.05015
0.76066 0.53707 0.53314
0.07811 0.92053 0.95839
0.32027 0.66248 0.10888
0.57951 0.19190 0.42619
0.70296 0.46097 0.23887
0.83272 0.30612 0.72897
0.83082 0.65384 0.70761
0.44764 0.54658 0.61379
0.48140 0.49167 0.25054
0.70731 0.62701 0.90740
0.87721 0.35716 0.94432
0.58188 0.32454 0.73954
0.45908 0.41869 0.04001
0.36551 0.53110 0.91084
0.08325 0.54245 0.46900
0.11958 0.10978 0.27843
0.32182 0.18696 0.11660
0.36977 0.62302 0.00119
0.14027 0.86426 0.29196
0.20097 0.78533 0.33809
0.06065 0.51921 0.78824
0.46266 0.14471 0.89733
0.83360 0.57791 0.22717
0.77765 0.73297 0.97637
0.24149 0.26905 0.07813
0.84426 0.21565 0.65871
0.20740 0.91072 0.64017
0.34469 0.36583 0.10861
0.67208 0.37302 0.60088
0.49933 0.98841 0.41812
0.37028 0.72353 0.33510
0.67681 0.97647 0.64093
0.16494 0.62288 0.49856
0.46851 0.97515 0.59897
0.08560 0.71789 0.99810
0.40564 0.61708 0.47892
0.13047 0.66964 0.38295
0.05139 0.71073 0.61878
0.74580 0.61823 0.63895
0.66276 0.97361 0.98939
0.76166 0.88383 0.88938
0.13475 0.08871 0.06235
0.64994 0.66985 0.13993
0.24795 0.88578 0.56888
0.90202 0.66995 0.52001
0.41539 0.91263 0.47843
0.85222 0.44497 0.48769
0.88184 0.35902 0.37529
0.18251 0.44855 0.15112
0.32488 0.92431 0.55659
0.62332 0.09960 0.14225
0.80280 0.12263 0.81369
0.82554 0.75655 0.40210
0.30497 0.63980 0.65780
0.81861 0.44711 0.35821
0.74532 0.58976 0.52167
0.74493 0.39532 0.61299
0.11754 0.75039 0.36870
0.47714 0.86340 0.75085
0.10958 0.24600 0.97959
0.35829 0.92660 0.64205
0.25107 0.10090 0.52682
0.71845 0.33283 0.10185
0.65157 0.22372 0.16585
0.26328 0.13248 0.89412
0.42611 0.67153 0.14926
0.59372 0.88833 0.28825
0.73465 0.21981 0.63877
0.89913 0.67837 0.98606
0.65352 0.85340 0.15814
0.63898 0.16998 0.23924
0.90692 0.99260 0.87588
0.24859 0.70985 0.62587
0.90517 0.48656 0.79485
0.11595 0.51373 0.87870
0.05196 0.42149 0.73939
0.58316 0.65696 0.02072
0.00333 0.58599 0.49859
0.60918 0.14883 0.82617
0.04170 0.85931 0.46665
0.66087 0.81029 0.24602
0.71953 0.63794 0.80594
0.49308 0.39603 0.47947
0.90751 0.28734 0.77008
0.99157 0.06984 0.74024
0.33695 0.34182 0.54973
0.86314 0.34370 0.59298
0.00330 0.59184 0.62709
0.48186 0.58289 0.16111
0.90633 0.67863 0.01980
0.53062 0.19704 0.93672
0.71507 0.30916 0.58581
0.58898 0.64005 0.18598
0.26855 0.28122 0.81046
0.44437 0.13491 0.13396
0.82546 0.27779 0.01983
0.14131 0.47018 0.72275
0.15580 0.91964 0.69099
0.97482 0.92016 0.85772
0.99726 0.93399 0.89886
0.87719 0.94792 0.48109
0.85869 0.88103 0.50855
0.61552 0.27107 0.90192
0.27169 0.30070 0.42607
0.46015 0.77693 0.17768
0.46530 0.98601 0.69244
0.33448 0.90494 0.82159
0.95136 0.09742 0.93198
0.87537 0.21099 0.54115
0.47092 0.37654 0.69382
0.41353 0.25368 0.67150
0.59164 0.51499 0.18914
0.59979 0.84045 0.55463
0.05028 0.02410 0.61223
0.79163 0.08256 0.96048
0.89067 0.21604 0.74172
0.51621 0.91794 0.29333
0.83425 0.27556 0.44886
0.16175 0.04248 0.65377
0.73735 0.20953 0.49805
0.50205 0.84024 0.70150
0.14244 0.08023 0.89354
0.89521 0.78158 0.15221
0.90475 0.14900 0.54276
0.55459 0.57946 0.86949
0.83621 0.84348 0.04065
0.11183 0.94322 0.27345
0.56375 0.04269 0.11251
0.54736 0.50848 0.75063
0.82122 0.84202 0.51160
0.93118 0.67990 0.49546
0.24474 0.34525 0.55304
0.51754 0.44442 0.80777
0.84447 0.97358 0.91490
0.61738 0.29758 0.48618
0.12387 0.42477 0.05691
0.32793 0.52175 0.36406
0.66823 0.21954 0.80866
0.33093 0.62733 0.21359
0.22801 0.03140 0.10106
0.11269 0.54455 0.24549
0.15195 0.84204 0.62552
0.56436 0.94693 0.90197
0.57521 0.75875 0.09103
0.93777 0.72485 0.24957
0.05040 0.69687 0.01570
0.44660 0.77508 0.90354
0.72077 0.51250 0.44137
0.08728 0.61212 0.05141
0.57151 0.11463 0.23707
0.47709 0.66947 0.02498
0.54895 0.12471 0.10835
0.71145 0.90295 0.55229
0.42760 0.33122 0.18788
0.51350 0.15160 0.79418
0.34165 0.55340 0.86086
0.34518 0.66089 0.36123
0.48702 0.95955 0.21946
0.53517 0.27127 0.00333
0.21585 0.95297 0.53868
0.87678 0.80380 0.49128
0.72084 0.28642 0.30068
0.62302 0.89743 0.01487
0.90735 0.25458 0.53009
0.26122 0.26113 0.49486
0.83821 0.33089 0.13396
0.99597 0.44754 0.53270
0.14529 0.70988 0.29869
0.96062 0.57435 0.64162
0.20391 0.47943 0.63074
0.54086 0.02706 0.36467
0.04729 0.08332 0.17083
0.16566 0.79829 0.26731
0.13747 0.98681 0.12437
0.80477 0.45176 0.46706
0.62869 0.42987 0.00630
0.26858 0.94144 0.23044
0.60449 0.59208 0.88665
0.76994 0.10181 0.79291
0.48526 0.62860 0.93095
0.16554 0.57101 0.50288
0.81724 0.47957 0.85320
0.79250 0.84951 0.28517
0.99300 0.53041 0.61307
0.99784 0.17532 0.38881
0.68370 0.88254 0.52933
0.05244 0.66483 0.65878
0.74161 0.76667 0.88045
0.48129 0.11155 0.83559
0.00841 0.35584 0.65953
0.14085 0.23307 0.03134
0.91916 0.07229 0.85222
0.81732 0.51148 0.51320
0.15934 0.86187 0.84124
0.27870 0.16615 0.51883
0.97134 0.21699 0.67215
0.04504 0.60602 0.42293
0.12514 0.58418 0.67786
0.75099 0.66830 0.40726
0.54864 0.37992 0.48843
0.45622 0.30022 0.16577
0.58431 0.17654 0.52332
0.21491 0.92286 0.94734
0.50428 0.65849 0.59218
0.48704 0.17187 0.00515
0.86746 0.17543 0.64290
0.15357 0.55644 0.04281
0.42551 0.79864 0.76884
0.24503 0.57220 0.51205
0.91429 0.89109 0.31014
0.25888 0.51824 0.82279
0.98591 0.21930 0.46598
0.04674 0.30631 0.94629
0.22949 0.63055 0.25866
0.63981 0.37028 0.41278
0.87586 0.55652 0.68076
0.51480 0.87990 0.80426
0.12546 0.10269 0.49100
0.31947 0.60891 0.53655
0.06384 0.59117 0.03459
0.18493 0.62120 0.64788
0.02161 0.58668 0.63955
0.90483 0.76163 0.64794
0.33037 0.41115 0.91085
0.34823 0.48404 0.57731
0.05067 0.55762 0.99745
0.43371 0.17555 0.32445
0.31670 0.59048 0.87754
0.54730 0.54501 0.40616
0.26601 0.64944 0.75319
0.78611 0.75896 0.19433
0.94839 0.38835 0.95440
0.76431 0.82292 0.59032
0.72073 0.36127 0.61852
0.74197 0.14809 0.52931
0.71382 0.64306 0.15865
0.22960 0.62119 0.64266
0.45989 0.64304 0.77739
0.34344 0.42903 0.54042
0.12131 0.98045 0.64407
0.33183 0.14571 0.14278
0.41334 0.70276 0.16062
0.79231 0.39187 0.50310
0.52045 0.04887 0.45651
0.99711 0.18521 0.55779
0.74323 0.98160 0.97534
0.08562 0.36192 0.20449
0.83063 0.15601 0.16165
0.31441 0.81584 0.48138
0.92506 0.58254 0.17950
0.17439 0.01189 0.49540
0.17028 0.84386 0.79994
0.86984 0.53303 0.44235
0.40352 0.19731 0.71578
0.17258 0.53681 0.32841
0.97487 0.63230 0.20232
0.80733 0.17219 0.58241
0.65869 0.27975 0.27676
0.91731 0.90664 0.98564
0.82677 0.63536 0.08645
0.56883 0.84684 0.31636
0.61530 0.75272 0.62585
0.52817 0.63167 0.27778
0.15702 0.27796 0.77229
0.52552 0.28540 0.97103
0.58449 0.96202 0.55525
0.32410 0.78277 0.81438
0.11687 0.39126 0.26935
0.18295 0.02274 0.78146
0.51412 0.92552 0.21695
0.13174 0.19127 0.83421
0.14443 0.56813 0.09442
0.81701 0.20972 0.06396
0.73152 0.38194 0.60003
0.75955 0.77126 0.39537
0.96464 0.38935 0.29413
0.24368 0.96564 0.63643
0.72390 0.86815 0.99820
0.68337 0.92923 0.44995
0.39771 0.13207 0.69403
0.74912 0.21794 0.25826
0.68819 0.42923 0.81327
0.50414 0.05883 0.99516
0.17157 0.16693 0.04288
0.40708 0.54748 0.39186
0.31339 0.19789 0.66194
0.35410 0.39017 0.42287
0.79162 0.85503 0.28873
0.00807 0.96980 0.42090
0.21273 0.51754 0.71859
0.16649 0.76000 0.98960
0.96063 0.75368 0.16377
0.78757 0.46007 0.27391
0.80979 0.47925 0.34858
0.95542 0.19534 0.99774
0.60912 0.19855 0.70600
0.38898 0.46458 0.84069
0.03212 0.58391 0.62554
0.44778 0.46096 0.00205
0.73646 0.23938 0.70486
0.99254 0.06865 0.68645
0.06513 0.31270 0.14806
0.58668 0.76109 0.90937
0.81851 0.51424 0.06394
0.07141 0.81197 0.11323
0.53075 0.46642 0.86236
0.98217 0.28725 0.47417
0.13669 0.41236 0.77477
0.28584 0.63923 0.40559
0.16621 0.83605 0.86117
0.89905 0.70778 0.62784
0.87418 0.39782 0.25119
0.16019 0.89349 0.87523
0.70520 0.09480 0.80944
0.76161 0.33955 0.29233
0.36322 0.48755 0.62603
0.93672 0.70629 0.19862
0.34825 0.94964 0.69330
0.50957 0.04496 0.53761
0.90426 0.20760 0.74229
0.92389 0.13257 0.23989
0.15642 0.80079 0.01134
0.80531 0.79969 0.42144
0.12990 0.72255 0.65521
0.99111 0.59338 0.30496
0.46457 0.81623 0.48513
0.30853 0.33425 0.94675
0.06462 0.80469 0.50128
0.29235 0.17414 0.58193
0.61229 0.41873 0.18693
0.66184 0.47217 0.16521
0.03305 0.37650 0.95505
0.43336 0.72857 0.15336
0.93656 0.02141 0.26433
0.06111 0.94290 0.89418
0.15439 0.97591 0.04710
0.83138 0.33581 0.29660
0.69278 0.62319 0.67476
0.33401 0.47939 0.97564
0.77072 0.89876 0.57435
0.67247 0.34419 0.85535
0.59590 0.54826 0.60402
0.66900 0.42816 0.39824
0.28439 0.50825 0.67949
0.54222 0.48291 0.05851
0.58060 0.36304 0.56767
0.80064 0.13016 0.24540
0.96473 0.23497 0.28314
0.26372 0.66784 0.54925
0.99893 0.02717 0.56960
0.85253 0.36803 0.79954
0.18639 0.19071 0.31885
0.69059 0.28475 0.91727
0.96975 0.23901 0.16225
0.74576 0.90617 0.00654
0.37156 0.37884 0.58786
0.71700 0.25679 0.64716
0.95052 0.83904 0.27336
0.06656 0.67826 0.25813
0.82288 0.17279 0.71331
0.02308 0.07939 0.59328
0.89127 0.40036 0.00094
0.72474 0.72233 0.84962
0.04125 0.14437 0.71236
0.98814 0.24909 0.29969
0.65335 0.67653 0.54826
0.93692 0.22547 0.16948
0.02599 0.87880 0.46475
0.74787 0.68192 0.89706
0.08606 0.10741 0.72030
0.16427 0.72964 0.01476
0.03021 0.88172 0.73014
0.52737 0.70313 0.77596
0.75243 0.48056 0.76218
0.84631 0.96685 0.46923
0.28257 0.69089 0.32372
0.80821 0.77731 0.95242
0.24811 0.06523 0.50220
0.53677 0.75132 0.19602
0.40186 0.99065 0.89451
0.78606 0.55944 0.72345
0.41513 0.85893 0.98264
0.43356 0.81992 0.79966
0.10704 0.00097 0.47617
0.76851 0.44095 0.00285
0.37759 0.42042 0.36990
0.52435 0.89495 0.67311
0.95623 0.64241 0.38105
0.74728 0.46297 0.78752
0.32082 0.37570 0.79843
0.94897 0.94599 0.80141
0.73495 0.26142 0.03402
0.51490 0.15342 0.38936
0.43805 0.89404 0.09177
0.75648 0.80552 0.87755
0.50163 0.64901 0.82637
0.91966 0.54311 0.41912
0.44716 0.49524 0.50100
0.39137 0.30719 0.28284
0.47997 0.99129 0.48584
0.01435 0.23374 0.64344
0.07023 0.03562 0.30322
0.44244 0.63062 0.35304
0.26446 0.12382 0.10006
0.59230 0.24296 0.29119
0.09667 0.97079 0.91526
0.40064 0.17381 0.87139
0.57804 0.27495 0.04347
0.07412 0.41944 0.95389
0.44250 0.49404 0.81350
0.97810 0.29056 0.76953
0.43672 0.80570 0.86262
0.15337 0.39056 0.00191
0.11021 0.19622 0.77185
0.78605 0.37123 0.57857
0.17541 0.62058 0.67425
0.83357 0.16834 0.20433
0.80387 0.56016 0.37737
0.39764 0.76065 0.86129
0.88676 0.05438 0.00045
0.59771 0.84496 0.84494
0.73753 0.00630 0.84737
0.51305 0.02423 0.66157
0.79647 0.21088 0.63593
0.60267 0.58124 0.41960
0.85949 0.85965 0.08805
0.01775 0.54608 0.05459
0.22414 0.37008 0.17537
0.03484 0.69042 0.74926
0.94476 0.45813 0.27199
0.69960 0.63901 0.83155
0.22201 0.69796 0.48225
0.33809 0.61891 0.25857
0.34987 0.88875 0.95892
0.35678 0.22170 0.91005
0.07338 0.25589 0.74455
0.03817 0.44519 0.08350
0.53945 0.52972 0.33429
0.81684 0.85495 0.64770
0.21005 0.43746 0.74455
0.99432 0.22596 0.19564
0.16440 0.16238 0.82990
0.62549 0.16412 0.32886
0.19875 0.18863 0.60717
0.20416 0.12275 0.36282
0.15220 0.07314 0.84780
0.80396 0.31709 0.10012
0.00102 0.28798 0.92415
0.20751 0.98052 0.35330
0.08941 0.67269 0.91513
0.86379 0.22102 0.51630
0.04460 0.25794 0.88139
0.98967 0.84316 0.86991
0.82667 0.95565 0.86194
0.95439 0.76946 0.58324
0.56220 0.96964 0.02208
0.97505 0.20456 0.64714
0.63426 0.81504 0.23153
0.06195 0.36869 0.95275
0.13603 0.78482 0.48409
0.65011 0.96543 0.17258
0.67764 0.03909 0.77851
0.96221 0.96050 0.93881
0.45668 0.19716 0.56382
0.24953 0.57103 0.78120
0.29783 0.99329 0.38856
0.06774 0.92907 0.34724
0.78486 0.90498 0.13796
0.33697 0.17024 0.89867
0.22610 0.27942 0.29281
0.74389 0.79616 0.26344
0.07287 0.32787 0.88067
0.80873 0.28935 0.42447
0.61551 0.80073 0.55670
0.10848 0.97628 0.12191
0.47340 0.58599 0.14972
0.42513 0.90183 0.82852
0.27627 0.53733 0.16413
0.30752 0.54742 0.80253
0.56367 0.19406 0.31501
0.11885 0.84394 0.46180
0.57055 0.87635 0.25760
0.71839 0.59205 0.39309
0.38514 0.33885 0.88693
0.39756 0.98073 0.89394
0.09339 0.37788 0.51125
0.89661 0.92006 0.34239
0.29681 0.53481 0.34372
0.45620 0.87131 0.37925
0.92089 0.65507 0.71211
0.56571 0.39522 0.53738
0.22577 0.32620 0.84775
0.46844 0.45786 0.12279
0.84710 0.02841 0.31565
0.11706 0.03569 0.44407
0.80632 0.81579 0.42893
0.40544 0.23484 0.13058
0.26350 0.57182 0.91739
0.85844 0.36786 0.65293
