100.5166	13.7500
98.9800	18.8000
100.6115	13.6069
102.1000	15.0000
100.4714	6.9964
104.8300	15.2500
100.4833	13.8337
102.8300	16.4200
102.7893	17.4048
99.9700	8.4000
101.0000	13.4004
99.4813	18.2916
100.9287	13.1590
100.2729	16.8283
99.3401	9.1501
100.5333	14.0171
101.2500	6.8640
101.2851	6.5505
99.6080	7.5634
100.5684	14.3588
98.3815	7.8765
100.0640	13.8180
99.8265	19.9119
100.0700	15.7000
99.8215	13.5419
102.7479	17.8733
102.0979	12.6133
99.9412	13.1133
99.1872	10.5127
100.7715	18.7868
101.3768	14.0572
100.0972	17.6316
104.1479	17.1679
100.8800	14.5304
101.8214	6.4318
99.5220	14.0174
100.2740	13.5360
103.4915	14.8868
99.5290	16.4730
102.0386	15.8040
100.6186	14.8040
104.7695	17.3945
103.5090	16.4280
100.1290	14.4710
103.2980	16.1840
101.1590	16.4190
101.0760	13.6790
100.5600	7.2100
103.1166	15.0004
104.3298	15.1203
100.0810	7.6150
103.6550	16.0510
100.1629	18.1533
101.2815	12.6718
100.3490	16.4390
101.7315	17.4919
100.0010	13.4130
100.0667	6.6167
99.8000	11.8030
99.1293	16.8847
98.9120	8.0520
98.6380	9.9620
100.0264	15.3819
104.1510	15.7880
102.5090	12.2370
101.2160	14.2000
99.9083	19.1707
100.4010	14.8870
100.1260	15.1790
99.0740	18.5030
100.4500	14.5833
99.7515	17.0119
98.5340	8.4510
97.9690	19.3010
104.7235	16.5453
102.4407	17.2041
104.6288	15.8585
102.0722	13.8141
103.6519	18.3630
99.9443	12.5697
98.5708	16.7162
99.7286	8.1540
102.4969	13.6824
102.4186	15.5840