0.21207
0.06898
0.37324
0.08024
0.80478
0.91299
0.16902
0.24413
0.38147
0.13427
0.92862
0.46781
0.92037
0.40097
0.27266
0.78016
0.64035
0.37419
0.13460
0.79733
0.32128
0.56028
0.17180
0.24425
0.94990
0.50279
0.00961
0.99422
0.34368
0.07018
0.71122
0.76945
0.27511
0.02980
0.62112
0.27436
0.98016
0.61075
0.60712
0.54764
0.14266
0.50514
0.78445
0.90027
0.56597
0.10434
0.87584
0.13782
0.46532
0.14875
0.45639
0.22754
0.88669
0.93726
0.22987
0.77751
0.52362
0.45694
0.41786
0.62583
0.42111
0.97461
0.94942
0.87000
0.29479
0.93007
0.42890
0.59727
0.35796
0.18740
0.02792
0.14786
0.51484
0.68523
0.14338
0.45889
0.18152
0.45090
0.37231
0.39982
0.54916
0.86874
0.85480
0.16665
0.60704
0.51458
0.22825
0.39195
0.22603
0.67624
0.18427
0.26584
0.00717
0.22347
0.49032
0.80427
0.07817
0.26068
0.76553
0.79094
0.68462
0.63522
0.75958
0.39762
0.34834
0.34905
0.63974
0.30596
0.04467
0.28157
0.55891
0.20543
0.95725
0.65858
0.27206
0.83397
0.99820
0.36180
0.88379
0.12843
0.90934
0.88813
0.11449
0.44053
0.20131
0.33682
0.12913
0.89214
0.06649
0.02544
0.61909
0.24024
0.09828
0.60021
0.30484
0.75725
0.64289
0.64432
0.04752
0.56393
0.23349
0.53045
0.16265
0.83968
0.24123
0.45934
0.45240
0.91732
0.31054
0.81965
0.19079
0.64018
0.46819
0.41690
0.88621
0.66043
0.27624
0.81247
0.84331
0.54026
0.67374
0.95860
0.02067
0.51622
0.23858
0.54370
0.60400
0.04565
0.54649
0.74958
0.80198
0.77508
0.00404
0.41562
0.63104
0.49138
0.86864
0.12012
0.03303
0.98657
0.06200
0.26895
0.61430
0.26216
0.06698
0.23529
0.23940
0.84000
0.98586
0.59289
0.51430
0.08898
0.22372
0.08360
0.98199
0.58392
0.75963
0.70521
0.09251
0.08856
0.93878
0.49883
0.36339
0.27255
0.93513
0.66771
0.61872
0.51562
0.24857
0.55410
0.34895
0.15898
0.21729
0.88593
0.17270
0.02232
0.87622
0.04858
0.26944
0.97200
0.05452
0.76201
0.49682
0.84004
0.16827
0.67709
0.99775
0.50447
0.89126
0.92151
0.70938
0.80205
0.02344
0.41686
0.34419
0.64249
0.26624
0.59678
0.67675
0.41397
0.40758
0.24191
0.06113
0.54017
0.82243
0.83058
0.94835
0.08729
0.09383
0.55551
0.23992
0.08814
0.03642
0.49017
0.38053
0.21163
0.05256
0.29547
0.11801
0.45817
0.54190
0.14099
0.30243
0.10178
0.58589
0.82778
0.88753
0.94381
0.13918
0.20200
0.71438
0.86204
0.46382
0.92551
0.72873
0.71532
0.20118
0.24581
0.86361
0.63581
0.53753
0.42949
0.21461
0.22112
0.17581
0.14192
0.25361
0.58644
0.90914
0.24906
0.28487
0.12653
0.36610
0.87685
0.99674
0.52240
0.94498
0.84889
0.79291
0.02155
0.27154
0.40510
0.68495
0.37649
0.33812
0.73471
0.83249
0.87492
0.13930
0.90621
0.86935
0.10676
0.94732
0.16601
0.20031
0.63484
0.91256
0.69897
0.02196
0.28511
0.44727
0.07300
0.87289
0.88485
0.42054
0.92705
0.51257
0.33912
0.77287
0.43130
0.39894
0.65939
0.43231
0.11100
0.46442
0.34064
0.56651
0.16295
0.38729
0.92328
0.60702
0.54593
0.97999
0.50920
0.29416
0.60175
0.35849
0.00269
0.83780
0.21644
0.53478
0.36790
0.61053
0.17164
0.70406
0.63023
0.26138
0.95739
0.76850
0.14711
0.93287
0.60007
0.87933
0.70884
0.91798
0.65778
0.29487
0.09778
0.48767
0.72275
0.21772
0.91416
0.70586
0.24146
0.89334
0.71261
0.86493
0.93946
0.30777
0.18343
0.61205
0.52078
0.83861
0.66971
0.14672
0.51729
0.21960
0.89791
0.31697
0.55646
0.02419
0.56037
0.20100
0.58780
0.80778
0.06547
0.56755
0.75103
0.65039
0.37807
0.63196
0.66265
0.46897
0.41255
0.82436
0.10409
0.16318
0.89636
0.23816
0.79315
0.54322
0.36061
0.30085
0.87433
0.86671
0.57132
0.60736
0.00684
0.02952
0.38876
0.75826
0.02770
0.98395
0.17353
0.62501
0.87588
0.99631
0.93477
0.65535
0.82207
0.44067
0.51375
0.81319
0.60171
0.32005
0.25189
0.89610
0.31348
0.00381
0.40819
0.41637
0.99931
0.17540
0.84838
0.49340
0.52085
0.95439
0.24863
0.06954
0.86061
0.28232
0.13885
0.72253
0.55226
0.75027
0.76707
0.33143
0.91454
0.16518
0.64122
0.22625
0.02946
0.96820
0.60216
0.69096
0.94460
0.33192
0.16507
0.20448
0.61328
0.13011
0.87892
0.45809
0.21802
0.37045
0.79255
0.14151
0.26342
0.46165
0.00803
0.15145
0.39838
0.61251
0.12259
0.56064
0.89695
0.09235
0.01893
0.08440
0.81645
0.23181
0.50972
0.25340
0.58561
0.49493
0.35261
0.51322
0.81665
0.91190
0.00584
0.07658
0.37629
0.61724
0.84231
0.19345
0.70377
0.83723
0.79601
0.27079
0.24097
0.49770
0.16801
0.33447
0.94529
0.46516
0.05070
0.95298
0.23620
0.78948
0.92402
0.72416
0.26151
0.20924
0.73075
0.99213
0.59400
0.72703
0.07481
0.81987
0.50068
0.56489
0.57630
0.50226
0.82989
0.70187
0.29114
0.70807
0.04539
0.99367
0.35130
0.35981
0.66414
0.47304
0.95308
0.07162
0.82589
0.06126
0.79148
0.36967
0.90751
0.62666
0.33195
0.29911
0.52018
0.42431
0.72968
0.50533
0.21824
0.90521
0.88947
0.22824
0.90022
0.72134
0.27442
0.57718
0.98860
0.64280
0.58168
0.51756
0.81840
0.03784
0.45398
0.36827
0.63431
0.63123
0.68821
0.87717
0.66536
0.64090
0.89206
0.03095
0.91257
0.60420
0.10431
0.44462
0.88367
0.77393
0.65385
0.57086
0.39582
0.37222
0.80142
0.58509
0.00182
0.33533
0.11564
0.02493
0.50710
0.43463
0.85192
0.51326
0.15944
0.90878
0.63894
0.71082
0.18957
0.61138
0.25776
0.47541
0.13127
0.75891
0.84949
0.17219
0.43839
0.60287
0.17748
0.47454
0.65658
0.33715
0.98138
0.75631
0.77026
0.99805
0.49388
0.86371
0.47124
0.71455
0.01175
0.61847
0.02006
0.88954
0.19755
0.69310
0.32299
0.07827
0.58631
0.87997
0.61082
0.87398
0.02848
0.27756
0.83302
0.12147
0.61743
0.41678
0.64341
0.37413
0.11647
0.69802
0.32951
0.94060
0.17474
0.14624
0.43632
0.11530
0.08275
0.22659
0.65866
0.99314
0.79751
0.67889
0.67081
0.12636
0.84321
0.66223
0.40784
0.40787
0.51663
0.19391
0.83009
0.84901
0.44540
0.02995
0.03564
0.38837
0.27880
0.66760
0.66978
0.75161
0.02689
0.82689
0.72649
0.12998
0.91239
0.07762
0.37137
0.76471
0.32994
0.43479
0.26866
0.25534
0.68867
0.34747
0.83691
0.24843
0.91867
0.19886
0.33781
0.95312
0.55628
0.39334
0.92518
0.04473
0.17980
0.94730
0.91493
0.01064
0.55608
0.21412
0.28301
0.70327
0.67658
0.35728
0.83784
0.25372
0.03196
0.17877
0.12276
0.25123
0.83082
0.60250
0.81103
0.34671
0.12264
0.68539
0.52995
0.80152
0.83885
0.92585
0.11402
0.78991
0.22500
0.31556
0.28965
0.29735
0.81417
0.69908
0.82178
0.85713
0.93187
0.40603
0.58061
0.20195
0.76285
0.37376
0.67902
0.80359
0.69390
0.25085
0.18964
0.21412
0.89896
0.45725
0.34601
0.86052
0.76877
0.67124
0.06128
0.37145
0.99736
0.49251
0.24656
0.27234
0.33476
0.89574
0.43766
0.33774
0.57892
0.65720
0.37781
0.15333
0.80288
0.06447
0.18632
0.68276
0.61472
0.53422
0.01307
0.73969
0.14523
0.99979
0.20909
0.19573
0.26957
0.39178
0.46368
0.02762
0.74349
0.83720
0.63267
0.93248
0.30103
0.58343
0.03839
0.45324
0.91618
0.58135
0.95376
0.62866
0.92499
0.71919
0.34325
0.33671
0.24404
0.21100
0.89236
0.11394
0.10929
0.07504
0.52413
0.03316
0.13540
0.34317
0.08059
0.65142
0.38275
0.01351
0.34000
0.33483
0.06410
0.10095
0.23019
0.39854
0.50042
0.75639
0.59917
0.46744
0.05374
0.96717
0.13665
0.05086
0.29278
0.76279
0.81666
0.13630
0.02237
0.03040
0.36445
0.03593
0.91465
0.17796
0.13828
0.46259
0.35199
0.40807
0.23299
0.89406
0.95187
0.50720
0.54576
0.61877
0.17400
0.10642
0.17651
0.75900
0.14178
0.90324
0.09720
0.80462
0.65352
0.63539
0.57898
0.51919
0.08688
0.44522
0.26485
0.18142
0.14958
0.99596
0.23685
0.86305
0.72927
0.43786
0.70429
0.44017
0.68227
0.93730
0.17044
0.96023
0.93037
0.50072
0.91216
0.96237
0.06721
0.02435
0.88920
0.32837
0.29450
0.32279
0.04863
0.05795
0.91436
0.27692
0.08564
0.61369
0.75718
0.13660
0.42677
0.55688
0.89783
0.13362
0.48910
0.13830
0.26747
0.68237
0.28873
0.71271
0.43777
0.13806
0.68956
0.05413
0.77025
0.74134
0.43142
0.47301
0.25562
0.64538
0.19196
0.25637
0.87985
0.59079
0.11947
0.22677
0.04713
0.74557
0.17232
0.89517
0.25729
0.87637
0.15190
0.82751
0.39743
0.99170
0.85814
0.21556
0.43001
0.71621
0.36829
0.65683
0.84021
0.96555
0.43565
0.24136
0.81306
0.73701
0.48165
0.19701
0.36104
0.55819
0.68221
0.48067
0.96211
0.28662
0.15524
0.77220
0.25588
0.47555
0.96382
0.43546
0.20676
0.32922
0.40697
0.42990
0.96136
0.75285
0.33905
0.21855
0.64190
0.52937
0.24088
0.45470
0.00679
0.22775
0.35632
0.97876
0.63224
0.07805
0.59332
0.51257
0.05206
0.64827
0.05638
0.47472
0.02820
0.10558
0.16473
0.30038
0.86205
0.72075
0.97285
0.03146
0.99708
0.01352
0.97440
0.06132
0.35897
0.95479
0.76650
0.12140
0.34649
0.09127
0.90640
0.71280
0.10410
0.74666
0.71846
0.97189
0.22680
0.79579
0.97209
0.21479
0.45678
0.79169
0.82948
0.01123
0.83271
0.63182
0.10345
0.81954
0.56108
0.06794
0.14988
0.25933
0.65381
0.34963
0.86332
0.40541
0.45467
0.22761
0.02952
0.30724
0.55443
0.11490
0.35954
0.15482
0.69074
0.07281
0.77452
0.79099
0.60416
0.24694
0.95951
0.09568
0.36788
0.17563
0.31195
0.17552
0.86333
0.02344
0.94323
0.87202
0.53632
0.53533
0.34688
0.48650
0.76656
0.67940
0.14532
0.74364
0.74775
0.27341
0.19945
0.50993
0.71323
0.19066
0.79459
0.96228
0.17917
0.37297
0.59447
0.80973
0.91290
0.87833
0.48779
0.87744
0.92066
0.50646
0.92248
0.93721
0.57233
0.61172
0.16996
0.09979
0.09411
0.47858
0.49083
0.98286
0.40609
0.60767
0.41881
0.69097
0.27543
0.86745
0.71983
0.62728
0.96123
0.75843
0.22889
0.96112
0.54241
0.77104
0.54223
0.54452
0.44704
0.73828
0.38171
0.18508
0.49656
0.18356
0.52523
0.21315
0.49125
0.85918
0.83652
0.22083
0.58546
0.59893
0.33886
0.59229
0.71850
0.90096
0.90880
0.86873
0.61475
0.30074
0.90172
0.53783
0.42867
0.87622
0.91013
0.29118
0.38942
0.31647
0.63727
0.25853
0.70309
0.26354
0.57549
0.74448
0.88381
0.88561
0.24552
0.22557
0.24152
0.19252
0.24039
0.19692
0.96457
0.55401
0.97251
0.63379
0.78897
0.50885
0.47018
0.04117
0.99810
0.60528
0.29913
0.57412
0.79473
0.07848
0.42205
0.53212
0.74425
0.81420
0.33018
0.93488
0.62747
0.40113
0.33033
0.17816
0.41213
0.44101
0.19420
0.49873
0.26688
0.71716
0.32685
0.71070
0.68429
0.40198
0.68169
0.91528
0.90645
0.15435
0.72269
0.59710
0.01034
0.67315
0.99586
0.89355
0.29071
0.97891
0.87688
0.60135
0.18206
0.95421
0.92599
0.61212
0.18438
0.25919
0.57064
0.27367
0.12466
0.04548
0.64596
0.74059
0.57829
0.08268
0.89003
0.29783
0.40646
0.63250
0.45491
0.57944
0.40282
0.55573
0.61240
0.97616
0.86330
0.54191
0.56424
0.37071
0.40814
0.75464
0.60864
0.07412
0.14374
0.34413
0.68654
0.63031
0.13336
0.02369
0.34579
0.72268
0.94766
0.63560
0.77667
0.06724
0.68434
0.27946
0.56642
0.25366
0.00858
0.94687
0.12790
0.61572
0.75109
0.59498
0.09732
0.50073
0.19073
0.23733
0.27293
0.80569
0.12901
0.90305
0.56529
0.54703
0.84568
0.63318
0.66139
0.81064
0.94591
0.79184
0.47645
0.27528
0.83381
0.48605
0.32916
0.53762
0.86439
0.57429
0.32146
0.35492
0.92882
0.84506
0.52853
0.33934
0.35052
0.30898
0.98094
0.95995
0.80659
0.58172
0.12265
0.48145
0.13340
0.56072
0.89627
0.85259
0.62917
0.07022
0.72428
0.32219
0.57185
0.19903
0.80700
0.76185
0.95434
0.90603
0.59594
0.76922
0.04918
0.53554
0.47977
0.30776
0.61694
0.49417
0.73881
0.35926
0.85425
0.84883
0.88634
0.08355
0.34899
0.00848
0.61300
0.95155
0.33639
0.00925
0.17514
0.03245
0.14295
0.32449
0.75055
0.58771
0.07272
0.83603
0.72276
0.33287
0.12930
0.61633
0.14569
0.01198
0.79148
0.87786
0.36578
0.79268
0.07451
0.22005
0.29956
0.21456
0.65698
0.82811
0.63198
0.20219
0.37626
0.77585
0.86385
0.52869
0.33885
0.85083
0.54453
0.93037
0.07029
0.35287
0.40610
0.37377
0.80489
0.69507
0.13052
0.91873
0.42025
0.73160
0.21617
0.85772
0.74612
0.85112
0.40442
0.94858
0.19637
0.30836
0.29271
0.99911
0.34912
0.24847
0.15403
0.20573
0.56817
0.37144
0.08785
0.09468
0.53765
0.94513
0.92489
0.66780
0.89316
0.88723
0.87048
0.36191
0.09488
0.09718
0.41118
0.49441
0.89011
0.16256
0.60178
0.19173
0.22107
0.72080
0.37570
0.93853
0.49213
0.92881
0.16090
0.59374
0.81772
0.38137
0.83054
0.91112
0.37103
0.41208
0.38518
0.63968
0.76321
0.73031
0.61520
0.11949
0.80454
0.80249
0.62015
0.39932
0.97023
0.51983
0.87497
0.59427
0.07000
0.55404
0.65856
0.57943
0.80913
0.01994
0.15667
0.24438
0.97290
0.27384
0.71667
0.30111
0.89568
0.14496
0.65793
0.95407
0.25904
0.87205
0.86417
0.61187
0.47447
0.58913
0.59229
0.54375
0.88667
0.25197
0.31276
0.13154
0.10343
0.02673
0.08996
0.50560
0.02392
0.91558
0.72324
0.04569
0.56195
0.14218
0.76275
0.02848
0.88502
0.59011
0.99352
0.02657
0.64161
0.47760
0.76812
0.26298
0.80904
0.03835
0.06791
0.20460
0.95966
0.73732
0.68279
0.36526
0.30975
0.25179
0.49279
0.93203
0.20809
0.25493
0.30416
0.31219
0.76952
0.67206
0.47804
0.86523
0.08012
0.01262
0.74607
0.81840
0.81396
0.96530
0.13956
0.61279
0.69924
0.54306
0.98089
0.06937
0.83892
0.45294
0.47077
0.97652
0.75638
0.78634
0.33202
0.78291
0.14237
0.69363
0.23117
0.94266
0.26662
0.58890
0.70885
0.10304
0.66005
0.04054
0.58869
0.66546
0.31255
0.14891
0.41175
0.23210
0.63175
0.68523
0.65783
0.17180
0.22488
0.49545
0.11290
0.22684
0.15057
0.37639
0.03612
0.26947
0.44501
0.43676
0.41880
0.18079
0.30904
0.07410
0.19987
0.95455
0.01342
0.97218
0.33135
0.81100
0.58242
0.07806
0.25201
0.36805
0.19792
0.23870
0.42805
0.63479
0.91742
0.96959
0.58168
0.39062
0.13215
0.80366
0.73155
0.57241
0.04509
0.43845
0.44427
0.78612
0.00418
0.66454
0.90629
0.27190
0.12101
0.89161
0.35249
0.64900
0.83017
0.51720
0.59843
0.97444
0.41637
0.52004
0.19118
0.62874
0.63114
0.37149
0.33037
0.75123
0.12843
0.96836
0.87858
0.21769
0.61214
0.97289
0.90698
0.28057
0.72419
0.79191
0.36099
0.86197
0.56607
0.08421
0.31416
0.15026
0.73920
0.03267
0.41398
0.13950
0.19404
0.65373
0.10316
0.83236
0.70079
0.73147
0.32385
0.17155
0.62569
0.45315
0.67661
0.48627
0.62800
0.17890
0.93381
0.28963
0.35908
0.51643
0.72551
0.19533
0.13109
0.51317
0.15006
0.96449
0.96284
0.75677
0.60191
0.76180
0.42818
0.37125
0.89850
0.70338
0.99684
0.16709
0.61517
0.47895
0.33802
0.34846
0.78193
0.21686
0.26372
0.60088
0.00842
0.72201
0.63117
0.46637
0.45204
0.05656
0.30644
0.00698
0.47591
0.42522
0.38674
0.50517
0.30115
0.43578
0.17075
0.18085
0.97561
0.69346
0.53920
0.15192
0.53175
0.46892
0.23559
0.47195
0.76894
0.38417
0.12225
0.14644
0.00854
0.80565
0.74071
0.59399
0.28004
0.50870
0.06267
0.70037
0.52989
0.45235
0.52949
0.27476
0.12257
0.77183
0.29058
0.11540
0.97353
0.99736
0.93948
0.38327
0.07480
0.61957
0.83220
0.52642
0.55352
0.66825
0.17798
0.52999
0.48015
0.88541
0.22605
0.79215
0.40897
0.34657
0.12207
0.16987
0.59170
0.90441
0.49337
0.40403
0.87802
0.12442
0.36943
0.39708
0.33687
0.18461
0.79375
0.15540
0.42684
0.10026
0.36389
0.88420
0.34586
0.89911
0.43668
0.21946
0.11206
0.53643
0.39952
0.85141
0.72468
0.70129
0.88247
0.16641
0.21484
0.68775
0.29761
0.83112
0.06846
0.07352
0.28135
0.44798
0.11185
0.34613
0.89150
0.20002
0.11679
0.76050
0.40324
0.32630
0.52673
0.84426
0.85090
0.35705
0.29682
0.24317
0.34432
0.20634
0.51334
0.03255
0.77518
0.16074
0.93027
0.59017
0.68559
0.15129
0.70809
0.72173
0.86009
0.78619
0.33649
0.50325
0.87134
0.28994
0.47774
0.69560
0.85015
0.61115
0.10235
0.87353
0.13216
0.26320
0.63756
0.03777
0.26292
0.19216
0.36105
0.75935
0.96579
0.90245
0.80418
0.06327
0.99873
0.17163
0.27884
0.18806
0.82030
0.05472
0.12408
0.02451
0.03826
0.27365
0.82324
0.39171
0.19123
0.83174
0.30617
0.92198
0.21959
0.47204
0.54006
0.45872
0.94414
0.53461
0.39671
0.41859
0.41976
0.25754
0.84268
0.09923
0.96466
0.40742
0.83717
0.65032
0.43013
0.23817
0.84038
0.14799
0.02823
0.76269
0.69861
0.12592
0.76888
0.31033
0.36826
0.90130
0.17759
0.52333
0.45783
0.02436
0.24277
0.77041
0.01235
0.88254
0.21902
0.77016
0.27214
0.92744
0.89777
0.12233
0.29686
0.40066
0.65721
0.64688
0.82179
0.39164
0.66804
0.85006
0.08435
0.93896
0.79831
0.64073
0.38790
0.17192
0.48347
0.64976
0.71396
0.16678
0.07657
0.13850
0.39424
0.37752
0.04478
0.14411
0.10426
0.79779
0.51269
0.33910
0.10637
0.10200
0.43883
0.40719
0.47511
0.22817
0.69956
0.16960
0.43914
0.95637
0.52853
0.04376
0.69645
0.97758
0.97017
0.11937
0.99833
0.74164
0.98978
0.37374
0.22751
0.89785
0.66130
0.33743
0.35363
0.47437
0.69269
0.78356
0.08552
0.34984
0.64763
0.73299
0.37679
0.28481
0.55323
0.15739
0.93689
0.07478
0.91487
0.95486
0.88483
0.18114
0.66208
0.71513
0.75844
0.27536
0.70089
0.25091
0.56029
0.12245
0.80045
0.58436
0.60737
0.95670
0.42221
0.99662
0.65501
0.04551
0.63575
0.01646
0.17607
0.86836
0.43805
0.62659
0.39437
0.36454
0.26990
0.88911
0.37730
0.80688
0.50509
0.37629
0.70203
0.69932
0.75040
0.14261
0.86004
0.87469
0.37233
0.64926
0.38096
0.27115
0.12945
0.80146
0.05787
0.29285
0.83350
0.29594
0.08739
0.54054
0.64386
0.64761
0.81769
0.30213
0.30757
0.32866
0.24124
0.60578
0.51465
0.28164
0.04001
0.88668
0.98847
0.03702
0.25462
0.81737
0.26771
0.14390
0.93363
0.65875
0.16653
0.89058
0.32115
0.77245
0.00737
0.57403
0.04909
0.10817
0.88441
0.40159
0.53335
0.62905
0.76521
0.06456
0.61564
0.14801
0.07664
0.00012
0.39596
0.00978
0.92043
0.26634
0.45318
0.82458
0.65537
0.58952
0.45971
0.64053
0.94914
0.06145
0.51195
0.19658
0.71690
0.11525
0.32202
0.01510
0.09958
0.07462
0.45325
0.78114
0.12443
0.57409
0.92154
0.03890
0.59469
0.73358
0.25772
0.87963
0.57738
0.82425
0.38925
0.34482
0.10155
0.54402
0.70676
0.51839
0.49061
0.47841
0.84168
0.59005
0.21968
0.36766
0.10775
0.36792
0.38283
0.71356
0.17316
0.89516
0.19527
0.30045
0.49516
0.44358
0.45956
0.88698
0.10382
0.33078
0.52762
0.74434
0.13160
0.55194
0.80692
0.02273
0.80159
0.97291
0.31439
0.47698
0.21036
0.64798
0.37802
0.71223
0.49273
0.80239
0.34412
0.37519
0.31656
0.27955
0.70332
0.34929
0.77256
0.83727
0.10465
0.25878
0.77954
0.30816
0.44668
0.94567
0.91820
0.87666
0.36927
0.28046
0.59247
0.82423
0.70584
0.18472
0.87137
0.11302
0.66304
0.91507
0.18635
0.25527
0.58195
0.50882
0.06578
0.27710
0.73701
0.40725
0.17601
0.48621
0.64288
0.73748
0.25402
0.87195
0.67748
0.01430
0.41058
0.47884
0.44747
0.40078
0.83896
0.75866
0.20859
0.87153
0.25689
0.66356
0.27358
0.25399
0.46214
0.67376
0.12390
0.58907
0.79725
0.56945
0.36717
0.00027
0.41176
0.79939
0.53514
0.83554
0.41133
0.11735
0.20371
0.76871
0.72729
0.35697
0.13053
0.99596
0.86885
0.22316
0.40609
0.25530
0.62061
0.32240
0.70708
0.18196
0.44562
0.66090
0.21815
0.60200
0.97240
0.80479
0.14695
0.52461
0.01262
0.58909
0.70369
0.35115
0.88790
0.47668
0.13077
0.51319
0.55254
0.38425
0.93130
0.63239
0.02179
0.44593
0.21102
0.95789
0.13978
0.18105
0.70131
0.65438
0.61829
0.51812
0.18834
0.17256
0.51921
0.19783
0.55265
0.21785
0.27909
0.27975
0.86261
0.83672
0.02149
0.30200
0.49530
0.23542
0.85524
0.78637
0.44079
0.14833
0.82013
0.38761
0.48787
0.37416
0.15411
0.19713
0.40636
0.33591
0.66774
0.13266
0.10996
0.79990
0.83823
0.46677
0.77723
0.33197
0.16552
0.45046
0.69215
0.40662
0.21186
0.07080
0.38312
0.43287
0.17743
0.44975
0.32221
0.98743
0.03717
0.11511
0.64220
0.83378
0.43954
0.99507
0.44650
0.49766
0.81417
0.12277
0.40361
0.35997
0.24480
0.34544
0.37595
0.73304
0.88940
0.33340
0.16934
0.05539
0.66229
0.49050
0.46462
0.18605
0.45246
0.82672
0.44836
0.36549
0.89083
0.08144
0.97164
0.38855
0.96141
0.79721
0.07920
0.43453
0.16067
0.61246
0.43340
0.71066
0.32502
0.05327
0.23890
0.50524
0.99519
0.50096
0.22782
0.88281
0.12031
0.47178
0.05269
0.40205
0.70004
0.50319
0.18766
0.30620
0.29740
0.55187
0.34390
0.23172
0.90300
0.37727
0.98361
0.81381
0.76056
0.94196
0.36733
0.63423
0.24388
0.19109
0.41104
0.80633
0.71653
0.79695
0.00441
0.57722
0.86979
0.53930
0.51994
0.97329
0.43299
0.91553
0.63716
0.22986
0.20454
0.40155
0.32528
0.68088
0.49656
0.16018
0.60878
0.86215
0.43917
0.45112
0.87037
0.27521
0.76006
0.03489
0.78674
0.49319
0.91719
0.58930
0.01532
0.88930
0.17574
0.65728
0.01226
0.20957
0.45403
0.71245
0.62014
0.95412
0.94148
0.57500
0.30279
0.82470
0.31889
0.69670
0.48487
0.48166
0.00515
0.13824
0.91445
0.52247
0.56739
0.02258
0.81064
0.42132
0.79425
0.19608
0.57876
0.12583
0.50234
0.34027
0.76387
0.19086
0.42791
0.71293
0.95717
0.31813
0.18869
0.33274
0.56435
0.32995
0.10506
0.03814
0.64073
0.85348
0.18443
0.19859
0.02134
0.69928
0.61291
0.44326
0.79923
0.70008
0.18799
0.56775
0.61405
0.91928
0.58088
0.24744
0.67251
0.04727
0.28434
0.08169
0.29861
0.22757
0.49187
0.80926
0.36772
0.12258
0.65586
0.17100
0.73273
0.54875
0.53937
0.07449
0.44558
0.31210
0.10401
0.46610
0.43471
0.08057
0.64558
0.17805
0.11409
0.54712
0.43531
0.85362
0.65726
0.54670
0.94693
0.10933
0.41397
0.08362
0.92966
0.82434
0.23607
0.76085
0.69059
0.24258
0.51757
0.23354
0.85262
0.55699
0.23089
0.49983
0.05127
0.60098
0.91503
0.52863
0.30999
0.12589
0.95749
0.22380
0.81303
0.17792
0.50396
0.15176
0.51452
0.73909
0.39715
0.15005
0.98384
0.84895
0.59579
0.44317
0.79594
0.19610
0.61829
0.41151
0.24082
0.70160
0.73994
0.01972
0.99071
0.60394
0.19845
0.14434
0.62518
0.06499
0.95300
0.06132
0.85084
0.21213
0.75413
0.60394
0.17439
0.81893
0.65450
0.59103
0.95544
0.25448
0.36281
0.18928
0.11461
0.50882
0.04003
0.90233
0.85494
0.11210
0.11455
0.02228
0.22039
0.62835
0.65619
0.01292
0.61012
0.12600
0.94845
0.80997
0.36906
0.90765
0.26103
0.92268
0.74645
0.67893
0.49307
0.61215
0.80691
0.19573
0.91958
0.17123
0.70715
0.80452
0.27648
0.29735
0.93861
0.92903
0.99418
0.19134
0.02304
0.64951
0.04284
0.11425
0.17605
0.57425
0.73039
0.80528
0.51742
0.56491
0.03295
0.09042
0.54715
0.03170
0.83506
0.68355
0.07240
0.78100
0.45864
0.17151
0.00686
0.75205
0.09975
0.22848
0.07238
0.80732
0.80094
0.95502
0.19264
0.32714
0.80814
0.69094
0.27517
0.50302
0.35386
0.60840
0.16324
0.27113
0.34225
0.51890
0.96431
0.13976
0.97131
0.73722
0.23459
0.94167
0.78587
0.84204
0.55573
0.95944
0.21453
0.92593
0.18990
0.29422
0.96526
0.28063
0.26525
0.37485
0.87351
0.40864
0.24072
0.31421
0.43713
0.07536
0.25093
0.77982
0.97463
0.32934
0.35361
0.32669
0.18075
0.01448
0.64737
0.77485
0.49729
0.37719
0.21643
0.01593
0.27316
0.63829
0.49503
0.56527
0.57170
0.77405
0.16034
0.82597
0.94824
0.52815
0.67481
0.11087
0.69448
0.56470
0.75169
0.26628
0.72926
0.99231
0.52574
0.72656
0.63105
0.01584
0.33653
0.22968
0.29592
0.20577
0.43037
0.81496
0.06729
0.87469
0.51967
0.73788
0.49497
0.77164
0.55702
0.37199
0.24421
0.80531
0.93271
0.94561
0.29179
0.03672
0.50406
0.40766
0.10854
0.82909
0.09925
0.03626
0.10312
0.62098
0.68218
0.80064
0.58026
0.65074
0.35429
0.57518
0.14078
0.50675
0.06309
0.02211
0.55111
0.46716
0.04877
0.90134
0.21731
0.36796
0.76870
0.52046
0.35641
0.02778
0.23190
0.03253
0.84918
0.03520
0.34416
0.85907
0.58029
0.85509
0.20716
0.94839
0.29613
0.06618
0.45465
0.53376
0.51836
0.37884
0.59000
0.48159
0.32349
0.43968
0.95176
0.47847
0.61139
0.71719
0.08470
0.51417
0.52845
0.21958
0.03709
0.04727
0.65960
0.65405
0.47792
0.75697
0.81243
0.26850
0.31098
0.22173
0.39194
0.96594
0.99090
0.35503
0.70245
0.17236
0.39997
0.42346
0.41483
0.14958
0.92067
0.74967
0.63675
0.05906
0.91406
0.36489
0.66874
0.81417
0.91825
0.98247
0.96139
0.78232
0.62640
0.79570
0.97421
0.56844
0.86480
0.45875
0.80996
0.98940
0.75833
0.57245
0.69315
0.98626
0.42472
0.76590
0.83751
0.75266
0.00567
0.39197
0.60408
0.67446
0.16165
0.57526
0.95870
0.76970
0.15191
0.03308
0.21022
0.46849
0.17791
0.73897
0.71097
0.11378
0.98564
0.63310
0.59184
0.80151
0.73232
0.96326
0.17217
0.93596
0.81220
0.40595
0.53299
0.82054
0.23012
0.24884
0.14717
0.06957
0.31182
0.46633
0.67750
0.51582
0.76660
0.50585
0.02448
0.76982
0.23528
0.57052
0.97172
0.74641
0.96883
0.30057
0.37661
0.25467
0.03591
0.65701
0.52684
0.81029
0.11311
0.16607
0.54100
0.75460
0.12083
0.45803
0.77544
0.21444
0.06893
0.97387
0.01346
0.36698
0.25281
0.34888
0.93986
0.58180
0.90858
0.06578
0.66382
0.32210
0.12150
0.67756
0.85736
0.78536
0.93530
0.83612
0.77175
0.82543
0.14080
0.05719
0.93958
0.39875
0.41873
0.26778
0.21059
0.44491
0.93050
0.42858
0.19370
0.77087
0.13495
0.66921
0.59771
0.28971
0.69815
0.41460
0.04377
0.79590
0.46891
0.95407
0.29554
0.30964
0.29535
0.65511
0.89626
0.57304
0.50062
0.96341
0.35224
0.19756
0.83759
0.60173
0.07909
0.96397
0.88236
0.99542
0.84379
0.80111
0.61935
0.71775
0.74892
0.50924
0.84994
0.17173
0.33047
0.13632
0.76675
0.95119
0.86486
0.22935
0.36368
0.30276
0.37080
0.22812
0.81282
0.77275
0.58509
0.92690
0.58269
0.80453
0.75072
0.48946
0.61785
0.90380
0.61194
0.11896
0.22432
0.90639
0.32984
0.20101
0.56201
0.88399
0.18155
0.00012
0.87862
0.14276
0.61022
0.98508
0.75355
0.66844
0.29259
0.97163
0.36882
0.65973
0.81792
0.97668
0.84241
0.52737
0.45871
0.72152
0.66425
0.44472
0.87617
0.43318
0.51269
0.79894
0.12047
0.53137
0.26581
0.42471
0.63937
0.23027
0.83792
0.49407
0.28266
0.40557
0.19699
0.98238
0.84927
0.73131
0.12099
0.79248
0.62405
0.49474
0.27940
0.10885
0.32143
0.01802
0.33955
0.97751
0.20427
0.28877
0.05920
0.11660
0.05772
0.07167
0.78016
0.67339
0.18995
0.01634
0.15778
0.32016
0.61100
0.17807
0.32003
0.24298
0.09033
0.83877
0.72988
0.44818
0.96631
0.91881
0.27508
0.17541
0.01415
0.41017
0.21497
0.50783
0.05960
0.49276
0.58505
0.58715
0.28062
0.23428
0.38992
0.87354
0.05384
0.81378
0.24382
0.14455
0.37746
0.43026
0.77604
0.50661
0.49375
0.25382
0.36252
0.08176
0.36126
0.89299
0.50843
0.53008
0.36367
0.29087
0.29700
0.97396
0.88415
0.47603
0.47571
0.76245
0.66068
0.85420
0.80297
0.64071
0.51242
0.18745
0.93119
0.18445
0.78038
0.93329
0.43533
0.30253
0.18870
0.01993
0.53503
0.98204
0.00817
0.94577
0.72108
0.91274
0.64128
0.66610
0.50366
0.80285
0.03839
0.16210
0.20570
0.15141
0.66191
0.42466
0.98381
0.68237
0.05082
0.15635
0.14448
0.37221
0.03281
0.69271
0.12450
0.18117
0.36772
0.78503
0.89087
0.00489
0.67217
0.08780
0.17706
0.66295
0.01676
0.28309
0.96848
0.80964
0.92537
0.52247
0.82195
0.14756
0.72121
0.76329
0.73634
0.00998
0.29283
0.44824
0.15454
0.91337
0.36343
0.81438
0.47388
0.98822
0.41139
0.23112
0.03016
0.25231
0.60832
0.75451
0.57897
0.45262
0.86261
0.65373
0.52803
0.43154
0.61549
0.73018
0.87810
0.94390
0.19076
0.35975
0.11681
0.78576
0.52538
0.21701
0.74237
0.67530
0.95804
0.69952
0.91785
0.58117
0.88926
0.16660
0.36249
0.09225
0.90548
0.93129
0.46672
0.24491
0.60053
0.48970
0.11854
0.33212
0.33976
0.74898
0.68004
0.65801
0.96584
0.09725
0.92429
0.83021
0.15889
0.47161
0.27615
0.34753
0.98356
0.77677
0.46989
0.50172
0.40679
0.88624
0.62078
0.67214
0.93780
0.06319
0.60116
0.25947
0.64098
0.04948
0.61931
0.52389
0.67782
0.56212
0.24795
0.30748
0.44660
0.17510
0.37595
0.05978
0.70052
0.69939
0.45956
0.13626
0.51518
0.97992
0.63624
0.51468
0.88730
0.73956
0.07094
0.44593
0.46478
0.36695
0.21559
0.51643
0.33060
0.41254
0.52898
0.92129
0.25561
0.77427
0.61514
0.00849
0.81746
0.19611
0.61813
0.79069
0.26785
0.21686
0.28182
0.99450
0.06446
0.03541
0.18908
0.62005
0.20991
0.51218
0.90130
0.33902
0.29264
0.71113
0.80467
0.72317
0.73795
0.04353
0.84586
0.71247
0.04842
0.34667
0.42606
0.77231
0.44212
0.49177
0.20713
0.61555
0.33763
0.07450
0.69140
0.02800
0.80380
0.88746
0.87608
0.73886
0.11969
0.79702
0.05102
0.50015
0.16260
0.80457
0.00942
0.80512
0.06555
0.85413
0.04017
0.78150
0.89847
0.04224
0.45275
0.25705
0.92312
0.34800
0.42265
0.74201
0.50035
0.44223
0.22793
0.85423
0.36884
0.79542
0.10904
0.66754
0.96564
0.52942
0.30081
0.51187
0.46049
0.15037
0.73602
0.00423
0.64643
0.57721
0.89408
0.65325
0.18424
0.10675
0.56338
0.35906
0.98757
0.72315
0.51602
0.27103
0.41878
0.11942
0.22013
0.17149
0.21575
0.86787
0.39871
0.22820
0.52435
0.42386
0.26013
0.42537
0.80085
0.97214
0.87101
0.97485
0.34593
0.66353
0.80455
0.27452
0.60403
0.88436
0.68505
0.45808
0.72152
0.00999
0.42954
0.38747
0.83666
0.87752
0.02069
0.93552
0.73211
0.30798
0.43261
0.02711
0.97035
0.07809
0.03859
0.34813
0.65079
0.89760
0.23247
0.51084
0.53190
0.31973
0.17219
0.59344
0.68112
0.21772
0.63553
0.25197
0.97349
0.20170
0.15239
0.59628
0.51607
0.22530
0.45048
0.75940
0.25677
0.55902
0.34866
0.30259
0.97080
0.52458
0.43366
0.09787
0.91250
0.63350
0.90514
0.66560
0.10394
0.65670
0.19426
0.17298
0.84352
0.94131
0.71880
0.67821
0.49734
0.60609
0.46205
0.13863
0.07126
0.30240
0.63652
0.60865
0.48661
0.04819
0.43773
0.61310
0.37579
0.38807
0.17909
0.13759
0.02870
0.10014
0.23658
0.48570
0.36777
0.02836
0.17275
0.78177
0.95603
0.30963
0.42657
0.20293
0.79043
0.86833
0.86164
0.02900
0.65251
0.31228
0.65605
0.48080
0.66862
0.58625
0.00565
0.95446
0.78552
0.46073
0.10062
0.14474
0.31908
0.64480
0.04400
0.69506
0.43462
0.28777
0.77025
0.96967
0.42812
0.52817
0.18378
0.63863
0.94903
0.74249
0.28144
0.85404
0.09923
0.63052
0.44480
0.85452
0.56901
0.42311
0.10868
0.14828
0.52187
0.24682
0.59153
0.92025
0.90826
0.19955
0.52768
0.31591
0.48853
0.45723
0.36814
0.91757
0.66226
0.16262
0.33640
0.13755
0.09481
0.56597
0.45026
0.25560
0.52432
0.06418
0.46144
0.97950
0.73022
0.97592
0.50099
0.59800
0.73639
0.26567
0.65856
0.26753
0.52092
0.99883
0.62904
0.65432
0.70906
0.29598
0.12519
0.52476
0.95038
0.04632
0.19207
0.55052
0.36595
0.45837
0.38280
0.85029
0.91091
0.09318
0.47180
0.88509
0.68789
0.02874
0.54517
0.77767
0.24026
0.90013
0.26228
0.18018
0.71546
0.44272
0.88657
0.14779
0.05910
0.86188
0.77357
0.97662
0.87219
0.62293
0.12876
0.51549
0.30782
0.79668
0.08009
0.51709
0.37181
0.97477
0.01844
0.74135
0.35132
0.66337
0.85740
0.58383
0.07134
0.64971
0.07975
0.52427
0.02067
0.89877
0.20387
0.34080
0.78294
0.64603
0.37633
0.46577
0.44758
0.34041
0.68494
0.05625
0.00286
0.94450
0.29457
0.58212
0.79336
0.83776
0.11176
0.65160
0.41163
0.43142
0.06971
0.67661
0.48617
0.91414
0.28360
0.10073
0.70459
0.48206
0.96575
0.89305
0.70241
0.49376
0.97089
0.91954
0.36702
0.71787
0.62344
0.33881
0.19778
0.53998
0.79597
0.15772
0.40609
0.47932
0.23845
0.98400
0.44720
0.66406
0.36349
0.66455
0.84737
0.18067
0.57991
0.18669
0.15122
0.22005
0.75167
0.94498
0.92205
0.31971
0.98541
0.35238
0.28331
0.88475
0.87640
0.42635
0.58884
0.48315
0.10018
0.85504
0.68843
0.67470
0.72043
0.96467
0.75429
0.14300
0.08089
0.57711
0.37606
0.24911
0.70368
0.34888
0.23275
0.91793
0.81304
0.65426
0.61048
0.70644
0.74239
0.88190
0.74134
0.32040
0.83855
0.37791
0.31149
0.53057
0.28616
0.26138
0.90673
0.93700
0.34986
0.83993
0.52041
0.73369
0.51906
0.52668
0.67014
0.96398
0.42725
0.41574
0.11960
0.29949
0.32480
0.63853
0.49613
0.11009
0.96359
0.33045
0.26470
0.91296
0.35872
0.35035
0.27049
0.16852
0.75948
0.55465
0.65022
0.27253
0.93420
0.15111
0.64313
0.12422
0.71730
0.02589
0.06072
0.52581
0.02395
0.37818
0.34944
0.80621
0.80006
0.32141
0.77667
0.41721
0.67520
0.16161
0.38656
0.62930
0.14658
0.17574
0.76767
0.43876
0.46217
0.53371
0.22964
0.77921
0.53387
0.98427
0.32515
0.02328
0.24364
0.16717
0.72826
0.72770
0.66242
0.78233
0.44970
0.77608
0.28355
0.73598
0.92810
0.52620
0.67381
0.19324
0.68986
0.27373
0.51281
0.97842
0.56698
0.78244
0.31961
0.23854
0.58524
0.81173
0.80351
0.26019
0.92784
0.88540
0.82606
0.33730
0.13878
0.16069
0.56855
0.90618
0.91195
0.44708
0.92563
0.50235
0.54182
0.09277
0.00872
0.39678
0.15177
0.02540
0.93858
0.92783
0.26700
0.85310
0.48084
0.75036
0.12475
0.01411
0.62473
0.87190
0.88941
0.50536
0.82664
0.21390
0.36543
0.16572
0.96202
0.75271
0.63585
0.24271
0.46994
0.31874
0.24786
0.49877
0.45892
0.29810
0.63707
0.43734
0.63540
0.70502
0.28486
0.18115
0.06885
0.30621
0.44966
0.18100
0.14149
0.06724
0.02377
0.91426
0.18905
0.03943
0.62370
0.53573
0.83314
0.85515
0.78487
0.55291
0.02143
0.87459
0.29715
0.93938
0.10195
0.58844
0.20018
0.05481
0.76392
0.49671
0.31512
0.22849
0.79552
0.17880
0.52054
0.33940
0.70729
0.61551
0.78469
0.87149
0.47579
0.65058
0.83355
0.17379
0.46805
0.21031
0.99942
0.43898
0.21335
0.43295
0.90462
0.49068
0.64641
0.13973
0.55779
0.61853
0.71065
0.20047
0.63791
0.77174
0.56094
0.46563
0.79446
0.06212
0.67301
0.85062
0.48447
0.79506
0.42385
0.04017
0.20480
0.99816
0.73963
0.03406
0.80812
0.95347
0.51457
0.56676
0.12006
0.10548
0.44327
0.10422
0.77708
0.28148
0.09265
0.94202
0.62447
0.96207
0.49501
0.22161
0.84217
0.11071
0.54676
0.49725
0.04024
0.88808
0.72637
0.68467
0.35581
0.96378
0.15272
0.69416
0.32307
0.04946
0.45372
0.69145
0.48834
0.65195
0.24482
0.19213
0.60907
0.56752
0.37683
0.14554
0.73235
0.18679
0.40849
0.70274
0.43120
0.70692
0.16599
0.96538
0.08850
0.24889
0.83247
0.23079
0.29977
0.13268
0.24645
0.72621
0.88224
0.78558
0.18399
0.78632
0.53018
0.11756
0.54720
0.71999
0.61896
0.37468
0.14765
0.58519
0.21090
0.59979
0.62310
0.63037
0.03671
0.28324
0.58729
0.36808
0.19051
0.62583
0.81550
0.66876
0.37318
0.92887
0.07775
0.43636
0.21286
0.98693
0.12508
0.44415
0.59110
0.67720
0.68203
0.87206
0.07911
0.02853
0.11214
0.28189
0.61747
0.45964
0.91259
0.75608
0.48477
0.26729
0.35370
0.73623
0.00876
0.50432
0.56499
0.57269
0.31169
0.45841
0.90090
0.71138
0.33873
0.16703
0.61877
0.99776
0.61192
0.38772
0.42112
0.67299
0.97346
0.13346
0.39400
0.66226
0.47695
0.10254
0.65638
0.46241
0.72105
0.42355
0.19917
0.74883
0.22788
0.41384
0.78044
0.52423
0.39265
0.16251
0.07149
0.75665
0.43796
0.08797
0.82714
0.14580
0.97429
0.62444
0.67054
0.78686
0.73222
0.38726
0.33053
0.74863
0.65697
0.98879
0.50831
0.28421
0.56061
0.21753
0.86368
0.60151
0.16436
0.80107
0.60776
0.58132
0.86917
0.03387
0.35389
0.79127
0.41766
0.86524
0.47275
0.77494
0.89859
0.62143
0.72833
0.91689
0.13574
0.82991
0.45653
0.18269
0.22321
0.89509
0.27466
0.83531
0.54241
0.52073
0.01812
0.93948
0.32192
0.87793
0.26632
0.27997
0.42850
0.05709
0.27832
0.85615
0.42115
0.99776
0.60197
0.79140
0.38281
0.94123
0.75627
0.71609
0.17982
0.51983
0.09486
0.06749
0.82678
0.50640
0.35638
0.99088
0.00474
0.54115
0.30843
0.38387
0.91823
0.66413
0.63115
0.81571
0.20279
0.70530
0.83678
0.61843
0.12349
0.04922
0.91066
0.47469
0.63940
0.29107
0.55255
0.68084
0.30840
0.80276
0.26102
0.41616
0.55936
0.62838
0.08344
0.13511
0.97676
0.62551
0.05484
0.29262
0.82535
0.81679
0.15556
0.78712
0.22903
0.25520
0.12251
0.89581
0.97048
0.91993
0.30198
0.58595
0.65891
0.15459
0.18685
0.99873
0.85209
0.34282
0.14400
0.79296
0.33996
0.95469
0.83356
0.76355
0.20524
0.06374
0.21778
0.03878
0.32785
0.00776
0.48580
0.03473
0.17626
0.48172
0.79751
0.92984
0.81591
0.23773
0.13800
0.29149
0.16808
0.84469
0.62516
0.78690
0.59311
0.55681
0.92143
0.19156
0.21768
0.51728
0.60118
0.63909
0.90557
0.94935
0.97623
0.41914
0.40474
0.70834
0.13574
0.45034
0.69880
0.98608
0.29398
0.53223
0.77659
0.82281
0.79477
0.18086
0.97884
0.06049
0.55295
0.79320
0.20486
0.43527
0.61472
0.28703
0.57856
0.61430
0.16150
0.13606
0.31545
0.88329
0.71057
0.60446
0.20052
0.33055
0.12497
0.86185
0.44904
0.65299
0.47883
0.56089
0.98382
0.89328
0.57768
0.78596
0.69933
0.94802
0.55136
0.59946
0.23393
0.26873
0.32578
0.34114
0.32451
0.85772
0.76916
0.74803
0.75696
0.82449
0.77206
0.27863
0.88507
0.35082
0.40170
0.15648
0.51797
0.84366
0.26663
0.30443
0.87545
0.10933
0.56049
0.85023
0.37981
0.66610
0.40651
0.03368
0.53907
0.18926
0.90699
0.04215
0.18688
0.87670
0.51990
0.17436
0.55311
0.17635
0.60344
0.23098
0.79366
0.98462
0.55408
0.50233
0.61532
0.97623
0.15548
0.43993
0.44976
0.42722
0.42418
0.91591
0.22548
0.89037
0.50979
0.41854
0.92106
0.30415
0.71665
0.31474
0.98816
0.67799
0.28652
0.75103
0.82630
0.46668
0.37100
0.09414
0.27850
0.83756
0.78749
0.79895
0.77560
0.43911
0.39085
0.72256
0.86338
0.08081
0.91361
0.65781
0.06605
0.77969
0.66278
0.47726
0.14450
0.71858
0.58107
0.42068
0.41918
0.85673
0.22779
0.82765
0.95490
0.68682
0.25673
0.06578
0.51823
0.42136
0.94451
0.53296
0.07117
0.32045
0.22163
0.53680
0.11229
0.41870
0.89952
0.11081
0.85296
0.28339
0.54583
0.99362
0.22426
0.48415
0.38574
0.61075
0.22301
0.00151
0.58612
0.23840
0.84500
0.91922
0.51048
0.82600
0.19678
0.25750
0.82175
0.01449
0.50367
0.08585
0.25450
0.76853
0.69424
0.19918
0.67470
0.17437
0.06750
0.65500
0.94245
0.72502
0.18182
0.54031
0.04090
0.97015
0.68004
0.96397
0.99906
0.52528
0.10690
0.82864
0.77160
0.99050
0.56979
0.73522
0.25995
0.31458
0.73147
0.91500
0.94509
0.08298
0.19174
0.95292
0.49611
0.51680
0.11625
0.61395
0.65628
0.07429
0.01979
0.22954
0.50603
0.59387
0.61035
0.80927
0.55341
0.81261
0.82396
0.47699
0.26528
0.04364
0.92172
0.72696
0.05631
0.44188
0.76549
0.87430
0.52120
0.64500
0.84463
0.46924
0.54332
0.37100
0.61145
0.03778
0.30627
0.61822
0.97960
0.90355
0.02126
0.15489
0.23267
0.09264
0.67127
0.99454
0.74551
0.99728
0.11074
0.26719
0.52025
0.25981
0.53508
0.83418
0.18144
0.40282
0.34260
0.20588
0.17797
0.06483
0.17510
0.58355
0.39909
0.56849
0.37661
0.59748
0.21461
0.50568
0.16293
0.31960
0.29061
0.76043
0.57662
0.30897
0.61799
0.55300
0.16328
0.80008
0.43753
0.95082
0.10140
0.78674
0.65637
0.79281
0.76507
0.04952
0.79062
0.15086
0.55886
0.55626
0.03679
0.94141
0.02555
0.98463
0.68150
0.45600
0.13897
0.20771
0.83842
0.41124
0.11844
0.10935
0.52211
0.27845
0.27056
0.38314
0.86675
0.59092
0.66049
0.07353
0.77709
0.36049
0.75915
0.80266
0.51057
0.16478
0.47379
0.26264
0.79015
0.77622
0.88538
0.40253
0.91179
0.32232
0.75436
0.89886
0.67506
0.46586
0.45096
0.24695
0.87395
0.63257
0.91120
0.03599
0.55702
0.08376
0.82106
0.44980
0.72013
0.33074
0.45610
0.50646
0.12363
0.09681
0.14836
0.64839
0.79925
0.14809
0.13691
0.51962
0.00176
0.93164
0.57327
0.59795
0.59614
0.29125
0.27810
0.34435
0.68803
0.46125
0.58278
0.95229
0.89479
0.29979
0.94743
0.70743
0.89100
0.50616
0.64024
0.09067
0.49437
0.04132
0.32817
0.83605
0.36982
0.96480
0.77831
0.78282
0.89481
0.69872
0.73909
0.51254
0.27155
0.16280
0.39585
0.65720
0.35575
0.46089
0.07600
0.34082
0.28395
0.21631
0.43346
0.39157
0.20519
0.39141
0.15083
0.64710
0.49552
0.18738
0.13432
0.67045
0.41647
0.34203
0.10635
0.80678
0.65405
0.08428
0.54601
0.96030
0.74808
0.32894
0.16141
0.90965
0.02881
0.88512
0.21677
0.41290
0.50323
0.38672
0.30010
0.38234
0.25391
0.69262
0.48994
0.54884
0.38694
0.02921
0.27919
0.54057
0.21601
0.50950
0.72534
0.64823
0.43200
0.10765
0.34254
0.87270
0.06663
0.28518
0.58368
0.77801
0.60829
0.28258
0.14632
0.49380
0.13089
0.40469
0.43260
0.58139
0.16183
0.61369
0.23908
0.91883
0.96806
0.46312
0.14578
0.05763
0.55413
0.45219
0.71538
0.53213
0.77773
0.32062
0.91140
0.37337
0.96554
0.67848
0.89521
0.96223
0.35589
0.35084
0.90644
0.69516
0.34449
0.15403
0.23271
0.74115
0.76800
0.82814
0.86745
0.93332
0.14637
0.72852
0.19869
0.87111
0.28332
0.99208
0.26518
0.55914
0.37481
0.64540
0.10967
0.50991
0.81684
0.98396
0.08601
0.90391
0.50410
0.16490
0.10699
0.57748
0.07844
0.73545
0.94052
0.45626
0.87899
0.05224
0.00786
0.40553
0.51246
0.74473
0.69071
0.83177
0.78724
0.72785
0.28434
0.41288
0.27218
0.51387
0.75756
0.17000
0.74266
0.83912
0.90674
0.50924
0.55434
0.39655
0.81744
0.77451
0.88237
0.71393
0.33262
0.89636
0.59808
0.63103
0.30802
0.04460
0.72060
0.13233
0.16400
0.99541
0.09908
0.08669
0.14389
0.29950
0.40929
0.74766
0.96421
0.64963
0.17178
0.05249
0.76536
0.76290
0.27645
0.82612
0.85612
0.21098
0.88027
0.09929
0.15179
0.32553
0.68800
0.16166
0.25737
0.17702
0.48720
0.08690
0.31406
0.24003
0.36094
0.77338
0.22144
0.69759
0.31488
0.35772
0.44730
0.68811
0.27370
0.02569
0.67110
0.50687
0.43879
0.97949
0.06974
0.66687
0.68152
0.05958
0.26439
0.24303
0.41011
0.77235
0.99334
0.71875
0.66966
0.90614
0.35459
0.15960
0.01548
0.13587
0.36688
0.95439
0.38188
0.67233
0.39630
0.58507
0.38307
0.33868
0.49904
0.41977
0.13606
0.79387
0.27372
0.98796
0.45192
0.43626
0.25750
0.35949
0.69671
0.07658
0.95616
0.92736
0.50015
0.62155
0.01070
0.78379
0.77042
0.79373
0.43214
0.73615
0.74166
0.44844
0.76967
0.51613
0.18894
0.53182
0.91658
0.37666
0.19199
0.81664
0.51710
0.90963
0.28585
0.45286
0.91275
0.44818
0.34053
0.53880
0.56408
0.30923
0.11178
0.68873
0.09490
0.76980
0.40810
0.81274
0.23409
0.46983
0.78390
0.37064
0.97865
0.65837
0.38672
0.16662
0.88867
0.93563
0.22366
0.73576
0.89310
0.19746
0.94190
0.12178
0.92474
0.75250
0.62313
0.61506
0.24421
0.27362
0.84288
0.37531
0.17056
0.72576
0.05301
0.37013
0.87266
0.87831
0.09855
0.25884
0.31398
0.83357
0.53609
0.79111
0.08121
0.05759
0.34836
0.23785
0.77574
0.22959
0.43316
0.92787
0.33888
0.41824
0.78225
0.15709
0.70454
0.76411
0.56293
0.73083
0.13754
0.48891
0.85342
0.81903
0.49163
0.65089
0.90313
0.49959
0.64180
0.06627
0.38884
0.05224
0.45157
0.90003
0.02382
0.43090
0.37657
0.02914
0.77419
0.39931
0.95881
0.02369
0.98956
0.17232
0.10576
0.85543
0.54681
0.52944
0.84828
0.93042
0.29638
0.72200
0.56726
0.37028
0.38400
0.44209
0.32897
0.89225
0.15899
0.85470
0.43729
0.64834
0.43906
0.32661
0.47743
0.38783
0.58129
0.02333
0.26131
0.05727
0.31158
0.44730
0.02148
0.70565
0.31115
0.59396
0.05290
0.55458
0.86660
0.11770
0.55113
0.61793
0.73075
0.33120
0.41804
0.65785
0.77781
0.64821
0.36051
0.45350
0.72016
0.93334
0.57381
0.44804
0.58135
0.28825
0.27090
0.02422
0.63483
0.23305
0.34067
0.87065
0.78516
0.19292
0.56891
0.50012
0.89453
0.47506
0.32004
0.38095
0.87046
0.53580
0.02507
0.57694
0.50189
0.28829
0.22128
0.31948
0.19122
0.78477
0.53425
0.30016
0.59833
0.28047
0.70084
0.40869
0.59129
0.44538
0.64448
0.41642
0.63237
0.91907
0.92735
0.45027
0.37202
0.30317
0.38498
0.24537
0.81290
0.97404
0.90837
0.67764
0.31657
0.39703
0.12479
0.40730
0.98521
0.93029
0.63695
0.59831
0.53316
0.39293
0.98263
0.17481
0.00347
0.68248
0.96433
0.78260
0.52310
0.32389
0.62612
0.64511
0.05317
0.84325
0.32823
0.42633
0.56717
0.63617
0.62696
0.55940
0.94794
0.30056
0.99697
0.93098
0.85481
0.61880
0.05832
0.10857
0.32862
0.72472
0.79249
0.18955
0.07957
0.83297
0.48252
0.79721
0.61048
0.88442
0.23197
0.27759
0.37239
0.34355
0.16484
0.39401
0.27358
0.08108
0.50909
0.80114
0.78532
0.73368
0.13994
0.77820
0.89011
0.26778
0.21273
0.10160
0.14320
0.64603
0.89024
0.39081
0.25076
0.73797
0.65594
0.14365
0.69238
0.69616
0.01233
0.38816
0.09819
0.25972
0.03134
0.88400
0.89409
0.55003
0.43977
0.28492
0.55347
0.98080
0.72574
0.98889
0.14655
0.63225
0.39236
0.69918
0.54629
0.77080
0.42446
0.36294
0.23898
0.90596
0.13307
0.13358
0.43948
0.25991
0.18885
0.67747
0.33601
0.19283
0.93794
0.17079
0.56387
0.33883
0.52158
0.08778
0.18878
0.18137
0.71393
0.63456
0.66974
0.40365
0.35505
0.18148
0.87902
0.93892
0.81904
0.24825
0.26817
0.72748
0.69958
0.12698
0.24651
0.68440
0.09081
0.29691
0.17818
0.80802
0.03280
0.40061
0.49639
0.44602
0.53495
0.50638
0.63118
0.12003
0.82037
0.69497
0.38436
0.19093
0.80965
0.23281
0.35911
0.54916
0.84464
0.80725
0.72393
0.63819
0.06508
0.96548
0.10379
0.03347
0.02664
0.40300
0.47462
0.86012
0.23388
0.86775
0.60750
0.09001
0.33809
0.20766
0.70116
0.85562
0.27878
0.65868
0.64122
0.98517
0.73459
0.36017
0.61997
0.84474
0.30272
0.58773
0.76290
0.57959
0.78478
0.03455
0.18343
0.63397
0.20412
0.28202
0.51693
0.69996
0.01946
0.48171
0.54594
0.42536
0.76200
0.30965
0.97523
0.09418
0.50388
0.58022
0.98991
0.31064
0.78874
0.11695
0.20289
0.04476
0.21666
0.80627
0.15421
0.88614
0.50423
0.85060
0.51104
0.04689
0.66998
0.57981
0.99349
0.29875
0.46259
0.17238
0.50946
0.72020
0.15334
0.91199
0.79328
0.01776
0.78822
0.82644
0.21800
0.77269
0.23165
0.32830
0.22873
0.71165
0.13501
0.47584
0.41221
0.73033
0.68441
0.46516
0.84544
0.61070
0.65538
0.58245
0.75559
0.34264
0.84265
0.97875
0.24051
0.67403
0.68712
0.84356
0.16782
0.49131
0.53459
0.72933
0.29763
0.80775
0.34696
0.10520
0.17865
0.07535
0.93854
0.52638
0.66722
0.75655
0.17923
0.82708
0.11474
0.62962
0.73053
0.82791
0.58118
0.09355
0.79973
0.04314
0.40286
0.64598
0.12080
0.79860
0.32797
0.14254
0.10154
0.55926
0.40791
0.31578
0.89193
0.80100
0.16365
0.45307
0.34133
0.60195
0.68271
0.29977
0.78936
0.18973
0.21001
0.34156
0.72901
0.12809
0.97568
0.45921
0.48040
0.91617
0.77456
0.24199
0.23322
0.91058
0.61708
0.72183
0.42339
0.35508
0.21341
0.21272
0.41147
0.17985
0.24085
0.47443
0.17631
0.33508
0.51585
0.18327
0.20110
0.82186
0.33781
0.92587
0.35136
0.09606
0.25131
0.26803
0.65466
0.16723
0.20031
0.00931
0.53246
0.42436
0.23656
0.65069
0.69379
0.64424
0.18014
0.67400
0.83756
0.51218
0.94672
0.69426
0.35968
0.18546
0.14254
0.65393
0.89219
0.45155
0.85524
0.21504
0.75496
0.05177
0.18041
0.91117
0.82392
0.45640
0.53655
0.14727
0.48063
0.30054
0.21497
0.25855
0.42093
0.96666
0.63109
0.46426
0.57900
0.48190
0.69934
0.84955
0.90107
0.63917
0.17971
0.70713
0.92620
0.24140
0.08743
0.13678
0.87316
0.84917
0.71798
0.89815
0.46668
0.41193
0.37079
0.86864
0.17576
0.96234
0.17933
0.55565
0.62917
0.93580
0.38625
0.01378
0.99149
0.08486
0.06594
0.86321
0.22373
0.86393
0.86719
0.41442
0.12662
0.46138
0.82576
0.96430
0.06747
0.39050
0.28084
0.55474
0.04697
0.40877
0.02665
0.00582
0.58911
0.50965
0.82988
0.77016
0.37296
0.73378
0.30680
0.87412
0.79926
0.10679
0.91856
0.47606
0.13997
0.21582
0.79911
0.42140
0.76515
0.88511
0.10638
0.00989
0.71250
0.19820
0.64344
0.65607
0.27693
0.99653
0.25323
0.39994
0.96130
0.53370
0.45971
0.21081
0.59427
0.88680
0.98374
0.61127
0.31502
0.74483
0.05289
0.54960
0.68779
0.65960
0.06631
0.45913
0.72383
0.42762
0.61798
0.14533
0.52077
0.65224
0.36663
0.89202
0.16856
0.00796
0.63157
0.27497
0.76812
0.28313
0.92975
0.57222
0.77021
0.98277
0.65368
0.34409
0.30113
0.74488
0.89677
0.98866
0.82307
0.13247
0.00926
0.31614
0.45158
0.57962
0.20653
0.56491
0.51078
0.93646
0.67779
0.35770
0.02922
0.30161
0.09143
0.22662
0.96904
0.48514
0.66330
0.40012
0.43707
0.43821
0.43599
0.16262
0.65022
0.27101
0.99877
0.78495
0.78265
0.87936
0.29878
0.79708
0.90652
0.31960
0.51099
0.00815
0.10602
0.51151
0.96752
0.52967
0.85394
0.66429
0.48025
0.49738
0.56517
0.41092
0.63362
0.84947
0.32571
0.92688
0.97500
0.79660
0.07865
0.59270
0.98640
0.04014
0.09851
0.88153
0.88536
0.87431
0.57802
0.70285
0.43360
0.01406
0.28660
0.09733
0.97344
0.51224
0.77907
0.93263
0.32555
0.01313
0.59442
0.82053
0.06810
0.24040
0.46280
0.02750
0.95699
0.64086
0.19081
0.26290
0.89327
0.79142
0.96696
0.23903
0.49311
0.53207
0.45246
0.62939
0.13445
0.63825
0.78631
0.80276
0.41672
0.17023
0.27775
0.11938
0.99840
0.40480
0.67993
0.54800
0.12105
0.67043
0.83765
0.11321
0.36689
0.33825
0.97569
0.62798
0.00419
0.75001
0.77416
0.93363
0.95619
0.39270
0.14900
0.23395
0.32579
0.75434
0.34188
0.90909
0.71237
0.36262
0.07241
0.91512
0.45291
0.20462
0.79849
0.34213
0.90252
0.57657
0.50888
0.22090
0.31630
0.25060
0.24957
0.55261
0.00480
0.95806
0.15855
0.74875
0.78376
0.15537
0.33722
0.80139
0.51317
0.15320
0.56556
0.38284
0.22009
0.71137
0.50677
0.61309
0.77425
0.28982
0.40453
0.69518
0.29077
0.79388
0.84549
0.46337
0.88961
0.07596
0.00304
0.21114
0.84127
0.44512
0.85168
0.75763
0.27262
0.27277
0.67270
0.01436
0.14955
0.88499
0.85770
0.07730
0.72098
0.35553
0.38942
0.31292
0.71098
0.00136
0.91400
0.39095
0.75410
0.35592
0.73131
0.19602
0.30197
0.19189
0.64805
0.02061
0.91072
0.73507
0.33540
0.25167
0.01571
0.57102
0.07536
0.85042
0.09079
0.11163
0.79802
0.87435
0.44591
0.61224
0.16551
0.83870
0.47980
0.56167
0.73559
0.01323
0.44109
0.24843
0.39535
0.78850
0.90619
0.18724
0.74795
0.44819
0.06873
0.71715
0.79654
0.47595
0.21722
0.63580
0.86084
0.04399
0.82820
0.06903
0.76235
0.00785
0.71047
0.92493
0.90989
0.94289
0.46489
0.03037
0.53101
0.68154
0.55055
0.86194
0.15778
0.40170
0.57769
0.79551
0.23172
0.73151
0.27102
0.10286
0.57355
0.10879
0.50910
0.42164
0.98027
0.41414
0.42217
0.49208
0.54830
0.28929
0.81243
0.97017
0.98082
0.16513
0.25733
0.75549
0.18789
0.94513
0.30461
0.71843
0.03225
0.28040
0.18284
0.67408
0.59376
0.41770
0.16568
0.91989
0.64268
0.24164
0.39426
0.78202
0.82361
0.33320
0.05402
0.54007
0.70381
0.17366
0.18490
0.08257
0.67614
0.88780
0.98218
0.39380
0.83124
0.78506
0.79215
0.05600
0.02700
0.47928
0.28075
0.22514
0.10305
0.66447
0.50942
0.62584
0.55441
0.59170
0.97027
0.88896
0.22739
0.33754
0.58304
0.34741
0.60268
0.26489
0.74992
0.62738
0.12465
0.74108
0.53531
0.96058
0.42627
0.52541
0.13621
0.22185
0.50102
0.03942
0.60184
0.79851
0.83908
0.25150
0.89352
0.54884
0.78744
0.80113
0.69245
0.95168
0.76448
0.91228
0.33952
0.75916
0.19478
0.74371
0.68768
0.05992
0.69683
0.01404
0.66110
0.48585
0.90922
0.03604
0.43107
0.12663
0.35134
0.80370
0.31940
0.89730
0.13488
0.18383
0.06132
0.46561
0.21695
0.11328
0.91048
0.95151
0.39981
0.38835
0.26700
0.11809
0.44589
0.30703
0.01631
0.84865
0.48163
0.87001
0.49972
0.10332
0.97539
0.53057
0.02548
0.26480
0.81313
0.32374
0.87032
0.62420
0.03832
0.32233
0.01953
0.82377
0.68276
0.75824
0.64826
0.18321
0.50823
0.41866
0.70549
0.85752
0.81938
0.70211
0.80106
0.54790
0.62152
0.26613
0.33595
0.48872
0.23731
0.25640
0.08098
0.46293
0.25141
0.19575
0.91626
0.10817
0.59231
0.16895
0.36809
0.86715
0.80803
0.75202
0.92532
0.79441
0.08275
0.19322
0.98750
0.36659
0.70914
0.54126
0.93103
0.16409
0.46279
0.46333
0.37254
0.07226
0.03547
0.13506
0.12205
0.94199
0.64151
0.53501
0.16024
0.26473
0.66262
0.09227
0.35003
0.62277
0.99828
0.11115
0.44991
0.07428
0.68414
0.42081
0.79841
0.15910
0.95976
0.18053
0.15372
0.68178
0.20314
0.01370
0.84569
0.28827
0.49754
0.36212
0.12804
0.48953
0.43991
0.40314
0.76836
0.00025
0.03759
0.12466
0.79389
0.48895
0.98330
0.41234
0.95783
0.65696
0.56402
0.48774
0.92254
0.89511
0.53856
0.02331
0.41426
0.78109
0.30273
0.98825
0.18624
0.80028
0.56281
0.70652
0.45683
0.32694
0.67566
0.24263
0.43472
0.69895
0.55447
0.89601
0.07690
0.78170
0.29340
0.88988
0.41809
0.63880
0.11485
0.50186
0.86894
0.65491
0.75140
0.46177
0.20526
0.50578
0.47628
0.05166
0.30387
0.61954
0.81748
0.86479
0.86420
0.98654
0.92631
0.02147
0.39362
0.65471
0.94766
0.83998
0.31672
0.43698
0.92691
0.74320
0.91898
0.44797
0.77726
0.76262
0.90606
0.65690
0.97255
0.05265
0.53839
0.42624
0.41221
0.67753
0.30367
0.63906
0.50178
0.75195
0.88106
0.84726
0.94577
0.48251
0.59399
0.08075
0.00153
0.82689
0.19035
0.03266
0.93265
0.35076
0.02860
0.56004
0.19396
0.83190
0.58245
0.17762
0.78316
0.33960
0.60883
0.41122
0.56135
0.00264
0.12200
0.46858
0.12943
0.74727
0.10009
0.49873
0.71413
0.50835
0.93624
0.83478
0.86229
0.01021
0.34043
0.26769
0.39572
0.50532
0.13476
0.95320
0.88180
0.00783
0.02238
0.56462
0.61785
0.98260
0.86643
0.98295
0.58094
0.76977
0.49592
0.21132
0.16655
0.81528
0.24274
0.01598
0.70501
0.16115
0.15950
0.52020
0.04385
0.68357
0.71176
0.19578
0.47673
0.51406
0.69482
0.64535
0.72292
0.43758
0.56263
0.79709
0.41092
0.28864
0.21974
0.02779
0.14192
0.65612
0.29212
0.20567
0.35460
0.04395
0.25311
0.35750
0.56746
0.53339
0.88851
0.77945
0.75697
0.39064
0.87473
0.17497
0.88890
0.84179
0.74522
0.73605
0.71495
0.35389
0.18384
0.03692
0.94301
0.58086
0.75350
0.24465
0.49209
0.50846
0.61980
0.08443
0.76941
0.14393
0.24038
0.07003
0.15966
0.18674
0.33976
0.90698
0.06728
0.38920
0.78347
0.00225
0.77897
0.70936
0.70101
0.86007
0.77738
0.69570
0.62342
0.27342
0.08621
0.39074
0.56811
0.93411
0.66414
0.86766
0.50771
0.50351
0.35035
0.46085
0.05228
0.87394
0.97524
0.39618
0.88840
0.48160
0.41805
0.31784
0.61467
0.88649
0.26052
0.06619
0.31554
0.28663
0.41065
0.68757
0.95450
0.63843
0.37881
0.39808
0.24109
0.20693
0.37482
0.96598
0.36814
0.88776
0.64324
0.16101
0.17147
0.11987
0.87460
0.35251
0.03320
0.31060
0.43805
0.90475
0.73150
0.90388
0.56402
0.26235
0.75361
0.12166
0.30630
0.65112
0.88535
0.60648
0.25410
0.39843
0.87354
0.10833
0.58552
0.55884
0.88808
0.27087
0.86401
0.99946
0.75649
0.97359
0.96557
0.08386
0.10981
0.50283
0.01496
0.33640
0.35033
0.08669
0.58431
0.72707
0.36404
0.39077
0.46821
0.86679
0.73833
0.66926
0.38289
0.87414
0.01769
0.26137
0.20854
0.83208
0.43317
0.46133
0.14585
0.43878
0.43292
0.17300
0.65325
0.02366
0.53862
0.84341
0.71645
0.80088
0.84841
0.48271
0.03711
0.76537
0.96557
0.39638
0.26000
0.45194
0.35026
0.51336
0.36791
0.91466
0.16294
0.35214
0.52692
0.11041
0.99197
0.12048
0.59597
0.64723
0.55524
0.22962
0.80718
0.76299
0.97083
0.11212
0.17054
0.76253
0.48161
0.95556
0.50838
0.48527
0.42016
0.32798
0.18224
0.72346
0.65843
0.62574
0.34240
0.73360
0.57380
0.13551
0.31071
0.86587
0.58472
0.83787
0.23184
0.33570
0.82321
0.75364
0.88954
0.62603
0.16380
0.39420
0.52878
0.89634
0.42251
0.49876
0.66355
0.91057
0.29471
0.88820
0.02893
0.66064
0.46648
0.19695
0.30182
0.44706
0.47840
0.51780
0.52517
0.10315
0.06156
0.22365
0.32944
0.56419
0.05628
0.92799
0.73577
0.68078
0.57061
0.55640
0.93505
0.48787
0.61224
0.03192
0.17579
0.02520
0.33006
0.40230
0.00356
0.90640
0.53020
0.92318
0.66772
0.47503
0.34816
0.04258
0.72793
0.96374
0.07388
0.65803
0.74803
0.23830
0.74944
0.43962
0.58843
0.98689
0.12752
0.67735
0.50851
0.72082
0.67323
0.60570
0.76614
0.48702
0.21197
0.02058
0.03170
0.28047
0.95725
0.41999
0.21294
0.73158
0.34726
0.91517
0.25345
0.50941
0.42986
0.22497
0.34783
0.91532
0.32440
0.32903
0.04001
0.94199
0.56471
0.90422
0.94888
0.85835
0.98017
0.18474
0.46923
0.48562
0.17419
0.67352
0.24445
0.27270
0.37189
0.53241
0.07836
0.79424
0.01126
0.11849
0.61364
0.72800
0.39918
0.53793
0.34961
0.31335
0.61100
0.56844
0.75486
0.83094
0.96264
0.17574
0.50464
0.67210
0.31753
0.77890
0.44771
0.45259
0.29002
0.50899
0.98125
0.21322
0.51549
0.52424
0.70651
0.61430
0.96969
0.00014
0.93456
0.32896
0.04481
0.26702
0.01845
0.52692
0.54758
0.89993
0.49604
0.91083
0.36094
0.44318
0.34268
0.02487
0.73963
0.30478
0.45839
0.05981
0.81936
0.77650
0.97783
0.70801
0.66858
0.19894
0.25660
0.07429
0.69278
0.83237
0.90343
0.63285
0.53368
0.29840
0.40332
0.51105
0.64104
0.72592
0.58326
0.64589
0.47761
0.81460
0.09653
0.99480
0.89511
0.71907
0.46873
0.05512
0.57136
0.94125
0.18684
0.11761
0.70728
0.13411
0.51883
0.59940
0.19124
0.39741
0.86269
0.06025
0.86772
0.42331
0.43543
0.11172
0.17558
0.26125
0.80325
0.91021
0.40801
0.37047
0.65889
0.15022
0.22071
0.42585
0.66589
0.55203
0.36437
0.13039
0.34829
0.73000
0.39038
0.57420
0.76711
0.83126
0.87531
0.14176
0.34040
0.94707
0.41651
0.16969
0.97140
0.24505
0.60629
0.87455
0.41290
0.90427
0.16143
0.77815
0.74767
0.78337
0.31284
0.57424
0.82950
0.03317
0.96518
0.35309
0.28941
0.21641
0.69630
0.70295
0.70821
0.36830
0.32395
0.81648
0.99733
0.50002
0.44957
0.14220
0.43394
0.96599
0.59518
0.94051
0.20965
0.57790
0.40966
0.96217
0.75137
0.26242
0.35227
0.51881
0.79388
0.54491
0.00957
0.72483
0.46277
0.72474
0.98279
0.01415
0.91434
0.24497
0.31575
0.61461
0.09079
0.48863
0.80811
0.35538
0.04984
0.41995
0.34612
0.90538
0.73317
0.58916
0.97877
0.55513
0.77594
0.26848
0.12023
0.26944
0.55305
0.54601
0.09660
0.92766
0.42421
0.29238
0.89266
0.92184
0.63704
0.91602
0.19299
0.37193
0.93784
0.89039
0.65109
0.61617
0.21677
0.47339
0.72008
0.06905
0.12447
0.51633
0.84784
0.40141
0.87850
0.92643
0.96642
0.13697
0.58315
0.82475
0.11027
0.37411
0.38145
0.14230
0.46117
0.21762
0.58881
0.88066
0.49019
0.77947
0.56309
0.85609
0.55932
0.93380
0.48224
0.05477
0.68019
0.18985
0.01145
0.25281
0.82942
0.46899
0.70391
0.21872
0.18871
0.60368
0.33806
0.97005
0.18257
0.48932
0.68713
0.31074
0.68305
0.92694
0.30924
0.25971
0.79302
0.12011
0.70799
0.69449
0.60117
0.82732
0.29789
0.23463
0.66634
0.91021
0.04571
0.40411
0.99271
0.52782
0.79051
0.71870
0.44060
0.01234
0.93983
0.64241
0.00281
0.44912
0.98100
0.54225
0.21303
0.43170
0.82100
0.62515
0.43031
0.14995
0.70169
0.57701
0.32069
0.15205
0.89490
0.49051
0.20411
0.06655
0.01356
0.22788
0.03321
0.45762
0.06530
0.08840
0.66054
0.08150
0.62499
0.23975
0.43554
0.51407
0.48684
0.74872
0.76130
0.77440
0.86374
0.87608
0.19353
0.46263
0.01397
0.32705
0.28175
0.18132
0.65516
0.81641
0.30953
0.42776
0.75919
0.80936
0.04258
0.29547
0.34882
0.20904
0.86557
0.98103
0.16604
0.03410
0.61873
0.03464
0.20792
0.73055
0.96285
0.81887
0.59369
0.04139
0.04974
0.91756
0.41156
0.93304
0.19748
0.01465
0.08246
0.38659
0.08589
0.40491
0.38093
0.71998
0.85077
0.24599
0.05359
0.52133
0.27129
0.22101
0.03349
0.21899
0.24583
0.74285
0.05487
0.67581
0.89577
0.40405
0.54400
0.35948
0.20297
0.80709
0.10539
0.18769
0.28369
0.70190
0.59816
0.45305
0.48210
0.13420
0.94690
0.90391
0.41048
0.57345
0.72159
0.26374
0.36384
0.61759
0.15454
0.85046
0.48470
0.30568
0.46588
0.05666
0.10733
0.61482
0.44766
0.90810
0.00097
0.01659
0.74529
0.39706
0.54516
0.44582
0.21890
0.78778
0.70210
0.27434
0.41502
0.99019
0.04742
0.99923
0.51524
0.28685
0.98475
0.98513
0.70440
0.99486
0.21277
0.13813
0.56647
0.64297
0.61629
0.59343
0.87300
0.02365
0.98669
0.51401
0.23963
0.99175
0.68868
0.42043
0.32282
0.11373
0.69100
0.48399
0.85238
0.99281
0.95266
0.71195
0.92158
0.69655
0.56383
0.21275
0.90632
0.24554
0.28433
0.67522
0.48517
0.35978
0.35076
0.39763
0.51157
0.18238
0.23479
0.89129
0.88413
0.44622
0.65991
0.59773
0.41184
0.12967
0.91037
0.10854
0.57271
0.94393
0.28888
0.53187
0.92574
0.26663
0.41204
0.43860
0.63513
0.81179
0.84589
0.90469
0.80850
0.18688
0.62610
0.89980
0.26749
0.58048
0.70477
0.77147
0.32871
0.80732
0.90595
0.33154
0.58534
0.33402
0.04720
0.93830
0.38090
0.87927
0.15262
0.35918
0.14566
0.64333
0.66547
0.35879
0.25232
0.69409
0.64805
0.60985
0.64527
0.54480
0.02349
0.70254
0.14431
0.30587
0.15622
0.44569
0.45732
0.22546
0.66184
0.81893
0.84521
0.74821
0.54945
0.91621
0.76031
0.32390
0.88773
0.24849
0.35526
0.73120
0.96256
0.86207
0.48202
0.01499
0.35968
0.31415
0.86307
0.62070
0.23481
0.24930
0.80789
0.77270
0.28593
0.83603
0.02195
0.22374
0.62933
0.25728
0.38689
0.78248
0.89138
0.70983
0.84957
0.64357
0.88630
0.93430
0.59897
0.46427
0.59105
0.65039
0.52727
0.19788
0.49073
0.48074
0.01799
0.53195
0.83647
0.89462
0.53586
0.21190
0.53956
0.91458
0.05426
0.69395
0.37500
0.02230
0.01397
0.26326
0.90037
0.36710
0.86843
0.34931
0.11770
0.40940
0.84578
0.12147
0.00372
0.71584
0.58311
0.34652
0.27438
0.79036
0.35138
0.43952
0.31064
0.09068
0.70187
0.54871
0.37617
0.52971
0.25973
0.37149
0.65888
0.48314
0.92827
0.88677
0.32512
0.45787
0.28109
0.66879
0.82282
0.38158
0.58056
0.28884
0.96063
0.05640
0.50145
0.99089
0.79360
0.35542
0.71404
0.44528
0.74690
0.70153
0.89309
0.52959
0.21151
0.86813
0.12866
0.57303
0.75039
0.55722
0.33793
0.84821
0.05263
0.44919
0.69496
0.21584
0.33537
0.02456
0.38253
0.23109
0.14058
0.17362
0.51245
0.11884
0.24561
0.67257
0.75453
0.06872
0.78925
0.11879
0.22007
0.08088
0.53605
0.15985
0.35222
0.58370
0.80394
0.15124
0.60498
0.94419
0.39352
0.45399
0.03638
0.01907
0.18273
0.99752
0.72037
0.63480
0.49520
0.83854
0.77411
0.55345
0.58307
0.30974
0.58899
0.95615
0.34138
0.66414
0.42359
0.33619
0.14469
0.79440
0.76694
0.06717
0.09837
0.01414
0.03525
0.68449
0.55437
0.93498
0.42430
0.98537
0.30050
0.89456
0.33467
0.31982
0.91943
0.16431
0.41803
0.05048
0.79345
0.49582
0.24127
0.90438
0.15542
0.40626
0.22458
0.04979
0.55791
0.83647
0.96416
0.13227
0.36456
0.60871
0.33228
0.37622
0.66536
0.91719
0.24056
0.37713
0.01830
0.71284
0.23588
0.18803
0.25065
0.92126
0.69746
0.10900
0.21699
0.25853
0.28936
0.26603
0.93230
0.56856
0.17713
0.83458
0.29871
0.93563
0.47201
0.53316
0.44820
0.49725
0.57385
0.66143
0.47952
0.27638
0.47194
0.84650
0.08763
0.47284
0.80136
0.68155
0.95182
0.64054
0.37559
0.39207
0.18055
0.75013
0.06340
0.14121
0.73771
0.95711
0.61438
0.44086
0.63739
0.90816
0.76404
0.82800
0.62630
0.44930
0.75675
0.41120
0.97332
0.85902
0.69641
0.50694
0.64407
0.48506
0.35743
0.55852
0.40300
0.73985
0.94224
0.85414
0.65526
0.56071
0.55598
0.90407
0.14750
0.77031
0.28877
0.25209
0.25582
0.82044
0.91384
0.75983
0.89156
0.22313
0.52246
0.78040
0.37369
0.89386
0.77724
0.87419
0.31265
0.02641
0.39863
0.45934
0.28750
0.39912
0.34714
0.63922
0.86754
0.27786
0.23273
0.50030
0.11367
0.86213
0.24203
0.09175
0.09656
0.13271
0.73028
0.58098
0.76975
0.62199
0.02580
0.20964
0.77335
0.27169
0.62596
0.09997
0.81867
0.80252
0.88035
0.48591
0.45664
0.35514
0.02979
0.36217
0.34869
0.98140
0.98171
0.40146
0.87120
0.04919
0.60959
0.05592
0.78321
0.61438
0.04877
0.97271
0.40027
0.21249
0.35631
0.11958
0.97617
0.17027
0.59877
0.40253
0.54278
0.39544
0.74446
0.76391
0.86390
0.67603
0.35322
0.11330
0.56473
0.43096
0.51188
0.74851
0.00418
0.77019
0.82144
0.42760
0.07197
0.66272
0.03105
0.53421
0.11474
0.46937
0.30494
0.47184
0.10613
0.04239
0.59601
0.32660
0.79443
0.41830
0.95208
0.48130
0.84784
0.07407
0.61731
0.64214
0.39016
0.65721
0.98722
0.60718
0.82759
0.96607
0.54644
0.82527
0.02463
0.97079
0.17637
0.07989
0.75670
0.21937
0.22647
0.81956
0.20802
0.06563
0.45322
0.35128
0.07172
0.22759
0.83893
0.43345
0.31897
0.13589
0.78397
0.48287
0.23785
0.64934
0.29694
0.34529
0.85806
0.07502
0.98839
0.84969
0.90553
0.20013
0.47901
0.58265
0.55901
0.79354
0.95231
0.40611
0.34158
0.67399
0.54301
0.11082
0.50310
0.45974
0.17867
0.25315
0.36961
0.37626
0.44298
0.97309
0.31543
0.14424
0.47597
0.96240
0.73146
0.44621
0.93460
0.92830
0.98910
0.18669
0.71974
0.58578
0.06387
0.40854
0.11900
0.66754
0.49748
0.83425
0.71762
0.43541
0.62439
0.32832
0.94023
0.04673
0.41111
0.87491
0.10110
0.14327
0.31749
0.42374
0.31882
0.90763
0.34728
0.49717
0.99908
0.18076
0.37208
0.40885
0.62186
0.74631
0.89253
0.41220
0.40834
0.41105
0.64856
0.00283
0.38402
0.09023
0.31603
0.57625
0.81883
0.27083
0.27496
0.60190
0.06059
0.91966
0.34433
0.76660
0.13411
0.94713
0.67007
0.02858
0.29170
0.67734
0.67503
0.03515
0.43948
0.26946
0.25220
0.12633
0.21759
0.95752
0.33323
0.72948
0.12775
0.44855
0.22693
0.50349
0.61001
0.24380
0.19254
0.03565
0.80074
0.01568
0.55526
0.33857
0.92564
0.63328
0.89889
0.96564
0.94205
0.05291
0.44330
0.50995
0.45614
0.95714
0.67442
0.11599
0.77526
0.16950
0.70077
0.89650
0.65876
0.56464
0.48350
0.48054
0.92518
0.10391
0.06340
0.19480
0.65299
0.53638
0.68056
0.42003
0.36086
0.13503
0.49563
0.25175
0.39453
0.21170
0.61190
0.36803
0.52155
0.17104
0.64656
0.28306
0.41743
0.98129
0.95454
0.35843
0.87356
0.96731
0.50344
0.23567
0.17307
0.02518
0.40176
0.87708
0.84428
0.56971
0.21359
0.03841
0.46033
0.58808
0.51115
0.35810
0.21402
0.51801
0.19529
0.35834
0.00479
0.20879
0.20855
0.72808
0.26848
0.33426
0.37921
0.69848
0.63214
0.98188
0.85683
0.62395
0.35798
0.29694
0.67941
0.20216
0.81967
0.08566
0.59731
0.22592
0.80677
0.33345
0.18732
0.37506
0.63389
0.33465
0.42059
0.83408
0.12993
0.08644
0.46832
0.14949
0.21185
0.74740
0.40749
0.32939
0.52488
0.98845
0.06893
0.24067
0.28003
0.44131
0.21057
0.55214
0.03708
0.82545
0.06829
0.53313
0.47668
0.26821
0.39588
0.00701
0.45795
0.75476
0.46892
0.91798
0.70686
0.84510
0.49395
0.40183
0.43691
0.53034
0.91225
0.01574
0.46830
0.97345
0.90521
0.84856
0.28555
0.94376
0.67115
0.11800
0.38843
0.12885
0.45077
0.93730
0.27634
0.19540
0.39879
0.90451
0.22810
0.68822
0.04832
0.06385
0.08729
0.57491
0.22899
0.06864
0.89267
0.78782
0.46570
0.62907
0.30694
0.31734
0.75043
0.65227
0.52169
0.74564
0.84852
0.29690
0.78789
0.73035
0.81125
0.42642
0.79519
0.46495
0.58198
0.30964
0.55162
0.04118
0.65316
0.26539
0.34147
0.06214
0.41625
0.73217
0.27440
0.88435
0.42347
0.00224
0.83939
0.36883
0.71447
0.81862
0.87283
0.69295
0.49340
0.69910
0.48867
0.85879
0.55103
0.79160
0.39988
0.33314
0.21045
0.82744
0.50503
0.03730
0.80001
0.24749
0.86065
0.83763
0.55677
0.83491
0.15377
0.73210
0.43284
0.79676
0.53112
0.74399
0.33800
0.50221
0.78915
0.21540
0.78872
0.43643
0.34553
0.94731
0.22757
0.04161
0.17453
0.43964
0.37419
0.29229
0.04063
0.13533
0.66448
0.07336
0.47875
0.04892
0.94590
0.97335
0.24837
0.64254
0.74957
0.70195
0.19530
0.42235
0.53339
0.95198
0.33380
0.03256
0.00441
0.80494
0.48085
0.15855
0.37482
0.55329
0.97737
0.82515
0.12676
0.41811
0.04249
0.65561
0.73146
0.08522
0.85148
0.85903
0.29892
0.49868
0.91081
0.65780
0.62845
0.20572
0.78202
0.14792
0.91950
0.39990
0.25711
0.20322
0.35903
0.20021
0.66743
0.20503
0.85757
0.96462
0.14339
0.95503
0.17844
0.06896
0.75836
0.98890
0.97546
0.21481
0.22458
0.91531
0.22672
0.98863
0.81816
0.14900
0.77826
0.78951
0.53563
0.77623
0.03954
0.81388
0.27441
0.41771
0.52082
0.36277
0.96748
0.22526
0.10263
0.12945
0.61045
0.52961
0.55774
0.38634
0.50416
0.59980
0.68651
0.94848
0.33851
0.74449
0.60251
0.81532
0.82525
0.06500
0.53721
0.23421
0.35672
0.26312
0.78758
0.91279
0.64754
0.10912
0.80794
0.89974
0.50220
0.28048
0.94079
0.11703
0.37713
0.96732
0.27632
0.24355
0.44773
0.25261
0.72745
0.60305
0.81745
0.00005
0.32633
0.69668
0.55276
0.19274
0.15151
0.30171
0.15051
0.67275
0.90555
0.27306
0.39099
0.16156
0.58305
0.00424
0.16229
0.09436
0.63863
0.07449
0.67598
0.44570
0.25182
0.80370
0.81252
0.74439
0.55500
0.83788
0.83137
0.18876
0.23842
0.35156
0.01815
0.34705
0.00032
0.59921
0.51539
0.40058
0.73939
0.06939
0.53869
0.24335
0.07529
0.10233
0.07793
0.98762
0.08580
0.73739
0.30781
0.39003
0.11023
0.38836
0.27373
0.27724
0.60658
0.64630
0.35372
0.76166
0.35059
0.89387
0.56581
0.76691
0.40673
0.26147
0.64803
0.50079
0.43176
0.47193
0.11474
0.92329
0.28625
0.07501
0.89556
0.34923
0.96663
0.40564
0.05726
0.36987
0.60452
0.97559
0.87386
0.03638
0.09809
0.45211
0.37239
0.14490
0.74156
0.29083
0.03310
0.50126
0.71930
0.18655
0.16833
0.66156
0.29249
0.10170
0.44445
0.05580
0.54437
0.04933
0.34522
0.84870
0.19479
0.46889
0.72636
0.68325
0.32476
0.13503
0.47928
0.25192
0.27290
0.10206
0.08349
0.14945
0.25838
0.80881
0.81984
0.21599
0.96306
0.41825
0.07645
0.57616
0.08413
0.98052
0.44218
0.79065
0.13763
0.57161
0.05851
0.47984
0.78109
0.94921
0.80979
0.62105
0.43027
0.87479
0.78890
0.01824
0.48267
0.39181
0.30571
0.05627
0.21153
0.02882
0.49329
0.75230
0.64861
0.16301
0.41671
0.58172
0.42301
0.94530
0.42242
0.78989
0.49806
0.85236
0.52212
0.91901
0.20879
0.06903
0.20327
0.49369
0.89313
0.58243
0.26226
0.90846
0.58769
0.64518
0.32652
0.63929
0.05489
0.49420
0.15748
0.27019
0.26004
0.94491
0.91099
0.15630
0.04036
0.38309
0.09662
0.82138
0.34098
0.36192
0.36963
0.12363
0.33101
0.45698
0.84080
0.56279
0.61042
0.05501
0.92311
0.22074
0.65931
0.51225
0.75781
0.67699
0.54645
0.00431
0.81963
0.74139
0.60148
0.60562
0.80359
0.35021
0.90075
0.96458
0.54145
0.35424
0.43675
0.22517
0.69204
0.94248
0.68922
0.09902
0.09055
0.03404
0.81363
0.75315
0.83586
0.23799
0.22624
0.01201
0.33975
0.55415
0.44288
0.45550
0.46768
0.43539
0.73960
0.99221
0.12758
0.28684
0.08542
0.32116
0.21941
0.90057
0.82148
0.98376
0.50702
0.85382
0.61393
