0.81638
0.77665
0.46868
0.99572
0.95588
0.23628
0.97473
0.18149
0.66753
0.03624
0.85996
0.97423
0.60758
0.89330
0.38039
0.60516
0.99124
0.57427
0.75524
0.63937
0.82491
0.26543
0.15430
0.43223
0.20968
0.58066
0.04642
0.23141
0.69138
0.53674
0.49006
0.79026
0.42302
0.15366
0.85870
0.22738
0.84510
0.96701
0.56178
0.31241
0.14410
0.95595
0.98632
0.36436
0.07298
0.06243
0.79157
0.41794
0.19783
0.53559
0.31993
0.35998
0.28230
0.47403
0.28306
0.19543
0.67632
0.31432
0.58326
0.06564
0.50002
0.20364
0.17562
0.11272
0.37658
0.95303
0.67532
0.54543
0.52485
0.19889
0.62844
0.04003
0.00899
0.58705
0.32053
0.68334
0.46330
0.63993
0.16015
0.51020
0.68048
0.99790
0.52317
0.54914
0.18433
0.83532
0.31251
0.11846
0.52458
0.38958
0.90082
0.23885
0.12772
0.61084
0.04564
0.36677
0.30660
0.28653
0.01510
0.37014
0.75356
0.00729
0.37263
0.96078
0.56622
0.35654
0.38275
0.28298
0.13927
0.54327
0.27778
0.37082
0.96923
0.23707
0.82239
0.30754
0.71580
0.06404
0.02975
0.60809
0.75445
0.09659
0.24487
0.16123
0.47017
0.13516
0.54560
0.16140
0.47554
0.06275
0.68382
0.02528
0.90819
0.33000
0.70525
0.26990
0.72758
0.55243
0.48017
0.52279
0.41493
0.89563
0.87153
0.34509
0.97784
0.56576
0.94843
0.07031
0.33918
0.24458
0.49795
0.82473
0.60978
0.15441
0.06547
0.50252
0.16119
0.78096
0.87292
0.62543
0.13601
0.19070
0.61298
0.49274
0.64876
0.76893
0.87574
0.05102
0.60405
0.93402
0.05744
0.02909
0.47690
0.41255
0.44003
0.64695
0.36024
0.56369
0.92854
0.89830
0.29018
0.39705
0.51836
0.89013
0.73653
0.89829
0.16370
0.11978
0.81015
0.80186
0.66480
0.88368
0.66406
0.57749
0.49478
0.07815
0.89847
0.61736
0.10743
0.43145
0.60785
0.96470
0.63058
0.51541
0.06204
0.72205
0.04006
0.95507
0.56122
0.55211
0.61195
0.76159
0.19037
0.14420
0.95637
0.58115
0.03453
0.15255
0.45997
0.58671
0.80375
0.70119
0.17399
0.03418
0.90440
0.10996
0.25499
0.47539
0.83849
0.09442
0.33473
0.05834
0.77229
0.51009
0.26555
0.27958
0.09271
0.54651
0.88564
0.49985
0.14121
0.64898
0.16260
0.19921
0.00176
0.23076
0.64581
0.33511
0.38511
0.27021
0.21665
0.95572
0.74684
0.11841
0.16983
0.46690
0.24095
0.40032
0.35100
0.33231
0.21500
0.60718
0.79877
0.01178
0.58754
0.46083
0.96520
0.50790
0.56790
0.92428
0.47295
0.40129
0.01264
0.75548
0.24620
0.87819
0.30041
0.78537
0.05771
0.16827
0.26907
0.21308
0.28316
0.97329
0.18113
0.72356
0.46254
0.97343
0.52732
0.59908
0.34638
0.88617
0.78074
0.34197
0.05403
0.25330
0.34242
0.72786
0.37282
0.44313
0.35317
0.38037
0.27988
0.17170
0.08290
0.18184
0.30898
0.71043
0.78261
0.79612
0.70717
0.63851
0.21951
0.48152
0.97846
0.77908
0.97743
0.88439
0.97784
0.95311
0.14343
0.43542
0.76633
0.05958
0.84963
0.49216
0.25492
0.23491
0.11835
0.39855
0.56540
0.21374
0.26357
0.42015
0.47884
0.53846
0.80564
0.83454
0.54558
0.05153
0.93526
0.17258
0.66012
0.74399
0.86176
0.47963
0.91511
0.54695
0.57627
0.28819
0.04685
0.74577
0.43424
0.34999
0.03899
0.11805
0.80923
0.18985
0.86449
0.44367
0.56333
0.39309
0.36789
0.25930
0.30221
0.45053
0.45975
0.28668
0.07529
0.41827
0.57905
0.08461
0.10572
0.81216
0.70648
0.08271
0.06574
0.79229
0.00241
0.30216
0.69303
0.03698
0.97348
0.55068
0.22546
0.70874
0.87008
0.53878
0.00458
0.06601
0.94844
0.69273
0.35737
0.26368
0.96563
0.63471
0.20598
0.57422
0.23382
0.64817
0.53518
0.94073
0.10108
0.49156
0.18956
0.78926
0.64726
0.36623
0.41297
0.20920
0.74348
0.66666
0.79804
0.89876
0.19422
0.88501
0.01316
0.64984
0.35329
0.57543
0.61199
0.70077
0.33127
0.43596
0.78027
0.20088
0.34900
0.64627
0.09876
0.56914
0.28930
0.84416
0.12663
0.18945
0.28237
0.75697
0.38642
0.68222
0.70885
0.67800
0.73567
0.96132
0.36248
0.53849
0.67093
0.86942
0.95379
0.60329
0.15659
0.48093
0.00841
0.68850
0.94985
0.44639
0.37316
0.83489
0.68844
0.62323
0.99272
0.54327
0.17844
0.86783
0.92986
0.79619
0.23446
0.01338
0.07030
0.86077
0.24304
0.54707
0.47341
0.12959
0.16018
0.19252
0.36708
0.75915
0.75139
0.59923
0.36319
0.93863
0.14760
0.06354
0.69902
0.15817
0.11555
0.82156
0.88378
0.74809
0.57923
0.96702
0.44145
0.54676
0.89249
0.12430
0.10332
0.24069
0.37912
0.00723
0.77364
0.63293
0.18593
0.20046
0.13864
0.78980
0.75401
0.51637
0.93083
0.80066
0.25116
0.93235
0.99185
0.02921
0.78659
0.97595
0.31162
0.07263
0.85241
0.66569
0.81371
0.99687
0.93858
0.12304
0.39751
0.76133
0.86877
0.33026
0.48232
0.66242
0.69489
0.07916
0.42386
0.68295
0.96649
0.78886
0.75610
0.41301
0.76741
0.65309
0.29912
0.96404
0.72310
0.06441
0.07374
0.07191
0.60292
0.76265
0.18569
0.80741
0.99216
0.95254
0.64012
0.95852
0.60214
0.76485
0.68609
0.78897
0.21087
0.05836
0.61889
0.07429
0.44117
0.74397
0.69045
0.39810
0.02979
0.80484
0.49000
0.43388
0.17349
0.00894
0.08111
0.72654
0.51281
0.92360
0.20861
0.81370
0.08876
0.20112
0.52392
0.36050
0.61554
0.61292
0.54476
0.84629
0.49034
0.01066
0.53150
0.08599
0.24064
0.85012
0.00329
0.49094
0.69928
0.90354
0.21311
0.51860
0.73859
0.52226
0.29589
0.46834
0.39045
0.28698
0.80918
0.55288
0.92332
0.48975
0.08629
0.11592
0.91721
0.45933
0.28060
0.53810
0.87496
0.62950
0.13800
0.88627
0.51111
0.72433
0.08674
0.94082
0.19407
0.23553
0.34633
0.78024
0.33422
0.33813
0.78580
0.19604
0.63108
0.34458
0.21563
0.07320
0.63892
0.36729
0.57735
0.33985
0.85031
0.45936
0.82567
0.69098
0.66417
0.10714
0.39135
0.27825
0.12774
0.45056
0.96771
0.25697
0.52304
0.98273
0.40026
0.89621
0.56948
0.17743
0.86434
0.09897
0.39672
0.87939
0.25824
0.25018
0.21797
0.37028
0.80847
0.66120
0.66550
0.27656
0.83226
0.30014
0.21234
0.42356
0.16909
0.03492
0.25708
0.15771
0.70180
0.07150
0.73795
0.94296
0.19952
0.78474
0.99305
0.19131
0.56205
0.94899
0.27262
0.04630
0.78589
0.44886
0.91487
0.15805
0.59407
0.27231
0.59163
0.76273
0.26095
0.45656
0.46857
0.15549
0.93320
0.22840
0.64050
0.26886
0.64974
0.73338
0.25441
0.51969
0.72355
0.14793
0.57150
0.90969
0.96053
0.43636
0.70677
0.68148
0.69455
0.76442
0.50980
0.42184
0.08565
0.63373
0.34846
0.25940
0.10675
0.70607
0.10811
0.87797
0.81736
0.49365
0.02782
0.30495
0.97701
0.22333
0.31979
0.68945
0.94454
0.02809
0.41384
0.04705
0.91968
0.50878
0.32738
0.60359
0.78138
0.87654
0.70160
0.65509
0.93080
0.98699
0.46228
0.26385
0.57324
0.78994
0.72988
0.85657
0.96340
0.78962
0.93531
0.95822
0.69504
0.52568
0.99540
0.43523
0.83269
0.55605
0.44045
0.47393
0.55595
0.28880
0.74622
0.71881
0.90753
0.37523
0.82294
0.01327
0.21243
0.00455
0.02210
0.27472
0.35046
0.28745
0.99644
0.10358
0.74518
0.44638
0.08495
0.40079
0.54299
0.04046
0.08595
0.39096
0.36022
0.77068
0.95856
0.02897
0.56799
0.03736
0.34060
0.10805
0.66065
0.38384
0.48074
0.19318
0.93130
0.74731
0.87901
0.24869
0.95678
0.36053
0.20326
0.95895
0.14103
0.53873
0.13279
0.86867
0.19423
0.79590
0.01939
0.88830
0.15415
0.76708
0.66985
0.27251
0.65635
0.00951
0.61209
0.33542
0.40671
0.10570
0.30974
0.56876
0.74598
0.86372
0.73168
0.82551
0.03777
0.09246
0.80205
0.63053
0.60026
0.69339
0.27227
0.20528
0.27446
0.73982
0.71054
0.15341
0.19858
0.43876
0.23063
0.32122
0.84514
0.44347
0.70337
0.41903
0.54620
0.41595
0.50552
0.15166
0.35067
0.47661
0.07498
0.44713
0.07798
0.76472
0.14954
0.52595
0.19812
0.60960
0.20186
0.54507
0.23608
0.70720
0.27956
0.48080
0.06911
0.61350
0.76427
0.82381
0.78860
0.52186
0.52796
0.18843
0.31799
0.85703
0.31206
0.05567
0.18199
0.61954
0.20333
0.64432
0.70109
0.87158
0.21378
0.11476
0.70979
0.76502
0.30765
0.22114
0.24763
0.37428
0.20364
0.67898
0.45398
0.99906
0.34870
0.74034
0.66248
0.18836
0.45414
0.08715
0.29079
0.17280
0.92704
0.24203
0.37211
0.14615
0.11850
0.53493
0.16220
0.52231
0.80678
0.09404
0.87886
0.65035
0.74527
0.00968
0.45297
0.68797
0.54097
0.01654
0.46677
0.70725
0.11376
0.72434
0.18003
0.66377
0.01758
0.92698
0.48032
0.49286
0.44473
0.03292
0.86412
0.00487
0.20017
0.66828
0.98297
0.84652
0.24871
0.17760
0.47669
0.51658
0.10705
0.66860
0.16953
0.05232
0.10609
0.51448
0.96432
0.99916
0.26200
0.22656
0.17922
0.52815
0.63638
0.38967
0.39908
0.66353
0.70021
0.88342
0.41777
0.97320
0.37266
0.47963
0.38110
0.93453
0.74399
0.87120
0.88527
0.36861
0.36847
0.96844
0.91826
0.01145
0.94117
0.10831
0.78138
0.59801
0.93959
0.63751
0.29247
0.27414
0.11002
0.27745
0.99184
0.79786
0.86733
0.26948
0.47195
0.78051
0.71640
0.93204
0.14223
0.72773
0.47082
0.92062
0.44408
0.80823
0.74020
0.97080
0.74165
0.58675
0.15477
0.10630
0.73596
0.84656
0.73149
0.32944
0.05721
0.51547
0.43300
0.42685
0.97474
0.85030
0.63338
0.25386
0.32223
0.83437
0.06007
0.97149
0.93657
0.00234
0.64211
0.52960
0.15009
0.78806
0.99365
0.49063
0.08166
0.02439
0.08016
0.70787
0.05139
0.33387
0.44085
0.83383
0.41141
0.20704
0.07704
0.18790
0.02028
0.28562
0.34523
0.58761
0.64050
0.78551
0.44548
0.71586
0.13241
0.62095
0.71204
0.51439
0.45166
0.33385
0.68922
0.02830
0.13646
0.94831
0.67073
0.37420
0.92973
0.38764
0.87375
0.31280
0.80615
0.65384
0.59501
0.70920
0.51960
0.89160
0.84304
0.46426
0.42408
0.22093
0.10453
0.10888
0.37726
0.46914
0.56167
0.06571
0.81454
0.32986
0.58067
0.74751
0.27999
0.65684
0.71648
0.74482
0.87651
0.55826
0.59749
0.21173
0.54046
0.10206
0.69163
0.81519
0.57824
0.10005
0.27241
0.47269
0.74448
0.03015
0.72446
0.71991
0.16584
0.27177
0.24079
0.96893
0.38355
0.43916
0.94366
0.73746
0.74707
0.20952
0.77719
0.21212
0.16495
0.03757
0.49697
0.61221
0.94188
0.63458
0.83901
0.94462
0.31225
0.22112
0.15471
0.24068
0.13428
0.64124
0.35898
0.31009
0.51455
0.94675
0.39069
0.85727
0.08331
0.17105
0.71830
0.71339
0.81552
0.87746
0.03004
0.29978
0.13839
0.83969
0.61234
0.99324
0.63944
0.86955
0.90192
0.79765
0.47204
0.64576
0.21175
0.76479
0.46562
0.73363
0.36488
0.91859
0.39578
0.51676
0.31637
0.45572
0.21128
0.76402
0.54035
0.84898
0.11729
0.81178
0.42699
0.32417
0.57264
0.02270
0.64762
0.65699
0.94538
0.95360
0.68052
0.27889
0.94101
0.70307
0.53097
0.69055
0.78195
0.05121
0.24327
0.31204
0.17535
0.17206
0.79674
0.78159
0.00696
0.05700
0.29494
0.11354
0.61472
0.87694
0.64569
0.73279
0.35870
0.75509
0.61861
0.09372
0.75279
0.53005
0.11958
0.79159
0.73327
0.16011
0.84797
0.42241
0.85826
0.19306
0.94853
0.46960
0.90009
0.56473
0.25811
0.66490
0.62923
0.49881
0.28266
0.72097
0.20051
0.43244
0.95902
0.98506
0.15704
0.04750
0.41911
0.45735
0.36622
0.40092
0.75308
0.21677
0.31324
0.16307
0.80680
0.32019
0.91014
0.28283
0.53438
0.74998
0.64047
0.66097
0.94160
0.22623
0.04515
0.74259
0.88386
0.88051
0.60319
0.58046
0.67705
0.85216
0.29170
0.81531
0.31796
0.86323
0.87426
0.02534
0.98415
0.55079
0.82256
0.42012
0.34695
0.70892
0.61754
0.22737
0.66721
0.49765
0.43802
0.06639
0.07677
0.50842
0.93792
0.94130
0.58858
0.80379
0.12770
0.70509
0.14911
0.31636
0.70818
0.30012
0.73827
0.46097
0.40132
0.68748
0.23326
0.16674
0.30497
0.52180
0.76352
0.36850
0.69217
0.13112
0.50049
0.90501
0.21904
0.89947
0.49855
0.72665
0.86954
0.58727
0.38422
0.98768
0.62904
0.87890
0.70392
0.39246
0.12441
0.22122
0.87774
0.88378
0.56740
0.91199
0.85711
0.36576
0.78088
0.13869
0.87170
0.76692
0.25913
0.62803
0.29100
0.49127
0.93079
0.59804
0.47056
0.85002
0.58990
0.22273
0.27977
0.21815
0.33768
0.66074
0.14565
0.93734
0.87359
0.31163
0.60010
0.06324
0.35517
0.27747
0.86817
0.52599
0.83533
0.37627
0.35416
0.97974
0.67137
0.59123
0.87767
0.95862
0.84178
0.23815
0.45332
0.19729
0.58255
0.54260
0.83157
0.04349
0.63650
0.57597
0.70038
0.78517
0.56082
0.57674
0.45019
0.59975
0.92206
0.02741
0.61763
0.07215
0.68191
0.23700
0.24828
0.98123
0.74485
0.09948
0.66799
0.97644
0.20917
0.06203
0.33772
0.82867
0.11217
0.52620
0.20769
0.53075
0.17336
0.20937
0.14407
0.06308
0.92826
0.71336
0.30751
0.40374
0.61608
0.35632
0.98146
0.79918
0.18137
0.83916
0.48420
0.60152
0.19763
0.91053
0.10830
0.75113
0.90416
0.46067
0.31192
0.34251
0.10191
0.47565
0.47902
0.93658
0.02367
0.19594
0.57110
0.43270
0.01985
0.86826
0.84345
0.20729
0.80512
0.30026
0.12379
0.78220
0.68623
0.02832
0.34490
0.67347
0.62957
0.07570
0.34435
0.78227
0.70476
0.99233
0.67023
0.10711
0.94961
0.14996
0.53808
0.14926
0.95126
0.99835
0.87826
0.01691
0.59447
0.94406
0.38106
0.42432
0.09993
0.86177
0.05795
0.29029
0.64632
0.22962
0.32703
0.70995
0.62181
0.74158
0.37089
0.31405
0.67672
0.76551
0.92880
0.37630
0.40881
0.35876
0.17916
0.57059
0.64847
0.20795
0.75349
0.26383
0.33055
0.61544
0.45595
0.13148
0.71647
0.02604
0.40174
0.15375
0.61236
0.24411
0.05294
0.79695
0.56216
0.26971
0.39846
0.59239
0.89757
0.24828
0.25047
0.61394
0.09773
0.67535
0.45192
0.30106
0.45750
0.63160
0.29509
0.44986
0.12666
0.19731
0.67555
0.86873
0.37002
0.04752
0.86824
0.48422
0.59832
0.80310
0.13051
0.67204
0.34343
0.90147
0.77945
0.32467
0.44397
0.29630
0.92936
0.51270
0.21711
0.36004
0.68945
0.61674
0.96189
0.48749
0.57238
0.91221
0.52898
0.48964
0.39143
0.46365
0.92374
0.63167
0.29250
0.80860
0.35157
0.99961
0.40348
0.36872
0.82448
0.68623
0.01678
0.55159
0.74121
0.01305
0.44674
0.07791
0.93690
0.49709
0.39599
0.08832
0.85649
0.00205
0.47018
0.62429
0.03481
0.25940
0.05570
0.36168
0.92109
0.39855
0.83232
0.44635
0.02564
0.46661
0.80880
0.11012
0.83831
0.75348
0.92253
0.01150
0.62085
0.93895
0.22869
0.80517
0.54937
0.27317
0.66709
0.09170
0.30453
0.31118
0.64010
0.08413
0.99380
0.72508
0.05896
0.23488
0.29527
0.50208
0.96093
0.82162
0.87654
0.40419
0.40548
0.77315
0.75172
0.80528
0.31148
0.90588
0.86996
0.96945
0.25546
0.79251
0.83920
0.43487
0.00047
0.14542
0.72785
0.53372
0.79434
0.08551
0.49141
0.40020
0.86096
0.06234
0.45401
0.74087
0.23608
0.71810
0.39952
0.78465
0.39272
0.78180
0.59880
0.23097
0.13318
0.48046
0.65287
0.83233
0.48179
0.86871
0.43341
0.75749
0.92839
0.51689
0.67400
0.82717
0.68283
0.77967
0.75459
0.88390
0.43701
0.10596
0.31474
0.79725
0.50414
0.61560
0.87251
0.59081
0.38060
0.09857
0.09742
0.77918
0.95754
0.77930
0.83612
0.80388
0.56220
0.36738
0.14974
0.31528
0.89128
0.22355
0.10437
0.86742
0.12547
0.40692
0.87615
0.02498
0.05046
0.51043
0.46325
0.89153
0.22983
0.33389
0.98315
0.37611
0.51078
0.92012
0.69011
0.82996
0.19679
0.01206
0.81486
0.01422
0.41422
0.63669
0.63448
0.34537
0.04074
0.35234
0.43457
0.50198
0.31536
0.77161
0.63859
0.12489
0.33572
0.36970
0.92089
0.57445
0.27666
0.17885
0.20136
0.84935
0.43643
0.75532
0.20120
0.46921
0.81927
0.75908
0.89017
0.96547
0.54897
0.76558
0.91817
0.69987
0.01617
0.52168
0.06293
0.96830
0.01698
0.88530
0.84602
0.10143
0.11929
0.60081
0.48448
0.27449
0.59858
0.93028
0.50910
0.29278
0.87600
0.60192
0.18924
0.20071
0.27158
0.54867
0.79321
0.05473
0.01041
0.63225
0.90219
0.87871
0.59753
0.71573
0.35641
0.87568
0.63356
0.48840
0.55744
0.33716
0.17803
0.93287
0.05618
0.01408
0.33639
0.60511
0.22234
0.15603
0.96020
0.18580
0.14441
0.19865
0.82937
0.48730
0.32916
0.57740
0.49786
0.57374
0.39796
0.93067
0.12187
0.82307
0.92778
0.82462
0.45322
0.46293
0.32784
0.85636
0.60004
0.87411
0.81744
0.23284
0.35681
0.34537
0.58598
0.10672
0.56071
0.71102
0.28605
0.86180
0.15254
0.38159
0.71888
0.64676
0.46792
0.67328
0.58968
0.01582
0.14511
0.38444
0.40037
0.78663
0.61963
0.77209
0.30328
0.89835
0.22216
0.33234
0.98255
0.40075
0.24149
0.25168
0.89126
0.84358
0.71414
0.60523
0.03279
0.88403
0.54091
0.44785
0.71095
0.36697
0.67924
0.63826
0.39668
0.55585
0.83992
0.94046
0.48560
0.41772
0.91000
0.80093
0.15141
0.59598
0.13671
0.31888
0.50362
0.60036
0.59631
0.54978
0.87971
0.94492
0.18251
0.21301
0.56671
0.06447
0.34041
0.37673
0.70531
0.13308
0.83410
0.43223
0.34545
0.40160
0.83130
0.80639
0.14053
0.75939
0.65193
0.39481
0.61771
0.51910
0.74558
0.05835
0.42897
0.23450
0.80440
0.49523
0.19452
0.12606
0.38295
0.78838
0.18511
0.42357
0.77117
0.86567
0.39748
0.66687
0.92100
0.39227
0.02749
0.48083
0.51049
0.35441
0.42350
0.31043
0.19451
0.98244
0.11031
0.59158
0.30381
0.73845
0.50278
0.18355
0.09605
0.19696
0.34834
0.87129
0.93532
0.92853
0.17157
0.37075
0.23811
0.84143
0.03913
0.68198
0.02479
0.60624
0.81155
0.07595
0.40106
0.76298
0.20089
0.09959
0.26791
0.75956
0.05888
0.52302
0.50127
0.64659
0.36331
0.58459
0.78936
0.04625
0.82363
0.37557
0.86747
0.74548
0.47892
0.93692
0.07889
0.18640
0.52274
0.85946
0.11638
0.92666
0.83633
0.05282
0.71746
0.59711
0.21290
0.06738
0.69596
0.31490
0.64921
0.29610
0.62457
0.89566
0.79463
0.63980
0.63139
0.36426
0.30904
0.45767
0.13569
0.20981
0.12346
0.10538
0.21743
0.99183
0.04156
0.37151
0.17288
0.62478
0.45343
0.08981
0.08012
0.13460
0.96447
0.73982
0.09600
0.83120
0.51516
0.53376
0.12574
0.86186
0.66070
0.89728
0.32325
0.54307
0.67240
0.96000
0.70630
0.40495
0.54706
0.75879
0.97349
0.86556
0.45752
0.00117
0.24374
0.36779
0.06920
0.12231
0.29409
0.04271
0.38366
0.43060
0.96993
0.28064
0.61154
0.86574
0.68457
0.87741
0.44324
0.35208
0.01303
0.77096
0.33638
0.74311
0.71259
0.42576
0.44897
0.22700
0.72392
0.77681
0.77075
0.27273
0.85544
0.65298
0.40144
0.44931
0.50201
0.89906
0.34687
0.89914
0.14222
0.82458
0.62005
0.66383
0.43885
0.34689
0.07297
0.81240
0.66097
0.28768
0.79126
0.17428
0.29798
0.67462
0.78181
0.47416
0.11864
0.07772
0.43143
0.87993
0.61584
0.15773
0.24786
0.47386
0.50838
0.82204
0.47391
0.82708
0.76241
0.85063
0.71400
0.72011
0.74591
0.20680
0.32791
0.42899
0.58169
0.60872
0.55081
0.36554
0.17735
0.55053
0.81005
0.20562
0.20039
0.82440
0.91218
0.92526
0.60430
0.87905
0.22150
0.63624
0.66314
0.98825
0.29229
0.15614
0.09229
0.73923
0.68403
0.41266
0.23315
0.84713
0.31061
0.30123
0.00788
0.07151
0.56376
0.56744
0.92324
0.87365
0.38791
0.11384
0.83293
0.06027
0.44926
0.51831
0.91890
0.24606
0.63050
0.11175
0.86665
0.06028
0.68467
0.79723
0.22703
0.43229
0.12722
0.61883
0.12987
0.72333
0.83064
0.51215
0.35204
0.25008
0.61486
0.50240
0.70661
0.07068
0.85083
0.57983
0.47131
0.53331
0.61629
0.38761
0.52907
0.72532
0.50089
0.60848
0.91353
0.37814
0.77822
0.70300
0.79608
0.88117
0.22408
0.69886
0.34838
0.19567
0.60617
0.02965
0.28961
0.84110
0.66320
0.01496
0.30830
0.19738
0.11642
0.50696
0.95431
0.67570
0.97958
0.91531
0.11619
0.97471
0.84506
0.61984
0.81797
0.40190
0.66895
0.66857
0.94342
0.83528
0.96062
0.75759
0.33544
0.38375
0.31027
0.38045
0.41387
0.64251
0.83706
0.57916
0.80628
0.69565
0.01751
0.12729
0.68737
0.91886
0.15936
0.83995
0.64784
0.39870
0.74397
0.58906
0.25461
0.16470
0.77937
0.11289
0.00621
0.11650
0.84361
0.31387
0.89715
0.36118
0.36641
0.51192
0.29308
0.86803
0.89033
0.27933
0.62514
0.52677
0.51280
0.19393
0.65187
0.75214
0.13078
0.89299
0.08846
0.51484
0.60919
0.88951
0.53855
0.21228
0.46636
0.04646
0.38905
0.58054
0.63564
0.94617
0.51819
0.76611
0.73020
0.05166
0.48452
0.08650
0.37254
0.28068
0.45300
0.49056
0.65569
0.09170
0.62269
0.25174
0.31983
0.34621
0.51148
0.09893
0.96440
0.57904
0.74421
0.91818
0.87244
0.22618
0.26389
0.80656
0.16147
0.31776
0.65971
0.78434
0.94582
0.74587
0.63258
0.84803
0.41652
0.89725
0.50193
0.54804
0.67279
0.83134
0.47699
0.59271
0.57301
0.03005
0.94591
0.54339
0.77157
0.72019
0.86285
0.71635
0.12085
0.86117
0.52826
0.08866
0.09207
0.71570
0.96259
0.15444
0.74150
0.65507
0.63841
0.04186
0.64554
0.69943
0.16876
0.97939
0.97387
0.42126
0.90518
0.25381
0.47368
0.48335
0.93704
0.57485
0.94985
0.68313
0.15384
0.04236
0.23143
0.20713
0.90279
0.67546
0.65883
0.35332
0.38443
0.39924
0.15424
0.42791
0.16005
0.13486
0.67218
0.40284
0.21054
0.05609
0.38528
0.77169
0.94737
0.97131
0.06298
0.93552
0.27433
0.69070
0.61483
0.84608
0.74059
0.16175
0.82028
0.23030
0.21722
0.81263
0.57647
0.87235
0.09108
0.11146
0.73719
0.37676
0.34607
0.81887
0.90734
0.60830
0.25248
0.50007
0.46614
0.03500
0.21048
0.89827
0.23130
0.42041
0.57165
0.76623
0.68909
0.51172
0.38663
0.91755
0.89727
0.90716
0.39892
0.30463
0.67658
0.56106
0.40720
0.48620
0.74432
0.88441
0.30595
0.59214
0.55238
0.86022
0.57201
0.03231
0.20452
0.79121
0.53368
0.77020
0.98643
0.02857
0.96265
0.58460
0.65745
0.17459
0.36950
0.87337
0.74962
0.85712
0.69986
0.99009
0.33354
0.31097
0.17890
0.53673
0.05688
0.34518
0.82572
0.08238
0.12146
0.69492
0.68973
0.00261
0.88856
0.75076
0.63134
0.71470
0.52424
0.84190
0.93895
0.09355
0.29178
0.00539
0.83502
0.46886
0.09169
0.06574
0.57328
0.04825
0.95206
0.12233
0.84314
0.45028
0.07838
0.26575
0.35049
0.78342
0.17156
0.08068
0.18642
0.87168
0.20007
0.49965
0.35750
0.41615
0.04566
0.95164
0.55259
0.22191
0.07928
0.47842
0.77238
0.68272
0.07511
0.00677
0.27112
0.53919
0.27772
0.76800
0.84793
0.74452
0.02365
0.40069
0.65092
0.03302
0.17507
0.19455
0.96303
0.82439
0.68235
0.15618
0.24596
0.11324
0.38428
0.43002
0.52888
0.69302
0.30821
0.59270
0.14351
0.68564
0.01125
0.63116
0.32049
0.63778
0.35400
0.08267
0.36696
0.73550
0.72192
0.33273
0.00791
0.10338
0.79476
0.37745
0.13188
0.69976
0.27739
0.87403
0.90578
0.22628
0.89607
0.92892
0.45729
0.52409
0.73080
0.12200
0.45271
0.03522
0.33431
0.86746
0.41428
0.82107
0.40987
0.81677
0.80628
0.42174
0.86232
0.32594
0.23342
0.32830
0.34985
0.19249
0.78968
0.89697
0.77179
0.81894
0.60611
0.00826
0.09662
0.06937
0.49161
0.19645
0.95562
0.83302
0.70478
0.84417
0.24504
0.29079
0.66987
0.67528
0.42214
0.38447
0.50186
0.36555
0.65995
0.71149
0.53113
0.90576
0.51404
0.32054
0.51263
0.34502
0.01196
0.48025
0.41249
0.57538
0.39198
0.15847
0.80261
0.47603
0.49193
0.44365
0.52899
0.17971
0.18434
0.05561
0.80204
0.20978
0.35930
0.40801
0.71396
0.38583
0.16154
0.14129
0.81289
0.82516
0.58923
0.88008
0.14966
0.35021
0.01311
0.13364
0.25903
0.74909
0.47869
0.48997
0.60091
0.08938
0.23281
0.68802
0.04646
0.87505
0.75431
0.76127
0.19948
0.37049
0.28090
0.08980
0.51993
0.86687
0.70426
0.37959
0.40098
0.10944
0.64459
0.76842
0.45702
0.97832
0.97712
0.15042
0.35080
0.48568
0.17568
0.16422
0.71423
0.50906
0.04205
0.66197
0.33073
0.78216
0.16500
0.77045
0.44840
0.74816
0.82109
0.04824
0.53155
0.84473
0.70449
0.20773
0.37452
0.96993
0.41740
0.47276
0.59894
0.59529
0.65405
0.62373
0.87503
0.98113
0.01076
0.17261
0.99352
0.89028
0.68313
0.54907
0.12875
0.38246
0.22053
0.66631
0.54870
0.59100
0.76529
0.97501
0.61010
0.03976
0.15773
0.50294
0.57387
0.93227
0.46424
0.79201
0.06061
0.28581
0.86796
0.91856
0.99823
0.59971
0.94095
0.48114
0.88290
0.74197
0.58896
0.85035
0.75126
0.36056
0.15421
0.97804
0.43154
0.32200
0.22351
0.41742
0.74083
0.70515
0.13860
0.77889
0.08176
0.67353
0.96595
0.69703
0.14635
0.51383
0.01803
0.11164
0.06608
0.89242
0.34919
0.14244
0.04083
0.01808
0.44812
0.02125
0.44500
0.63983
0.25407
0.88268
0.64759
0.00095
0.75883
0.40931
0.42693
0.70173
0.66671
0.04283
0.41638
0.73382
0.70145
0.30376
0.25016
0.98823
0.62433
0.93143
0.86016
0.60583
0.24371
0.60961
0.25955
0.50973
0.73686
0.29463
0.08797
0.15078
0.31301
0.53581
0.84082
0.62332
0.57721
0.73400
0.91025
0.22554
0.78832
0.76376
0.36743
0.21299
0.22560
0.15348
0.56026
0.95506
0.80029
0.68875
0.28848
0.57028
0.75342
0.83315
0.24383
0.36552
0.45089
0.09483
0.71904
0.92571
0.72026
0.21495
0.26903
0.19740
0.77837
0.06828
0.86722
0.56184
0.06288
0.17744
0.08183
0.90642
0.73596
0.71668
0.42661
0.56379
0.68819
0.40970
0.49603
0.60073
0.63790
0.67087
0.11478
0.36525
0.05493
0.06962
0.06206
0.11364
0.50831
0.28512
0.63184
0.67565
0.69062
0.30503
0.43095
0.49179
0.09209
0.57019
0.78899
0.14042
0.87716
0.94561
0.30356
0.27382
0.85499
0.97046
0.98087
0.97875
0.04956
0.06694
0.78655
0.53616
0.47876
0.65569
0.32064
0.10802
0.12653
0.72291
0.32496
0.65909
0.00020
0.43186
0.32701
0.69695
0.52132
0.05777
0.29899
0.52216
0.01422
0.86008
0.29689
0.60196
0.73152
0.04460
0.24891
0.53036
0.28885
0.05612
0.85636
0.39258
0.95806
0.04332
0.82758
0.56246
0.69080
0.84200
0.17866
0.50590
0.25929
0.85637
0.55650
0.51514
0.40491
0.07515
0.53674
0.34509
0.83044
0.93566
0.36432
0.66818
0.26638
0.16133
0.43848
0.02368
0.18459
0.50334
0.04963
0.47336
0.82579
0.37757
0.91384
0.03377
0.11756
0.48156
0.00506
0.37274
0.63981
0.16420
0.65922
0.56986
0.17484
0.86008
0.81069
0.62944
0.97541
0.97382
0.13569
0.07666
0.85546
0.65493
0.05473
0.39059
0.41011
0.46615
0.63671
0.40366
0.19901
0.77729
0.62352
0.90430
0.96962
0.89570
0.93725
0.14730
0.55119
0.53699
0.41408
0.32245
0.21456
0.75772
0.68400
0.80813
0.16554
0.50320
0.16297
0.26220
0.53365
0.95565
0.69357
0.05106
0.25194
0.86437
0.95477
0.14184
0.01960
0.41666
0.14427
0.01713
0.71264
0.42103
0.04094
0.34124
0.95415
0.35168
0.11205
0.42633
0.33311
0.77453
0.11203
0.24981
0.55606
0.45703
0.49876
0.32671
0.21695
0.71369
0.88610
0.35271
0.83191
0.09441
0.58841
0.85392
0.22181
0.48414
0.83693
0.06623
0.94540
0.40334
0.27695
0.77653
0.73899
0.42202
0.11688
0.92575
0.49651
0.07965
0.44310
0.95242
0.61753
0.71521
0.91189
0.40048
0.45924
0.95737
0.41021
0.90512
0.82950
0.72064
0.52826
0.21881
0.46923
0.12962
0.96122
0.47087
0.70764
0.12491
0.49406
0.94436
0.43489
0.43601
0.80672
0.52091
0.55654
0.45030
0.02844
0.74890
0.34926
0.21242
0.63642
0.22244
0.16774
0.48626
0.53957
0.31705
0.45582
0.57881
0.72143
0.04062
0.08360
0.57858
0.98391
0.22046
0.03341
0.49116
0.87516
0.86152
0.70244
0.19094
0.92310
0.43835
0.62102
0.48197
0.58316
0.66085
0.54602
0.14012
0.37890
0.09415
0.82216
0.03750
0.09864
0.05132
0.24673
0.18708
0.74674
0.94538
0.28172
0.47670
0.78199
0.60724
0.88747
0.50650
0.13844
0.20957
0.05835
0.94332
0.42255
0.53455
0.08475
0.86000
0.61309
0.88724
0.60263
0.72268
0.04808
0.30747
0.22188
0.35012
0.41975
0.08911
0.77325
0.01015
0.03988
0.11035
0.18516
0.27689
0.29710
0.20133
0.38522
0.95262
0.20978
0.26848
0.48216
0.66403
0.46880
0.23824
0.81665
0.16697
0.26044
0.04523
0.46767
0.30587
0.49775
0.06111
0.43007
0.83946
0.97869
0.11259
0.39070
0.77850
0.71914
0.81742
0.68849
0.01443
0.90471
0.12577
0.70095
0.21834
0.74538
0.77937
0.51753
0.02520
0.37443
0.72340
0.18202
0.26549
0.69710
0.19609
0.53831
0.09439
0.77975
0.46032
0.54986
0.50083
0.25151
0.56698
0.85698
0.07288
0.28446
0.74896
0.18022
0.81237
0.50444
0.62434
0.45173
0.71935
0.09501
0.71894
0.63832
0.01436
0.88812
0.44301
0.95333
0.32055
0.33853
0.87727
0.62938
0.44017
0.72198
0.44905
0.86681
0.81527
0.71232
0.10543
0.81019
0.88968
0.18624
0.69561
0.70783
0.63351
0.18969
0.97014
0.67990
0.60157
0.36296
0.91767
0.18527
0.44378
0.45941
0.97512
0.92436
0.99784
0.57340
0.53874
0.25521
0.18992
0.39368
0.29110
0.77299
0.69030
0.39189
0.84100
0.05233
0.04115
0.33821
0.19023
0.19875
0.63844
0.58744
0.28001
0.50039
0.05739
0.35881
0.15376
0.24227
0.43452
0.10665
0.18385
0.63506
0.71240
0.33131
0.67702
0.55046
0.61390
0.54565
0.40233
0.77509
0.74949
0.06739
0.92399
0.64571
0.24394
0.83282
0.60857
0.89773
0.88507
0.41786
0.11775
0.16816
0.95156
0.84542
0.61427
0.34717
0.37753
0.45144
0.43648
0.41936
0.91489
0.54455
0.55939
0.75391
0.86372
0.13891
0.88736
0.84179
0.71268
0.70515
0.07221
0.64280
0.61453
0.61671
0.42263
0.86577
0.36788
0.67915
0.92483
0.26483
0.60968
0.86740
0.74561
0.20102
0.96355
0.64986
0.15240
0.30859
0.28779
0.79345
0.45021
0.20309
0.64573
0.47217
0.05017
0.92576
0.25926
0.29604
0.38530
0.55526
0.26057
0.94229
0.09140
0.56346
0.15390
0.37690
0.41333
0.69501
0.97921
0.16370
0.26672
0.06711
0.58747
0.15746
0.49675
0.28354
0.93616
0.31184
0.15320
0.23046
0.68441
0.80554
0.46654
0.35161
0.54222
0.39925
0.66485
0.48706
0.87503
0.14317
0.12115
0.39265
0.81016
0.97917
0.04486
0.10647
0.88284
0.72805
0.05782
0.50955
0.82405
0.84352
0.17901
0.26012
0.17529
0.40106
0.05245
0.70156
0.43992
0.27434
0.74451
0.37824
0.45981
0.31302
0.42250
0.37684
0.13581
0.94844
0.43961
0.75983
0.78495
0.53870
0.91335
0.70917
0.11740
0.93571
0.92953
0.60002
0.26053
0.04759
0.15034
0.04329
0.37774
0.39710
0.11268
0.50594
0.41188
0.63984
0.24935
0.82908
0.66941
0.12341
0.13487
0.02034
0.38441
0.39338
0.18374
0.77385
0.69643
0.33804
0.29964
0.94164
0.06036
0.78840
0.23447
0.13212
0.32185
0.77112
0.09055
0.45566
0.64300
0.91685
0.90848
0.75866
0.40631
0.26388
0.23696
0.74444
0.55593
0.91584
0.53088
0.12156
0.60508
0.86584
0.26805
0.14145
0.32950
0.74562
0.76838
0.73915
0.21023
0.42077
0.11849
0.15942
0.63978
0.75554
0.84278
0.59419
0.65644
0.83662
0.69215
0.40288
0.08703
0.37732
0.00370
0.11160
0.01228
0.56855
0.86431
0.89767
0.80455
0.26074
0.70559
0.11848
0.43592
0.81487
0.14383
0.78255
0.44109
0.38634
0.39144
0.31446
0.27259
0.26992
0.68124
0.67418
0.94209
0.19568
0.98023
0.79895
0.92821
0.39151
0.45551
0.73641
0.73571
0.30993
0.79706
0.17241
0.37859
0.42988
0.67409
0.61045
0.00699
0.75342
0.88617
0.31817
0.74688
0.35815
0.53349
0.20327
0.28385
0.66074
0.83118
0.74827
0.77631
0.51544
0.10530
0.04835
0.85505
0.63454
0.96293
0.66548
0.33661
0.40138
0.65674
0.43985
0.60295
0.19949
0.76700
0.32337
0.08907
0.57716
0.07109
0.22618
0.08703
0.77346
0.42146
0.54632
0.68370
0.78866
0.95265
0.04590
0.03802
0.43553
0.61310
0.05737
0.89170
0.42653
0.81957
0.16553
0.88085
0.50734
0.68452
0.57869
0.53829
0.47332
0.55292
0.98872
0.20708
0.83958
0.77992
0.62713
0.73146
0.49031
0.00201
0.56946
0.92363
0.87846
0.36555
0.21808
0.16227
0.80868
0.20703
0.61402
0.92110
0.71665
0.89582
0.28510
0.93106
0.03101
0.09058
0.18632
0.12550
0.25118
0.77579
0.99867
0.18246
0.50645
0.50386
0.09105
0.08710
0.50634
0.40551
0.42712
0.01363
0.73629
0.83366
0.55949
0.70075
0.74234
0.63856
0.52605
0.00221
0.82985
0.88202
0.55976
0.87761
0.45385
0.26587
0.73939
0.42784
0.68121
0.23298
0.27917
0.74274
0.21534
0.50160
0.46731
0.95568
0.03019
0.88535
0.99801
0.83108
0.36165
0.64888
0.71111
0.32448
0.71371
0.41616
0.88895
0.77898
0.23403
0.84055
0.90241
0.75881
0.17698
0.46711
0.26069
0.94724
0.61854
0.19298
0.52635
0.09203
0.74916
0.19718
0.23810
0.07135
0.94057
0.88961
0.41418
0.74982
0.50533
0.27357
0.66704
0.16983
0.13089
0.45058
0.73769
0.37041
0.62127
0.76388
0.43668
0.59835
0.36668
0.14322
0.99771
0.15893
0.74283
0.49809
0.32622
0.74793
0.92959
0.46929
0.80446
0.11681
0.04228
0.12734
0.21598
0.95894
0.71712
0.63093
0.44601
0.38421
0.67494
0.07553
0.71166
0.14069
0.56584
0.82574
0.82517
0.87787
0.68901
0.33569
0.87167
0.70842
0.35915
0.92001
0.53529
0.39371
0.55598
0.98215
0.51877
0.12806
0.95010
0.55955
0.44646
0.22576
0.74553
0.22339
0.51003
0.08315
0.34155
0.42840
0.46226
0.92075
0.88648
0.26114
0.78328
0.68714
0.64611
0.53105
0.88462
0.64990
0.21989
0.06122
0.29569
0.13172
0.85720
0.18689
0.50125
0.78246
0.01273
0.92928
0.98361
0.70736
0.23142
0.64794
0.26166
0.11262
0.00809
0.53006
0.23626
0.30746
0.20362
0.10841
0.76303
0.50760
0.93089
0.91600
0.02729
0.13092
0.52816
0.63147
0.50442
0.51778
0.48114
0.35394
0.53950
0.46389
0.05487
0.62206
0.99783
0.80954
0.46536
0.58428
0.44341
0.21143
0.72849
0.48996
0.98601
0.05977
0.53242
0.05909
0.89257
0.48570
0.24780
0.55136
0.05875
0.11381
0.67234
0.92152
0.69236
0.53554
0.80928
0.10370
0.60770
0.52234
0.27353
0.87723
0.45156
0.68002
0.60504
0.82714
0.85164
0.01295
0.94351
0.00386
0.99328
0.55423
0.37998
0.50955
0.12542
0.19506
0.69058
0.99901
0.10333
0.34367
0.99666
0.48867
0.51049
0.40241
0.74464
0.10652
0.42369
0.12950
0.24732
0.88801
0.06048
0.80444
0.28949
0.11254
0.74250
0.64024
0.85278
0.45115
0.84702
0.07297
0.14665
0.32505
0.60079
0.52813
0.09934
0.76469
0.16465
0.45875
0.20208
0.34426
0.30127
0.14364
0.59623
0.19625
0.55516
0.22623
0.56689
0.79643
0.37929
0.16356
0.62645
0.51604
0.74878
0.10140
0.06889
0.93431
0.35540
0.62565
0.75211
0.04967
0.47620
0.05916
0.79818
0.54539
0.68972
0.50059
0.83234
0.10952
0.98560
0.25289
0.39799
0.75036
0.02541
0.03873
0.01479
0.52287
0.44909
0.44538
0.62934
0.13361
0.33897
0.79998
0.01649
0.90452
0.09014
0.31053
0.91347
0.68087
0.40921
0.66768
0.11497
0.79606
0.12972
0.44392
0.53811
0.95449
0.34185
0.12028
0.74358
0.56114
0.83868
0.13252
0.89969
0.76935
0.63299
0.26746
0.05665
0.91668
0.24950
0.30965
0.54876
0.23960
0.92219
0.13348
0.91786
0.45898
0.05098
0.00292
0.01581
0.55728
0.73543
0.90034
0.53148
0.57649
0.12097
0.29009
0.44920
0.62963
0.36173
0.01579
0.75397
0.89704
0.94202
0.92319
0.68471
0.46906
0.02827
0.32191
0.90886
0.46733
0.53585
0.97802
0.61220
0.75569
0.85790
0.98302
0.72591
0.94695
0.12204
0.29257
0.62211
0.89164
0.78813
0.56205
0.35963
0.69741
0.68718
0.41962
0.22209
0.89090
0.09703
0.99045
0.56404
0.54831
0.87567
0.48597
0.98356
0.89012
0.71752
0.24591
0.54227
0.03509
0.11677
0.93491
0.27689
0.25687
0.60052
0.11239
0.09815
0.74572
0.76040
0.69162
0.97712
0.06007
0.05915
0.47163
0.59812
0.72956
0.13493
0.43503
0.67529
0.22928
0.00713
0.69815
0.11542
0.66793
0.91400
0.02606
0.69501
0.59305
0.80347
0.50987
0.85859
0.10778
0.19516
0.79783
0.99556
0.66742
0.41497
0.84608
0.83756
0.12449
0.63756
0.78157
0.87299
0.06852
0.94970
0.37205
0.29735
0.01276
0.54196
0.73822
0.96113
0.82788
0.11933
0.47591
0.35535
0.25430
0.21539
0.74035
0.20389
0.38469
0.78810
0.26148
0.29542
0.07296
0.68050
0.42783
0.72815
0.23435
0.68470
0.38499
0.59569
0.52902
0.68263
0.78409
0.34671
0.02577
0.21567
0.57133
0.71402
0.50810
0.31042
0.50905
0.68422
0.32507
0.41750
0.04808
0.78649
0.46233
0.98916
0.72335
0.14779
0.85876
0.17741
0.90392
0.80333
0.65218
0.35333
0.09013
0.05477
0.08772
0.49030
0.98169
0.53336
0.29186
0.23993
0.34860
0.87017
0.73342
0.79026
0.12095
0.57206
0.98569
0.29416
0.32439
0.62931
0.49945
0.15891
0.09671
0.09606
0.50780
0.32387
0.45941
0.62468
0.82316
0.67241
0.94534
0.10104
0.12244
0.86322
0.23141
0.82576
0.16280
0.81786
0.69149
0.25245
0.24065
0.71882
0.41704
0.77088
0.68050
0.45404
0.90032
0.00936
0.79809
0.03405
0.79521
0.17750
0.62057
0.50321
0.70393
0.39869
0.76507
0.82913
0.04364
0.25844
0.03531
0.24009
0.83974
0.89624
0.99850
0.96066
0.93222
0.23207
0.80481
0.87525
0.85175
0.32930
0.55912
0.36651
0.37553
0.02718
0.31008
0.41625
0.69803
0.04718
0.11366
0.30727
0.34411
0.41641
0.94364
0.34434
0.80397
0.51617
0.25022
0.79274
0.91388
0.73924
0.89643
0.54831
0.14693
0.37874
0.54986
0.86148
0.17970
0.55392
0.91325
0.56307
0.44820
0.41947
0.04812
0.85686
0.63427
0.73234
0.22079
0.98267
0.94872
0.24906
0.55915
0.21774
0.49126
0.09650
0.13061
0.35789
0.22165
0.80395
0.12030
0.71902
0.42098
0.09090
0.08076
0.34293
0.05741
0.06737
0.63319
0.53479
0.31238
0.47367
0.81981
0.61350
0.49612
0.41417
0.16239
0.34764
0.20600
0.96672
0.74045
0.13113
0.64642
0.29509
0.90204
0.79895
0.35253
0.85602
0.12441
0.52946
0.04473
0.86400
0.79130
0.88909
0.02689
0.30798
0.61508
0.72672
0.55039
0.55175
0.19992
0.07093
0.34173
0.60889
0.49623
0.63069
0.00093
0.18302
0.65772
0.55925
0.03970
0.56860
0.57158
0.61719
0.09964
0.85091
0.62335
0.59266
0.80216
0.87374
0.71572
0.75152
0.97944
0.73331
0.45851
0.62615
0.62834
0.54481
0.57369
0.26310
0.91162
0.18072
0.02298
0.72179
0.18600
0.77086
0.07783
0.64956
0.48937
0.07855
0.45892
0.81045
0.30714
0.90936
0.57914
0.32971
0.25944
0.55690
0.09196
0.03968
0.37346
0.76708
0.21182
0.47793
0.21459
0.47890
0.83615
0.02229
0.24790
0.08821
0.05090
0.37624
0.11107
0.66322
0.67074
0.60316
0.22692
0.24736
0.22834
0.13107
0.54924
0.70024
0.10354
0.93585
0.84772
0.20603
0.32377
0.10863
0.85969
0.77072
0.86013
0.56874
0.97340
0.31944
0.20721
0.35083
0.39743
0.19500
0.64884
0.34241
0.19614
0.58534
0.39566
0.60201
0.73933
0.20859
0.60011
0.01549
0.04384
0.67387
0.95478
0.30970
0.32013
0.58136
0.20657
0.40696
0.54352
0.34379
0.37727
0.88753
0.93990
0.83438
0.17708
0.06447
0.46126
0.50271
0.52510
0.74037
0.99029
0.73374
0.79881
0.94063
0.74750
0.06541
0.59792
0.48624
0.45425
0.40912
0.30549
0.41666
0.02687
0.98015
0.67158
0.84192
0.49586
0.87342
0.31586
0.83583
0.87800
0.31880
0.96856
0.91333
0.17997
0.26016
0.36635
0.89306
0.34535
0.72190
0.81724
0.48650
0.63435
0.20804
0.46379
0.37515
0.78177
0.64377
0.31098
0.44753
0.06762
0.77824
0.77421
0.69950
0.60674
0.16528
0.43918
0.09047
0.61505
0.82390
0.80835
0.07859
0.81959
0.21547
0.66419
0.76193
0.68137
0.52869
0.92708
0.17450
0.69741
0.24462
0.09099
0.29506
0.09940
0.32863
0.91437
0.14995
0.04607
0.81990
0.86592
0.20126
0.32671
0.27210
0.53369
0.58030
0.09559
0.63855
0.85923
0.51666
0.21255
0.73503
0.22405
0.63005
0.50700
0.98506
0.79681
0.78192
0.24354
0.76036
0.72084
0.56905
0.60051
0.36998
0.69306
0.41264
0.12655
0.19801
0.58743
0.93861
0.45113
0.94457
0.03608
0.87935
0.53263
0.88615
0.45435
0.12529
0.24760
0.07543
0.01000
0.01359
0.08490
0.62686
0.51136
0.54962
0.68035
0.70638
0.39786
0.12037
0.87230
0.81197
0.66233
0.46361
0.20131
0.21396
0.58858
0.63325
0.82086
0.99868
0.06976
0.27309
0.61959
0.54073
0.47490
0.75316
0.65997
0.19521
0.61939
0.38587
0.37782
0.81602
0.32429
0.97452
0.99464
0.10874
0.75906
0.87163
0.35788
0.58279
0.06229
0.52958
0.45599
0.29771
0.12575
0.57892
0.25193
0.30667
0.26801
0.15493
0.10794
0.58165
0.06261
0.05362
0.95352
0.45831
0.26961
0.43836
0.21226
0.48253
0.07966
0.89466
0.03436
0.91852
0.95793
0.43544
0.09827
0.88501
0.84141
0.95053
0.69123
0.01119
0.05322
0.80052
0.24622
0.67874
0.73414
0.38353
0.95177
0.69086
0.99350
0.78225
0.33582
0.14197
0.71888
0.77196
0.22012
0.51705
0.01157
0.09614
0.16408
0.92328
0.19435
0.45200
0.57366
0.76826
0.85208
0.15856
0.14101
0.85417
0.99490
0.33554
0.64714
0.59790
0.87720
0.34179
0.88937
0.62495
0.19867
0.39416
0.88656
0.50883
0.53496
0.20327
0.77609
0.38312
0.41906
0.64550
0.24397
0.88998
0.90537
0.45611
0.60599
0.74283
0.64090
0.80970
0.82642
0.47186
0.62824
0.67013
0.23059
0.19511
0.57263
0.81835
0.20682
0.60929
0.74942
0.58816
0.84982
0.98537
0.39369
0.76845
0.99973
0.32695
0.42397
0.16751
0.15308
0.15237
0.65030
0.58251
0.17725
0.06918
0.01334
0.74256
0.41405
0.23950
0.92077
0.17685
0.34955
0.13000
0.49323
0.51218
0.88844
0.15563
0.17300
0.50558
0.48892
0.45829
0.04795
0.69857
0.94886
0.29804
0.68381
0.44034
0.69585
0.73000
0.94444
0.76377
0.49261
0.06254
0.47197
0.98376
0.79665
0.67181
0.35551
0.32026
0.91433
0.99183
0.27454
0.08488
0.34396
0.56886
0.83500
0.77525
0.14740
0.22877
0.43424
0.07609
0.02899
0.39587
0.19345
0.79381
0.55336
0.23678
0.03173
0.43267
0.13273
0.29082
0.12626
0.42551
0.71496
0.53706
0.57294
0.21950
0.60315
0.48906
0.48783
0.82613
0.24132
0.99405
0.74287
0.73433
0.87702
0.90023
0.60481
0.94022
0.62390
0.11974
0.26515
0.52998
0.59801
0.29490
0.98010
0.36311
0.16422
0.77160
0.37348
0.43367
0.50303
0.15733
0.02679
0.92550
0.39120
0.15099
0.22358
0.20072
0.98460
0.97356
0.85141
0.74116
0.26793
0.52076
0.31559
0.47446
0.36176
0.29607
0.27816
0.33423
0.62205
0.82292
0.38870
0.10097
0.17898
0.07806
0.45043
0.75825
0.24420
0.52295
0.95882
0.53900
0.45627
0.99505
0.11928
0.45719
0.92830
0.39461
0.74967
0.49299
0.69587
0.07611
0.95502
0.09138
0.14869
0.19748
0.41553
0.82666
0.90546
0.37705
0.87283
0.20949
0.81037
0.26604
0.25498
0.30622
0.81134
0.32007
0.47497
0.66802
0.55739
0.85147
0.12567
0.24106
0.37058
0.83657
0.28814
0.30710
0.83787
0.41745
0.25338
0.00308
0.20846
0.24238
0.94741
0.69135
0.76362
0.43461
0.95075
0.10161
0.85414
0.87882
0.37032
0.30180
0.94000
0.32567
0.77686
0.53363
0.55553
0.89678
0.25652
0.83587
0.62105
0.79158
0.41321
0.79302
0.01094
0.48469
0.58599
0.56745
0.15698
0.09045
0.14812
0.91120
0.28557
0.61162
0.46097
0.92944
0.81642
0.82279
0.06110
0.80757
0.85502
0.50363
0.03191
0.82726
0.40323
0.80829
0.06031
0.46782
0.29838
0.19284
0.43089
0.70896
0.05468
0.66952
0.23296
0.78339
0.25099
0.07920
0.76688
0.16400
0.84905
0.99543
0.43381
0.84085
0.81533
0.40660
0.06547
0.08564
0.81769
0.08826
0.86718
0.44842
0.62872
0.63038
0.43326
0.21207
0.52450
0.65616
0.24049
0.70248
0.25673
0.59929
0.84160
0.73260
0.30476
0.43014
0.59784
0.15207
0.64931
0.20471
0.94743
0.92910
0.22302
0.57406
0.04629
0.71151
0.38150
0.06899
0.99943
0.65198
0.04146
0.53122
0.44955
0.11701
0.94958
0.77518
0.71382
0.14209
0.39434
0.78003
0.70919
0.94014
0.43292
0.49975
0.54546
0.16186
0.99546
0.73584
0.16279
0.52833
0.86407
0.15542
0.10091
0.94164
0.93113
0.91391
0.48633
0.58706
0.27185
0.46537
0.36214
0.62168
0.71596
0.00368
0.09931
0.93613
0.09043
0.61807
0.50045
0.86483
0.57622
0.00501
0.19087
0.37980
0.92000
0.70658
0.67107
0.36794
0.64788
0.94637
0.09991
0.43384
0.49528
0.78231
0.20235
0.37096
0.81515
0.94423
0.75835
0.46063
0.32275
0.27255
0.56800
0.15603
0.31188
0.66340
0.68581
0.01583
0.44913
0.43991
0.45239
0.24915
0.07097
0.76875
0.24731
0.10169
0.12139
0.84308
0.95764
0.40527
0.12108
0.68816
0.01352
0.57803
0.27234
0.20804
0.29371
0.15811
0.16448
0.52710
0.04601
0.33187
0.87495
0.40481
0.82511
0.54556
0.39597
0.03784
0.88732
0.03037
0.02157
0.42678
0.49208
0.31213
0.20841
0.42668
0.54360
0.95408
0.80860
0.96440
0.74020
0.51022
0.71769
0.73425
0.32324
0.01383
0.23099
0.35743
0.12757
0.59392
0.89217
0.10754
0.26864
0.30065
0.71361
0.09521
0.37256
0.58260
0.13818
0.72934
0.63482
0.69222
0.66538
0.22400
0.03395
0.74023
0.98079
0.07522
0.96055
0.28313
0.45238
0.21194
0.22720
0.25266
0.03112
0.08694
0.71001
0.22452
0.54048
0.12042
0.30974
0.78549
0.76625
0.87398
0.79629
0.54981
0.42064
0.50321
0.74330
0.94954
0.51768
0.80194
0.77312
0.93942
0.55392
0.75712
0.86467
0.38371
0.80351
0.72195
0.77881
0.57988
0.77817
0.65992
0.37074
0.69624
0.81815
0.67059
0.03712
0.74744
0.19490
0.00173
0.79604
0.00041
0.39000
0.26187
0.75908
0.03658
0.34927
0.88608
0.18433
0.82284
0.89169
0.64452
0.59246
0.10619
0.81783
0.08524
0.98793
0.76340
0.59914
0.97315
0.71706
0.15566
0.68861
0.97247
0.40995
0.19705
0.13393
0.58610
0.79722
0.63587
0.72299
0.70680
0.36365
0.49515
0.54510
0.56561
0.67848
0.80344
0.30755
0.53283
0.20803
0.92132
0.43640
0.81379
0.62376
0.48491
0.30795
0.10271
0.95688
0.82202
0.77508
0.79844
0.78596
0.29947
0.23340
0.98700
0.55897
0.47906
0.59696
0.03537
0.02892
0.41624
0.84606
0.54062
0.06776
0.52573
0.43552
0.81246
0.41894
0.47064
0.40196
0.97514
0.19248
0.81179
0.61029
0.81161
0.03909
0.60007
0.54395
0.11280
0.42319
0.66927
0.14325
0.82123
0.58921
0.53683
0.30469
0.44023
0.77508
0.64718
0.41135
0.71809
0.14739
0.53810
0.52907
0.85373
0.69766
0.63309
0.98382
0.67619
0.77472
0.84477
0.34312
0.45713
0.36958
0.06939
0.03017
0.50081
0.69249
0.33473
0.74710
0.05101
0.54669
0.92746
0.75996
0.62274
0.85938
0.89239
0.53348
0.36142
0.14489
0.76362
0.85584
0.39597
0.27848
0.92945
0.43247
0.11780
0.32439
0.28849
0.56798
0.40360
0.12390
0.98461
0.36122
0.41295
0.15033
0.48102
0.92137
0.69259
0.87153
0.52548
0.28894
0.80643
0.23201
0.80264
0.13919
0.16464
0.60084
0.16382
0.15746
0.98864
0.54000
0.29700
0.54265
0.22771
0.68981
0.69134
0.12118
0.10265
0.51108
0.36807
0.42806
0.23085
0.54932
0.91524
0.01012
0.85368
0.48290
0.14995
0.66802
0.60984
0.66890
0.84471
0.47447
0.63458
0.47686
0.96613
0.81477
0.10080
0.45527
0.09592
0.50156
0.00251
0.36441
0.61575
0.01267
0.60584
0.85520
0.39490
0.01058
0.28868
0.43690
0.28075
0.05620
0.26525
0.31697
0.60904
0.80818
0.61112
0.14912
0.71166
0.20651
0.53409
0.83759
0.21028
0.72632
0.66213
0.76506
0.06611
0.01014
0.58300
0.54143
0.63186
0.38406
0.18314
0.02627
0.48045
0.17690
0.41519
0.29118
0.59975
0.46285
0.91759
0.24253
0.98984
0.78711
0.05691
0.99721
0.72709
0.78874
0.40155
0.73176
0.26800
0.90389
0.49456
0.25665
0.52190
0.09121
0.92944
0.08700
0.39747
0.44368
0.82452
0.12792
0.57906
0.63187
0.51908
0.56981
0.28861
0.14687
0.15683
0.07380
0.34222
0.94068
0.09191
0.12117
0.88188
0.68874
0.43114
0.72533
0.14355
0.72486
0.41852
0.25664
0.04319
0.64199
0.05507
0.17990
0.58751
0.02856
0.31872
0.02307
0.06438
0.00637
0.41484
0.23570
0.26785
0.07374
0.70727
0.95919
0.00239
0.67543
0.00116
0.02692
0.84002
0.78371
0.94058
0.98684
0.31420
0.98554
0.77448
0.89156
0.55032
0.92164
0.11059
0.64232
0.91317
0.83394
0.61732
0.47349
0.31668
0.33156
0.87032
0.67355
0.47403
0.59645
0.46617
0.75728
0.89005
0.22808
0.45465
0.76690
0.11028
0.20122
0.23989
0.29823
0.86365
0.13249
0.22023
0.37009
0.71570
0.25484
0.49189
0.18220
0.34753
0.19646
0.54877
0.33305
0.90972
0.43488
0.49615
0.43178
0.72387
0.23246
0.52854
0.75622
0.77274
0.89660
0.49590
0.28576
0.22365
0.66837
0.38439
0.98922
0.55884
0.82378
0.77931
0.11975
0.39068
0.65352
0.38061
0.55647
0.33038
0.32850
0.68339
0.23951
0.06035
0.32868
0.89329
0.11392
0.75836
0.29872
0.07193
0.81532
0.27849
0.94669
0.18190
0.17805
0.64337
0.67555
0.81192
0.57366
0.90540
0.24772
0.06379
0.84476
0.77031
0.27458
0.77882
0.87308
0.33474
0.09497
0.78782
0.45886
0.72341
0.01212
0.46937
0.80526
0.04677
0.85667
0.48372
0.68358
0.95649
0.71158
0.03055
0.70385
0.76158
0.05858
0.45872
0.76697
0.05740
0.19885
0.39435
0.93417
0.39937
0.92865
0.40294
0.95841
0.84005
0.37205
0.98839
0.79629
0.41785
0.70646
0.20021
0.57816
0.29557
0.23434
0.98195
0.22983
0.20402
0.15056
0.16238
0.00542
0.25764
0.13023
0.62481
0.69615
0.31466
0.31383
0.96478
0.79977
0.65135
0.08828
0.21472
0.22328
0.08936
0.43187
0.24041
0.15027
0.48002
0.56107
0.60838
0.65659
0.78836
0.13852
0.65092
0.19149
0.29051
0.47567
0.35514
0.06797
0.03910
0.47084
0.71238
0.69109
0.95951
0.25626
0.86492
0.84625
0.95314
0.18886
0.85356
0.35539
0.63187
0.67227
0.53614
0.20426
0.88960
0.19550
0.64722
0.99174
0.35266
0.30216
0.89257
0.82638
0.11538
0.60466
0.33066
0.76796
0.19462
0.07181
0.31140
0.73978
0.47597
0.45497
0.02657
0.48243
0.31774
0.89899
0.00227
0.20232
0.76768
0.16055
0.16879
0.85332
0.48435
0.43300
0.06151
0.97158
0.77360
0.30460
0.66871
0.44780
0.25751
0.44467
0.73788
0.75187
0.83077
0.70201
0.34935
0.65925
0.02436
0.58355
0.11752
0.19546
0.07399
0.11804
0.83354
0.84937
0.06567
0.25196
0.98967
0.84425
0.60414
0.40849
0.08266
0.25652
0.10421
0.52965
0.64337
0.66877
0.98726
0.91838
0.62527
0.68220
0.48807
0.75538
0.32919
0.75407
0.81355
0.00553
0.78108
0.64034
0.73443
0.00742
0.93848
0.37058
0.54201
0.04429
0.29910
0.50297
0.91567
0.60987
0.50002
0.80966
0.34480
0.40074
0.15588
0.79407
0.15769
0.36663
0.65624
0.58142
0.87787
0.15948
0.93332
0.78024
0.05931
0.81057
0.02580
0.76657
0.02421
0.52126
0.84830
0.53670
0.10255
0.88729
0.41809
0.96325
0.72109
0.28668
0.90408
0.30898
0.29869
0.47986
0.20187
0.04804
0.30156
0.33122
0.04594
0.73324
0.88802
0.16058
0.14900
0.23355
0.94801
0.31183
0.99155
0.63849
0.14981
0.39966
0.42688
0.02057
0.34343
0.55803
0.05668
0.95710
0.35605
0.17089
0.20682
0.31858
0.65641
0.31886
0.47423
0.17981
0.72610
0.16381
0.20857
0.47558
0.13605
0.95830
0.29281
0.48652
0.34313
0.31315
0.82742
0.24791
0.02984
0.56129
0.10831
0.17542
0.00576
0.96715
0.63423
0.79730
0.70281
0.06572
0.39782
0.57438
0.36984
0.05913
0.49086
0.23874
0.86580
0.41630
0.19125
0.85584
0.40032
0.62427
0.87756
0.42182
0.76582
0.51640
0.47484
0.22774
0.66750
0.83136
0.91607
0.29690
0.03868
0.59670
0.77651
0.24041
0.92032
0.59826
0.55149
0.06406
0.49143
0.78458
0.67062
0.66735
0.93314
0.78154
0.73665
0.50996
0.00561
0.61410
0.05301
0.88057
0.52970
0.90217
0.28451
0.29270
0.62261
0.22024
0.93186
0.52269
0.50006
0.05051
0.73494
0.13564
0.06976
0.05948
0.12164
0.24713
0.27835
0.02386
0.84490
0.23937
0.54241
0.49239
0.46611
0.05354
0.53896
0.79532
0.29369
0.42926
0.37000
0.38506
0.54597
0.46139
0.17424
0.55632
0.48133
0.57596
0.34449
0.31971
0.82908
0.78224
0.46124
0.15611
0.05348
0.07836
0.38918
0.08929
0.89721
0.74846
0.29777
0.81843
0.35263
0.94483
0.12044
0.62164
0.25228
0.43041
0.15840
0.79907
0.10502
0.06608
0.86362
0.68010
0.49228
0.30079
0.05643
0.26200
0.31613
0.63804
0.63456
0.82296
0.35116
0.19723
0.63105
0.14110
0.64233
0.63038
0.89822
0.85344
0.81719
0.35417
0.40425
0.23230
0.59629
0.56611
0.71783
0.00110
0.38569
0.09057
0.33291
0.64966
0.84106
0.74504
0.58923
0.62781
0.21798
0.31580
0.58937
0.43326
0.92786
0.09136
0.56395
0.31039
0.72814
0.79367
0.77363
0.09532
0.65515
0.25186
0.99492
0.94266
0.64759
0.41005
0.88714
0.47618
0.49933
0.39530
0.21068
0.47200
0.73228
0.66676
0.42256
0.28781
0.46786
0.90470
0.05212
0.46219
0.73948
0.92187
0.37061
0.33578
0.18388
0.22129
0.44043
0.65954
0.91969
0.95672
0.45519
0.54511
0.53648
0.32994
0.62600
0.84899
0.99559
0.97016
0.44914
0.23326
0.65180
0.95909
0.42331
0.56997
0.74008
0.67311
0.21553
0.70544
0.56940
0.96244
0.04068
0.16986
0.73023
0.15586
0.37585
0.73916
0.86237
0.88762
0.10671
0.40990
0.44469
0.12719
0.03110
0.61456
0.45716
0.10091
0.20169
0.89652
0.48834
0.66449
0.80443
0.42156
0.56820
0.64394
0.79022
0.27349
0.57006
0.75292
0.04051
0.28115
0.87738
0.22525
0.41338
0.00433
0.68773
0.37073
0.50077
0.24645
0.09279
0.97412
0.56421
0.89710
0.51437
0.95099
0.15404
0.57767
0.82676
0.66008
0.38547
0.55552
0.60172
0.82211
0.02262
0.22104
0.41107
0.02364
0.89041
0.15973
0.42763
0.01650
0.00790
0.94741
0.26659
0.82009
0.95917
0.12029
0.91330
0.17432
0.53021
0.68750
0.32960
0.36736
0.18023
0.02035
0.27846
0.72481
0.14263
0.59640
0.56116
0.14014
0.14182
0.64157
0.75444
0.88723
0.90001
0.79072
0.94161
0.05798
0.58818
0.03369
0.39573
0.29840
0.71469
0.36844
0.67850
0.89927
0.63814
0.58743
0.01307
0.41341
0.84841
0.33253
0.42098
0.54000
0.38935
0.38608
0.24668
0.23201
0.57324
0.62331
0.47925
0.92238
0.51081
0.92377
0.80664
0.26686
0.52445
0.12772
0.69423
0.64246
0.84575
0.87362
0.60584
0.65856
0.46922
0.50755
0.31109
0.20524
0.14415
0.97601
0.99967
0.55219
0.15015
0.67599
0.85422
0.05190
0.50690
0.97433
0.63213
0.99875
0.61021
0.69436
0.37602
0.16303
0.14792
0.66962
0.19451
0.09591
0.32186
0.03025
0.43508
0.92009
0.95596
0.94240
0.74092
0.33624
0.96371
0.77680
0.85916
0.19250
0.10942
0.67024
0.50464
0.81435
0.35895
0.48668
0.63022
0.99511
0.09259
0.23502
0.55376
0.43903
0.09344
0.78167
0.59725
0.08704
0.57852
0.44538
0.94353
0.38520
0.99595
0.92361
0.19362
0.25904
0.65885
0.75273
0.32253
0.68112
0.81282
0.82304
0.22518
0.51763
0.40999
0.85072
0.28955
0.02500
0.06579
0.94727
0.50789
0.21786
0.56547
0.04595
0.30590
0.47948
0.73790
0.87359
0.04018
0.37325
0.27981
0.29074
0.90921
0.13690
0.94566
0.15497
0.15459
0.07027
0.66691
0.45567
0.90157
0.88847
0.97975
0.66908
0.87356
0.46748
0.16440
0.58186
0.74535
0.08115
0.14174
0.34472
0.18320
0.41168
0.61186
0.88883
0.17660
0.54765
0.63535
0.80637
0.38348
0.92943
0.85211
0.42437
0.86770
0.11772
0.99459
0.16816
0.13739
0.53937
0.70332
0.93557
0.47322
0.49505
0.88472
0.31992
0.70713
0.40696
0.45043
0.28400
0.73912
0.38548
0.54005
0.83921
0.26990
0.04119
0.44976
0.48856
0.04603
0.59180
0.94456
0.68953
0.43157
0.82300
0.18126
0.85133
0.41035
0.42374
0.72324
0.18086
0.79482
0.04145
0.83429
0.77765
0.40898
0.57037
0.29187
0.46020
0.85582
0.29224
0.59150
0.25098
0.92919
0.50849
0.88247
0.30750
0.85790
0.57945
0.17400
0.58070
0.81316
0.83153
0.13566
0.58657
0.18747
0.07443
0.72670
0.17009
0.50751
0.57298
0.37405
0.15609
0.97009
0.22353
0.29133
0.67273
0.13589
0.68796
0.20974
0.04544
0.78886
0.81365
0.13712
0.66610
0.03661
0.10533
0.40592
0.86525
0.89502
0.15349
0.24114
0.62267
0.21090
0.08536
0.06535
0.50104
0.06585
0.84434
0.72095
0.27540
0.74720
0.52285
0.75397
0.75267
0.35959
0.37948
0.63791
0.73435
0.15131
0.99348
0.54350
0.98993
0.15350
0.11687
0.06971
0.30251
0.32962
0.70370
0.98376
0.83641
0.37766
0.78849
0.56718
0.25089
0.61833
0.03542
0.41455
0.69651
0.71301
0.09276
0.75902
0.04065
0.83993
0.92503
0.47018
0.08089
0.37423
0.90387
0.98694
0.59668
0.72252
0.74345
0.53621
0.52012
0.71642
0.92472
0.31160
0.64392
0.25762
0.84961
0.23488
0.72171
0.23839
0.52132
0.33404
0.74709
0.70930
0.36543
0.58073
0.48365
0.72739
0.95355
0.57630
0.46297
0.94264
0.47304
0.84270
0.53243
0.52548
0.21525
0.80140
0.05529
0.43547
0.63183
0.74030
0.21135
0.17449
0.25080
0.77767
0.14091
0.40624
0.29231
0.28260
0.02916
0.19794
0.88348
0.04923
0.85310
0.91245
0.30982
0.45538
0.32822
0.91655
0.67699
0.71157
0.43147
0.05089
0.43413
0.37018
0.65294
0.01648
0.54641
0.61323
0.31499
0.45132
0.17298
0.64866
0.22664
0.80777
0.30499
0.47819
0.08539
0.24472
0.07403
0.09575
0.92345
0.09329
0.09277
0.59337
0.32492
0.46149
0.59455
0.56791
0.43213
0.92561
0.29531
0.13111
0.12751
0.33742
0.89624
0.07830
0.01073
0.88327
0.46972
0.55075
0.15263
0.24927
0.91646
0.75768
0.78038
0.15423
0.26394
0.43191
0.22203
0.64816
0.71050
0.16531
0.88781
0.84684
0.72626
0.25158
0.54730
0.28008
0.87915
0.10250
0.76887
0.29795
0.07932
0.91505
0.54831
0.71261
0.47988
0.80737
0.87709
0.52068
0.29404
0.32165
0.98237
0.00658
0.66201
0.19155
0.94546
0.59663
0.89200
0.39320
0.97226
0.78343
0.59203
0.55064
0.00794
0.91850
0.46164
0.25649
0.25544
0.19445
0.85087
0.22980
0.46652
0.88065
0.92783
0.33446
0.25857
0.60204
0.50522
0.06911
0.89461
0.36391
0.87233
0.81979
0.64172
0.14300
0.56577
0.06114
0.74242
0.76468
0.35528
0.37983
0.47949
0.65671
0.94791
0.21449
0.96301
0.63682
0.38461
0.79119
0.24425
0.42333
0.04714
0.58748
0.32028
0.71690
0.26990
0.56172
0.77202
0.30718
0.86322
0.00135
0.45825
0.49228
0.07294
0.39558
0.72545
0.55112
0.22936
0.59184
0.89066
0.85395
0.90600
0.97888
0.75045
0.26465
0.30746
0.61889
0.05638
0.58046
0.24092
0.89768
0.32858
0.68664
0.03589
0.90077
0.45852
0.18568
0.66639
0.15219
0.74428
0.21906
0.69305
0.20053
0.87830
0.78595
0.40477
0.51380
0.38233
0.44722
0.07292
0.24380
0.61276
0.28932
0.50023
0.90300
0.28013
0.53108
0.96702
0.29630
0.40761
0.83868
0.26628
0.68220
0.68687
0.36766
0.46851
0.08995
0.49290
0.32865
0.05743
0.15975
0.14205
0.58176
0.36291
0.15880
0.58728
0.09829
0.55191
0.53509
0.54407
0.12153
0.71975
0.23344
0.58787
0.79218
0.71359
0.83807
0.14667
0.47780
0.47725
0.25059
0.06875
0.81223
0.65498
0.56721
0.87341
0.34711
0.12444
0.69617
0.42106
0.11440
0.57005
0.65906
0.81713
0.80100
0.09087
0.65682
0.67251
0.98087
0.15975
0.76895
0.76160
0.28034
0.52916
0.88197
0.19401
0.51341
0.05826
0.67436
0.96227
0.95969
0.47428
0.50440
0.54090
0.66557
0.21213
0.29285
0.58231
0.70647
0.68801
0.64544
0.06254
0.42847
0.56826
0.78677
0.20786
0.67338
0.74132
0.36153
0.38536
0.45739
0.37125
0.26103
0.11050
0.90731
0.12126
0.45501
0.99543
0.23593
0.99494
0.15641
0.18925
0.78306
0.03967
0.24558
0.41135
0.54328
0.25509
0.24251
0.11549
0.35907
0.10421
0.67310
0.31547
0.55622
0.92290
0.84581
0.08638
0.48201
0.08739
0.09712
0.99326
0.18113
0.37597
0.43075
0.46658
0.49197
0.32712
0.40587
0.15826
0.41120
0.76675
0.91366
0.00051
0.45936
0.75545
0.76233
0.46358
0.34635
0.14019
0.59699
0.56289
0.82795
0.09225
0.81131
0.83949
0.11449
0.13860
0.05038
0.49511
0.70046
0.32243
0.24898
0.85767
0.29516
0.08325
0.23066
0.83506
0.72724
0.04062
0.54640
0.37437
0.71798
0.52454
0.39019
0.23256
0.37489
0.27515
0.76334
0.62132
0.25143
0.37405
0.94617
0.77083
0.85748
0.00453
0.60998
0.66252
0.72821
0.75452
0.77597
0.57968
0.90509
0.01833
0.95010
0.47738
0.12838
0.73458
0.94622
0.64288
0.88378
0.52202
0.10525
0.79864
0.99349
0.38477
0.45348
0.87593
0.72856
0.62920
0.91836
0.13747
0.15291
0.68901
0.81127
0.86348
0.99163
0.30657
0.06157
0.85962
0.04150
0.17263
0.45998
0.53440
0.42653
0.59444
0.95965
0.13826
0.39200
0.27084
0.17201
0.62285
0.16396
0.84021
0.63282
0.04105
0.18736
0.96927
0.14177
0.63811
0.49577
0.73151
0.42225
0.57242
0.93819
0.86105
0.85210
0.07002
0.87259
0.71204
0.23304
0.38293
0.38499
0.38074
0.49291
0.77529
0.29825
0.85632
0.83726
0.42541
0.23036
0.70345
0.38843
0.69092
0.09016
0.86382
0.76749
0.01555
0.25461
0.63322
0.20123
0.37781
0.15658
0.00714
0.64988
0.31722
0.23050
0.62416
0.30643
0.54780
0.98949
0.26182
0.87601
0.76610
0.67483
0.47598
0.56379
0.88590
0.12672
0.62753
0.12562
0.21338
0.79034
0.22453
0.53705
0.04930
0.95639
0.10044
0.25945
0.01349
0.09307
0.88171
0.93807
0.72822
0.20322
0.98862
0.56606
0.64180
0.00623
0.18097
0.15353
0.47347
0.85391
0.07281
0.68554
0.45645
0.89218
0.89288
0.47882
0.80781
0.36869
0.84143
0.79170
0.80233
0.16019
0.53689
0.41499
0.42156
0.35027
0.39502
0.60753
0.81462
0.06876
0.44840
0.44767
0.19318
0.03981
0.00808
0.85692
0.84790
0.27882
0.87347
0.45964
0.25661
0.23496
0.46509
0.85723
0.29710
0.14591
0.65370
0.50293
0.83194
0.75906
0.45320
0.67241
0.21345
0.72147
0.05488
0.40425
0.14396
0.79950
0.32459
0.56021
0.84655
0.96576
0.75724
0.42103
0.97166
0.85636
0.28441
0.51861
0.48201
0.18710
0.89481
0.72706
0.23576
0.81105
0.82426
0.13429
0.47792
0.88231
0.38793
0.23713
0.66121
0.94494
0.59132
0.55992
0.57285
0.07438
0.45907
0.68208
0.42047
0.09933
0.45170
0.38504
0.63353
0.74466
0.06277
0.22994
0.21789
0.69903
0.24619
0.06017
0.25945
0.84336
0.95484
0.76705
0.06414
0.01914
0.66035
0.29653
0.25410
0.60894
0.36002
0.72958
0.53327
0.75596
0.28427
0.49226
0.74060
0.36824
0.27762
0.55391
0.59133
0.36494
0.97667
0.35253
0.92366
0.97188
0.50984
0.08542
0.71425
0.77466
0.27732
0.10363
0.26644
0.74781
0.82783
0.16654
0.38320
0.37276
0.52397
0.23960
0.02124
0.98193
0.26399
0.53438
0.64877
0.43384
0.24501
0.44904
0.38267
0.53707
0.01564
0.95967
0.14378
0.87886
0.23631
0.44890
0.26883
0.82196
0.91317
0.79575
0.07098
0.02411
0.26193
0.76925
0.62171
0.26019
0.13591
0.77009
0.29644
0.43390
0.62551
0.50674
0.45001
0.88828
0.74783
0.54534
0.84495
0.90989
0.71529
0.92822
0.55360
0.01477
0.56423
0.40114
0.14481
0.81443
0.62353
0.72714
0.10477
0.68430
0.86277
0.08452
0.00901
0.14798
0.57914
0.45799
0.00967
0.82739
0.16943
0.05659
0.60393
0.98767
0.33600
0.81548
0.46840
0.18008
0.64976
0.36113
0.63879
0.12586
0.76731
0.42885
0.12918
0.30731
0.39715
0.09273
0.61020
0.02732
0.70997
0.53155
0.42590
0.76627
0.84386
0.01220
0.54491
0.40110
0.90293
0.58753
0.86169
0.93486
0.52167
0.24902
0.85307
0.63715
0.64678
0.48550
0.19597
0.31374
0.58538
0.98331
0.67750
0.57461
0.58265
0.13228
0.78845
0.77238
0.90406
0.52778
0.45080
0.91481
0.22335
0.03594
0.82131
0.87731
0.79800
0.22693
0.77627
0.25538
0.74430
0.84099
0.96490
0.96477
0.97930
0.51516
0.39194
0.00312
0.94396
0.09996
0.70796
0.89676
0.62065
0.65205
0.69596
0.99149
0.31269
0.37942
0.05511
0.05297
0.35945
0.02473
0.45880
0.03135
0.58619
0.28373
0.40451
0.11047
0.60552
0.02987
0.53732
0.47666
0.67042
0.75960
0.99611
0.28187
0.52515
0.37662
0.02564
0.43354
0.81486
0.86156
0.46371
0.69617
0.80226
0.02545
0.09488
0.25245
0.64417
0.56343
0.92854
0.19186
0.80486
0.18202
0.95308
0.17898
0.40215
0.33503
0.29870
0.14332
0.89854
0.48389
0.53358
0.87652
0.66316
0.09526
0.09692
0.16064
0.57615
0.47143
0.81581
0.59835
0.50217
0.09054
0.55319
0.83391
0.90943
0.45220
0.26792
0.08792
0.82513
0.45573
0.88780
0.62678
0.22492
0.35174
0.29455
0.34006
0.23502
0.71772
0.19412
0.78676
0.71563
0.04989
0.86671
0.17018
0.83303
0.93416
0.76847
0.92725
0.84373
0.80616
0.19008
0.51163
0.68639
0.09923
0.41126
0.82251
0.30462
0.53547
0.77086
0.92995
0.14576
0.50323
0.10232
0.21376
0.47086
0.75822
0.05411
0.43599
0.81929
0.01543
0.64743
0.81274
0.00368
0.99332
0.72749
0.83143
0.38261
0.65125
0.19558
0.28183
0.17912
0.53714
0.57600
0.74210
0.71088
0.79669
0.86752
0.26857
0.08412
0.59506
0.47323
0.84218
0.38840
0.05332
0.94602
0.88839
0.37504
0.00895
0.95249
0.03264
0.01905
0.04744
0.50343
0.71459
0.19414
0.22171
0.18732
0.05718
0.35532
0.39873
0.42059
0.62496
0.33396
0.52777
0.35309
0.79789
0.41131
0.67197
0.93265
0.80482
0.51610
0.96368
0.30710
0.24484
0.08393
0.74776
0.06442
0.79182
0.72881
0.73505
0.62413
0.86225
0.48959
0.67764
0.30626
0.36151
0.21486
0.83378
0.87019
0.21385
0.47093
0.91117
0.28323
0.67439
0.07795
0.79414
0.90745
0.00553
0.67175
0.56562
0.61851
0.08634
0.20368
0.85196
0.16586
0.76246
0.96590
0.66470
0.43992
0.24274
0.31813
0.74488
0.38653
0.78102
0.59816
0.35983
0.76972
0.80746
0.50644
0.64145
0.38931
0.98688
0.55241
0.49726
0.88985
0.14725
0.83629
0.73562
0.93051
0.93694
0.14217
0.01931
0.20495
0.33253
0.63412
0.93677
0.79639
0.50873
0.40898
0.37295
0.47265
0.02693
0.26025
0.25741
0.35620
0.44177
0.47133
0.21152
0.55113
0.71620
0.41081
0.06897
0.34667
0.70356
0.68893
0.54768
0.53809
0.98129
0.74001
0.20460
0.27052
0.66905
0.08998
0.72762
0.97822
0.15586
0.05315
0.43349
0.49781
0.63544
0.83530
0.16431
0.21030
0.00765
0.53722
0.67760
0.48318
0.42257
0.67801
0.23554
0.69154
0.45809
0.04792
0.39810
0.59709
0.89475
0.30075
0.44771
0.78325
0.81277
0.57818
0.84917
0.96933
0.78181
0.02201
0.10228
0.89950
0.38414
0.35598
0.76020
0.85923
0.83249
0.96187
0.04703
0.92683
0.93186
0.27019
0.30557
0.18265
0.90780
0.42619
0.72590
0.12305
0.99558
0.38289
0.47133
0.93977
0.58378
0.94426
0.25459
0.67302
0.70826
0.84503
0.64854
0.05815
0.91333
0.91213
0.09901
0.25913
0.75925
0.40857
0.92381
0.78095
0.15908
0.31388
0.59726
0.92111
0.39880
0.95307
0.46999
0.89356
0.73652
0.47213
0.98086
0.90177
0.46953
0.50856
0.74880
0.39152
0.21702
0.47213
0.79163
0.30395
0.76291
0.27484
0.56110
0.40489
0.09648
0.68667
0.36634
0.33276
0.14856
0.90723
0.75285
0.10457
0.62209
0.13305
0.45567
0.09322
0.24765
0.38050
0.63016
0.49800
0.17807
0.93515
0.50639
0.83427
0.86282
0.89749
0.90158
0.56703
0.67498
0.63306
0.73728
0.55322
0.34279
0.72352
0.43494
0.29727
0.49733
0.88360
0.28716
0.24137
0.32722
0.38692
0.91548
0.26992
0.23400
0.82849
0.86608
0.06980
0.20113
0.64795
0.13070
0.50612
0.09982
0.99872
0.70798
0.43363
0.30147
0.71201
0.55666
0.94482
0.20199
0.62095
0.37911
0.89222
0.23849
0.57199
0.02500
0.77282
0.84389
0.49760
0.40263
0.14631
0.89086
0.54399
0.67483
0.58589
0.95072
0.42527
0.44527
0.06134
0.09395
0.99609
0.09600
0.68513
0.15730
0.70588
0.35097
0.84991
0.53096
0.52926
0.69026
0.37544
0.32280
0.50288
0.23582
0.98592
0.21485
0.96458
0.51317
0.93657
0.99830
0.07843
0.21229
0.58590
0.76290
0.32825
0.74166
0.17446
0.07292
0.03701
0.03572
0.97177
0.60166
0.97070
0.70667
0.72112
0.57671
0.87554
0.59817
0.65553
0.96891
0.37781
0.72693
0.31380
0.76299
0.00816
0.92064
0.50906
0.33139
0.24398
0.13489
0.94455
0.17383
0.25020
0.29737
0.99503
0.25268
0.72237
0.41044
0.07392
0.87429
0.52168
0.64362
0.07164
0.31729
0.81910
0.80167
0.82694
0.66768
0.87423
0.99935
0.74797
0.91254
0.76298
0.68072
0.07418
0.52753
0.06959
0.86056
0.37051
0.71456
0.99698
0.53932
0.10292
0.03473
0.91405
0.71609
0.28819
0.90977
0.97027
0.38979
0.94188
0.79053
0.02285
0.21507
0.45535
0.53698
0.98989
0.94662
0.34102
0.12225
0.55352
0.26273
0.96106
0.34020
0.19789
0.59576
0.83819
0.89302
0.73241
0.59591
0.69470
0.06635
0.01901
0.86995
0.79312
0.12800
0.94656
0.88127
0.68867
0.04407
0.54089
0.57699
0.10399
0.73623
0.66427
0.99158
0.75062
0.52416
0.55197
0.35361
0.58796
0.00821
0.81246
0.74962
0.36667
0.10227
0.73912
0.42459
0.38957
0.57600
0.55976
0.65853
0.30250
0.26942
0.61440
0.93372
0.37912
0.98025
0.24658
0.54639
0.27261
0.08233
0.38998
0.36695
0.02333
0.83846
0.14384
0.12638
0.29967
0.26328
0.65184
0.88514
0.37137
0.08822
0.42706
0.74809
0.54521
0.25078
0.06827
0.63591
0.65473
0.57864
0.10455
0.04283
0.88848
0.47203
0.29226
0.48193
0.43793
0.42837
0.11664
0.42952
0.86147
0.95012
0.44826
0.54514
0.43920
0.04250
0.05207
0.48913
0.16841
0.73579
0.49509
0.38548
0.76148
0.49956
0.24184
0.36806
0.94553
0.32078
0.38103
0.34054
0.08958
0.23177
0.87148
0.60066
0.83042
0.17515
0.77950
0.69420
0.40834
0.90944
0.71638
0.93811
0.84491
0.02573
0.50225
0.88161
0.89679
0.24363
0.41177
0.00121
0.31259
0.99842
0.53036
0.06366
0.39130
0.93537
0.81147
0.82829
0.04045
0.61092
0.38744
0.48324
0.88189
0.57440
0.83046
0.71753
0.46120
0.26505
0.12840
0.34958
0.82996
0.55532
0.31812
0.92977
0.83490
0.67377
0.69195
0.78812
0.29938
0.17676
0.07520
0.06781
0.09678
0.06905
0.29813
0.54458
0.99129
0.05013
0.90432
0.27982
0.45720
0.38167
0.79389
0.79398
0.37625
0.79736
0.89740
0.23319
0.30107
0.00646
0.64531
0.04752
0.03733
0.90228
0.23000
0.91577
0.63213
0.85177
0.03924
0.68950
0.48114
0.28711
0.53527
0.26079
0.92288
0.20269
0.86841
0.06243
0.23882
0.84046
0.24112
0.72984
0.85603
0.45195
0.25789
0.62186
0.00278
0.29671
0.69228
0.94802
0.90929
0.75498
0.46030
0.12098
0.73067
0.99005
0.21552
0.13961
0.62417
0.66737
0.47835
0.72393
0.80772
0.08911
0.48981
0.74490
0.25189
0.44144
0.92314
0.40260
0.41815
0.94930
0.12586
0.53657
0.19423
0.57425
0.38884
0.72229
0.37084
0.98057
0.13132
0.58161
0.44103
0.61282
0.36336
0.57867
0.10503
0.67835
0.22650
0.06828
0.68311
0.90201
0.62099
0.02825
0.82891
0.52458
0.83302
0.24379
0.42421
0.48487
0.66783
0.43968
0.55545
0.80938
0.68899
0.40510
0.14004
0.05994
0.27653
0.12144
0.92624
0.95275
0.93922
0.99286
0.92062
0.95668
0.58344
0.02361
0.95545
0.67812
0.45774
0.68539
0.38000
0.91303
0.81163
0.50587
0.26224
0.96645
0.53055
0.94905
0.44427
0.58282
0.03110
0.95066
0.83558
0.87047
0.40170
0.84744
0.30380
0.82360
0.41131
0.36435
0.46168
0.02352
0.76461
0.44553
0.73203
0.06815
0.96933
0.63039
0.23233
0.92021
0.03012
0.13511
0.88653
0.25102
0.07356
0.63582
0.48284
0.44407
0.91338
0.43371
0.34596
0.14019
0.73546
0.14300
0.75732
0.98456
0.64364
0.18958
0.40470
0.80708
0.61141
0.80254
0.69424
0.21519
0.83455
0.77274
0.04521
0.21584
0.03779
0.41569
0.14105
0.11626
0.74410
0.68175
0.36236
0.00376
0.52698
0.13850
0.77354
0.58604
0.40730
0.68932
0.91955
0.15397
0.74381
0.78934
0.93664
0.33314
0.24473
0.40461
0.90169
0.59055
0.96335
0.34932
0.06412
0.69441
0.22041
0.63170
0.44301
0.64973
0.07515
0.14810
0.19549
0.65239
0.12063
0.26723
0.97210
0.82213
0.35376
0.70503
0.97519
0.38933
0.17233
0.85853
0.22435
0.13624
0.37890
0.21152
0.01372
0.51039
0.20152
0.00850
0.35913
0.74155
0.74753
0.92361
0.14299
0.07937
0.25319
0.93503
0.13545
0.10757
0.78361
0.17985
0.99091
0.64036
0.39031
0.15263
0.91942
0.11122
0.96965
0.21901
0.06396
0.71921
0.39855
0.53790
0.67077
0.66862
0.78373
0.86677
0.79468
0.45162
0.12439
0.10553
0.37956
0.50327
0.74388
0.28196
0.17557
0.22992
0.54246
0.37331
0.20162
0.46150
0.55560
0.56837
0.51205
0.48483
0.03328
0.20041
0.59318
0.10524
0.94649
0.46199
0.16703
0.90015
0.57961
0.05908
0.05468
0.10664
0.02501
0.29674
0.78221
0.65330
0.67498
0.31724
0.93215
0.96408
0.53308
0.59887
0.71207
0.67258
0.30608
0.11826
0.38351
0.49546
0.84542
0.73069
0.09760
0.75694
0.13974
0.07405
0.83084
0.16035
0.50400
0.24522
0.68225
0.87937
0.39809
0.11871
0.74983
0.53675
0.68486
0.81131
0.30123
0.20930
0.87963
0.03615
0.78078
0.86240
0.74308
0.25474
0.66513
