0.89915
0.85913
0.25296
0.70453
0.60783
0.79248
0.61541
0.30457
0.21348
0.09439
0.29176
0.81083
0.05133
0.74439
0.74137
0.28829
0.03022
0.48195
0.05225
0.55958
0.71763
0.53522
0.84317
0.57305
0.74499
0.63501
0.90114
0.48830
0.03583
0.73542
0.49518
0.89064
0.43600
0.31958
0.74819
0.11961
0.85430
0.48858
0.89946
0.42424
0.46552
0.93310
0.37390
0.96045
0.16621
0.54046
0.65253
0.28955
0.19328
0.75569
0.21715
0.93375
0.65840
0.61582
0.72482
0.40823
0.61381
0.60836
0.43608
0.71277
0.36603
0.35270
0.81367
0.32967
0.02092
0.16486
0.65651
0.40512
0.06827
0.75501
0.74584
0.56566
0.30801
0.39788
0.83314
0.72744
0.85852
0.29968
0.73216
0.17114
0.38184
0.30460
0.01720
0.71246
0.42958
0.05892
0.76914
0.49229
0.20985
0.87138
0.81005
0.14111
0.06198
0.31846
0.69906
0.60192
0.91164
0.42418
0.89859
0.23512
0.75274
0.03380
0.46000
0.11559
0.36830
0.63127
0.81730
0.47772
0.73794
0.68653
0.58904
0.27954
0.30859
0.88600
0.50811
0.39062
0.38799
0.52576
0.84924
0.35191
0.98170
0.43939
0.51828
0.89926
0.10928
0.59211
0.54623
0.08992
0.09806
0.79554
0.64649
0.01005
0.78155
0.15064
0.48856
0.55194
0.58454
0.62544
0.10921
0.62103
0.86530
0.74959
0.89504
0.58526
0.51701
0.04322
0.84508
0.83171
0.60686
0.50259
0.86550
0.80505
0.44696
0.67086
0.96595
0.72819
0.41014
0.95114
0.03953
0.99155
0.04390
0.57348
0.72146
0.49255
0.73763
0.06138
0.98931
0.52790
0.66394
0.61919
0.78869
0.07632
0.88103
0.21531
0.24396
0.96955
0.66925
0.84116
0.74374
0.33279
0.88822
0.48366
0.12980
0.07005
0.00290
0.87058
0.07479
0.29989
0.80493
0.40610
0.75778
0.62568
0.72327
0.88967
0.76033
0.21479
0.38412
0.81562
0.93153
0.55069
0.89214
0.40545
0.24009
0.24511
0.86808
0.72487
0.83399
0.94182
0.55804
0.86441
0.97880
0.86372
0.25592
0.58907
0.78289
0.54134
0.60006
0.75626
0.51534
0.63480
0.50534
0.17786
0.83624
0.55540
0.51146
0.06513
0.58598
0.26595
0.57358
0.44216
0.45800
0.20882
0.16911
0.27280
0.18166
0.01810
0.09048
0.30996
0.68640
0.89906
0.73910
0.97706
0.68069
0.95915
0.22807
0.24392
0.72394
0.93009
0.03701
0.84646
0.39502
0.98382
0.44449
0.42577
0.84089
0.06512
0.49557
0.86055
0.41732
0.56716
0.39134
0.08723
0.85220
0.64793
0.28551
0.16543
0.39166
0.90195
0.74238
0.96079
0.37065
0.59365
0.09132
0.18225
0.26401
0.32369
0.75849
0.02039
0.77672
0.31592
0.95209
0.01469
0.44318
0.44598
0.47709
0.21533
0.36531
0.01308
0.75618
0.64281
0.40855
0.98246
0.74793
0.33856
0.98130
0.82454
0.66562
0.00762
0.45588
0.90475
0.43431
0.04432
0.76462
0.41859
0.78621
0.10094
0.42651
0.36366
0.02470
0.38439
0.10729
0.69956
0.56684
0.52673
0.50505
0.83386
0.32526
0.22131
0.88164
0.92768
0.51135
0.13759
0.14088
0.81241
0.63679
0.81500
0.09787
0.61146
0.56951
0.00193
0.67702
0.85635
0.86184
0.77956
0.77051
0.42108
0.88382
0.07651
0.77308
0.04861
0.00832
0.55531
0.66208
0.99740
0.86610
0.34565
0.97248
0.20880
0.55017
0.35856
0.59064
0.15949
0.40400
0.94416
0.86269
0.48050
0.57675
0.42839
0.12708
0.68186
0.42852
0.11268
0.85202
0.50736
0.54616
0.80781
0.28402
0.85786
0.39753
0.44439
0.17660
0.30630
0.88965
0.38577
0.44686
0.06782
0.78103
0.17767
0.32861
0.86732
0.43649
0.09473
0.01847
0.81306
0.48153
0.49465
0.97561
0.26609
0.39927
0.74291
0.13339
0.52705
0.10765
0.68690
0.81120
0.12335
0.14917
0.05479
0.58620
0.02626
0.44653
0.85599
0.61783
0.56683
0.00919
0.92726
0.40434
0.94312
0.67482
0.56796
0.24722
0.64469
0.83905
0.89272
0.95440
0.09274
0.44712
0.93737
0.32446
0.26062
0.09762
0.53632
0.06578
0.05098
0.88317
0.07832
0.68493
0.20802
0.99223
0.84597
0.91359
0.50305
0.99545
0.52815
0.05366
0.95813
0.10883
0.62924
0.28333
0.89780
0.08745
0.50117
0.59480
0.46748
0.45935
0.04153
0.53877
0.77111
0.63300
0.89559
0.52711
0.62741
0.28116
0.01408
0.50967
0.89070
0.24605
0.07239
0.05255
0.88113
0.06772
0.70741
0.96988
0.06123
0.60036
0.27308
0.27708
0.24180
0.43421
0.37191
0.58935
0.76198
0.26899
0.66951
0.51521
0.05704
0.21550
0.61502
0.93355
0.65205
0.41798
0.88371
0.16425
0.86154
0.64855
0.78854
0.19341
0.44794
0.64763
0.80022
0.81181
0.34052
0.04008
0.70616
0.93631
0.23317
0.50357
0.39170
0.12961
0.32742
0.41266
0.15338
0.68949
0.90181
0.24725
0.27322
0.44984
0.50513
0.01133
0.60724
0.60996
0.63741
0.70557
0.79118
0.06567
0.78363
0.91951
0.52232
0.65178
0.76091
0.12737
0.87620
0.22852
0.08073
0.09057
0.75785
0.18947
0.46287
0.28639
0.86267
0.53203
0.76737
0.50979
0.84949
0.78712
0.71501
0.63359
0.23793
0.26860
0.44718
0.27121
0.72192
0.01005
0.74340
0.80207
0.68280
0.17106
0.54058
0.71275
0.72219
0.37864
0.65074
0.18804
0.64694
0.10821
0.94829
0.15657
0.80761
0.00188
0.82636
0.96482
0.71174
0.83304
0.26738
0.89982
0.49886
0.73129
0.72334
0.71893
0.08668
0.08265
0.99256
0.44712
0.55239
0.55512
0.76366
0.97625
0.62530
0.17953
0.99356
0.94119
0.16198
0.43432
0.10840
0.23123
0.03077
0.20818
0.79315
0.74599
0.78309
0.26103
0.38311
0.08634
0.22294
0.68322
0.63325
0.51571
0.59736
0.84117
0.64651
0.19905
0.04527
0.60811
0.19978
0.99310
0.10235
0.91209
0.98834
0.20061
0.86984
0.61437
0.95352
0.53749
0.59973
0.42349
0.26538
0.69550
0.94113
0.24009
0.73167
0.38312
0.44956
0.37278
0.53399
0.32162
0.72973
0.57146
0.61856
0.03976
0.92686
0.76544
0.64819
0.99975
0.97836
0.91186
0.95486
0.28921
0.78743
0.54372
0.23560
0.70007
0.95543
0.30869
0.80059
0.13722
0.20045
0.87277
0.75032
0.33030
0.78397
0.50459
0.80245
0.61383
0.15698
0.68559
0.55211
0.00794
0.02562
0.84849
0.29381
0.28445
0.36535
0.09927
0.61157
0.75693
0.99728
0.05028
0.56488
0.54875
0.50440
0.76075
0.51133
0.00772
0.51000
0.17499
0.44764
0.09942
0.39034
0.08937
0.03339
0.20702
0.96452
0.78766
0.25889
0.31804
0.32725
0.50270
0.99824
0.93051
0.57966
0.69781
0.22357
0.38184
0.36673
0.83001
0.44087
0.44076
0.65468
0.74065
0.18873
0.39138
0.28432
0.76316
0.60468
0.84904
0.08268
0.27135
0.36938
0.15409
0.61725
0.08991
0.54809
0.71635
0.06740
0.73439
0.50836
0.28249
0.29310
0.86806
0.73960
0.00920
0.93171
0.64970
0.67324
0.12947
0.41914
0.87874
0.86401
0.81287
0.61569
0.58990
0.81895
0.05108
0.25706
0.10751
0.02015
0.35648
0.66808
0.06378
0.98982
0.79459
0.21961
0.38637
0.55949
0.00854
0.36196
0.01110
0.29597
0.03305
0.44616
0.47117
0.83172
0.17750
0.82595
0.98989
0.02154
0.97271
0.16167
0.61142
0.89819
0.59435
0.54950
0.09153
0.53272
0.92852
0.09493
0.37928
0.53854
0.00122
0.00566
0.48056
0.57387
0.25709
0.44321
0.36627
0.97783
0.27067
0.10080
0.68587
0.99077
0.77306
0.34517
0.49269
0.78887
0.62708
0.01480
0.74175
0.46799
0.46041
0.81820
0.17580
0.33075
0.94503
0.55464
0.24869
0.74589
0.66140
0.07740
0.98932
0.77101
0.34634
0.02383
0.71479
0.25162
0.75451
0.12375
0.06837
0.15745
0.38135
0.22904
0.49516
0.00302
0.46140
0.13790
0.77661
0.46509
0.54938
0.91995
0.85092
0.10183
0.43498
0.70616
0.49478
0.12114
0.61948
0.41090
0.76352
0.47120
0.57550
0.42498
0.48945
0.95079
0.24293
0.81830
0.53295
0.69418
0.23160
0.78102
0.12403
0.31318
0.48737
0.97044
0.99859
0.17465
0.38028
0.12500
0.32462
0.13665
0.64744
0.15132
0.26387
0.66814
0.40806
0.02586
0.22272
0.19151
0.33668
0.75606
0.02991
0.08720
0.95385
0.68440
0.10133
0.04132
0.96573
0.15986
0.17831
0.14554
0.43156
0.87149
0.62126
0.60057
0.43121
0.24060
0.90438
0.89092
0.54207
0.12395
0.78198
0.49683
0.31057
0.96302
0.06609
0.15420
0.06133
0.13787
0.06587
0.51090
0.66548
0.76339
0.52753
0.28970
0.74746
0.52152
0.80143
0.31085
0.93716
0.21540
0.74890
0.68988
0.85332
0.29165
0.97619
0.38553
0.04370
0.40470
0.61278
0.44435
0.40421
0.22767
0.07589
0.45026
0.90168
0.72602
0.26612
0.47285
0.73632
0.44084
0.43684
0.57467
0.92196
0.69407
0.87477
0.22987
0.34773
0.11609
0.80320
0.43184
0.39822
0.51031
0.70980
0.13437
0.91115
0.00473
0.40373
0.97368
0.89441
0.57721
0.90789
0.05451
0.92436
0.27694
0.42391
0.61175
0.23828
0.50659
0.59105
0.09048
0.72560
0.69765
0.34757
0.93094
0.78915
0.51966
0.04164
0.21614
0.43257
0.64121
0.08578
0.96365
0.60497
0.65461
0.52014
0.34324
0.72971
0.14954
0.48282
0.17639
0.86988
0.46387
0.47630
0.92672
0.52091
0.91026
0.25997
0.17639
0.37347
0.66089
0.48995
0.83564
0.07971
0.76807
0.69226
0.64218
0.37369
0.80182
0.67135
0.02487
0.24370
0.71307
0.45828
0.06438
0.69050
0.58657
0.22540
0.69114
0.40256
0.84952
0.65292
0.35653
0.29685
0.40079
0.36500
0.75465
0.95161
0.20234
0.72866
0.67388
0.34540
0.86861
0.44943
0.04410
0.54945
0.69498
0.26616
0.05469
0.02400
0.19956
0.96698
0.74129
0.50943
0.04761
0.41062
0.71979
0.15183
0.96509
0.68645
0.13756
0.69494
0.03594
0.15786
0.96897
0.54168
0.63566
0.57826
0.48283
0.74889
0.89713
0.43435
0.95954
0.52618
0.47166
0.39197
0.47632
0.12174
0.28796
0.67904
0.36193
0.22362
0.76288
0.53355
0.65626
0.47540
0.90807
0.45045
0.67611
0.59071
0.12677
0.50081
0.05466
0.05740
0.40610
0.45724
0.30831
0.98147
0.36936
0.90570
0.09604
0.82469
0.38605
0.12484
0.39424
0.67114
0.91260
0.67168
0.12635
0.51979
0.07778
0.41188
0.75909
0.37672
0.53875
0.38128
0.10757
0.98015
0.71220
0.11974
0.12502
0.72159
0.63096
0.13845
0.22145
0.97338
0.25222
0.83452
0.53695
0.37279
0.07157
0.05500
0.30761
0.61215
0.95342
0.83357
0.92317
0.75180
0.31691
0.48178
0.71196
0.74397
0.20107
0.36171
0.59821
0.68354
0.86787
0.91691
0.59008
0.82107
0.95796
0.27638
0.14943
0.83329
0.60149
0.00705
0.09749
0.03489
0.76698
0.18056
0.04752
0.25857
0.19595
0.98164
0.80653
0.26699
0.63539
0.05770
0.02020
0.23558
0.72252
0.77493
0.32040
0.33512
0.21877
0.44237
0.25580
0.54328
0.28468
0.01610
0.00762
0.59101
0.60411
0.86791
0.64042
0.87990
0.95910
0.85220
0.80632
0.92116
0.43030
0.19122
0.14915
0.53544
0.83924
0.76283
0.20848
0.59178
0.22387
0.33297
0.42737
0.76394
0.10489
0.37503
0.55432
0.90547
0.42838
0.80576
0.26031
0.13351
0.73730
0.90080
0.91879
0.17119
0.81773
0.26794
0.78871
0.57954
0.32756
0.22076
0.16184
0.62107
0.76562
0.05696
0.15902
0.75644
0.94940
0.96794
0.23993
0.93174
0.21277
0.30418
0.82487
0.61213
0.67686
0.40903
0.24126
0.33786
0.26576
0.25591
0.25483
0.84084
0.87710
0.55450
0.90007
0.15376
0.02150
0.92759
0.98448
0.93512
0.68728
0.32776
0.50014
0.14995
0.70365
0.79689
0.21868
0.36855
0.99295
0.49316
0.96090
0.08722
0.65135
0.22593
0.06468
0.43201
0.93132
0.57390
0.25123
0.27595
0.26899
0.87129
0.94191
0.52133
0.64696
0.08081
0.64208
0.61373
0.95326
0.81929
0.03263
0.46153
0.34557
0.27143
0.50042
0.80553
0.39314
0.39457
0.71191
0.19608
0.19398
0.07579
0.64823
0.75336
0.13730
0.85509
0.29954
0.93272
0.36570
0.64229
0.61908
0.16323
0.55472
0.51837
0.33672
0.10873
0.56004
0.45195
0.58656
0.72577
0.08724
0.81831
0.14855
0.91302
0.69568
0.15816
0.49916
0.07116
0.41707
0.30557
0.00312
0.97068
0.99948
0.16080
0.69286
0.53272
0.29416
0.36805
0.68381
0.86821
0.76494
0.47570
0.75474
0.64162
0.92960
0.81128
0.66734
0.40693
0.11752
0.59593
0.88555
0.65183
0.50422
0.19387
0.04680
0.41267
0.66295
0.29027
0.91996
0.67279
0.15938
0.80438
0.92606
0.48903
0.90782
0.58828
0.98528
0.94219
0.17026
0.40439
0.50352
0.18668
0.73274
0.71909
0.75168
0.84663
0.44652
0.81844
0.94461
0.22123
0.99238
0.21561
0.31311
0.00439
0.27904
0.00918
0.85218
0.54923
0.58192
0.79707
0.64913
0.59356
0.92601
0.70518
0.59319
0.13521
0.80507
0.12822
0.38719
0.06084
0.53128
0.48523
0.76221
0.04062
0.22172
0.15552
0.31444
0.85951
0.39100
0.55899
0.25545
0.30139
0.68609
0.25340
0.94015
0.36420
0.22047
0.65634
0.67927
0.24624
0.10670
0.50864
0.75236
0.03873
0.47664
0.39668
0.80105
0.18834
0.40940
0.61279
0.93614
0.75579
0.09355
0.83584
0.85162
0.64386
0.24986
0.37373
0.26888
0.09025
0.80557
0.49296
0.58506
0.26013
0.82738
0.88608
0.97200
0.12907
0.80712
0.14864
0.09826
0.82748
0.91248
0.27854
0.84940
0.87180
0.12807
0.87888
0.97463
0.47819
0.29702
0.28134
0.22425
0.04433
0.14833
0.92109
0.05767
0.37626
0.30391
0.49641
0.05158
0.36628
0.31906
0.97553
0.97006
0.32453
0.17635
0.45602
0.37673
0.81154
0.78506
0.01306
0.33398
0.30671
0.14897
0.30774
0.06802
0.31932
0.71983
0.42967
0.75453
0.94313
0.03020
0.72046
0.72059
0.32205
0.68370
0.18247
0.11257
0.99765
0.65911
0.30715
0.11623
0.83583
0.07201
0.15975
0.29649
0.20470
0.42822
0.65077
0.27501
0.14124
0.81420
0.10198
0.50778
0.74323
0.76947
0.12373
0.10607
0.49593
0.71794
0.32032
0.92130
0.78167
0.03803
0.06432
0.64951
0.92247
0.96601
0.87770
0.10044
0.10857
0.03662
0.38094
0.63143
0.37896
0.06556
0.02019
0.66784
0.97803
0.33452
0.43254
0.34089
0.37241
0.80093
0.55275
0.23117
0.26822
0.69710
0.18428
0.01000
0.81739
0.90818
0.11192
0.49789
0.85454
0.66292
0.43772
0.68228
0.09746
0.06326
0.95737
0.05839
0.25837
0.01745
0.80564
0.06835
0.41175
0.51530
0.62055
0.97256
0.62632
0.49907
0.78178
0.91784
0.01298
0.93125
0.81758
0.84300
0.80300
0.83946
0.14061
0.14911
0.40823
0.05497
0.28726
0.64203
0.40441
0.02422
0.75724
0.55015
0.64204
0.00243
0.78326
0.19874
0.44444
0.10953
0.97368
0.29392
0.85877
0.30428
0.05519
0.95005
0.02539
0.71373
0.36344
0.26147
0.00335
0.98726
0.98282
0.14370
0.41396
0.10997
0.49873
0.19321
0.25058
0.98446
0.55323
0.99078
0.22025
0.85000
0.55364
0.61367
0.96364
0.31772
0.56744
0.26570
0.31746
0.58515
0.81480
0.27311
0.40390
0.97063
0.16697
0.44328
0.66695
0.24862
0.68653
0.87361
0.78736
0.83724
0.08823
0.85671
0.36491
0.43811
0.66276
0.22338
0.56704
0.64905
0.76379
0.19717
0.43665
0.90213
0.42956
0.32877
0.71603
0.96167
0.18576
0.76766
0.01993
0.52784
0.25805
0.52747
0.42311
0.74195
0.23060
0.91995
0.67696
0.98676
0.90592
0.10282
0.77339
0.51809
0.21230
0.44604
0.23043
0.83913
0.27192
0.28926
0.92336
0.34761
0.83808
0.04015
0.09275
0.34417
0.28314
0.20198
0.06077
0.67965
0.78652
0.09073
0.25098
0.38194
0.73076
0.83352
0.03531
0.23340
0.35998
0.55130
0.88665
0.61122
0.18795
0.65256
0.68010
0.45462
0.45043
0.02729
0.26007
0.02855
0.97550
0.58730
0.85640
0.00890
0.58262
0.11468
0.45359
0.99540
0.45590
0.16695
0.43406
0.45097
0.31386
0.27246
0.52394
0.68743
0.95322
0.15021
0.71851
0.31896
0.64773
0.73722
0.47200
0.57914
0.28571
0.92763
0.91423
0.71727
0.75866
0.69869
0.18653
0.30382
0.28740
0.87167
0.37122
0.70430
0.77242
0.89144
0.59284
0.18127
0.37330
0.20455
0.35161
0.14636
0.55571
0.36117
0.83717
0.22342
0.51204
0.44542
0.32336
0.38142
0.00200
0.85684
0.37349
0.17704
0.65906
0.77154
0.94872
0.82632
0.29447
0.14164
0.30035
0.37750
0.93763
0.91221
0.91583
0.01754
0.61370
0.96771
0.98220
0.21737
0.20519
0.84774
0.58329
0.64708
0.53505
0.47292
0.35030
0.33134
0.81998
0.29734
0.22276
0.58837
0.04741
0.57558
0.57654
0.32459
0.55225
0.21223
0.35774
0.41807
0.24693
0.58598
0.99008
0.02010
0.31594
0.82672
0.90459
0.21009
0.70581
0.08007
0.17672
0.39673
0.14692
0.94458
0.46181
0.07855
0.94807
0.90496
0.70677
0.17838
0.11598
0.78101
0.70998
0.04961
0.98103
0.95224
0.54067
0.57889
0.31263
0.08058
0.67282
0.72329
0.46660
0.03711
0.65705
0.65687
0.08553
0.13079
0.38497
0.22673
0.25430
0.17009
0.29183
0.45373
0.24884
0.91985
0.04083
0.09599
0.56230
0.69188
0.64147
0.56723
0.27186
0.21408
0.40193
0.15378
0.61527
0.82052
0.57744
0.40744
0.62661
0.59485
0.42659
0.59784
0.54514
0.43355
0.41347
0.52114
0.62789
0.28245
0.13980
0.79988
0.67056
0.76916
0.56278
0.20665
0.02687
0.34667
0.04010
0.38125
0.00434
0.47905
0.35816
0.06719
0.58551
0.52201
0.11100
0.97878
0.20444
0.77405
0.60021
0.25450
0.77945
0.21430
0.17004
0.79648
0.52266
0.21542
0.96705
0.85861
0.83900
0.29980
0.35855
0.71881
0.52736
0.43710
0.44661
0.60150
0.19972
0.11342
0.65168
0.51434
0.26073
0.49697
0.64665
0.00504
0.83773
0.06940
0.02482
0.32301
0.11488
0.62849
0.15063
0.16115
0.74838
0.51396
0.40036
0.71674
0.65534
0.26264
0.16490
0.70307
0.53635
0.72780
0.85489
0.17802
0.05421
0.77464
0.62522
0.04845
0.08308
0.40347
0.21311
0.93794
0.28428
0.17592
0.83071
0.70562
0.96215
0.17621
0.37624
0.31790
0.75627
0.57874
0.01412
0.98233
0.45540
0.12555
0.11861
0.49382
0.11047
0.97022
0.22514
0.71063
0.90514
0.65809
0.84659
0.84148
0.77651
0.92764
0.67175
0.88037
0.14559
0.40521
0.71038
0.83379
0.14795
0.39223
0.57960
0.02380
0.91315
0.23666
0.91067
0.43528
0.24086
0.38225
0.93032
0.07676
0.06173
0.22277
0.50580
0.43988
0.82539
0.66535
0.18071
0.96507
0.83350
0.51561
0.15029
0.20967
0.13288
0.93312
0.27449
0.10418
0.85596
0.50099
0.31418
0.99743
0.20200
0.67156
0.48077
0.21733
0.58148
0.69920
0.20623
0.87375
0.94973
0.59348
0.67776
0.32442
0.28087
0.16409
0.32415
0.35460
0.46943
0.44017
0.08354
0.39201
0.88491
0.07433
0.49081
0.06192
0.47397
0.16853
0.57994
0.73029
0.34604
0.65551
0.84187
0.09904
0.01904
0.13598
0.56284
0.40314
0.91795
0.98970
0.17916
0.06876
0.53370
0.84827
0.75418
0.99095
0.92044
0.99769
0.84074
0.73078
0.88826
0.37782
0.98853
0.51639
0.78632
0.22605
0.65553
0.93027
0.23983
0.41549
0.85889
0.93140
0.86801
0.82269
0.99696
0.63810
0.05119
0.41988
0.88026
0.36354
0.83962
0.43186
0.32227
0.99606
0.02530
0.78769
0.53108
0.31006
0.04597
0.40520
0.67965
0.24291
0.85750
0.85362
0.71621
0.45222
0.94839
0.27452
0.89035
0.96059
0.20768
0.42033
0.94001
0.14317
0.51298
0.71532
0.53900
0.66243
0.69540
0.68669
0.34410
0.65679
0.72914
0.82576
0.88888
0.31471
0.44592
0.87430
0.89760
0.80996
0.33631
0.12173
0.65514
0.49613
0.63218
0.10626
0.82197
0.81512
0.75248
0.68330
0.03008
0.65210
0.96357
0.31809
0.96446
0.11732
0.66137
0.46451
0.10575
0.16541
0.38755
0.48139
0.28983
0.05132
0.86423
0.11192
0.83148
0.62828
0.87165
0.49630
0.89982
0.19852
0.59124
0.64728
0.91627
0.18987
0.41027
0.30518
0.19527
0.86186
0.43290
0.88617
0.76354
0.53021
0.94769
0.50231
0.57375
0.19308
0.06191
0.20906
0.86636
0.16198
0.91422
0.60936
0.12612
0.34569
0.52761
0.60624
0.08869
0.35979
0.58097
0.31162
0.69088
0.13144
0.27430
0.66224
0.34657
0.13840
0.61947
0.65060
0.87595
0.71813
0.05981
0.62107
0.82784
0.62575
0.21712
0.43234
0.40309
0.90913
0.17547
0.73819
0.13483
0.75688
0.55137
0.09975
0.58444
0.31032
0.47525
0.58638
0.87018
0.77427
0.54267
0.61319
0.05538
0.06382
0.52957
0.61711
0.64425
0.97366
0.71400
0.99938
0.88035
0.82111
0.96490
0.68874
0.65055
0.17853
0.37244
0.79592
0.04162
0.64172
0.52663
0.73515
0.54820
0.06511
0.89488
0.53623
0.61458
0.50803
0.91872
0.25752
0.63225
0.69382
0.09457
0.07160
0.68573
0.40991
0.87915
0.98036
0.45274
0.26860
0.77665
0.71237
0.45744
0.67159
0.53153
0.69518
0.78606
0.65988
0.09576
0.49295
0.26990
0.52579
0.30628
0.87819
0.35531
0.98475
0.93859
0.65097
0.26489
0.20802
0.69220
0.31881
0.40903
0.01913
0.95348
0.98588
0.30906
0.87389
0.92407
0.39848
0.66886
0.35433
0.06393
0.65622
0.23483
0.83170
0.05590
0.78681
0.25542
0.69445
0.37415
0.37768
0.35493
0.58990
0.25686
0.41231
0.61325
0.26901
0.96255
0.63992
0.66324
0.36474
0.13194
0.43726
0.07775
0.23210
0.77955
0.25937
0.81271
0.41117
0.05707
0.91364
0.57826
0.36865
0.24677
0.16971
0.96393
0.09853
0.23350
0.95456
0.11632
0.82627
0.15442
0.35669
0.03354
0.97711
0.13167
0.47804
0.84359
0.73811
0.65611
0.48827
0.65291
0.42824
0.37119
0.96310
0.85749
0.29157
0.76032
0.60461
0.56005
0.97412
0.17239
0.72430
0.35504
0.61535
0.50369
0.37357
0.81507
0.96548
0.80081
0.43125
0.22832
0.47621
0.46299
0.10346
0.73309
0.53708
0.51558
0.74194
0.89516
0.41124
0.81436
0.23502
0.27152
0.53866
0.00012
0.91433
0.96597
0.93209
0.67802
0.27082
0.67671
0.44220
0.01811
0.96335
0.35242
0.49924
0.49821
0.58548
0.72689
0.06576
0.11811
0.84069
0.11174
0.84850
0.20143
0.03684
0.11750
0.51431
0.44087
0.38515
0.10344
0.39034
0.48655
0.96608
0.02523
0.84952
0.51600
0.47380
0.99655
0.60450
0.91231
0.04290
0.71726
0.77120
0.77636
0.07555
0.07659
0.59968
0.04199
0.41011
0.92702
0.90958
0.89961
0.66245
0.39254
0.02680
0.10049
0.47590
0.37982
0.55820
0.22602
0.17730
0.09539
0.81241
0.07002
0.21822
0.02752
0.22420
0.54608
0.13332
0.94668
0.55402
0.06441
0.84991
0.07240
0.68306
0.28764
0.58612
0.94998
0.46959
0.28121
0.88223
0.99344
0.99939
0.23817
0.37446
0.15261
0.43978
0.61599
0.80315
0.12613
0.95035
0.15676
0.44543
0.05490
0.71914
0.65588
0.62128
0.99914
0.97873
0.69058
0.39487
0.28136
0.77057
0.65648
0.80438
0.46253
0.57076
0.57299
0.32316
0.54083
0.31200
0.68782
0.72476
0.74756
0.21125
0.34715
0.99706
0.50945
0.99005
0.01650
0.76669
0.05400
0.70084
0.08950
0.04624
0.05044
0.28775
0.47065
0.84527
0.26225
0.83248
0.90669
0.78836
0.95918
0.68305
0.80964
0.56647
0.24671
0.40888
0.97082
0.59565
0.24435
0.46761
0.49722
0.08363
0.49936
0.99917
0.99026
0.12381
0.26301
0.90542
0.23942
0.69204
0.38380
0.89478
0.84824
0.78578
0.05214
0.28035
0.92363
0.62174
0.00377
0.22150
0.66850
0.21933
0.44954
0.52951
0.93720
0.75536
0.68879
0.38836
0.14753
0.13015
0.67062
0.09407
0.12480
0.31678
0.36003
0.04747
0.21002
0.55515
0.40338
0.66609
0.68015
0.11744
0.66183
0.72963
0.50032
0.15527
0.24798
0.45220
0.70983
0.32386
0.48978
0.49335
0.69759
0.92569
0.67920
0.05041
0.04374
0.38531
0.01587
0.73678
0.58498
0.81286
0.19212
0.01999
0.76827
0.91034
0.53498
0.42724
0.41355
0.40416
0.84988
0.74965
0.00530
0.68652
0.31305
0.85264
0.62262
0.95310
0.11824
0.54891
0.37572
0.36447
0.91105
0.76229
0.24307
0.40045
0.81864
0.55907
0.65739
0.33100
0.16565
0.70146
0.22111
0.28523
0.50667
0.62528
0.68652
0.50939
0.36251
0.85246
0.60272
0.44921
0.41056
0.27340
0.77464
0.33481
0.64905
0.08244
0.27596
0.35623
0.40795
0.16181
0.97062
0.48206
0.60358
0.74868
0.01595
0.42513
0.72773
0.12844
0.67319
0.36471
0.04204
0.13471
0.53044
0.41860
0.30782
0.37059
0.44148
0.16488
0.11017
0.88689
0.80326
0.20537
0.88394
0.85953
0.38876
0.18436
0.00074
0.39174
0.68715
0.78781
0.33143
0.82105
0.81470
0.17240
0.84072
0.33180
0.71577
0.13859
0.28427
0.35974
0.28343
0.26939
0.78911
0.34019
0.44918
0.46303
0.20904
0.12126
0.95691
0.10023
0.81538
0.83610
0.04426
0.46426
0.01136
0.71108
0.59185
0.46575
0.29728
0.08438
0.67290
0.25842
0.06966
0.33708
0.21386
0.49792
0.96784
0.29186
0.33515
0.46743
0.04814
0.52618
0.31497
0.04555
0.89724
0.52035
0.07207
0.01550
0.11951
0.73720
0.37942
0.71472
0.02062
0.74628
0.50587
0.93015
0.25459
0.51580
0.09138
0.07925
0.36359
0.20494
0.03962
0.66079
0.00089
0.23614
0.19540
0.52945
0.69786
0.02567
0.76998
0.16511
0.00853
0.84522
0.40602
0.41817
0.12122
0.69266
0.30519
0.49527
0.57970
0.78654
0.20246
0.13912
0.99638
0.01613
0.89605
0.98937
0.56822
0.02885
0.35049
0.80060
0.51371
0.57112
0.68406
0.30151
0.01861
0.67231
0.84584
0.71099
0.99692
0.95868
0.64064
0.71465
0.34131
0.19304
0.24138
0.79283
0.26524
0.30167
0.20071
0.72632
0.47339
0.11135
0.63784
0.53114
0.22593
0.12391
0.11931
0.04662
0.32817
0.01767
0.25673
0.51149
0.97204
0.66836
0.25435
0.56693
0.74348
0.37335
0.67391
0.65633
0.52061
0.07926
0.11838
0.20404
0.76987
0.48614
0.89358
0.61696
0.46742
0.00118
0.54417
0.90266
0.19668
0.85211
0.32073
0.79858
0.76113
0.63745
0.72630
0.89994
0.15286
0.75796
0.21129
0.22669
0.53841
0.75626
0.01258
0.74739
0.60622
0.16135
0.65107
0.88926
0.95035
0.99300
0.65126
0.54081
0.79215
0.30292
0.91113
0.66091
0.39643
0.51762
0.95517
0.19095
0.09117
0.97586
0.57987
0.21725
0.44607
0.76640
0.63683
0.37473
0.55200
0.95206
0.86983
0.67614
0.83526
0.31274
0.48755
0.32496
0.80347
0.74956
0.58780
0.40141
0.97327
0.16222
0.79967
0.02056
0.73667
0.26404
0.35430
0.84962
0.33684
0.40042
0.65167
0.57401
0.84208
0.98636
0.35846
0.99765
0.66211
0.80389
0.76275
0.44125
0.26544
0.73153
0.51798
0.54006
0.24948
0.53731
0.88423
0.42675
0.84520
0.30637
0.31561
0.48284
0.33368
0.68201
0.67179
0.04349
0.70513
0.52376
0.11714
0.48162
0.47937
0.74765
0.53641
0.47465
0.92075
0.80996
0.85274
0.40486
0.50407
0.91446
0.34312
0.05606
0.02997
0.02271
0.57576
0.99832
0.11364
0.72186
0.10134
0.18515
0.27331
0.19898
0.11387
0.33368
0.69896
0.95501
0.62346
0.10134
0.51163
0.37901
0.99419
0.71448
0.39429
0.41821
0.47162
0.54055
0.06225
0.30901
0.54623
0.48163
0.75409
0.89876
0.74308
0.71253
0.10181
0.20179
0.32914
0.78042
0.01256
0.01324
0.51932
0.03090
0.58442
0.79675
0.62499
0.19014
0.80107
0.00178
0.97512
0.73186
0.08970
0.42172
0.81432
0.09002
0.65955
0.28259
0.91406
0.90278
0.54388
0.59148
0.12254
0.04708
0.56387
0.65130
0.55983
0.06845
0.46458
0.10143
0.98347
0.77320
0.42775
0.47714
0.35618
0.49843
0.04657
0.73171
0.05343
0.60972
0.96386
0.95356
0.26065
0.78135
0.15827
0.71277
0.37069
0.98290
0.24650
0.78439
0.52029
0.16718
0.09684
0.48916
0.95169
0.34162
0.78829
0.26270
0.81802
0.49173
0.24632
0.21451
0.66462
0.52419
0.93321
0.29169
0.88773
0.52402
0.51412
0.61211
0.58510
0.02223
0.31447
0.92779
0.62113
0.16147
0.12001
0.56408
0.44912
0.96720
0.85300
0.32080
0.09303
0.96457
0.87628
0.92996
0.55217
0.11436
0.29652
0.68570
0.20422
0.61504
0.50459
0.36370
0.94643
0.11776
0.80702
0.69182
0.54370
0.09297
0.38475
0.12225
0.53727
0.92842
0.66200
0.83865
0.21817
0.65736
0.90960
0.31769
0.99517
0.17946
0.99808
0.10927
0.61671
0.05529
0.74311
0.16442
0.29207
0.97760
0.88523
0.31163
0.68506
0.77073
0.54064
0.21456
0.73648
0.78259
0.23756
0.14293
0.40804
0.69847
0.71280
0.84678
0.12040
0.03532
0.72357
0.52310
0.80175
0.49744
0.61652
0.21051
0.53857
0.49469
0.22265
0.89584
0.33452
0.92113
0.57202
0.16350
0.02474
0.22208
0.21252
0.27260
0.21300
0.44750
0.76315
0.29103
0.06114
0.83844
0.38709
0.52433
0.75368
0.46740
0.76848
0.55057
0.33933
0.49858
0.33409
0.84336
0.08973
0.90294
0.02287
0.47154
0.91617
0.52349
0.27209
0.55059
0.01315
0.59751
0.40086
0.83873
0.09066
0.06301
0.69261
0.14067
0.55848
0.96119
0.39679
0.01060
0.74343
0.33583
0.87747
0.50517
0.16488
0.38116
0.04373
0.37129
0.54173
0.55613
0.01191
0.50933
0.64758
0.67817
0.38244
0.76886
0.91476
0.59095
0.35896
0.49482
0.14616
0.01659
0.46160
0.90280
0.28434
0.03538
0.13323
0.80489
0.33645
0.97706
0.32264
0.66722
0.51340
0.59492
0.28779
0.41260
0.85754
0.56178
0.44735
0.27968
0.86712
0.84732
0.81085
0.80975
0.74835
0.46122
0.21952
0.50061
0.70380
0.82296
0.18515
0.28923
0.12982
0.58876
0.97810
0.10940
0.84448
0.65465
0.05386
0.54598
0.63146
0.13038
0.19412
0.67660
0.59919
0.20040
0.21764
0.65468
0.24812
0.80786
0.14794
0.24031
0.08336
0.99582
0.78103
0.51768
0.91902
0.72519
0.53368
0.77627
0.36958
0.91184
0.98751
0.47475
0.00334
0.33857
0.78862
0.75883
0.44520
0.49887
0.88989
0.82317
0.48713
0.26841
0.49118
0.73442
0.24672
0.15894
0.52191
0.98970
0.04158
0.46128
0.04530
0.85226
0.24697
0.95583
0.41093
0.58508
0.61356
0.80289
0.89238
0.72026
0.86946
0.48840
0.54972
0.00438
0.92350
0.58033
0.03397
0.81362
0.48555
0.56224
0.67538
0.27159
0.92964
0.58848
0.47451
0.79404
0.35295
0.14174
0.90772
0.78201
0.86796
0.90590
0.98685
0.67132
0.44270
0.74332
0.46735
0.19909
0.99510
0.28907
0.76066
0.51767
0.24160
0.57433
0.53458
0.80200
0.15658
0.69265
0.34707
0.06573
0.03980
0.14275
0.39764
0.37446
0.29818
0.03520
0.41185
0.28610
0.68855
0.28920
0.23241
0.80306
0.68930
0.71877
0.33251
0.76311
0.13381
0.72821
0.75563
0.93732
0.99251
0.23827
0.28966
0.18301
0.83971
0.99988
0.61910
0.04216
0.47999
0.20678
0.23063
0.21022
0.71059
0.88689
0.02171
0.99910
0.95146
0.77051
0.08312
0.30499
0.69553
0.94986
0.29170
0.17837
0.47101
0.37022
0.91694
0.27247
0.52628
0.70440
0.71708
0.82320
0.75943
0.27122
0.03500
0.12679
0.48072
0.96618
0.72562
0.22133
0.07514
0.53886
0.34062
0.96781
0.53850
0.01437
0.06579
0.91711
0.47757
0.91885
0.65770
0.77958
0.22263
0.53070
0.84839
0.48530
0.33310
0.94653
0.83863
0.69672
0.38432
0.79552
0.41167
0.10474
0.83967
0.30347
0.70959
0.61501
0.08939
0.67320
0.76741
0.58212
0.93585
0.27185
0.11571
0.14608
0.16298
0.33151
0.28351
0.54734
0.04725
0.69857
0.87863
0.23831
0.37375
0.16570
0.11779
0.57850
0.97975
0.41043
0.15679
0.33558
0.77606
0.72824
0.42824
0.35820
0.22077
0.18151
0.45494
0.76147
0.57704
0.45304
0.41082
0.90657
0.04730
0.00011
0.09431
0.25354
0.87901
0.21661
0.33484
0.39395
0.84251
0.13806
0.45478
0.21089
0.80750
0.19594
0.86060
0.46885
0.24527
0.49890
0.07743
0.50618
0.33512
0.56930
0.73665
0.04619
0.37289
0.39813
0.51808
0.00112
0.34656
0.24104
0.69872
0.16454
0.94299
0.68172
0.34096
0.48669
0.26265
0.48522
0.02226
0.40053
0.06508
0.78087
0.48746
0.29644
0.26074
0.37067
0.50730
0.80065
0.94663
0.29200
0.64041
0.43787
0.52601
0.54557
0.25953
0.02572
0.08089
0.67568
0.99576
0.72540
0.77886
0.90314
0.78973
0.65893
0.82902
0.20522
0.72949
0.95018
0.09901
0.74179
0.24040
0.88704
0.82985
0.64523
0.69242
0.78215
0.40765
0.88135
0.48143
0.05296
0.86997
0.27616
0.08390
0.53262
0.45017
0.43916
0.57342
0.40478
0.75249
0.40955
0.46601
0.31509
0.88843
0.66577
0.41440
0.07693
0.14436
0.42360
0.63885
0.23667
0.36033
0.98665
0.31649
0.81864
0.15194
0.08982
0.02783
0.81248
0.14909
0.49748
0.61345
0.11898
0.38625
0.48197
0.07571
0.20055
0.51812
0.02815
0.72147
0.67721
0.50086
0.75087
0.61304
0.43108
0.63173
0.69752
0.99815
0.19800
0.27725
0.67415
0.00497
0.39106
0.29097
0.92854
0.18741
0.70965
0.17136
0.28999
0.49301
0.73728
0.82887
0.40369
0.22221
0.15725
0.43644
0.77193
0.83386
0.25305
0.73270
0.06501
0.05091
0.18306
0.03597
0.29316
0.58217
0.95230
0.82731
0.81052
0.39339
0.49747
0.87890
0.54350
0.19997
0.16213
0.27276
0.77441
0.25012
0.66459
0.71026
0.81434
0.13791
0.75772
0.43239
0.79465
0.55080
0.74187
0.98717
0.28269
0.14184
0.67750
0.15098
0.94283
0.16489
0.19995
0.01308
0.27117
0.73669
0.29719
0.32733
0.83142
0.15233
0.95268
0.67346
0.88414
0.39844
0.16679
0.87722
0.04551
0.28862
0.91692
0.87362
0.44034
0.95543
0.38549
0.47097
0.96714
0.89285
0.76932
0.12947
0.66818
0.60141
0.23362
0.02358
0.40614
0.24589
0.51091
0.18102
0.02352
0.00235
0.30016
0.66040
0.68297
0.82035
0.71257
0.07446
0.47033
0.47395
0.44444
0.09666
0.70103
0.40372
0.87283
0.14168
0.96728
0.36780
0.32556
0.40591
0.11863
0.03535
0.81257
0.92095
0.45015
0.03557
0.25682
0.83601
0.07857
0.59649
0.10518
0.61964
0.17519
0.74244
0.49631
0.97940
0.90014
0.83442
0.51272
0.31305
0.41586
0.62748
0.67603
0.28449
0.44428
0.24745
0.80641
0.03712
0.41302
0.40581
0.47774
0.82665
0.41774
0.91321
0.20705
0.68607
0.66590
0.73306
0.17992
0.83956
0.23323
0.86053
0.95213
0.78178
0.91674
0.36460
0.68823
0.98569
0.33504
0.12625
0.70449
0.49072
0.61456
0.95992
0.49856
0.31251
0.12377
0.36334
0.51474
0.39711
0.16750
0.68404
0.86493
0.68845
0.48165
0.18379
0.45515
0.42748
0.32572
0.57972
0.88389
0.72486
0.71731
0.03173
0.38972
0.58326
0.66551
0.45003
0.11555
0.91191
0.65631
0.48039
0.74724
0.32176
0.03203
0.38021
0.16027
0.27289
0.12106
0.45412
0.41991
0.90553
0.85594
0.71789
0.21123
0.19465
0.33363
0.11619
0.45921
0.55455
0.81401
0.85824
0.52446
0.37163
0.02377
0.28554
0.69848
0.58204
0.04169
0.95726
0.07961
0.86985
0.66868
0.41392
0.93502
0.11230
0.76846
0.53773
0.01157
0.61082
0.52687
0.83005
0.32595
0.56287
0.27712
0.26221
0.74127
0.00751
0.81753
0.21315
0.55015
0.88272
0.35291
0.08958
0.67082
0.95604
0.32334
0.51575
0.72779
0.05737
0.01158
0.02137
0.80890
0.54597
0.46799
0.58141
0.07294
0.04442
0.13483
0.59994
0.12083
0.74465
0.07996
0.76013
0.74560
0.08408
0.35113
0.17828
0.41138
0.15220
0.98852
0.42451
0.57015
0.27134
0.83991
0.35014
0.04677
0.47999
0.70711
0.93650
0.27820
0.35639
0.74670
0.04893
0.30144
0.99528
0.27099
0.71673
0.30144
0.66024
0.18691
0.04357
0.91032
0.58794
0.27731
0.19784
0.59039
0.25985
0.78196
0.88628
0.00584
0.83173
0.86418
0.16125
0.89163
0.33344
0.63600
0.71612
0.76490
0.93820
0.86151
0.74385
0.55525
0.79153
0.93606
0.13525
0.77910
0.17549
0.20687
0.45693
0.73423
0.77669
0.17564
0.66146
0.90809
0.64315
0.60173
0.55543
0.21065
0.64970
0.49412
0.61391
0.31039
0.96547
0.61626
0.66358
0.41088
0.91113
0.89390
0.29876
0.94892
0.06327
0.71706
0.93375
0.02967
0.94233
0.88944
0.64149
0.59440
0.64203
0.78828
0.29605
0.99606
0.70451
0.43436
0.67875
0.87373
0.60560
0.93368
0.39546
0.72143
0.44022
0.00654
0.96838
0.92122
0.27200
0.71145
0.65731
0.62378
0.89789
0.03003
0.36957
0.49726
0.64059
0.78854
0.14628
0.66777
0.05655
0.17417
0.20690
0.43486
0.09355
0.93927
0.52946
0.91852
0.80873
0.19322
0.22189
0.57359
0.20443
0.26698
0.75263
0.52132
0.38056
0.65375
0.30099
0.54667
0.27109
0.54865
0.13110
0.08469
0.34327
0.35825
0.80489
0.92035
0.68032
0.72388
0.76639
0.68035
0.23913
0.61551
0.74153
0.04292
0.73217
0.22513
0.21625
0.68421
0.78526
0.52423
0.23309
0.92395
0.11623
0.97634
0.32644
0.07605
0.34603
0.89617
0.26123
0.92626
0.21025
0.56119
0.67951
0.46427
0.26047
0.63883
0.19911
0.38927
0.98807
0.02060
0.49476
0.22439
0.77208
0.18512
0.09857
0.69868
0.96119
0.70183
0.70929
0.16072
0.52358
0.01080
0.78129
0.91364
0.18371
0.83706
0.80717
0.61767
0.75494
0.34849
0.03916
0.23107
0.21457
0.74705
0.92289
0.91328
0.79723
0.29068
0.62416
0.98374
0.51865
0.72161
0.18445
0.41233
0.09486
0.95687
0.42212
0.75960
0.15259
0.67147
0.16385
0.53791
0.11092
0.85723
0.10641
0.60485
0.70685
0.78136
0.24776
0.71387
0.01426
0.19690
0.63687
0.89951
0.40852
0.85637
0.36623
0.10943
0.57154
0.74476
0.34258
0.30467
0.53617
0.45105
0.69704
0.64110
0.14256
0.01549
0.27547
0.33646
0.89122
0.15831
0.39175
0.03697
0.25364
0.68522
0.82372
0.03068
0.61952
0.39119
0.59124
0.07781
0.87387
0.12436
0.34760
0.68299
0.35879
0.54114
0.20184
0.88568
0.24338
0.73832
0.01834
0.77041
0.14526
0.03578
0.67474
0.35593
0.09883
0.57815
0.50193
0.96672
0.91418
0.47220
0.37874
0.19892
0.48890
0.50394
0.32952
0.96678
0.21060
0.05310
0.11658
0.38452
0.42574
0.58101
0.77245
0.08343
0.83914
0.01556
0.94088
0.84563
0.10982
0.96105
0.75449
0.43864
0.20419
0.02328
0.45491
0.01989
0.10142
0.59087
0.13671
0.84100
0.06369
0.41839
0.14005
0.26947
0.86442
0.67684
1.00000
0.91842
0.48559
0.10208
0.18390
0.45104
0.05902
0.51230
0.48016
0.36454
0.28198
0.16574
0.64461
0.71980
0.19029
0.58127
0.49766
0.68381
0.54565
0.00391
0.15468
0.55308
0.85724
0.99708
0.91825
0.28010
0.89138
0.95250
0.55299
0.03610
0.73040
0.88153
0.69108
0.32420
0.32939
0.54680
0.52936
0.72287
0.17876
0.97899
0.66483
0.33623
0.84813
0.21638
0.48696
0.06499
0.35011
0.63359
0.00665
0.90402
0.71523
0.28513
0.74812
0.50216
0.84803
0.62696
0.59186
0.51769
0.50340
0.20310
0.17832
0.54679
0.91467
0.91171
0.85318
0.00642
0.31816
0.18890
0.78358
0.42139
0.13431
0.78972
0.02983
0.93958
0.52790
0.51564
0.55425
0.09044
0.15639
0.71467
0.38987
0.17131
0.65702
0.78928
0.34838
0.68036
0.24449
0.18100
0.18341
0.14201
0.39883
0.26522
0.20270
0.00790
0.02445
0.13818
0.39522
0.53418
0.68428
0.02008
0.32481
0.33041
0.11161
0.69880
0.05028
0.36268
0.11809
0.47894
0.56747
0.93972
0.25732
0.36844
0.53209
0.45638
0.35073
0.09309
0.63572
0.11212
0.19807
0.59985
0.76769
0.01234
0.13200
0.43209
0.42242
0.08726
0.47551
0.20384
0.65016
0.71867
0.51348
0.18931
0.90664
0.00212
0.04660
0.60228
0.00937
0.50270
0.15126
0.36257
0.32302
0.22635
0.44224
0.35527
0.87664
0.92388
0.08987
0.49202
0.81806
0.81503
0.74653
0.51982
0.79894
0.73624
0.38508
0.68804
0.58656
0.01562
0.17230
0.88284
0.96680
0.50538
0.78620
0.76833
0.66080
0.99146
0.28872
0.26924
0.56965
0.14828
0.03816
0.93736
0.39323
0.31498
0.40896
0.49912
0.86315
0.70400
0.46249
0.93540
0.81584
0.18967
0.61611
0.40676
0.43561
0.30673
0.38958
0.03312
0.06050
0.01635
0.98471
0.57882
0.30579
0.54708
0.41115
0.83290
0.15915
0.03463
0.38847
0.87197
0.18714
0.81279
0.10367
0.98580
0.02101
0.40797
0.93412
0.69545
0.93327
0.83607
0.54248
0.57089
0.32349
0.39887
0.86898
0.37747
0.70680
0.30883
0.13799
0.52932
0.44998
0.27860
0.24069
0.21656
0.54638
0.10836
0.25010
0.17411
0.57792
0.30392
0.47407
0.19622
0.20338
0.45438
0.11302
0.44991
0.33932
0.38760
0.12777
0.46315
0.09502
0.79417
0.67708
0.27268
0.69258
0.67599
0.94547
0.58949
0.95348
0.03470
0.00814
0.40914
0.81363
0.77911
0.88263
0.65856
0.19298
0.43005
0.29914
0.75852
0.31315
0.24473
0.57910
0.25244
0.59228
0.73209
0.35660
0.32956
0.19250
0.52981
0.61958
0.34312
0.06692
0.45105
0.87161
0.84368
0.11909
0.89488
0.01478
0.40475
0.56967
0.18759
0.40445
0.98976
0.51079
0.61365
0.18363
0.03476
0.16958
0.24546
0.78779
0.32066
0.22630
0.41766
0.45492
0.13590
0.45109
0.04227
0.99197
0.53346
0.70572
0.62395
0.89689
0.30920
0.11696
0.68554
0.30371
0.83365
0.33044
0.05493
0.94271
0.61908
0.19408
0.79011
0.40038
0.46867
0.23460
0.10077
0.44641
0.31262
0.41238
0.36086
0.42548
0.29760
0.85117
0.58585
0.99625
0.49737
0.44671
0.51559
0.62487
0.53388
0.99693
0.25439
0.94469
0.06500
0.52588
0.78716
0.10087
0.20829
0.22521
0.89206
0.44233
0.88540
0.06397
0.81622
0.46926
0.09172
0.28668
0.78247
0.73262
0.57588
0.14590
0.99953
0.17269
0.91676
0.44477
0.67743
0.21311
0.26457
0.06366
0.57199
0.59204
0.72464
0.49839
0.85562
0.02079
0.80157
0.83814
0.85492
0.23328
0.48485
0.62758
0.38065
0.48400
0.46404
0.73038
0.96478
0.69025
0.50591
0.43619
0.15449
0.63621
0.57783
0.00745
0.23567
0.70776
0.44513
0.53491
0.27749
0.08511
0.04045
0.78751
0.28989
0.93258
0.12824
0.12611
0.34230
0.76942
0.88895
0.52014
0.21922
0.44388
0.67680
0.40955
0.62027
0.96166
0.34650
0.86234
0.81803
0.01813
0.16250
0.94041
0.16792
0.59549
0.13588
0.32206
0.99774
0.02840
0.44115
0.68994
0.63750
0.05460
0.44858
0.82604
0.68662
0.95894
0.75965
0.85238
0.47418
0.49386
0.30527
0.34200
0.86404
0.87281
0.46860
0.07381
0.09921
0.46421
0.90599
0.54542
0.09298
0.31796
0.08651
0.19182
0.94425
0.35591
0.90409
0.17264
0.96810
0.05940
0.38582
0.79906
0.98342
0.18545
0.65201
0.23394
0.64643
0.86759
0.75209
0.92468
0.91574
0.77945
0.09696
0.40860
0.76993
0.54423
0.23563
0.56924
0.72055
0.52918
0.72117
0.00391
0.87211
0.89611
0.28993
0.00112
0.81815
0.45010
0.59212
0.40254
0.72802
0.79876
0.15072
0.46128
0.31651
0.07073
0.14177
0.00931
0.57121
0.67214
0.42864
0.73631
0.27536
0.88654
0.53708
0.14246
0.46424
0.49028
0.25837
0.09591
0.80050
0.74282
0.57137
0.34468
0.37168
0.24251
0.24264
0.60615
0.60489
0.78579
0.02199
0.05440
0.33231
0.15851
0.09657
0.61640
0.51165
0.62899
0.56357
0.28225
0.59346
0.46674
0.24307
0.06755
0.33070
0.04035
0.66880
0.44439
0.33603
0.53338
0.65633
0.06735
0.07349
0.23444
0.83110
0.41177
0.71204
0.97941
0.11914
0.93844
0.24036
0.70428
0.14340
0.71773
0.26371
0.13848
0.66959
0.42467
0.73326
0.16166
0.08288
0.35074
0.16296
0.30777
0.36307
0.16314
0.88344
0.41552
0.90501
0.30824
0.94464
0.71025
0.33314
0.50243
0.39121
0.66073
0.52733
0.89373
0.56969
0.84703
0.42092
0.77345
0.97505
0.91040
0.65983
0.58711
0.75793
0.32194
0.71487
0.50729
0.91942
0.29041
0.29452
0.17676
0.27669
0.83746
0.57794
0.09425
0.27718
0.91186
0.26954
0.03903
0.35042
0.38398
0.12874
0.65515
0.46855
0.41102
0.01390
0.47526
0.63230
0.98139
0.65610
0.19912
0.08279
0.79352
0.89790
0.15366
0.03608
0.42317
0.40977
0.36554
0.48244
0.01170
0.93934
0.40159
0.23096
0.89060
0.20498
0.62479
0.10233
0.12060
0.32363
0.24475
0.72779
0.50962
0.44821
0.09770
0.76712
0.48154
0.77978
0.33097
0.15595
0.28822
0.76236
0.63167
0.00912
0.95906
0.09462
0.42146
0.30264
0.77987
0.32140
0.85948
0.32390
0.98348
0.11923
0.46323
0.92042
0.91642
0.16479
0.12123
0.07181
0.14312
0.33961
0.08092
0.83145
0.47969
0.71742
0.59014
0.89930
0.54371
0.63420
0.67238
0.80833
0.26659
0.81561
0.63297
0.48141
0.92824
0.70931
0.47117
0.52770
0.46319
0.72670
0.44420
0.48278
0.84884
0.80199
0.50432
0.83416
0.52098
0.49453
0.06919
0.22094
0.37019
0.40449
0.68270
0.20477
0.85706
0.09198
0.33889
0.05290
0.55367
0.88405
0.52565
0.12680
0.56089
0.64851
0.99676
0.96380
0.86978
0.83191
0.19012
0.22343
0.12017
0.48041
0.90631
0.07498
0.81698
0.16983
0.78588
0.15198
0.75106
0.17499
0.36041
0.83156
0.30426
0.57707
0.20301
0.33653
0.77942
0.76395
0.61547
0.69072
0.85415
0.45930
0.81586
0.47322
0.38505
0.88136
0.46950
0.33892
0.11357
0.70826
0.68704
0.20458
0.60783
0.89963
0.28731
0.77728
0.05208
0.81426
0.16170
0.60322
0.24778
0.96999
0.29492
0.71741
0.58625
0.43993
0.86301
0.63477
0.92785
0.47478
0.07577
0.27565
0.04558
0.98586
0.07119
0.32830
0.19944
0.66223
0.20204
0.91916
0.34182
0.70413
0.33799
0.73918
0.24261
0.36287
0.18765
0.72112
0.44278
0.51236
0.69855
0.49798
0.28894
0.34978
0.32973
0.44095
0.70163
0.02602
0.47981
0.71312
0.57913
0.30350
0.57968
0.27486
0.41940
0.92505
0.92113
0.29218
0.14711
0.11439
0.74566
0.40522
0.31609
0.06939
0.84835
0.94721
0.73512
0.71504
0.69331
0.12817
0.08621
0.05223
0.15044
0.28487
0.35952
0.84141
0.85327
0.65777
0.19234
0.05582
0.47777
0.18583
0.10481
0.69042
0.01226
0.52768
0.21282
0.24540
0.43279
0.15800
0.87792
0.55441
0.37008
0.12530
0.55114
0.24991
0.55128
0.95493
0.69520
0.30290
0.39384
0.60088
0.72359
0.29641
0.92047
0.61456
0.48247
0.02244
0.85192
0.33129
0.54041
0.06462
0.72056
0.79387
0.31085
0.90460
0.94013
0.49166
0.36074
0.68494
0.76945
0.80047
0.33941
0.09371
0.78015
0.95619
0.95994
0.86093
0.26691
0.27682
0.31788
0.54876
0.72711
0.73747
0.48046
0.33764
0.67117
0.08478
0.89851
0.93408
0.56425
0.09535
0.49250
0.47115
0.86593
0.83646
0.56010
0.57801
0.19354
0.76738
0.05008
0.01367
0.86033
0.25880
0.00336
0.55401
0.33328
0.94561
0.85105
0.49939
0.17586
0.41518
0.55041
0.33750
0.58463
0.43039
0.82393
0.73214
0.81822
0.63538
0.27847
0.03008
0.00347
0.35775
0.67622
0.24609
0.89226
0.35059
0.43113
0.64556
0.48293
0.97986
0.02977
0.57161
0.57449
0.58975
0.56378
0.07005
0.88410
0.04991
0.70623
0.35844
0.60387
0.99820
0.87578
0.50702
0.29327
0.11015
0.69405
0.49166
0.05532
0.05834
0.14050
0.15399
0.48859
0.56715
0.16479
0.82376
0.64914
0.90672
0.09429
0.83783
0.64797
0.46374
0.15993
0.87059
0.68654
0.83583
0.27663
0.90813
0.91267
0.74979
0.05795
0.98188
0.61620
0.72682
0.80272
0.66678
0.28462
0.49194
0.00037
0.92055
0.25857
0.78024
0.60710
0.42044
0.19918
0.14555
0.72208
0.84785
0.52330
0.37058
0.33364
0.53840
0.09159
0.85921
0.77584
0.30858
0.95018
0.92895
0.87442
0.76768
0.53039
0.40948
0.59176
0.54157
0.25760
0.86835
0.76984
0.11588
0.78475
0.96383
0.27025
0.94915
0.95645
0.97460
0.59039
0.38002
0.05870
0.07655
0.36886
0.39373
0.03519
0.08789
0.73781
0.35301
0.39949
0.99551
0.36273
0.52560
0.44171
0.48990
0.19885
0.34558
0.22121
0.79917
0.96002
0.61099
0.87391
0.18219
0.36295
0.45806
0.19864
0.04303
0.04774
0.43779
0.94049
0.09024
0.50767
0.60863
0.46840
0.01606
0.09833
0.91719
0.89082
0.59825
0.02114
0.14132
0.01216
0.55846
0.10204
0.12660
0.74450
0.62091
0.53460
0.40324
0.88260
0.94360
0.44375
0.68345
0.29072
0.20189
0.17192
0.51318
0.06381
0.51629
0.03512
0.90870
0.68098
0.08301
0.46520
0.22146
0.78121
0.12075
0.24737
0.24662
0.37411
0.99212
0.50564
0.18950
0.48265
0.44811
0.58596
0.68224
0.39056
0.14672
0.36208
0.76091
0.72008
0.37388
0.53225
0.68403
0.31447
0.96381
0.31322
0.74857
0.26961
0.09664
0.88813
0.50582
0.84523
0.52185
0.29422
0.19145
0.35307
0.91071
0.60175
0.56255
0.38637
0.01423
0.89836
0.13637
0.45363
0.95104
0.28594
0.85237
0.64146
0.90746
0.32865
0.06764
0.26523
0.74256
0.96584
0.53592
0.69165
0.33587
0.71998
0.70641
0.86628
0.93538
0.42034
0.46604
0.91418
0.84789
0.52025
0.95507
0.23819
0.04928
0.63132
0.81988
0.09710
0.92305
0.54189
0.62842
0.24673
0.66278
0.74607
0.07646
0.77353
0.98629
0.92716
0.76845
0.44118
0.01008
0.36542
0.63302
0.58249
0.99263
0.08895
0.42071
0.35557
0.36704
0.39077
0.61924
0.95350
0.56920
0.13889
0.90284
0.12301
0.61354
0.39484
0.46868
0.24915
0.06657
0.47707
0.81581
0.13166
0.70766
0.09019
0.23380
0.27791
0.13935
0.18004
0.47116
0.87448
0.30070
0.14742
0.93459
0.93411
0.84396
0.76432
0.19991
0.28584
0.98104
0.90450
0.25732
0.14540
0.54497
0.01372
0.24368
0.30802
0.58120
0.81319
0.14055
0.19096
0.34004
0.75697
0.67930
0.09018
0.41582
0.40544
0.18681
0.79977
0.66073
0.89571
0.77518
0.83425
0.64189
0.11130
0.64417
0.81797
0.14472
0.17229
0.75804
0.15198
0.53049
0.54010
0.15479
0.52356
0.85552
0.05170
0.93601
0.26711
0.39898
0.96882
0.39867
0.97091
0.50551
0.26590
0.00635
0.71978
0.19432
0.93409
0.41618
0.19802
0.57078
0.94721
0.95162
0.29017
0.68293
0.30901
0.55594
0.91216
0.93394
0.95419
0.51828
0.52636
0.53834
0.52410
0.12825
0.51173
0.81762
0.83545
0.94332
0.40467
0.22693
0.59574
0.21365
0.60214
0.05780
0.31490
0.24360
0.00764
0.35663
0.21750
0.32866
0.24091
0.78671
0.12722
0.44746
0.78399
0.07809
0.80132
0.36831
0.62906
0.54486
0.34128
0.92107
0.25092
0.22123
0.20474
0.05165
0.66192
0.25900
0.00292
0.73637
0.40636
0.16303
0.31055
0.00638
0.22083
0.39045
0.09200
0.58703
0.01842
0.96379
0.26087
0.02485
0.89481
0.18899
0.18358
0.05861
0.12411
0.14024
0.71710
0.08773
0.15842
0.87829
0.85672
0.80219
0.38649
0.68205
0.67571
0.40672
0.99290
0.39285
0.92018
0.88582
0.06504
0.47605
0.02113
0.98618
0.33060
0.64924
0.44472
0.31213
0.99154
0.18169
0.66458
0.00317
0.30164
0.00409
0.88911
0.61621
0.51158
0.56754
0.00416
0.36149
0.35289
0.82962
0.18911
0.87951
0.58614
0.13282
0.35155
0.47875
0.16869
0.05873
0.71467
0.74747
0.79609
0.12042
0.06053
0.86986
0.29989
0.23886
0.61643
0.75783
0.41559
0.20616
0.52852
0.27367
0.07013
0.12065
0.14905
0.27219
0.43711
0.51437
0.12570
0.66179
0.01633
0.28695
0.47285
0.89331
0.79296
0.19443
0.13797
0.31024
0.46922
0.03582
0.27561
0.04525
0.62900
0.84955
0.78816
0.85673
0.62374
0.11030
0.45836
0.27442
0.70945
0.23333
0.47432
0.11656
0.73586
0.72030
0.96787
0.28349
0.34964
0.98798
0.20967
0.24912
0.76944
0.77389
0.83087
0.08673
0.17921
0.74757
0.66852
0.40910
0.28057
0.47043
0.61924
0.58604
0.71311
0.03311
0.76355
0.23124
0.72125
0.08133
0.25896
0.88702
0.87636
0.85977
0.29301
0.04973
0.80648
0.98373
0.50202
0.26180
0.95862
0.19521
0.41360
0.29781
0.55954
0.31323
0.27273
0.00360
0.21263
0.52080
0.78052
0.40723
0.33135
0.74738
0.78367
0.41306
0.39763
0.16726
0.17835
0.21206
0.18072
0.35086
0.63723
0.99458
0.45479
0.27119
0.54895
0.72896
0.86839
0.85821
0.16016
0.66119
0.83241
0.39739
0.20064
0.89423
0.19108
0.59242
0.56636
0.96967
0.43431
0.54479
0.89058
0.17240
0.45478
0.84989
0.23943
0.93504
0.68668
0.32677
0.34881
0.74183
0.41539
0.47412
0.17394
0.00411
0.54882
0.98623
0.81705
0.45528
0.26702
0.11738
0.28473
0.22176
0.14043
0.80058
0.42440
0.46151
0.95361
0.45994
0.17537
0.08388
0.93204
0.53630
0.84931
0.93824
0.92114
0.18968
0.64017
0.99783
0.31161
0.61136
0.49593
0.45703
0.15478
0.90466
0.07040
0.57220
0.08359
0.04635
0.78770
0.52377
0.09243
0.36324
0.58641
0.02383
0.23669
0.93876
0.38477
0.09695
0.82345
0.92720
0.21405
0.77745
0.20424
0.58506
0.21829
0.29366
0.69346
0.11753
0.57818
0.40440
0.17440
0.34323
0.55891
0.49833
0.92698
0.77879
0.62187
0.12237
0.89008
0.53754
0.47935
0.82478
0.39598
0.58941
0.26930
0.66961
0.59568
0.30153
0.35110
0.23381
0.61789
0.79072
0.95446
0.02129
0.20924
0.39532
0.97009
0.68661
0.09845
0.15820
0.66842
0.64556
0.74259
0.09385
0.84917
0.10310
0.23260
0.05366
0.86110
0.68659
0.38207
0.79395
0.28330
0.07456
0.56810
0.12284
0.77419
0.61267
0.88939
0.74806
0.69502
0.15676
0.25217
0.36760
0.76268
0.03204
0.96153
0.88955
0.25039
0.87780
0.63261
0.32953
0.16321
0.45372
0.19979
0.56613
0.76520
0.33019
0.39556
0.68507
0.80396
0.36623
0.59529
0.01701
0.85078
0.28214
0.73749
0.13065
0.88661
0.11240
0.04493
0.86558
0.28326
0.26463
0.57941
0.45977
0.95444
0.00692
0.31414
0.23546
0.20555
0.19929
0.27688
0.26626
0.22641
0.07475
0.16613
0.56646
0.77363
0.23767
0.30778
0.92388
0.87226
0.41201
0.25423
0.11617
0.17821
0.63236
0.30251
0.57362
0.03414
0.71511
0.57190
0.80019
0.68361
0.38468
0.32546
0.80631
0.49194
0.09794
0.68584
0.81617
0.93315
0.42985
0.15784
0.57651
0.94986
0.60732
0.90474
0.19905
0.32353
0.78457
0.35402
0.44738
0.71298
0.16761
0.58843
0.83794
0.46615
0.36580
0.61551
0.82279
0.74416
0.69469
0.01042
0.30952
0.19109
0.26930
0.60784
0.71191
0.71278
0.12404
0.71461
0.69579
0.13907
0.26527
0.03333
0.29642
0.05052
0.95848
0.15798
0.07451
0.26014
0.10266
0.81288
0.22073
0.02352
0.01876
0.58241
0.12863
0.90754
0.54088
0.71534
0.65800
0.69464
0.25337
0.53254
0.66171
0.41511
0.67070
0.73912
0.67961
0.07850
0.70807
0.69045
0.10711
0.19319
0.89732
0.33175
0.34058
0.69319
0.06832
0.80193
0.89142
0.75312
0.98123
0.29559
0.51850
0.78815
0.25679
0.46655
0.53378
0.14619
0.42259
0.92522
0.08531
0.08270
0.81590
0.27551
0.69194
0.24953
0.99443
0.45479
0.50951
0.27568
0.86049
0.11246
0.12127
0.30805
0.48326
0.44313
0.93226
0.60748
0.71855
0.64071
0.59795
0.64966
0.72921
0.52120
0.94795
0.40616
0.91330
0.79110
0.71762
0.38439
0.80559
0.87711
0.38169
0.55766
0.92390
0.61070
0.42285
0.86176
0.79983
0.95767
0.59134
0.60586
0.31306
0.68803
0.91117
0.23281
0.08534
0.53554
0.13706
0.58565
0.15436
0.55697
0.15777
0.39533
0.92781
0.04308
0.65468
0.48190
0.22136
0.79901
0.73505
0.30867
0.02717
0.83480
0.25041
0.36463
0.61811
0.74698
0.51057
0.73556
0.72807
0.51492
0.42519
0.72199
0.60096
0.39151
0.08891
0.07805
0.26681
0.12149
0.63048
0.14925
0.03734
0.89898
0.27088
0.01640
0.08550
0.53624
0.48061
0.32379
0.71937
0.60957
0.08028
0.03320
0.61350
0.74908
0.23586
0.33429
0.03420
0.72214
0.04677
0.10825
0.20475
0.48368
0.71467
0.63070
0.39607
0.61715
0.39179
0.89051
0.13015
0.85111
0.43754
0.11397
0.38527
0.38704
0.82915
0.70235
0.84755
0.47183
0.09585
0.63875
0.31293
0.00193
0.72033
0.73060
0.93371
0.93637
0.10575
0.18940
0.04555
0.40766
0.05304
0.63397
0.54665
0.35572
0.94321
0.39416
0.28427
0.44422
0.82575
0.82440
0.70700
0.59439
0.22207
0.74450
0.12475
0.24372
0.72783
0.86509
0.66295
0.32648
0.33042
0.63750
0.01101
0.90924
0.27767
0.87405
0.89888
0.97595
0.87403
0.13302
0.79013
0.65363
0.66415
0.08930
0.93187
0.20650
0.85973
0.46476
0.95468
0.98523
0.89488
0.80279
0.11327
0.31957
0.83064
0.96046
0.81913
0.81690
0.81936
0.83772
0.52288
0.63247
0.05196
0.93793
0.91104
0.58807
0.35516
0.62729
0.23132
0.57692
0.05287
0.77814
0.47049
0.30865
0.53810
0.55847
0.72455
0.47600
0.44303
0.90100
0.24610
0.74614
0.54245
0.24245
0.93804
0.73304
0.74554
0.01365
0.41582
0.35764
0.85994
0.96224
0.83147
0.18033
0.31423
0.78965
0.44856
0.65756
0.90118
0.97343
0.82950
0.59931
0.43089
0.39318
0.84754
0.41262
0.53095
0.24660
0.51955
0.97081
0.47911
0.31740
0.13622
0.69378
0.45349
0.87642
0.28175
0.55441
0.90086
0.01238
0.95565
0.19673
0.04087
0.33256
0.06461
0.96791
0.05349
0.45282
0.29761
0.57468
0.20819
0.48019
0.34192
0.59277
0.85448
0.54224
0.46034
0.27588
0.62404
0.61821
0.50697
0.92852
0.01951
0.43130
0.49419
0.12261
0.43937
0.91334
0.68507
0.74350
0.00675
0.51411
0.91352
0.62387
0.49179
0.96664
0.93291
0.33975
0.43034
0.20495
0.56304
0.13872
0.07415
0.78752
0.35033
0.56898
0.47955
0.11137
0.28029
0.54606
0.39716
0.95059
0.48706
0.88417
0.65685
0.30494
0.65712
0.92661
0.01034
0.14719
0.18604
0.08817
0.75618
0.18736
0.27575
0.86196
0.11272
0.96125
0.10920
0.07077
0.33787
0.69065
0.03204
0.67292
0.11996
0.51077
0.59736
0.05489
0.84857
0.19838
0.21971
0.34243
0.96600
0.75114
0.14387
0.05263
0.23977
0.31112
0.07402
0.14252
0.95142
0.00873
0.21968
0.45024
0.36854
0.78997
0.06636
0.52781
0.08907
0.53223
0.09150
0.44403
0.42118
0.32456
0.46341
0.51692
0.99925
0.30741
0.19292
0.70017
0.72291
0.29912
0.14039
0.87949
0.69362
0.80704
0.91325
0.51891
0.00532
0.90384
0.56470
0.93342
0.81903
0.97692
0.47624
0.48230
0.60141
0.88088
0.24702
0.00899
0.23056
0.04279
0.34991
0.88716
0.89300
0.87660
0.16097
0.25874
0.51947
0.44402
0.99116
0.72210
0.77802
0.65040
0.66503
0.69526
0.29890
0.24704
0.14069
0.81751
0.21874
0.01740
0.76251
0.64418
0.33387
0.21297
0.08559
0.07459
0.04889
0.86608
0.94372
0.49220
0.42450
0.92691
0.88773
0.61885
0.61265
0.75145
0.83978
0.51604
0.47738
0.02901
0.57177
0.46433
0.50036
0.05681
0.33374
0.19613
0.17797
0.65887
0.93634
0.77293
0.19800
0.49586
0.41070
0.56417
0.55828
0.92307
0.70118
0.78748
0.52937
0.95445
0.43618
0.87478
0.56833
0.19128
0.77661
0.89727
0.12949
0.63369
0.68729
0.91581
0.08402
0.93202
0.90000
0.56905
0.46477
0.17033
0.15895
0.31909
0.32144
0.96632
0.43686
0.45080
0.91660
0.62730
0.78251
0.14679
0.46784
0.41748
0.48745
0.25729
0.41620
0.72339
0.45529
0.71057
0.74438
0.75667
0.56055
0.27793
0.40240
0.11211
0.98062
0.82957
0.86522
0.24525
0.91836
0.90107
0.85929
0.19470
0.42948
0.93899
0.55272
0.71282
0.90237
0.53760
0.48117
0.13545
0.96247
0.36330
0.79551
0.88995
0.39224
0.94445
0.19173
0.58863
0.78051
0.56389
0.58050
0.34301
0.20476
0.92656
0.60970
0.37144
0.92440
0.15496
0.54002
0.95156
0.03318
0.89874
0.20581
0.27730
0.52719
0.02432
0.27761
0.87974
0.00726
0.75185
0.59932
0.34191
0.50386
0.63913
0.55381
0.54985
0.44301
0.66888
0.83309
0.65867
0.02909
0.65778
0.14144
0.22900
0.03718
0.33552
0.52600
0.74357
0.65285
0.06981
0.43841
0.50710
0.07739
0.16591
0.84974
0.17828
0.03314
0.50136
0.68805
0.68849
0.50833
0.78283
0.96531
0.11501
0.39809
0.52188
0.44297
0.56873
0.11350
0.36337
0.85147
0.88171
0.67408
0.75020
0.63522
0.49775
0.41175
0.61971
0.90762
0.33171
0.24192
0.74912
0.16097
0.36457
0.06911
0.79450
0.74265
0.64239
0.86806
0.03458
0.46685
0.12595
0.87758
0.84514
0.92164
0.88415
0.23017
0.07343
0.75228
0.67717
0.73245
0.81865
0.79022
0.64255
0.41140
0.91966
0.94068
0.32562
0.90410
0.96637
0.77803
0.39989
0.83069
0.62677
0.39057
0.41128
0.03055
0.08932
0.18714
0.11372
0.37106
0.80968
0.83320
0.03111
0.99476
0.16662
0.41875
0.67066
0.95047
0.00371
0.67027
0.80494
0.35029
0.65181
0.18813
0.95181
0.10756
0.94591
0.71525
0.85035
0.47783
0.01849
0.07955
0.43579
0.00620
0.52248
0.36340
0.86375
0.13743
0.30182
0.22117
0.75213
0.00854
0.08189
0.67860
0.60801
0.81588
0.93240
0.59195
0.24288
0.89921
0.09783
0.55962
0.70847
0.52585
0.72942
0.00872
0.34830
0.62891
0.24083
0.63462
0.59223
0.79260
0.60258
0.90281
0.65877
0.86502
0.38308
0.26322
0.96599
0.91628
0.15162
0.32327
0.54883
0.69250
0.65197
0.41478
0.80721
0.06484
0.07556
0.69327
0.10669
0.18143
0.55711
0.60763
0.62038
0.47868
0.75652
0.23346
0.40263
0.42029
0.95730
0.55021
0.37934
0.13673
0.45468
0.92575
0.07349
0.72267
0.38674
0.70723
0.31586
0.92685
0.40824
0.64957
0.78404
0.03636
0.20627
0.88516
0.96047
0.34039
0.65627
0.51747
0.56285
0.34144
0.79125
0.46242
0.46161
0.60580
0.65708
0.12316
0.15491
0.65742
0.65467
0.15233
0.14104
0.71004
0.99658
0.69920
0.18942
0.91092
0.88177
0.79249
0.51576
0.44638
0.02714
0.54807
0.65924
0.93497
0.52912
0.95372
0.53006
0.08545
0.22659
0.09909
0.79745
0.92632
0.80808
0.33816
0.05418
0.01044
0.57313
0.36553
0.60042
0.14091
0.55008
0.15036
0.38612
0.94069
0.87483
0.43571
0.36790
0.17881
0.59508
0.67763
0.23107
0.47908
0.34804
0.32579
0.09200
0.61968
0.14311
0.89877
0.09878
0.97023
0.72052
0.90033
0.53200
0.98818
0.73704
0.90904
0.68657
0.19945
0.04626
0.24749
0.49668
0.04526
0.95681
0.39984
0.32359
0.53470
0.40640
0.49413
0.42185
0.35581
0.73656
0.82635
0.46090
0.34692
0.74747
0.77925
0.36932
0.66712
0.59415
0.46188
0.45428
0.14839
0.22296
0.53541
0.82419
0.24560
0.49458
0.24503
0.00457
0.83272
0.35756
0.80214
0.65386
0.51250
0.98242
0.43033
0.34717
0.34844
0.74059
0.27119
0.34655
0.54017
0.05810
0.81000
0.53871
0.56300
0.99498
0.54167
0.68905
0.06962
0.08053
0.40645
0.68434
0.97150
0.41784
0.54690
0.00168
0.88634
0.05238
0.28979
0.57547
0.33740
0.50621
0.80677
0.00172
0.07767
0.84198
0.28961
0.51890
0.98111
0.82345
0.11963
0.81688
0.28596
0.12049
0.97037
0.93984
0.22455
0.05901
0.44693
0.20880
0.86270
0.45813
0.49300
0.83995
0.55603
0.45870
0.67907
0.43670
0.33762
0.70260
0.83500
0.21234
0.40647
0.59914
0.31923
0.78363
0.03981
0.95791
0.46135
0.17557
0.37842
0.45749
0.80122
0.90673
0.44421
0.78948
0.02458
0.99035
0.35237
0.81315
0.62945
0.22661
0.94235
0.17442
0.24119
0.44764
0.44586
0.43594
0.87055
0.80474
0.78318
0.16757
0.62257
0.00894
0.60728
0.18899
0.50687
0.80634
0.42563
0.02448
0.03077
0.02878
0.85684
0.64089
0.44316
0.35952
0.88753
0.92758
0.49804
0.20610
0.87200
0.18813
0.58709
0.41750
0.78766
0.90705
0.64290
0.51789
0.43097
0.28573
0.69137
0.86598
0.66627
0.04845
0.49133
0.88443
0.28813
0.43806
0.95788
0.24185
0.48083
0.10334
0.35135
0.29431
0.97476
0.15586
0.18711
0.86278
0.20106
0.31037
0.89634
0.53183
0.82720
0.56876
0.54724
0.88820
0.26307
0.78784
0.56385
0.68492
0.11763
0.15409
0.70749
0.60894
0.66262
0.00771
0.66869
0.54093
0.40677
0.38692
0.74259
0.38411
0.70822
0.25530
0.26481
0.06566
0.07687
0.07898
0.64867
0.69134
0.60225
0.76103
0.40388
0.70627
0.36183
0.06690
0.56368
0.32541
0.60444
0.06873
0.04098
0.17829
0.18972
0.34646
0.98661
0.99832
0.12495
0.82937
0.24438
0.25228
0.06593
0.24499
0.19640
0.74223
0.64382
0.31551
0.30803
0.39140
0.42300
0.45678
0.85123
0.62130
0.67018
0.01097
0.17991
0.59904
0.93312
0.45414
0.01688
0.00897
0.69086
0.48276
0.93014
0.96101
0.03170
0.79801
0.56449
0.75573
0.10545
0.23407
0.01596
0.08701
0.37360
0.90501
0.89327
0.75835
0.64893
0.69314
0.88422
0.74060
0.69331
0.16845
0.92654
0.13026
0.50895
0.99394
0.21658
0.39272
0.92187
0.82483
0.25440
0.59017
0.81090
0.69717
0.26102
0.78774
0.78498
0.58400
0.03191
0.45697
0.31688
0.08532
0.90725
0.86281
0.66215
0.18749
0.53220
0.98624
0.36819
0.69762
0.75586
0.62030
0.86335
0.77902
0.48317
0.76644
0.03521
0.57858
0.19000
0.50732
0.58302
0.70948
0.97898
0.57703
0.93720
0.87216
0.79897
0.49788
0.78492
0.45780
0.11863
0.95201
0.43859
0.65546
0.10976
0.17725
0.69629
0.87335
0.14552
0.69639
0.03002
0.31931
0.79652
0.34394
0.95448
0.71908
0.50725
0.40872
0.48452
0.88825
0.92110
0.88644
0.51639
0.02484
0.11204
0.21598
0.50739
0.24942
0.93845
0.12443
0.27506
0.44311
0.95797
0.21615
0.12783
0.55934
0.76290
0.92667
0.62301
0.18601
0.97696
0.16493
0.10777
0.31182
0.40903
0.14999
0.21016
0.77607
0.54202
0.78687
0.97502
0.98780
0.37973
0.59283
0.94912
0.21739
0.40738
0.72538
0.90629
0.62933
0.78898
0.34031
0.22987
0.54216
0.71057
0.57946
0.31665
0.34106
0.35635
0.70473
0.94294
0.50269
0.64982
0.00573
0.19339
0.62753
0.08560
0.11804
0.18802
0.14288
0.16741
0.21585
0.77547
0.52151
0.70914
0.25419
0.12649
0.84642
0.30642
0.80959
0.09675
0.98992
0.38855
0.07427
0.57998
0.71633
0.87862
0.12360
0.91440
0.36816
0.72477
0.15574
0.45700
0.41001
0.04755
0.31730
0.21450
0.52375
0.11227
0.49877
0.19459
0.91577
0.50092
0.07659
0.14740
0.30020
0.46786
0.67380
0.78435
0.25262
0.16664
0.75840
0.94136
0.53820
0.91344
0.42146
0.98284
0.01092
0.97896
0.22373
0.48342
0.18829
0.53575
0.55657
0.56111
0.15758
0.83093
0.23903
0.36761
0.56665
0.70291
0.22049
0.80668
0.55136
0.33511
0.61262
0.90808
0.74021
0.74193
0.00316
0.99417
0.18639
0.98211
0.27910
0.31580
0.53990
0.06510
0.47592
0.58124
0.04675
0.18223
0.95956
0.88615
0.56412
0.21627
0.87455
0.06380
0.41259
0.22697
0.94628
0.64803
0.98589
0.29877
0.66837
0.99943
0.14550
0.93179
0.54665
0.49302
0.25117
0.81547
0.48532
0.57891
0.76610
0.76084
0.42061
0.04449
0.73849
0.17046
0.26632
0.60256
0.36757
0.24842
0.71700
0.79254
0.71713
0.66929
0.67322
0.41251
0.44274
0.25868
0.02744
0.22233
0.30443
0.47833
0.91918
0.11342
0.16322
0.83533
0.28988
0.94541
0.46257
0.25274
0.37502
0.46216
0.99618
0.35349
0.22426
0.43838
0.60767
0.74589
0.46193
0.80124
0.71914
0.88980
0.73554
0.71058
0.82563
0.31394
0.65218
0.50614
0.13948
0.64208
0.10145
0.36150
0.74514
0.39436
0.06696
0.51771
0.90509
0.49190
0.94330
0.22883
0.98176
0.46264
0.32350
0.72922
0.51349
0.81029
0.13192
0.34287
0.93532
0.22130
0.28477
0.97139
0.42671
0.72371
0.92110
0.54446
0.03574
0.74083
0.64281
0.63292
0.40963
0.70151
0.67092
0.43948
0.66025
0.08842
0.36605
0.88181
0.75298
0.55983
0.76699
0.59549
0.81724
0.78743
0.09345
0.16614
0.65083
0.34103
0.76869
0.16149
0.14855
0.35565
0.49157
0.85893
0.96414
0.87213
0.57457
0.12632
0.71862
0.33224
0.12956
0.29908
0.47890
0.72004
0.78407
0.50782
0.78500
0.95592
0.62830
0.37367
0.30633
0.03150
0.16415
0.92067
0.31293
0.61336
0.03914
0.39564
0.54944
0.30853
0.88842
0.87143
0.73342
0.31579
0.71278
0.03266
0.25594
0.32655
0.89934
0.52050
0.58744
0.66732
0.72443
0.24078
0.85468
0.05535
0.65145
0.71113
0.21149
0.86861
0.61183
0.40910
0.26821
0.37778
0.38092
0.67377
0.83156
0.50725
0.92776
0.72247
0.33952
0.83490
0.31377
0.91721
0.75833
0.43355
0.58669
0.69935
0.95281
0.12214
0.60034
0.26322
0.10251
0.77049
0.91914
0.97292
0.24281
0.15628
0.63698
0.20476
0.03606
0.45634
0.00960
0.27928
0.70554
0.86511
0.32490
0.55039
0.38973
0.73921
0.65384
0.03264
0.01940
0.94645
0.54936
0.64226
0.88175
0.62641
0.44650
0.93731
0.41773
0.06840
0.49407
0.35380
0.55859
0.06777
0.46404
0.99263
0.50315
0.24895
0.08734
0.66283
0.35900
0.95062
0.58157
0.46652
0.02388
0.20245
0.05054
0.74154
0.86427
0.35762
0.85761
0.39517
0.44943
0.88680
0.80004
0.69693
0.16516
0.18677
0.46114
0.06935
0.67698
0.15326
0.83174
0.28653
0.81860
0.81964
0.05765
0.01644
0.67635
0.99518
0.34159
0.63350
0.51096
0.77959
0.45510
0.84695
0.76921
0.21943
0.41767
0.64464
0.08083
0.58402
0.32141
0.98111
0.23887
0.02256
0.09954
0.79955
0.52074
0.58279
0.10157
0.54643
0.71127
0.36504
0.33082
0.68667
0.47174
0.14764
0.60681
0.63673
0.64980
0.39356
0.44133
0.80256
0.31497
0.28736
0.34149
0.53274
0.23658
0.95581
0.11428
0.34124
0.77561
0.85738
0.06136
0.34120
0.43183
0.39805
0.34337
0.48689
0.45750
0.76227
0.18924
0.32999
0.19487
0.34021
0.85724
0.04282
0.01872
0.86282
0.46220
0.84387
0.30863
0.88122
0.53099
0.01084
0.45152
0.71606
0.98178
0.76814
0.62586
0.20227
0.17994
0.29144
0.78377
0.15791
0.62596
0.37850
0.22668
0.87169
0.03751
0.71416
0.71147
0.07963
0.20465
0.62713
0.03255
0.72465
0.67676
0.64973
0.11511
0.90341
0.07757
0.44562
0.41112
0.48765
0.35817
0.35155
0.12344
0.29318
0.51501
0.96507
0.51630
0.67473
0.98645
0.29512
0.36337
0.19970
0.99020
0.17186
0.93745
0.88401
0.09384
0.38550
0.82280
0.19576
0.97430
0.67754
0.08381
0.36386
0.72717
0.26816
0.14262
0.51063
0.54242
0.07358
0.59890
0.65797
0.72363
0.49706
0.07291
0.68269
0.79931
0.85545
0.97846
0.14777
0.56464
0.44364
0.50585
0.88255
0.26241
0.23445
0.53889
0.22722
0.15605
0.55981
0.48367
0.18154
0.36169
0.21819
0.25926
0.58310
0.50005
0.73927
0.10378
0.16177
0.75382
0.51808
0.73754
0.01644
0.31791
0.29921
0.11536
0.02670
0.41403
0.83601
0.68663
0.11954
0.07161
0.63618
0.40990
0.48228
0.43484
0.70683
0.13781
0.76214
0.52649
0.63546
0.02306
0.18020
0.06843
0.43843
0.29379
0.25300
0.78155
0.66296
0.28719
0.44977
0.74116
0.04462
0.69690
0.78742
0.66479
0.84702
0.67675
0.56005
0.78671
0.83547
0.63760
0.22722
0.90183
0.61507
0.79837
0.31732
0.98257
0.64878
0.33420
0.71150
0.89130
0.73330
0.16302
0.60178
0.37822
0.03036
0.47555
0.51552
0.41368
0.21304
0.11168
0.27615
0.70917
0.26433
0.69421
0.11426
0.26509
0.95672
0.29431
0.57355
0.88245
0.47804
0.63643
0.31475
0.98453
0.24802
0.57358
0.95766
0.81357
0.42856
0.46985
0.81327
0.73009
0.95214
0.68266
0.72083
0.66306
0.75402
0.27092
0.65695
0.05449
0.13098
0.25822
0.63523
0.03162
0.49746
0.09924
0.47715
0.78066
0.04490
0.50247
0.94713
0.27769
0.39161
0.73409
0.77805
0.51318
0.02213
0.46048
0.62154
0.74163
0.30508
0.11918
0.29247
0.30070
0.34235
0.29248
0.68061
0.67459
0.03357
0.29024
0.34293
0.29892
0.34188
0.29197
0.92468
0.89042
0.06232
0.49767
0.28019
0.07560
0.19247
0.44837
0.86420
0.97395
0.81403
0.70251
0.89804
0.21123
0.20161
0.55621
0.86818
0.10712
0.64815
0.79301
0.89819
0.06572
0.66020
0.81211
0.62132
0.44896
0.30240
0.62492
0.37896
0.88897
0.49049
0.43861
0.61521
0.55374
0.49793
0.92987
0.21332
0.83648
0.18802
0.61283
0.18469
0.28817
0.67334
0.35838
0.08568
0.07613
0.87839
0.77698
0.49415
0.23942
0.68050
0.19772
0.59723
0.31415
0.34595
0.34224
0.66880
0.02571
0.06265
0.59215
0.96218
0.48014
0.26675
0.49448
0.80772
0.66869
0.72321
0.46192
0.94695
0.50241
0.45531
0.08015
0.02712
0.33204
0.98872
0.34151
0.38504
0.99565
0.69642
0.78201
0.10670
0.08829
0.13729
0.87643
0.56540
0.23770
0.93431
0.57453
0.95027
0.97197
0.98984
0.18037
0.88299
0.80448
0.42725
0.82102
0.82742
0.51512
0.42226
0.10570
0.22896
0.50107
0.81850
0.51231
0.33119
0.95364
0.23782
0.49589
0.54641
0.14261
0.94007
0.16999
0.03396
0.39516
0.32571
0.70999
0.86502
0.95427
0.70332
0.96342
0.26902
0.17908
0.91176
0.04069
0.76573
0.77350
0.25869
0.21781
0.31070
0.91222
0.70461
0.03611
0.65080
0.63672
0.01531
0.78004
0.11218
0.28210
0.87456
0.15325
0.10005
0.99666
0.35162
0.23656
0.54532
0.74604
0.87556
0.04379
0.23978
0.58395
0.38120
0.82469
0.83072
0.99444
0.18038
0.36408
0.30106
0.83932
0.35364
0.84551
0.08187
0.07843
0.44301
0.78241
0.34015
0.25457
0.64810
0.52820
0.20649
0.37458
0.21130
0.15651
0.78017
0.78140
0.01617
0.45413
0.29378
0.45647
0.65768
0.51840
0.83865
0.79804
0.12427
0.59969
0.42881
0.69603
0.94556
0.43130
0.79636
0.66204
0.43559
0.17552
0.90446
0.80717
0.12704
0.30325
0.33208
0.27473
0.99652
0.25862
0.97105
0.37603
0.12935
0.67250
0.78915
0.83965
0.52796
0.11470
0.98963
0.60385
0.99721
0.43929
0.04101
0.82046
0.96892
0.94466
0.18569
0.85839
0.39086
0.36376
0.12988
0.27147
0.26459
0.12661
0.01983
0.49287
0.43641
0.35627
0.25307
0.16736
0.58031
0.39304
0.81644
0.34136
0.25246
0.00394
0.60804
0.59863
0.79698
0.89380
0.44056
0.67821
0.15370
0.97267
0.73316
0.11981
0.29878
0.50726
0.57856
0.85831
0.99036
0.46346
0.09975
0.77026
0.47303
0.81416
0.42620
0.39062
0.42756
0.49312
0.18233
0.29448
0.72520
0.38692
0.25782
0.23739
0.44632
0.09827
0.14939
0.64765
0.46968
0.59344
0.06266
0.60968
0.03518
0.10684
0.88683
0.35714
0.90967
0.16012
0.04521
0.62158
0.37109
0.63673
0.86868
0.07532
0.20760
0.92849
0.34546
0.47350
0.87341
0.27886
0.31215
0.75757
0.23550
0.89253
0.07423
0.03480
0.49914
0.42741
0.63274
0.99495
0.17423
0.50913
0.70918
0.12221
0.17902
0.76935
0.03530
0.91368
0.99469
0.47098
0.64210
0.78851
0.41088
0.73295
0.65346
0.58799
0.70450
0.24255
0.01472
0.40547
0.95794
0.50636
0.59022
0.38991
0.60498
0.26591
0.60274
0.07728
0.81582
0.84976
0.09565
0.37030
0.31044
0.82614
0.04239
0.33652
0.51920
0.52921
0.62190
0.17831
0.62444
0.12288
0.67790
0.65286
0.06200
0.86317
0.84125
0.04393
0.23547
0.47794
0.61319
0.19552
0.94088
0.79218
0.56818
0.56602
0.95616
0.12312
0.18205
0.94407
0.38254
0.53851
0.16485
0.02301
0.45677
0.22510
0.06533
0.76241
0.64074
0.28914
0.96386
0.54734
0.52843
0.72803
0.68317
0.68607
0.45866
0.30049
0.78170
0.23492
0.05544
