0.73848
0.22646
0.61868
0.21712
0.10452
0.87423
0.19095
0.13720
0.61931
0.77097
0.34532
0.79186
0.55766
0.76008
0.94151
0.66672
0.64076
0.88589
0.61602
0.88507
0.79601
0.14738
0.37863
0.35017
0.71788
0.31337
0.57818
0.66151
0.88791
0.18092
0.43341
0.71508
0.90647
0.85611
0.06673
0.41111
0.46387
0.17728
0.01194
0.74010
0.64301
0.60380
0.86063
0.64607
0.04448
0.43655
0.04617
0.94193
0.68284
0.90471
0.18265
0.91792
0.89489
0.14268
0.05730
0.16434
0.74128
0.37260
0.37930
0.09821
0.77064
0.63899
0.98633
0.01002
0.20256
0.66916
0.64317
0.72635
0.60575
0.62168
0.98015
0.03931
0.90204
1.01341
0.64536
0.89493
0.45500
0.05799
0.60851
0.92164
0.62851
0.76017
0.19856
0.74033
0.44006
0.42351
0.92026
0.98983
0.22367
0.70921
0.63426
0.87992
0.01690
0.65497
-0.00462
0.92266
0.93537
0.11705
0.66197
0.04851
0.42690
0.36800
0.58106
0.43674
0.68218
0.71180
0.10200
0.78261
0.06339
0.97302
0.62809
0.20917
0.35406
0.61835
0.46061
0.06958
0.72138
0.65872
0.19600
0.64462
0.16136
0.89233
0.98998
0.35304
0.10403
0.67930
0.64030
0.86699
0.65425
0.96880
0.38973
0.62971
0.91964
0.72039
0.80752
0.13515
0.62792
0.03820
0.61161
0.66518
0.39339
0.71491
0.01068
0.97426
0.93043
0.17142
0.17301
0.65563
0.10299
0.63088
0.43488
0.12807
0.36184
0.68035
0.63539
0.61966
0.02755
0.58918
0.06837
0.61905
0.62279
0.04256
0.76503
0.74813
0.14889
1.03222
0.62386
0.88218
0.37400
0.64667
0.48580
0.59534
0.61856
0.40608
0.17877
0.62323
0.20929
0.49102
0.66320
0.20710
0.17207
0.63013
0.01276
0.20553
0.12653
0.52459
0.69416
0.22502
0.19766
0.62642
0.21164
0.61865
0.72217
0.22972
0.91619
0.84374
0.90517
0.73688
0.19135
0.05157
0.14990
0.41986
0.14542
0.63160
0.68888
0.64008
0.74727
0.58177
0.61321
0.58946
0.65517
0.19575
0.91175
0.97007
0.20005
0.62005
0.77394
0.15972
0.19889
0.65182
0.64166
0.08346
0.71168
0.18358
0.21589
0.50766
0.16002
0.35780
0.89595
0.09852
0.00613
0.61537
0.68990
0.30980
-0.01057
0.61016
0.88484
0.62159
0.53154
0.16344
0.64254
0.78251
0.56157
0.86356
0.72554
0.75225
0.57067
0.61024
0.59036
0.10577
0.94524
0.89120
0.37477
0.13339
0.78788
0.15625
0.39146
0.42671
0.59483
0.65020
0.63987
0.61347
0.64037
0.64501
0.16896
0.60689
0.01990
0.19139
0.39405
0.39373
0.59625
0.86671
0.09979
0.61897
-0.00335
0.87257
-0.02218
0.13556
0.74176
0.66487
0.20659
0.94876
0.02723
0.62415
0.65575
0.01799
0.07038
0.62617
0.61980
0.39706
0.63797
0.22536
0.11971
0.65532
0.99358
0.87744
0.58835
0.96762
0.38109
0.59237
0.90462
0.69279
0.01070
0.54901
0.47461
0.63191
0.77735
0.65188
0.89075
0.79247
0.86822
0.64942
0.22059
0.59477
0.65220
0.57790
0.95985
0.53891
0.63222
0.90297
0.60202
0.59352
0.56972
0.35509
0.79502
0.39367
0.38403
0.69821
0.40291
0.73113
0.13195
0.20399
0.04458
0.70397
0.65336
0.95822
0.72764
0.60367
0.57973
0.63571
0.61897
0.80614
0.64832
0.42143
0.20304
0.59312
0.62279
0.89102
0.69923
0.05172
0.36079
0.59718
0.15737
0.06448
0.64727
0.36760
0.34023
0.03828
0.50685
0.45082
0.95159
0.21758
0.24832
0.65155
0.57223
0.63784
0.08890
0.93330
0.78533
0.02115
0.54555
0.76985
0.53317
0.61103
0.34767
0.63792
0.66201
0.61528
0.65108
0.32482
0.62006
0.89830
0.36773
0.88956
0.65547
-0.01170
0.95702
0.62919
0.31398
0.39355
0.83138
0.61239
0.60484
0.44454
0.44096
0.05605
0.01867
0.02419
0.21131
0.44420
-0.00584
0.12457
0.13557
0.20392
0.64659
0.62037
0.02494
0.70342
0.96508
0.40011
0.42744
0.76149
0.44926
0.00780
0.64609
0.53578
0.21537
0.55155
0.94726
0.89740
0.67809
0.56476
0.63641
-0.00120
0.21790
0.57300
0.01155
0.61298
0.08406
0.39194
0.61678
0.23372
0.16979
0.01410
0.22528
0.56729
0.49967
0.60997
0.46852
0.00728
0.74841
0.90033
0.36349
0.12435
0.65458
0.80164
0.90324
0.92901
0.54438
0.61329
0.78473
0.35616
0.41993
0.22521
0.03236
0.71446
0.63537
0.39649
0.83935
0.16246
0.57250
0.18882
0.57828
0.94028
0.99683
0.15936
0.93158
0.54517
0.03448
0.33466
0.90800
0.75453
0.40780
0.13655
0.43727
0.62012
0.88673
0.44577
0.93972
0.43463
0.77403
0.65334
0.20979
0.39648
0.62595
0.15628
0.19086
0.22439
0.16814
0.69280
0.20292
0.76106
0.82258
0.35905
0.53176
0.78564
0.17763
0.89887
0.77071
0.04247
0.76171
0.64724
0.58425
0.02031
0.01561
0.65248
0.34635
0.32941
0.65707
0.76751
0.10328
0.37010
0.02709
0.64575
0.74116
0.60394
0.78921
-0.00487
0.06364
1.00922
0.38921
0.35775
0.67472
0.90170
0.61542
-0.01210
0.76992
0.03174
0.02332
0.09792
0.90653
0.44745
0.60060
0.62693
0.65001
0.88995
0.41215
0.71576
0.76945
0.79662
0.78965
-0.02739
0.73194
0.65256
0.64195
0.79725
0.70267
0.71328
0.64085
0.39806
0.38752
0.79791
0.75319
0.42213
0.62896
0.91634
0.21070
0.78600
0.75015
0.02330
0.69925
0.39683
0.18962
0.61844
0.67640
0.64944
0.18181
0.05279
0.22672
0.17333
0.66365
0.96538
0.53059
0.95601
0.15129
0.39376
0.89925
0.35314
0.76000
0.60756
0.90802
0.90354
0.00312
0.46828
0.64500
0.54721
0.83269
0.54657
0.91538
0.18571
0.01747
0.20443
0.47724
0.62254
0.45654
0.55943
0.87164
0.55475
0.70070
0.85977
0.62172
0.36716
0.02845
0.90179
0.94675
0.19562
0.15914
0.44298
0.71619
0.41453
0.63210
0.63875
0.00171
0.45455
0.75616
0.66764
0.90487
0.04807
0.39410
0.24714
0.86668
0.61069
0.59366
0.43574
0.62259
0.59152
0.07863
0.88479
0.41509
0.85642
0.10474
0.59158
0.73024
0.21299
0.64008
0.17938
0.64653
0.68054
0.64994
0.02811
0.01390
0.01859
-0.00978
0.17919
0.92653
0.35134
0.91636
0.85057
0.11381
0.61258
0.63463
0.79775
0.34862
0.78100
0.74049
0.46392
0.38621
0.62647
0.02582
0.08011
0.36858
0.42954
0.37420
0.18082
0.18122
0.93944
0.58685
0.79032
0.55439
0.66577
0.21471
0.02225
0.43106
0.81397
0.63134
0.35697
0.61476
0.32141
0.63666
0.66463
0.17685
0.38879
0.44054
0.77368
0.02964
0.63048
0.40181
0.32841
0.64656
0.77373
0.90935
0.86606
0.90009
0.56069
0.53888
0.17931
0.60808
1.00531
0.78877
0.60909
0.01715
0.41242
0.53463
0.80544
0.91699
0.19906
0.20041
0.73016
0.65360
0.92319
0.40976
0.44655
0.61244
0.11887
0.74474
0.77422
0.78649
0.83245
0.33576
0.19623
0.18964
0.63539
0.92482
0.40784
0.32271
0.62267
0.18467
0.19457
0.67059
0.40317
0.39708
0.12742
0.34099
0.33429
0.59932
0.67064
0.84846
0.65690
0.00363
0.56292
0.62719
0.05542
0.46961
0.15724
0.68237
0.67670
0.41355
0.92163
0.65366
0.19822
0.40702
0.55930
-0.02227
0.23894
0.78765
0.33661
0.19484
0.64390
0.01306
0.48071
0.88591
0.63587
0.04785
0.62803
0.40172
0.54199
0.16526
0.56387
0.62995
0.02061
0.60998
0.62963
0.37371
0.54095
0.19545
0.59179
0.75671
0.45085
0.87424
1.01194
0.68273
0.66163
0.40394
0.62850
0.02843
0.85015
0.62669
0.60959
0.79110
0.97551
0.78217
0.64431
0.04427
0.63167
0.51776
0.15248
0.63698
0.39801
0.07236
0.62746
0.57787
0.20065
0.79071
0.89636
0.99271
0.77262
0.91529
0.64009
0.36833
0.58951
0.68712
0.78129
0.02136
0.37668
0.02155
0.82401
0.75901
0.65030
0.78759
0.90309
0.79143
0.80026
0.62987
0.68680
0.40227
0.46636
0.20925
0.64097
0.63691
0.00690
0.76489
0.92508
0.71538
0.59705
0.17141
0.64084
0.47082
0.21617
0.65712
0.81404
0.16426
0.60633
0.63912
0.65800
0.73019
0.13404
0.66201
0.23704
0.89493
0.14940
0.57044
0.34335
0.63388
0.74640
0.96576
0.68921
0.11076
0.91185
0.19734
0.78006
0.63667
0.35453
0.60648
-0.00843
0.45542
0.02018
0.91568
0.74112
0.16901
0.17977
0.62983
0.51930
0.75496
0.60526
0.87731
0.40841
0.20388
0.69675
0.75477
0.54591
0.45308
0.37267
0.67697
0.66182
0.37951
0.59141
0.61954
0.72115
0.64877
0.43760
0.50473
0.21219
0.05021
0.12054
0.99042
0.38041
0.65976
0.64259
0.93720
0.88737
0.19825
0.64557
0.60363
0.48934
-0.00283
0.81990
0.02906
0.70360
0.39740
0.02338
0.02662
0.42561
0.20129
0.14611
0.45873
0.65858
0.43921
0.17841
0.34996
0.66260
0.42717
0.65876
0.36208
0.69436
0.54608
0.24677
0.04530
0.02529
0.39787
0.63637
0.39168
1.01722
0.01306
0.09790
0.73782
0.37459
0.62790
0.63110
0.06785
0.72376
0.62765
0.42274
0.78867
0.66450
0.45531
0.57795
0.47188
0.17502
0.76523
0.41763
0.03168
0.93650
0.64209
0.85491
0.21960
0.64697
0.66845
0.62322
0.62352
0.39183
0.40162
0.70300
0.09492
0.60359
0.80706
0.96823
0.18247
0.55354
0.41556
0.44051
0.37643
0.65992
0.37660
0.74014
0.21371
0.82871
0.73732
0.62603
0.66061
0.40613
0.89995
0.61718
0.07280
0.94408
0.96007
0.71677
0.14703
0.95786
0.89942
0.36263
-0.04276
0.23609
0.62492
0.82790
0.70404
0.86593
0.25387
0.64508
0.02323
0.90744
0.10794
0.91331
0.09282
0.54989
0.82743
0.03426
0.89413
0.11445
0.62950
0.62806
0.62613
0.15275
0.16887
0.59854
0.89356
0.74386
0.63502
0.03844
0.61165
0.36186
-0.03276
0.20797
0.64299
0.17622
0.00735
0.61993
0.37670
0.16574
0.89289
0.11516
0.74717
0.65775
0.54448
0.63552
0.66071
0.61447
0.15450
0.74200
0.56451
0.64151
0.67406
0.12709
0.38489
-0.00355
0.78978
0.38398
0.44297
0.62982
0.87513
0.86446
0.52245
0.36768
0.12948
0.16859
0.65592
0.76721
0.60699
0.40000
0.60290
0.37123
0.79326
0.00023
0.41054
0.37366
0.65686
0.94748
0.65291
0.39022
0.66643
0.90950
0.94903
0.65854
0.74970
0.61001
0.74772
0.76080
0.04976
0.62055
0.13419
0.70042
0.88097
0.61092
0.39272
0.96367
0.07401
0.06068
0.74952
0.62458
0.89457
0.16111
0.38895
-0.00289
0.44239
0.03690
0.92220
0.65488
0.41767
0.90831
0.67710
-0.00306
0.61500
0.57604
0.46201
0.70891
-0.02195
0.60598
0.63489
0.20921
0.22405
0.89476
0.55321
0.52654
0.04299
0.10263
0.20124
0.15854
0.55707
0.18102
0.71066
0.33337
0.45191
0.39342
0.72633
0.06635
0.34353
0.94375
0.70403
0.01856
-0.00925
0.65728
0.16875
0.17471
0.78194
0.86976
0.83796
0.10269
0.19892
0.36429
0.14135
0.93166
0.14253
0.04941
0.78368
0.67545
0.63489
0.76144
0.73459
0.86786
0.80663
1.00965
0.69938
0.44036
0.01450
0.73677
0.56339
0.03947
0.85556
0.90123
0.59527
0.76754
0.70721
0.68063
-0.00561
0.41857
0.16916
0.65980
0.44266
0.19040
0.37195
0.75018
0.68836
0.68333
0.05131
0.65195
0.03418
0.16695
0.92650
0.82214
0.95740
0.65803
0.19571
0.21371
0.01170
0.43270
0.53627
0.14282
0.71458
0.20735
0.45949
0.75642
0.10885
0.88913
0.24247
0.10770
0.65543
0.58810
0.63152
0.17695
0.63675
0.63105
0.64194
0.53181
0.63658
0.87397
0.46879
0.43470
0.91347
0.70231
0.95126
0.40135
0.14715
0.32823
0.63545
0.57541
0.71566
0.21781
0.69236
0.16387
0.60656
0.41316
0.65055
0.16251
0.11054
0.51580
0.10303
0.66886
-0.00111
0.76943
0.53060
0.73094
0.68534
0.37319
0.38208
0.37916
0.45876
0.73417
0.42831
0.90332
0.04322
0.03590
0.61259
0.90609
0.70208
0.84925
0.31529
0.60169
0.54712
0.63471
0.73931
0.00081
0.68486
0.56435
0.63179
0.63739
0.38153
0.89210
0.38080
0.61292
0.36176
0.90394
0.34294
0.73881
0.01577
0.66543
0.59430
0.71294
0.30022
0.13750
0.86857
0.18791
0.87984
0.14932
0.61818
0.08375
0.12114
0.71746
0.20169
0.13821
0.61223
0.60363
0.73472
0.55691
0.77313
0.62318
0.64757
0.77967
0.62445
0.40579
0.40195
0.40537
0.67984
0.57702
0.06074
0.87453
0.76235
0.01363
0.63905
0.67168
0.00056
0.14222
0.56061
0.36661
0.65641
0.72087
0.01800
0.41660
0.60257
0.58184
0.34596
0.01098
0.19536
0.33163
0.87192
0.90083
0.60425
0.17060
0.74358
0.59109
0.04701
0.93110
0.92760
0.37141
0.36197
0.34603
0.11898
0.83917
0.20164
0.41578
0.41229
0.02924
0.61439
0.61326
0.03076
0.88696
0.62916
0.89450
0.55649
0.01755
0.35735
0.64904
0.40761
0.97371
0.62794
0.65206
0.39508
0.52525
0.65411
0.02227
0.21385
0.91451
0.88088
0.69538
0.16778
0.57108
0.88366
0.62664
0.58530
0.96869
0.44863
0.64388
0.66580
0.70148
0.54840
0.44753
0.66404
0.35157
0.63026
0.13880
0.46834
0.93708
0.83695
0.16068
0.68542
0.80474
0.44676
0.93248
0.12211
0.37811
-0.01004
0.89871
0.40908
0.87887
0.77389
0.36962
0.39789
0.69139
0.72405
0.57391
0.43459
0.18499
0.03435
0.88525
0.01532
0.40097
0.87453
0.23564
0.58573
0.56918
0.86135
0.40964
0.74770
0.75149
0.60172
0.76982
0.54105
0.12383
0.61542
0.60597
0.61151
0.66725
0.18154
0.68489
0.19555
0.04266
0.37946
0.55791
0.42144
0.03545
0.03796
0.90660
0.39857
0.61951
0.87794
0.85895
0.91011
0.98799
0.45556
0.35492
0.04916
0.89432
0.43781
0.19527
0.59489
0.61015
0.59819
0.34625
0.90728
0.80528
0.62021
0.07216
0.46938
0.36196
0.63524
0.41789
0.46618
0.90267
0.52067
0.61258
0.65133
0.64801
0.08474
0.07247
0.02033
0.60443
0.71821
0.60036
0.66550
0.53717
0.64000
0.00093
0.01684
0.13935
0.59363
0.71295
0.65315
0.65643
0.05003
0.95557
0.62101
0.62505
0.22663
0.74569
0.55201
0.90611
0.65563
0.63948
0.58372
0.19044
0.64679
0.67147
0.84227
0.13514
0.87778
0.90933
0.20037
0.70121
0.35591
0.50229
0.64642
0.38955
0.05144
0.39381
0.01314
0.34099
0.02476
0.56047
0.65388
0.95796
0.63670
0.58730
0.68565
0.19476
0.33971
0.00890
0.62847
0.61082
0.07116
0.63005
0.62432
0.00521
0.64903
0.89307
0.00746
0.13153
0.18649
0.12570
0.95660
0.60385
0.25662
0.11931
0.92689
0.61430
0.92556
0.39026
0.63432
0.94038
0.64864
0.01393
0.16500
0.67653
0.92829
0.22196
0.95250
0.98491
0.20299
0.89499
0.72548
1.01746
0.98361
0.18126
0.23242
0.78905
0.64821
0.47751
0.45555
0.37839
0.78900
0.94932
0.18888
0.11123
0.00384
0.57118
0.59320
0.45976
0.20141
0.59826
0.19402
0.38246
0.62563
0.53740
0.10404
0.05820
0.62185
0.02583
-0.01222
0.00936
0.10692
0.94436
0.62066
0.57392
0.63571
0.83157
0.71028
0.78524
0.82601
0.64205
0.06139
0.64646
0.62700
0.77449
0.05484
0.79161
0.46004
0.18689
0.62562
0.88838
0.49405
0.61902
0.37036
0.18281
0.21573
0.58624
0.17229
0.70017
0.80562
0.61529
0.73261
0.42368
0.14674
0.20153
0.70996
0.40985
0.60113
0.65318
0.62464
0.65407
0.54099
0.59898
0.56411
0.62789
0.86084
0.60491
0.63271
0.70118
0.63037
0.63769
0.15591
0.14417
0.61891
0.90113
0.43250
0.16716
0.56462
0.90019
0.79353
0.81713
0.45777
0.75892
0.18294
0.04428
1.01455
0.59776
0.89815
0.11746
0.95921
0.60780
0.43659
0.75107
0.59808
0.00338
0.61548
0.23048
0.61403
0.64068
0.64882
0.70854
0.64526
0.54203
0.66556
0.59718
0.75916
0.60509
0.52050
0.42065
0.87643
0.89821
0.94676
0.67438
0.88560
0.05486
0.05410
0.14000
0.36492
0.67860
0.18131
0.59638
0.73959
0.63545
0.03903
0.32661
0.75911
0.04199
0.65177
0.66312
0.40270
0.15053
0.65217
0.71683
0.05432
0.59493
0.89897
0.39204
0.77824
0.68662
0.22335
0.88590
0.62842
0.02681
0.22499
0.70908
0.97206
0.94033
0.23356
0.73871
0.59182
0.37753
0.62389
0.61301
0.16978
0.90700
0.17765
0.62660
0.96996
0.17669
0.12628
0.66753
0.41976
0.61262
0.43225
0.62540
0.05095
0.85207
0.80011
0.53506
0.65377
0.74445
0.12466
0.87648
0.40045
0.62857
0.43998
0.60314
0.46445
0.19446
0.02375
0.72931
0.63058
0.74954
0.86494
0.73201
0.20486
0.60343
0.15686
0.44613
0.18641
0.62706
0.88244
0.59207
0.88569
0.15885
0.58943
0.72235
0.68414
0.17711
0.37533
0.90196
0.64148
0.66352
0.61922
0.09680
0.62909
0.63869
0.62937
0.58896
0.61603
0.86783
0.17995
0.40814
0.89966
0.03842
0.17962
0.40863
0.88917
0.32921
0.20146
0.62697
0.66175
0.06662
0.94619
0.02237
0.03580
0.80540
0.68216
0.79643
0.05858
0.88493
0.20303
0.73571
0.59069
0.66463
0.39460
0.59409
0.36579
0.59798
0.03428
0.86873
0.89193
0.41422
0.72016
0.70495
0.75126
0.57669
0.81942
0.65172
0.53415
0.67629
1.01819
0.19203
0.76859
0.65464
0.52841
0.48086
0.20158
0.03899
0.52798
0.42151
0.62143
0.60160
0.04196
0.18039
0.68017
0.18193
0.02577
0.60515
0.63107
0.40978
0.23335
0.09210
0.74596
0.63849
0.60738
0.14527
0.99656
0.07148
0.59267
-0.01741
0.21587
0.13764
0.61392
0.46062
0.20611
0.60054
0.80364
0.90292
0.00575
0.96143
0.91697
0.63910
0.66230
0.35005
0.33886
0.54938
0.70032
0.37759
0.61089
0.33071
0.56331
0.21850
0.00553
0.62784
0.45405
0.62366
0.46627
0.39222
0.68177
0.57449
0.22146
0.61891
0.61284
0.52389
0.92560
0.36053
0.45486
0.16210
0.34290
-0.00137
0.17115
0.19261
0.77447
0.78626
0.70468
0.40394
0.69978
0.21627
0.89566
0.60730
0.74826
0.88285
0.98172
0.02187
0.61734
0.64922
0.42691
0.43988
0.12888
0.73518
0.89773
0.43092
0.62090
0.65057
-0.01088
0.64996
0.65751
0.48893
0.64298
0.88762
-0.00433
0.18475
0.80034
0.43783
0.17124
0.59230
0.59634
0.66739
0.14340
0.24388
0.45114
0.32245
0.01475
0.64446
0.56889
0.41740
0.67713
0.01626
0.63718
0.75032
0.62663
0.15879
0.86942
0.76866
0.40079
0.13075
0.64677
0.13961
0.63747
0.34122
0.91900
0.43360
0.65654
0.96593
0.70718
0.90178
0.72312
0.97805
0.44055
0.12738
0.57333
0.87654
0.70610
0.61723
0.01806
0.17689
0.65839
0.44106
0.74072
0.49332
0.57085
0.13848
0.86084
0.73960
0.91261
0.50435
0.66158
0.97954
0.72671
0.61688
0.38837
0.42377
0.69165
0.58807
0.61229
1.00967
0.87225
0.22061
0.46180
0.69389
0.02663
0.18612
0.40047
0.60773
0.67243
0.63940
0.71661
0.68736
0.23596
0.21118
0.66403
0.05963
0.93849
0.02704
0.38433
0.12793
0.01448
0.53233
0.86765
0.56883
0.67998
0.08308
0.36852
0.40665
0.75914
0.92926
0.02076
0.67103
0.77496
0.60661
0.43192
0.15367
0.40006
-0.00444
