0.33498
0.15095
0.01069
0.25537
0.47201
0.46020
0.99322
0.47578
0.50855
0.28284
0.17869
0.24803
0.83065
0.99041
0.92650
0.66990
0.92384
0.86744
0.13027
0.16176
0.22618
0.30842
0.27175
0.33545
0.49830
0.06345
0.60397
0.84759
0.40478
0.35885
0.49472
0.48302
0.66535
0.60670
0.21863
0.79376
0.42738
0.89971
0.24811
0.79516
0.85007
0.06370
0.55160
0.12537
0.87161
0.14707
0.37699
0.21590
0.13498
0.68282
0.51087
0.80811
0.66629
0.42951
0.76472
0.21811
0.01262
0.04686
0.29969
0.45417
0.04023
0.46001
0.42521
0.54375
0.68215
0.46718
0.65758
1.01382
0.20532
0.78431
0.19076
0.49838
0.45750
0.51004
0.26712
0.15740
0.79933
0.13716
0.45020
0.04695
0.97733
0.68207
0.33089
0.48051
0.90796
0.98409
0.23941
0.84142
0.40711
0.65448
0.60909
0.24567
0.53009
0.36536
0.79238
0.08801
0.83423
0.00104
0.35690
0.14263
0.50052
0.59701
0.48726
0.77919
0.28955
0.95747
0.87948
0.37522
0.30545
0.51847
0.51544
0.81970
0.85971
0.97819
0.12763
0.19478
0.05770
0.82435
0.32067
0.87163
0.08563
0.54648
0.46609
0.71031
0.45611
0.45816
0.24631
0.52436
0.32223
0.78165
0.24450
0.25891
0.25592
0.01681
0.28980
0.16538
0.19073
0.11919
0.85675
0.78019
0.86757
0.09606
0.58752
0.48141
0.62016
0.23726
0.49862
0.22827
0.12742
0.53492
0.44294
0.08586
0.03965
0.14856
0.47270
0.17424
0.14326
0.96202
0.53367
0.75471
0.13364
0.60489
0.38015
0.66213
0.31678
0.77147
0.11348
0.02616
0.24723
0.04509
0.00081
0.78807
0.52000
0.05665
0.44192
0.15195
0.66682
0.86657
0.53795
0.91922
0.39520
0.62768
0.76876
0.49818
0.24522
0.20675
0.23862
0.23068
0.49078
0.30759
0.30902
0.46345
0.17738
0.72087
0.50868
0.11587
0.30598
0.23871
0.50028
0.22786
0.07945
0.13980
0.87536
0.04679
0.34490
0.46544
0.39066
0.91997
0.12474
0.23261
0.92732
0.66260
0.12772
0.43998
0.47173
0.77480
0.15571
0.51281
0.14990
0.44695
0.42946
0.19065
0.47789
0.79336
0.35831
0.46423
0.28123
0.63082
0.97726
0.27081
0.65287
0.32490
0.06647
0.33575
0.20076
0.31591
0.27839
0.78465
0.21577
0.33419
0.47894
0.12102
0.86195
0.40934
0.07155
0.25312
0.45155
0.25069
1.01773
0.81101
0.74529
0.17874
0.64524
0.83866
0.13678
0.74305
0.87059
0.17401
0.16824
0.22037
0.15247
0.03669
0.71827
0.52562
0.03387
0.28983
0.58620
0.94448
0.83410
0.36229
0.35317
0.04345
0.13334
-0.01223
0.89475
0.81837
0.24799
0.46258
0.45899
0.05437
0.03612
0.41068
-0.00361
0.14081
0.47991
0.44879
0.33947
-0.00710
0.04286
0.43785
0.33154
0.76412
0.70748
0.26835
0.21068
0.02235
0.65135
0.15866
0.81896
0.37341
0.42962
0.89755
0.23468
0.25269
0.33773
0.06838
0.50134
0.13129
0.91507
0.20634
0.44715
0.30510
0.22747
0.44132
0.81484
0.06395
0.15944
0.42672
0.71345
0.47103
0.12997
0.82877
0.04780
0.50627
0.48478
0.30391
0.52352
0.22102
0.52944
0.99666
0.19967
0.44669
0.53069
0.66344
0.51216
0.15048
0.25924
0.33625
0.26517
0.44963
0.22363
0.17657
0.25587
0.00145
0.51534
0.25838
0.33138
0.75920
0.67587
0.58450
0.07893
0.70653
0.65599
0.84489
0.78904
0.28579
0.42155
0.33890
0.44701
0.25690
0.97487
0.35221
0.46679
0.03653
0.40065
0.70148
0.70794
0.27647
0.22164
0.48366
0.76099
0.84085
0.73944
0.45111
0.15083
0.29866
0.47601
0.38307
0.48985
0.75384
0.16116
0.65066
0.68030
0.48241
0.10823
0.31723
0.73935
0.16873
0.93387
0.09832
0.87757
0.25379
-0.00014
0.89827
0.46178
0.16064
0.15933
0.46467
0.84090
-0.00285
0.14381
0.06660
0.80635
0.25926
0.20748
0.04404
0.48151
0.40214
0.61931
0.36281
0.30485
0.82090
0.99037
0.56683
0.33532
0.03321
0.99173
0.84171
0.78927
0.78546
0.76837
0.53314
0.05315
0.31370
-0.00907
0.79094
0.97992
0.19031
0.67884
0.88137
0.26235
0.25171
0.33036
0.43276
0.21808
0.22111
0.65993
0.18319
0.22653
-0.02558
0.24378
0.32837
0.89118
0.58984
0.85226
0.49563
0.81832
0.45030
0.13819
0.82602
0.46309
0.70513
0.05055
0.87565
0.42642
0.06836
0.93324
0.76855
0.18499
0.90175
0.06260
0.46955
0.58579
0.77144
0.16188
0.16789
-0.00112
0.84057
0.18281
0.99827
0.20283
0.80950
0.13345
0.85642
0.33506
0.72988
0.42342
0.72600
0.86012
0.12655
0.17031
0.19673
0.40204
0.52785
0.35788
0.59292
0.08357
0.72110
0.55792
0.52206
0.32774
0.51619
0.37602
0.83048
0.21499
0.61211
0.34430
0.23351
0.63392
0.25874
0.88022
0.68666
0.32630
0.21684
0.68934
0.61786
0.13251
0.03680
0.85709
0.38517
0.82846
0.31451
0.73209
0.45978
0.30166
0.27800
0.24258
0.37758
0.52430
0.47478
0.78420
0.64583
0.51657
0.11018
0.88234
0.17226
0.25843
0.06851
0.15170
0.46145
0.41582
0.14656
0.47090
0.50943
0.14478
0.08020
0.58527
0.60896
0.03433
0.84143
0.27705
0.03606
0.21993
0.06636
0.23245
0.76989
0.37314
0.39338
0.52980
0.06094
1.00763
0.44379
0.76494
0.24773
0.14298
0.11100
0.11648
0.43258
0.44418
0.17212
0.07935
0.16110
0.85664
0.53389
0.14354
0.42535
0.19440
0.44808
0.85537
0.78164
0.74102
0.03631
0.42364
0.52027
0.15036
0.74448
0.42717
0.29410
0.44581
0.95754
0.59657
0.15531
0.46878
0.27317
0.17483
0.40325
0.43757
0.23746
0.12814
0.83978
0.32685
0.46051
0.88394
0.74501
0.69463
0.52086
0.15815
0.73255
0.66074
0.14940
0.15431
0.92738
0.82884
0.31367
0.77745
1.00072
0.03076
0.57554
0.69237
0.75769
0.45641
0.02779
0.23088
0.04581
0.12357
0.48334
0.72711
0.46261
0.32890
0.32742
0.80453
0.43703
0.07600
0.11880
0.46405
0.87290
0.85145
0.95600
0.42376
0.47249
0.26481
0.39212
0.15091
0.33779
0.73424
0.26045
0.44142
0.02193
0.31271
0.28709
0.21360
0.14579
0.32234
0.43221
0.27404
0.73794
0.78354
0.09207
0.58857
0.81544
0.04843
0.09468
0.54399
0.47284
0.24070
0.25012
0.15768
0.99061
0.21154
0.21102
0.88745
0.77173
0.58066
0.60658
0.43356
0.43604
0.08703
0.45514
0.05967
0.47721
0.83451
0.18097
0.25703
0.05499
0.81088
0.40703
0.65507
0.57539
0.59783
0.99915
0.36348
0.22011
0.14296
0.67524
0.85364
0.22424
0.46871
0.30057
0.33819
0.20517
0.36535
0.07946
0.74079
0.24039
0.82511
0.04431
0.05329
0.14574
0.29701
0.45095
0.16691
0.81400
0.36514
0.53918
0.87282
0.82679
0.85694
0.64942
0.64978
0.45241
0.07271
0.51486
0.17543
0.06556
0.96287
0.83571
0.96253
0.95148
0.44896
0.44873
0.34285
1.00687
0.52666
0.59747
0.37895
0.58322
0.42030
0.96801
0.63725
0.81407
0.85387
0.47300
0.45930
0.54705
0.24940
0.68371
0.04333
0.22398
0.51296
0.85867
0.86905
0.26647
0.85817
0.40794
0.50096
0.36554
0.82909
0.15532
0.91128
0.39580
0.21154
0.05703
0.95423
0.68636
0.79128
0.05589
0.59046
0.56945
0.50659
0.85505
0.33053
0.32512
0.42020
-0.01006
0.04656
0.54344
0.76149
0.12990
0.19694
0.13853
0.19847
0.91305
0.51471
0.77630
0.83405
0.46621
0.23114
0.57535
0.16452
0.85033
0.49028
0.60682
0.13934
0.78442
0.02631
0.06321
0.12075
0.32558
0.22153
0.10222
0.96954
0.52814
0.67464
0.25099
0.04001
0.98581
0.39373
0.75953
0.86409
0.64957
0.05865
0.57989
0.16914
0.47226
0.02790
0.47716
0.74612
0.25746
0.01467
0.43059
0.96861
0.32142
0.45145
0.83540
0.21155
0.44048
0.11610
0.76068
0.16560
0.10104
0.09121
0.58115
0.16839
0.91865
0.82063
0.91259
0.88169
0.44135
0.52530
0.79437
0.19999
0.63936
0.33900
0.10099
0.02012
0.76207
0.15222
0.23969
0.42350
0.14759
0.37593
0.78077
0.63474
0.53320
0.96076
0.00056
0.87852
0.40959
0.39408
0.14543
0.08392
0.41461
0.83888
0.56397
0.46363
0.47868
0.76478
0.84802
0.86438
0.45591
0.43853
0.60149
0.75771
0.75201
0.31242
0.90550
0.74982
0.07100
0.11202
0.45366
0.87286
0.42157
0.84355
0.34281
0.05581
0.88490
0.99953
0.24964
0.62655
0.66021
0.45837
0.05062
0.00231
0.79821
0.05795
0.15047
0.66423
0.47453
0.85981
0.12764
0.75579
0.78523
0.78726
0.27063
0.45445
0.49629
0.40048
0.28568
0.45046
0.22239
0.45359
0.07079
0.38855
0.14387
0.41312
0.76190
0.63929
0.40729
0.32826
0.85488
0.13158
0.52278
0.42427
0.05891
0.14645
0.00627
0.47583
0.47075
0.15989
0.60608
1.00587
0.07647
0.22161
0.10689
0.12495
0.40442
0.52206
0.26110
0.37635
0.45722
0.58479
0.41148
0.35699
0.38417
0.78042
0.44115
0.83357
0.25148
0.06104
0.21290
0.45768
0.13134
0.22989
0.22959
0.61225
0.72457
0.28879
0.75447
0.74892
0.14991
0.99290
0.77439
0.30321
0.40630
0.52842
0.86434
0.85825
0.16677
0.52536
0.16761
0.82087
0.61574
0.28062
0.01746
0.50299
0.58084
0.80917
0.45882
0.00992
0.21044
0.47511
0.73462
0.28929
-0.00020
0.26698
0.13298
0.21994
0.22947
0.55025
0.08367
0.81806
0.68573
0.89867
0.64552
0.49041
0.56045
0.52019
0.83180
0.17380
0.16574
0.81739
0.26372
0.87626
0.51143
0.90401
0.21613
0.21756
1.03095
1.00970
0.26734
0.66086
0.02454
0.10143
0.15424
0.69609
0.45718
0.52882
0.09998
0.45162
0.72425
0.03400
0.13787
0.41420
0.68196
0.43537
0.22882
0.05784
0.31423
0.69978
0.13426
0.80853
0.08790
0.50131
0.10370
0.67489
0.93935
0.44625
0.77366
0.00719
0.23654
0.46575
0.42543
0.02672
0.34416
0.60151
0.54656
0.48248
0.17556
0.31243
0.25829
0.28857
0.24737
0.38540
0.21222
0.85572
0.26061
0.16735
0.39046
0.49181
0.65275
0.22783
0.56051
0.46745
0.04006
0.15241
1.01976
0.13963
0.25798
0.00403
0.82244
0.45615
0.21767
0.33710
0.55491
0.50157
0.83894
0.28498
0.50281
0.36893
0.48822
0.84923
0.25851
0.78682
0.41668
0.62186
0.24858
0.60969
0.35528
0.70249
0.78186
0.70852
0.97585
0.43639
0.47923
0.48956
0.18597
0.33660
0.68028
0.38802
0.00476
0.41682
0.25298
0.68478
0.21430
0.00930
0.14701
0.66543
0.37706
0.76929
0.46559
0.21980
0.98075
-0.00569
0.14933
0.91938
0.73267
0.92612
0.02372
0.22067
0.89116
0.01577
0.97401
0.71653
0.82058
0.60156
0.35736
0.48997
0.00441
0.16751
0.33077
0.03944
0.42161
0.80998
0.23681
0.65316
0.14840
0.33274
0.61251
0.51588
0.14139
0.52304
0.64953
0.05395
0.75788
0.03214
0.17736
0.71388
0.05205
0.23270
0.68029
0.71242
0.98636
0.78764
0.47261
0.40351
0.94919
0.45519
0.68474
0.00487
0.22957
0.97056
0.50240
0.14928
0.23398
0.80116
0.84106
0.38934
0.22795
0.09587
0.59311
0.05560
0.67118
0.84973
0.44006
0.49211
0.51132
0.22526
0.05335
0.46823
0.11136
0.73612
0.21455
0.82258
0.84584
0.65490
0.26948
0.32294
0.08938
0.82391
0.79736
0.67238
0.50979
0.51276
0.31733
0.08817
0.26595
0.68597
0.46200
0.21322
0.33349
0.85349
0.45242
0.61574
0.76437
0.22017
0.79662
0.80372
0.70280
0.25239
0.63841
0.75614
0.33435
0.35839
0.03659
0.15223
0.06636
0.97283
0.07849
0.63184
0.40645
0.78118
0.83841
0.51953
0.52154
0.23829
0.46855
0.62093
0.60365
0.07305
0.50667
0.47084
0.59821
0.49270
0.89828
0.84984
0.18692
0.24038
0.43119
0.85832
0.67929
0.82203
0.19923
0.25204
0.25142
0.76743
0.51956
0.35562
0.03272
0.14087
0.77324
0.86299
0.08229
0.33918
0.27194
0.47119
0.74989
0.30016
0.49627
0.63828
0.52908
0.43683
0.20197
0.51696
0.49226
0.18062
0.41833
0.45248
0.11667
0.42489
0.23416
0.40836
0.41794
0.64638
0.30055
0.19093
-0.00753
0.03993
0.63427
0.49923
0.95426
0.97461
0.46715
1.00692
0.47551
0.85054
0.49143
0.28226
0.76019
0.55907
0.20247
0.63375
0.08042
0.80410
0.05148
0.76814
0.53354
0.51302
0.97918
0.18880
0.27578
0.67930
0.06689
0.00293
0.78480
0.84832
0.04901
0.11654
0.16116
0.45850
0.16398
0.02343
0.43871
0.03282
0.97906
0.16385
0.73383
0.03501
0.71409
0.77424
0.41755
0.54971
0.20656
0.98164
0.21023
0.14028
0.04678
0.19597
0.49085
0.92743
-0.00001
0.37672
0.28227
0.23777
0.74783
0.53282
0.10370
0.53112
-0.01867
0.12187
0.51031
0.00939
0.01955
0.12218
0.88167
0.07570
0.41654
0.04620
0.18228
0.48653
0.53027
0.66367
0.78138
0.44288
0.51243
0.02693
0.85290
0.54108
0.31327
0.19644
0.05090
0.29299
0.48413
0.79115
0.81445
0.16201
0.50347
0.49486
0.96877
0.15308
0.52083
0.84731
0.20804
0.77623
0.32509
0.45064
0.52777
0.78215
0.21815
0.89517
0.44215
0.14643
0.37477
0.76326
0.49769
0.40672
0.47798
0.44990
0.43228
0.15692
0.67956
-0.00441
0.22779
0.09933
0.43691
0.84874
0.15825
0.07066
0.89506
0.41375
0.49957
0.89726
0.17039
0.84344
0.19573
0.12545
0.36440
-0.00910
0.15775
0.45469
0.97398
0.23594
0.43937
0.61913
0.46587
0.26449
0.18787
0.53338
0.27292
0.25123
0.89019
0.17439
0.01076
0.66260
0.76180
0.15797
0.42859
0.85635
0.49640
0.09606
0.23080
0.58551
0.41972
0.65732
0.26647
0.86309
1.00948
0.15564
0.21495
0.28108
0.08953
0.16038
0.37089
0.34634
0.41924
0.11960
-0.04491
0.12237
0.08219
0.16053
0.87930
0.65973
0.28196
0.19097
0.46263
0.19831
0.61985
0.54621
-0.00693
0.02405
0.99119
0.04972
0.34120
0.64608
0.63879
0.45248
0.86008
0.26643
0.56006
0.24842
0.52128
0.31680
0.23004
-0.01275
0.02226
0.13936
0.44978
0.18964
0.44720
0.75654
0.07509
0.19532
0.43898
0.59224
0.47223
0.74743
0.46823
0.18785
0.37161
0.71704
-0.01596
0.61302
0.76873
0.84154
0.24335
0.57392
0.49242
0.48628
0.77356
0.32264
0.13362
0.05763
0.37622
0.64732
0.15840
0.85660
0.17593
-0.01081
0.08734
0.49143
0.44728
0.71420
0.07323
0.73961
0.13628
0.43795
0.17876
0.12264
0.95156
0.51825
0.48735
0.34676
0.32599
0.18932
0.84147
0.08628
0.51564
0.45690
0.83938
0.75904
0.32185
0.13798
0.15811
0.63856
0.16779
0.76137
0.42832
0.11168
0.46025
0.52865
0.76641
0.20043
0.34344
0.45717
0.59509
0.50757
0.28849
0.53553
0.84828
0.33697
0.41951
0.43470
0.35619
0.43378
0.08944
0.74338
0.12449
0.15186
0.43616
0.03119
0.07512
0.61166
0.17629
0.75658
0.33249
0.50157
0.66119
0.29466
0.43781
0.44516
0.20506
0.33863
0.22647
0.23209
0.47380
0.29194
0.15478
0.53858
0.82467
0.47284
-0.01226
0.26105
0.30128
0.59030
0.12585
0.75563
0.98562
0.86300
0.50344
0.80633
0.85379
0.05030
0.88323
0.19631
0.16294
0.52113
0.09846
0.35182
0.26078
0.57672
-0.01023
-0.00264
0.84514
0.04530
0.81988
0.09810
0.34048
0.70252
0.61483
0.82264
-0.01424
0.52553
0.47558
0.16990
0.75720
0.22648
0.16021
0.44984
0.12984
0.12664
0.92904
0.62958
0.85315
0.00855
0.35507
0.54915
0.46393
0.78851
0.50061
0.84536
0.03639
0.16517
0.13865
0.64963
0.84799
0.35888
0.40055
0.14036
0.36061
0.79378
0.21388
0.36796
0.22898
0.02907
0.33578
0.12367
0.80535
0.15830
0.29793
0.48025
0.17296
0.00215
0.52197
0.07434
0.25360
0.79699
0.25791
0.87019
0.46021
0.49535
0.78567
0.80564
0.47268
0.60370
0.41823
0.27191
0.23190
0.29811
0.05402
0.15974
0.59187
0.24723
0.68820
-0.00269
0.84767
1.03647
0.07219
0.48557
0.97445
0.52848
0.36624
0.54432
0.04300
0.27535
0.46244
0.35700
0.07579
0.29976
1.01326
0.49660
0.73954
0.42592
0.76838
1.01950
0.48802
0.49530
0.10888
0.03214
0.49352
0.64805
0.44267
0.24950
0.21849
0.27223
0.28463
0.20931
0.33268
0.84553
0.41620
0.83590
0.68132
0.14465
0.14682
0.78632
0.07239
0.25587
0.66631
0.61703
0.51255
0.59164
0.21638
0.23156
0.79063
0.86723
0.83890
0.74358
0.14935
0.31996
0.60915
0.14943
0.14783
0.25069
0.78245
0.18961
0.40840
0.87817
0.14864
0.00307
0.46442
0.60885
0.19528
0.23870
0.12720
0.03657
0.66111
0.11848
0.14080
0.41491
0.27037
0.60752
0.80271
0.54173
0.42528
0.14041
0.03046
0.85350
0.12137
0.44867
0.66723
-0.01985
0.24265
0.41374
0.51353
0.97434
0.09435
0.03965
0.45604
1.00301
0.90659
0.14182
0.85377
0.20053
0.85154
0.85294
0.45725
0.24186
0.49674
0.76396
0.25826
0.20196
0.82811
0.95536
0.18002
0.17368
0.22464
0.12178
0.14480
0.32516
0.33687
0.03580
0.73791
0.72069
0.40177
0.49857
0.43254
0.42571
0.63254
0.15122
0.59027
0.54265
0.45934
0.42691
0.28110
0.95876
0.26895
0.49965
0.95278
0.76381
0.75403
0.42042
0.43239
0.16108
1.00193
0.78968
0.81931
0.17848
0.69366
0.01035
0.41748
0.82745
0.21970
0.69702
0.74863
0.13456
0.06191
0.66372
0.50515
0.66081
0.54107
0.94838
0.59547
0.18342
0.04604
0.77648
0.08331
0.21757
0.51415
0.62364
0.04701
0.45897
0.29097
0.51613
0.75112
0.03855
0.88350
0.38769
0.86775
0.62638
0.26095
0.10329
0.29890
0.97595
0.80587
0.78420
0.56642
1.01106
0.50350
0.40665
0.12998
0.14698
0.40747
0.15404
0.13069
0.19695
0.08215
0.12562
0.12783
0.12183
0.13750
0.01613
0.17329
0.34971
0.96227
0.98610
0.51272
0.58726
0.77971
0.27665
0.63960
0.09728
0.14130
0.80494
0.23627
0.51228
0.25900
0.60011
0.06332
0.06709
0.40424
0.22181
0.72685
0.83651
0.28686
0.45143
0.18945
0.40117
0.40892
0.86289
0.99166
0.35244
0.65275
0.53039
0.58434
0.14109
0.68680
0.54037
0.41279
0.99156
0.86679
0.96991
0.67558
0.49139
0.44115
0.27398
0.99693
0.52359
0.40389
0.96257
0.79594
0.24997
0.16965
0.15408
0.76306
0.17255
0.24891
-0.00402
0.12248
0.80511
0.02634
0.22315
0.46127
0.62424
0.36056
0.45551
0.07562
0.85538
0.21954
0.64306
0.73845
0.49702
0.07923
0.03629
0.85837
0.06078
0.08274
0.23625
0.52410
0.39356
0.50645
0.25865
0.78795
0.28096
0.23303
0.14726
0.31152
0.05817
0.27797
0.95340
0.46981
0.98855
0.77159
0.76518
0.76987
0.42236
0.39899
0.40335
0.09519
0.05439
0.31222
0.78139
-0.01083
0.18191
0.78547
0.12415
0.18429
0.85467
0.39790
0.18198
0.13177
0.07265
0.46812
0.64567
0.04377
0.53311
0.41331
0.90538
0.33909
0.28241
0.34095
0.76040
0.88355
0.80225
0.45293
0.64448
0.13531
0.13741
0.33320
0.00959
0.78693
0.11600
0.87141
0.50518
0.49985
0.05092
0.29580
0.87196
0.11948
0.77117
0.43791
0.65076
0.82728
