0.08950
0.85975
0.28387
0.20476
0.55407
0.27899
0.36377
0.53846
0.63395
0.59714
0.51050
0.55768
0.31377
0.69440
0.37380
0.44013
0.32866
0.07185
0.42511
0.46449
0.34551
0.36215
0.31851
0.25539
0.84241
0.93957
0.04091
0.13515
0.28756
0.91906
0.29454
0.42851
0.61326
0.29991
0.72957
0.55109
0.24227
0.64015
0.39433
0.32925
0.24116
0.29033
0.17380
0.67517
0.54693
0.06307
0.36842
0.40637
0.30314
0.38812
0.50347
0.22562
0.52371
0.44813
0.30086
0.28269
0.12218
0.66930
0.52114
0.32900
0.36581
0.21470
0.78120
0.49226
0.73666
0.94318
0.44849
0.34887
0.90289
0.42460
0.68852
0.28828
0.71190
0.96568
0.63325
0.36028
0.97082
0.72009
0.67396
0.77800
0.61517
0.64135
0.39695
0.42410
0.97598
0.50661
0.21236
0.35272
0.43390
0.94093
0.27421
0.21109
0.46989
0.11195
0.72408
0.29905
0.49849
0.74048
0.65296
0.34853
0.50758
0.49503
0.41216
0.71235
0.83920
0.95938
0.72434
0.24752
0.30407
0.97589
0.93188
0.07195
0.45979
0.94728
0.94763
0.63998
0.35487
0.28674
0.28732
0.42230
0.95557
0.07447
0.29007
0.42258
0.19776
0.97922
0.18473
0.66000
0.30604
0.31961
0.33225
0.43513
0.36920
0.36345
0.29547
0.28833
0.19282
0.54264
0.50879
0.61062
0.31538
0.44299
0.69655
0.49689
0.36949
0.51484
0.47806
0.90331
0.84910
0.29173
0.41419
0.09507
0.37665
0.25805
0.89308
0.93268
0.61430
0.34854
0.42294
0.30445
0.50475
0.70471
0.48798
0.31415
0.64487
0.29691
0.22792
0.38579
0.22532
0.50263
0.41481
0.29371
0.28108
0.91127
0.20110
0.49889
0.43409
0.19289
0.65365
0.30205
0.66391
0.61826
0.69491
0.22396
0.49159
0.91137
0.46128
0.41081
0.36947
0.20584
0.39917
0.30856
0.69896
0.27572
0.43196
0.24369
0.02961
0.70540
0.97219
0.71448
0.30170
0.19358
0.83215
0.98961
0.40529
0.17372
0.30141
0.64323
0.27512
0.91838
0.32997
0.90072
0.43558
0.85109
0.48164
0.38686
0.93255
0.36670
0.19095
0.04054
0.42833
0.93923
0.10027
0.94512
0.96444
0.61041
0.29573
0.74050
0.32363
0.47110
0.41254
0.07213
0.43366
0.31264
0.90311
0.38109
0.69737
0.84105
0.42037
0.83464
0.32696
0.43604
0.70437
0.35555
0.91733
0.90867
0.31675
0.93877
0.90536
0.70353
0.25507
0.23377
0.91505
0.95791
0.29177
0.40866
0.28779
0.40096
0.41622
0.05157
0.52847
0.70010
0.62102
0.44653
0.66496
0.50639
0.65717
0.07612
0.88695
0.71155
0.58403
0.25288
0.42498
0.18537
0.26999
0.32239
0.74500
0.23714
0.94168
0.61962
0.95800
0.17128
0.26372
0.49801
0.46574
0.31091
0.61294
0.35146
0.71574
0.48724
0.20235
0.10310
0.39941
0.93774
0.69068
0.25245
0.39219
0.29165
0.30017
0.95683
0.47293
0.94601
0.04953
0.94428
0.30171
0.39844
0.40886
0.98394
0.33705
0.48500
0.34311
0.36620
0.47234
0.67542
0.44095
0.43500
0.48348
0.49556
0.10192
0.41643
0.10507
0.72328
0.87839
0.44190
0.84806
0.45367
0.30866
0.29737
0.05502
0.27801
0.13630
0.30354
0.90074
0.88702
0.60279
0.49183
0.96511
0.40604
0.68354
0.43868
0.62951
0.71479
0.27512
0.49916
0.37155
0.23915
0.40723
0.32049
0.10697
0.25766
0.20367
0.31878
0.31347
0.31628
0.66701
0.72299
0.42242
0.28933
0.24889
0.63834
0.04387
0.39207
0.29869
0.42097
0.40017
0.34539
0.29153
0.14479
0.66352
0.87514
0.30842
0.87390
0.25002
0.87650
0.97527
0.73384
0.12609
0.03292
0.35858
0.63816
0.28278
0.32964
0.92012
0.09300
0.09040
0.12771
0.16458
0.44752
0.26920
0.88255
0.28021
0.18251
0.06435
0.30255
0.32065
0.22261
0.41126
0.87875
0.96162
0.85030
0.48465
0.42827
0.89547
0.90314
0.24523
0.29582
0.67576
0.35781
0.15721
0.95611
0.86659
0.14584
0.40987
0.69558
0.25863
0.24544
0.46220
0.98128
0.66948
0.42377
0.59671
0.28240
0.25058
0.06112
0.69190
0.91332
0.40683
0.23804
0.25847
0.32753
0.20223
0.88603
0.21343
0.30044
0.30398
0.57958
0.65337
0.71415
0.45633
0.39384
0.77816
0.99576
0.63054
0.87030
0.20191
0.49367
0.49997
0.61851
0.30068
0.91709
0.92658
0.95507
0.04960
0.24333
0.91996
0.92325
0.45691
0.40750
0.68017
0.37125
0.85429
0.63818
0.21224
0.68488
0.83786
0.75524
0.49345
0.92469
0.69313
0.06678
0.43847
0.63024
0.32784
0.40095
0.71824
0.99167
0.42196
0.94969
0.27224
0.47172
0.52008
0.44474
0.47935
0.28530
0.36547
0.93954
0.24794
0.28033
0.21238
0.62758
0.23419
0.17143
0.28413
0.48877
0.51099
0.39548
0.71208
0.49792
0.85053
0.55209
0.49461
0.45882
0.58927
0.90954
0.86676
0.83805
0.13519
0.40432
0.85629
0.59579
0.88932
0.33088
0.20797
0.96795
0.76906
0.45693
0.27143
0.65211
0.41658
0.38227
0.41303
0.61525
0.03462
0.76227
0.48162
0.30569
0.18967
0.40084
0.31955
0.39722
0.35784
0.06248
0.30383
0.36978
0.91616
0.91106
0.41477
0.61110
0.67546
0.13771
0.32458
0.68381
0.22785
0.90118
0.66133
0.36245
0.50336
0.70215
0.30279
0.74199
0.32657
0.30798
0.41142
0.85652
0.18467
0.39420
0.31693
0.88859
0.90440
0.65933
0.32981
0.03100
0.22162
0.30097
0.42477
0.85411
0.97233
0.11256
0.90716
0.69941
0.73795
0.26989
0.15196
0.81169
0.60128
0.94921
0.71386
0.61469
0.45452
0.88844
0.47247
0.86998
0.86677
0.60284
0.48593
0.42553
0.65506
0.67152
0.43169
0.74750
0.88721
0.98401
0.50573
0.94143
0.42445
0.26929
0.09322
0.94911
0.51590
0.49179
0.51011
0.43157
0.24092
0.09210
0.44358
0.39023
0.69046
0.62288
0.20920
0.43157
0.42705
0.40884
0.93246
0.13503
0.22241
0.73358
0.38530
0.48395
0.11676
0.07549
0.44415
0.27024
0.40028
0.42552
0.41448
0.94952
0.87162
0.29015
0.10579
0.87244
0.13612
0.43716
0.30833
0.32885
0.39316
0.51683
0.29636
0.27676
0.70088
0.29119
0.42785
0.27769
0.45643
0.30083
0.35723
0.94683
0.13795
0.93018
0.14648
0.63870
0.49550
0.65072
0.87993
0.63196
0.42891
0.22604
0.66809
0.44346
0.90433
0.29579
0.54373
0.99198
0.91483
0.30131
0.87064
0.92449
0.68651
0.69561
0.33190
0.23993
0.75353
0.16078
0.62911
0.86140
0.41697
0.68188
0.25622
0.95587
0.03047
0.40154
0.23881
0.09595
0.78478
0.28270
0.73370
0.50817
0.69062
0.43747
0.29566
0.92788
0.84625
0.91644
0.94847
0.78002
0.28590
0.90749
0.21963
0.67334
0.19969
0.71891
0.96136
0.04085
0.23830
0.29251
0.25473
0.97241
0.56134
0.28155
0.24509
0.54581
0.33593
0.71583
0.92347
0.38077
0.39825
0.49347
0.17962
0.31572
0.47492
0.29332
0.96589
0.30223
0.32687
0.53463
0.66580
0.59063
0.72481
0.87469
0.15795
0.47995
0.18710
0.49275
0.91867
0.43440
0.18405
0.44756
0.20002
0.70121
0.62464
0.40000
0.36169
0.47548
0.26818
0.25617
0.95401
0.23308
0.31546
0.89811
0.92921
0.30808
0.37172
0.95735
0.45845
0.63508
0.71664
0.94437
0.42302
0.88343
0.97722
0.22091
0.42536
0.04142
0.26906
0.29670
0.70374
0.22284
0.52005
0.37957
0.75786
0.62112
0.27715
0.37637
0.44695
0.46508
0.31016
0.29404
0.48851
0.87480
0.56560
0.71283
0.38051
0.11437
0.67087
0.48060
0.09100
0.33451
0.11741
0.32626
0.89742
0.22793
0.49523
0.39765
0.84583
0.88430
0.91061
0.33888
0.70636
0.40841
0.62501
0.68170
0.40189
0.61444
0.30253
0.85802
0.91805
0.40299
0.14773
0.62777
0.35096
0.39684
0.34472
0.40830
0.62646
0.29332
0.48723
0.13711
0.47429
0.40406
0.65133
0.44944
0.46448
0.91517
0.22607
1.01740
0.63038
0.43115
0.72507
0.87958
0.13597
0.32732
0.21956
0.67701
0.32794
0.95355
0.70462
0.31441
0.91627
0.30106
0.03936
0.38753
0.59255
0.72273
0.25771
0.87659
0.38447
0.22333
0.47444
0.47636
0.60651
0.58803
0.25552
0.48991
0.12497
0.67263
0.35945
0.93389
0.92134
0.06084
0.06152
0.49206
0.37003
0.07560
0.47089
0.49030
0.46050
0.22734
0.22788
0.42611
0.89749
0.31240
0.34087
0.96492
0.28358
0.47805
0.92845
0.73156
0.89450
0.32135
0.39772
0.55179
0.49028
0.25971
0.87012
0.29280
0.10735
0.28503
0.25917
0.47846
0.86074
0.49622
0.08036
0.59443
0.59621
0.41748
0.06795
0.90996
0.50926
0.92543
0.43730
0.85761
0.38060
0.20372
0.33801
0.74691
0.22746
0.51870
0.93643
0.89907
0.33624
0.97556
0.28767
0.75335
0.10905
0.65277
0.40943
0.78518
0.75845
0.97558
0.59687
0.19362
0.46008
0.26494
0.22656
0.86878
0.21737
0.21573
0.31776
0.30312
0.51305
0.70246
0.38171
0.45427
0.46648
0.43772
0.89407
0.22204
0.93989
0.92041
0.49709
0.49239
0.28188
0.46930
0.49973
0.55275
0.91535
0.91874
0.95536
0.69872
0.41008
0.68658
0.93041
0.65213
0.20575
0.39154
0.50871
0.69005
0.50264
0.92221
0.31569
0.36237
0.19428
0.32336
0.94839
0.54635
0.96999
0.29522
0.68896
0.40755
0.64215
0.11109
0.44371
0.08355
0.41400
0.38604
0.09972
0.86666
0.49465
0.91867
0.30957
0.32085
0.87626
0.45157
0.95924
0.26839
0.71751
0.09463
0.53432
0.96324
0.88670
0.24280
0.94507
0.90647
0.26476
0.15579
0.74193
0.91688
0.96955
0.21794
0.14661
0.83657
0.30393
0.34261
0.28591
0.20103
0.32934
1.01664
0.87540
0.48180
0.96334
0.97768
0.22315
0.43768
0.50406
0.91374
0.22458
0.38540
0.48598
0.42359
0.92541
0.93517
0.30589
0.29200
0.50001
0.89973
0.63918
0.16280
0.41121
0.49452
0.39062
0.47416
0.89760
0.19078
0.51878
0.84105
0.67847
0.49125
0.39602
0.07004
0.64993
0.64569
0.60723
0.68530
0.21448
0.20230
0.57535
0.60459
0.33183
0.89796
0.47225
0.51693
0.41170
0.76074
0.30327
0.27229
0.89314
0.84517
0.96545
0.69195
0.47624
0.05739
0.89512
0.94411
0.29468
0.31539
0.22475
0.96410
0.91885
0.49020
0.44716
0.27957
0.50767
0.07151
0.93463
0.91548
0.95687
0.43844
0.95391
0.32566
0.91935
0.46367
0.47114
0.28953
0.90198
0.38759
0.24262
0.48707
0.30086
0.91556
0.68769
0.61677
0.35578
0.46343
0.98612
0.96085
0.89496
0.90616
0.08129
0.71235
0.44090
0.38982
0.90011
0.25606
0.45264
0.27716
0.08416
0.91977
0.32040
0.23550
0.24721
0.40492
0.91331
0.49741
0.48223
0.24056
0.65010
0.29498
0.50640
0.88017
0.30849
0.39539
0.63839
0.35077
0.37779
0.63653
0.95583
0.89073
0.23726
0.78466
0.47775
0.25176
0.38649
0.47436
0.59420
0.62628
0.36969
0.29915
0.34368
0.09110
0.87275
0.23441
0.62963
0.51117
0.37095
0.44366
0.83763
0.25868
0.63701
0.26466
0.41682
0.25548
0.86516
0.68901
0.49763
0.27742
0.49329
0.40342
0.66549
0.73712
0.29346
0.19463
0.35170
0.55324
0.68878
0.25577
0.94017
0.16124
0.29697
0.21391
0.31041
0.68018
0.08769
0.58367
0.56558
0.72597
0.37625
0.48455
0.63143
0.31843
0.14445
0.53798
0.38096
0.99052
0.04932
0.32037
0.91090
0.28154
0.32335
0.84522
0.16862
0.57031
0.47155
0.46456
0.08490
0.20333
0.07089
0.54826
0.38185
0.23308
0.62509
0.94638
0.87079
0.73216
0.30770
0.64155
0.07689
0.44301
0.63711
0.92614
0.17244
0.62671
0.14839
0.30175
0.83950
0.51002
0.88355
0.95755
0.95217
0.96522
0.31657
0.20084
0.30307
0.23059
0.24080
0.17276
0.23957
0.32251
0.41746
0.29134
0.26512
0.30364
0.29459
0.85842
0.83760
0.16728
0.38495
0.26080
0.95910
0.20456
0.97857
0.44794
0.98011
0.49493
0.40848
0.56945
0.71513
0.06381
0.39200
0.48453
0.76112
0.32624
0.07415
0.63886
0.59530
0.41045
0.65813
0.64347
0.85234
0.42350
0.20051
0.92361
0.11534
0.71751
0.41963
0.88270
0.27494
0.28371
0.93568
0.46862
0.59418
0.24932
0.32960
0.10206
0.73400
0.91417
0.95299
0.31974
0.42310
0.38326
0.97801
0.34969
0.64334
0.09179
0.25491
0.28680
0.87017
0.27814
0.34073
0.58801
0.86083
0.28478
0.49868
0.87565
0.20295
0.34880
0.06497
0.61089
0.40263
0.71536
0.08085
0.43915
0.39162
0.53433
0.63621
0.28721
0.41896
0.26927
0.36314
0.97896
0.55727
0.93724
0.72544
0.95930
0.43538
0.43029
0.38791
0.46775
0.46686
0.41632
0.21726
0.54612
0.95004
0.31293
0.41514
0.30269
0.49721
0.65499
0.30122
0.68278
0.14943
0.05457
0.41778
0.41681
0.07770
0.48185
0.50332
0.86458
0.72893
0.41147
0.30970
0.20981
0.40373
0.26350
0.86838
0.89658
0.95515
0.97224
0.24158
0.84417
0.89583
0.55006
0.92916
0.42999
0.66301
0.46105
0.60287
0.30774
0.54637
0.27271
0.57689
0.93576
0.29389
0.46830
0.26303
0.93915
0.40883
0.29853
0.05555
0.56008
0.27489
0.18593
0.28470
0.27694
0.45370
0.25193
0.43672
0.64065
0.92907
0.31676
0.63083
0.32901
0.28190
0.27791
0.91004
0.35217
0.29112
0.59318
0.65822
0.02787
0.58619
0.75932
0.63848
0.86553
0.44204
0.47582
0.15518
0.17492
0.21609
0.40334
0.94435
0.44891
0.84856
0.33150
0.19715
0.07626
0.18632
0.42966
0.94219
0.22918
0.42195
0.67996
0.28894
0.83267
0.48718
0.23179
0.97122
0.16205
0.84561
0.32540
0.63639
0.40526
0.50374
0.51149
0.37763
0.54039
0.45768
0.83899
0.73196
0.51415
0.61763
0.41047
0.32637
0.31946
0.15424
0.12996
0.66348
0.93456
0.23619
0.33992
0.40140
0.34818
0.18062
0.16586
0.89436
0.43954
0.44456
0.57286
0.20689
0.69635
0.60557
0.46200
0.73358
0.33926
0.97255
0.07493
0.62487
0.38476
0.87551
0.45738
0.94697
0.65090
0.94144
0.49299
0.62165
0.45957
0.30696
0.90611
0.12008
0.32835
0.49499
0.10012
0.37056
0.92792
0.25168
0.96181
0.19555
0.42063
0.89724
0.20333
0.84067
0.92736
0.42484
0.49113
0.15127
0.97783
0.51084
0.35274
0.23238
0.46273
0.62102
0.97699
0.93123
0.07472
0.61615
0.23665
0.90319
0.48203
0.16032
0.54837
0.42922
0.42919
0.22940
0.39032
0.93397
0.42037
0.04420
0.29978
0.92663
0.31878
0.22333
0.20041
0.32466
0.27129
0.88446
0.88233
0.47447
0.88838
0.49359
0.85400
0.49611
0.87093
0.91674
0.78990
0.86807
0.91660
0.23815
0.42805
0.30199
0.29514
0.39741
0.27455
0.19581
0.36931
0.59228
0.38677
0.48959
0.70345
0.31118
0.31677
0.63362
0.27945
0.39752
0.38072
0.46153
0.44359
0.09573
0.56352
0.14565
0.22007
0.07763
0.19359
0.61924
0.69185
0.57317
0.95185
0.94840
0.92252
0.96150
0.45686
0.88384
0.25455
0.43787
0.57037
0.33015
0.65609
0.18948
0.63244
0.22624
0.06385
0.32257
0.46989
0.68105
0.29225
0.23934
0.68858
0.10329
0.47735
0.31830
0.92294
0.31385
0.38702
0.40802
0.36784
0.24232
0.47713
0.06260
0.56342
0.92168
0.67388
0.19021
0.94916
0.64949
0.28493
0.16939
0.50984
0.17331
0.55549
0.10231
0.94497
0.73632
0.23284
0.48220
0.48999
0.35714
0.92192
0.12058
0.08003
0.42428
0.47515
0.57977
0.22772
0.11987
0.76707
0.26183
0.39601
0.28849
0.37041
0.87942
0.65344
0.38073
0.23563
0.87571
0.48814
0.83594
0.90090
0.32329
0.53256
0.45145
0.34243
0.27045
0.18442
0.68700
0.09561
0.47319
0.16154
0.47688
0.45173
0.63512
0.90291
0.14308
0.13553
0.30663
0.47586
0.46561
0.22491
0.41479
0.96715
0.85054
0.42506
0.96424
0.84660
0.97775
0.86713
0.48413
0.96575
0.49463
0.70417
0.17609
0.51241
0.35699
0.17801
0.42658
0.23606
0.39510
0.62099
0.12984
0.88073
0.96630
0.28048
0.89558
0.62132
1.00141
0.40184
0.47042
0.48549
0.68934
0.47714
0.27879
0.42756
0.44694
0.29796
0.22865
0.37205
0.37271
0.93715
0.41874
0.96448
0.27745
0.38047
0.44792
0.88431
0.31957
0.50875
0.70413
0.30218
0.18359
0.44310
0.95760
0.87202
0.29511
0.67137
0.96245
0.16180
0.32866
0.42788
0.34059
0.70451
0.03404
0.26130
0.91013
0.69887
0.92386
0.67891
0.20111
0.69597
0.83181
0.40311
0.68463
0.69637
0.39484
0.64449
0.48758
0.39759
0.51852
0.39598
0.17972
0.59426
0.42738
0.88417
0.68522
0.25980
0.22421
0.33799
0.40733
0.92796
0.28333
0.61185
0.94216
0.40158
0.15843
0.72580
0.62266
0.39959
0.97861
0.41757
0.34441
0.61710
0.42123
0.28332
0.49904
0.64450
0.27125
0.23711
0.20798
0.62861
0.53660
0.96695
0.28332
0.27703
0.44270
0.75069
0.60516
0.65719
0.65801
0.28550
0.97475
0.06805
0.99989
0.19482
0.63052
0.20890
0.84953
0.33490
0.37084
0.27616
0.20503
0.63744
0.46086
0.40789
0.89013
0.49415
0.51295
0.29346
0.23515
0.96669
0.86177
0.84471
1.01871
0.90349
0.46156
0.34446
0.58962
0.34290
0.19468
0.42437
0.05493
0.29025
0.30260
0.38328
0.43412
0.46633
0.33483
0.50945
0.13103
0.87766
0.32323
0.36444
0.97128
0.51441
0.23471
0.34800
0.90378
0.05391
0.47669
0.21864
0.23175
0.31964
0.84690
0.48700
0.58614
0.93390
0.87062
0.87727
0.24720
0.96603
0.39803
0.97679
0.29485
0.28630
0.22991
0.30319
0.04951
0.23304
0.50020
0.10401
0.46083
0.42888
0.96889
0.29507
0.11842
0.90750
0.88699
0.94157
0.33938
0.89987
0.27996
0.25411
0.40029
0.08542
0.54096
0.62672
0.48824
0.87368
0.23049
0.22134
0.50564
0.75677
0.49528
0.64729
0.29236
0.43956
0.95232
0.91131
0.41486
0.38259
0.47384
0.24705
0.43498
0.18076
0.18966
0.30332
0.35314
0.89437
0.76078
0.37829
0.68297
0.41503
0.88956
0.37630
0.73151
0.19282
0.40603
0.40450
0.40138
0.41225
0.69667
0.32892
0.44425
0.43189
0.92051
0.23861
0.70559
0.29486
0.48047
0.96038
0.75692
0.41675
0.03977
0.35610
0.89339
0.31543
0.13760
0.28289
0.30600
0.15216
0.31057
0.90777
0.04226
0.32507
0.30305
0.47809
0.70363
0.98361
0.39081
0.98186
0.05013
0.89497
0.42144
0.58834
0.84834
0.75551
0.43542
0.41508
0.87519
0.39384
0.18250
0.32989
0.64234
0.41298
0.62242
0.30930
0.34243
0.31477
0.11536
0.32309
0.58275
0.51135
0.57354
0.19468
0.92022
0.32296
0.48003
0.26967
0.40968
0.47264
0.91049
0.35276
0.95252
0.24268
0.08798
0.36524
0.40014
0.16178
0.50043
0.89544
0.34405
0.33350
0.94218
0.43244
0.44232
0.15640
0.77825
0.29077
0.32587
0.52070
0.87384
0.28214
0.68252
0.30748
0.23541
0.48282
0.69490
0.71683
0.23747
0.57237
0.30986
0.44585
0.88650
0.47669
0.69226
0.97180
0.42251
0.95895
0.84140
0.09722
0.89977
0.95082
0.91536
0.33151
0.31535
0.86301
0.69940
0.28653
0.29759
0.25011
0.22621
0.24770
0.63759
0.98361
0.07652
0.23526
