0.88092 0.27243
0.13313 1.10577
0.53990 0.62752
0.25897 0.23821
-0.00425 0.31821
0.28480 0.59312
0.35033 0.23624
0.26988 0.64707
0.27473 0.09680
0.35991 0.24579
0.59976 1.00958
0.08044 0.51862
1.08008 1.04698
0.47680 0.07664
0.54854 0.69355
0.99281 0.50451
0.60770 0.15285
0.14113 0.45087
0.72456 1.03380
0.07335 0.67374
0.43389 0.03960
0.07089 0.38882
0.86651 0.76017
1.00268 0.33165
0.72863 0.75509
0.70177 -0.00639
0.93829 0.35741
1.10232 1.02743
0.17048 0.59671
0.27632 0.16347
0.79628 0.85269
0.34287 0.39035
0.85925 0.88231
0.71264 0.88633
-0.09108 0.54844
0.13585 0.92614
0.59978 0.90522
0.82228 0.77439
0.06078 0.24222
-0.19888 0.36740
0.92280 0.44820
0.99893 0.05966
0.06584 0.22012
0.95306 0.38089
0.29643 -0.06672
0.90359 0.78120
0.72625 0.20409
0.96274 0.43299
1.04325 1.21536
1.07541 0.50062
0.72785 0.88253
0.31912 0.58389
0.79909 0.59996
0.85772 0.31750
1.22626 1.13547
0.48751 0.94811
0.90370 0.40507
0.82596 0.91202
0.91760 0.80902
0.04089 0.31630
0.56167 0.21653
0.57078 0.67289
0.93608 0.66587
0.13384 0.20015
0.88138 0.90069
0.15916 -0.12562
-0.13406 0.34251
0.60699 0.83164
0.09590 0.57382
1.03455 0.35984
0.86464 0.85314
0.84939 0.54322
0.84328 0.42461
0.39983 -0.08394
1.06928 0.24707
0.15119 0.73471
0.90120 0.89474
0.02477 0.44474
0.89609 0.15620
0.17698 0.37133
0.95133 0.13674
0.58641 0.18250
0.22517 1.02240
0.82799 0.92073
0.77753 0.39458
0.21992 0.92586
0.77907 0.79945
0.47825 0.83178
0.85026 0.11160
0.17334 0.89191
0.97905 0.88830
0.00256 0.30095
0.41329 0.01978
0.66137 0.28000
0.88066 0.67637
0.02669 0.42417
0.10502 0.16494
0.78058 0.86356
0.87612 0.96537
0.04678 0.45863
0.70857 0.86724
0.73424 0.97420
0.12739 1.02277
0.77037 0.85558
1.00758 0.46374
0.58714 0.18968
0.20883 -0.09937
0.12323 0.91538
0.24621 -0.07114
0.21011 0.12478
0.66100 0.96559
0.22851 0.33236
0.92504 0.62799
0.29180 0.65113
0.95965 0.41233
0.92835 0.33015
0.02482 0.33296
-0.12921 0.21823
0.93840 0.93556
0.96548 0.01350
1.01343 0.45301
0.18104 0.71749
0.39670 0.38487
0.91153 0.51978
0.51480 0.71294
0.84054 0.10885
0.00329 0.53379
0.24868 0.06055
0.21939 1.04772
0.74965 0.81287
0.79748 0.44764
0.38783 0.04169
-0.10898 0.24201
0.87534 0.46667
0.03792 0.19765
0.88052 1.03161
0.87166 0.55427
0.89001 0.25373
0.97691 0.23580
1.07085 1.09396
0.17963 0.10299
0.79607 0.70404
0.33248 0.53499
0.79299 0.57003
0.34435 0.19997
0.09968 1.01673
0.69226 0.18352
1.00680 0.55503
1.00785 0.27022
1.00877 0.84236
0.84304 0.41124
0.20574 0.87237
0.19784 0.03319
0.85589 0.30164
0.31915 0.49214
0.02839 0.17082
0.78092 0.82835
0.95265 0.54280
0.46890 0.84217
0.20617 1.02617
0.90197 0.39376
0.48109 0.14441
0.77620 0.86253
0.31575 0.17203
0.88516 0.93583
0.30157 0.67319
0.15518 0.81651
0.06145 1.13199
1.14958 0.86649
0.11309 0.89453
0.73545 0.71410
0.32247 0.09980
1.06091 0.49026
0.52426 0.85638
0.87187 0.24445
0.18782 0.57851
0.78802 0.39728
0.16311 0.90331
0.05418 0.54149
1.01932 1.03262
0.82677 0.72600
0.76205 0.85835
0.24729 0.01205
0.28815 0.58675
0.42144 0.19924
0.96572 0.42129
0.82755 0.85066
0.96365 0.14764
0.08251 0.39898
0.66049 0.80497
0.38664 0.29866
0.87926 1.01814
0.58523 0.77431
0.21999 1.03078
0.82662 0.24899
0.78881 1.07578
0.88806 0.15406
0.25914 0.33918
0.47148 0.40561
0.02520 0.39101
1.09342 0.31918
0.07599 0.94187
0.89897 0.71563
0.48314 0.74329
0.95666 0.37057
-0.01541 0.37261
0.76863 0.33853
0.97653 0.34412
0.85602 0.69273
-0.00117 0.02454
0.89409 0.28828
0.88772 0.13783
1.11018 0.39879
0.71811 0.79055
1.03670 0.49750
0.53113 0.88232
0.96933 0.20866
0.79667 0.57443
0.15394 0.67004
0.14167 0.27116
0.21610 0.72545
0.69051 0.17862
0.09887 0.07401
0.23924 0.66363
0.95948 0.92256
0.29823 0.11832
1.05698 0.56304
0.88633 0.84948
1.16638 0.03035
0.06166 0.35515
0.35191 0.26933
0.19194 0.53401
0.04550 0.75581
0.05785 0.08864
0.91111 0.40337
0.96543 0.48518
1.07799 0.08781
0.17787 0.01444
0.38467 0.25739
0.47326 1.15611
0.14479 0.73116
0.74548 0.71053
0.92285 0.37291
0.23075 0.79894
1.09290 0.47309
0.08208 0.42061
-0.05904 0.26544
0.09687 0.45868
0.89141 0.30638
1.00296 0.45939
0.33552 0.67120
0.51828 0.75446
0.76869 0.98836
0.08872 0.30944
1.03152 0.82628
0.25815 0.20267
0.93202 0.20115
0.86919 0.58143
0.93146 0.95634
-0.00733 0.33056
0.86599 0.88015
0.41221 0.61867
0.71767 0.78371
0.15914 0.84301
0.07065 0.06727
0.64438 0.92269
0.14315 0.30409
0.27309 0.67604
0.83329 0.55294
0.39965 0.33092
0.72776 0.87107
-0.08219 0.15231
0.89426 0.99779
0.96133 -0.07020
0.13741 0.45051
0.88624 0.10159
0.97109 0.27643
0.75866 0.79281
0.33235 0.61070
0.16225 0.29417
0.81428 0.49592
1.03881 0.38995
0.90419 0.18383
0.11937 0.82217
0.93542 0.33565
0.18666 0.18981
0.30547 0.57781
0.16081 0.40414
0.10596 0.28915
0.11320 0.34641
0.34160 0.27963
1.01774 0.35416
-0.13090 0.36334
0.05483 0.44361
0.93770 0.05304
0.67688 0.77402
0.05870 0.08515
0.93305 0.41412
0.99540 0.38277
0.11693 0.63813
0.30773 0.61208
0.62964 0.93518
0.04363 0.05577
0.68786 0.10823
0.13761 -0.02739
0.71884 0.16138
0.97671 0.44764
0.98407 0.49438
0.84094 0.88824
0.98597 0.36236
0.34147 0.51579
0.27790 0.12264
0.91331 0.46378
0.41245 0.05824
0.73394 0.80895
0.93759 0.76921
0.36317 0.03656
0.86810 0.77504
0.64083 0.83056
0.90966 0.31684
0.38424 0.14797
0.65178 0.78173
0.76248 1.05109
0.35421 0.40756
0.07910 1.05466
0.71608 0.82717
0.36442 0.32118
0.11035 0.26485
-0.03579 0.66962
0.24290 -0.15847
0.32418 0.80753
0.82013 1.02235
0.98560 0.77987
0.67330 0.90041
-0.07223 0.17651
0.02362 0.32213
1.02809 1.09288
0.85914 0.86336
-0.02137 0.56495
0.25999 0.25341
0.95507 0.84466
0.26537 0.67226
0.98739 0.88840
0.84322 0.40576
0.76911 0.04007
0.25982 0.12340
0.37700 0.09400
1.01538 0.67574
0.93656 0.36386
0.95373 0.55765
0.84267 0.45203
0.16971 0.49954
0.89781 0.12584
0.74123 -0.16509
0.66796 0.67853
0.30993 -0.02638
1.04572 0.68638
0.20619 0.08617
0.79572 0.25492
1.09489 1.08345
0.35606 0.24168
0.90992 0.82029
0.97165 0.52286
0.11114 0.33891
0.78907 0.02527
0.05417 0.26650
1.00216 0.42774
0.13339 0.22951
0.59453 0.75002
0.17940 0.20663
0.27208 0.48355
0.33677 0.26971
0.00239 0.19084
0.29261 0.64392
0.15660 0.55952
0.70375 0.94323
0.85884 0.79096
0.16464 0.84646
0.29473 -0.03809
0.22594 0.66944
0.47377 0.86659
0.19591 0.54029
0.21804 0.05058
0.86196 0.79169
0.84465 0.43337
0.86036 0.27310
0.06959 0.59594
0.98032 1.03353
0.10824 0.90207
0.10939 0.06740
0.98256 0.91012
0.80609 0.50739
0.78179 0.90153
0.66601 0.89521
0.47936 0.98764
-0.00686 0.86615
1.04339 0.53140
0.40777 0.18029
0.38631 0.22249
0.59765 0.12886
0.78698 0.33287
0.18470 0.69749
0.92706 0.06177
0.98584 -0.00660
0.90561 0.90492
0.96812 0.25374
0.05759 0.02763
-0.04789 0.24285
1.05618 -0.14189
0.18296 0.29522
0.73587 0.68701
0.78492 0.84213
0.68305 0.32059
0.44940 0.64567
0.07214 0.94556
0.83727 0.15259
0.34032 0.67168
0.06122 0.31553
0.60884 0.92435
0.54293 1.00185
0.23744 0.72552
1.23718 0.29028
0.78393 0.10180
0.90455 0.47571
0.96764 0.50194
0.27798 0.04447
-0.05528 0.54345
0.21576 0.40537
0.85007 0.27771
0.94624 0.51575
0.74611 0.41696
0.98625 0.33208
0.89326 0.16166
0.95795 0.16629
0.03426 0.97883
0.85794 0.18722
0.23696 -0.01450
0.64342 0.24575
0.73752 0.72041
1.06204 1.00743
0.37760 0.21549
0.29194 0.36681
1.06872 0.94684
-0.10546 0.24203
0.09503 1.03481
0.75310 0.86718
0.39147 0.00352
0.93931 0.23576
0.11351 0.99456
0.28122 0.87057
1.14047 0.23491
0.98286 0.53664
0.82571 0.37223
0.52175 0.71680
0.04575 0.21286
0.09487 0.29449
0.28613 0.13296
0.89588 0.45619
0.83253 0.78103
0.88504 0.03891
0.26019 0.65033
0.55459 -0.05489
0.22289 0.47174
0.90449 0.84397
0.10852 0.36964
0.66644 0.75606
0.90277 0.12514
0.88670 0.79344
0.83213 0.90557
0.19999 0.12550
0.67922 0.08373
0.94004 0.39859
0.59286 0.71462
0.97698 0.51290
0.12343 0.87163
0.22113 0.63022
0.04636 0.50167
0.17002 0.05963
0.18992 0.35593
0.28949 0.64019
0.78500 0.84529
0.45994 0.87857
0.93851 0.42968
0.90729 0.41506
0.80626 0.45202
0.20171 0.11097
0.79062 0.87859
0.06538 0.47673
0.53952 0.25570
0.92589 0.14570
0.66337 0.04270
1.04288 0.43481
0.71305 0.65396
0.58064 1.07428
0.47258 1.02153
0.84181 0.94939
0.75104 0.35327
1.10302 0.43442
0.79608 0.63035
0.39893 0.23616
0.40937 0.21402
0.32827 0.63894
1.06315 0.16727
0.47375 0.73274
0.02034 0.50500
-0.08779 0.27659
0.87861 0.33159
0.80227 0.92732
0.72151 0.93908
0.15777 0.14013
1.00737 0.15002
0.96713 0.43431
0.29736 0.58623
0.29143 0.81726
0.41231 0.08683
0.85932 0.91168
0.72365 0.11740
1.07816 1.13470
0.53870 1.01002
0.34016 0.43591
-0.02291 0.46987
0.73640 0.29867
0.03618 0.33408
0.68369 0.86807
0.29980 -0.03562
0.69786 1.03296
0.20782 0.12508
0.88603 -0.04954
0.84105 0.38981
0.82818 0.43446
0.90885 0.21024
0.77221 0.71507
1.16610 0.33917
0.90357 0.35876
0.35670 0.21962
0.63564 0.74520
0.91732 0.29468
0.35595 0.68393
0.51202 0.77729
0.91794 0.52871
1.03089 0.15581
0.88834 0.86929
0.20679 0.74750
0.29524 0.33176
0.56669 0.13389
0.90297 0.23825
0.70750 0.83585
1.18955 0.96617
1.06177 0.53782
0.51040 -0.01232
0.11396 0.77605
0.88533 0.37103
0.27489 0.09420
1.07463 1.01364
0.77775 0.97710
0.80949 0.83169
0.27834 0.60219
0.08580 0.47438
1.11009 1.06528
0.83624 0.21635
1.01820 0.99280
0.29013 0.26075
0.21995 0.45980
0.22650 0.61102
0.04497 0.65130
0.75533 0.87540
0.83853 0.74323
0.78903 0.96156
1.01418 0.43417
0.29911 -0.01285
0.55388 0.99831
0.89071 0.43375
1.01455 0.47820
0.09583 0.24116
0.75003 0.81514
0.71726 0.79344
0.92331 0.61271
0.95597 1.01568
0.92612 0.96624
0.92617 0.25281
0.18434 0.18750
-0.08547 0.12944
0.02571 0.31870
0.66008 0.59303
0.92581 0.81360
0.99543 0.44999
0.82438 0.97384
0.87826 0.37201
0.13465 0.31599
0.30319 0.74117
0.10855 0.51978
0.89001 0.37198
0.06202 0.85795
0.87275 0.50241
0.59265 0.85097
0.81317 0.21713
1.00006 0.83225
0.87464 0.54899
0.79877 0.78229
0.91249 1.02329
0.42765 -0.11231
0.07560 0.33891
0.74901 0.17740
-0.19167 0.11293
0.76948 -0.14561
0.48367 0.20548
0.81963 0.46544
0.90499 0.21529
0.00748 0.01818
0.97529 0.53201
1.10409 -0.11075
0.25037 0.24955
0.67135 0.17127
0.21717 0.30660
0.96248 0.27427
0.86624 -0.06053
0.26623 0.61778
1.13202 0.97813
0.90697 0.06668
0.90903 0.32060
0.70961 0.90277
0.39429 0.48177
0.15370 0.90309
0.33663 0.18715
0.93282 0.97078
0.32359 0.77587
0.04970 0.35180
0.17642 0.59822
0.34687 0.19943
1.05018 0.46848
0.26972 0.28985
0.88788 0.51653
1.02496 0.30042
0.62961 0.89755
0.28583 0.24144
0.30453 0.25996
0.20522 0.88223
0.25138 0.16038
0.73298 0.85215
0.18706 -0.04652
0.23951 0.53326
0.12523 0.61298
1.01573 0.33454
0.08891 0.06500
0.71289 0.05933
0.16743 0.74685
0.19948 0.23694
0.77117 0.80769
0.22288 0.88897
0.06206 0.17714
0.95863 0.44725
0.15403 0.96272
0.23040 0.30885
0.03525 0.58072
0.22110 0.19646
0.92194 0.72166
0.95981 0.87255
0.86025 0.94671
0.44587 0.36600
-0.07208 0.29463
0.85270 0.07145
0.97903 0.45266
1.03244 0.19763
0.96776 0.59551
0.48430 -0.12832
0.91962 -0.10745
0.34498 0.34668
0.92394 0.21884
-0.03197 0.35473
0.00789 0.75116
0.39867 0.26142
0.84447 0.53542
1.02414 0.01073
0.21541 0.83123
0.88917 0.33456
-0.07772 0.26092
0.42770 0.31910
0.22718 0.96515
0.17422 0.66140
1.01351 1.07677
0.08373 0.65355
0.38371 0.57703
1.05523 0.35654
0.92942 0.38301
0.63925 0.75661
0.90590 0.78412
0.83521 0.34613
0.22447 0.37252
0.81682 0.56428
0.33086 0.68788
0.81183 0.87201
0.13664 0.97914
0.38364 0.66021
0.22061 0.48496
0.94965 0.39470
0.86115 0.50160
0.12586 0.20846
0.88888 1.01433
1.14503 0.10876
0.78598 0.71486
0.20796 0.40117
0.88136 0.20979
0.36891 -0.07152
0.19701 0.29839
0.36811 0.75189
0.80830 0.45558
0.85071 0.90271
0.06098 0.63976
0.10773 0.71090
0.18397 0.19779
0.83943 0.92098
0.81999 0.16651
0.05276 0.64585
-0.01833 0.46425
1.01237 -0.06203
0.60955 0.84318
0.14432 0.51034
0.98191 0.82019
0.17559 0.40069
0.93554 0.31098
1.00761 0.46116
0.32179 0.11948
0.55888 0.18821
0.68807 0.98601
0.32512 0.15770
0.77135 0.82409
-0.11299 0.56205
0.80007 0.59110
0.03802 0.38803
0.71554 0.84397
-0.03513 0.42043
0.13772 0.54319
0.89159 0.76266
0.33499 0.08791
0.73843 0.84908
0.74065 0.70624
0.12434 0.12677
0.11386 0.16045
0.83469 1.08266
1.06062 1.17522
0.67972 0.19044
0.78786 0.40633
1.04666 0.32963
0.09947 0.52323
0.16322 0.42259
0.71198 0.65543
-0.01701 0.26024
1.06538 0.31080
0.54306 1.00679
0.26952 0.32289
0.91378 1.19075
0.96858 0.28426
0.19861 0.25819
0.08152 0.59710
0.76284 0.93468
0.23233 0.40266
0.79195 0.53743
0.55640 0.85104
0.71013 0.28907
0.70459 0.87109
0.85123 0.15866
0.28888 0.14411
0.00250 0.87465
0.27582 0.05898
0.21365 0.57229
0.87749 0.30390
0.75969 0.65618
0.94876 0.34505
0.28069 0.72717
0.13032 0.05645
0.02462 0.71817
1.04417 0.90488
0.88726 0.23780
0.16475 0.76417
0.25887 1.06828
0.17593 0.60162
0.08931 0.57281
0.96956 0.46020
0.50270 0.82050
0.64066 0.86681
0.71654 1.02452
-0.03747 0.30840
0.84095 0.45284
0.02872 0.76808
-0.02897 0.87669
0.00027 0.34586
0.11459 0.52441
0.51697 0.72527
0.20886 0.66129
0.29618 0.09393
0.23925 0.03653
0.77913 0.32066
0.23047 0.76249
0.24210 0.65990
0.83655 0.21619
1.04982 0.09458
1.04761 0.51187
0.31489 0.54677
0.30189 -0.08620
0.24866 0.69743
0.26037 -0.03555
0.02478 0.06797
0.32415 0.57604
0.14168 0.07933
0.99948 1.13657
1.00059 0.21192
0.60864 0.91052
0.66548 0.26727
0.48828 0.15740
0.76969 1.01184
0.04418 0.22792
0.20577 1.00685
0.37614 0.14349
0.65466 1.03369
1.13744 0.53683
0.35983 0.22906
0.56742 0.00505
0.75007 0.22640
0.20735 0.93211
0.26175 0.83810
0.58712 1.12270
0.08949 0.40057
0.13875 0.12835
0.68039 0.72410
0.05423 0.44271
0.28431 0.31286
0.06301 0.58729
0.17573 0.04155
0.72613 0.18844
0.78051 0.91792
0.06641 0.97921
0.88013 0.07069
0.17110 0.72929
0.79350 0.81645
0.16648 0.56881
0.39942 0.41022
0.91414 0.41021
0.32851 0.15287
0.22669 0.12464
0.83858 0.37301
0.04079 0.51783
0.66091 0.88313
0.24433 0.78981
0.94216 0.34034
0.27941 1.08106
1.02256 0.85124
0.79325 0.14379
0.45472 0.13194
0.27034 0.91244
0.42149 0.17724
0.89331 -0.12089
1.05399 0.23632
0.46068 0.98673
0.96149 0.29847
0.27450 0.80087
0.37251 0.11881
0.92432 0.62184
0.13521 0.19276
0.88905 0.08038
0.31681 0.28440
1.07189 0.95190
1.03807 0.06093
0.55095 0.99018
0.27896 0.41775
0.52528 0.75070
0.42587 0.25372
0.77066 0.27225
0.95279 0.90591
0.96712 0.54065
0.08778 0.96523
0.81522 0.26655
0.73181 1.03736
0.30129 -0.13893
0.54734 0.74451
0.27028 0.38379
0.27800 0.07719
0.05338 0.18699
0.91011 0.57666
0.70514 0.17645
1.02747 0.02946
0.78105 0.59971
0.29939 0.29781
0.28994 0.07782
0.13686 0.10137
0.36811 0.17205
0.99813 0.34636
0.87191 0.90726
0.94870 0.41487
0.68857 0.78867
-0.07687 0.19553
0.92930 0.91922
0.17355 0.41650
0.13466 0.89027
0.78766 0.62569
0.91048 1.00474
0.23920 -0.01635
0.32170 0.55955
0.81906 0.91445
0.25422 0.12447
0.45796 0.85814
0.09278 0.74088
0.35694 0.87099
0.25116 -0.05715
1.05101 0.22362
0.72725 1.03510
0.98307 0.62044
0.02581 0.13752
0.40016 0.31241
0.96890 0.52579
1.02696 0.29810
0.80000 0.83937
0.83183 0.77371
0.34636 0.29560
0.92298 0.15413
0.31098 0.04707
0.16841 0.67477
0.90444 0.61707
0.92179 0.55696
0.86011 0.87191
0.69334 0.93957
1.02307 0.51852
0.11742 0.08715
0.40874 0.30671
0.73653 0.81894
0.80973 0.57473
1.06351 0.40729
-0.04101 0.03115
1.04158 0.46650
0.03614 0.76165
1.06973 -0.19841
0.06443 0.40980
0.84655 0.17515
0.88050 0.23517
0.52319 0.02585
0.74012 0.26938
0.97200 0.98684
0.87457 0.16944
0.78923 0.34900
0.89603 0.43846
0.72586 0.90027
0.04285 0.59061
0.61156 0.61937
0.87082 0.83998
0.85304 0.22525
0.50069 0.17549
0.83546 0.23774
0.99699 0.30000
0.00925 0.38836
0.65134 0.92653
0.16170 0.74415
0.76768 0.69914
-0.04414 0.38418
0.33376 0.95857
0.18829 0.64293
0.97793 0.95459
0.75716 0.50478
-0.00645 0.27531
0.23667 0.68477
1.00531 0.84844
0.75868 0.15523
0.89008 -0.05761
0.10487 0.61464
0.81382 0.43002
0.87658 0.48375
1.09497 0.41840
0.78295 0.36537
0.55407 0.91633
0.15357 0.33823
0.23177 0.60355
0.10043 0.50349
0.88966 0.93126
1.06524 0.35508
0.47701 0.79230
0.95549 0.62720
0.87912 1.04211
0.81400 0.77292
0.11094 0.16090
0.99182 0.00470
0.93304 0.58594
0.14950 0.25603
0.84552 0.43577
0.31653 0.18927
0.16964 0.27263
1.00948 0.27400
0.71696 0.38072
0.28613 0.73060
0.41208 0.71675
0.80633 0.24990
0.10986 0.28807
0.77204 0.99743
0.97389 0.44739
0.41313 0.10220
1.07377 0.94677
-0.04205 0.26763
0.83969 0.32113
0.03535 0.40547
0.90646 1.17232
0.94110 0.29867
0.74536 0.76910
0.93913 0.04168
0.18084 -0.15160
0.36942 0.94255
0.93312 0.38707
0.84692 0.16876
0.81087 0.01816
0.38197 -0.07390
0.09240 1.00295
0.96236 0.46036
0.69719 0.91822
0.30080 0.39131
0.79092 0.71351
0.90524 0.58618
0.97616 0.54204
0.93007 0.29566
0.71720 0.56946
1.03592 0.87224
0.24798 0.63037
0.13051 0.51832
0.29721 0.27006
0.83253 0.85379
0.78567 0.74664
0.60597 1.10679
0.76601 0.91032
0.55117 0.84770
0.70100 0.22387
0.80958 0.79767
0.81775 0.06499
0.94795 0.21922
0.16664 0.39785
0.88971 0.42961
0.22025 0.10993
0.35017 0.68506
0.03299 0.42195
0.79455 0.93172
0.02903 0.19439
0.80241 0.28182
0.11562 0.21441
0.46139 0.37047
0.81245 1.01631
1.02439 0.31587
1.09152 1.08265
0.26699 -0.04220
-0.12137 0.14803
0.09960 0.20108
0.20576 0.16649
1.07702 0.25372
0.78857 0.35844
0.79811 0.70913
0.16647 0.90334
0.30606 0.10324
0.91562 0.58566
0.59675 0.96888
0.56063 0.87945
0.89283 0.89028
0.81576 0.89273
1.10972 0.82674
0.20763 0.94973
0.80830 0.77430
0.24944 0.89754
1.06516 0.02003
0.29382 -0.07572
0.79084 -0.01977
0.09015 0.65110
0.06336 0.54723
0.17570 0.56286
0.40998 0.05783
0.22632 0.57079
0.71625 0.26871
0.96836 1.03934
-0.00741 0.18606
0.16465 0.08642
0.63588 0.98161
0.13239 1.09366
0.83661 1.06956
0.76310 0.94924
0.84744 0.87256
0.83678 0.38747
0.98851 0.22041
0.39020 0.09409
0.72625 0.80205
0.39236 0.75979
-0.00411 0.71514
0.67833 0.10869
0.82667 0.87754
0.03853 0.73662
0.14693 0.76089
0.33244 0.04242
0.69041 0.79666
0.82941 0.19379
0.77443 0.32862
0.33301 0.30584
0.18498 0.19261
0.33788 0.74626
0.53026 1.05205
0.20374 0.60335
1.07421 0.43719
0.04915 -0.05960
0.98754 0.62395
1.03725 0.62504
0.85867 0.76321
0.68417 0.07458
0.27831 0.48606
0.12011 0.25624
0.71601 0.90438
0.19449 0.48156
0.37931 0.32771
0.33914 0.90067
0.21515 0.20130
0.36094 0.73069
0.74864 0.43447
0.54956 0.94534
0.12994 0.43437
-0.07592 1.03163
0.16713 0.76822
0.29998 0.12287
0.70578 0.90680
1.21565 0.10082
0.63748 0.92104
0.04918 0.15941
0.17906 0.75439
0.23048 0.37988
0.89666 0.66280
0.90661 0.12439
0.20345 0.61357
0.80776 0.36733
0.10542 0.40154
0.67813 0.95760
0.69386 0.24757
0.22010 0.25086
0.75037 0.75844
0.40824 0.40619
0.37881 0.02241
0.04085 0.09588
0.41592 0.19019
0.36268 0.09429
0.32787 0.15016
0.85584 0.05325
0.71273 0.78504
0.16233 0.72727
0.89024 -0.08888
1.06322 0.66701
0.00164 0.48280
0.07008 0.02846
0.45052 0.46309
0.42397 0.05258
0.80543 0.33883
0.08772 0.81922
0.23818 0.23114
0.42186 0.16400
0.23135 0.12322
0.22953 0.96298
0.03399 0.29164
0.19770 0.77368
-0.06580 0.18753
0.03976 0.51367
0.82442 0.53690
0.74749 0.90088
0.12816 0.99926
0.97305 0.03763
0.23413 0.25800
0.03978 0.22109
0.20033 0.29154
1.01505 0.18739
-0.12226 0.22897
0.95659 0.86483
0.21204 0.88804
0.87880 0.88300
0.85078 0.06542
0.84611 0.92691
0.65639 0.30510
0.95794 0.87230
0.97824 0.95030
0.83086 0.41824
0.32443 0.60352
0.78750 0.82547
0.83253 0.24767
0.79868 0.90688
0.73191 0.53107
0.99796 0.49851
0.16377 0.87592
0.92336 0.42627
0.76918 0.26361
0.81445 0.98341
1.09583 0.53337
0.58430 0.31123
0.20525 0.69642
0.29799 0.28127
1.01229 0.37366
0.98187 0.55755
0.06179 0.19801
0.40202 0.36188
1.03439 -0.00108
0.75599 0.80104
0.98889 0.89194
0.74496 0.89832
0.98097 0.35101
0.93398 0.42719
0.43389 0.16773
0.23542 0.22255
0.14854 0.72235
1.07534 0.39468
1.10993 0.49089
0.92504 0.63585
0.83430 0.34889
0.12115 0.27893
0.98588 1.01836
0.07885 0.30968
0.78147 0.19521
0.35713 0.25169
0.07441 0.29926
0.19815 0.15195
0.93985 0.08182
0.07532 0.63508
1.22591 0.32749
1.13694 1.13192
0.06532 0.22223
0.04258 0.66323
1.06487 0.14497
1.03862 -0.08079
0.08119 0.04710
0.16525 0.94323
1.04653 0.34976
0.91037 -0.01252
0.95363 0.40960
0.94646 -0.27077
0.40119 -0.06727
0.35879 0.41433
0.22530 0.48924
1.05961 0.33502
0.75565 1.06734
0.01258 0.18055
0.07513 0.61135
1.04866 0.95126
0.84371 0.28437
-0.07227 0.10678
0.88164 0.40570
0.84249 0.29878
1.03508 0.50080
0.92097 0.29904
0.40872 0.29061
0.81256 0.80160
0.01465 0.02545
0.92657 0.84344
0.79360 0.66725
1.06326 1.03534
0.75377 0.27377
1.10274 0.30520
0.80169 0.48386
1.05888 0.95510
0.29413 0.21372
0.21039 0.28291
0.75032 0.56594
0.20584 0.16360
0.36543 0.82790
0.84018 0.33785
0.10372 0.45020
0.91339 0.45927
0.38426 0.40742
0.12690 0.19615
0.24939 0.20835
0.78922 0.85697
0.87724 1.05181
0.72856 0.98741
0.93300 0.91539
0.83956 0.02563
0.25532 0.86353
0.52522 0.90076
0.11255 0.09053
0.94284 0.45787
0.41934 0.16314
0.99958 0.18624
0.04309 0.49220
0.88477 0.04626
0.27623 0.17337
0.14736 1.08399
0.92740 0.04838
-0.19434 0.11993
0.82503 0.19777
0.80082 0.76800
0.95602 0.45674
0.52149 0.92266
0.15604 0.69233
0.44533 0.68422
0.72773 0.68687
0.19883 0.04850
0.02932 0.58421
0.28298 0.30462
0.63617 0.69340
0.43513 0.74653
0.11154 0.59152
0.79508 0.87901
0.60625 0.29253
0.81326 0.78493
1.00415 0.33587
0.59319 -0.05135
0.68563 0.24340
0.05859 0.33331
0.85677 0.34153
1.07723 0.45902
1.05156 0.63461
1.01913 0.31002
0.05196 0.01918
0.25078 0.26990
0.75503 0.78746
0.15925 0.26123
0.10111 0.91729
0.86671 0.88544
0.93053 0.39259
0.64889 1.23827
0.79756 0.95846
0.72478 0.92972
0.64683 1.04033
0.90300 0.89351
0.12425 0.67406
0.92950 0.99281
0.14093 0.14234
0.18341 0.89595
0.91154 0.76903
0.00863 0.36972
0.90296 0.54307
0.31499 0.57137
0.47878 0.84676
0.89109 -0.05084
0.33794 -0.10609
0.27732 0.66062
0.02324 0.27007
0.87903 -0.04631
0.76692 0.39616
0.22006 0.63880
0.99806 1.02822
0.53617 1.01841
0.96322 0.98515
-0.11330 0.50024
0.38103 0.99143
0.98189 -0.08689
0.10182 0.31433
0.80321 0.42786
0.85328 1.15681
0.80139 0.40091
0.20967 0.46331
0.07991 0.87106
0.44588 0.04449
0.77101 0.46773
1.01728 0.03396
0.28702 0.65348
0.89343 0.03747
0.51983 0.67918
0.65999 0.78232
0.72908 0.81059
0.18308 0.10075
0.85001 0.31574
0.41573 0.10656
0.14627 0.76154
0.94325 0.87232
0.88642 0.25694
0.24751 0.52944
0.30298 0.08376
0.22755 0.86174
0.77738 0.26550
0.11476 0.66162
0.11524 0.82253
0.81866 0.57468
0.07051 0.93451
0.33788 0.12111
0.34710 0.54389
0.91422 0.33056
0.79394 0.83383
0.55341 1.06362
0.58791 0.16340
0.13587 0.14572
0.09196 0.73446
0.76359 0.83520
0.99807 0.26274
0.11401 0.45245
0.17746 0.99394
0.05327 0.13726
0.87291 0.07146
0.31249 0.05393
0.33629 0.19741
0.34890 -0.08413
0.83475 0.41322
0.97717 0.25119
0.85824 0.58095
0.43607 0.17609
0.10374 0.57678
0.74279 0.38700
1.07187 0.54327
0.89623 0.91040
0.37769 0.10776
1.17836 0.87679
0.85250 0.28141
0.97211 0.61104
0.76562 0.92962
1.03184 1.07199
1.03161 0.46692
-0.03786 0.31095
0.15172 0.79561
0.82393 0.84510
0.94883 1.08554
0.86869 0.46320
0.86920 0.82796
1.16657 0.01261
0.28430 0.67220
-0.02478 0.16502
0.79797 0.21448
0.18893 1.15368
0.92954 0.50427
0.27070 0.15237
0.26490 0.65111
1.03236 0.62342
0.54416 0.19944
0.36698 0.01894
0.80681 0.57136
0.16558 0.37769
0.00031 0.41811
0.76876 0.40072
0.79553 0.31811
0.94666 0.02701
0.71309 0.95971
0.84917 0.24155
0.99734 0.55042
0.02327 0.52798
1.05081 0.22593
0.18357 0.04740
0.07728 0.52348
0.98987 0.07620
0.83540 0.92690
0.17818 0.27252
0.85234 0.85030
0.50161 0.38441
0.59012 0.71582
-0.03930 0.26060
-0.08977 0.45028
0.99027 0.94958
-0.06085 0.35695
0.93576 0.99186
-0.18075 0.62632
0.94226 0.85107
0.87251 0.29495
0.99221 1.03225
0.79837 0.27260
0.70904 0.18873
0.46049 0.04030
0.95283 0.16348
0.79567 0.72523
1.10148 0.08002
1.08225 0.84544
0.38689 0.89498
0.80038 0.34862
1.02461 0.33907
0.69807 0.37324
0.23390 0.30785
0.83411 0.50333
0.66787 1.02488
0.90692 0.12189
0.82388 0.27370
0.80945 0.28591
0.99896 0.09407
0.78024 0.37290
0.01680 0.55106
0.88403 0.32009
0.94227 0.87390
0.34118 0.13267
0.19531 0.37050
1.00014 0.82908
0.07614 0.77860
0.91323 0.84138
0.09813 0.38535
-0.16354 0.43214
0.92637 0.17207
0.36235 0.72947
0.73560 0.71182
0.06945 0.40475
-0.04267 0.03350
1.01787 0.96064
0.97915 0.98603
0.19620 0.13685
0.06130 0.28514
0.28843 0.37691
0.35405 0.03870
-0.10388 0.35301
0.13406 0.08401
0.17370 0.17486
0.84218 0.20974
0.45249 0.13416
0.80851 0.12118
0.23790 0.16148
0.84119 0.74797
0.13407 -0.05214
0.20712 0.94994
0.20142 0.16300
0.80204 0.86510
0.18992 0.83767
0.22584 0.35332
0.11216 0.22501
0.88817 1.05772
0.87932 0.94538
0.11686 0.85126
0.90499 0.81495
0.15058 0.26612
0.85826 0.98975
1.04882 0.32700
0.85045 0.81152
1.01825 0.98193
0.91148 0.35498
0.77177 0.06906
1.05358 1.16884
1.07931 0.92242
0.77012 0.66664
0.39685 0.08548
0.80786 0.30356
-0.10571 0.24551
-0.06341 0.05489
1.01424 -0.02038
0.78374 0.82033
1.04315 1.08796
0.65285 0.85393
0.86057 0.80687
-0.01992 0.07803
0.25962 0.66548
0.75611 0.72347
0.65642 0.95996
0.98772 0.56083
0.09872 0.72981
1.07112 0.55103
0.94140 0.60096
0.69665 0.26934
0.88007 0.86174
1.06289 0.47928
0.94053 0.83063
0.84751 1.06593
0.12006 0.27038
0.05565 1.05518
0.95347 0.72340
0.67390 0.53636
0.22150 0.71221
0.41518 0.27895
0.84484 1.00048
0.74250 0.17783
0.75333 0.46140
0.91094 1.00934
0.30217 0.26368
1.01637 0.40380
0.31887 0.05452
0.12886 0.30621
0.18011 0.07047
0.75650 0.65898
0.31796 0.40712
-0.14542 0.35822
0.68715 0.23961
0.36130 -0.06271
0.60910 0.94085
0.14706 0.04180
0.70065 0.74023
0.15766 0.30342
1.07871 0.07793
0.93222 0.36538
0.21893 0.37924
0.83913 0.66658
0.16852 0.38993
0.18017 0.82735
0.83053 0.80266
0.75533 0.43037
0.41852 0.42327
0.04848 0.57796
0.24372 0.53776
0.55009 0.08323
0.38952 0.09741
0.11011 0.52272
0.21951 0.09323
0.52723 1.08125
0.12283 0.58473
0.38427 0.12441
0.67158 0.81797
0.80183 0.88132
0.30431 0.89337
0.00774 0.21962
0.30019 0.44045
0.88271 0.58977
0.60855 0.70189
0.38338 0.21864
1.02139 0.33314
1.14818 1.07027
0.14593 0.88534
0.85815 0.25256
0.68184 0.37996
-0.07562 0.50304
0.89783 0.65479
0.29043 0.39235
0.83782 0.85531
0.07017 0.32621
0.64022 0.35622
0.21678 0.25268
0.52925 0.97815
0.90103 0.15799
1.00714 0.42322
0.16792 0.77155
0.80083 0.19591
0.34482 0.35111
0.82068 0.88413
-0.00319 0.28198
1.15927 0.07738
0.09633 0.74665
0.43174 0.48751
0.86828 0.40804
-0.11651 0.57234
0.79556 0.00353
0.03147 0.26363
0.90719 0.13739
0.07015 0.60471
0.35315 0.08320
0.22390 0.55679
0.92570 0.54031
0.19553 0.63231
0.03510 0.02845
0.97933 0.56539
0.88245 0.82835
0.36615 0.11910
0.13631 0.61111
0.30970 0.10554
0.29935 0.36879
0.66544 0.88060
0.83343 1.02340
0.39227 0.00982
0.67948 0.73976
0.83849 0.43142
0.93053 0.16126
1.19159 0.54065
0.21042 0.81896
0.03785 0.39862
-0.01071 0.37207
0.55002 1.02456
0.94164 0.43565
0.64215 0.80442
0.75587 0.42176
0.04186 0.49250
0.77529 0.21060
0.84315 0.27021
0.19887 0.01462
0.74364 0.08387
0.26949 0.58366
0.96638 0.12561
1.00313 0.62472
0.71501 0.44525
0.94495 0.86215
0.31015 0.30706
0.37188 0.67979
0.05860 0.42408
-0.07033 0.20158
0.98775 0.36327
0.73040 0.88584
0.50458 1.11986
0.01457 0.58157
0.09991 0.23893
0.77228 0.96335
0.92358 0.80103
0.48002 0.16657
0.21923 0.14647
0.24342 1.09394
0.19365 0.77187
0.82078 0.74234
0.92666 0.89934
0.17423 0.83605
0.01150 0.21137
0.13101 0.51608
0.10882 0.51039
0.02182 0.27338
0.03678 0.29845
0.36962 0.95395
0.85593 0.87318
0.30768 0.02723
0.96138 0.30346
0.97343 0.87469
0.91664 0.31113
0.94440 0.85342
0.94992 0.25534
0.84496 0.21740
1.02711 0.89037
0.89431 0.31669
0.16874 0.65471
0.27272 0.00017
0.71842 0.71541
0.83382 0.76424
0.11785 0.27670
-0.02936 0.52851
1.15364 0.13620
0.96861 1.12349
0.10442 0.40250
1.04629 0.52061
0.85208 0.48568
0.30486 0.25484
0.31170 0.09795
0.91139 0.17832
1.09567 0.34219
0.67738 1.03893
0.26237 0.02640
0.92045 0.54451
0.38643 0.58951
0.15683 0.96382
0.14843 0.57526
0.92751 0.63079
0.97580 0.36765
0.15371 0.98151
0.88763 0.98875
0.22538 0.31113
0.17992 0.08305
0.98686 0.91376
0.90783 0.29233
0.91755 1.03693
0.06011 0.59847
0.99692 -0.05915
0.49437 0.81298
0.28104 0.31784
0.99329 0.17009
0.95361 0.27154
0.57905 0.73410
0.71542 0.91817
0.66700 0.84609
0.19425 0.52353
0.05770 0.44636
-0.02599 0.33280
1.05097 0.31921
0.14326 1.07388
0.85691 0.79209
0.77703 0.74500
0.56146 1.06960
0.80268 0.88629
0.07256 0.19889
0.06063 0.56393
1.03949 0.55643
0.70545 0.89553
0.82070 0.63402
-0.04353 0.20131
0.33296 0.23618
0.71872 0.36659
0.86425 0.53449
0.13405 0.46840
0.12148 0.86140
0.73143 0.90874
0.87214 0.96450
1.00991 0.47420
0.29028 0.00350
0.22457 0.62493
-0.04911 0.51747
0.13042 0.88972
0.08954 0.26912
0.31978 0.66034
0.98260 0.46951
0.27402 0.97701
0.74948 0.09774
0.08550 0.28093
0.11818 0.24046
0.32078 0.78415
0.99427 0.98716
0.93787 1.04987
0.80734 0.43835
0.80770 0.30775
0.11340 0.78119
0.18540 0.07732
0.40188 0.50176
0.26139 0.49060
0.39191 0.66769
0.15751 0.67152
1.17503 0.00157
0.21192 0.74273
1.02142 0.29054
0.28999 0.17812
0.87072 0.44804
0.89542 0.56296
0.90584 1.11527
0.23627 0.45028
0.20595 0.05543
0.22292 0.67766
0.99529 0.35194
0.90899 0.51042
0.82932 0.59534
0.95656 0.49420
0.80646 0.88934
0.72787 0.85007
0.36145 0.00140
0.24664 0.95335
0.70008 0.80186
0.80869 0.17877
0.96441 0.29181
0.98585 0.82852
1.03842 0.46324
0.64426 0.62823
-0.01247 0.15049
0.20098 0.32930
0.35877 0.29786
0.96186 0.42803
0.86115 0.44234
0.80014 0.87184
0.42893 0.36264
0.34386 0.10085
0.79905 1.08567
0.95941 0.06280
0.29375 -0.09406
0.86609 -0.01997
-0.10552 0.25465
0.86456 -0.08235
0.87651 0.26342
0.76882 0.56474
0.28785 0.21506
0.31202 0.73249
0.13545 0.76456
-0.09589 0.29359
0.73467 0.79142
0.32924 1.11433
0.67997 0.21668
-0.07167 0.47894
0.64131 0.79701
0.76832 0.35372
0.95017 0.06551
0.14664 0.22653
0.19166 0.12544
1.00005 0.94932
0.10731 0.58504
1.13455 0.29371
0.19660 0.75711
0.08316 1.02752
0.84247 0.34964
0.75810 0.92591
0.72023 0.38813
0.83994 0.91630
0.40169 0.20077
0.26435 0.69101
0.02777 0.07050
1.04044 0.94345
0.90328 0.32563
1.05221 0.11858
0.11568 0.17430
0.82789 0.17905
1.16010 0.36917
0.39986 0.64576
0.84448 0.28696
0.66725 0.95250
0.09703 0.07570
0.33740 0.28221
0.16628 0.88691
0.76204 0.21450
0.17118 0.62563
0.05335 0.28433
0.49236 0.77885
0.24627 0.24454
0.67469 0.79758
0.79843 0.85232
0.09855 0.47043
0.32665 0.28576
0.17310 0.90735
0.22578 0.66993
0.25038 0.03711
0.89403 0.35715
0.08986 0.60220
1.06752 0.26590
0.92196 0.43796
0.22727 0.18560
0.76474 0.56811
0.19953 0.63361
0.73534 0.19247
0.78346 0.16014
0.19010 0.73303
0.38284 0.22936
1.19909 0.42014
1.02773 0.10393
0.85864 0.48044
0.99314 0.48110
0.84768 0.32237
-0.05038 0.16623
0.96138 0.25835
0.17919 0.58530
0.63730 0.79557
0.96168 0.62748
-0.04037 0.50581
0.65447 0.22391
0.98889 0.18579
1.01330 0.18207
0.08979 0.23374
0.60746 0.77551
0.54133 0.22694
0.85230 0.31673
0.97440 0.41684
0.95200 1.07078
0.92556 0.34174
0.95915 0.92965
0.06885 0.38248
0.24055 0.94174
0.90280 0.02060
0.16264 0.13781
0.26159 0.65850
0.91224 0.05238
0.40470 0.30481
0.71024 0.02214
0.10305 0.24311
0.50138 0.90813
0.30052 0.21905
0.43676 0.26133
0.94219 0.93138
0.22414 0.07321
0.29614 0.34337
0.89958 0.51178
0.86850 0.31231
0.16031 0.13784
0.84432 -0.07171
0.82770 0.44997
0.40050 0.13156
0.84147 0.32046
0.27279 0.75490
0.99296 0.89195
0.91024 0.88431
0.36326 0.20416
0.15117 0.92838
0.70939 0.90901
1.03979 1.07003
0.63895 0.83153
0.37007 0.55667
0.89895 0.81349
0.48236 0.94344
0.84567 0.15349
0.72359 0.96754
0.91303 0.37331
0.78645 1.06365
-0.03682 0.21925
0.60350 0.91997
0.79528 0.89595
0.14898 0.57603
0.14418 0.94897
0.91393 0.27350
0.16793 0.52323
0.20817 0.30171
0.17476 0.73813
0.90629 0.75880
0.68112 0.78625
0.12604 0.24202
0.26275 0.93233
0.74331 0.31154
0.31531 0.68897
0.94425 0.85810
0.24764 0.17815
0.62789 0.11876
1.12887 0.30006
0.13647 0.96877
0.83719 0.46008
0.27779 0.71501
0.35844 0.22517
0.22486 0.60297
0.75105 0.88846
0.09709 0.14676
0.36304 -0.02858
1.07622 0.93241
0.53291 1.00379
0.16913 0.53929
0.76100 0.85867
0.91516 0.83140
0.76027 0.00786
0.30976 -0.17470
0.87425 0.36285
0.39048 0.76281
0.34604 0.10753
0.05752 0.26236
0.66679 0.91611
0.77473 0.59015
1.07531 0.91447
0.86051 0.25770
0.15175 0.87321
0.28289 0.95510
0.96142 0.84780
0.17514 0.15896
0.16158 0.89187
0.18500 0.63913
0.86412 0.06223
0.12788 0.00404
0.22647 0.87568
0.86158 0.31808
0.30264 -0.01457
0.18525 0.69621
0.25833 0.53700
0.14360 0.66979
0.08373 0.98359
0.22490 0.62762
0.70203 0.70078
0.00247 0.60256
0.40363 0.28059
0.42900 0.42774
0.74014 0.98224
0.96942 -0.02309
0.18508 0.80054
0.55944 0.26326
0.70031 0.94970
-0.03165 0.41138
0.19468 0.94825
-0.00741 0.29607
0.87305 0.62233
0.85127 0.73514
0.89547 0.50230
1.02474 0.53956
0.20856 0.28808
0.49586 0.25119
0.76620 0.39227
0.85766 0.50875
