0.28127 0.67541
0.31013 0.71804
0.67606 0.50709
0.90911 0.46711
0.36862 0.24233
0.92981 0.40739
0.81908 0.41896
0.47519 0.99478
0.07880 0.87422
0.91899 0.34641
0.73026 0.67129
0.23547 0.66899
0.17612 0.93826
0.94537 0.45034
0.77549 0.06231
0.81005 0.98188
0.53275 0.55107
0.64573 0.61640
0.32026 0.82838
0.25659 0.65418
0.32092 0.79383
0.97312 0.43648
0.97933 0.47132
0.58241 0.04447
0.02642 0.11400
0.72018 0.50084
0.96318 0.41877
0.36436 0.83734
0.34489 0.82929
0.48521 0.42034
0.79543 0.97022
0.80170 0.73472
0.53636 0.80998
0.78807 0.40945
0.78203 0.68875
0.82364 0.43350
0.95732 0.41989
0.59162 0.59886
0.56071 0.83172
0.48679 0.61221
0.63676 0.61493
0.52295 0.44732
0.55301 0.04645
0.94513 0.35284
0.55359 0.05304
0.32062 0.83676
0.23245 0.65089
0.42459 0.53342
0.35626 0.85524
0.16651 0.94028
0.36265 0.82475
0.10505 0.58265
0.34505 0.23624
0.11911 0.87818
0.30949 0.84509
0.83506 0.71201
0.36277 0.72792
0.46428 0.44191
0.37953 0.27430
0.45532 0.05394
0.76478 0.01271
-0.01347 0.08397
0.13391 0.92884
0.68162 0.51130
0.35642 0.26544
0.57751 0.24430
0.42737 0.44534
0.56486 0.03389
0.19353 0.04854
0.18884 0.93799
0.80273 0.46351
0.54131 0.79039
0.99574 0.43924
0.17770 0.05644
0.64218 0.60498
0.50676 0.61436
0.90132 0.39449
0.03174 0.91592
0.76134 0.95618
0.00060 0.92404
0.21532 0.03259
0.65409 0.64559
0.51215 0.56674
0.05943 0.66357
0.10624 0.63344
0.09249 0.86896
0.06433 0.89042
0.97088 0.43313
0.17763 0.29597
0.17091 0.15352
0.44455 0.47076
0.53131 0.47063
0.98745 0.70830
0.56297 0.04303
0.50242 0.38311
0.19535 0.14436
0.55176 0.83855
0.88801 0.50795
0.45785 0.61857
0.10686 0.85196
0.02980 0.92987
0.53943 0.84183
0.79829 0.00448
0.52395 0.82992
0.80750 0.07489
0.91996 0.34944
0.52650 0.54230
0.80894 0.76156
0.63817 0.00592
0.16896 0.92391
0.36409 0.83164
0.84524 0.61880
0.11565 0.61517
0.75313 0.07648
0.09721 0.86435
0.41643 0.45166
1.01492 0.74417
0.59659 0.00267
0.34282 0.80298
0.64382 0.62063
0.50078 0.45639
0.37726 0.82247
0.37398 0.23233
0.19372 0.11150
0.68531 0.62924
0.45009 0.44040
0.82326 0.94866
0.19788 -0.00328
0.06689 0.90010
0.11040 0.86765
0.56976 0.57833
0.14458 0.88707
0.46368 0.62019
0.88577 0.57791
0.11522 0.62182
0.53489 0.57125
0.53099 0.56128
0.43669 0.07513
0.19116 0.06969
0.83642 0.51650
0.59676 0.00491
0.02184 0.92653
0.87574 0.61774
0.92243 0.45266
0.06249 0.65049
0.10349 0.85613
0.31813 0.23882
0.07452 0.66738
0.55998 0.29793
0.15027 0.94687
0.93278 0.35985
0.52869 0.59268
0.59970 0.07346
0.40993 0.05687
0.98470 0.43083
0.04322 0.64761
0.16921 0.32343
0.08714 0.84861
0.14469 0.12876
0.72839 0.65740
0.88915 0.91965
0.43761 0.60307
0.18743 0.04874
0.80897 0.38973
0.64241 0.04665
0.81637 0.73245
0.79524 0.75592
0.51719 0.57306
0.29773 0.75414
0.91274 0.46233
0.78574 0.96360
0.55732 0.29359
0.54081 0.05919
0.40214 0.85815
0.13924 0.89991
0.37143 0.25892
0.44405 0.09114
0.51569 0.45934
0.06417 0.66379
0.99604 0.45537
0.63655 0.64705
0.78962 0.43847
0.20799 0.05817
0.92635 0.42711
0.53729 0.34117
0.65854 0.68021
0.38215 0.84926
0.18067 0.15000
0.98353 0.38970
0.08936 0.90273
0.69492 0.49169
0.18352 0.11347
0.77064 0.96413
0.49379 0.99640
0.59259 0.57610
0.02695 0.88119
0.51619 0.52723
0.20183 0.07207
0.20230 0.02747
0.60321 0.02132
0.77178 0.64503
0.47273 0.60913
0.83831 0.41369
0.76472 0.06197
0.86406 0.45934
0.84364 0.53288
0.97731 0.44064
0.31039 0.70543
0.87446 0.53177
0.35193 0.26063
0.08787 0.86980
0.18226 0.04683
0.12396 0.63560
0.68232 0.55978
0.24000 -0.00782
0.05420 0.92975
0.41737 0.50088
0.09332 0.85808
0.18562 0.05465
0.63576 0.59553
0.10549 0.63756
0.94357 0.43963
0.73787 0.64754
0.28031 0.62947
0.64661 0.61818
0.83367 0.42126
0.45395 0.58964
0.19914 0.00724
0.13456 0.60237
0.16254 0.89906
0.40165 0.52830
0.29219 0.81587
0.83110 0.75311
0.57344 0.30366
0.05435 0.90124
0.25272 0.68150
0.07177 0.61205
0.09954 0.64956
0.05176 0.63098
0.86911 0.63560
0.98977 0.70511
0.49674 0.54459
0.56745 0.04447
0.92445 0.43511
0.77490 0.89529
0.68313 0.53271
0.13664 0.28501
0.69781 0.62022
0.24701 0.66284
0.10061 0.88343
0.11092 0.63030
0.87273 0.49072
0.83992 0.63693
0.92598 0.42388
0.57210 0.07203
0.42811 0.49789
0.94172 0.39807
0.19432 0.06838
0.14163 0.32466
0.61310 0.03880
0.07483 0.65134
0.08666 0.86995
0.81242 0.75708
0.77588 0.01567
0.03914 0.10881
0.09867 0.66785
0.56745 0.29658
0.17199 0.06243
0.79454 0.60792
0.37781 0.29891
0.81863 0.72616
0.55348 0.78176
0.08137 0.65858
0.10493 0.89397
0.90515 0.87408
0.50199 0.46018
0.34294 0.72776
0.19242 0.09722
0.59649 0.05574
0.78784 0.09056
0.76110 0.04687
0.79572 0.71461
0.74153 0.66808
0.91320 0.42645
0.10819 0.86404
0.00853 0.91682
0.44827 0.40678
0.92565 0.88410
0.97308 0.41922
0.71347 0.96233
0.43086 0.07795
0.12147 0.63485
0.92116 0.88991
0.16700 0.88342
0.40261 0.53866
0.89039 0.91169
0.09673 0.86904
0.93863 0.41529
0.51070 0.52482
1.00121 0.44131
0.11090 0.63317
0.97109 0.68523
0.09506 0.62586
0.92753 0.44673
0.74301 0.08503
0.48234 0.07343
0.36965 0.81649
0.46655 0.63204
0.05403 0.11562
0.18623 0.88592
0.96803 0.41638
0.44733 0.41883
0.93909 0.38685
0.79240 0.41961
0.45487 0.47761
0.59549 0.06518
0.14594 0.28190
0.04605 0.07655
0.32516 0.82839
0.39900 0.21256
0.80931 0.73069
0.96746 0.36634
0.42804 0.44444
0.90531 0.35738
0.98761 0.44148
0.64999 0.67683
0.72965 0.46023
0.10129 0.87015
0.88855 0.91589
0.85006 0.61047
0.65417 0.62882
0.35964 0.84071
0.38992 0.51918
0.79040 0.98787
0.75220 0.06022
0.15243 0.27181
0.30877 0.74922
0.56129 0.26704
0.78758 0.07743
0.56383 0.62407
0.55950 0.60123
0.63743 0.65803
0.10242 0.66313
0.72051 0.94525
0.85204 0.57635
0.82861 0.64528
0.22655 0.06553
0.06541 0.63672
0.10398 0.69187
0.79976 0.95552
0.77391 0.91405
0.62146 0.02948
0.48327 0.61316
0.16848 0.92546
0.63272 0.68685
0.16611 0.13658
0.44551 0.51024
0.89013 0.46993
1.02006 0.39820
0.20874 0.05047
0.66874 0.63749
0.03079 0.13285
0.91724 0.50799
0.16416 0.95271
0.09893 0.85543
0.73061 0.64789
0.18084 0.93294
0.43177 0.51853
0.89380 0.87379
0.95176 0.42271
0.52297 0.81597
0.88173 0.89921
0.14496 0.91667
0.77430 0.95447
0.82055 0.78095
0.75163 0.60403
0.07954 0.12330
0.77511 0.08383
0.90306 0.91672
0.15923 0.90517
0.91125 0.88204
0.36384 0.27980
0.91204 0.37239
0.01724 0.92059
0.20029 0.11226
0.16325 0.94838
0.46632 0.98497
0.50217 0.44262
0.92126 0.39062
0.48600 0.98873
0.15895 0.96766
0.33913 0.72782
0.19106 0.10405
0.22894 0.01284
0.54010 0.03340
0.89151 0.47515
0.44374 0.07832
0.54990 0.80978
0.38084 0.85280
0.52459 0.62953
0.18765 0.06861
0.17523 0.12345
0.59982 0.28324
0.75592 0.95881
0.08110 0.62001
0.93775 0.42818
0.65631 0.68882
0.93473 0.40923
0.98359 0.71951
0.69373 0.48862
0.53468 0.79712
0.05059 0.10436
0.08865 0.91836
0.48245 0.95986
0.62430 0.61875
0.46321 0.45569
0.66641 0.63154
0.53750 0.56390
0.33966 0.73163
0.04319 0.60785
0.24736 0.64479
0.75291 0.93587
0.18237 0.05697
0.33949 0.82657
0.95376 0.45522
0.94663 0.35021
0.03907 0.11699
0.11817 0.63454
0.96347 0.69094
0.75949 0.67556
0.56899 0.31510
0.42390 0.54137
0.49862 1.00834
0.56750 0.04221
-0.00214 0.12454
0.49738 0.55926
0.15076 0.89544
0.98612 0.71617
0.20695 0.13924
0.77076 0.04062
0.16135 0.06100
0.74483 0.93322
0.60866 0.30427
0.18955 0.92363
0.52105 0.60582
0.48286 0.63865
0.20819 0.06110
0.68474 0.63693
0.76584 0.08377
0.88282 0.52526
0.47782 0.39563
1.01257 0.45612
0.59546 0.60896
0.56568 0.81864
0.79577 0.73152
0.58324 0.05297
0.93123 0.36976
0.19423 0.10819
0.20502 0.05320
0.79232 0.04253
0.19945 0.01366
0.70223 0.65410
0.82797 0.43223
0.40116 0.50807
0.25389 0.64893
0.15148 0.04683
0.55358 0.63245
0.88581 0.51336
0.14395 0.29976
0.73647 0.46510
0.51404 0.44775
0.13474 0.89643
0.79205 0.05340
0.42345 0.05800
0.91145 0.37468
0.35214 0.80791
0.24227 0.63903
0.16988 0.90806
0.83702 0.70257
0.24886 0.69146
0.56754 0.58311
0.02456 0.92372
0.18686 0.12381
0.79385 0.96421
0.74145 0.97908
0.91056 0.93515
0.35807 0.83072
0.06116 0.91482
0.26248 0.65173
0.56190 0.02529
0.19867 -0.00412
0.41960 0.50853
0.53551 0.83898
1.00307 0.74268
0.22401 0.04142
0.99504 0.39452
0.99625 0.70428
0.37133 0.83297
0.50267 0.56368
0.38641 0.25128
0.72471 0.52049
0.53266 0.54949
0.20822 0.00403
0.43409 0.46314
0.73754 0.65004
0.54820 0.56279
0.53426 0.58309
0.10862 0.59355
0.11469 0.61252
0.65547 0.61007
0.80320 0.07188
0.63349 0.66067
0.50313 0.44620
0.15906 0.26994
0.45624 0.42215
0.97755 0.42872
0.48659 0.42137
0.80174 0.05753
0.56921 0.07197
0.10847 0.91670
0.06675 0.11285
0.16956 0.95557
0.61745 0.64776
0.54186 0.85173
0.91378 0.34787
0.76268 0.09180
0.53949 0.81250
0.59782 0.06915
0.23789 0.69576
0.14394 0.06208
0.07527 0.63302
0.05508 0.67453
0.04764 0.65509
0.55050 0.58758
0.03561 0.93048
0.50288 0.56772
0.78629 0.59203
0.87616 0.48084
0.10884 0.61987
0.90235 0.44232
0.23119 0.10303
0.64966 0.59873
0.45473 0.05462
0.52765 0.79899
0.53275 0.54795
0.50874 0.55396
0.80450 0.01536
0.95279 0.88535
0.95955 0.70637
0.53023 0.81026
0.57632 0.04595
0.79465 0.98598
0.49796 1.02544
0.17912 0.94340
0.65579 0.67531
0.73823 0.67817
0.21578 0.03509
0.02051 0.11624
0.57722 0.02820
0.39062 0.81686
0.91703 0.92643
0.49622 0.97688
0.29810 0.73168
0.94008 0.45626
0.57257 0.29624
0.08611 0.94166
0.88212 0.45931
0.08412 0.64747
0.19713 0.05975
0.34582 0.83845
0.47901 0.99072
0.50417 0.61353
0.99186 0.46236
0.33214 0.78766
0.94140 0.45724
0.08687 0.60784
0.48766 1.01995
0.75036 0.63349
0.94865 0.41711
0.57808 0.58596
0.66800 0.52362
0.49466 0.60215
0.18421 0.14270
0.77699 0.99984
0.35493 0.83599
0.96087 0.74663
0.55989 0.03414
0.10096 0.85899
0.89625 0.41923
0.50170 0.81120
0.11052 0.61573
0.83536 0.43133
0.88618 0.57698
0.14969 0.06018
0.49804 0.56651
0.04703 0.67119
0.17506 0.96867
0.52331 0.04513
0.67556 0.67683
0.80798 0.74355
0.52140 0.41459
0.43146 0.54406
0.94088 0.46024
0.48529 0.99659
0.44927 0.07231
0.49441 0.64544
0.99620 0.74465
0.44284 0.08344
0.54644 0.33900
0.61673 0.66039
0.06613 0.63193
0.88151 0.61443
0.19933 0.07222
0.65950 0.62747
0.76246 0.99596
0.38656 0.52487
0.90155 0.90301
0.19254 0.14170
0.40807 0.51323
0.80274 0.41056
0.09792 0.66963
0.08202 0.65657
0.39762 0.82374
0.16153 0.89131
0.62130 -0.00507
0.21015 0.14593
0.25092 0.62488
0.43941 0.50508
0.96926 0.45315
0.72151 0.44397
0.56414 0.01515
0.98060 0.41650
0.69485 0.53407
0.06393 0.66372
0.76302 0.03014
0.12073 0.64602
0.51735 0.77299
0.15619 0.93453
0.10863 0.61985
0.01913 0.08434
0.07626 0.84894
0.45314 0.05358
0.77610 0.70880
0.17468 0.96714
0.13871 0.65249
0.48432 0.62665
0.33455 0.82392
0.96644 0.37187
0.05902 0.92418
0.61600 0.01409
0.56121 0.02442
0.45899 0.07767
0.08215 0.64275
0.72455 0.92844
0.47189 0.44864
0.48773 0.46189
0.94881 0.44994
0.90877 0.35775
0.48140 0.98571
0.83674 0.58580
0.68085 0.65270
0.81665 0.97532
0.16115 0.93653
0.76786 0.89559
0.65163 0.66759
0.81317 0.75757
0.17425 0.15996
0.09258 0.86637
0.61751 0.02713
0.52967 0.77022
0.32715 0.73048
0.76187 0.63930
0.95575 0.40741
0.66456 0.65646
0.52477 0.78024
0.50543 0.99702
0.52303 0.61457
0.36461 0.79314
0.90483 0.90944
0.25500 0.68178
0.81218 0.03159
0.79979 0.03677
0.15776 0.89843
0.09585 0.64637
0.76361 0.07920
0.88379 0.49326
0.95417 0.42133
0.03126 0.11425
0.53954 0.32895
0.67687 0.48463
0.65937 0.62631
0.56798 0.59174
0.83773 0.96566
0.34866 0.70872
0.06513 0.86894
0.91186 0.44189
0.66913 0.60471
0.59666 0.59768
0.74954 0.90709
0.24805 0.68377
0.66949 0.65545
0.06127 0.63708
0.16960 0.95466
0.19891 0.00700
0.59112 0.61469
0.66744 0.63850
0.08949 0.64535
0.09340 0.86684
0.23687 0.67257
0.05279 0.66536
0.03763 0.93096
0.32920 0.76264
0.50474 0.98403
0.84509 0.72815
0.48215 0.98225
0.54687 0.79151
0.97444 0.37484
0.54940 0.32056
0.78991 0.08409
0.48344 0.59278
0.06809 0.95414
0.84245 0.72996
0.07520 0.64082
0.76698 0.09223
0.25496 0.65330
0.14745 0.94620
0.34118 0.83911
0.48923 0.41476
0.82516 0.70988
0.47393 0.61090
0.08708 0.91963
0.39537 0.25824
0.53930 0.00926
0.52536 0.46289
0.89096 0.40153
0.21041 0.14991
0.59337 -0.00431
0.23199 0.00977
0.83924 0.41498
0.27684 0.73398
0.47930 0.09011
0.78608 0.05117
0.96328 0.41909
0.69816 0.45899
0.16238 0.27333
0.11207 0.85042
0.18194 0.07206
0.94954 0.39639
0.13349 0.05053
0.96930 0.39799
0.66750 0.50433
0.78758 0.04577
0.68840 0.64390
0.72996 0.51036
0.46360 0.08743
0.03887 0.91285
0.13955 0.90063
0.67428 0.50788
0.98475 0.71826
0.01085 0.93554
0.59200 0.27944
0.18807 0.91208
0.93669 0.45225
0.18749 0.28495
0.77938 0.93759
0.20299 0.13486
0.58180 -0.00017
0.88951 0.40780
0.56918 0.04087
0.80075 0.05710
0.90686 0.89145
0.19489 0.07541
0.80065 0.06294
0.78675 0.43765
1.00013 0.45830
0.79359 0.04471
0.41114 0.09752
0.53537 0.61841
0.65794 0.59305
0.41345 0.55770
0.65694 0.67602
0.83259 0.63962
0.48514 0.43380
0.78832 0.96551
0.50648 0.44788
0.12305 0.82154
0.04380 0.10015
0.78115 1.01978
0.79848 0.99446
0.55279 0.33044
0.76331 0.92393
0.13777 0.31360
0.08177 0.62020
0.27575 0.64980
0.89619 0.88609
0.49749 0.56696
0.49765 0.79541
0.51619 0.54885
0.07330 0.87365
0.06274 0.86499
0.52785 0.03517
0.45224 0.40426
0.96394 0.72493
0.59061 0.60212
0.54338 0.05852
0.17516 0.92889
0.75942 0.07364
0.66054 0.63785
0.55494 0.04586
0.31223 0.74839
0.55354 0.30360
0.71080 0.48652
0.77038 1.02078
0.64909 0.60473
0.57180 0.05854
0.65652 0.63394
0.84229 0.44789
0.09301 0.86714
0.29467 0.66325
0.17384 0.12232
0.32317 0.87575
0.23775 -0.02241
0.82583 0.60454
0.98892 0.69903
0.96341 0.42726
0.88345 0.91986
0.81630 0.42813
0.02058 0.96995
0.36401 0.28677
0.53513 0.80775
0.73424 0.64144
0.92527 0.92853
0.12842 0.85908
0.83555 0.59617
0.79000 0.91302
0.64124 0.64098
0.76346 0.95778
0.18314 0.29088
0.54098 0.55272
0.15572 0.05514
0.08319 0.64655
0.21176 0.05421
0.46305 0.10344
0.91075 0.91227
0.14582 0.94828
0.01756 0.11875
0.42694 0.51828
0.79396 0.90696
0.79650 0.90823
0.94373 0.70184
0.07422 0.87278
0.44320 0.45355
0.71056 0.51486
0.86609 0.63079
0.56302 0.61526
0.55452 0.82768
0.24006 0.68224
0.44870 0.43681
0.36573 0.78886
0.06408 0.92548
0.59831 0.30210
0.41311 0.57105
0.15998 0.93876
0.78935 0.99710
0.87335 0.51967
0.94549 0.41882
0.55689 0.82044
0.75946 0.06539
0.40079 0.53903
0.92121 0.34682
0.15861 0.10247
0.61298 0.64212
0.58584 0.31534
0.56926 0.60433
0.05581 0.66425
0.56172 0.30184
0.66578 0.63779
0.34104 0.82930
0.33330 0.83410
0.18280 0.09432
0.19295 0.92880
0.58137 0.04544
0.65541 0.59314
0.47760 1.04276
0.94918 0.71412
0.84269 0.60862
0.32234 0.71457
0.89585 0.94251
0.24080 0.67954
0.79693 0.45168
0.19373 0.05151
1.01391 0.68260
0.48181 0.06255
0.59138 -0.00089
0.57234 0.63373
0.40889 0.54132
0.53582 0.80331
0.31789 0.82174
0.18564 0.05979
0.54952 0.62488
0.96651 0.39404
0.87106 0.60012
0.16115 0.06635
0.65780 0.66075
0.02127 0.13178
0.04731 0.10878
0.50464 0.61327
0.90716 0.89420
0.49918 0.04450
0.89998 0.89765
0.22659 0.02747
0.06147 0.64776
0.53217 0.85435
0.23550 0.02356
0.19394 0.90223
0.15818 0.30680
0.52309 0.82541
0.22208 0.00627
0.51262 0.46367
0.05192 0.67194
0.03789 0.11786
0.78238 0.41290
0.66078 0.48527
0.23564 0.67727
0.56633 0.05587
0.61499 0.08216
0.61169 0.04946
0.49647 0.44532
0.57512 0.02062
0.18700 0.26708
0.05562 0.83408
0.60128 0.61042
0.83843 0.49165
0.02800 0.92273
0.04104 0.84316
0.63404 0.62466
0.12086 0.60076
0.16176 0.03314
0.16639 0.28272
0.77163 0.97396
0.78600 0.94328
0.10373 0.92040
0.10300 0.61258
0.10423 0.89154
0.46902 0.45359
0.92743 0.39507
0.78600 1.00851
0.79058 0.40045
0.59878 0.02817
0.04067 0.95080
0.97635 0.42107
0.09412 0.65648
0.20529 0.06982
0.56535 0.32888
0.42540 0.07253
0.98195 0.45132
0.17880 0.89949
0.79010 0.95943
0.47192 0.43193
0.77465 0.08231
0.97586 0.41467
0.05837 0.62799
0.16072 0.09990
0.08954 0.64980
0.55058 0.04931
0.79521 0.38526
0.96723 0.42512
0.23715 0.00684
0.35976 0.29027
0.10062 0.63833
0.48474 0.99641
0.13395 0.27401
0.41216 0.05384
0.76600 0.97785
0.17444 0.27329
0.46324 0.41659
0.17599 0.06604
0.50098 0.97110
0.19861 0.11591
0.93213 0.44824
0.76838 0.73131
0.86313 0.46837
0.67536 0.59599
0.87266 0.46549
0.81565 0.75171
0.81951 0.73309
0.35084 0.24042
0.00881 0.09529
0.58858 0.03567
0.58362 0.31697
0.07373 0.89972
0.44797 0.47024
0.90800 0.41171
0.44354 0.54268
0.75573 0.95534
0.01042 0.08405
0.06974 0.63966
0.24566 0.64382
0.89427 0.38229
0.35456 0.83928
0.79318 0.78030
0.80412 0.75558
0.78015 0.98161
0.65217 0.64324
0.18699 0.07738
0.58231 0.01124
0.76549 0.96873
0.37827 0.82715
0.09165 0.66713
0.12794 0.91168
0.54497 0.55915
0.99861 0.38271
0.34788 0.73679
0.31835 0.70930
0.10828 0.88837
0.06254 0.61453
0.08067 0.92358
0.55342 0.01117
0.95442 0.71110
0.56604 0.61794
0.89288 0.89470
0.86178 0.93221
0.76344 0.10291
0.82177 0.61014
0.96417 0.70221
0.28374 0.75127
0.36641 0.22392
0.72112 0.52035
0.92895 0.34126
0.74180 0.64965
0.32002 0.84731
0.03187 0.11223
0.58757 0.06305
0.75895 0.43796
0.71267 0.07242
0.50143 0.47202
0.08108 0.64541
0.14979 0.91879
0.09961 0.62956
0.38202 0.86510
0.56061 0.43551
0.56219 0.58182
0.88720 0.89054
0.55880 0.01840
0.55604 0.81961
0.08598 0.63807
0.92565 0.38155
0.15557 0.06114
0.31078 0.74789
0.66130 0.62030
0.78475 0.06668
0.17719 0.05897
0.72662 0.92689
0.92125 0.89641
0.76384 0.64966
0.53226 0.98044
0.15574 0.08001
0.76896 0.63466
0.81667 0.63969
0.61314 0.00151
0.17091 0.94257
0.60198 0.31290
0.86189 0.48265
0.21623 0.04968
0.50955 0.84200
0.69067 0.46518
0.57255 0.06758
0.15562 0.96512
0.98664 0.72991
0.77443 0.09924
0.84687 0.64009
0.89778 0.50137
0.48611 0.57341
0.56535 0.28901
0.52551 0.44575
0.04680 0.90708
0.20707 0.62823
0.59972 0.05502
0.18279 0.08948
0.01414 0.92372
0.11572 0.66075
0.11757 0.64123
0.87444 0.59681
0.34877 0.25820
0.97497 0.42384
0.01144 0.14880
0.14869 0.30167
0.07617 0.64153
0.72384 0.48839
0.96003 0.43860
0.75554 0.62329
0.10408 0.84753
0.40078 0.08730
0.03483 0.08440
0.46681 0.41263
0.67717 0.69641
0.59252 0.01975
0.17198 0.95803
0.57674 0.01177
0.47736 0.59255
0.77771 0.97610
0.19603 0.08460
0.35751 0.72468
0.80330 0.46093
0.07782 0.67161
0.56998 0.04905
0.33307 0.73527
0.53010 0.59966
0.52231 0.44379
0.21104 0.03560
0.62905 0.63558
0.93189 0.90937
0.03536 0.11150
0.07455 0.85677
0.42837 0.05791
0.16191 0.95450
0.03810 0.90779
0.78310 0.03164
0.91760 0.38587
0.78232 0.07002
0.22521 0.05312
0.63816 0.65100
0.88661 0.40321
0.50864 0.40824
0.20021 0.90651
0.18175 0.95675
0.32252 0.71897
0.16519 0.90878
0.76343 0.94475
0.03932 0.65068
0.61020 0.03877
0.37598 0.82200
0.48244 1.02498
0.69492 0.53805
0.09225 0.62872
0.02109 0.09006
0.60050 0.03642
0.17950 0.26961
0.77183 1.00151
0.75695 0.69364
0.63636 0.60430
0.57194 0.30258
0.58470 0.03239
0.53754 0.59846
0.24620 0.66720
0.75965 0.06392
0.06244 0.88346
0.59372 0.03352
0.53090 0.03064
0.21664 -0.02080
0.58882 0.02327
0.05516 0.89217
0.43510 0.41132
0.37510 0.25210
0.20990 -0.01637
0.39369 0.56090
0.49290 0.99048
0.17275 0.04978
0.74834 0.05244
0.10255 0.64929
0.18808 0.04059
0.51069 1.03235
0.38451 0.83077
0.36119 0.24918
0.17748 0.07460
0.03154 0.11022
0.67530 0.47855
0.80583 1.00530
0.58745 0.60750
0.49508 0.45469
0.84799 0.63545
1.01953 0.72425
0.19045 0.27336
0.45648 0.58942
0.79814 0.98474
0.17235 0.94939
0.93463 0.43144
0.27166 0.68023
0.75685 0.64174
0.08719 0.65970
0.32007 0.72129
0.79005 0.99684
0.62788 -0.02941
0.98528 0.71980
0.34898 0.26845
0.76519 0.05269
-0.00402 0.92361
0.74319 0.65075
0.15173 0.07879
0.03357 0.67221
0.35191 0.23989
0.98845 0.74357
0.07995 0.66818
0.55770 0.04251
0.19513 0.03486
0.52224 0.81352
0.18763 0.02434
0.39102 0.83014
0.22805 0.02130
0.05093 0.12478
0.91353 0.40863
0.40036 0.06126
0.89401 0.53779
0.96191 0.44588
0.80926 0.95025
0.78049 0.06741
0.46277 0.64820
0.75417 0.04221
0.53657 0.48150
0.58141 0.02422
0.79453 0.03202
0.73840 0.66928
0.62792 0.02856
0.76908 0.63847
0.30974 0.19965
0.91915 0.40004
0.80181 0.95968
0.72724 0.63137
0.93422 0.90973
0.81895 0.04328
0.19714 0.88351
0.85814 0.61823
0.57044 0.04647
0.35762 0.71828
0.55106 0.63846
0.94886 0.41264
0.14816 0.29540
0.78776 0.44249
0.14086 0.06074
0.50395 1.00015
0.59970 0.05969
0.18559 0.07111
0.28485 0.66417
0.93653 0.40119
0.37100 0.24466
0.77525 0.07108
0.11287 0.64279
0.90228 0.90385
0.52115 0.53426
0.57975 0.28851
0.33972 0.68421
0.57074 0.57688
0.58311 0.59443
0.88484 0.89788
0.19763 0.94138
0.82204 0.05673
0.15434 0.27880
0.36523 0.24790
1.00055 0.70386
0.44913 0.39680
0.78227 0.38610
0.74685 0.99427
0.62698 -0.00509
0.16411 0.95830
0.06152 0.62278
0.51744 0.61154
0.20642 0.03959
0.79354 0.39443
-0.00152 0.10432
0.75114 0.66247
0.81832 0.62897
0.65706 0.57559
0.02850 0.92783
0.70254 0.49962
0.48421 0.61465
0.63889 0.66170
0.99146 0.44407
0.11321 0.91049
0.73919 0.95942
0.75174 0.95295
0.62497 -0.01004
0.83058 0.03818
0.59240 0.03508
0.93049 0.37155
0.22351 0.01228
0.32320 0.85523
0.02693 0.10611
0.08513 0.88778
0.16020 0.94173
0.45265 0.10623
0.63206 0.02560
0.05067 0.65851
0.56056 0.83622
0.97282 0.47623
0.76034 0.41012
0.01879 0.91033
0.98553 0.43577
0.97188 0.41367
0.30609 0.82602
0.21834 0.11730
0.02505 0.66875
0.05137 0.65870
0.35671 0.25280
0.82071 0.44034
0.33964 0.83523
0.59452 0.03891
0.79690 1.00993
0.15756 0.60761
0.49410 1.00555
0.92952 0.42159
0.19416 0.03913
0.59652 0.61105
1.03134 0.76389
0.66047 0.63362
0.58730 0.03041
0.83356 0.62327
0.16758 0.89316
0.47615 0.58806
0.71988 0.48016
0.90618 0.88236
0.65553 0.64301
0.46950 0.47641
0.39723 0.26246
0.14440 0.06200
0.49419 0.61429
0.62964 0.62206
0.80404 0.97801
0.30574 0.84420
0.57308 0.30843
0.90006 0.88578
0.05170 0.64768
0.56902 0.01293
0.69238 0.63144
0.89268 0.48001
0.54706 0.05505
0.10216 0.90036
0.59757 0.07414
0.22751 0.02021
0.76239 0.62045
0.18382 0.04791
0.21674 -0.00638
0.47890 0.62466
0.50491 0.54037
0.07221 0.93113
0.12958 0.27405
0.79715 0.99043
0.77293 0.68235
0.97196 0.41893
0.00373 0.92203
0.18780 0.13782
0.41063 0.43232
0.80100 0.96359
0.55208 0.02623
0.77611 0.03479
0.77113 1.00609
0.51795 0.55251
0.37676 0.23205
0.08159 0.88708
0.43379 0.08900
0.58550 0.29286
0.02438 0.89013
0.56589 0.61681
0.90879 0.51202
0.82818 0.73731
0.92898 0.41393
0.56743 0.05362
0.04248 0.90034
0.95992 0.39627
0.82972 0.60943
0.08869 0.67512
0.47920 0.61620
0.97495 0.68957
0.58561 0.05388
0.50741 0.60772
0.78460 0.42031
0.16281 0.29475
0.46730 0.45634
0.48624 0.08242
0.19737 0.06039
0.82035 0.44102
0.81665 0.46688
0.43509 0.60639
0.53210 0.02016
0.18382 0.12244
0.53886 0.43814
0.79267 0.00190
0.49681 1.01940
0.48866 1.00526
0.70783 0.55857
0.75550 0.07575
0.06882 0.68380
0.93515 0.34809
0.13533 0.32814
0.97938 0.46227
0.12446 0.09809
0.09147 0.64304
0.13596 0.88269
0.51802 0.48449
0.97274 0.47295
0.69423 0.50389
0.72339 0.50164
0.33521 0.83088
0.03447 0.10096
0.47101 0.62156
0.65794 0.60116
0.83093 0.75346
0.35357 0.27949
0.33210 0.70050
0.72931 0.50139
0.53596 0.99553
0.85420 0.46479
0.26264 0.65685
0.77955 0.63674
0.32649 0.79686
0.98357 0.73830
0.38905 0.24194
0.49321 0.60889
-0.00402 0.12485
0.92037 0.39173
0.80729 1.00330
0.15787 0.92847
0.77443 0.41138
0.14558 0.94638
0.97853 0.42499
0.88592 0.58433
0.14056 0.88890
0.64855 0.63253
0.06679 0.89856
0.43439 0.09693
0.33915 0.76164
0.17904 0.05239
0.17362 0.28982
0.77098 0.07210
0.05754 0.68650
0.75379 0.94133
0.15564 0.92070
0.93958 0.73171
0.60690 0.02209
0.12549 0.28035
0.22514 0.96628
0.16705 0.31805
0.17700 0.05311
0.05480 0.64375
0.39835 0.54528
0.62622 0.04598
0.82696 0.73141
0.51525 0.80470
0.41701 0.49367
0.57311 0.30191
0.93724 0.72137
0.99026 0.42760
0.18809 0.92996
0.45023 0.05719
0.96366 0.44479
0.36348 0.83619
0.87842 0.49645
0.18024 0.93285
0.03034 0.91454
0.96627 0.42042
0.62813 0.64150
0.51106 0.79814
0.52258 0.45884
0.36290 0.80295
0.96578 0.71657
0.50650 0.54432
0.37276 0.26899
0.18545 0.05706
0.96727 0.71561
0.58734 0.30490
0.43886 0.06963
0.18277 0.90041
0.18378 0.13727
0.71765 0.63739
0.40623 0.54413
0.83404 0.76819
0.22882 0.62838
0.53610 0.55003
0.53823 0.99373
0.55324 0.00482
0.83746 0.74345
0.82239 0.47662
0.69337 0.60892
0.63691 0.63960
0.23048 0.05404
0.03401 0.10212
0.59408 0.30370
0.18136 0.11089
0.57132 0.04932
0.50141 0.98704
0.58431 0.04739
0.73913 0.66517
0.68611 0.51005
0.34015 0.76160
0.17608 0.96318
0.89675 0.48959
0.41035 0.07969
0.42653 0.09689
0.04586 0.93941
0.21138 0.70757
0.20982 0.01688
0.12514 0.59141
0.83626 0.58046
0.10342 0.84967
0.11756 0.85162
0.20193 0.07000
0.42520 0.07578
0.41394 0.22189
0.61712 0.66005
0.15399 0.33213
0.03383 0.90639
0.57592 0.02996
0.98052 0.39792
0.92255 0.39585
0.73869 0.95845
0.12169 0.87847
0.44611 0.55947
0.30779 0.81916
0.35690 0.82774
0.08005 0.64049
0.18984 -0.00126
0.11468 0.63382
0.17495 0.88945
0.21588 0.94351
0.16676 0.94621
0.09761 0.66727
0.35177 0.27062
0.48285 1.00853
0.03456 0.65617
0.19365 0.07041
0.00146 0.91871
0.15204 0.92316
0.37665 0.29488
0.50083 0.56194
0.09612 0.66274
0.55392 0.29040
0.86126 0.48817
0.14989 0.94230
0.74918 0.04103
0.75728 0.08852
0.74820 0.07342
0.18895 0.00956
0.11152 0.63954
0.89139 0.90883
0.15397 0.95045
0.20304 0.15840
0.79667 0.41114
0.46200 0.44415
0.30336 0.65742
0.95195 0.36474
0.38344 0.81960
0.52262 0.82575
0.95788 0.69452
0.08605 0.65327
0.65814 0.58458
0.45048 0.10558
0.35696 0.84401
0.59338 0.04521
0.17869 0.13692
0.94926 0.45141
0.03673 0.11644
0.96787 0.73074
0.99693 0.71992
0.54960 0.57811
0.18927 0.12287
0.12575 0.90649
0.13176 0.28517
0.26209 0.69735
0.91366 0.36990
0.31674 0.81542
0.94223 0.41272
0.54349 0.54457
0.56518 0.30425
0.77728 0.96234
0.18750 0.00868
0.88621 0.49064
0.90174 0.35879
0.16230 0.06928
0.84163 0.72552
0.58337 0.80592
0.46322 0.08162
0.61417 0.61798
0.16378 0.88396
0.75738 0.92529
0.83653 0.75088
0.25345 0.66782
0.80686 0.44011
0.35684 0.83446
0.33267 0.81767
0.09085 0.67036
0.51859 0.78148
0.41400 0.08619
0.20725 -0.00837
0.65565 0.66317
0.84463 0.61835
0.54325 0.02140
0.52063 0.54730
0.81564 0.04689
0.35857 0.82056
0.91072 0.40837
0.54643 0.00923
0.04178 0.08733
0.49797 0.46867
0.42762 0.51885
0.22330 -0.00650
0.77893 0.94203
0.65625 0.66434
0.88624 0.40558
0.51825 0.42589
0.79461 0.08208
0.20752 0.97117
0.95024 0.39307
0.55328 0.31399
0.51663 0.53829
0.51258 0.47969
0.47661 1.00523
0.93394 0.34660
0.77854 0.99495
0.13960 0.25960
0.41155 0.52470
0.51019 0.39995
0.15062 0.28891
0.09709 0.68575
0.54650 -0.00306
0.29876 0.77034
0.86337 0.58695
0.15539 0.91359
0.67113 0.66122
0.17608 0.05149
0.85569 0.48817
0.51769 0.45417
0.08196 0.65055
0.29880 0.85103
0.44250 0.41016
0.56893 0.57974
0.10847 0.88882
0.92043 0.41637
0.54663 0.04095
0.82411 0.42425
0.57076 0.30441
0.93672 0.42576
0.85505 0.46402
0.81326 0.06035
0.15851 0.06185
0.60365 0.61436
0.09263 0.87076
0.31891 0.73967
0.98334 0.44110
0.92160 0.42088
0.80109 0.81340
0.79393 0.42831
0.43799 0.09272
0.79628 0.03412
0.12486 0.88201
0.98693 0.73815
0.83481 0.75681
0.76346 0.06399
0.33693 0.83242
0.42011 0.51410
0.80146 0.07898
0.57148 0.04846
0.71870 0.65599
0.58001 0.07420
0.32735 0.81822
0.58551 0.59716
0.36182 0.73566
1.00632 0.42125
0.96395 0.44779
0.36433 0.81114
0.18051 0.06214
0.72312 0.92510
0.04012 0.96861
0.34229 0.75841
0.16781 0.11231
0.95896 0.41776
0.52754 0.46451
0.95072 0.36751
0.89523 0.92824
0.75340 0.91201
0.74978 0.92911
0.50889 0.59166
0.73913 0.07952
0.34005 0.72052
0.55059 0.30876
0.12744 0.91651
0.56101 0.58924
0.51535 0.48223
0.85622 0.46689
0.79934 0.01315
0.78535 0.03973
0.49834 1.00288
0.49596 0.99088
0.69953 0.48646
0.38314 0.24443
0.15505 0.05625
0.08064 0.68193
0.98131 0.68019
0.81936 0.40733
0.57742 0.03290
0.02712 0.94528
0.52212 0.55266
0.37857 0.74285
0.88397 0.92977
0.44829 0.42799
0.21876 0.05822
0.24166 0.64551
0.53723 0.47610
0.93404 0.39788
0.95792 0.45133
0.37349 0.23624
0.97252 0.42977
0.34510 0.83977
0.96584 0.40803
0.10612 0.60035
0.79563 0.02320
0.32786 0.74554
0.05380 0.91254
0.96484 0.42507
0.19654 0.00058
0.78771 0.91009
0.88960 0.91385
0.90036 0.41286
0.28613 0.66450
0.08604 0.86859
0.21015 0.07233
0.79553 0.05833
0.54768 0.02836
0.52099 0.86610
0.69641 0.49071
0.08527 0.85716
0.56468 0.29640
0.11257 0.89799
0.76616 0.65410
0.42536 0.09965
0.79118 0.06830
0.11722 0.63983
0.82956 0.04868
0.05681 0.83714
0.56293 0.01727
0.86672 0.62201
0.58173 0.02602
0.55349 0.45047
0.20272 0.13633
0.51558 0.63872
0.48730 0.45512
0.80376 0.60628
0.19461 0.03334
0.43726 0.43629
0.47681 0.58084
0.43964 0.52353
0.64580 0.03732
0.76778 0.71834
0.40068 0.51806
0.38133 0.26976
0.49078 0.63746
0.90615 0.45899
0.80599 0.77214
0.64963 0.63810
0.99852 0.71630
0.18732 0.05092
0.50341 0.57888
0.36563 0.82124
0.97642 0.42850
0.41526 0.50181
0.21845 0.07772
0.83099 0.61180
0.06717 0.87948
0.27934 0.63895
0.81278 0.69312
0.14286 0.05278
0.34954 0.82618
0.27123 0.70348
0.52895 0.43307
0.54397 0.57942
0.56598 0.60461
0.18506 -0.00139
0.14109 0.92654
0.77440 0.98385
0.04859 0.87447
0.37730 0.82170
0.80704 0.98978
0.45493 0.63257
0.55129 0.58897
0.21426 0.08132
0.34544 0.73140
0.89380 0.36599
0.52451 0.55809
0.07276 0.64399
0.91075 0.91922
0.13943 0.93990
0.34762 0.22685
0.76024 0.64701
0.57008 0.03990
0.60929 0.66469
0.87413 0.45878
0.27777 0.66861
0.05251 0.66539
0.14944 0.89107
0.11063 0.87931
0.75994 0.05484
0.60431 0.32397
0.61172 0.00977
0.33461 0.72640
0.55709 0.00854
0.21123 0.05895
0.10332 0.28435
0.07845 0.90621
0.06409 0.88161
0.95931 0.44856
0.51138 0.97349
0.83529 0.72719
0.74205 0.62282
0.44789 0.06076
0.42459 0.52250
0.77680 0.03463
0.07600 0.66174
0.44580 0.44711
0.48521 0.45006
0.42204 0.07833
0.76476 0.67077
0.12452 0.27179
0.10069 0.62659
0.13274 0.64594
0.77742 0.42695
0.03317 0.12407
0.95031 0.88624
0.59615 0.56896
0.68517 0.49436
0.42566 0.51913
0.90515 0.43352
0.19489 0.95974
0.15908 0.61991
0.56619 0.05084
0.48488 0.99268
0.35510 0.70685
0.58167 0.27123
0.48038 0.44442
0.17000 0.11787
0.05312 0.93424
0.83239 0.61930
0.86764 0.62475
0.02583 0.13849
0.37161 0.82073
0.36047 0.79436
0.34886 0.80398
0.16727 0.87464
0.73443 0.65868
0.74583 0.06443
0.92990 0.92483
0.79630 0.05123
0.57353 0.03692
0.66678 0.51887
0.12895 0.29432
0.18948 0.13170
0.09018 0.66819
0.22054 0.02071
0.36215 0.79675
0.81736 0.60693
0.16846 0.07850
-0.01138 0.10429
0.42986 0.42782
0.90825 0.37415
0.91967 0.39856
0.13749 0.33818
0.22167 0.04522
0.15674 0.28536
0.76730 0.71486
0.31396 0.81838
0.54937 0.05583
0.55146 0.81768
0.60047 0.00507
0.94091 0.43661
0.74460 0.03876
0.83778 0.46828
0.22037 0.14411
0.26056 0.63632
0.71227 0.94998
0.56939 -0.00741
0.61218 0.00104
0.19047 0.03033
1.02282 0.69304
0.82098 0.03750
0.37129 0.85240
0.78464 0.76158
0.71179 0.49864
0.95576 0.44459
0.42898 0.49472
0.19278 0.13605
0.13788 0.92968
0.76629 0.07498
0.02320 0.08699
0.18110 0.12241
0.83534 0.43686
0.09562 0.67282
0.48631 0.62134
0.96811 0.43064
0.63151 0.03956
0.65561 0.68234
0.46439 1.00683
0.57492 0.30998
0.95113 0.39884
0.08098 0.86600
0.21266 0.09630
0.09512 0.63802
0.53245 0.53465
0.10704 0.91046
0.17494 0.96182
0.58651 0.58368
0.19816 0.01953
0.75827 0.96529
0.52017 1.04476
0.52065 0.45967
0.20627 0.01897
0.09009 0.90422
0.06388 0.83785
0.35084 0.24991
0.86601 0.46064
0.87666 0.62424
0.56416 0.06986
0.21299 0.07780
0.41869 0.48736
0.12467 0.65880
0.94155 0.41935
0.14966 0.88299
0.85667 0.49921
0.32146 0.84944
0.40833 0.50380
0.01851 0.13850
0.35515 0.71527
0.36706 0.81281
0.47370 1.02795
0.93397 0.40558
0.49086 0.48199
0.08371 0.90253
0.48505 0.59253
0.17076 0.26343
0.38533 0.24330
0.10752 0.85171
0.18567 0.14365
0.48936 1.01041
0.92491 0.37617
0.21597 0.05319
0.58518 0.03891
0.91206 0.41684
0.63906 0.63348
0.59408 0.64611
0.79527 0.07229
0.80482 0.75938
0.32594 0.71097
0.89400 0.48955
0.67760 0.64887
0.57383 0.04904
0.09600 0.61343
0.10286 0.65729
0.41778 0.54554
0.16708 0.98870
0.20838 0.05136
0.17752 0.29393
0.40084 0.51074
0.64234 0.64680
0.81652 0.44481
0.44776 0.39939
0.64929 0.58240
0.46284 0.10052
0.63917 0.62034
0.31480 0.84023
0.36078 0.82801
0.68550 0.49208
0.62488 0.03502
0.93292 0.37677
0.47073 0.64294
0.12784 0.29527
0.07400 0.87070
0.87608 0.50255
0.54886 0.54312
0.53323 0.45338
0.78904 0.98164
0.33329 0.82928
0.70419 0.50364
0.57753 0.04735
0.94327 0.43033
0.51922 0.43066
0.82155 0.72842
0.85152 0.62289
0.95063 0.42425
0.95394 0.39842
0.91155 0.40551
0.72387 0.63393
1.00334 0.70994
0.09982 0.62525
0.11679 0.63324
0.10151 0.86063
0.74666 0.08236
0.90606 0.42773
0.36845 0.82619
0.49037 0.41496
0.32403 0.79270
0.52191 0.98619
0.99608 0.48023
0.05683 0.64507
0.54498 0.82412
0.36161 0.85635
0.79407 0.98331
0.74685 0.65524
0.02739 0.63429
0.78652 0.92698
0.04245 0.96453
0.19317 0.07237
0.98721 0.43969
0.89795 0.43384
0.58989 0.02807
