0.71942
0.66628
0.39885
0.88360
0.56939
0.46871
0.55462
0.32457
0.38441
0.67012
0.66555
0.53215
0.78365
0.32539
0.18636
0.73002
0.54573
0.11859
0.45119
0.58198
0.23387
0.67154
0.81638
0.50830
0.80277
0.26369
0.32837
0.61096
0.25455
0.11050
0.73121
0.57163
0.36388
0.13124
0.44954
0.23266
0.83389
0.22948
0.35367
0.64246
0.38225
0.42623
0.76601
0.39627
0.94238
0.38751
0.49783
0.35636
0.98279
0.90837
0.57731
0.17692
0.49566
0.45018
0.47432
0.73443
0.56985
0.19680
0.44171
0.72048
0.72110
0.38551
0.28292
0.57595
0.16829
0.34490
0.96076
0.25444
0.58405
0.96278
0.81497
0.58358
1.01050
0.32160
1.04403
0.86601
0.33615
0.35403
-0.06779
1.08905
0.34880
0.79695
0.68051
0.81855
0.69433
0.55689
0.68564
0.83839
0.84279
0.23461
0.43718
0.29083
0.42852
0.07006
0.51430
0.14808
0.31977
0.66793
1.08549
0.22872
0.62424
0.33127
0.61835
0.30425
0.28471
0.60785
0.54158
0.38503
0.97233
0.34912
0.66268
0.24410
0.82250
0.48608
0.44742
0.21629
0.03846
0.36150
0.81463
0.89567
0.55165
0.55886
0.18893
0.26291
0.97065
0.63423
0.64595
0.73122
0.51899
0.50985
0.48296
0.58948
0.52404
0.12833
0.60036
0.49248
0.62955
0.43904
0.04393
0.26891
0.88629
0.97126
0.90614
0.51559
0.62626
0.31053
0.33156
0.24662
0.89460
0.82269
0.41357
0.46424
0.29156
0.61942
0.65181
0.45721
0.43902
0.75934
0.16327
0.53878
0.50674
0.35078
0.34731
0.66333
0.76978
0.29461
0.35635
0.98827
0.60283
0.48200
0.08256
0.43581
0.33298
0.24587
0.44641
0.89767
0.94553
0.52530
0.30188
0.17379
0.72867
0.58969
0.26422
0.97030
0.38284
0.58195
0.51500
0.20939
0.20636
0.56876
0.91570
0.54650
0.45499
0.46928
0.70771
0.61855
0.99782
0.34012
0.44482
0.47496
0.51834
0.77295
0.43749
0.99561
0.82879
0.32489
0.45586
0.69537
0.67406
0.52713
0.55920
0.75528
0.55018
0.59751
0.64042
0.56984
0.31029
0.41455
0.43426
0.50883
0.55411
0.67818
0.33479
0.38003
0.13595
0.20674
0.52619
0.23593
0.47240
0.81857
0.60853
0.46423
0.84598
0.47258
0.25031
0.39989
0.03972
0.35210
-0.03819
0.53791
0.21344
0.96156
0.44142
0.32284
0.46565
0.98034
0.80509
0.67505
0.42609
0.70721
0.35981
0.30496
0.41019
0.42324
0.91060
0.58521
0.58266
0.23530
0.29111
0.09210
0.36268
0.91258
0.52680
0.25085
0.45306
0.66529
0.36673
0.85299
0.96365
0.85936
0.60966
0.12890
0.07873
0.35145
0.47000
0.44467
0.58351
0.69673
0.68633
0.53424
0.51809
0.87935
0.53179
0.64643
0.98371
0.34310
0.60805
0.72267
0.47770
0.92473
0.39071
0.63782
0.69450
0.56546
0.91425
0.96364
0.23905
0.54200
1.08543
0.61431
0.59608
1.10303
0.59322
0.43972
0.42999
0.94731
0.23286
0.11475
0.97952
0.49216
0.37170
0.29994
1.07241
0.22890
0.35736
-0.08646
0.35771
0.46590
0.59702
0.58699
0.18523
0.84754
0.85695
0.33608
0.58991
0.77412
0.37728
0.32335
0.49691
0.54746
0.88249
0.86122
0.91317
1.02721
0.62805
0.32866
0.69366
0.24658
0.87022
0.65958
0.52121
0.33013
0.33808
0.30472
0.58673
0.21802
0.36025
0.64651
0.47791
0.26777
1.07221
0.89223
0.55963
0.04331
0.16858
0.29808
0.69250
0.33171
0.51702
0.18839
0.56803
0.76017
0.21888
0.64893
0.93820
0.33553
0.25634
0.35542
0.39941
0.56153
0.40710
0.60655
0.28320
0.22623
0.34684
0.67975
0.85621
1.00333
0.61271
0.24129
0.42350
0.36850
0.45883
1.04315
0.62796
0.52281
0.56037
0.71523
0.66233
0.98989
0.56485
0.51846
0.45527
0.68520
0.70233
0.35038
0.71336
0.49916
-0.12819
0.48400
0.81634
0.01420
0.69005
0.89235
0.13343
0.74998
0.73537
0.36110
0.55936
0.41349
0.50323
0.67055
0.92767
0.28100
0.88780
0.54222
1.04068
0.52740
0.29898
0.49200
0.44255
0.50930
0.04116
0.65876
0.26897
0.94393
0.51385
0.37632
0.65974
0.32351
0.47067
0.34856
0.95556
0.54715
0.41696
0.83929
0.67620
0.07366
0.62468
0.54392
0.56018
0.34053
0.23635
1.06507
0.63734
0.97735
0.36596
0.83798
0.43066
0.54628
0.87125
0.37484
0.52644
0.02712
0.85938
0.20163
0.99991
1.08375
0.56393
0.37785
0.45661
0.73953
0.38869
1.07606
0.77998
0.54291
0.38549
1.21568
0.07824
0.68616
0.79351
0.64606
0.24193
0.38785
0.51024
0.06261
0.78621
0.94015
0.16057
0.34034
0.72053
0.45924
0.12850
0.15844
0.53837
0.40740
0.95299
0.11140
-0.03076
0.97268
0.40210
0.97874
0.61871
0.83840
0.65300
0.59440
0.51539
0.43468
0.59413
0.79133
0.69853
0.13926
0.29446
0.42303
0.37900
0.49555
0.48432
0.40327
0.36358
0.01732
0.92669
0.60386
0.59533
0.39644
0.81219
0.31258
0.70564
0.44077
0.61916
0.62178
0.97351
0.71051
0.64803
0.90313
0.59402
0.48037
0.93082
0.52229
0.46973
0.24153
0.48408
0.86955
1.08122
0.52876
0.17639
0.56165
0.44766
0.42136
0.80717
0.27224
0.26689
0.93696
0.47274
0.60330
0.43694
0.99986
0.29070
0.21383
0.22888
0.32462
0.57715
0.82070
0.56411
0.44305
0.49300
0.14783
0.49926
1.03777
0.25350
0.63978
0.20365
0.61471
0.41447
0.44985
0.48060
0.19028
1.05865
0.32901
0.21475
0.44924
0.26545
0.32714
0.87706
0.56481
0.48194
0.29425
1.02108
0.42715
0.31365
1.03846
0.46344
0.58860
0.63446
0.25398
0.42894
0.71180
0.78239
0.46294
0.29781
0.62797
0.42315
0.37810
0.50547
0.73904
0.78941
0.47996
0.92356
0.31175
0.29400
1.03008
0.82055
0.98370
-0.01362
0.47045
1.02468
0.35253
0.20539
0.29339
0.17324
0.71799
0.35989
0.22666
0.73282
0.66788
0.01232
0.68623
0.45414
0.43984
0.48424
0.24118
0.12778
0.72014
0.79541
0.49754
0.31041
0.18443
0.77557
0.99642
0.57382
0.45476
0.87533
0.83158
1.03261
0.69226
0.43761
0.45821
0.33043
0.53270
0.30631
0.32455
0.40830
0.22414
0.27884
0.33264
0.31283
0.86848
0.54001
0.39335
0.60170
0.25093
0.54909
0.52333
0.74345
0.55084
0.98602
1.02313
0.63210
0.51808
0.90595
0.11925
0.51498
0.28061
0.65565
0.70126
0.50399
0.40728
0.57042
0.63958
0.46291
0.50718
0.14189
0.84515
0.06474
0.96265
0.53226
0.80727
0.50274
0.69501
0.15420
0.51361
0.47483
0.36286
0.90130
0.25734
0.31902
0.33023
0.29304
0.61397
0.54743
0.53758
0.96627
0.19117
0.30224
0.93618
-0.02636
0.33412
0.66171
0.53088
0.26822
0.37158
0.17979
0.44207
0.60255
0.47856
0.50011
0.21718
0.12604
0.42469
0.37721
0.67833
0.48922
0.11256
0.60952
0.89330
0.99113
0.26664
0.16378
0.22864
0.14214
0.54100
0.54766
0.85521
0.61422
0.50702
0.17587
0.98643
0.47943
0.43105
0.64949
0.72135
0.71625
0.73657
0.44458
0.70778
0.60566
0.63870
0.23287
0.54245
0.88236
0.56921
0.22855
0.61564
0.76808
0.15219
0.41107
0.36183
0.52245
0.90600
1.00079
0.39947
0.42963
0.38449
0.00257
0.54189
0.25028
0.81252
0.46589
0.30471
0.81043
0.48777
0.75683
0.49689
0.50832
0.29091
0.54657
0.11265
0.09879
0.62189
0.38160
0.74308
0.66605
0.07937
0.44197
0.78397
1.14153
0.77710
0.54378
0.90836
0.69983
0.53130
0.67098
0.59931
0.59381
0.18682
0.89325
0.73023
0.61035
0.47382
0.35299
0.91222
0.49742
0.24841
0.40920
0.52010
0.88400
0.40250
0.51662
0.02711
0.36769
0.41465
0.57047
0.84205
0.51959
0.50581
0.31400
0.47565
0.43957
0.10706
0.44624
0.94529
0.34919
0.17224
0.49632
0.17505
0.39555
0.82973
0.72968
0.43202
0.18957
0.83741
0.50744
0.79966
0.56457
1.00449
0.98119
0.63580
0.40288
0.25036
0.58914
0.86155
0.14753
0.48109
0.74583
0.74688
1.00653
0.70655
0.31168
0.58699
0.72986
0.92328
0.40433
0.89378
0.88806
-0.01638
0.44903
0.43545
0.45877
0.35854
0.22461
0.62682
0.39960
0.31629
0.45068
0.86407
0.48462
0.75031
0.34779
0.94343
0.28605
0.36443
0.77429
0.51419
0.39508
0.12483
0.51181
0.42553
0.60314
0.31849
0.40188
0.56345
0.65072
0.43406
0.62980
0.31034
0.59601
0.45079
0.38788
0.39798
0.79185
0.55827
0.84095
1.05920
0.23558
0.23428
0.52918
0.36420
0.91988
0.44128
0.35352
0.74407
0.08540
0.33274
0.74325
0.48855
0.23141
0.35539
0.33672
0.44953
0.35933
0.21787
0.59541
0.59824
0.63074
0.82891
0.20381
0.45579
0.25576
0.48957
0.40483
0.51373
0.69373
0.47833
0.54364
0.51876
0.46269
0.16833
0.58506
0.48132
0.36326
0.06751
0.52454
0.41290
0.63839
0.20662
0.00183
0.93470
0.27454
0.44972
0.30457
0.38350
0.33997
0.38952
0.28925
0.31389
0.43804
0.71745
0.58310
0.58210
0.24372
0.25553
0.69511
0.21889
0.92694
0.44708
0.40894
1.09448
0.71069
0.31995
0.15262
0.07228
1.11238
0.32083
0.33493
0.12336
0.44285
0.38923
0.44465
0.57974
0.92434
0.39871
0.56362
0.35006
0.12672
0.16597
0.26665
0.33700
0.95451
0.93630
0.38832
0.43883
0.51297
0.37874
0.13187
0.18230
0.12529
0.24553
0.52916
0.22351
0.81641
0.70065
0.48229
0.77186
0.82848
0.51287
1.00711
0.52880
0.05735
0.87001
0.64346
0.44729
0.50503
0.24748
0.52866
0.65694
0.70485
0.81980
0.66366
0.55515
0.33486
0.53229
0.73643
0.47137
0.46404
0.39835
0.53972
0.42946
-0.02656
0.69101
0.34728
0.45096
0.73580
0.32229
0.95466
0.50086
1.10075
0.51328
0.10650
0.39380
0.79799
0.68777
0.62599
0.76257
0.47593
0.57578
0.96697
0.76522
0.23304
0.42738
0.46208
0.11883
0.62330
0.07085
0.82221
0.16237
0.48622
0.37328
0.51722
0.19441
0.59510
0.77478
0.34450
0.47746
0.44313
0.26363
0.84968
0.62721
0.60492
0.14742
0.36288
0.82344
0.22839
0.85452
0.53738
0.79109
0.65697
0.56245
0.58454
0.34969
0.59473
0.37403
0.81059
1.07225
0.24335
0.89825
0.19204
0.50034
0.42875
0.48180
0.67772
0.44201
0.67039
0.39732
0.68233
0.79883
0.55244
0.23393
0.58209
0.44715
0.79397
0.34705
0.77189
0.56653
-0.02354
0.61447
0.31180
0.34794
0.64764
0.93103
0.61020
0.69199
0.55606
0.28858
0.98143
0.48841
0.88311
1.07854
0.73639
0.45763
0.62983
0.21261
0.43723
0.50363
0.52948
0.80462
0.92803
0.33905
0.62403
0.37033
0.03682
0.55452
0.85445
0.61282
0.29018
0.52196
0.31618
0.47509
0.41908
0.45914
0.81917
0.43951
0.77264
0.47665
0.38049
0.70025
0.47695
0.99401
1.11590
0.41629
0.92526
0.59570
0.29988
0.98721
0.56368
0.64543
0.55413
0.51508
0.14142
0.75309
0.63929
0.62577
0.61059
0.29794
0.66876
0.56968
0.74432
0.72195
0.56071
0.94948
0.83291
0.71878
0.58782
0.45509
0.49289
0.90818
0.25758
0.53630
0.43749
0.25524
0.29399
0.59755
0.96509
0.69083
1.08541
0.65379
0.31015
0.69439
0.75334
0.46872
0.78977
0.59163
0.74004
-0.03074
0.58999
0.17480
0.85711
0.40146
0.41486
0.95029
0.58352
0.44131
0.65641
0.65568
0.77385
0.58295
1.03853
0.79681
0.69698
0.86716
0.29097
0.29496
0.24027
0.67878
0.79659
0.19056
0.13959
0.24513
0.29827
0.82150
0.65179
0.59209
0.35856
0.93356
0.63470
0.71274
0.58332
0.43317
0.38484
0.39147
1.33265
0.36513
0.40130
0.49229
0.28593
0.46265
0.49904
0.47890
0.42702
0.64810
0.87551
0.55413
1.00283
0.18817
0.39071
0.96760
0.56783
0.47527
0.43148
0.29434
0.87583
0.26672
0.73113
0.12977
0.49803
0.54471
0.37935
0.27677
0.53303
0.48919
0.94594
1.08946
0.43371
0.40077
0.38416
0.39384
0.15887
0.47457
0.58276
0.81188
0.62606
0.58961
0.48530
0.84741
0.49177
0.36108
0.60710
0.55115
0.61753
0.48115
0.23451
0.40142
0.16562
0.44926
0.43598
1.09951
0.42207
0.42523
0.07539
0.51243
0.51731
0.86160
0.44646
0.78036
1.19029
0.98778
0.34249
0.59579
1.00706
0.41296
0.73001
0.52713
0.70081
0.19684
0.81505
0.51490
0.48240
0.49711
0.42142
0.37792
0.98096
0.94811
0.30580
0.47624
0.76586
0.43424
0.47781
1.02881
0.66417
0.71000
0.36646
0.33861
0.52080
0.65036
0.44077
0.21991
0.62164
0.08560
0.61335
0.68617
0.43861
0.59617
0.87169
0.67059
-0.00270
0.58188
0.47549
0.42587
0.28864
0.55644
0.32199
0.77198
0.65050
0.63926
0.81186
0.79823
0.59952
0.41551
0.62677
1.20745
0.21429
0.60734
0.55921
0.21754
0.41636
0.39699
0.43369
0.59052
0.19090
0.23571
0.43838
0.57244
0.65389
0.56358
0.59668
0.40652
0.14845
0.55900
0.45017
0.44743
0.81886
0.32982
0.39551
0.88485
0.39403
0.44393
0.45047
0.39303
0.79110
0.63114
0.72833
0.21060
0.57214
0.38783
0.43042
0.44625
0.96769
0.48977
0.60717
0.72843
0.46423
0.73257
0.14899
0.79543
0.62480
0.55666
0.26595
0.45007
0.46511
0.63124
0.46265
0.37548
0.45288
0.49751
0.39647
0.53820
0.37604
0.07738
0.63230
0.36756
0.61475
0.67987
0.49213
0.98597
0.49864
0.91092
0.24154
0.65028
0.21827
0.71139
0.50161
1.06665
0.49921
0.80975
0.26742
0.29687
0.95444
0.87222
0.63374
0.36106
0.79036
0.29710
0.86923
0.96737
1.05759
0.04709
0.30880
0.30438
0.49349
0.07816
0.33048
1.03294
0.36987
0.56913
0.57166
0.19783
0.10885
0.24935
0.53474
0.56449
0.34772
0.39904
0.06454
0.27113
0.78430
0.59320
0.48515
1.05068
1.02767
0.78781
0.41506
0.48779
0.33541
0.87878
0.42466
0.55961
0.42420
0.01879
0.31901
1.00906
0.02698
0.72031
0.21057
0.56644
0.51845
0.99934
0.80099
0.61248
0.40924
0.71860
0.23012
0.69815
0.86111
0.44046
0.78448
0.22037
0.22917
0.46837
0.49393
0.59545
0.47354
0.37362
0.97278
0.38054
0.30235
0.15181
0.37220
0.77526
0.53569
0.50029
0.35738
0.14055
0.39153
0.10671
0.45073
0.20795
0.38386
1.11850
0.79951
0.43668
0.37029
0.40640
0.51387
0.51867
0.29272
0.84760
0.50912
0.36319
0.26484
0.20790
0.61788
0.99155
0.26539
0.29836
0.84089
0.88855
0.34589
-0.04406
0.54049
0.89865
0.82243
0.87739
0.67383
0.51759
0.60204
0.07330
0.83339
0.54758
0.72322
0.16780
0.43157
0.51956
0.92482
0.60686
0.35919
0.49105
0.36991
-0.06584
0.81799
-0.05792
0.18100
0.89654
0.48277
0.68719
0.77575
0.79717
0.70254
0.61799
0.50908
0.22015
0.72283
0.70434
0.94531
0.59995
0.11417
0.43179
0.35209
0.30661
0.34462
0.86533
0.50726
0.44493
0.37442
0.54369
0.61467
0.94448
0.58027
0.38715
0.58136
0.63752
0.10296
0.87463
0.36674
0.76572
0.84282
0.45980
0.37226
0.34996
0.66677
0.82109
0.37748
0.08606
0.29886
0.01280
0.86361
0.90517
1.17494
0.72426
0.48682
0.30789
0.51106
0.52171
0.52720
1.01267
0.59283
0.33229
0.85719
0.50919
0.71934
0.68096
0.54523
0.87681
0.54491
0.77046
0.66208
0.10829
0.57547
0.72936
0.84655
0.12789
0.44477
0.93686
0.42444
0.94295
0.53811
0.52095
0.61109
0.28974
0.43166
0.44310
0.44638
0.73705
0.54111
0.56519
0.35989
0.09393
0.60848
0.23751
0.87621
0.46419
0.33288
0.19805
0.45608
1.00134
0.38750
0.42924
0.58269
1.03662
0.26413
0.25260
0.50661
0.15536
0.42293
0.23163
0.38396
0.46231
0.85547
0.26346
0.81944
1.13141
0.44172
0.79623
0.28305
0.39151
0.64393
0.91414
0.68374
0.45900
0.76740
0.63904
0.23893
0.27580
0.27537
0.39501
0.11450
0.74991
0.46435
0.44010
0.42118
0.69933
0.62924
0.27982
0.34448
0.06687
0.12153
0.23133
0.08743
0.58417
0.82700
0.39644
0.52973
0.17923
0.53849
0.49139
0.24905
-0.02545
0.45047
0.32633
0.37030
0.03723
1.02822
0.96446
0.74841
0.52563
0.81105
0.65857
0.35837
0.73613
0.40997
0.41413
0.23140
0.41940
0.88093
0.43977
0.65395
0.66749
0.37703
0.40363
0.21578
0.58731
0.65452
0.46381
0.46656
0.01315
0.31574
0.34648
0.10873
0.22898
0.67676
0.67328
0.58340
0.43616
0.35231
0.54225
0.59142
0.83275
0.90905
0.54013
0.43512
0.35446
0.19869
0.56814
0.17130
0.46905
0.93823
0.61917
0.49241
0.57820
0.69244
0.04188
0.43574
0.55403
0.38637
0.52695
0.63771
0.58655
0.68842
0.47517
0.32983
0.71719
0.31865
0.44047
0.33518
0.39792
0.76126
0.50354
0.57879
0.33413
0.31256
0.77848
0.02777
1.02396
0.25622
0.89712
0.79903
0.54907
0.69168
0.76092
0.51146
0.31344
0.51668
0.84748
0.60584
0.49115
0.53384
0.20255
0.68182
0.70039
0.46074
0.10214
1.09022
0.52956
0.29297
0.20329
0.51102
0.38783
0.91818
0.62404
0.51480
0.24667
0.50079
0.58735
0.64061
0.20169
0.41220
0.33128
0.32103
0.31064
0.39781
0.51819
0.65628
0.76275
0.28280
0.64882
0.41318
0.62445
0.52286
0.38069
0.74465
0.77629
0.56308
0.35629
0.66204
0.38298
0.90338
0.37866
0.17767
0.47758
0.59827
0.40915
0.78310
0.72890
0.52273
1.11131
0.44016
0.61270
0.57933
0.74972
0.44570
0.45167
0.05820
0.60497
0.57746
0.75884
0.24725
0.07240
0.48668
0.49321
0.04761
0.81940
0.63667
0.51440
0.77306
0.43923
0.43587
0.62055
0.58567
0.50993
0.51136
0.65366
0.15444
0.80337
0.39270
0.42540
0.11488
0.77043
0.64318
0.38050
0.27094
0.64139
0.38841
0.28766
0.97985
0.27900
0.35727
0.71767
0.66508
0.44447
0.38716
0.32560
0.28347
0.83457
0.80003
0.66396
0.47664
0.48857
0.95108
0.93671
1.10146
0.36893
0.66555
0.53037
0.41281
0.47299
0.27600
0.33400
0.52024
0.80975
0.49521
0.72846
0.23551
0.62919
0.23897
0.65716
0.10441
0.34123
0.52185
0.88488
0.68122
0.89067
0.83843
0.47897
0.89454
0.21642
0.67390
0.72607
0.62935
0.69208
0.94146
0.77108
0.74559
0.50691
0.28441
0.21840
0.16006
0.35238
0.43756
0.25638
0.12988
0.90355
0.54395
0.48415
0.72522
0.38213
0.95094
0.58421
0.69219
0.38235
0.30989
0.61606
0.39433
0.70482
0.83064
0.29865
0.22255
0.72197
0.45299
0.41082
0.49199
0.47591
0.28825
0.55976
0.82645
0.05099
0.44564
0.96300
0.26541
0.38654
0.62583
0.19692
0.47152
0.45116
0.26888
0.59349
0.40760
0.52685
0.64236
0.46200
0.85861
0.41556
0.30444
0.46275
0.81078
0.02042
0.99075
0.44872
0.60512
0.47512
0.42742
0.85720
0.31150
0.41242
0.16244
0.39963
0.53923
0.70629
0.42439
0.90130
0.25881
0.36902
0.61717
0.94759
0.28698
0.14548
0.64109
0.36666
0.34637
0.51867
0.90985
0.38839
0.84821
0.33524
0.74265
0.57975
0.47065
0.43616
0.51165
0.44394
0.40525
0.25349
0.24071
0.60255
0.55009
0.30307
0.07092
0.20491
0.95598
0.28572
0.23951
0.32809
0.41006
0.62260
0.07093
0.36921
0.31156
0.83117
0.99628
0.22257
-0.05633
0.56548
0.35211
0.42775
0.43751
0.46600
0.78001
0.55105
0.59162
0.35059
0.39818
0.22387
0.62105
0.36395
0.52284
0.55360
0.44898
0.50293
1.05805
0.98850
0.50595
0.72507
0.58432
0.46661
0.44513
0.78173
0.68922
1.02716
0.25158
0.22591
0.51305
0.31053
0.54540
0.53802
0.57861
0.87490
0.54818
0.97836
0.67069
0.17631
0.23513
0.07403
0.70631
0.35011
0.56303
0.40541
0.29101
0.32902
0.38066
0.71824
0.84515
0.42823
0.69672
0.13378
0.31350
0.30881
0.85591
0.28562
0.55019
0.62153
0.40289
0.87662
0.85590
0.44732
0.28807
0.48255
0.51016
0.86514
0.20240
0.41980
0.31226
0.61003
0.43429
0.78006
0.58320
1.05541
0.53653
0.32039
0.86852
0.15075
0.94897
0.97773
0.32961
0.42957
0.49729
0.43332
0.82506
0.79857
0.58149
0.45267
0.40923
0.13862
0.65098
0.45899
0.55922
0.55840
0.63081
0.83867
0.68251
0.41619
0.79964
0.92505
0.57889
0.79600
0.37023
0.57682
0.47030
0.12356
0.21812
0.84549
0.56688
1.14732
0.74553
0.95162
0.36169
0.45873
0.46025
0.09888
0.93655
0.31924
0.65022
0.40732
0.88617
0.65855
0.53481
0.37738
0.56448
0.50463
0.64338
0.12574
0.23439
0.88333
0.34422
0.48495
0.71366
0.86369
0.50599
0.44138
0.88964
0.89686
0.65983
0.24025
0.85479
0.46131
0.59071
0.48163
0.63443
0.65187
0.53156
0.15811
0.55061
0.94248
0.74556
0.21955
0.89223
0.60234
0.38580
0.88168
0.95034
0.33056
0.81921
0.94361
0.91791
0.63438
0.38627
0.75487
0.59080
0.23205
0.76426
0.76016
0.38260
0.86896
0.98547
0.65863
0.06083
0.93428
0.75196
0.29596
0.35923
0.71135
0.32180
0.57814
0.52568
0.87556
0.15232
0.86864
0.68903
0.73563
0.70414
0.23749
0.47116
0.85171
0.50126
0.68129
0.19851
0.68797
0.09519
0.91575
0.63678
0.54407
0.38654
0.56814
0.09527
0.09096
0.74465
0.61763
0.59849
0.16287
0.60047
1.02501
1.09402
0.02441
0.23029
0.90230
0.33898
0.42764
0.09494
0.43953
0.32841
0.24305
0.54536
0.03951
0.58077
0.45256
0.69525
0.67915
0.96218
1.01605
0.35461
0.60920
0.92820
0.36260
0.96648
0.35081
0.88907
0.35207
0.29923
0.12968
0.37183
0.50173
0.66743
0.63380
0.36636
0.14350
0.37690
0.09726
0.51078
0.61181
0.63766
0.49561
0.30364
0.33902
0.09899
0.51967
0.93195
0.71210
0.74557
0.45319
0.86183
0.90624
0.12341
0.29999
0.45048
0.70371
0.23226
0.74449
0.57742
0.64286
0.31049
0.68127
0.16547
0.62423
0.80379
0.19770
0.81648
1.07177
0.51329
0.16074
0.34204
0.85139
0.45176
0.81511
0.23589
0.33730
0.89948
0.63608
0.27913
0.38097
1.02629
1.01686
0.52743
0.54669
0.62529
0.74207
0.96991
0.47943
0.42323
0.43383
0.49129
0.09713
0.31264
0.53233
0.77710
0.39893
0.57819
0.57944
0.63601
1.04311
0.39632
0.22751
0.14839
0.41629
0.59107
0.81939
0.96916
0.61986
0.74105
0.87648
0.95256
0.37925
0.85757
0.26450
0.86300
0.95625
1.08965
0.76198
0.48820
0.46368
0.51214
0.91493
0.93273
0.45076
0.29144
0.86884
0.39439
0.35655
0.62835
0.35148
0.55175
0.88408
0.33048
0.25045
0.33931
0.27731
0.19546
0.82556
0.63785
0.43382
0.78721
0.64696
0.59613
0.46017
0.20100
0.70468
0.16840
0.57049
0.45373
0.59252
0.34033
0.92155
0.81719
0.66025
0.57606
0.39088
0.42340
0.42594
0.88166
0.11368
0.39470
0.13577
0.96531
0.90478
0.84635
0.74533
0.68261
0.93558
0.52655
0.54205
0.89258
0.34170
0.87167
0.25874
0.83700
0.53521
0.19526
0.04371
0.30163
0.62094
0.38637
0.36969
0.74472
0.80423
0.32112
0.75750
0.47518
0.30561
0.99247
0.59908
0.92240
0.23591
0.70613
0.57334
0.86650
0.48666
0.56351
0.51190
0.44530
0.21246
0.62306
0.60800
0.52442
0.51380
0.75225
0.50893
0.57902
0.92742
0.38440
0.65628
0.51723
0.40986
0.88609
0.42271
0.85301
0.72046
0.23456
0.62474
0.30001
0.43034
0.83950
0.40728
0.13779
0.34138
0.26184
0.61388
0.52002
0.42612
0.27434
0.52068
0.58039
0.65372
0.24875
0.29133
0.27210
0.42431
1.00534
0.50682
0.17707
0.68999
0.24807
0.93900
0.50957
0.67366
0.25476
0.74851
0.41232
0.44332
0.59116
0.51030
0.15269
0.60547
0.98909
0.88331
0.86904
0.36884
0.91183
0.44550
0.65609
0.13679
0.41678
0.32810
0.38801
0.51044
0.61849
0.57870
0.38026
0.49849
0.39078
0.32719
0.76432
0.43298
0.63526
0.37277
0.50501
0.23915
0.52784
0.38942
0.35747
0.10593
0.68367
0.51717
0.27382
0.56666
0.51605
0.42871
0.50469
0.48104
0.14095
0.69340
0.22537
0.28244
0.30449
0.19431
0.46992
0.32626
0.81139
0.31506
0.54726
0.24501
0.98986
0.44681
0.50936
0.37727
0.35328
0.82111
0.82788
1.04447
0.39827
0.86542
0.44212
0.80128
0.44969
0.48950
0.12533
0.55934
0.46024
0.50470
0.65146
0.15568
0.96749
0.23197
0.83134
0.27019
0.42663
0.82843
0.20889
0.70548
0.45495
0.90330
0.42165
0.63174
0.79405
0.18474
0.35009
0.80188
0.36555
0.43623
0.75071
0.09522
0.43968
0.42390
0.34070
0.41081
0.27234
0.63830
0.36320
0.49877
0.83532
0.66663
0.65446
0.81166
0.46394
0.79780
0.67646
0.68047
0.16096
0.29064
0.40125
0.16550
0.56684
0.48404
0.68747
0.28094
0.72206
0.82741
0.65135
0.79710
0.13129
0.81176
0.33153
0.53225
0.62890
0.84970
0.30828
0.70559
0.52724
0.54542
0.25656
0.72808
0.41091
0.36256
1.07476
0.44341
0.56213
0.42270
0.40326
0.78000
0.51944
0.10303
0.24499
0.56807
0.65339
0.57679
0.99194
0.65567
0.66864
1.14477
0.19420
0.54828
0.07814
0.58268
0.35624
0.25716
1.00963
0.44407
0.55184
0.25131
0.23630
0.67714
0.90514
0.47122
0.50744
0.94747
0.43881
0.58213
0.54158
0.51295
0.32968
0.40218
0.36473
0.74929
0.39634
0.34516
0.67625
0.53229
0.65236
0.55152
0.83514
0.70829
0.86004
0.48559
0.05476
0.99886
0.59463
0.43434
0.10437
0.63111
0.41704
0.84191
0.13105
0.71109
0.93936
0.40701
0.01320
0.57521
0.69408
0.32504
0.44272
0.27011
1.04215
0.13691
1.01756
0.47751
0.52899
0.49435
0.45133
0.27780
0.30437
0.46812
0.27969
0.54843
0.66849
0.75346
-0.00771
0.37800
0.61110
0.28425
0.42030
0.60220
0.41252
0.27604
0.42954
1.14628
0.37439
0.40827
0.96536
0.73335
0.26975
1.01827
0.04633
0.82868
0.64160
0.33419
0.85018
0.92200
0.46233
0.60989
0.99298
0.81559
0.56313
0.27234
0.85196
0.41473
0.64679
0.18690
0.47255
0.84552
0.28960
0.91924
0.46573
0.88692
0.32202
0.34824
0.41610
0.25066
0.38171
0.12827
0.32015
0.19825
0.48913
0.18708
0.57625
0.82062
0.94769
0.47819
0.51477
0.14616
0.49081
0.47318
0.34980
0.35131
0.48915
0.34870
0.58250
0.84573
0.94424
0.46429
0.33027
0.77680
0.32192
0.48806
0.52392
0.40347
0.48717
0.75508
0.38945
0.32565
0.75657
0.36872
0.01728
0.53382
0.52668
0.37170
0.56218
0.45255
0.39240
0.18990
0.90445
0.36135
0.27736
0.61364
0.31714
0.78324
0.34644
0.30373
0.47210
0.78930
0.10116
0.91728
0.82378
0.42090
0.11539
0.67171
0.56594
0.62722
0.46428
0.39146
0.41819
0.96257
0.67661
0.19077
0.64632
0.48368
0.30928
0.38173
0.16743
0.47650
0.24216
0.24663
0.23734
0.58385
0.57792
0.27187
0.59037
0.41579
0.15485
0.85171
0.26229
0.49528
0.55186
0.33873
1.16647
0.43019
0.50725
0.73179
0.29556
1.01519
0.66202
0.52239
0.23610
0.34515
1.07284
0.28749
0.61657
0.50364
0.12185
0.38204
0.78962
0.55277
0.90855
0.53902
0.72059
0.73737
0.34165
1.00030
0.44500
0.43691
0.68389
0.50574
0.18375
0.77249
0.33530
0.44679
0.63771
0.29664
0.96866
0.25252
1.03380
0.53959
0.35080
0.00944
0.03480
0.09493
0.87399
0.25516
0.15731
0.47032
0.71936
-0.04809
0.36303
0.49025
0.53940
0.34494
0.43703
0.54642
0.87925
0.05736
0.19741
0.34910
0.18742
0.79326
0.47811
0.96275
0.91974
0.60088
0.62081
0.69124
0.16337
0.54703
0.59861
0.46766
0.89116
0.37081
0.25547
0.90296
0.36977
0.77703
0.53686
0.68322
-0.03800
0.50111
0.39013
0.25204
0.39155
0.18543
-0.01432
0.42430
0.56478
0.38345
0.26593
0.52600
0.71012
0.68403
0.45075
0.59575
0.28517
0.41541
0.63111
0.82027
0.38932
0.67005
0.62390
0.01566
0.16390
0.44759
0.40576
0.76584
0.92674
0.50436
0.43168
0.83572
0.23907
0.65393
0.60760
0.15238
0.53068
0.15193
0.31509
1.10293
0.96453
0.75225
0.32939
0.47045
0.70520
0.45874
0.25741
0.24587
0.46262
0.83872
0.69659
0.39666
0.58569
0.43235
0.74581
0.68266
0.22950
0.45699
0.29248
0.11140
0.22456
0.55217
0.63747
0.20042
0.13788
0.27944
0.32280
0.84590
0.05920
0.18372
0.41901
0.16076
0.29868
0.74214
0.29313
1.01756
0.63217
0.53429
0.51153
0.47853
0.57170
0.39144
0.11692
0.28139
0.49554
0.24108
0.37259
0.74476
0.35463
0.24414
0.62550
0.56809
0.36652
0.41287
0.70388
-0.01370
0.73753
0.71176
0.90035
0.46133
0.97411
0.50185
0.49175
0.52483
0.69718
0.50302
0.59274
0.45556
0.54439
0.51651
0.44518
0.14189
0.37575
0.39963
0.78812
0.43742
0.57492
0.83276
0.67832
0.65052
0.62861
0.98246
0.53046
0.07056
0.52690
0.21999
0.37490
0.55708
0.85904
0.53160
0.18272
0.34938
0.11641
0.37690
0.09376
0.10487
0.40418
0.78826
0.86416
0.44828
0.42213
-0.04717
0.41957
0.43199
0.54600
0.91918
0.77822
0.33067
0.69720
0.50447
0.75511
0.51746
0.47223
0.56493
0.52516
0.39301
0.09692
0.31525
0.34936
1.05800
0.38047
0.90048
0.77727
0.12555
0.39257
0.31772
0.52708
0.14942
0.84101
0.18666
0.04687
0.33489
0.34375
0.54233
0.35850
0.28685
0.56555
0.29817
0.61912
0.25423
0.43133
0.64830
0.42778
0.15476
0.98656
0.17397
0.45364
0.57338
0.94278
0.14618
0.53978
0.62766
0.50736
0.20483
0.40342
0.29739
0.22744
0.07278
0.01137
0.58029
0.54315
0.34953
0.66589
0.97057
0.17140
0.22329
1.17756
0.28102
0.53135
0.35490
0.51235
0.71808
0.33458
0.06683
0.50674
0.68850
0.47888
0.29964
0.45206
0.34911
-0.01500
-0.11065
0.38941
0.91916
0.36288
0.76823
0.19217
0.41910
0.45741
0.54879
0.57526
0.83284
0.53959
0.54377
0.70666
0.11012
0.41086
0.62112
1.02557
0.54139
0.31541
0.03308
0.54496
0.95316
0.15574
-0.02421
0.81339
0.95163
0.45573
0.13497
0.56301
0.01641
0.35737
0.25503
0.27557
0.44311
0.40809
0.81092
0.53198
0.50138
0.82711
0.87695
0.58494
0.35898
0.90770
0.41768
0.35578
0.51754
0.24726
0.52365
1.07559
0.15720
0.40601
0.32968
0.14739
0.48656
0.02188
0.54839
0.60706
0.77921
0.48547
0.61616
0.59109
0.63689
1.13690
0.28997
0.41886
0.38843
0.79413
0.37861
0.29068
0.42344
0.44669
0.42512
0.44688
0.42840
0.73898
0.51754
0.88151
0.53473
0.82695
0.42723
0.16659
0.43926
0.73690
0.28780
0.59496
0.53731
0.76656
0.84780
0.43083
0.50981
0.65880
0.25451
0.04506
0.53386
1.14666
1.03023
0.17584
0.83745
0.41690
0.52030
0.59225
0.53144
0.63010
0.07518
0.47656
0.16902
0.71829
0.99465
0.63190
0.46199
0.46212
0.27575
0.52904
0.33062
0.37415
0.20079
0.92636
0.34476
0.11366
0.72602
0.92207
0.48859
0.18115
0.53807
0.52259
0.10562
0.47151
0.39971
0.43531
0.33947
-0.05215
0.67026
0.42169
0.16032
1.07439
0.82292
0.67216
0.54068
0.05822
0.04752
0.33332
0.53872
0.31437
0.80610
0.58982
0.49940
0.72732
1.05519
0.90380
0.41461
0.20543
0.37035
0.43870
0.95017
0.85333
0.59192
0.55901
0.48212
0.28654
0.36167
0.36657
0.14806
0.46171
0.85920
0.54833
0.63563
0.38642
0.82235
1.02742
0.87237
0.44361
0.45779
0.51031
0.34840
0.83570
0.55415
0.48022
0.83618
0.04416
0.29620
0.66464
0.66449
0.62498
0.03382
0.79331
0.67150
0.67022
0.58469
0.33123
0.14894
0.55353
0.33073
0.52281
0.18434
0.92052
0.14756
0.06304
1.10696
0.13113
0.25944
0.70172
0.95266
0.28897
0.35817
0.51285
0.34813
0.37325
0.47585
0.37009
0.59588
0.30670
0.63448
0.94951
0.38889
0.34614
1.04133
0.99544
0.22710
0.39069
0.01422
0.31943
0.60891
0.55877
0.15837
0.17667
1.06424
0.53875
0.68818
0.86680
0.68164
0.39288
0.59089
0.67763
0.87167
0.37614
0.31679
0.66560
0.50019
0.95695
0.26697
0.61029
0.93293
0.44941
0.73729
0.69694
0.53822
0.17873
0.45968
0.24952
0.18545
0.48629
0.47812
0.95215
0.27172
0.43864
0.47848
0.19670
0.26855
0.68952
0.35215
0.42729
-0.16883
0.54783
0.56806
0.09801
0.91635
0.67515
1.00455
0.08945
0.18639
0.35341
0.37119
0.83765
0.84928
0.50378
0.38931
0.95136
-0.04923
0.65602
0.23396
0.83538
0.50479
1.13857
0.09075
0.44608
0.51894
1.09934
0.43300
0.45709
0.41770
0.98557
0.87631
0.70441
0.92047
0.36120
0.37436
0.58316
0.48935
0.83360
0.60858
0.62116
0.01638
0.32164
0.48293
0.37608
0.44352
0.04855
0.39703
0.62018
0.59884
0.55747
0.66059
-0.02612
0.78910
0.54824
0.91142
0.35042
0.71348
0.45126
0.76696
0.75910
0.37236
0.97064
0.63684
0.48961
0.21312
0.35340
0.71623
0.71391
0.44395
0.75419
0.44340
1.13112
0.96484
1.01708
0.53922
0.62073
0.44670
0.65701
0.49687
0.87058
0.31340
0.10873
0.36084
0.13007
0.50622
0.60540
0.41568
0.82143
0.71363
0.41572
0.54735
0.06811
0.36919
1.01092
0.57855
0.56751
0.75469
0.46421
0.91194
0.38217
0.41176
0.82488
0.27635
0.20000
0.88966
0.22238
0.43085
0.72326
0.35851
0.66045
0.31314
0.63514
0.48515
0.72309
0.72890
0.31106
0.46222
0.29994
0.24501
0.68127
0.70136
0.46504
0.96340
1.01391
0.57866
0.28070
0.09139
0.73590
0.54695
0.61472
0.68942
0.62477
0.75867
1.11754
0.99411
0.41854
0.82429
0.69543
0.74779
0.61790
0.86037
0.46334
0.55330
0.40736
0.36173
0.86811
0.91132
0.64311
0.43571
0.51545
0.72334
1.11440
0.30699
0.48960
0.67973
0.89366
0.28775
0.39830
0.39375
1.08757
0.97652
0.68421
0.11591
0.57513
0.53693
0.33930
0.81563
0.53798
0.69392
0.91508
0.41821
0.56043
0.12539
0.35969
0.51781
0.76841
0.91203
0.44865
0.32624
0.54424
0.45976
0.46033
0.40204
0.48104
0.11989
0.32409
0.68607
0.12918
0.61096
1.03371
0.31271
0.73228
0.85868
0.07954
0.35276
0.55114
1.02316
0.43399
0.56934
0.31467
0.79133
0.45308
0.37096
0.09084
0.93879
0.42835
0.26607
0.50691
0.64303
0.51823
0.58462
0.66787
0.14117
0.69596
0.26885
0.06006
0.55315
0.62962
0.17339
0.55082
0.31622
0.74290
0.35230
0.37309
0.19550
0.55780
0.54394
0.41041
0.50679
0.44373
0.91648
0.44553
0.53954
0.69886
0.64926
0.50028
0.64917
0.85813
0.32528
0.90232
0.33324
0.46670
0.93634
0.53719
0.44450
0.65879
0.34044
0.60464
1.08572
0.51980
0.72774
0.46426
0.28378
-0.03446
0.52246
0.44790
0.00689
0.85543
0.50908
0.99243
0.83526
0.56006
0.83503
0.24520
0.27498
0.24158
0.19420
0.74191
0.39028
1.02754
0.41954
0.75703
0.68921
0.94128
0.39294
0.51322
0.59220
0.66258
0.43207
0.51587
0.29204
0.60323
0.42680
0.25381
0.51112
0.18215
0.85755
0.72627
0.50352
0.17598
0.47128
0.45964
0.39124
0.17391
0.21040
0.59530
-0.01449
0.83083
0.94321
0.13393
0.45457
0.50500
0.60694
0.44060
0.29243
0.42943
0.72195
0.72010
0.93441
-0.00826
0.45619
0.53176
0.66371
0.47962
0.53208
0.80571
0.52532
0.58630
0.27656
0.53236
0.56438
0.11521
0.63891
0.56997
0.28142
0.66275
0.65747
0.31211
0.81699
0.78896
0.23345
0.49457
0.36682
0.66378
0.14802
0.53999
0.46781
0.80174
0.48866
0.24520
0.24981
0.75382
0.35669
0.43861
0.63328
1.12708
0.18644
0.88568
0.46691
0.17323
0.44740
0.48988
0.52480
0.45897
0.22758
0.92766
0.39365
1.01830
0.53129
0.63358
0.83610
0.59182
0.18473
0.95753
0.56712
0.63827
0.35476
0.48455
0.06627
0.47251
0.97641
0.56503
0.19858
0.48753
0.48143
0.18815
0.42965
0.96321
0.30942
0.81646
0.55390
0.71632
0.22732
0.65717
0.55750
0.48837
0.63889
0.87214
0.55494
0.69801
0.92206
0.49587
0.45764
0.29044
0.94005
0.23825
0.09253
0.45671
0.95200
0.69562
0.40584
0.45460
-0.02744
0.13144
0.34432
0.33331
0.13581
0.61157
0.56312
0.72548
0.54823
0.06990
0.67682
0.78539
0.46700
0.53894
0.16187
0.43284
0.62656
0.49000
0.27934
1.01235
0.87243
0.65218
1.03789
0.44667
0.60946
0.53453
0.63773
0.30997
0.63771
0.47673
0.37580
0.20715
0.68374
0.51937
0.43926
0.43593
0.15751
0.76101
-0.13480
-0.18139
0.70646
0.65390
0.23524
0.45874
0.68393
0.49382
0.35507
0.36784
0.84880
0.26970
0.37293
0.47517
0.39711
0.19777
0.19610
0.90861
0.62388
0.88659
0.68948
0.70889
0.45145
0.44854
0.26857
0.23529
0.24112
0.40323
0.13189
0.08507
0.44928
0.43595
0.97884
0.83080
0.24772
0.41420
0.42978
0.70046
0.13066
0.70474
0.43444
0.34867
0.59404
0.56630
0.32263
0.18205
0.54797
0.17604
0.48501
0.13031
0.37048
0.54659
0.50718
0.25651
0.75120
0.45633
0.19733
0.63265
0.47834
0.11532
0.37252
0.55053
0.45071
0.50733
0.43526
0.19776
0.29849
0.88336
0.87234
0.15904
0.29157
1.01031
0.76956
0.35462
0.27784
0.42638
0.59475
0.69970
0.21694
0.13592
0.53789
0.68863
0.86471
0.53077
1.05728
0.55728
0.62212
0.58589
0.48640
0.52310
0.23493
0.26599
0.88635
0.22090
0.82197
0.72028
0.27960
0.55749
0.61485
0.47740
0.49141
0.97489
0.61171
0.17428
0.48098
0.99860
0.70637
0.40818
0.57811
0.56625
0.25644
0.51906
0.03624
0.36214
0.24675
0.47840
0.18676
0.35078
0.22925
0.23022
0.51281
0.21683
0.29862
0.67962
0.74156
0.38864
-0.11706
0.98742
0.12786
0.92495
0.63266
0.42307
0.41092
0.92424
0.87653
0.62966
0.43132
0.26127
0.09628
0.37000
0.61864
0.07026
0.27387
0.61746
0.15556
0.26818
0.37909
0.38813
0.89992
0.41383
0.30048
1.00677
0.72352
0.11916
0.50682
0.34750
0.27849
0.30143
0.84202
0.55287
0.98182
0.99500
0.37824
0.37653
0.94027
1.15369
0.64129
0.41843
0.51180
0.31394
0.36646
0.33312
0.68940
0.34771
0.29473
0.32406
0.70928
0.54960
0.32300
0.75740
0.48556
0.33724
0.58030
0.59625
0.18225
0.42035
0.76058
0.52632
0.14624
0.48008
0.76557
0.49448
0.16653
0.21375
0.78751
0.32109
0.26940
0.58172
0.67369
0.09878
0.91714
0.17907
0.51226
0.46074
0.93251
0.26706
0.98315
0.44364
0.56211
0.23444
0.41552
0.43757
-0.07346
0.70847
0.51754
0.75315
0.41117
0.44249
0.33466
0.63106
0.24554
0.40442
0.67236
0.35644
0.21892
0.26051
0.33226
0.16870
0.67362
0.14618
0.53625
0.88820
0.84595
0.41417
0.48211
0.65401
0.52282
0.51789
0.51850
0.65966
0.88568
0.43710
0.40853
0.71700
0.76599
0.39892
0.23649
0.51952
0.75488
0.73855
0.46155
-0.02438
0.57674
0.40437
0.88346
0.61536
0.38548
1.04258
0.41455
0.44200
0.51642
0.54156
0.53252
0.99626
0.61042
0.18912
0.20577
0.13811
-0.02215
0.82716
0.48539
0.28179
0.52229
0.21037
0.34413
0.72068
0.34027
0.72710
0.42351
0.34789
0.76055
0.73947
1.07084
0.52305
0.43110
0.58209
0.97249
0.63454
0.67925
0.19429
0.16913
0.63997
0.90108
0.67802
0.67243
0.27465
0.26502
0.44611
0.63375
0.05074
1.06118
1.12662
0.61476
0.91937
0.55707
0.70659
1.02774
0.98662
0.63989
0.47090
0.40799
0.46650
0.54127
0.50258
0.60288
0.55146
0.59949
0.69774
0.27368
0.66677
0.88174
0.44051
0.24641
0.27096
0.51871
0.63467
0.34841
0.28298
0.40700
0.66547
0.65393
0.92405
0.88632
0.43605
0.15211
0.57449
0.50834
0.06103
0.25248
0.29842
0.37657
0.48667
0.19272
0.89052
1.05970
0.68819
0.36119
0.76138
0.52172
0.84492
0.77598
0.33271
0.31364
0.70138
0.46091
0.56747
0.18982
0.70113
0.40444
0.32237
0.37121
0.22283
0.22393
0.53515
0.45687
0.61943
0.26813
0.43940
0.88435
0.28048
0.65396
0.57234
0.83944
0.78188
0.61205
0.61110
0.46027
0.26504
0.51841
0.67543
0.20760
0.70931
0.92458
0.19704
1.06280
0.57667
0.38218
0.33285
0.66240
0.35301
0.16678
0.57894
0.20851
0.56063
0.55913
0.92474
0.44564
0.55157
0.75362
0.49618
0.40048
0.39499
0.48330
0.42559
0.35074
0.91018
0.87275
0.51028
0.83566
1.04631
0.98320
0.22313
0.49655
0.56766
0.49050
0.45721
0.58318
0.49038
0.63367
0.85554
0.10175
0.83055
0.98015
0.40687
0.47187
0.56319
0.22479
0.71343
0.79173
0.08673
0.81158
0.40871
0.78736
0.62771
0.44982
0.20211
0.57896
0.52538
0.00118
0.73104
0.59716
0.56842
0.46308
0.74390
0.09054
1.09430
0.95500
0.52325
0.59179
0.32149
0.06932
0.75489
0.54166
0.28548
0.17489
0.31906
0.79981
0.50039
0.54117
0.46262
0.79588
0.55500
0.34216
0.61577
0.95821
0.16454
0.29071
0.54449
0.39394
0.40712
0.45061
0.41528
0.62060
0.05151
0.38186
0.91285
0.60232
0.50177
0.45908
0.43363
0.32385
0.40622
0.46386
0.16542
0.74801
0.59399
0.92488
0.69739
0.44053
0.32870
0.31619
0.53837
0.61226
0.49630
0.51339
0.55457
0.51559
0.70569
0.37725
0.81103
0.68673
0.43807
0.47443
0.29856
0.54700
0.72769
0.62869
0.51018
0.15756
0.77271
0.30972
0.41454
0.29862
0.47239
0.36918
0.36973
0.98509
0.26396
0.44975
0.72569
0.46492
0.53812
0.58943
0.30014
0.09436
0.22542
0.31993
0.49402
0.83192
0.94404
0.54374
0.21587
0.18480
0.98974
0.42423
0.63608
0.91357
0.18078
0.24217
0.47750
0.54259
0.20397
0.42182
0.40654
0.36845
0.48562
0.42534
0.87850
0.63003
0.45201
0.70369
0.34231
0.57799
0.11088
0.83735
0.28234
0.39941
0.51442
0.30695
0.50766
0.65716
0.46136
0.33918
0.63640
0.25074
0.46798
0.11327
0.33500
0.76698
0.25515
0.50430
0.69893
1.14982
0.48754
0.48912
0.31975
0.44274
0.38280
0.51644
0.19184
0.13696
0.88405
0.40283
0.15672
1.01406
0.81992
0.53288
0.35439
0.52416
0.44240
0.93883
-0.01012
0.50375
0.08382
0.98402
0.30055
0.87193
0.23391
0.40686
0.62391
0.71163
0.82060
0.24579
0.60088
0.59181
0.36452
0.58544
0.76533
0.44592
0.53058
0.84324
0.79988
0.33240
0.45147
0.35378
0.53652
0.31811
0.66280
0.57412
0.99557
0.29980
0.29083
0.54157
0.82577
0.16755
0.65580
0.86577
0.43018
0.36760
0.36319
0.69550
0.48245
1.00313
0.01142
0.87204
0.81424
0.43593
0.43148
0.61083
0.88807
0.41818
0.40812
0.31281
0.75780
0.44903
0.26193
0.43277
0.73699
0.51091
0.47365
0.57251
0.76826
0.51994
0.81688
0.28372
0.17655
0.31341
0.14516
0.64932
0.76297
0.25386
0.35561
0.26418
0.60720
0.48529
0.62126
0.18969
0.96982
0.85364
0.92356
0.29054
0.72240
0.55892
0.62983
0.54605
0.33367
0.62656
0.95326
0.82452
0.44808
0.99121
0.25105
0.45313
0.30936
0.27488
0.64657
0.30703
1.01862
0.36215
0.35247
0.37571
0.55837
0.52382
0.37664
0.03240
0.37828
1.16265
0.54163
0.21143
0.51836
0.78587
0.53259
0.40723
0.46743
1.03648
0.15920
0.38889
0.21963
0.36341
0.40159
0.44580
0.29984
1.00031
0.79732
0.41778
0.59747
0.24616
0.26002
0.52098
0.15044
0.45242
0.26695
1.08315
0.50901
0.33132
0.54905
0.49132
0.25874
0.61643
0.58667
0.41126
0.97598
0.55900
0.51490
0.89003
0.73288
0.69221
0.44181
0.73598
0.45755
0.44072
0.41504
0.23880
0.42206
0.18099
0.57648
0.57276
0.33937
0.44689
0.87528
0.88565
0.86981
0.84146
0.82663
0.55824
0.41582
0.48055
0.21563
0.38989
0.55958
0.70528
0.74598
0.83678
0.65466
0.14052
0.52695
0.45308
0.25785
0.52793
0.34317
0.59461
0.23377
0.81122
0.63879
0.38740
0.94027
0.59284
0.71114
0.75884
0.82261
0.25335
0.43800
0.47122
0.83861
0.73231
0.53726
1.04038
0.49563
0.77451
0.43135
0.17729
0.40361
0.41404
0.86686
0.55475
0.80196
0.96178
0.42146
0.35872
0.65582
0.26029
0.90058
0.35203
0.21566
0.34647
0.43523
0.38689
0.89386
0.47791
0.77127
0.85064
0.41469
0.48874
0.21086
0.06769
0.68369
0.52889
0.70201
0.59304
0.08864
0.12729
0.93267
0.38499
0.42800
0.49711
0.49949
0.48899
0.53233
0.39947
0.67535
0.72074
0.38544
0.24081
0.61697
0.59257
0.45971
0.83145
0.80726
0.60647
0.61774
0.17267
0.53051
0.74352
0.98558
0.65127
0.43974
0.59949
0.67482
0.79126
0.33299
0.35921
0.70423
0.51087
0.57332
0.30171
0.37027
0.28191
0.30226
-0.11393
0.85872
0.24960
0.30627
0.60342
0.34057
0.31440
0.34686
0.31115
0.21372
0.54464
0.65392
0.84859
0.40823
0.41671
0.03492
0.22020
0.39785
0.00086
0.35362
0.48989
0.09282
0.83954
0.56694
0.44784
0.09904
0.39687
0.86646
0.40739
0.52722
0.57176
0.17369
0.87497
0.62763
0.17610
0.42545
0.35250
0.78052
0.48065
0.41964
0.79675
0.22381
0.41818
0.43792
0.45388
0.18497
0.70283
0.60215
0.51910
0.48626
0.34397
0.72117
0.50831
0.73293
0.70540
0.39293
0.18338
0.61528
0.67383
0.55009
0.75112
0.56874
0.27269
0.45938
0.54192
0.34556
0.81838
0.40951
0.08754
0.60591
0.58080
0.88180
0.39333
0.67793
0.58334
0.62787
0.42208
0.62530
0.92256
0.65526
0.44349
0.62092
0.72189
-0.01181
0.24726
0.37969
0.18920
0.22804
0.47865
0.63572
0.32473
0.86286
0.36008
0.46918
0.38729
0.45890
0.57332
0.48555
0.42211
0.90966
0.42313
0.53231
0.44021
0.22293
0.61624
0.68917
0.80859
0.40310
0.23794
0.12368
0.85963
0.79985
0.98747
0.25253
0.49016
0.46475
0.47404
0.10122
0.75075
0.76614
0.65787
0.06404
0.67622
0.46474
0.80257
0.87336
0.38859
0.38789
0.92249
0.87649
0.21670
0.25722
0.75412
0.36344
0.29171
0.34249
0.43725
0.46944
0.38027
0.67084
0.22546
0.40592
0.83486
0.61633
0.98365
0.68454
0.46301
0.52775
0.51393
0.54930
0.10237
0.03469
0.77194
1.16197
0.53498
0.56000
0.32006
0.08294
1.02021
0.83937
0.43400
0.40704
0.28495
0.96792
0.44185
0.50194
0.24673
0.63053
0.50682
0.78322
0.59348
0.05634
0.77110
0.84410
0.62805
0.91887
0.26705
0.18376
0.22046
1.04698
0.61526
0.23870
0.46879
0.41074
0.51018
0.84960
0.56438
0.73574
0.40438
0.24773
0.19328
0.84944
1.12616
0.52288
0.84751
0.11799
0.49555
0.56743
0.08936
0.52172
0.90047
0.52558
0.72042
1.03578
0.29071
0.22912
0.31125
0.58175
0.64171
0.49792
0.17476
0.64435
1.08595
0.89881
0.49006
0.46873
0.26568
0.42045
0.58684
0.57930
0.26205
1.02295
0.95765
0.44556
0.47915
0.55229
0.41658
0.55736
0.43491
0.55810
0.68634
0.65721
1.00534
0.93705
0.58574
0.41721
0.55557
0.80104
0.59324
0.69564
0.83920
0.63836
0.26165
0.31407
0.34412
0.51345
0.16423
0.53705
0.33385
0.66778
0.47246
0.48901
0.50188
0.43556
0.89424
0.52728
0.22182
0.38306
0.04273
0.96736
0.52100
0.27662
0.14938
0.37923
0.20360
0.84420
0.30770
0.32051
0.65207
0.42596
0.12023
-0.02004
0.20356
0.58507
0.50632
0.88687
0.92165
0.98999
0.45589
-0.14834
0.75723
0.47333
0.55012
0.22215
0.33515
0.20616
0.13786
0.69584
0.88735
0.45667
0.38622
0.34133
0.97727
0.64960
0.71645
0.68195
0.45113
0.77788
0.36283
0.40298
0.92516
0.62962
0.64578
0.88902
0.63077
0.56601
0.96677
0.84904
0.76785
0.98999
0.33814
0.79560
0.42269
0.14503
0.71251
0.45671
0.54685
0.75001
0.20321
0.30373
0.91197
0.30098
0.85104
0.27687
0.22204
0.43531
0.72520
0.71346
0.21994
0.63592
1.00930
0.58119
0.36026
0.93709
0.17482
0.35404
0.63177
0.59598
0.92653
0.62919
0.33785
0.88874
0.73302
0.96908
0.34688
0.40118
0.71763
0.94460
0.76505
0.00008
0.29281
0.91832
0.44494
1.03691
0.46969
0.87670
0.52506
0.53139
0.12872
0.35001
0.38002
0.45688
0.68627
0.43753
0.35212
0.32167
0.47730
0.54556
0.75057
0.75725
0.50361
0.34854
0.67453
0.57862
0.31533
0.15224
0.41592
0.50038
0.56147
0.48464
0.71896
0.71880
0.77266
0.52645
0.70703
0.44789
0.09951
0.96951
0.45208
0.23824
0.33138
0.66335
0.27078
0.84619
0.39097
0.70853
0.15186
1.02647
0.68892
0.35944
0.86521
0.28210
0.53412
0.73738
0.66239
0.37299
0.80474
0.48321
0.29966
0.52227
0.95279
0.26754
0.22045
0.46564
1.04779
1.02826
0.61597
0.45308
0.90448
0.82820
0.31182
0.44784
0.52690
0.35761
0.40601
0.48411
0.89420
0.86761
1.03295
0.71746
0.30710
0.81696
0.74771
0.84055
0.63944
1.00139
0.55223
0.40255
0.37770
0.74847
0.28418
0.62405
0.97329
0.39627
0.54348
0.44754
0.19176
0.45650
0.11858
0.67989
0.29880
0.67527
0.56878
0.52771
0.32426
0.48375
0.58716
0.28628
0.16050
0.42576
0.32804
0.56277
0.57941
0.94900
0.04277
0.31250
0.19014
0.63719
0.93664
0.16603
0.95161
0.96742
0.69167
0.14877
0.37431
0.63821
0.25568
0.48174
0.66896
0.99606
0.42588
0.18144
0.94609
0.54174
0.64208
0.48696
0.59900
0.22109
0.43645
0.54258
0.40777
0.31786
0.33293
0.20724
0.15504
0.65022
0.34142
0.44566
0.71748
0.06116
0.47450
0.84994
0.46063
0.30108
0.95737
0.56011
0.60853
0.73777
0.77817
0.84173
0.25575
0.98370
0.83001
0.46941
0.62039
0.17612
0.12186
1.00910
0.25257
0.91418
0.64123
0.46023
0.34385
1.01869
0.76358
0.18178
0.36437
0.93233
0.89181
0.54417
0.52201
0.50887
0.56374
0.28917
0.87669
0.76511
0.10976
0.05985
0.97276
0.96044
0.14626
0.17901
-0.01142
0.40791
0.77467
0.53826
0.78395
0.67936
0.60183
0.67313
0.40891
0.43121
0.14820
0.02057
0.64348
0.26281
-0.03593
0.65261
0.84412
0.38617
0.83233
0.12964
0.70833
0.03708
0.64958
0.30361
0.11269
0.27637
0.47972
0.86977
0.16017
0.62494
0.19802
0.21021
0.38276
0.76887
0.94545
0.29019
0.85524
0.39568
0.55822
0.20681
0.17150
0.33140
0.69670
0.69652
0.53309
0.94782
-0.02255
0.33555
0.58763
0.33381
0.40302
0.54572
0.69449
0.26718
0.40299
0.34088
0.57875
0.51342
-0.07309
0.94991
0.61991
0.42028
0.42872
0.18049
0.26338
0.38567
0.45357
0.55829
0.50371
1.01260
0.71734
0.87068
0.73317
0.40684
0.50440
0.61289
0.32100
0.62877
0.52189
0.54284
0.93558
0.40721
0.86224
0.61563
0.39012
0.25768
0.31005
0.37264
0.58747
0.29103
0.31319
0.30952
0.39228
0.52701
0.46723
0.48329
0.61544
0.37363
0.38313
0.40031
0.28807
0.66652
0.90845
0.65352
0.59243
0.46299
0.03326
0.55941
0.70412
0.38327
0.37937
0.54001
0.72320
0.34271
0.56806
0.24158
0.62442
0.56826
0.98372
0.44314
0.95690
0.48013
0.69507
0.25484
1.04387
0.41929
0.75392
0.22641
0.46427
0.66348
0.93667
0.31461
0.77260
0.58124
0.48830
0.40269
0.17263
0.34015
0.59189
0.89131
0.26237
1.05547
0.00281
0.45878
0.86335
0.52315
0.53549
0.31936
0.23805
0.87179
0.61695
0.06546
0.98450
0.90579
0.16889
1.11438
0.07878
0.62626
0.88649
0.55498
0.98525
0.43406
0.39516
0.85170
0.78607
0.37465
0.22731
0.52072
0.49927
0.54420
0.74014
0.51758
0.37271
0.61422
0.08682
0.41309
0.77861
0.58068
0.67394
0.67068
0.44885
0.63432
0.16860
0.65455
0.46659
0.44162
0.57283
0.45185
0.59426
0.48381
0.31388
0.68247
0.40489
0.60526
0.38463
0.64435
0.41944
0.27314
0.86511
0.65296
0.64006
0.54062
0.79999
0.39298
0.56126
0.87200
0.56085
0.05366
0.34013
0.55601
1.12525
0.42696
0.57710
0.66515
0.47266
0.19490
0.29214
0.15402
0.19197
0.52032
0.53531
0.51276
0.53106
0.44723
1.07321
0.59616
0.41260
0.38620
0.12931
0.55833
0.69977
0.57157
0.68437
0.39477
0.75643
0.83242
0.33193
0.51008
0.58498
0.62355
0.64355
0.94145
0.63683
0.66136
0.42960
0.65475
0.49907
0.50090
0.99778
0.63580
0.64450
1.00111
0.36270
0.93727
0.61384
0.28148
0.89456
0.61445
0.61567
0.37223
0.34879
0.08290
0.53284
0.58588
0.66676
0.15651
0.65420
0.47144
0.56320
0.55562
0.19029
0.57518
0.49629
0.92622
1.06008
0.95193
0.45090
0.31386
0.69165
0.56460
0.50480
0.48034
0.40210
0.36630
0.40897
0.49100
0.72989
0.29006
0.88431
0.62750
0.26602
0.67205
0.85127
0.26138
0.31857
0.58702
1.14097
0.27067
0.35331
0.41354
0.71093
0.70333
0.19345
-0.02078
0.84514
0.55752
0.85247
0.28992
0.37997
0.51472
0.24576
0.70544
0.43959
0.35150
0.52463
0.54192
0.54856
0.60260
0.57300
0.83486
0.94816
0.43308
0.71224
0.20782
0.09106
0.78549
0.37787
0.40715
0.19951
0.20440
0.48341
0.58633
0.36168
0.98214
0.51851
0.50184
0.26193
0.23108
0.97262
0.20316
0.71197
0.61669
0.74353
0.67135
0.49911
0.73668
0.96727
0.60455
0.20660
0.40992
0.61775
0.59305
0.50884
0.37763
0.10510
0.94052
0.80604
0.89359
0.33429
0.43657
0.79723
0.08766
0.79961
0.87180
0.42668
0.49552
0.33002
0.40779
0.92372
0.63869
0.82379
0.57443
0.60094
0.16321
0.57417
0.47724
0.86164
0.58317
0.78096
0.40786
0.68443
0.86314
0.86651
0.89972
0.43593
0.55915
0.55755
0.79286
0.47658
0.28111
1.00453
0.50604
0.34958
0.48069
0.94509
0.91252
0.46121
0.32609
0.63158
0.91994
0.45240
0.97385
0.82506
0.51688
0.74813
0.47547
0.39339
0.03097
0.26193
0.56322
0.29065
1.07319
1.12234
0.23428
0.62813
0.85355
0.35809
0.23724
0.11729
0.28487
0.93365
0.35516
0.75034
0.03309
0.09655
0.56944
0.63787
0.23910
0.14151
0.74029
1.06663
0.70439
0.48148
0.37142
0.33771
0.26252
0.62870
0.47820
0.86081
0.36464
0.43682
0.24361
0.37038
0.95977
0.79402
0.60741
0.52862
0.82405
0.62731
0.35880
0.33821
0.49044
0.84018
0.47289
0.34811
0.95317
0.91338
0.88718
0.63087
0.27791
0.46801
0.35826
0.71049
0.26541
0.32063
0.18593
0.15136
0.60986
1.06574
1.07764
0.21038
0.42220
0.58259
0.14578
0.30053
0.24498
0.34941
0.57684
0.10643
0.96266
0.59448
0.31336
0.67969
0.44871
0.43251
0.41746
0.19294
0.50481
0.09050
0.29138
0.52398
0.56554
0.17437
0.06984
0.70097
0.99117
0.82692
0.31761
0.69290
0.79771
0.55104
0.53624
0.51971
0.61934
0.84152
0.19587
0.26153
0.35879
1.04310
0.25133
0.54783
0.29464
0.65009
0.69064
0.59934
0.88709
0.29237
0.51894
0.07144
0.24505
0.50935
0.38061
0.35107
0.73969
0.18868
0.24172
0.33307
0.34275
0.52622
0.57171
0.21790
0.24385
0.46555
0.65460
0.33655
0.34996
0.02589
0.63303
0.38913
0.39915
1.03003
0.60427
0.33383
0.71954
0.24345
0.40028
0.44420
0.35701
0.80386
0.17456
0.30920
0.13458
0.81071
0.32185
0.79487
0.24154
0.66759
0.84630
0.56776
0.25690
0.78024
0.72508
0.58541
0.57309
0.74601
1.02203
0.97047
0.85009
0.52616
0.59175
0.66471
0.46637
0.78709
0.45268
0.08194
0.21436
-0.02880
0.60869
0.67325
0.92265
0.29264
0.66471
0.39677
0.23539
0.35489
0.17699
0.69179
0.52267
0.32363
0.67903
0.59317
0.54792
0.82983
0.57019
0.33714
1.08884
0.15599
0.89709
0.62951
0.40513
0.43322
0.47730
0.09526
0.61369
0.39574
0.66117
0.55861
0.06276
0.38403
0.98370
0.91131
0.76848
0.36891
0.92230
0.29518
0.27152
0.34523
0.53089
0.87505
0.46616
0.87110
0.38832
0.73840
0.42071
0.68931
0.52492
0.35357
0.27928
0.41517
0.13231
0.81275
0.88892
0.80205
0.57196
0.71632
0.88725
0.51107
0.82003
0.20694
0.63987
1.15033
1.04806
0.36863
0.68025
0.24898
0.39433
0.51905
0.12333
0.55252
0.38918
0.39529
0.21512
0.55691
0.57727
0.46569
0.63484
0.60553
0.28150
0.38448
0.32204
0.51913
0.27107
0.67448
0.12444
0.72401
0.28627
0.41580
0.49029
0.53970
0.29086
0.81087
0.18753
0.28330
0.93494
0.57005
0.42130
0.30877
0.06030
0.36099
0.52653
0.47585
0.81431
0.83866
0.68580
-0.01863
0.47353
1.01184
0.07578
0.52597
0.26868
0.74393
0.77029
0.49981
0.54988
0.21185
0.53147
0.13071
0.50606
0.67085
0.60355
1.06154
0.66105
0.35018
0.02558
1.01901
0.39737
0.62817
0.52021
0.48876
0.34100
0.11439
-0.03599
0.38303
0.42240
0.63344
0.00500
0.34600
0.52266
0.42201
0.18912
0.44235
0.92618
0.74926
0.62884
0.45764
0.87315
0.37165
0.44430
0.33128
0.75685
0.79888
0.53957
0.93626
0.78903
1.01933
0.01603
0.56540
1.01369
0.42618
0.26860
0.28373
0.90340
0.98333
0.62092
0.62010
0.52412
0.44512
0.83541
0.86564
0.23480
0.82220
0.42881
0.91785
0.21595
0.63295
0.92649
0.89384
0.64369
0.83763
0.57549
0.29068
0.48022
0.87127
0.57218
0.36588
0.59381
0.90749
0.23592
0.47390
0.54032
0.73999
0.78369
0.42028
0.15267
0.44129
0.83536
0.40240
0.42752
0.82947
1.10786
0.77453
0.46970
0.57392
0.39549
0.30535
0.44764
0.90102
0.47064
0.61949
0.69268
0.85020
0.31434
0.02612
0.43477
0.14832
0.38348
0.90016
1.02645
1.00763
0.33162
0.04944
0.23378
0.63270
0.66356
0.52628
0.52303
0.58856
0.14769
0.46405
0.40767
0.42327
0.35900
0.38001
0.36007
0.97975
0.62386
0.20246
0.56482
0.33536
0.55357
0.83340
0.46601
0.47173
0.90100
0.41133
0.97013
0.69370
0.54785
0.54355
0.73120
0.58712
0.22563
0.26754
0.04740
0.18650
0.28715
0.26736
0.82693
0.37574
0.70282
0.98610
0.10172
0.35033
0.78521
0.37253
0.87831
0.45894
0.30652
0.33781
0.07049
0.03725
0.45701
0.07687
0.45335
0.41325
-0.04000
0.85183
0.49626
0.89700
0.75807
1.06803
0.14982
0.46478
0.22486
0.47022
0.51986
0.09432
0.65879
0.22736
0.24898
0.35692
0.67817
0.83769
0.62131
0.52095
0.70087
0.50925
0.46714
0.97421
0.24716
0.91853
0.22215
0.61795
0.21888
0.53354
0.19349
0.36692
0.87564
1.00308
0.91631
0.61912
0.34593
0.12930
0.66529
0.46147
0.93206
0.39079
0.48946
0.53150
0.94834
0.21310
0.37989
0.28783
0.35506
0.33817
0.15842
0.44094
0.78718
0.39851
0.46805
0.42044
0.89893
0.62376
0.15248
0.65582
0.33395
0.46861
0.40178
0.35636
0.47572
0.45128
0.32600
0.42596
0.50251
0.58745
0.41772
0.52093
0.71095
0.37359
0.49060
0.58479
1.04079
0.49621
0.24259
0.34573
0.19225
0.96980
0.20274
0.27956
0.80554
0.54022
0.66121
0.69248
0.96285
0.84135
0.80407
0.16116
0.33216
0.20027
0.26682
0.53875
0.89300
0.49626
0.54056
0.71159
0.42246
0.45210
0.11164
0.53878
0.40537
0.48016
0.19342
0.22305
0.94455
0.61486
0.62079
0.67553
0.85093
0.57424
0.68705
0.43564
0.53861
0.24534
0.25692
0.26591
0.57989
0.15063
0.33116
1.08060
0.94662
0.30420
0.62981
0.54634
0.25071
0.63595
0.13911
0.38117
0.33265
0.25808
0.25602
0.34560
0.20123
0.55604
0.38048
1.05309
0.60616
0.96382
0.50055
0.45294
0.35364
0.35378
1.04914
0.81155
0.52589
0.58276
0.83177
0.64058
0.87147
0.76441
0.50904
1.04166
0.45254
0.67770
0.84946
0.72086
0.37323
0.59830
0.53228
0.45463
0.55350
0.59552
0.50761
0.20776
0.50338
0.35425
0.11502
0.19578
0.76833
0.41716
0.66624
0.41017
0.22511
0.21054
0.84117
0.61881
0.15430
0.77764
0.29579
0.61363
0.67907
0.54546
0.90221
0.86656
0.73900
0.07494
0.51665
0.46213
0.23921
1.03492
0.69852
0.52979
0.50266
0.61241
1.03573
0.60008
0.75595
0.26811
0.26398
0.10498
0.37593
0.81851
0.94671
0.41765
0.14847
0.89799
0.44795
0.81449
0.41066
1.00220
0.94400
0.71301
0.60368
0.96784
0.72508
0.43766
0.87533
0.89307
0.97553
0.12269
0.66098
0.83976
0.40888
0.71187
0.38382
0.68042
0.56341
0.09723
0.48305
0.42288
0.40634
0.38195
0.99353
0.19197
0.52152
0.78559
0.23985
0.59097
0.54478
0.68409
0.54533
0.93991
0.27809
0.38214
0.30161
0.29359
0.75881
0.82604
0.89633
0.80353
0.32333
0.81287
0.41829
0.66914
0.58729
0.35812
0.01337
0.27163
0.40492
0.32223
0.77038
0.80833
0.33438
0.41214
0.80200
0.58932
0.42766
0.45871
0.62040
0.56933
-0.02605
0.50768
0.68210
0.68675
0.13619
0.00746
0.45895
0.39895
0.22725
0.33776
0.58335
0.33433
0.52063
0.42065
0.91844
0.57134
0.42105
0.47372
0.96900
0.15242
0.98973
0.97068
0.68657
0.78981
0.44128
0.39975
0.53756
0.60692
-0.03630
0.72992
0.42469
1.03023
0.49874
0.34612
0.39307
0.22045
0.53572
0.43480
0.21857
0.40946
0.44552
0.30695
0.13436
0.98010
0.39040
0.54028
0.19386
0.09836
1.15760
0.20960
0.45282
-0.08140
0.60970
0.26696
0.65637
0.21452
0.23044
0.27445
0.59464
0.51706
0.77705
0.56359
0.86853
0.56186
0.17716
0.43476
0.63421
0.33775
0.84871
0.46314
0.80292
1.02482
0.41634
0.83832
0.78959
0.23665
0.23613
0.88733
0.63380
1.08513
0.89133
0.04601
0.87699
0.21485
0.85482
0.49954
0.28206
0.82138
0.68867
0.24138
0.35825
0.38745
0.90135
0.11472
0.50226
0.84739
0.08573
0.33433
0.23878
0.15188
0.95599
0.50419
1.07958
0.61189
0.60285
0.35253
0.35688
0.79654
0.92541
0.58417
0.91288
0.47647
0.09302
0.33828
0.36994
0.16505
0.81589
0.13262
0.39265
0.49079
0.55938
0.94216
0.62152
-0.07203
0.33871
1.00109
1.01155
0.14077
0.23931
0.08992
0.32220
0.96254
0.59326
0.23621
0.92998
0.29055
0.51944
0.43787
0.47499
0.43833
0.38147
0.76685
0.53699
1.04146
0.44893
0.48244
0.67905
0.42813
0.54595
0.12696
0.10117
0.44414
0.63583
0.84970
0.56532
0.49226
0.92707
0.77574
0.68521
0.86458
1.03046
0.69603
0.59265
0.77782
0.25917
0.89318
0.86007
0.17323
0.52801
0.24410
0.58826
0.43821
0.75513
0.98402
0.53952
0.73844
0.41324
0.37848
0.40933
0.81811
0.37640
0.40450
0.65880
0.38872
0.60131
0.16361
0.56163
0.29017
0.40507
0.39563
0.67416
0.51882
0.57177
0.37973
0.33532
0.17413
0.53325
0.56380
0.87939
0.64718
0.50551
0.45392
0.78778
0.35175
0.97552
0.73654
0.59931
0.27470
0.94349
0.28932
0.87827
0.82720
0.76109
0.65111
0.63541
0.43668
0.09263
0.17826
0.51926
0.84477
0.85239
0.59698
0.10870
0.28721
0.50243
0.69774
0.68636
0.41441
0.65648
0.44145
0.41591
0.29818
0.74850
0.39521
0.48452
0.88493
0.40258
0.23687
0.47643
0.83952
0.89751
0.86531
0.72808
0.69056
0.54350
0.39361
0.76556
0.48196
0.34552
0.34069
0.56243
0.54371
0.63991
1.16927
0.88221
0.27911
0.50010
0.56260
0.95434
0.70326
0.36125
0.54462
0.35998
0.45434
0.36798
0.37155
0.58526
0.61906
0.42393
0.10330
0.46924
0.79532
0.61103
0.32497
0.70852
0.56229
0.37434
0.78547
0.34498
0.35965
0.34974
0.35229
0.37123
0.57731
0.70696
0.34555
0.60299
0.45892
0.85710
0.67054
0.89056
0.20479
0.81220
1.12482
0.66359
0.54679
0.94826
0.32030
0.67348
0.44892
0.97186
0.95600
-0.11407
-0.07900
0.53152
0.60083
0.27925
0.47650
0.60327
0.48779
0.43246
0.77621
0.39780
0.65321
0.52950
0.61853
0.35712
0.27357
0.32618
0.83147
0.48951
0.46886
0.29595
0.41762
0.34213
0.42897
1.01377
0.16523
0.53860
0.31536
0.60967
0.51757
0.64930
0.63154
0.30966
0.27596
0.97580
0.91938
1.12985
1.03582
0.68585
0.82163
0.38818
0.38541
0.47261
0.11282
0.60214
0.25053
0.73278
0.59928
0.33338
0.67866
0.22182
0.43483
0.43489
0.92670
0.93439
0.39329
0.28393
0.41498
0.78144
0.99717
0.57652
0.61392
0.39046
0.57485
0.61410
0.75003
0.70217
0.17775
0.24611
0.46590
0.48905
0.29846
0.37835
0.75070
0.45574
0.26309
0.46729
0.23857
0.91795
0.69542
0.40020
0.16012
0.27948
0.65416
0.53888
0.21239
0.56918
0.02006
0.31312
0.90684
0.82159
0.26162
0.29132
0.21663
0.38291
0.64135
0.42929
0.73196
0.52535
0.45857
0.64314
0.54031
0.49072
0.88458
0.09862
0.51997
0.51494
0.78873
0.71239
0.56262
0.49562
0.08083
0.15597
0.64431
0.38702
0.61055
0.71648
0.92597
0.22721
0.49171
0.32563
0.12670
0.56674
0.58054
0.59633
0.23497
0.48008
0.63304
0.67319
0.49156
0.88635
0.30799
0.48280
0.38808
-0.03138
0.23119
0.56804
0.69540
0.28215
0.22012
0.57327
0.71736
0.40894
0.48506
0.53673
0.74851
0.30670
1.02044
0.49859
0.49561
0.89029
0.74658
0.89169
0.50234
0.76753
0.48600
0.46907
0.32459
0.56991
0.63098
0.61724
0.29034
0.21185
0.62820
0.38486
0.43388
0.26411
0.51603
0.94756
0.27497
0.89932
0.19948
0.28369
0.18843
0.40998
0.31009
0.23067
0.56824
0.63552
0.54831
0.57397
0.42307
0.55135
0.55386
0.26335
0.65711
0.37909
0.72095
0.32364
0.90698
0.49334
0.23215
0.52910
0.46171
-0.01682
0.46534
0.65944
0.23508
0.15558
1.01306
0.38775
0.19443
0.94185
0.06059
0.39623
0.49799
0.45494
0.72565
0.37260
0.60304
0.74202
0.93305
0.51027
0.51485
0.46498
0.68685
0.49857
0.79529
0.59727
0.46156
0.95209
0.91096
0.49084
0.30078
0.07024
0.79156
0.60354
0.80045
0.96537
0.47696
0.63770
0.42512
0.31168
0.51458
0.63587
0.95730
0.79860
0.65594
0.32129
0.02470
0.59728
0.84324
0.31503
0.37679
1.06323
0.08643
0.87525
0.28542
0.24791
0.32065
0.69512
0.84569
0.52325
0.42948
0.91487
0.64409
0.95746
0.46065
0.55171
0.54208
1.10788
0.71905
0.47536
0.31539
0.39559
0.74151
0.67998
0.18517
0.68582
0.02012
0.51204
1.00474
0.13854
0.46198
0.04948
0.59411
0.50745
0.75125
-0.01435
0.57977
0.31192
0.60328
0.42988
0.27387
0.47324
0.64728
0.19962
1.00368
0.22299
0.40188
0.43844
0.31395
0.36937
0.43424
0.37481
0.33079
0.35574
0.28184
0.06277
0.23176
0.93722
0.49366
1.01181
0.31815
0.97206
0.42693
0.73822
0.90038
0.46884
0.30340
0.32513
0.10538
0.88829
0.78228
0.47520
0.44899
0.06255
0.73100
0.15166
0.34345
0.38223
0.36308
0.73888
0.30536
0.60760
0.55170
0.68094
0.54946
0.42162
0.56676
0.48353
0.44300
0.63122
0.55940
0.38955
0.90756
0.27217
0.76758
0.11079
0.83648
0.40474
0.53181
0.87866
0.18141
0.54059
0.34657
0.33811
0.63675
0.70513
0.46132
0.37465
0.47123
0.48367
0.65954
0.51219
0.38251
0.88329
0.61427
0.53689
0.69945
0.68461
0.42819
0.59200
1.08030
0.46341
0.26079
0.28966
0.37552
0.35237
0.49875
0.58059
0.16699
0.74992
0.80034
0.46060
0.45142
0.53809
0.32850
0.86320
0.27235
0.41614
0.40132
1.14467
0.58356
0.44131
0.42185
0.79536
0.25600
0.86743
0.99406
0.49165
0.36747
0.66499
0.48583
0.80361
0.39507
0.55967
0.67512
0.33108
0.36690
0.81177
0.14314
0.25219
0.64933
0.93363
0.28018
0.48615
0.38435
0.91564
0.06318
0.25309
1.01223
0.52120
0.94669
0.65215
0.78546
0.63835
0.71431
0.34433
0.46674
0.44563
0.49815
0.62154
0.99530
0.56979
0.97904
0.44933
0.44530
0.98680
0.21561
0.59938
0.32507
0.47941
0.26019
-0.11590
0.71495
0.49657
0.83503
0.62772
0.26031
0.30926
0.52679
0.68773
0.91986
0.79820
0.44032
0.87815
0.64600
0.85074
0.15557
0.54856
0.10061
0.62824
1.03067
0.27111
0.47569
0.68617
0.30743
0.59840
0.68797
0.70814
0.66752
0.35091
0.09894
0.34213
0.57695
0.15109
0.26964
0.83649
1.02991
0.73900
0.33857
0.68917
0.43307
0.16402
0.57504
0.47263
1.07783
0.79056
0.47110
0.83173
0.40878
0.74468
0.58479
0.54235
0.93023
0.22600
0.62328
0.39296
0.75534
0.73815
0.75243
0.07736
0.25973
0.37669
0.79431
0.68395
0.34643
0.36213
0.44611
1.00592
0.23168
0.58802
0.68358
0.75423
0.37367
0.13202
0.78784
0.77741
0.41204
0.42817
0.56258
0.79589
0.43506
0.00064
0.92139
0.36145
0.25340
0.62290
0.09423
0.35968
0.63249
0.67020
0.37887
0.19894
0.50160
0.52651
0.95692
0.25227
0.29290
0.65233
0.48378
1.05129
0.50066
0.50229
0.23035
0.45540
0.14973
1.02897
0.52487
0.28781
0.37697
0.28808
0.90182
0.53388
0.35133
0.23591
0.84455
0.26795
0.62741
0.40437
0.43723
0.26798
0.75141
0.04621
0.42189
0.27087
0.53109
0.15371
0.98540
0.89621
-0.06492
0.52754
0.36509
0.76264
0.94228
0.26921
0.45983
1.19160
0.52703
0.41623
0.15468
0.42193
0.25093
0.65207
0.37294
0.63641
0.44071
0.53874
0.18647
0.05854
0.67160
0.99843
0.79261
0.89902
0.85796
0.41201
0.58514
0.67378
0.84510
0.50696
0.36929
0.43995
0.74611
0.06684
0.58133
0.20338
0.42538
0.59324
1.03958
0.55524
0.57920
0.28469
0.62074
0.39516
0.28555
0.45294
0.01155
0.35401
0.35124
0.59158
0.62644
0.64291
0.49185
0.50291
0.94017
0.47263
0.08164
0.14198
0.40410
0.37490
0.33172
0.31439
0.08215
0.34320
0.84359
0.51235
0.85251
0.91222
0.35273
0.71285
0.49908
0.59605
0.22930
1.01221
0.57139
0.81617
0.67141
0.35926
0.30012
0.93652
0.36189
0.42058
0.27237
1.01884
0.55736
0.50825
1.00419
0.87821
0.47941
0.55559
0.31902
0.34502
0.44561
0.35980
0.44509
0.64838
0.87529
0.96670
0.33154
0.34956
0.63866
0.32903
0.49390
0.85349
0.31854
0.12581
0.53682
0.76117
0.73918
0.43068
0.89746
0.58356
0.68195
0.65294
0.57667
0.43011
0.79181
0.49880
0.31751
0.92909
0.72422
0.37993
0.45252
0.51564
0.68403
1.03387
0.29296
0.11437
0.92927
0.58226
0.02673
0.53636
0.09960
0.78646
0.53666
0.44502
0.93047
0.42770
0.52520
0.95976
0.06923
0.85972
0.17953
0.46939
0.51430
0.99117
0.17558
0.15556
0.75808
0.39200
0.34013
0.42094
0.41386
0.49160
0.31250
0.33209
0.26314
0.78610
0.14969
0.79283
1.08445
0.48191
0.59736
0.46262
0.67183
0.67302
0.77169
0.39725
0.66226
0.37090
0.72049
-0.03800
0.44415
0.29134
0.77060
0.96018
0.21089
0.28441
0.67758
0.41272
0.15956
0.30793
0.99729
0.15981
0.39151
0.27789
0.38824
0.93375
0.19884
0.38058
0.81121
0.37310
0.66517
0.63753
0.11552
0.80696
0.56589
0.48731
0.40539
0.38650
0.52330
0.75298
0.92082
0.95363
0.60008
0.77749
0.95408
0.75133
0.49692
0.73961
0.65171
0.84390
0.30084
0.09286
0.99831
0.56665
0.89831
0.85949
0.44828
0.07860
0.23945
0.66885
1.04564
0.60858
0.35156
0.37062
0.29985
1.09123
0.13776
0.56566
0.35716
0.45316
0.79929
0.52043
0.37222
0.58728
0.36828
0.00419
0.75901
0.28514
0.21947
0.60803
0.60242
0.31486
0.58624
0.93851
0.70630
0.79501
0.33274
0.85944
0.12067
0.40441
0.51151
1.01554
0.88241
0.07250
0.41343
0.40216
0.81034
0.47549
0.59484
1.04089
0.34280
0.38096
0.47957
0.60496
0.47726
0.55060
0.28357
0.42802
0.50789
1.04947
0.47942
0.46360
1.00152
0.36204
0.91404
0.31947
0.45302
0.25335
0.34902
0.43523
0.92335
0.59520
0.15988
0.52994
0.61139
0.49236
0.17804
0.29439
1.05487
0.48475
0.38121
0.41285
0.70764
0.42063
0.99785
0.46317
0.38425
0.49262
0.39072
0.51051
0.63249
0.67870
0.37767
0.40759
0.77851
0.28151
0.44716
0.45596
0.43758
0.44549
0.62460
0.28646
0.14700
0.72681
0.38127
0.60337
0.87396
0.61740
0.98776
0.82543
0.49318
0.52175
0.93936
0.51457
0.11456
0.30351
0.93379
0.86095
0.26428
0.15091
0.31802
0.68232
0.24580
0.40904
0.59973
0.60157
0.55232
0.24595
-0.04963
1.03108
0.42771
0.16716
0.30741
0.86054
0.37744
0.41831
0.23888
0.91063
0.62643
1.03516
0.32498
0.77645
0.65085
0.29229
0.46281
0.45592
0.75443
0.15967
0.31087
0.03075
0.03397
0.65438
0.68390
0.81726
0.41502
0.92275
0.64872
0.46528
0.69335
0.32079
0.48678
0.26375
0.40016
0.44982
0.47345
0.31418
0.51671
1.07847
0.58150
0.23776
0.33749
0.48981
0.69629
0.39290
0.59930
0.37463
0.37451
0.48765
0.18163
0.33982
0.59421
0.63928
0.24062
0.54341
0.56875
0.43242
0.91620
0.48651
0.30006
0.82422
0.84067
0.73246
1.05895
1.07452
0.43023
0.33511
0.39970
0.55959
-0.03392
0.67319
0.75474
0.46473
0.60519
0.46344
0.54884
0.19513
0.32273
0.09372
0.87893
0.26082
0.30825
0.73514
0.72964
0.70442
0.87704
0.49351
0.66288
0.41499
0.97055
0.33560
0.01480
0.46040
0.50441
0.53295
0.43022
0.65790
0.48602
0.76192
0.85388
0.38784
0.62689
0.12209
0.23148
0.23382
0.35630
0.68965
0.82067
0.76899
0.28559
0.53635
0.31823
0.98436
0.43359
0.66212
0.39342
0.32939
0.96555
0.33049
0.74129
0.08829
0.88805
0.07650
0.52385
0.87719
0.48802
0.50923
0.32130
0.21577
0.75347
0.25505
0.85654
0.43899
0.36941
0.70762
0.48256
0.46126
0.77434
0.48972
0.16167
0.41252
0.39260
0.24394
0.45638
0.77878
0.82877
0.92466
0.73390
0.53719
0.65316
0.34375
0.61638
0.54295
0.30441
0.40374
0.32454
0.33914
0.18066
0.65230
0.95493
0.45479
0.87753
0.60195
0.93794
0.65413
0.45320
0.48438
0.53908
0.73131
0.73964
0.08592
0.79827
0.34164
1.03361
0.18688
0.56321
0.54577
0.27369
1.11665
0.49321
0.11100
0.09806
0.50256
0.29920
1.09293
0.46537
0.51730
0.26019
0.45811
0.65649
0.52413
0.82533
0.68295
0.77731
1.01773
0.46677
0.42886
0.62292
1.01575
0.01319
0.60376
0.91387
0.22898
0.47274
0.54122
0.34774
0.27575
0.40384
0.39814
-0.07542
0.04329
0.17636
0.87116
0.50775
0.17542
0.37474
0.25997
0.69239
0.84261
0.46747
0.73978
0.43185
0.67687
0.56916
0.45367
0.84547
0.04694
0.23162
0.48905
0.63933
0.49942
0.94199
0.61864
0.48746
0.83243
1.07961
0.45023
0.53124
0.58846
0.58764
0.86038
0.31233
0.68975
0.28330
0.65916
0.55630
0.91425
0.90288
0.07403
0.31617
0.28007
0.61352
0.46631
0.70378
0.51484
0.39758
0.60613
0.62691
0.43029
0.52260
0.17398
0.25612
0.77034
0.65216
0.80352
-0.00476
0.80091
0.67015
0.62733
0.74458
0.52754
0.30238
0.74104
0.37205
0.48011
0.95542
0.08030
0.62974
0.52343
0.84158
0.32257
0.36937
0.46972
0.92176
0.47916
0.63068
0.93369
0.77706
0.53548
0.38144
0.05692
1.06922
0.26331
0.53937
0.19467
0.97472
1.10874
0.53132
0.50914
0.33625
0.46726
0.99070
0.18165
0.44668
0.36626
0.43849
0.40921
1.02697
0.90641
0.99217
0.69036
0.61183
0.84584
0.61497
0.22059
0.33115
0.96916
0.22618
0.91810
0.77129
0.73263
0.42606
0.95020
0.13903
0.62499
0.62226
0.54006
0.53080
0.27987
0.34263
0.59253
0.37762
0.76764
0.57285
0.77824
0.31669
0.79918
0.63802
0.65791
0.30841
0.26799
0.24405
0.30263
0.46777
0.86822
0.86096
0.81714
0.34508
0.60418
1.00208
0.41063
0.38871
0.43781
0.49448
0.07616
0.73384
0.16429
0.50226
0.23014
0.49914
0.36034
0.74775
0.64087
0.09470
0.93893
0.59730
0.37584
0.92007
0.40735
0.36424
0.43890
0.87641
0.14896
0.07785
0.99529
-0.06673
0.43240
0.51455
0.15165
0.83577
0.64219
0.67277
0.98599
0.03250
0.01738
0.58626
0.81481
1.03088
0.46701
0.58091
0.84863
0.22702
0.06440
0.45657
0.72096
0.44397
0.00027
1.01392
0.56766
0.32145
0.62397
0.60311
0.81868
0.16267
0.56201
0.42528
0.49177
0.44901
0.43348
0.69420
0.18180
0.62313
0.96417
0.60072
0.27638
0.80544
-0.20584
0.02029
0.58390
0.69977
0.55912
0.16887
0.41626
0.40928
0.65723
0.65976
0.33767
0.54472
0.59254
0.36088
0.15402
0.33160
0.33482
0.26396
0.46739
0.42037
0.92167
0.45313
0.28147
0.29152
0.59247
0.78307
0.77009
0.41399
0.53449
0.46604
0.82370
0.38195
1.06768
0.69387
0.64922
0.05899
0.30320
0.39393
0.63210
0.61181
0.28639
0.80187
0.33771
0.99281
0.59329
0.62520
0.46738
0.43998
0.44351
0.47943
0.26242
0.56673
0.73002
0.68141
0.48363
0.69204
0.29958
0.45671
0.44042
0.67646
0.57972
0.94777
0.51624
0.34062
0.50656
0.61489
0.49699
0.64006
0.15501
1.01610
0.91904
-0.02006
0.71403
0.11820
0.28823
0.42811
0.49887
0.27072
0.49209
0.68510
0.25034
1.06892
0.41386
0.85102
0.35879
0.54413
0.51924
1.11307
0.70146
0.96158
0.65594
0.81916
0.97464
0.38375
0.09788
0.36091
0.31676
0.90646
0.16752
0.47574
0.34800
0.43226
0.83008
0.67374
0.65486
0.52945
0.53528
0.61715
0.45305
0.79347
0.33457
0.46661
0.58892
0.50940
0.25393
0.24127
0.26580
0.94115
0.40468
0.70254
0.39053
1.02152
0.94672
0.32871
0.90811
0.53741
0.44298
0.48060
0.50426
0.99239
0.30353
0.81874
-0.01102
0.92435
0.88227
0.81170
1.01512
0.47556
0.59444
0.35829
0.88804
0.58416
0.24597
0.30681
0.54769
0.40001
0.91735
0.55728
0.53494
0.51607
0.45368
0.35011
0.37866
0.51616
0.37016
0.58848
0.67369
0.36092
0.83789
0.01856
0.30368
0.27115
0.46003
0.14731
0.71934
0.20833
0.52214
0.34979
0.66394
0.45808
0.63639
0.41458
0.53998
0.49456
0.48513
0.87107
0.42272
0.41681
0.14177
0.38708
0.46437
0.87219
0.18732
1.04437
0.60986
0.49571
0.25309
0.39168
0.32900
0.36523
0.22425
0.91868
0.14690
0.38481
0.50609
0.39620
0.45376
0.52494
0.47890
0.79628
0.31366
0.41066
0.26631
0.33496
0.38192
0.85508
0.61020
0.06001
0.09733
0.38542
0.28093
0.55934
0.47839
0.27643
1.01751
0.47530
0.97347
0.08397
0.39523
0.02809
0.53024
-0.00153
0.17298
0.97238
0.05080
0.70812
0.44483
0.24212
0.35612
1.05567
0.56517
0.26435
0.50043
0.55544
0.27741
0.47240
0.44898
1.08575
0.14326
0.28471
0.16609
0.79323
0.62828
0.80032
0.25251
0.89487
0.72635
0.41300
0.57483
0.15465
0.55997
0.54647
0.39193
0.50999
0.32952
1.00997
0.73967
0.56120
0.83011
0.12318
0.19585
0.53234
0.05499
0.24783
0.24104
0.26573
0.21103
0.24166
0.67265
0.57059
0.84933
0.63329
0.30841
0.45723
0.72522
1.04682
0.24616
0.68407
0.90592
0.74376
0.69477
1.13120
1.02019
0.89093
0.31072
0.26721
0.68465
0.61970
0.99146
0.87444
0.88539
0.09859
0.43970
1.28531
0.09102
0.71225
0.53719
0.61828
0.71538
0.98446
0.25051
0.94329
0.45827
0.10097
0.54087
0.95027
0.87257
0.41149
0.91713
0.87231
0.17752
1.08994
0.51684
0.31014
1.02780
0.38544
0.36866
0.29975
0.24045
0.62322
0.09757
0.43153
0.75025
0.99249
0.51785
0.59731
0.50305
0.45347
0.71283
0.85266
0.51674
0.33241
0.09048
0.48266
0.83492
0.51907
0.51569
0.52319
0.39301
0.45412
0.49672
0.47367
0.40409
0.46008
0.22919
0.27351
0.36896
0.53742
0.56459
0.27640
0.33191
0.33402
0.54460
0.94486
0.57036
0.39658
0.40224
0.56312
0.61134
0.82004
0.02424
0.45042
0.62857
0.37072
0.56336
0.46986
0.65089
0.70595
0.77619
0.73435
0.32449
0.39259
0.46325
0.78542
0.51872
0.53849
0.47206
0.68991
0.47114
0.49770
0.90450
0.97020
0.64197
0.05892
1.02397
0.24917
0.46951
0.73232
0.40222
0.48527
0.54344
0.43131
0.34020
0.20915
1.01521
0.36219
1.03839
0.40108
0.39490
0.95761
0.29413
0.33463
0.42157
0.63097
0.47980
0.24343
0.44799
0.62429
0.59575
0.20484
0.70790
0.50033
0.27705
0.50977
0.25438
0.63696
0.43500
0.59915
0.62772
0.54668
0.80455
0.36658
0.58465
0.94267
0.18467
0.52238
0.96261
0.45165
0.44122
0.42872
0.75712
0.69123
0.35666
0.41736
0.51472
0.48234
0.58338
0.69222
0.46159
0.31005
0.31583
0.27165
-0.21277
0.21724
0.39546
0.81581
0.64059
0.57952
0.35325
0.77926
0.79164
0.48330
0.20602
0.42866
0.06079
0.95356
0.19444
0.55816
0.58223
0.47801
0.89825
0.62102
1.05627
1.09203
0.36747
0.43906
0.17323
0.81808
0.38828
0.81065
0.40742
0.57967
0.54663
0.44740
0.89140
0.47811
0.83788
0.30882
0.33003
0.23073
0.42160
0.61124
0.35272
0.45007
0.05826
0.34176
0.34163
0.33484
0.86905
0.71559
0.78199
0.76068
0.48361
0.38795
0.92447
0.30551
0.46108
0.44048
0.46105
0.20173
0.47716
0.65514
0.43604
0.23369
0.40253
0.56516
0.67758
0.41154
0.48439
0.46184
0.96130
0.21148
0.56844
0.32785
0.55558
0.85063
0.93866
0.41287
0.65785
0.52639
1.10464
0.56360
0.56476
0.32646
0.21160
0.30849
0.93657
0.53246
0.50900
0.34874
0.17982
0.26130
0.53361
0.24019
0.56760
0.23637
0.90232
0.41583
0.32764
0.64032
0.50187
0.51844
0.48757
0.90977
-0.00930
0.59207
0.58071
0.55004
0.32179
1.18837
0.91270
0.33506
0.12616
0.32252
0.44248
0.06003
0.62733
0.48725
0.51121
0.31864
0.63553
0.31132
0.32067
0.39776
0.12480
0.58160
0.42241
0.27764
0.88024
0.40589
0.70705
0.50395
1.00662
0.55352
0.22328
0.54618
0.79555
0.44492
0.36579
1.08922
0.77631
1.05500
1.08940
0.42473
0.64431
0.90752
0.62527
0.47389
0.94217
0.70357
0.59674
0.56039
0.49330
0.43585
0.77850
0.45712
0.97301
0.47976
0.57515
0.71135
0.58377
0.47516
0.85909
0.52461
0.07818
0.19813
0.56495
1.11090
0.12260
0.49371
0.20091
0.28768
0.52219
0.65112
0.34153
0.64582
0.39344
0.29158
0.56143
0.68423
0.63141
0.19664
0.35426
0.96602
0.18711
0.50611
0.58788
0.27529
0.37489
0.25531
0.70685
0.36303
0.92844
0.44612
0.87219
0.44084
0.86450
0.37105
0.30503
0.18257
0.87796
0.19248
0.97361
0.50833
0.39332
0.74484
0.20510
0.90221
0.62227
0.37772
0.48647
-0.02658
0.53524
0.56502
0.38464
0.67233
0.67165
0.39951
0.57383
0.52489
0.61687
0.30231
0.39072
0.37632
0.53900
0.53113
0.54090
0.59378
0.49239
0.60451
0.45434
0.72937
0.47647
0.34419
0.01372
0.57924
0.23054
0.24316
1.01378
0.54150
0.54034
0.38364
0.99829
0.45726
0.96143
0.99137
0.49012
0.45196
0.50744
0.42788
0.81051
0.29998
0.19185
0.34135
0.94010
0.42242
0.58937
0.73803
0.82336
0.76210
0.17264
0.95829
0.43599
0.53411
0.48123
0.20024
0.25879
0.60629
0.24355
0.28052
0.48830
0.45419
0.51677
0.35280
0.34948
0.43691
0.46266
0.22940
0.46589
0.29384
0.31486
0.47230
1.05412
0.38826
0.32041
0.49004
0.69263
0.51751
0.46982
0.45999
0.78726
0.28908
0.28978
0.59319
0.11836
0.88981
0.65857
0.42585
0.02505
1.01399
0.38057
0.21549
0.53824
0.48949
0.55030
0.64966
0.45268
0.40924
0.64594
0.10033
0.92096
0.59451
0.43608
0.76912
1.06406
0.53630
0.40480
0.23825
0.25392
0.31249
0.92516
0.45933
0.56085
0.43899
0.91833
0.70079
0.57070
0.99483
1.03360
0.61345
0.43049
0.08009
1.12643
0.30137
0.56501
0.49671
0.42519
0.42732
0.86707
0.85715
0.73139
0.55919
0.68542
0.70078
0.57407
0.44629
0.21394
0.53588
0.56906
0.08585
0.29486
0.50039
0.26554
0.89829
0.35084
0.59838
0.51451
0.21268
-0.01643
0.48714
0.49029
0.53159
0.21393
0.84554
0.11962
0.59022
0.47501
1.13552
0.89734
0.45858
0.57959
0.65826
0.43630
0.61754
0.42055
0.33564
0.27676
0.51221
0.55448
0.38764
0.65774
0.66345
0.55208
0.48087
0.13656
0.45965
0.41656
0.19753
0.54166
0.55297
0.14277
0.29633
0.49373
0.57564
0.60730
0.86684
0.17118
0.24819
0.47380
0.57984
0.73092
0.71364
0.40103
0.38525
0.44695
0.55694
0.44977
0.55484
1.01854
0.60706
0.84944
0.67458
0.93697
0.52499
0.94786
0.38024
0.41323
0.77477
0.38898
0.25536
0.61137
0.98961
0.22294
0.12079
0.99975
0.42184
0.50669
0.43363
0.90904
0.78960
0.15357
0.89947
0.29529
0.80583
0.86654
0.07904
0.58731
0.53225
0.19027
0.38540
0.55864
0.38607
0.97910
0.27619
0.87905
0.70349
0.72464
0.85989
0.11781
0.58991
0.13307
0.61309
0.41598
0.76438
0.96761
0.18264
0.38277
0.66959
0.59628
0.25272
0.50383
0.89863
0.04221
1.04747
0.88479
1.00994
0.61041
0.49503
0.51358
0.69741
0.71386
0.29869
-0.01475
0.35333
0.87479
0.44602
0.92050
0.31068
0.12690
0.59594
0.27525
0.49192
0.33966
0.20781
0.46577
0.37813
0.11427
0.46217
0.32187
0.47215
0.37322
0.37311
0.37300
0.16913
0.54839
0.47910
0.39948
0.42769
0.14100
0.54963
0.31906
0.59706
0.83090
0.76041
0.44962
0.28685
0.34154
0.91137
0.54430
0.39495
0.54128
0.81281
0.60347
0.41759
0.84775
0.57674
0.45232
0.19787
0.09495
0.13548
0.11224
0.49378
0.49439
0.19749
0.81341
0.58763
0.34312
0.92130
0.56932
0.49403
0.69742
0.54480
0.47480
0.05434
0.53974
0.32352
0.58121
0.83305
0.39723
0.15406
0.09621
0.71633
0.75970
0.54242
0.77314
0.19422
0.58313
0.53721
0.51095
0.46808
0.57693
0.83625
0.77934
0.34850
0.35686
0.32708
0.27436
0.60138
0.79744
0.15292
0.17441
0.79645
0.35781
1.04336
0.35557
0.54707
0.72821
0.20677
0.34945
0.27821
0.20472
0.23746
0.24567
0.60067
0.69005
0.15521
0.44312
0.47135
0.66965
0.07506
0.20718
-0.02440
0.20144
0.57901
0.58685
0.70972
0.48288
0.58890
0.48534
0.92323
0.47392
0.48785
0.71584
0.93517
0.13589
0.65629
0.33485
0.93004
0.94145
1.02799
0.72101
0.50017
0.51105
0.53800
0.53228
0.09808
1.01316
0.37655
0.56771
0.57075
0.96408
0.70998
0.60653
0.82873
0.48804
0.17862
0.23080
0.33261
0.56725
0.66514
0.51561
0.82459
0.71322
0.04393
0.29072
0.37082
0.45323
0.58650
0.56228
0.30069
0.20505
0.33633
0.62162
0.23291
0.56586
0.53263
0.44742
0.79089
0.34865
0.73190
0.35337
0.43203
0.24450
0.73069
0.39375
0.47046
0.37560
0.50306
0.29679
0.34910
0.52296
0.43901
0.43294
0.49202
0.62237
0.45038
0.33612
0.12120
1.07688
0.93638
0.05791
0.51625
0.35065
0.55913
0.44635
0.54683
0.43899
0.60764
0.54277
0.91975
0.33522
0.35425
0.83159
0.65910
0.31334
0.49895
0.71301
0.55153
0.25144
0.58609
0.41821
0.43973
0.45734
1.04982
0.37881
0.52534
0.82061
0.07989
0.66301
0.36345
0.47714
0.94321
0.47292
0.57562
0.27451
0.76824
0.30491
1.16815
0.83455
0.32478
0.66103
0.19600
0.24578
0.58862
-0.01166
0.78954
0.46041
0.32057
0.30750
0.75861
0.29902
1.02808
0.56988
0.52624
1.02265
0.58986
1.07087
0.54277
0.32729
0.55788
0.45178
0.67408
0.34876
0.63883
0.40026
0.67972
0.27165
-0.10256
1.11913
0.53631
0.35100
0.75320
0.28858
0.43061
0.33764
0.57598
0.57640
0.58994
0.76825
0.25975
0.63217
1.02267
0.50504
0.62350
0.51840
0.66816
0.37709
0.62224
0.52867
0.31704
0.56073
0.15615
0.94923
0.27248
0.42417
0.29745
0.31018
0.69600
0.06742
0.94603
0.20584
0.39203
0.70111
0.87512
0.34993
0.33448
0.77003
0.91147
0.53453
0.65696
0.29300
0.33085
0.85807
0.10554
0.36931
0.63903
0.37804
0.30022
0.35102
0.78382
0.60600
0.48434
0.97116
0.19946
0.64645
0.47019
0.37792
0.98281
0.98897
0.64696
0.35174
0.92787
1.05193
0.57601
0.58962
0.82659
0.22422
0.76702
0.86497
0.25630
0.18733
0.28679
0.15604
0.30718
0.35333
0.74029
0.30698
0.85104
0.23657
0.13725
0.61898
0.44245
1.01644
0.48183
0.36450
0.96048
0.33865
0.46664
0.32434
0.39325
0.59976
0.92290
0.87865
0.64267
0.40389
0.60306
0.18789
0.60588
0.65085
0.44978
0.48663
0.39983
0.29022
0.69969
0.66335
0.67097
0.62021
0.52138
0.81472
0.62111
0.56282
0.44458
0.44000
0.39851
0.60563
0.33805
0.82682
0.30698
0.52866
0.41935
0.23587
0.39173
1.06727
0.38166
0.11875
0.38714
0.96026
0.05200
0.09573
0.18151
0.77708
0.36947
0.47805
0.85408
0.61773
0.50030
0.67527
0.55290
0.91851
0.38801
1.05916
0.86348
0.37451
0.52689
0.21049
0.45109
0.16049
0.71976
0.51448
0.40810
0.26911
0.25707
0.53587
0.11568
0.26022
0.82093
0.33294
0.60977
0.51141
0.15841
0.40535
0.66219
0.48824
0.25178
0.44401
0.85376
0.33233
0.44471
0.60212
0.43955
0.38656
0.36378
0.84472
0.69775
0.42123
0.86279
0.31246
0.39020
0.67274
0.65861
0.87307
-0.00681
0.44745
0.94924
0.99147
0.41352
0.45672
0.15088
0.98440
0.69730
0.43103
0.38593
0.37237
0.57179
0.38286
0.43385
0.15161
0.27038
0.49525
0.01216
0.38537
0.33847
0.51806
0.92374
0.18103
0.68578
0.34435
0.16700
0.08007
0.57350
0.60428
0.43010
0.86420
0.64607
0.36608
0.07939
0.90443
0.73434
0.51986
0.41831
0.09162
0.15181
0.34437
0.62406
0.42150
0.40820
0.29816
0.36220
0.39861
0.52057
0.55044
0.30015
0.92137
0.37865
0.98525
0.50168
0.30007
0.02358
0.90831
0.54944
0.45050
0.44830
0.53249
0.90362
0.99192
0.92319
0.62282
0.44454
0.19642
0.82673
0.32496
1.13290
0.76853
0.32079
0.21080
0.89472
0.18616
0.49188
0.47502
0.53232
0.81387
0.28139
0.79118
0.28738
0.39279
0.65036
0.49972
0.68250
0.00457
0.72452
0.51937
0.30103
0.46529
0.59300
0.40899
0.80050
0.87165
0.48873
0.15628
0.36553
1.00986
0.51849
0.92300
0.43235
0.09509
0.33592
0.45825
0.36816
0.47134
0.41095
0.21990
0.93108
0.37845
0.40666
0.54324
0.37210
0.38348
0.88424
0.47166
0.36461
0.32914
0.74053
0.81158
0.72628
0.51449
0.39762
0.84379
0.12663
1.09498
0.55611
0.33566
0.43545
0.34541
0.18741
0.30988
0.79330
0.41156
0.45513
0.33937
0.82161
0.28044
0.06145
0.43210
0.11547
1.00035
0.27972
0.56756
0.41755
0.24658
1.00565
0.91178
0.65180
0.84383
0.22381
0.51065
0.41800
0.04435
0.32786
0.60324
0.85230
0.56519
0.49575
1.04125
0.34963
0.59050
0.46672
0.47513
0.29196
0.35875
0.28630
0.66850
0.84063
0.56803
0.61835
0.40951
0.74189
0.28431
0.70964
0.87258
0.32995
0.54823
0.41572
1.05691
0.17266
0.69467
0.27070
0.47678
0.52512
0.31240
0.58346
0.63491
0.10958
0.48738
0.80668
0.33563
0.58664
0.60988
0.44222
0.23209
0.65070
0.57802
0.51819
0.43450
0.26064
0.98199
0.95584
0.38207
0.91415
0.96418
0.89512
0.84890
0.57800
0.59250
0.90862
0.76634
1.00646
0.95764
0.38062
0.73207
0.62586
0.11612
0.47344
0.23404
0.43419
0.27536
0.43122
0.70345
0.43706
0.75324
0.40608
0.78001
0.95502
0.39416
0.91568
0.74413
0.47633
0.76990
0.49333
0.08837
0.69097
0.57185
0.20864
0.90770
0.18807
0.60707
0.30097
0.64980
0.76723
0.38187
0.44246
0.25415
0.42987
0.11777
0.93518
0.51733
0.52663
0.41477
0.71954
0.28034
0.63812
0.93733
0.48021
0.77129
0.35321
0.58947
0.68835
0.68378
0.86841
0.40074
0.84556
0.83496
1.01512
0.86440
0.59245
0.87839
0.67043
0.79917
0.70354
0.56425
0.56944
1.03397
0.55903
0.52864
0.62035
0.13381
0.81837
1.08729
1.07633
0.62450
0.74468
0.62549
0.72146
0.38707
0.45666
0.35529
0.33189
0.11372
0.95461
0.26191
0.57303
0.52788
0.92931
0.96080
0.41683
0.45337
0.75932
1.06867
0.38996
1.08510
0.58011
0.34115
0.49653
0.79923
0.66071
0.35436
0.58260
0.90183
0.63779
1.06842
0.29492
0.23682
0.27001
0.44301
0.56320
0.37595
0.09416
0.54966
0.87524
0.26884
0.70919
0.94376
0.92201
0.56366
0.49812
0.28020
0.19732
0.53187
0.59497
0.80793
0.44512
0.07197
0.55302
0.01813
0.66393
0.49603
0.93803
0.19578
1.06503
0.52579
0.41973
0.65928
0.71399
0.46422
0.59513
0.26461
0.95881
0.76905
0.43382
0.54489
0.67795
0.41206
0.63784
0.44143
0.85825
0.16637
0.91355
0.18711
0.21072
0.86094
0.40628
0.72003
0.81344
0.39998
0.10226
0.71693
0.14968
0.48184
0.35967
0.98617
0.53494
0.50155
0.40507
1.05642
0.57292
1.07107
0.85293
0.90063
1.05438
0.36172
0.54234
0.24662
0.18606
0.42041
0.97913
0.55658
0.28382
0.42183
0.61758
1.10941
0.28083
0.14024
0.47862
0.39016
0.97011
0.41337
0.20625
0.15601
0.36564
0.46693
0.97167
0.66595
0.67901
0.42853
0.44573
0.90441
0.97654
0.89770
0.86590
0.88348
0.35554
0.67904
0.94310
0.81751
0.73909
0.50330
1.09040
0.56804
0.31467
0.48655
0.03844
0.48075
0.42887
0.17218
0.22096
0.67612
0.78066
0.09809
0.54684
0.79748
0.34930
0.20599
0.54945
1.06355
0.82234
0.30800
0.39506
0.37682
0.86484
0.91193
1.00570
0.94606
0.64180
0.37476
0.88167
0.39698
0.37643
0.66736
0.44742
0.27742
0.75012
0.68503
0.39400
0.34836
0.81152
0.09986
0.41089
0.41306
0.14816
0.44224
0.09389
0.71223
0.73961
0.45056
0.90794
0.44842
0.51002
0.29085
0.07097
0.89591
0.59106
0.44673
0.96363
0.53127
0.64021
0.52206
0.37017
0.51449
0.69462
0.41908
0.31937
0.67802
0.19243
1.09030
0.44184
0.40028
0.69824
0.64725
0.27356
0.60560
0.00695
1.19937
0.44747
0.43923
0.49878
0.81062
0.68918
0.63181
0.27069
0.22931
0.80593
-0.06307
0.76913
0.95240
0.27264
0.79357
0.39019
0.48665
0.13529
0.43206
0.68457
0.51491
0.50501
0.95226
0.58140
0.35894
0.99157
0.40709
0.96596
0.49218
0.28248
0.42405
0.30581
0.85987
0.61602
0.48255
1.04092
0.50765
0.93830
0.17885
0.13432
0.43270
0.79705
0.88387
0.38486
0.15313
0.64447
0.60867
0.71115
0.95876
0.52036
0.39018
0.53993
0.61821
0.73883
0.63284
0.40087
0.73549
0.25707
0.28243
0.62669
0.62048
0.88734
0.27835
0.17997
1.02569
0.65564
0.90436
0.42383
0.33670
0.52492
0.91241
0.84079
-0.00641
0.80628
0.71873
0.96189
0.33884
0.56480
0.64505
0.22384
0.25758
0.45499
0.06590
0.71619
0.38817
0.82075
0.61454
0.73157
0.21140
0.77976
0.04004
0.29501
0.89607
0.32368
0.34834
0.38466
0.67893
0.22032
0.02914
0.19205
0.80033
0.20533
0.18007
0.35705
0.50741
0.44226
0.00009
0.29553
0.54018
0.97934
0.30288
0.46768
0.51410
0.34059
0.98711
0.78050
0.69003
0.51877
0.44837
0.36135
1.00280
0.28945
0.70279
0.58444
0.31489
0.75606
0.53850
0.50711
0.87765
0.89707
0.48590
0.09156
1.03129
0.72693
0.14820
0.28387
0.77041
0.34784
0.51595
0.55575
0.46876
0.32355
0.31023
0.62306
0.56109
0.39013
0.64555
0.41548
0.43234
0.46763
0.87352
0.42672
0.21597
0.28991
0.66571
0.90347
0.56453
0.31745
0.50745
0.68213
0.53451
0.41474
0.82104
0.43186
0.02274
0.37861
1.09784
0.33631
0.41559
0.63645
0.95509
0.76138
0.42262
0.42627
0.84275
0.53627
0.44058
0.20795
0.12137
0.79231
0.43028
0.79280
0.40030
0.33998
0.70898
0.67020
0.56806
0.29849
0.56692
0.48928
0.36837
0.14708
0.21651
0.24547
0.69257
0.25681
0.96192
0.30505
0.54943
0.27412
0.05151
0.56042
0.84444
0.76358
0.36514
0.59461
0.18149
0.61341
0.74601
0.46822
0.51912
0.48719
0.81617
0.20150
0.53051
0.36628
0.48962
0.63214
0.71209
0.58446
0.21688
0.93977
0.43206
0.77027
0.83970
0.23828
0.80889
0.22691
1.05632
0.47483
0.71091
0.42336
0.68710
0.75905
0.07428
0.56407
0.85736
0.35173
0.47214
0.30845
1.00851
0.27470
0.45228
0.61397
0.48046
0.79874
0.32677
-0.00269
0.45661
0.75326
0.61946
0.21068
0.32451
0.71410
0.63337
0.28838
0.54450
0.84335
0.37449
0.35616
0.42791
0.32180
0.27158
0.64386
0.87868
0.50570
1.02366
0.25484
1.04169
0.82537
0.26793
0.70977
0.62247
0.62778
0.20095
0.46924
0.43688
0.31326
0.59366
0.55005
0.54177
0.86853
0.95105
0.43790
0.63707
0.14724
0.41794
0.64298
0.77091
0.42230
0.45921
0.73749
0.36150
0.37242
0.86732
0.38890
-0.00490
0.23631
0.94771
0.38642
0.48082
0.74193
0.84700
0.88605
0.34067
0.42694
0.51312
0.39271
1.00371
0.69966
0.53490
0.10942
-0.02166
0.75479
0.73882
0.54760
1.05561
0.52995
0.18593
0.59502
0.70557
0.22935
0.54321
0.23861
0.35872
0.58667
0.32425
0.27006
0.54516
0.95166
0.90101
0.83383
0.44012
0.19864
0.78057
0.22168
0.17733
0.35505
0.70824
0.89927
0.30655
0.85107
0.68043
0.32853
0.68810
0.73342
1.06088
0.45702
0.27144
0.71882
0.52536
0.22837
0.86474
0.47998
0.50976
0.76561
0.23242
0.22319
0.54367
0.27449
0.40138
0.44666
0.43609
0.83702
0.94077
0.95255
0.61014
0.68364
0.38185
0.67422
0.38197
0.39054
0.40205
0.76895
0.72996
0.78123
0.55818
0.85363
0.78645
0.06789
0.20841
0.20754
0.60616
0.31618
0.44606
0.31024
0.30131
0.31969
0.58027
0.83391
0.70292
0.90102
0.47703
0.08217
0.67847
0.66980
0.94802
0.46598
0.38593
0.49635
0.85338
0.73086
0.33352
0.57748
0.56422
0.54333
0.39303
0.33558
0.98622
0.30596
0.31706
0.62170
0.28782
0.13319
0.49844
1.16347
0.28732
0.25944
0.60843
0.49122
0.52948
0.59884
0.65490
0.67841
0.37840
0.59597
0.46976
0.89618
0.33363
0.76798
0.68463
0.48267
-0.11740
0.70679
0.51790
0.79348
0.30390
0.55579
0.70562
0.71957
0.46326
0.29072
0.81625
0.29176
0.85115
0.27223
0.32971
0.94532
0.18172
0.61675
0.43979
0.50208
0.36372
0.38903
0.59724
0.18852
0.63711
0.68039
0.49309
0.38025
0.59791
0.97597
0.90286
0.71880
0.94886
0.31580
0.13211
0.22005
0.90025
0.29752
0.66360
0.59337
0.10405
0.63630
0.95692
0.49625
0.27142
0.36605
0.58214
0.76681
0.96119
0.33344
1.05796
0.31901
0.42222
0.54788
0.59962
0.30377
0.50451
0.39400
0.22376
0.26670
0.40355
0.35055
0.48522
0.53246
0.81375
0.71694
0.55766
0.75316
0.60248
0.29943
0.65284
0.95127
0.50839
0.74101
0.45701
0.86845
0.60910
0.46935
0.95765
0.20918
0.11496
0.41953
0.86033
0.40757
0.64537
0.49169
0.51356
0.51210
0.91374
0.74994
0.71895
1.00209
0.35605
0.48562
0.60842
0.62467
0.83016
0.24113
0.57895
0.05137
0.67373
0.63755
0.52024
0.15078
0.65552
0.48530
0.29312
0.36925
0.33470
0.33587
0.18137
0.49844
0.15182
0.03615
0.69566
0.27578
0.49263
0.95612
0.87900
0.49198
0.61598
0.33529
1.00514
0.68591
0.49697
0.30213
0.87778
0.23063
0.62545
0.25728
0.57002
0.81335
0.63412
0.61006
0.48918
0.31501
1.01800
0.45835
0.20812
0.94154
0.47488
0.66697
0.23466
0.55132
0.73175
0.94576
0.41801
0.84942
0.61397
0.43762
0.94985
0.53686
0.74241
0.62481
0.53037
0.57483
0.01489
0.53357
0.66242
0.61447
0.48808
0.32492
0.64813
0.27779
0.40036
0.32496
0.43249
0.83905
0.27510
0.60193
0.35025
0.10704
0.91344
0.44832
0.36863
0.99146
0.57707
0.98971
0.78496
0.40148
0.86396
0.37710
0.37244
0.58740
0.63217
-0.00073
0.45672
0.41838
0.46249
0.21927
0.44548
0.31546
-0.05405
0.35433
0.45468
0.83065
0.19618
0.80867
0.34320
0.84021
0.39405
0.39795
0.54211
0.46557
0.63417
0.61095
1.22070
0.60072
0.29776
1.01302
0.65221
0.52758
0.01028
0.59369
0.88311
0.59487
0.27059
0.27343
0.90425
0.33936
0.37080
0.42353
0.62030
0.58048
0.54905
0.61144
0.80574
0.61671
0.70207
0.01850
0.84057
0.92518
0.67745
0.93175
0.51829
0.23893
0.34635
0.44182
0.53451
0.19613
0.60186
0.46046
0.96365
0.30876
0.10907
0.55537
0.24754
0.35409
0.51282
0.31953
0.27450
0.58174
0.39258
0.26690
0.92568
0.75012
0.24503
0.37284
0.86004
0.37559
0.71719
0.51369
0.92580
0.29583
0.77789
0.59666
0.56390
0.95169
0.86113
0.11505
0.44667
0.56784
0.29817
0.75170
0.59995
0.71000
0.30979
0.61403
0.43875
0.46968
0.65940
0.15630
0.75277
0.34000
0.21135
0.12059
0.43611
0.87191
0.25293
0.74251
0.51582
0.60512
0.23618
0.84325
0.62887
0.52841
0.47011
0.13400
0.06216
0.24722
0.06721
0.18247
0.42461
0.04628
0.27452
0.52718
0.31698
0.30154
0.55785
0.99837
0.52395
0.95088
0.51768
0.55087
0.95183
0.05340
0.79416
0.69908
0.77717
0.23030
0.48634
0.88019
0.78722
0.54029
0.41679
0.49160
0.56405
0.32207
0.13649
0.27520
0.89988
0.16934
0.62336
0.48699
0.76758
0.47341
0.24212
0.22638
0.43817
0.50376
0.42094
0.98557
0.73042
0.40864
0.63486
0.59263
0.84359
0.84909
0.46802
0.67923
0.92761
0.33755
0.40221
0.40544
0.59640
0.62444
0.49249
0.42942
0.40727
0.83558
0.56873
0.54490
0.88494
0.61909
0.59570
0.90770
0.60405
0.81528
0.46769
0.23430
0.56423
0.78106
0.46990
0.33915
0.43481
0.18326
0.24286
0.50193
0.73394
0.68746
0.85221
0.57879
0.50067
0.67006
0.46817
0.50517
0.40858
0.59255
0.76118
0.30377
0.41323
0.35373
0.82327
0.86269
0.46156
0.57968
0.63097
0.71618
0.63403
0.26271
0.56642
0.86716
0.41836
0.02666
0.83320
0.40601
0.49054
0.84255
0.90811
0.13550
0.43882
0.44626
0.77100
0.93583
0.83598
0.00569
0.19486
0.39405
0.98350
0.72178
0.56517
0.81279
0.37064
0.51672
0.40949
0.55295
0.40815
0.66529
0.41838
0.68770
0.96088
0.38814
0.51190
0.89899
0.71154
0.62219
0.34210
0.85684
0.53978
0.82050
0.27360
0.63926
0.77854
0.71131
0.85743
0.50623
0.69947
0.46987
0.38752
0.57931
0.41082
0.53090
0.59394
1.00063
0.45960
0.29108
0.45947
0.40436
0.45233
0.36396
0.40763
0.81341
0.69986
0.57162
0.45989
-0.14469
0.61461
0.26330
0.62907
0.92542
0.59314
0.14264
0.74896
0.47322
0.23191
0.27942
0.70840
1.11907
0.47962
1.08182
0.70124
0.46667
0.25939
0.45909
0.56912
0.87095
0.41342
0.44536
0.15228
0.34043
0.15744
0.65470
0.40538
0.71400
0.88297
0.95774
0.93889
0.64768
0.79816
0.21748
0.41198
0.33416
0.17235
0.53443
0.39617
0.05210
0.33874
0.60387
0.66628
0.47183
0.23941
0.31803
0.27897
0.71027
0.49404
0.46175
0.51341
0.34228
0.17199
0.66483
0.10720
0.51621
0.45030
0.53064
0.50010
0.68075
0.41484
0.56581
0.68007
0.22066
0.46027
0.94271
0.90666
0.49182
0.28091
0.26941
0.53790
0.31355
0.49413
0.28834
0.20899
0.46627
0.66066
0.56255
-0.05374
0.49472
0.56383
0.73031
0.32501
0.31854
-0.00235
0.66651
0.59407
0.04905
1.03382
0.84487
0.89338
0.34946
0.58598
0.66505
0.06965
0.70937
0.50624
0.45789
0.55273
0.53494
0.90466
0.67922
0.16239
0.82820
0.43566
0.46809
0.82065
1.00865
0.20573
0.30627
1.02609
0.14113
0.86653
0.61486
0.50796
0.63270
0.11220
0.20223
0.58616
0.48034
0.35596
0.73942
0.46178
0.38475
0.71767
0.56983
0.49492
0.84025
0.55450
0.59963
0.57412
0.53766
0.75041
1.13100
0.32126
0.54803
0.07453
0.08140
0.61159
0.62916
0.07037
0.49251
0.80906
0.54198
0.60377
0.32974
0.61896
0.52233
0.53075
1.04104
0.51401
0.23144
0.58464
0.54937
0.08105
0.88566
0.17234
0.23310
0.30773
0.52927
0.01219
0.79518
0.56919
0.62943
0.44507
0.21739
0.43900
0.45189
0.59524
0.46777
0.54272
0.34308
0.57209
0.40626
0.99549
0.49715
0.46886
0.10213
0.84108
0.84909
0.08981
0.93905
1.06903
0.32789
0.34607
0.53417
0.82935
0.95190
0.01252
0.85968
0.78393
0.41422
1.17790
0.29714
0.96296
0.59133
0.67471
0.43848
0.61018
0.38093
0.31422
0.39726
0.10776
0.39381
0.31579
0.26507
0.74757
0.49720
0.35527
0.37645
0.51225
0.44765
0.18839
0.14068
0.28242
0.19702
0.38675
0.55784
0.58377
0.71420
0.60549
0.17785
0.49238
0.62939
0.44731
0.44033
0.64429
0.34297
0.48392
0.27157
0.36093
0.37597
0.50125
0.55868
0.59365
0.77516
0.30934
0.64885
0.34917
0.33920
0.58517
0.46506
0.36812
0.51342
0.29041
0.26353
0.29874
0.38563
0.45108
0.38908
0.78010
0.29421
0.24747
0.86017
0.63600
1.02324
0.36417
0.32493
0.54417
0.64373
0.53806
0.25900
0.72169
0.98623
0.78030
0.58369
0.40644
0.35452
0.32233
0.69677
0.58269
0.62831
0.92376
0.52703
0.50326
0.38547
0.78862
0.43959
0.52115
0.58540
0.91154
0.56839
0.70899
0.51651
0.13828
0.40037
0.54707
0.10382
0.88369
0.54175
0.39862
0.49493
0.34982
0.64145
0.53456
0.39466
0.49274
0.33429
0.07584
0.33580
0.96884
0.33430
0.99704
0.19169
0.55476
0.00652
0.94666
0.21836
0.50526
0.49259
0.31908
0.35483
0.59726
0.16838
0.36616
0.34366
0.62947
0.94938
0.53690
0.40822
1.02040
0.15615
0.80126
0.39665
0.87344
0.49798
0.71646
0.41852
0.49919
0.51391
0.08587
0.91426
0.00196
0.21345
0.15777
0.92439
0.43514
0.82530
0.49585
0.43849
0.89513
0.47829
0.30248
0.55915
0.66299
0.50727
0.35845
0.30422
0.32470
0.87967
0.58247
0.53649
0.97759
0.33853
0.69804
0.62744
0.67728
0.78189
0.65105
0.52975
0.71796
0.40135
0.87416
0.32406
0.41389
0.33901
0.63015
0.85074
0.54939
0.81433
1.10807
0.66379
0.68190
0.13985
0.74369
0.33341
0.36856
0.94501
0.94045
0.83911
0.52915
0.39099
-0.00610
1.13821
0.80897
0.24972
0.31709
0.25973
0.32311
0.42620
0.15488
0.30717
0.28635
-0.21492
0.01781
0.88984
0.36563
0.12906
0.50161
0.64907
0.69868
0.27515
0.49875
0.23288
0.75024
0.53136
0.51102
-0.00954
0.45951
0.37403
0.50199
0.80394
0.54795
1.05574
0.34985
-0.12116
0.42225
0.30851
0.08882
0.85454
0.82772
0.20107
0.51008
0.65726
0.99408
0.40531
0.28335
0.49988
0.44422
0.41351
0.34119
0.71764
0.75401
1.03617
0.11655
0.24168
0.18868
0.53981
0.51971
0.72544
0.62242
0.88571
0.49267
0.41806
0.29652
0.58436
0.34781
0.53329
0.43086
0.41016
0.61949
0.66545
0.19271
0.88526
0.63115
0.60232
-0.01195
0.49905
1.08043
0.05708
0.33636
0.30092
0.56075
0.37859
0.35802
0.54676
0.62326
0.70173
0.64782
0.21708
0.39044
0.72101
-0.02291
0.48999
0.96327
0.97123
0.83615
0.13936
0.77564
0.55667
0.60941
0.94186
0.83649
0.18368
0.59001
0.29772
0.66674
0.91796
0.82568
0.39359
0.36622
0.57576
0.49418
0.63946
0.40244
0.60541
0.40843
0.57684
0.32936
0.42126
0.53619
0.53488
0.73038
0.20898
0.93370
0.36689
0.41256
0.41606
0.59994
0.59844
0.63716
0.30606
0.28764
0.23205
0.60444
0.56765
0.47782
0.36035
0.72612
0.57071
0.61918
0.63431
0.63802
0.24196
0.87973
0.67532
0.75034
0.32250
0.23076
0.30742
0.52582
0.56603
0.50419
0.62393
0.51883
0.52159
0.85616
0.49887
0.79460
0.80450
0.57706
0.65541
0.62233
0.67962
0.76719
0.02889
0.34080
0.31935
0.47109
0.87454
0.34314
0.81436
0.48213
0.85570
0.41719
0.50105
1.08992
0.28837
0.97280
0.39526
0.56511
0.55716
0.46029
0.47127
0.62005
0.96988
0.30888
0.38896
0.59757
0.63400
0.82134
0.43825
0.55677
0.18880
0.83001
0.48411
0.79772
0.52324
-0.05461
0.63303
0.50605
0.26466
0.13739
0.18015
0.30576
0.46814
0.60568
0.29156
0.49515
0.51466
0.32393
1.03520
0.45586
1.09811
0.37284
0.33125
0.92247
0.38222
0.28277
0.32180
0.60728
0.05543
0.50550
1.03581
0.25713
0.27562
0.33287
0.60338
0.03644
0.33060
0.91834
1.01492
0.48282
0.79090
0.65759
0.31978
0.45744
0.43400
0.15859
0.83808
0.89124
0.38114
1.06293
0.72259
0.36701
0.51852
0.42430
0.51761
0.75554
0.73682
0.62636
0.68859
0.88373
0.81267
0.36115
0.90078
0.83840
0.59913
0.56982
1.03868
0.29046
0.52665
0.52527
0.60048
0.92247
0.25755
0.12432
0.91251
0.42144
0.34075
0.22574
0.64338
0.09428
0.22095
0.36238
0.44847
0.61103
0.57960
0.51090
0.55739
0.59471
0.31622
0.24055
0.29517
0.25478
0.48911
0.69542
0.23490
0.42005
0.93650
0.97749
0.83885
0.22312
0.34272
0.37495
0.12358
0.24754
0.83754
0.16962
0.20840
0.25904
0.53155
0.66729
0.65497
0.67311
0.49474
0.53710
0.66654
0.19302
0.23848
0.62018
0.44083
1.04410
0.91298
0.48723
1.00185
0.42738
0.03830
0.23774
1.01755
0.41050
0.57744
1.10681
0.37758
0.41558
0.57474
0.60590
0.18238
0.32529
0.37644
0.41353
0.62487
0.55549
0.54629
0.47153
0.64750
0.91472
0.47219
0.85958
0.31813
0.80950
0.40912
0.47901
0.97017
0.53108
0.66821
0.45848
0.60924
0.94755
0.56625
0.57474
0.21890
0.35923
0.28902
0.66081
0.40515
0.61686
0.38271
0.96909
0.29040
0.37897
0.63346
0.29969
0.20574
0.77329
0.44087
0.93203
0.21720
0.64938
0.44609
0.43334
0.41929
0.37201
0.37109
0.67888
0.47487
-0.10162
0.03159
0.40599
0.57344
0.00265
0.20231
0.46467
0.23636
0.57226
0.95378
0.53132
0.49212
0.20072
0.50659
1.04775
0.14576
0.73688
0.45738
0.28022
0.46275
0.29616
0.43085
0.51465
0.40753
0.26950
0.20826
0.64240
0.47468
0.57225
0.25365
0.43245
0.71860
1.14313
0.24608
0.18579
0.69188
0.37047
0.94368
0.49021
0.80703
0.29239
0.47390
0.34640
0.33003
0.51223
0.61395
0.59833
0.89051
0.58381
0.86139
0.39238
0.70959
0.21767
0.63574
0.63155
0.51453
0.62522
0.93796
0.23652
0.45528
0.34678
0.12544
0.34895
0.93748
0.83567
0.27638
0.52268
0.95820
0.65143
0.35458
0.75959
0.62598
0.52799
0.89949
0.08071
0.44544
0.92136
0.24055
0.88028
0.10592
0.31508
0.55363
1.04521
0.60924
0.89025
0.63795
0.43885
0.46556
0.66510
0.07162
0.48272
0.65608
0.34018
0.48542
1.06750
0.27953
0.95339
0.07651
0.35999
0.86264
0.86435
0.16511
0.14824
0.79000
0.50235
0.27897
0.35858
0.94125
0.26461
0.61561
0.29304
0.05106
0.63969
0.66685
0.41526
0.91771
0.48951
0.70569
0.46725
0.84029
0.59877
0.47005
1.15462
0.96546
0.39989
0.38149
0.10870
1.06827
0.21748
1.10233
0.70718
0.37919
0.31334
0.42351
0.21045
0.29355
0.20491
0.13181
0.14793
0.73213
0.58873
0.72491
-0.08751
0.32472
0.41489
1.00466
0.15148
0.78145
0.29570
0.26763
0.37934
0.84581
0.44372
0.35905
0.51860
0.32581
0.76624
0.50300
0.67843
0.58947
0.41442
0.84335
0.29552
0.36513
0.67944
0.73689
0.37552
0.61698
0.90952
0.98765
0.50982
0.52676
0.64568
0.72030
0.65182
0.47075
0.84399
0.06877
0.25170
0.47199
0.39381
0.74187
0.63474
0.68567
0.25009
0.23865
0.27500
0.58396
0.65549
0.74373
0.61053
0.40810
0.20611
0.35167
0.48718
0.78474
0.73472
0.32901
0.80167
-0.03742
0.40885
0.29170
0.70346
0.45062
0.45982
0.38384
0.53068
0.15786
0.58858
0.30035
0.40288
0.39152
0.32064
0.33205
0.30680
0.60174
0.35812
0.45397
0.26276
0.76222
0.76303
0.34197
0.92292
0.58699
0.88353
0.65083
0.39590
0.20607
0.31417
0.26665
0.35383
0.63047
0.05819
0.34471
0.62443
0.33895
0.99353
0.43733
0.71366
0.63116
0.56960
0.77384
0.57553
0.29582
0.46617
1.01201
0.36641
0.87903
0.74041
0.33436
0.65211
0.15484
0.53163
0.67326
0.27925
0.61831
0.55201
0.47341
0.92911
0.19341
0.76686
0.09019
0.55462
0.60950
0.75771
0.57747
0.12630
0.49027
0.03711
0.59910
0.77589
0.36314
0.45471
0.45914
0.47239
0.42125
0.11130
0.34217
0.82105
0.20696
0.91268
0.09584
0.43479
0.15185
0.53342
0.82707
0.46437
0.79619
0.49650
0.37296
0.41924
0.64386
0.28797
0.21463
0.47509
0.94329
0.48830
0.61901
0.29102
0.15700
0.57258
0.09296
0.52151
0.63248
0.58936
0.80294
0.49664
0.60753
0.37186
0.57469
0.98842
0.52797
0.33284
0.32350
0.54564
0.48281
0.79400
0.25486
0.63171
0.59930
0.84301
0.33847
0.63706
0.28689
0.27266
1.00051
0.31475
0.43629
1.03916
0.56361
0.25976
0.48952
0.91369
0.16094
0.44618
0.44103
0.38126
0.91820
0.45075
0.76133
0.79390
0.39869
0.40051
0.54739
0.33291
0.38094
0.24952
0.35729
0.56003
0.35501
0.37068
0.74080
0.89830
0.25213
0.84387
0.58856
0.65607
0.32986
0.39744
0.49559
0.41837
0.49265
0.83229
0.43671
0.61508
0.77403
0.59957
0.43557
0.90085
0.45118
0.80660
0.55850
0.62311
0.52263
0.20209
0.54116
0.02168
0.65432
0.97443
0.49693
0.73210
0.19307
0.49196
1.04460
0.77397
0.34140
0.31230
0.83666
0.60495
0.54462
0.27177
0.62198
0.71991
0.34904
0.49978
0.38412
0.42238
0.71523
0.86002
0.60899
0.68490
0.54970
0.52786
0.36407
0.30908
0.19332
1.06959
0.60372
0.93389
0.52123
0.52037
0.57481
0.32656
0.68728
1.03670
0.93761
0.55921
0.97633
0.05171
0.04155
0.66980
0.68731
0.33665
0.98932
1.13249
0.69684
0.27357
0.37899
0.33513
0.49815
1.01792
0.11043
0.41708
0.06455
0.35756
0.48636
0.27642
0.54215
0.53758
0.77927
0.36726
0.29402
0.34970
0.46705
0.82821
0.49587
0.65624
0.24405
0.32953
0.30613
0.38767
0.48451
0.53171
0.22159
0.62654
0.94559
0.30562
0.58579
0.39983
0.34781
0.75033
0.18316
0.01391
0.17168
0.49070
0.55775
0.27429
0.51010
0.45194
0.33466
0.24383
0.26818
0.35917
0.69753
0.25934
0.83296
0.49637
0.72493
0.39896
0.88444
0.60960
0.53782
0.02521
0.40508
0.99107
0.46652
0.23113
0.61705
0.75107
0.22534
1.08493
0.83065
0.55679
0.64295
0.39519
0.39529
0.88736
0.39844
0.53516
0.47118
0.40356
0.44956
0.68164
0.65905
0.67397
0.73301
0.50892
0.85137
0.18359
0.47500
0.10082
0.28555
0.25161
0.67050
0.74274
0.71733
0.36952
0.90166
0.28113
0.46692
0.49533
1.06617
0.57852
0.72572
0.40850
0.25739
0.76949
0.84590
0.70844
0.45500
1.02600
0.55864
0.20323
0.53976
0.90575
0.74247
0.96028
0.54482
0.40835
0.93921
