0.08770
0.49009
0.68103
0.21719
0.78247
0.86247
0.29378
0.56092
0.63538
0.88627
0.75013
0.83525
0.41284
1.05064
0.44752
0.73832
-0.05684
1.10926
0.14531
0.59221
0.31124
0.09417
0.47243
0.54762
0.45550
0.63077
0.52707
0.97935
0.53612
0.90366
0.64581
0.65440
0.94853
0.30019
0.02341
0.81825
0.53944
0.14622
0.87510
-0.03897
0.97245
-0.06156
0.95602
0.75662
0.05567
0.07549
0.39204
0.12804
0.27102
0.98319
0.16992
0.98379
1.00527
0.40054
0.93326
0.77299
0.84393
0.36005
0.49087
0.47663
0.60421
0.35853
0.01314
0.05140
0.47436
0.83430
0.32218
-0.02957
0.70035
-0.00383
0.75467
0.19048
0.02455
0.36124
1.09246
0.47134
0.03807
0.82568
0.14956
0.48674
0.19411
0.65734
0.06652
0.48156
0.25598
-0.02005
0.97480
0.28215
0.51398
0.67040
0.60815
0.36033
0.80920
0.15278
0.10049
0.62606
-0.11121
1.05353
-0.05120
1.06289
0.55941
0.76430
0.22364
0.50755
0.95556
0.32697
0.95481
0.38343
0.38178
0.78722
0.82946
0.95515
0.25247
0.28327
0.53146
0.50689
0.39809
0.16726
0.26674
0.01491
0.86751
0.85630
0.37642
0.75699
0.08753
0.60168
0.89716
0.44688
0.13853
0.45310
-0.02251
0.49100
0.64171
-0.00897
0.54378
0.93048
0.85615
0.27226
0.48324
-0.01777
0.97855
0.02736
0.64215
0.41330
0.68318
0.28801
1.19044
0.89187
0.07651
0.36169
0.14146
0.84040
0.51726
-0.05214
0.31368
-0.01551
0.64611
0.90829
0.67516
0.31583
0.46901
-0.07954
0.45840
0.24643
0.35413
0.00971
0.36138
0.63904
1.01519
0.72979
0.08511
1.06483
0.50719
0.31165
0.09980
0.17681
0.18616
0.34999
-0.02909
0.28233
0.02043
0.44687
1.07909
0.94682
0.50269
0.63719
-0.12658
0.16096
0.13081
0.80534
0.34692
0.71596
0.20582
0.26054
0.03867
0.12522
0.13622
0.16987
-0.12279
-0.05835
-0.12303
0.52755
0.28839
0.30841
0.52051
0.43034
0.55552
0.51828
0.93177
0.92610
0.42675
-0.07124
0.86684
0.20490
0.67625
0.50832
0.37452
0.46494
0.77526
0.09515
0.41756
0.05741
0.11070
0.24860
0.60952
0.66743
0.29466
0.20609
0.90856
0.88271
0.16531
0.72393
0.85973
0.94438
0.44060
0.03326
0.35649
0.47460
0.99069
0.29784
0.50569
1.03154
0.96525
0.25150
0.19602
-0.08070
0.96957
0.28121
1.02518
0.57964
0.73913
0.49432
0.44424
0.74281
0.48714
0.76039
1.07568
0.90147
0.87285
0.58625
0.42599
0.35817
0.77211
0.20566
0.43998
1.06387
0.97570
0.23137
0.51284
0.85641
0.42427
0.57505
0.41104
0.92204
0.39204
-0.04403
0.94373
0.08063
0.46619
0.64424
0.62090
-0.08705
-0.00694
0.59648
0.27274
0.29651
1.03230
0.09994
0.32061
-0.05523
-0.03581
0.03612
0.28867
0.92464
0.93478
0.11743
0.49117
0.47874
0.97763
0.84405
0.41047
0.38556
0.83394
0.01519
0.75228
0.47315
0.53408
0.09075
0.81659
0.51298
0.87903
0.48195
-0.04587
0.43941
1.02605
0.30186
0.37325
0.21687
0.25588
0.36301
0.79155
0.46549
0.89974
0.00507
0.46854
0.94811
0.74440
1.13999
-0.02460
0.18447
0.66250
0.59259
0.16041
-0.01213
-0.15708
0.73636
0.02136
0.87637
0.62818
0.09568
0.98757
0.42063
0.43918
0.31507
0.29176
0.97429
0.04519
0.94106
0.69449
0.50571
0.56594
0.32800
0.64573
0.58906
0.34361
0.96633
0.42201
0.54902
0.42607
0.46699
0.07206
0.15267
0.03293
0.79993
0.47015
0.49611
0.45755
0.82914
0.43558
0.37217
0.40749
-0.08471
0.19385
0.99041
0.72816
-0.10963
0.19869
0.19104
-0.00479
0.99084
0.75467
0.09895
0.21484
0.28444
0.39419
0.85328
0.63156
0.27689
0.94669
0.08251
0.76328
0.45447
0.85452
0.45498
-0.09688
0.21858
0.56571
0.30512
0.87218
0.60814
0.60960
0.39695
0.40005
0.01114
0.80369
0.66021
-0.03957
0.54889
0.98813
0.48451
0.99368
0.76159
0.07999
0.59564
0.23401
0.29580
0.63685
0.42253
0.35009
0.69493
0.29401
0.28766
0.58676
0.45177
0.43498
0.42819
0.47456
0.76860
0.96090
0.97363
0.42359
0.77311
0.33856
0.53521
0.10826
0.03232
0.14364
0.86720
1.02493
0.15295
0.23848
0.51301
0.39342
0.39086
0.23370
0.27581
0.01234
0.01570
0.50205
0.90634
0.36450
0.70287
0.37602
0.91152
0.84687
0.50470
0.65865
-0.05928
0.07037
0.43022
0.43437
0.94060
0.51245
0.19986
-0.06401
0.34923
-0.00944
0.12114
0.75362
0.93652
1.06372
0.14598
0.04564
0.41848
0.02259
0.86277
0.00384
0.50426
0.47016
0.59588
0.52934
0.49358
0.94621
0.48172
0.72612
-0.02940
0.88926
0.31564
0.31838
0.58362
0.33847
0.47369
-0.08214
0.49111
0.52450
0.82052
1.04838
0.79021
0.89177
0.31734
0.01120
0.10622
0.59592
0.30282
0.14895
0.03280
0.01349
0.43256
0.56511
-0.01355
0.46696
0.58247
0.43135
0.51416
0.74715
0.54355
0.88411
0.19045
0.36159
0.53989
0.02519
0.09656
0.32016
0.69204
0.43173
0.81384
0.45426
0.11800
0.30374
0.36233
0.16910
0.35046
0.58528
0.33500
0.55853
0.98782
0.52675
0.19333
0.77727
0.41451
0.81586
0.20392
0.64584
0.14793
0.90293
0.52988
0.50931
0.13162
0.38773
1.19584
1.01028
0.46936
0.86591
-0.12182
0.11900
0.93990
0.31251
0.26690
0.76548
0.48794
0.15267
0.83043
1.10292
0.01569
0.30920
0.97822
0.07958
0.60470
-0.10651
-0.00507
0.04260
0.42120
0.84446
0.41545
0.34721
0.10644
0.18868
0.08446
0.44553
-0.10456
0.63321
0.17354
0.93948
0.56603
0.12284
0.49251
0.40725
0.61614
0.67161
0.28259
0.10769
0.38269
0.51859
0.41782
0.32406
0.80150
0.40697
-0.03749
-0.12673
0.56075
0.31735
-0.02694
0.23688
0.75177
0.76631
0.49688
0.01171
0.51022
0.85097
0.89366
0.46779
0.56301
0.36632
0.78493
0.52282
0.74922
0.90352
0.17286
0.68384
0.05126
0.44079
0.44838
0.40451
0.00564
0.13200
0.46389
-0.06136
0.50993
0.41090
0.33114
0.86443
0.06008
-0.09035
0.73321
0.90383
0.84740
0.33324
0.50687
0.66267
0.53979
0.99378
0.11148
0.55956
0.40770
0.88683
0.19042
-0.12226
0.59491
0.72267
0.53936
0.34156
0.06521
0.02936
1.04272
0.65458
0.28723
0.26234
0.72813
0.26168
0.28529
0.17236
0.54560
1.09377
0.47908
0.51430
0.61847
0.93844
0.03562
0.79154
0.80574
0.58797
0.35295
0.30739
0.15972
0.87074
0.10704
0.57087
0.27979
0.40082
0.51390
0.14420
0.95165
0.88314
0.37166
0.84605
0.85314
0.39008
0.11323
0.96686
0.79104
0.21696
0.29493
1.08347
0.31709
0.46960
0.38484
0.97061
0.30252
0.49934
-0.14486
0.48355
0.62723
0.31589
0.52457
0.13995
0.50320
0.34966
1.01234
0.48656
0.32162
0.03954
0.12778
0.91438
0.82386
0.61683
1.03737
0.17842
0.37083
0.53128
0.70998
0.53149
0.87700
0.67006
0.92075
0.25415
1.05965
0.14241
-0.02634
0.09458
0.07245
0.11979
0.49102
0.46169
0.10281
0.89178
0.03286
0.17175
0.78650
0.31002
1.05025
0.34609
-0.27418
0.23239
0.23885
0.22021
0.16023
0.40666
0.91932
0.13379
0.50592
1.03701
0.67992
0.69665
0.84755
0.66436
0.53382
0.62724
0.56031
0.05249
0.80481
0.83337
0.49794
0.06515
0.13216
0.51516
0.33126
0.82851
0.52257
0.49549
0.24332
0.71958
0.63874
0.99612
0.92465
0.25798
0.32617
0.22599
0.51643
0.27723
0.47627
0.46891
0.87867
1.04662
0.92709
0.84016
0.51962
0.32602
0.89801
0.82760
0.12678
1.01080
0.37323
0.88739
0.71919
0.98347
0.79283
0.37206
0.66140
0.54132
0.27485
0.62615
0.24009
0.67366
0.98874
0.14992
0.48808
0.52822
0.77429
0.65078
0.80355
0.89347
1.02364
0.77121
0.21798
1.14732
0.04200
1.04763
0.81776
-0.05201
0.02396
0.45342
0.52805
0.15052
0.15546
0.57798
0.61945
0.25740
0.91505
0.54789
0.82370
0.14954
0.51361
0.14750
0.60014
0.36274
0.43742
0.68600
0.74668
1.01035
0.20742
-0.04190
0.79865
0.69314
0.36527
0.66363
0.10429
0.42465
-0.01590
0.83016
0.49284
0.51652
0.51123
0.53630
0.09319
1.15778
0.50260
0.03999
0.91991
0.08585
-0.17109
0.38871
0.55687
0.16408
-0.13472
0.38027
0.93321
0.53807
1.03645
0.79418
1.03861
0.44995
0.23251
-0.00149
0.74709
0.34508
0.41904
0.68257
0.54112
0.36626
0.44622
0.52990
0.51728
0.17612
0.77748
0.98284
0.08871
0.18291
0.16150
0.12676
0.02206
0.00860
0.82126
0.64388
0.91096
0.58373
0.14629
0.79360
0.20696
-0.03548
0.00431
-0.01908
-0.03714
0.77118
0.83692
0.92630
0.25736
0.25017
0.10868
0.68226
0.83371
0.63568
0.45764
0.65089
0.11913
0.57567
0.67784
0.19800
0.27330
0.81476
0.25454
-0.02394
0.42168
0.49987
-0.11885
0.63471
0.94957
0.02996
0.81568
0.04818
0.76100
0.81598
0.55404
-0.18557
0.17119
0.93212
-0.02289
0.00353
0.37544
0.49028
0.40283
0.18045
0.34049
0.17832
0.45683
-0.06271
0.27825
-0.03683
0.41135
0.72589
0.47379
0.33388
0.84543
0.10999
0.01108
0.45045
0.54789
0.78609
0.41385
0.83855
0.48943
0.69601
0.49815
0.91451
0.97432
0.21178
0.40214
0.30854
0.08841
0.99180
-0.06358
1.16455
0.04377
0.73680
0.50492
0.11481
-0.09221
0.08462
0.95662
0.22345
0.62901
0.10284
1.18385
0.23698
0.15746
0.79695
1.07156
0.31322
0.92408
0.47254
-0.06671
0.20176
1.01834
0.48441
0.73378
0.50510
0.76264
0.44372
0.51877
0.43625
0.53553
0.93622
0.46246
0.13990
0.54076
-0.08119
0.45406
0.00432
0.39837
0.58889
0.27712
0.19870
0.25154
0.08765
0.73632
0.01501
0.97462
0.53723
0.58653
0.44328
-0.09299
1.11196
0.94606
0.42673
0.55976
0.42609
0.50931
-0.01270
0.07394
0.95142
0.56067
-0.00529
0.40112
0.08480
0.04756
0.69270
0.82227
1.05172
-0.06709
0.85956
0.01724
0.10779
0.88446
0.89808
-0.06073
0.95420
0.52345
0.90209
0.24232
-0.00429
-0.10053
0.50816
0.55771
0.35995
0.88726
0.42975
0.34604
0.43877
0.58271
0.35735
0.74709
0.27918
0.81075
0.38427
0.25362
0.37836
0.64807
-0.07853
0.13978
-0.00726
0.29915
0.85811
0.95899
-0.19672
0.66508
0.69044
-0.01522
0.54380
0.22699
0.83280
0.04643
0.57823
0.58255
0.37054
0.67973
0.08984
0.88215
0.20900
-0.01928
-0.06586
0.31034
0.95605
0.91069
0.55709
0.03521
0.86849
0.76163
0.57549
-0.03153
0.85722
0.86074
-0.14457
0.42638
0.40789
1.03022
0.86890
0.30147
0.37048
0.57723
0.00383
0.13050
0.97517
0.53337
0.94238
0.72910
0.02048
-0.07627
0.43864
0.92461
-0.04790
0.93637
0.76998
0.93046
0.36654
0.04929
0.32863
-0.07023
0.38980
0.06780
-0.00023
0.38945
-0.00433
0.79758
0.32552
0.47788
0.16730
0.76656
1.14287
0.47018
0.73682
0.55285
0.38445
0.55801
0.88717
0.51383
0.33690
0.53554
0.05643
0.33168
0.84749
0.28919
0.45498
0.71713
0.71927
0.94889
0.27690
0.69099
0.44725
0.98349
0.93634
0.48472
0.79642
0.60366
0.30097
0.30981
0.89059
0.69642
0.28145
0.92918
0.36718
0.91877
0.59200
0.85748
0.23908
0.31826
0.31630
-0.03789
0.70509
0.12196
0.01851
0.37686
-0.04734
0.66634
0.88545
0.44664
0.39466
0.94742
1.07072
0.47711
0.40579
0.36036
0.59039
0.85348
0.99277
0.51913
-0.05047
-0.08875
0.53152
0.59623
0.54276
0.49081
0.58146
0.23989
0.27877
0.48992
0.79250
-0.08503
0.48257
0.48822
0.50839
0.03975
0.03546
0.12996
0.80462
0.84727
0.09196
0.14007
0.40937
1.06510
0.75102
0.42984
0.04955
0.74371
0.13375
0.35640
0.27513
0.68839
0.57349
1.04560
0.74922
0.63939
0.23116
0.52566
0.08134
0.46058
0.94787
0.26694
0.63480
0.58860
-0.07461
0.14446
0.58019
0.32758
0.99414
0.84586
0.09173
0.42263
0.13682
0.48159
0.69717
-0.02183
0.39292
0.68963
0.31228
-0.01620
0.35313
1.00872
0.43807
-0.03003
0.32070
0.29821
0.47162
0.63229
0.94298
0.98104
0.53927
0.57943
0.84079
0.39109
0.32621
0.68909
0.05150
0.36492
0.22568
0.68207
1.15969
0.70054
0.24699
0.55550
0.07598
0.62180
0.55319
-0.00654
0.48482
0.05039
0.48639
0.89806
0.92564
0.23361
-0.11983
0.12549
0.83624
0.08136
0.66415
-0.00641
0.57134
0.67071
0.09544
0.19123
0.94315
0.75358
0.24989
0.83797
0.06729
1.05029
0.87653
-0.02166
0.93922
1.09057
0.84535
0.10320
-0.03599
0.90500
0.25186
0.06743
0.87318
0.46428
0.95423
-0.15151
0.84878
0.34123
0.12809
0.42306
0.64550
0.51910
0.34576
0.99936
0.43598
0.02550
0.16022
0.56826
0.51235
0.76892
0.21022
0.52234
0.85282
0.90797
0.19781
0.16768
0.53338
0.33062
0.02266
0.06085
0.02011
0.17507
0.26726
0.10015
0.52681
0.45580
0.52460
0.50134
0.52216
0.49713
0.99976
0.60721
-0.01449
0.73645
0.08722
0.34198
0.04711
0.32817
-0.02816
0.86345
0.30728
0.37135
0.51188
0.44665
0.61892
0.63524
0.41683
0.51004
0.98363
0.64835
0.04308
0.11223
-0.18405
-0.05202
0.41274
0.98827
0.90191
0.71789
0.43441
1.07980
0.36387
0.83981
0.40482
0.02692
0.15778
0.13078
1.04388
0.65689
0.79673
0.47090
0.63959
0.78097
0.54316
-0.04475
0.15664
0.82427
1.05191
0.02863
0.23431
0.46580
0.40657
0.34982
0.37165
0.75480
0.55358
0.09341
0.82051
0.20544
0.54606
0.89247
0.61624
-0.13101
0.52734
0.74386
0.91677
0.48963
0.73892
0.25010
0.89913
0.04592
1.02353
0.50331
0.62606
0.65469
0.02437
0.70787
1.03238
0.03631
0.85345
0.83851
0.35657
1.05811
0.71399
0.76495
-0.00980
0.83432
0.36551
0.43332
0.27456
0.54003
0.70251
0.48267
0.58858
-0.07685
0.03797
0.54642
0.01195
0.68614
0.49812
0.31397
1.12716
0.00404
-0.06310
0.97180
1.07133
0.77548
1.00806
-0.02504
0.42065
0.48675
0.44588
0.55291
0.36954
0.17560
0.66432
0.44169
0.55202
0.65868
0.04229
0.53347
-0.09830
0.82737
1.03670
0.04513
1.08844
0.05172
0.41678
0.16203
0.21077
0.38637
1.03403
0.92437
0.10037
0.90377
0.66777
0.33186
0.54488
1.09602
0.01722
0.64734
0.47385
0.64226
0.59672
-0.18053
-0.10410
0.44734
0.80564
0.07025
0.27688
0.18726
0.49961
0.20621
-0.12292
0.26313
0.96209
0.38508
-0.02636
0.42498
0.18063
0.37969
0.45799
0.43251
0.94775
0.22734
-0.03336
0.96426
0.78695
0.15073
0.50364
0.93602
0.75593
0.53221
0.12691
-0.20497
0.43006
0.34793
0.02746
-0.15438
0.28635
0.27567
0.60287
0.44208
-0.19573
-0.03408
0.78146
0.53903
0.51980
0.67485
0.67490
-0.09152
0.74750
0.39359
0.08374
0.63878
0.89826
1.12205
0.40505
0.27961
0.00875
1.05880
0.42213
0.12124
-0.00265
0.55392
0.63627
0.22001
0.94070
0.74732
0.59095
0.55101
0.26097
-0.00088
0.14210
0.14017
0.11445
0.52847
0.95116
-0.02185
0.23664
0.51100
0.82684
0.09116
0.26371
0.42022
0.94322
0.43389
0.88726
0.41372
0.11390
0.43354
0.76169
0.32079
0.75421
0.91063
0.63563
1.01519
0.37941
0.24360
0.21515
0.94742
0.58917
0.30994
0.93563
0.95180
0.91751
0.25753
0.03487
0.02197
0.59184
0.20605
0.62207
0.88952
0.16077
0.44314
1.01491
0.14939
0.89974
0.07516
0.68163
0.57871
-0.02773
0.25535
0.58421
0.30062
0.16666
0.32502
0.01501
0.93971
0.76365
0.93168
0.36046
0.43945
0.03022
0.82139
0.06503
0.63114
0.76113
0.78775
0.97328
0.35849
0.12023
0.01284
0.74363
0.65408
0.90156
0.35344
-0.18681
0.09440
0.91331
0.23014
0.34804
0.84982
0.01912
0.42360
0.35777
0.64967
0.96010
0.66510
-0.02908
0.39734
0.99566
-0.01184
0.69809
0.59562
-0.05680
0.43125
0.77296
0.28241
0.38393
0.04339
0.77847
0.44455
0.00457
-0.04927
-0.00938
0.91677
0.26370
0.96058
0.45081
0.88278
0.40033
0.79582
0.44573
1.05889
0.03486
1.00904
0.77026
0.07302
0.33984
0.55282
0.29818
0.69414
0.32165
0.61980
0.14254
0.24696
0.43016
0.04807
0.07380
0.21400
1.06754
0.36035
0.94517
1.13711
0.41041
0.51826
0.42169
0.80616
0.26672
0.01908
0.53818
0.99306
0.54956
0.90722
0.40588
0.35831
0.20941
0.84026
1.06578
0.89183
0.27132
0.81296
-0.05333
1.05147
0.09999
0.05175
0.41285
0.63297
-0.11378
0.59743
0.05802
0.92398
1.13539
0.54376
0.76021
0.26723
0.77809
0.35156
0.51718
-0.00573
0.07540
0.44665
0.95125
0.41529
0.85334
0.50110
0.84456
0.82195
0.76899
1.03223
0.10394
0.85866
0.32129
0.11435
1.02665
0.20287
0.86650
0.74087
-0.00673
0.55760
0.34874
0.45908
0.10235
0.61973
-0.14158
0.61224
0.02914
0.74517
0.77235
0.41174
-0.04542
0.84748
-0.06165
0.42079
0.94303
0.91033
-0.09028
0.24438
0.43548
0.34960
1.02474
0.89239
0.64470
-0.09807
0.92827
1.07290
0.33020
0.43299
0.45186
0.06756
0.18464
0.88827
0.95848
0.61210
1.12114
0.81100
0.10640
0.15208
-0.02326
0.34415
0.12609
0.63544
0.45169
0.30826
0.22254
0.47234
-0.00391
0.82118
0.40636
0.07932
0.69411
0.53958
1.06179
0.84356
0.16401
0.78409
-0.04592
-0.08068
0.45446
0.41567
0.60552
0.22788
0.66129
0.13407
0.94110
0.42065
0.38476
0.15876
0.87068
0.73897
0.17650
0.90186
0.08079
0.86005
1.01290
1.03860
0.73847
0.05258
0.64241
0.59638
0.58429
0.59722
0.90548
0.14099
0.50741
0.81245
0.27017
0.59262
0.85101
-0.07652
0.07398
0.83640
0.53247
0.48350
-0.03153
0.33797
0.39713
0.20892
0.70100
0.15426
-0.21106
0.39244
0.46351
0.13329
0.40656
0.66810
0.33921
-0.09989
0.20244
0.40085
0.85643
0.66177
0.71613
0.95158
1.03588
0.47511
-0.05891
0.84930
0.38559
0.63002
0.91638
0.54140
0.80274
-0.01408
1.04249
1.17604
0.53777
0.44456
0.74021
0.20115
0.59993
0.19734
0.47874
0.30273
1.06275
0.68692
0.28078
0.02371
0.06763
0.44281
-0.00957
0.92623
0.52601
0.49797
0.27264
0.29516
0.76511
0.34959
0.56008
-0.04853
-0.02948
0.43345
-0.06100
0.76235
0.09580
0.33829
0.64527
0.29741
0.22107
0.34096
0.26222
0.20887
-0.05630
0.92626
0.80253
-0.04381
-0.01901
0.35591
1.09771
0.02707
0.11807
0.11668
0.39026
0.33873
0.18435
0.59826
0.35165
0.42834
0.60882
0.63118
0.96769
0.31618
1.12312
0.15723
0.62510
-0.01747
1.13960
0.98704
-0.02887
-0.02843
0.24248
0.19697
0.46984
1.19322
0.39104
0.49774
1.05888
1.04908
0.71289
0.92249
0.58677
0.72250
0.50891
0.83867
0.46307
0.12791
0.35962
-0.02700
0.93924
0.37127
0.02066
0.99292
0.63068
0.40010
0.29596
0.64899
0.74764
0.93400
0.23107
-0.03454
0.13874
0.87821
0.15429
0.35228
0.36097
0.60115
0.07909
0.10453
0.49385
-0.07291
0.01998
0.15213
0.20759
0.18967
0.09215
1.02144
0.85232
0.78099
0.10828
0.44973
0.49855
0.49528
0.53814
0.78197
0.96224
-0.04322
0.14437
0.87856
0.54209
-0.06828
0.40133
0.03838
0.52431
0.93928
1.06793
0.44932
0.43168
0.82674
0.39373
0.99750
0.13943
0.39819
0.86207
0.29268
0.37794
0.86515
0.64894
0.37749
0.10974
0.55935
0.43714
0.92425
0.03389
0.87443
-0.13409
0.02983
0.46328
-0.04526
-0.09203
0.28995
0.16470
0.33912
0.82580
0.12266
0.33841
0.88214
0.35079
0.87039
0.81019
0.82408
0.42324
0.50886
0.39436
0.52395
0.62549
0.88192
-0.02284
0.19372
0.10341
-0.00812
0.94194
0.07155
0.30817
0.18088
0.56606
0.86950
0.34965
0.47621
0.87517
0.40697
0.77981
0.87195
0.06106
-0.11991
0.54479
0.40516
0.04238
0.36999
0.70947
0.59106
0.75293
0.62981
0.43759
0.69989
0.08730
0.16574
0.23634
0.23630
-0.00229
0.79236
-0.05355
0.26939
0.27858
0.90125
0.88741
1.15719
0.22264
0.70638
0.47607
0.03055
0.94354
0.52940
0.88201
0.45921
0.81588
0.52564
0.51564
0.42453
-0.02529
1.02680
0.96266
0.06762
0.18104
0.20542
0.96743
0.41762
0.06861
0.53609
0.51798
1.09587
0.74977
0.32447
0.35185
0.21520
-0.14685
0.29881
0.07049
1.09127
0.13947
0.38241
0.66302
0.97778
0.86597
0.81940
0.91261
0.97893
0.57611
0.08028
0.06411
0.09357
0.23261
0.26047
0.66435
0.27214
0.63187
0.84372
0.46121
0.81585
0.90223
0.91404
0.71552
0.65256
0.64105
1.08383
0.88050
0.50271
0.22345
0.76053
0.92935
0.45220
0.91583
0.27035
-0.01486
0.34640
0.51518
0.08026
0.42490
0.97811
0.03064
0.75263
0.26165
0.49061
0.34592
0.62786
0.54403
0.37240
0.50231
0.76552
0.02277
0.24468
0.72150
0.97392
0.91111
0.58603
0.57617
0.52571
0.97247
0.71365
-0.04499
-0.09845
0.93616
0.18151
0.04385
0.89890
0.45661
0.19784
0.77759
0.04221
0.87945
0.56382
0.44088
0.03314
0.17528
0.96746
0.89615
0.11384
0.58218
0.24298
0.55659
0.40245
0.47123
0.99083
0.12711
0.57554
0.62882
1.09063
0.92703
0.46100
0.54706
0.61760
0.35892
0.94190
0.87655
0.15227
-0.05053
0.13047
0.40184
0.66545
0.70409
0.41379
0.76356
0.08858
0.57940
0.21380
0.35543
0.79814
0.93063
0.44083
0.45683
0.28244
-0.02656
0.87955
-0.05962
-0.10377
1.02761
0.44326
0.00410
1.00311
0.59501
0.18818
0.45903
1.03157
0.47897
0.48585
0.46715
0.19365
0.99258
0.85078
-0.03923
1.05265
0.07752
1.00581
0.45093
0.91883
0.65976
0.53727
0.35854
0.33251
0.08262
0.04932
0.40776
0.89896
0.74149
0.17884
-0.04320
0.37283
0.58190
0.92086
0.05857
0.87413
0.91173
0.38189
0.88099
0.75044
0.65140
0.45692
0.11712
-0.02423
0.94429
0.26594
1.02680
1.08186
0.24822
1.13753
0.55700
0.04961
1.04162
0.48998
0.81817
0.85668
0.57223
0.55232
0.57105
0.18121
1.03010
0.48684
0.72294
0.08678
0.45305
0.84738
0.15437
-0.03380
0.60521
0.26026
0.71632
0.13649
0.68655
0.17861
0.95955
-0.01336
0.95417
0.95937
0.88063
0.21533
0.63608
0.32774
0.56370
0.52750
0.74384
1.20123
0.96328
0.73299
1.05293
0.26965
0.69990
0.47020
0.90291
0.54125
0.48592
0.98793
1.08193
0.32532
0.38921
0.91434
0.32350
0.14141
0.31068
0.24813
0.97638
0.39314
0.45098
-0.02338
0.91049
0.58823
0.95182
0.99317
0.02825
-0.15321
-0.00420
0.17571
0.00507
-0.07094
0.57910
0.42951
0.54467
0.46259
0.69010
0.01457
0.57460
0.74764
-0.12018
0.94054
0.97335
-0.00908
0.76101
0.53298
0.09721
0.46651
0.12251
0.43608
0.67364
0.77108
0.61019
0.21062
0.86795
0.82434
1.09654
0.45756
0.73737
0.00268
0.04508
0.34572
1.02593
0.35583
0.45493
0.31333
0.00392
0.87922
0.32251
0.53177
0.30743
0.83239
-0.17726
0.50940
0.53832
0.41987
0.85066
0.21632
0.81742
0.76627
0.32312
0.50554
0.49801
0.32588
0.53942
0.90551
0.84462
0.20388
0.35759
0.49471
0.06718
1.07062
1.01733
0.69707
1.07507
1.01879
0.89207
0.56050
0.67407
0.01185
0.55227
0.48483
1.04193
-0.05081
0.50027
0.23818
0.91111
0.83302
0.28618
0.03733
0.30211
0.90461
0.28585
0.91205
1.04825
0.49569
0.14797
0.22895
0.84913
0.92319
0.38128
-0.04773
0.30377
0.11811
0.02933
0.82982
0.41896
0.84926
0.44505
0.19320
0.37382
0.98471
0.87096
0.74818
0.54438
0.31649
0.43167
-0.06857
0.71438
0.44684
0.41819
-0.06327
-0.03536
0.56485
0.36679
-0.01085
0.53798
0.92959
0.57556
0.58825
0.05246
0.06279
0.78332
0.68697
1.01560
0.47497
0.05947
0.39783
0.14461
0.47901
0.51417
0.90054
0.56399
0.04431
0.84733
0.55759
0.64911
0.40343
0.06520
1.03787
0.43446
-0.09198
0.64376
0.03847
-0.01216
0.14630
0.55828
0.45224
0.59654
0.35377
0.84825
0.22249
-0.01375
-0.00825
0.84587
0.82588
0.19499
1.18113
0.05667
0.23975
0.09282
1.09497
0.00577
0.40690
0.16889
0.06296
0.32371
0.95797
0.27726
0.23680
1.02602
0.06579
0.44108
0.69769
0.32704
-0.05849
0.98590
0.41588
0.51081
0.55384
0.26038
0.48910
0.62436
0.90828
0.22435
0.45289
0.44906
0.72972
0.82622
0.81751
0.26646
0.43686
0.33716
-0.03655
0.11658
-0.05304
-0.03006
-0.08397
0.58521
-0.14783
0.87346
0.10531
0.11944
0.57819
0.76193
-0.04407
0.13826
0.42510
0.75204
0.18178
0.47544
0.57636
0.92001
0.40811
0.49962
-0.00175
0.86196
0.35012
0.08481
1.05482
0.57848
0.43351
0.61000
-0.03543
0.72354
0.57756
0.38854
0.46335
0.17243
0.03036
1.04917
0.85735
0.00025
-0.08755
0.20153
0.44256
0.57770
0.45931
-0.14245
0.45233
0.87106
0.57222
0.66775
0.78112
0.04314
0.52452
1.04222
0.38903
0.91702
0.70248
0.00683
-0.02767
0.72517
0.38327
0.14961
0.48197
0.19435
0.65593
0.44636
0.62293
0.14228
0.62280
-0.09512
0.37864
0.86648
1.14661
-0.03348
0.62812
1.17255
0.96101
0.30771
0.95148
0.57083
0.24845
0.47158
0.77288
0.77758
0.86495
0.76272
0.32953
0.46524
0.76391
0.48961
0.38285
-0.08561
0.32133
1.06610
0.18230
0.36659
0.46955
-0.14302
-0.03745
0.08425
0.14568
0.91652
0.40115
0.51208
0.78896
0.49817
1.00264
0.07622
0.55088
0.25986
0.52329
0.82635
0.35321
0.13360
0.55032
0.12236
0.29143
-0.07600
0.14476
0.37987
0.35206
0.66526
0.74664
-0.01638
0.95268
0.48547
0.94980
0.69163
0.95266
0.52017
0.59445
0.46308
-0.16414
0.50598
0.78286
0.58243
-0.02271
0.51312
0.92840
0.95555
0.62270
1.02505
0.35773
0.18680
0.79394
0.73627
0.50457
-0.00082
0.66733
0.76846
0.03810
0.00464
0.51401
0.30546
0.25704
0.12904
-0.15381
0.09427
0.16838
-0.11256
1.01732
0.41020
0.36817
0.72561
0.43731
0.01890
0.02653
0.71838
0.44083
0.95560
0.55518
-0.01586
0.42058
0.90326
-0.12722
0.48055
0.24763
0.94955
0.82755
0.38305
-0.00283
-0.27406
0.66085
-0.12032
0.63774
0.50529
0.71420
0.75570
0.08458
0.58300
0.06465
0.14095
1.10868
0.77623
0.49324
0.66456
0.03559
0.32829
0.51408
0.13279
0.14724
0.14795
1.06818
0.81002
0.65606
0.02370
0.80635
1.00493
0.02634
0.23610
0.77829
0.50286
0.40147
1.02184
0.47646
0.49160
0.52127
0.04380
-0.01930
0.85319
0.01692
0.91313
0.49510
0.54612
0.90699
0.40872
0.21534
0.78073
0.87170
0.97809
0.16607
0.12791
0.66097
-0.12182
0.57681
0.54018
0.93727
0.15365
0.26526
0.27201
0.67687
0.48952
0.00563
0.06893
0.86044
0.41297
0.32973
0.78082
0.34514
0.91996
0.73003
0.30334
0.62342
0.49547
0.47500
-0.04081
0.89088
1.04901
0.55939
0.56917
0.82200
0.79953
0.87216
0.87061
0.04210
0.51150
0.46366
0.98533
0.10867
0.19984
-0.08596
0.32380
0.60552
0.62109
0.57701
1.11228
0.96608
0.05714
0.35579
0.85562
-0.05447
0.78178
0.94814
0.70328
0.99976
0.30513
0.23805
0.29286
0.08976
0.52971
0.45881
0.57464
0.29193
1.03877
0.89462
0.92701
0.32126
0.75705
0.57590
0.08502
0.95966
0.16291
0.22421
0.14732
0.06998
0.82980
0.72790
1.05988
0.94685
0.47675
0.79831
0.85383
-0.03240
0.95939
0.51950
0.49618
0.09842
0.93383
0.59993
0.45422
0.41169
-0.02692
1.08478
0.59667
0.22611
1.02339
0.06593
0.41112
0.44568
0.23952
0.43425
0.32588
0.85562
1.08179
0.91395
0.86216
1.02511
0.09150
0.36565
0.18090
0.38858
0.21152
0.46693
0.18560
0.54679
0.73769
1.00203
0.50225
1.00180
1.02865
0.09464
0.29287
0.21470
0.79262
1.17926
0.81766
1.04158
1.00120
0.17708
0.01274
0.61300
0.82445
-0.04002
0.24822
-0.00329
0.94797
0.45524
0.37652
0.81052
0.58524
0.80612
0.58845
0.74714
-0.11457
0.03891
-0.02830
0.89031
0.47930
0.19375
0.22325
0.52287
0.40584
0.68995
0.16024
0.84341
-0.04654
0.12304
0.14090
-0.02034
-0.14864
0.82168
0.44647
0.70344
0.79190
0.31691
0.86291
0.53103
0.17458
0.65097
0.65677
0.15980
1.06339
0.20357
0.78762
0.79826
0.21370
-0.01706
0.04110
0.27603
0.27532
0.55537
0.69744
1.01804
-0.15285
0.44401
-0.01453
0.25423
0.68925
0.69488
0.64352
0.20153
0.49315
0.49100
1.10002
0.40129
0.39824
0.08502
0.02435
0.47792
-0.00411
0.13998
1.02339
0.38269
-0.06225
0.72208
0.62005
0.68742
1.02378
0.24180
0.30520
0.04243
0.80406
0.79759
0.06742
0.19674
0.03367
0.32773
-0.06198
0.56908
0.68018
0.21836
1.16975
-0.04831
0.02198
0.62899
0.59940
-0.11306
0.10490
0.51551
0.13010
0.14320
0.52459
0.56991
0.53626
0.95922
0.32708
0.63211
0.58106
0.22565
0.92054
0.86262
0.81939
0.03594
0.27401
0.94285
0.32452
0.96758
-0.03288
-0.00313
0.64976
0.03539
0.95483
0.47136
0.17333
-0.26199
0.38500
0.02646
0.78932
0.22489
0.67406
0.98932
0.06026
0.28978
0.09852
0.49778
0.84749
0.60120
-0.00192
0.99671
0.40967
0.94138
0.03004
0.17516
0.36529
0.35162
0.59420
0.92092
1.10020
0.40150
0.79747
0.67165
0.10094
0.10394
0.45136
0.54519
0.79880
0.45713
0.90210
1.03086
0.83551
0.46773
0.43202
-0.10583
0.32276
1.01382
0.53534
-0.24179
0.97788
0.46392
0.27420
0.86621
0.85064
0.26478
1.03473
0.64969
1.04249
0.47733
0.62477
0.84296
0.33193
-0.15933
0.91416
-0.08606
0.34059
0.03254
0.55706
0.48720
0.03204
0.85184
0.83139
1.10563
0.49552
-0.20218
0.47198
0.29859
0.75033
0.56009
0.69097
1.00327
0.72851
1.10988
0.07983
0.12400
-0.12147
0.69699
0.79891
0.28635
0.64278
0.50982
0.91247
0.41322
0.93517
0.53312
0.59664
0.35970
0.83568
-0.08591
0.99131
0.35176
0.49344
0.86963
-0.00689
0.74624
0.10054
0.55681
0.88879
0.90635
0.46373
0.22502
-0.04074
-0.03547
0.61254
0.40012
0.41025
0.15151
0.41042
0.19499
0.82968
0.93198
0.80576
0.30342
0.47148
0.09927
1.01155
0.47153
0.92822
0.49395
0.90780
0.87572
0.44764
0.41438
0.89987
0.70216
0.48025
0.35864
0.76441
0.73023
0.93243
0.22128
1.02464
1.07855
0.93067
0.95932
0.83132
0.32570
0.04741
0.42835
0.48140
0.78917
0.08310
0.77831
0.74701
0.54082
0.71578
0.72194
0.67811
0.11402
0.56529
0.64229
0.46585
-0.09603
0.96602
0.72160
0.76484
0.28387
0.08762
0.68548
0.59805
0.45626
0.38454
0.36744
0.35209
0.95193
0.40296
1.04705
0.03807
0.23583
-0.15657
0.51827
0.20448
-0.02108
0.24541
-0.07072
-0.08324
0.10137
0.47577
0.90772
0.05095
0.39573
0.73265
1.13325
0.89050
0.45251
0.14315
0.50807
1.06940
0.40369
0.42947
-0.03627
0.12870
0.55483
0.90866
0.71868
0.88136
0.78567
0.57636
0.49211
0.16024
0.87211
0.29738
0.78587
0.43719
0.35414
0.66996
0.87848
-0.02447
-0.03587
0.17709
0.00412
0.59284
0.17562
0.05365
0.47546
0.01004
0.28145
0.10327
0.70069
0.63673
0.42247
0.30011
0.58300
0.54384
0.47127
0.87082
0.21376
0.69064
0.06501
0.02436
0.62366
0.34996
0.96524
0.87882
-0.09028
0.06174
0.95558
0.09783
0.00981
0.79305
0.35888
0.04585
1.01049
0.64348
1.07817
0.46281
-0.06376
0.41682
-0.08069
0.86816
0.27484
0.36307
0.72483
1.06464
0.47039
0.77473
0.51455
0.98867
1.14386
0.44486
0.07717
0.50252
0.37971
0.85753
0.49917
0.04131
0.92232
1.10147
0.52205
0.06661
1.02278
0.17748
0.00460
0.30792
0.42794
0.52842
0.37536
0.57131
0.19485
1.12040
0.52624
0.60085
1.05402
1.00811
0.26068
0.48528
0.88929
0.77819
0.73738
0.11490
0.82518
0.18927
0.53363
0.94694
0.57823
0.38980
-0.13625
0.78400
0.45631
0.55458
0.45743
0.99731
0.61436
0.81585
0.51549
0.57922
0.84085
0.53798
0.40389
0.93052
1.08366
-0.11887
0.19847
0.78223
0.75250
0.37186
0.38144
1.14616
0.95200
0.42435
-0.02080
0.81284
0.75255
-0.00774
0.97883
0.04520
-0.16130
0.35040
0.44762
0.92114
1.10743
0.75074
0.74653
0.27832
0.94575
0.41287
0.74237
1.10945
0.80859
-0.02378
0.86853
1.13072
0.46521
0.81362
0.36075
0.71863
0.44404
0.45202
0.92587
0.38925
-0.06666
0.09071
0.87854
0.63188
0.48014
-0.02867
0.52341
0.37818
0.29617
0.15348
0.44913
-0.08183
0.12442
1.12983
0.49666
0.16499
0.12828
0.97288
0.54126
0.52738
0.94481
0.76647
0.79167
0.52656
0.75385
0.26797
0.48581
0.00379
0.42203
0.89785
0.07743
0.81273
0.05490
0.50768
0.66692
0.35465
0.61116
0.84164
0.50780
0.46771
0.18324
0.82085
0.03599
0.04155
0.56475
0.80453
-0.01699
0.44659
0.58121
0.81456
0.97456
0.89011
0.68426
-0.14790
0.94955
0.59266
0.87955
0.84691
1.14337
0.94076
0.67672
0.13538
0.39183
0.16603
-0.06627
0.62127
0.01911
0.56747
1.08204
0.71812
0.90245
0.87808
1.07868
0.83735
0.98694
0.56336
0.98855
0.87432
-0.03650
0.65356
0.40448
0.14950
0.81154
0.65872
0.09909
0.83255
0.55785
0.29024
0.98415
0.43881
0.74849
0.64031
0.30353
0.00585
-0.04417
0.32403
-0.08539
0.23096
0.43394
0.81436
0.57067
0.53675
0.93088
0.66887
0.75933
0.20173
-0.05609
0.99025
0.65107
0.82633
0.95512
0.03803
0.05470
0.43955
0.48766
0.38849
0.29757
0.01679
0.21467
0.50063
0.11548
0.29392
0.66273
0.28163
0.51292
-0.18332
0.83052
0.49012
0.58276
0.40453
0.04825
0.50141
0.15313
0.23638
0.67916
0.30607
0.03330
0.34214
0.45355
-0.05968
0.12183
0.21036
-0.00219
0.84309
0.39101
0.05625
0.55287
0.71851
0.83956
0.65056
0.46770
0.20800
0.49008
0.63332
0.50089
-0.03632
0.57818
0.05490
0.56941
0.42453
0.13422
0.02865
0.90352
-0.03176
0.73307
0.36967
-0.03567
-0.03483
0.12402
0.01909
0.55696
0.72190
0.14665
0.14774
0.32237
1.04053
1.03735
0.45787
0.21338
0.51391
0.31439
0.59710
0.22283
0.26629
0.99495
0.62533
0.07796
0.01812
1.13540
0.45043
0.21120
-0.22035
0.41610
0.12459
0.91754
1.06996
0.32810
0.42847
0.23179
0.44571
-0.01600
0.55625
-0.00230
0.88937
0.15814
0.41824
0.66058
0.60018
0.52141
1.02892
0.22141
0.56089
0.41208
0.04256
0.37304
0.58176
0.05083
0.39451
-0.09222
0.31572
0.40415
0.04563
0.31879
0.82952
0.42494
-0.06028
0.98313
0.76909
0.08642
0.37479
0.97700
0.04439
0.19207
-0.01470
0.42329
-0.05552
0.32509
0.32492
0.86101
0.29132
0.31146
0.86148
0.37117
0.91101
0.86382
0.92287
0.78682
0.52023
0.51426
0.54069
0.01590
0.27523
0.94199
0.64398
0.53554
-0.04831
0.84242
-0.03777
-0.00123
0.51633
0.98561
0.41618
0.46460
0.34659
0.83363
0.34053
0.58524
0.42264
0.94384
0.26180
0.57158
0.02539
0.47155
0.75843
0.08872
0.80774
0.90509
0.96893
0.42137
0.91702
0.15867
-0.09933
0.89899
0.36392
0.75243
0.97962
0.08346
0.70946
0.46290
-0.00831
0.29477
0.75382
0.90486
0.53553
0.68718
0.85635
0.51502
0.47582
0.06164
0.89697
0.47709
-0.02299
0.01220
0.14837
0.53299
0.71653
0.64339
0.68449
0.45540
0.61547
0.25135
0.42111
0.33368
0.86442
0.04797
0.48670
0.49969
-0.04224
0.87511
0.03574
0.95692
0.94259
0.12608
0.09413
1.02173
0.95593
1.05872
0.44779
0.45994
0.33366
0.83423
0.86192
-0.01157
0.68785
0.31612
0.33850
0.33064
0.97407
0.52600
0.37925
-0.13990
0.07548
0.27573
0.24241
0.40949
0.49673
-0.08416
0.34028
0.20290
0.95475
0.36798
0.06291
0.81744
0.76939
0.08857
0.83430
0.83952
0.36037
1.12944
0.19316
0.55517
0.48342
0.60899
0.53707
0.04555
0.95176
0.82801
1.03531
0.47103
0.08284
0.10383
0.81360
0.14609
1.00148
0.83454
0.40023
0.98949
0.46030
0.81258
0.85654
0.65509
0.59629
0.19692
0.89725
0.43479
0.27826
-0.00512
0.83961
0.58265
0.49757
0.98022
0.54030
0.81463
0.88589
0.60140
-0.04156
0.95856
0.02529
0.89881
0.46202
0.31900
0.29441
0.88882
0.77931
0.49020
0.01930
0.63244
-0.02195
0.41361
0.94580
0.91007
0.44769
0.68171
0.01438
0.18934
0.65956
0.16940
0.82657
0.18499
0.12648
0.60366
1.07644
0.38943
0.77111
0.54739
0.48825
0.59776
0.28458
0.16769
0.40101
0.88271
0.15052
0.16151
0.88612
0.08153
0.73156
1.04440
0.80899
0.11344
0.78338
-0.01938
0.36697
-0.07870
0.37226
0.91873
0.36967
0.90834
0.46082
0.10135
0.25337
0.33178
0.93824
-0.02848
0.48012
0.69196
0.44020
0.94113
0.16193
0.48355
0.92980
0.15016
0.35543
0.26841
0.87210
0.55898
0.39962
0.49046
0.92069
0.83719
0.16800
0.77295
-0.03912
0.48773
0.52151
0.61351
0.63015
1.06644
0.46551
0.51398
0.99552
0.20567
0.42839
0.49459
0.46839
0.47795
-0.05226
-0.04182
0.20874
0.31961
0.05447
-0.01900
-0.02004
0.90130
0.71884
0.47791
0.40680
0.86404
0.86468
0.08901
0.96625
0.42882
0.80087
-0.03942
0.84578
0.86605
1.09115
0.66737
0.89892
0.13686
0.40594
0.47354
0.84070
0.49712
0.04406
0.18648
1.03595
0.64796
1.03315
0.09593
0.05666
0.83301
0.78743
0.98345
0.20264
0.95587
0.32394
1.15875
0.37921
0.48241
-0.07748
0.05709
0.55671
0.72106
0.29770
0.97024
0.96394
0.38128
0.07377
0.95859
0.17681
0.56570
0.84432
0.61972
0.28591
0.54938
-0.01023
0.47593
0.28705
0.92092
0.37771
0.37122
0.49001
0.20209
0.77007
0.43740
0.12928
0.46914
0.69293
0.86901
0.96463
0.32732
0.26457
0.31276
0.51614
0.51741
0.85400
0.95415
0.11483
0.01301
0.49653
0.54089
0.47289
0.51921
-0.02333
0.23638
0.88404
0.76613
0.94255
1.06190
0.22715
0.61624
0.91706
0.93438
0.02510
0.17628
0.89306
0.95428
0.34711
0.88329
0.75239
0.71894
0.41016
0.11733
0.26789
0.65400
0.57698
0.20313
0.49047
-0.05100
0.43203
0.04105
0.81692
0.89908
0.44451
0.38206
0.21739
0.04328
-0.07343
0.23440
0.54812
0.42463
0.80090
-0.07148
0.55231
0.86362
0.99634
0.09531
0.42131
0.30575
0.89430
0.22887
0.52602
0.52288
0.54357
0.49300
0.88804
0.40568
0.06409
0.01725
0.28687
-0.01320
0.41863
0.19366
0.78488
0.31329
0.10119
0.42844
-0.00332
0.89622
0.68118
0.71909
1.15699
0.65694
0.84950
-0.10154
-0.03243
0.37820
-0.00362
1.15106
-0.04157
0.52561
0.92139
0.96789
0.66367
1.06381
0.82919
0.63176
0.45778
0.60516
0.52945
0.16707
0.44377
-0.16061
0.54989
0.70628
0.38417
1.02305
0.60554
0.65066
0.80663
0.88446
-0.19146
0.81072
0.47169
0.65509
0.00137
0.62951
0.16742
0.10339
0.04471
0.66380
0.05606
0.36255
1.05090
0.48372
0.24018
0.98288
0.94207
0.75841
0.44669
0.95461
0.32441
0.00938
0.29051
0.37301
0.25269
0.23202
0.62960
0.87054
0.19820
0.44388
0.58020
0.43966
0.17819
0.40401
0.12542
0.71866
0.04525
0.07737
0.82435
0.65743
0.26141
0.22590
0.68849
0.60718
0.55983
-0.13521
-0.09151
0.07787
0.74276
0.75971
0.53702
0.82880
0.30897
0.46084
0.13176
0.60078
-0.11084
0.78800
0.17126
0.22935
0.15087
0.18626
0.49339
0.43720
0.47350
0.75442
0.44722
0.55830
-0.03675
0.53318
0.80373
-0.01063
0.31901
0.60748
0.41261
0.39028
0.10597
0.83484
0.03900
0.57828
1.13999
0.29053
0.31674
0.44008
0.28280
0.68316
-0.08441
0.10456
-0.08704
0.22324
-0.03321
0.07702
0.98245
0.05752
0.88899
0.81373
0.66519
0.80478
0.18033
0.80631
0.46974
0.99898
0.09856
0.50482
-0.05384
0.23838
0.92037
0.81838
0.48022
0.24028
0.53495
0.85764
0.62465
0.73139
0.15506
0.62464
0.10177
0.55760
0.35206
-0.13026
0.23503
0.52119
0.02018
0.04132
0.37771
0.75694
0.50799
0.92236
0.08648
0.37502
0.84859
0.46808
0.93158
0.08624
0.02117
0.79737
0.68418
0.48378
0.79444
0.57002
0.90907
0.28037
0.56993
0.87879
0.60271
0.48235
0.03693
0.02719
0.48249
0.20932
1.02174
-0.02232
0.06912
0.67721
0.61111
0.11516
-0.05383
0.04036
0.11398
0.44438
-0.00010
0.56039
0.57880
0.76518
0.34109
0.13661
0.19639
0.70072
0.02431
0.91501
0.83256
0.64369
-0.03626
0.53792
1.03992
0.00475
0.43204
0.24874
0.57061
0.55797
0.27689
0.91953
0.38436
-0.00063
0.05590
0.62862
0.44343
0.48258
0.93761
0.43462
0.00351
0.74007
0.34765
-0.02559
0.56094
0.88878
0.49505
0.05789
0.58697
0.84989
0.00149
0.72239
0.32605
0.52608
1.10506
0.41210
0.80879
0.42035
0.38328
0.25401
0.55354
1.01844
-0.01655
0.70855
0.07861
0.59621
0.86572
1.05734
0.21775
0.83460
0.48044
0.92155
0.87029
0.22515
0.49617
0.83724
0.83103
0.42542
0.05720
1.04604
0.77555
0.38803
0.97634
0.48442
1.01694
0.97102
0.09033
0.88040
0.86058
0.10336
0.41048
0.95682
0.30696
0.46971
-0.06345
1.01022
0.17026
0.50370
0.33746
0.26139
0.83635
0.45340
1.03815
0.17782
0.42397
0.53478
-0.03181
0.66202
0.17164
0.34012
0.58280
1.00440
0.08259
0.61482
0.53886
0.56862
0.40717
-0.04244
0.80851
0.05865
0.44439
0.67964
0.86803
0.08522
0.05122
0.92949
0.49743
-0.00671
0.87139
0.35811
1.01650
1.07967
0.93976
-0.08440
0.41391
0.67218
0.35701
0.63967
0.63548
0.90492
0.93490
-0.04170
-0.09452
-0.04129
0.18895
0.76681
0.07824
0.16270
-0.03781
0.42381
-0.09194
0.39451
0.96430
0.96729
0.07635
0.41540
0.92045
-0.22456
0.23741
1.15329
0.18065
0.09807
1.14683
-0.11163
0.41269
0.55414
0.51607
0.74187
-0.01682
1.02230
0.38793
0.39903
0.14532
0.40665
0.35226
0.98860
0.47538
0.60702
0.89345
0.93161
-0.07054
0.41220
0.35862
0.76994
-0.04421
0.31796
0.63380
-0.02929
0.75962
0.59453
0.43847
0.04688
0.56202
-0.13694
0.58001
0.20397
-0.11095
1.22960
1.01413
0.85371
0.95085
0.33918
0.93910
0.93219
0.51321
0.38883
0.37261
0.40387
0.85297
0.47001
0.04097
0.22559
-0.11176
0.52610
0.56839
0.43996
0.59048
0.44243
0.73452
0.68896
1.05409
0.46802
0.93550
0.50654
0.41727
0.79585
0.42048
0.39324
0.38924
0.18419
0.87046
-0.01169
1.02939
0.71018
0.58571
0.92040
0.24168
0.39324
0.39632
0.71473
0.03629
0.35675
0.93907
0.08850
0.04683
0.37854
0.54802
0.38379
0.59585
0.06577
0.54611
0.25641
0.83842
0.35782
0.01427
0.29852
0.32381
1.16750
0.81695
0.74025
0.77720
0.88790
0.85257
0.40458
0.37629
-0.07239
0.22190
0.54081
0.84826
0.30149
0.45436
0.83498
0.42963
0.50503
0.47019
0.45415
0.59001
0.74712
0.47953
0.57529
0.58898
0.35534
0.40277
0.15770
-0.02279
0.54923
0.08421
0.83359
1.03354
0.71529
1.09834
0.63189
0.88534
0.53626
0.28830
0.64149
0.93328
0.07968
0.42691
0.90628
0.04404
0.82176
0.47022
0.09812
0.46129
0.44312
-0.12857
0.07936
0.25611
0.81108
0.52405
0.95540
0.18921
0.90924
0.79220
0.28501
0.09773
1.00608
0.73745
0.51193
-0.01899
0.03210
0.34231
0.18831
0.08915
0.40979
0.87811
0.97923
0.07386
0.74907
0.92328
0.42363
0.41414
0.00721
1.10498
0.99785
0.66818
0.05357
0.75652
0.89411
0.23444
0.12925
1.03833
1.00314
0.36279
0.41543
0.15088
0.10540
0.23864
-0.04004
0.79704
-0.04952
0.18492
0.55832
0.24709
0.01251
0.23400
0.49419
0.63031
0.18556
0.23669
0.67878
0.72649
0.43592
1.00237
1.07225
0.53954
0.10021
0.47610
0.93172
0.98908
0.10447
0.99722
-0.03789
0.55911
0.12202
0.10401
0.55805
0.14879
-0.10363
0.20303
0.69431
0.93064
0.30707
0.88377
0.30700
1.20977
0.82311
0.96463
0.85519
0.23128
-0.06565
0.37192
0.04545
0.84857
0.70669
0.64665
0.54520
0.51596
0.52901
0.72450
0.96788
0.92090
0.47637
-0.15775
0.69521
0.62752
-0.03702
0.32183
0.79060
1.07751
0.82120
0.36285
-0.13889
0.19284
0.33639
-0.16241
0.32904
0.00593
-0.01780
0.90279
0.26066
0.11493
0.92513
0.56001
0.42438
0.82731
0.51779
0.68556
0.67950
0.62121
0.00307
0.96671
0.07398
0.94950
0.44205
0.32692
0.69592
-0.04238
0.45145
0.59575
0.46194
0.62341
0.43462
1.00688
0.33049
0.34943
0.38622
-0.02844
0.06836
0.10986
0.27220
0.71552
0.95522
0.33681
0.93951
0.66304
0.62700
0.63543
0.79279
0.50579
0.99637
0.30771
0.17655
0.47717
0.15625
0.32470
0.49669
0.87359
0.41317
0.81660
0.48473
0.86620
0.52972
0.05863
0.38703
0.65321
1.02633
1.09849
0.55776
0.36997
0.35545
0.12177
0.51470
1.01331
0.10720
0.93503
-0.12758
0.12569
0.14155
0.38844
0.96133
0.53856
0.18815
0.45958
0.43277
0.44768
0.82473
0.51671
0.04868
0.53360
0.37550
0.88421
0.97719
0.00713
0.46723
0.15053
0.20261
0.36636
0.51185
0.33037
0.41940
0.12986
1.15586
1.03032
0.32857
-0.03528
0.61810
0.50594
0.95127
0.12575
0.47111
0.06810
0.77120
-0.00585
0.87347
0.66882
0.99590
-0.00941
0.15242
0.43874
0.02667
0.58179
1.02580
1.04571
0.23692
-0.01090
0.33128
-0.17078
-0.01131
0.37912
0.51231
0.66957
0.03160
0.84959
-0.04660
0.40981
1.00901
0.44651
0.23247
0.28894
0.49461
0.45314
-0.05155
-0.09678
0.85070
0.01836
-0.05626
0.21345
0.49546
0.45955
0.44414
0.75402
0.14920
0.99571
0.76350
0.34801
0.89737
0.41425
0.72700
-0.08126
0.30506
0.24179
0.14908
0.20516
0.87183
0.38037
0.34587
1.00042
0.36100
0.47665
0.78652
0.23652
0.00992
0.37917
0.81113
0.10931
0.46285
0.37211
0.44783
0.07814
0.95907
-0.01645
0.57585
0.87769
0.02588
0.91913
0.97643
0.54704
0.18678
0.03947
-0.12146
0.99200
0.09712
0.94846
0.36844
0.53385
0.24129
0.58614
0.68310
0.59120
0.21845
0.37355
-0.05329
0.48353
0.64308
0.30265
0.53314
0.27783
0.26902
-0.00155
0.97606
-0.17640
0.69957
0.04914
0.73874
0.37863
0.55357
0.09100
0.54192
0.10588
0.42520
0.51153
1.11815
0.75628
0.73655
0.51609
0.64810
0.28220
-0.00451
0.17287
0.57968
0.39299
0.43607
-0.06398
0.76425
-0.08073
0.64597
0.15541
0.07901
1.06917
0.78550
-0.14100
0.32387
0.00894
0.67701
0.44624
0.04997
0.54936
1.06517
0.89467
0.52669
0.34286
0.32637
0.76853
0.44847
0.61087
0.18632
0.80821
0.19844
1.04078
-0.12069
0.64979
0.78893
0.06575
0.11977
0.06779
0.50203
0.71187
0.09959
0.05144
0.98916
-0.05843
0.53855
1.02111
0.76281
1.03015
0.29484
0.07407
0.79277
0.78815
1.03184
0.69291
0.27193
-0.04707
0.41717
0.20760
0.90260
0.89052
-0.10299
0.24679
0.79883
0.28126
0.41145
0.10305
0.53920
0.66395
0.42560
-0.23750
0.48947
0.65699
0.53147
0.85187
0.76339
0.50875
-0.05722
0.48735
0.97147
0.05963
0.02412
0.86295
0.63183
0.07695
0.77291
0.64553
0.28047
0.65262
0.01794
0.81018
0.46685
-0.09848
-0.03002
0.73110
0.74915
0.85046
0.21278
0.21375
0.66364
0.45062
0.63345
1.20202
0.44097
0.50214
1.01681
0.54209
0.63480
0.42015
0.54798
1.12589
0.34040
1.01522
0.62635
0.50097
-0.05129
0.97559
0.98773
0.56354
0.47112
0.53693
1.03336
0.11841
0.03032
0.06090
0.42852
0.54804
0.02894
0.27621
0.46698
-0.33801
0.48313
0.25935
0.44456
0.96527
1.00139
0.29459
0.88617
-0.11685
0.54752
0.43243
0.26812
0.62516
0.81196
0.03259
0.44902
0.73826
0.27087
0.46953
1.12805
0.48341
0.27631
0.15822
0.43021
0.42057
0.68169
0.53950
0.55862
0.23582
0.71322
0.47424
0.35074
0.15700
0.51920
0.51415
0.23936
0.15216
0.05725
0.12110
0.10294
0.71459
0.52989
1.03933
0.27745
0.45807
0.03793
-0.15503
0.91103
0.32770
0.81235
0.63951
0.40175
0.76799
1.15960
0.90682
-0.04132
0.29606
0.42491
0.84528
0.08151
0.98660
-0.13567
0.59037
0.74258
0.18002
0.71303
0.93330
0.85707
0.47778
1.01355
0.17225
0.40085
0.81932
0.35181
0.23040
0.25971
0.74595
0.55874
-0.03885
0.18742
0.58195
0.06355
0.01103
-0.09927
0.43581
1.02665
0.29812
0.20474
0.16384
0.40388
0.76562
0.28943
0.35991
0.69422
0.01269
-0.10314
0.80342
0.34047
0.06354
0.86051
0.96073
0.48441
0.06948
0.71506
0.82654
0.55017
-0.18855
0.89522
0.96599
0.63375
0.17177
0.60028
-0.01227
0.44336
0.79571
0.15317
0.03104
0.43026
0.80996
0.43233
0.81591
0.99057
0.49007
0.53826
0.00926
0.82472
0.70887
0.70954
0.57514
0.02684
0.00024
0.32472
0.60413
0.43355
0.56749
0.67527
0.23394
0.19048
0.75223
0.28365
0.15431
1.07180
0.02158
-0.13981
0.37347
0.41930
0.25595
0.60519
0.58304
0.37913
0.48143
1.07668
0.69506
0.14822
0.98159
0.43341
0.88091
0.05840
1.04815
0.39472
-0.00988
0.25304
0.30985
0.09545
0.47254
0.20906
0.25036
0.35751
0.52281
0.57079
0.55687
0.43411
0.14147
-0.02000
0.06387
0.74120
0.54414
0.87694
0.68866
-0.04488
0.72023
0.85894
0.22683
0.00411
0.42492
0.25520
0.34392
0.45566
0.93174
-0.02156
0.00704
0.44022
0.90368
0.97777
0.61090
0.57428
0.37570
0.30386
0.06100
1.01520
0.07284
0.02676
0.36171
0.24859
0.49005
0.21364
0.92589
0.10601
0.35618
0.63839
1.04397
0.76706
0.02485
0.46518
0.44917
1.01866
0.44293
0.70109
0.79672
0.91595
-0.02803
-0.11195
0.37847
0.98421
0.80444
0.50403
-0.08352
0.68494
0.78637
0.51689
1.04360
0.39450
1.03785
0.53452
0.57385
0.20827
0.68374
0.83572
0.16485
0.16752
1.04570
0.87175
0.80081
0.00546
-0.12276
0.96969
0.30037
0.16792
0.04654
-0.12807
0.29001
0.54285
0.71878
0.78101
0.10730
0.52061
0.93323
0.40581
0.61469
0.05039
0.15830
0.23849
0.88869
1.06033
0.26659
0.37058
0.21788
0.81105
0.37406
0.65041
0.26762
0.11620
0.84824
0.90454
1.00851
0.87270
0.12489
0.49446
0.80924
0.91080
0.83055
0.98140
0.67637
0.59551
0.72475
0.75182
0.08285
0.28433
0.98423
0.61692
0.47805
0.55980
0.64292
0.15456
0.46198
0.92817
0.04428
-0.06224
0.56606
0.25715
0.72572
1.08554
0.47625
0.56605
0.27317
1.05718
0.04280
0.58456
0.54577
0.77063
0.45381
0.19402
0.62282
0.60563
0.09084
0.70833
-0.06196
0.99608
0.63401
0.73378
0.54956
0.77144
0.53619
-0.10066
0.10452
0.23820
-0.06147
0.34550
0.87706
0.96375
0.37469
-0.20677
0.33806
0.42090
0.46471
0.53887
0.29255
-0.14218
1.08470
0.50366
0.86893
0.63948
0.95367
0.69349
0.02261
0.56807
0.90743
0.43268
0.78772
0.05687
0.75212
0.96827
-0.05800
0.77758
0.78478
0.93547
0.88582
1.17684
0.76827
0.44620
0.47647
0.44848
0.14253
0.83966
0.89789
-0.02203
0.92853
0.97336
-0.10071
0.05545
0.75916
-0.02515
0.54836
0.58853
0.45454
0.29093
-0.06738
0.38694
-0.01624
0.93518
0.45008
0.91206
0.59650
1.20827
0.17229
0.35484
-0.16221
0.36010
0.70360
1.24903
0.63388
0.40321
0.75788
0.12795
0.84644
-0.05971
0.23824
0.03480
0.15541
0.99120
0.80705
0.13388
0.19021
0.32850
0.52208
0.15846
0.89067
0.45636
1.13027
-0.00562
0.28725
0.15476
0.80120
0.00725
0.12299
0.09647
0.14492
0.78243
0.74802
0.32038
-0.05189
0.34866
0.11828
1.01747
0.46605
-0.19927
0.38187
0.52501
0.22425
0.69215
0.04540
0.68666
0.99896
0.90362
-0.01453
0.11730
-0.09343
-0.05267
-0.05136
-0.11833
0.32214
0.34393
0.45175
0.24327
0.08317
0.01774
1.00830
0.33868
1.01546
0.82168
0.48073
0.51465
0.02333
0.31038
0.07924
0.57202
1.03660
0.47051
0.91587
0.76931
0.10005
0.35934
-0.02367
0.09728
0.59010
0.45657
0.75123
0.21226
0.33786
0.61127
0.72388
0.89997
-0.08544
0.46922
0.48749
0.81390
0.45623
0.46813
0.23954
0.21376
0.59637
0.91914
-0.18609
0.89195
0.00249
0.31918
0.16017
1.00956
0.35435
0.21523
0.08186
0.98833
0.20648
0.68287
1.01201
0.50244
0.46950
0.73639
0.63266
0.17271
0.69789
0.68201
0.47886
0.69816
0.54511
0.63855
0.30184
0.55484
0.32017
0.14865
-0.01767
0.50324
0.83099
0.54556
0.12789
0.04481
-0.07254
0.93369
0.54156
0.35624
0.84622
0.12467
0.59937
0.93603
-0.12735
0.75118
0.18217
0.07126
0.83195
0.69646
0.55876
0.25804
0.93760
0.40796
-0.10073
0.32835
0.23483
0.48334
0.73225
0.95597
0.36934
-0.03057
0.18376
0.81310
0.15331
0.11268
0.62169
0.89488
0.99606
1.11069
0.71838
0.35260
0.42537
0.83112
0.07695
0.49301
0.18691
0.82202
0.25641
0.83771
0.13228
0.15485
1.04840
0.27757
0.47887
0.81445
0.91667
0.61445
-0.04351
0.97960
0.88738
0.61911
0.46773
-0.01139
0.88746
0.79695
-0.08525
0.29154
0.89696
0.14900
0.67692
0.32407
0.49074
0.10657
0.98653
1.09977
0.41534
-0.01624
0.47865
0.63037
0.93647
0.50305
0.51557
0.91618
0.19828
0.47455
0.36672
0.46098
0.69508
0.87582
0.67414
0.58396
0.30717
0.94397
0.42464
0.80750
0.21621
0.49270
1.08586
0.02540
-0.15718
0.05015
0.63081
-0.07540
0.58146
0.14622
0.65627
0.59454
0.23564
1.03258
0.51609
1.06314
0.54587
0.17747
0.18170
1.15016
0.96680
0.28545
0.63284
0.09023
0.56138
0.10806
0.62391
0.89945
0.25812
0.34839
0.72278
0.84172
0.99036
0.53540
0.33277
0.56955
0.41859
0.98171
0.25919
0.04313
0.51069
0.05753
0.20250
0.36453
-0.02337
0.41442
0.60528
-0.19155
0.56298
0.29705
0.05381
0.63603
0.44533
0.83093
0.38782
0.66480
0.44295
0.25245
0.89803
0.02804
0.30733
0.75698
0.56148
0.28014
0.49367
0.98918
0.36230
0.56456
0.27169
0.76507
0.40295
0.81912
0.77607
0.01728
-0.00848
0.04117
0.03060
0.32674
0.35242
0.25160
0.79497
0.26086
0.56097
-0.06279
0.00868
-0.06939
1.12181
0.86023
0.84189
0.54380
0.11111
0.76989
0.21757
-0.04132
1.00392
0.34753
0.95411
0.98695
0.31063
1.00129
0.68240
0.09210
0.43740
0.06793
0.48497
0.82425
0.83874
0.94354
0.18818
0.23507
0.11393
0.73482
0.84443
0.18698
0.81318
0.73066
0.07469
0.48373
-0.06699
0.62224
0.94849
0.06301
0.77747
-0.03063
1.00045
0.55724
1.06415
0.92334
-0.17829
0.64972
0.13358
0.21161
0.05860
0.58347
0.36737
0.62728
0.58407
0.55830
0.24467
0.12619
0.91612
0.33104
0.01702
0.64626
0.49220
0.33724
0.44926
0.92598
0.28427
0.68814
0.54745
0.50860
0.35011
0.09432
0.60250
0.82660
0.55667
0.24160
0.77737
0.23130
0.29965
-0.02097
-0.00831
0.86842
-0.15516
0.06136
0.04091
0.33346
0.39912
-0.05486
0.00241
-0.11194
0.47789
0.10965
0.16569
0.35541
0.33091
0.15257
0.28159
0.55249
0.01856
0.79136
0.40659
0.88733
0.51608
0.34792
0.74754
0.32569
0.41182
1.12078
0.31881
-0.06702
0.32128
0.26452
0.86243
0.11066
0.97791
0.36577
0.60930
1.12114
0.18045
0.54185
0.54249
0.19264
0.18880
0.61902
0.64294
0.75046
-0.06433
0.03262
0.28456
0.93691
0.86305
0.92641
0.32528
0.48597
0.62295
0.06732
0.44585
0.88288
0.63852
0.51645
0.33545
0.12533
0.50733
0.86464
-0.08782
0.14079
0.32261
0.69250
0.82032
0.57602
0.31135
0.64512
0.42445
1.00493
0.57251
0.20688
0.29916
0.78789
0.27819
0.80349
1.03690
0.21121
0.90067
1.07775
0.11679
0.29304
1.06454
0.57156
-0.09355
0.34221
0.10284
0.82428
0.98615
0.30100
0.06063
-0.06709
0.67972
0.75262
0.96946
-0.04990
-0.06974
0.94346
0.52917
0.30737
0.73139
0.52363
0.61728
0.61378
0.39266
0.34368
0.46115
0.02604
0.97492
0.38369
0.55567
0.13319
0.51913
0.83301
0.85179
0.18403
-0.01473
0.88397
0.03433
0.99874
1.03419
1.03748
0.18193
1.01103
0.39390
0.47009
1.08604
0.41913
0.31360
0.03924
0.28024
0.55758
0.41180
0.40000
0.48342
0.84498
0.43606
0.74474
-0.05900
0.80443
0.05018
0.17641
0.62434
0.25492
-0.16837
0.86154
0.93638
0.38599
0.62214
0.38492
0.44414
0.41557
0.11036
0.12677
0.85985
0.18302
0.87447
0.51236
0.91967
0.37087
0.35829
0.39574
0.68203
0.37415
0.44184
0.42367
0.72585
0.50869
0.34437
0.45024
0.08324
0.80554
0.78080
0.83824
0.25133
0.53987
0.91986
0.91334
0.95595
0.42014
0.22726
0.25518
1.00397
0.97772
0.74694
0.44009
0.51901
0.42557
0.21135
0.34149
0.80981
0.93225
0.47923
0.10541
0.60873
0.23006
0.37814
0.06867
0.60127
0.24308
0.49798
0.11015
0.45095
-0.00872
1.07342
0.84215
0.80873
0.35216
0.57884
0.15798
0.08469
0.57309
1.12510
0.37983
0.25235
0.13763
0.96450
-0.06155
0.80793
-0.07293
-0.02396
0.40643
0.37119
0.95208
0.88904
0.36113
0.04055
1.00099
0.03604
0.11766
0.34277
0.39890
0.35208
0.78903
0.10593
-0.05414
0.83033
1.01548
0.05367
0.76417
-0.18107
0.46725
0.33119
0.69977
0.48274
0.48330
0.26111
-0.05317
0.54145
0.93824
0.93633
0.90927
0.11475
0.00143
0.41123
0.37988
0.67237
0.27719
0.01274
0.40781
0.52176
0.87182
0.32022
0.61439
0.05178
0.01942
0.33301
0.32793
0.47145
0.72548
0.27699
0.76186
0.11785
0.41551
-0.03183
0.20483
0.43163
0.49442
0.48837
0.16199
0.17746
0.68903
-0.15712
0.13861
0.55954
0.05202
0.95023
-0.05411
0.24548
0.18350
0.53057
0.44678
0.47389
0.34782
0.89489
0.22228
0.51511
0.20180
1.06339
0.58026
0.36009
1.00691
0.23712
0.18009
0.69654
0.44415
0.47567
0.96623
0.25323
0.91526
1.06152
0.44398
0.29668
0.51478
0.67202
-0.00170
0.10311
0.85926
0.83579
0.64972
-0.27530
1.01947
0.52531
0.61009
0.33651
0.45732
0.92573
0.98332
0.78515
0.03860
0.39484
0.56049
0.71431
0.91026
0.50045
0.79449
-0.03648
0.05444
0.94575
0.65993
1.10913
-0.04416
0.25101
0.98193
0.88782
-0.03494
-0.00734
-0.06725
0.74678
0.38392
0.36730
0.43678
-0.03502
0.84863
0.85263
0.87555
0.63370
0.47810
0.35760
0.87918
0.01434
-0.10557
0.26303
0.53513
0.09702
0.15696
0.38082
0.17043
-0.00735
0.64147
0.43460
-0.05464
0.26459
0.83081
0.40820
0.34665
-0.07254
0.77536
0.32862
-0.00822
0.50608
0.27169
0.31177
0.43365
-0.13128
0.36098
0.56583
1.02817
0.30892
1.06128
0.60972
0.49853
-0.06219
0.57992
0.21386
0.40987
0.13614
0.11438
-0.12288
0.04616
0.56852
0.23299
0.66561
0.48774
0.56807
-0.02473
1.07023
0.04515
-0.05687
0.37308
0.54345
0.54467
0.57930
0.97779
-0.06089
-0.05792
0.05577
0.85295
0.05671
0.86769
0.53895
0.40214
0.82765
0.14130
0.78110
0.11594
0.07432
0.07113
0.09616
0.91900
0.30343
0.76498
1.02814
0.62160
0.70493
0.49459
0.89061
0.17630
0.54279
0.02773
0.49775
0.05339
0.46836
0.46993
-0.09931
0.78429
0.19460
0.30505
1.10963
0.30983
0.39645
0.94224
0.63371
0.42477
-0.04157
0.06199
0.77240
0.37042
-0.08630
0.43938
0.57275
0.12899
0.73373
0.27897
0.36967
-0.05150
0.85327
0.46262
0.51856
0.03589
-0.04080
0.92454
0.83243
0.92801
0.36439
0.64819
0.52357
0.47551
0.26711
-0.16282
0.19943
0.02360
0.45131
0.00707
0.79077
0.44252
0.16511
0.89253
-0.12617
0.71534
0.52866
0.32495
0.58507
0.06776
0.52857
0.95164
-0.07029
0.88077
0.05115
0.99900
0.51931
0.99955
0.95667
0.26629
0.84093
0.92897
1.04100
0.50886
0.78734
0.58696
0.11057
0.05442
0.85323
0.06814
0.48748
0.83208
-0.22427
0.79836
1.00249
0.49381
0.03597
0.17832
-0.01657
0.00881
0.52197
0.51807
0.94717
0.49704
0.87184
0.39658
0.43081
0.46713
1.02678
0.46064
0.29108
0.13550
-0.06664
0.23098
0.53314
0.77605
0.06141
0.47934
0.72312
0.96964
0.51947
0.61204
-0.13601
0.39044
0.46465
0.73725
0.62551
0.20158
-0.00753
0.02358
0.71464
0.81458
0.32615
0.04404
0.08332
0.99723
0.53783
0.57612
0.02424
0.67751
0.13455
0.72203
0.82715
0.85011
0.43936
-0.04763
0.10766
0.15179
0.72737
0.40561
0.29532
0.57382
0.19266
0.42010
0.02335
0.45425
0.76102
-0.07978
0.26330
0.86403
0.28895
0.57316
-0.06096
0.76076
-0.07133
0.52789
0.41836
0.59808
0.68753
0.80341
0.28523
0.83313
1.05558
0.26038
0.02697
0.78809
0.90609
0.44819
0.78052
0.61576
0.51827
0.06298
0.59078
0.74619
0.84387
0.44300
-0.06413
0.53953
0.96943
0.30423
0.75914
0.16522
0.31831
0.07540
0.00634
0.52360
0.88130
-0.02318
0.55840
0.41764
0.36662
0.91207
0.86140
0.26788
0.83493
-0.22490
1.09678
1.00756
0.47235
0.45259
0.98815
0.73514
0.69944
0.47093
0.32648
0.73638
0.92561
0.25079
0.22978
-0.09603
0.52305
0.92661
0.29343
0.93050
1.09267
0.79154
0.61110
0.39728
0.59408
0.22113
0.49924
0.88037
0.44902
-0.11032
0.54383
0.05316
0.10741
0.30205
0.34233
0.43232
0.48948
1.01914
0.04486
0.84018
0.58931
0.41434
0.86258
0.47777
0.79563
0.51308
0.81534
-0.00149
0.65177
0.11208
0.65683
0.45829
0.80128
0.12204
0.47414
0.87143
0.81139
0.40935
0.71549
0.69982
0.02717
0.53293
0.09786
0.54535
0.65936
0.50115
0.29986
0.05744
0.22330
0.24153
0.49785
0.73138
0.44788
0.22135
0.57400
0.58009
0.55840
0.63197
0.88095
0.27743
0.37021
1.02523
0.47963
0.93238
0.20893
1.05088
1.13330
0.78819
0.85187
0.67204
0.31512
-0.00584
0.96928
-0.14556
0.82832
0.89967
-0.12764
0.28490
1.00271
0.46494
0.89106
0.94263
0.11442
0.13474
0.94386
1.11912
0.34389
-0.00552
0.88183
0.48427
0.39843
0.48919
0.22076
0.20852
0.32369
0.52227
0.15642
0.62424
1.02758
0.25441
0.46623
0.41011
0.40545
0.19455
0.57766
0.12490
0.51222
0.33953
0.48960
0.74024
0.68403
1.03973
0.18178
0.88185
0.08686
0.56137
0.01052
0.56052
0.90247
-0.12308
0.09536
0.57988
0.18446
0.71122
0.70613
0.93681
0.10203
0.11063
0.33396
0.57788
0.29986
0.71004
0.18813
0.86064
0.04803
0.07662
0.64050
0.41536
0.19638
0.47303
0.90035
0.41811
0.69888
1.01972
0.59201
1.04349
1.16116
0.20626
1.07088
0.82064
0.66066
0.15183
0.14985
0.52902
0.47385
0.50959
0.81408
0.84348
0.66972
0.79719
0.94910
0.18861
0.11072
0.57887
0.51317
0.58277
0.52577
0.49619
0.29667
0.23679
0.83010
1.02439
0.35053
0.70477
0.49722
0.01707
0.44897
-0.20266
0.42474
0.09812
0.18443
0.91056
0.53890
0.93287
0.24833
-0.10125
0.57712
-0.01161
0.45614
1.00038
0.67075
0.06061
0.07332
0.77834
-0.05653
0.01573
0.39921
0.20783
-0.02020
0.57896
0.47152
0.07162
0.57434
0.39025
0.78675
0.77576
0.17881
0.51488
-0.10910
0.43991
0.55619
0.64323
0.53358
0.78141
-0.06805
0.47529
0.50274
0.20042
0.29153
0.44098
-0.18629
0.75005
0.12053
0.61798
0.60838
0.95496
0.07536
0.33072
1.06154
0.21841
0.45974
0.71897
0.54224
0.31237
0.06166
0.09607
0.31515
0.92011
0.89730
0.36570
0.59483
0.47072
-0.03945
0.00159
1.05232
0.68123
0.82733
1.06651
0.93530
0.45949
0.07781
0.26284
0.36460
0.51369
1.02232
0.37787
0.34297
-0.03793
0.04070
0.60177
0.46671
0.38565
-0.01323
0.26795
0.55564
0.16918
0.53919
0.89091
0.01873
0.46791
0.63873
0.45447
0.85013
0.08939
0.62110
1.06516
0.43885
0.08837
0.52029
0.81136
0.51425
0.22189
1.08244
0.88701
0.57655
1.03534
0.16122
0.77913
0.11585
0.04045
0.02445
0.33113
0.89623
0.79447
0.44399
0.81158
0.00075
0.84122
0.68124
0.77794
0.70759
0.48820
0.31570
0.05675
0.18920
0.51855
-0.01337
0.03194
0.64482
1.01472
0.49365
0.34957
1.02738
0.02385
0.19995
0.98508
-0.10739
0.07222
1.01600
0.45953
0.60209
0.00274
0.47399
0.62732
0.98651
0.32480
0.48370
0.26791
0.41857
0.59781
0.31855
0.71314
0.90675
0.03494
0.25267
1.00312
0.91019
-0.06125
0.03057
0.41437
0.40431
0.95943
0.86594
1.23712
0.71177
0.37442
0.49361
0.09666
0.65209
0.97583
1.01174
1.00659
0.61650
0.84767
0.53109
0.91640
-0.09078
0.84948
-0.00357
0.07935
0.97161
0.76651
0.31842
0.85074
0.33834
0.06757
0.76005
-0.00692
0.37002
0.46389
0.28926
0.12409
0.37367
1.10839
-0.00824
0.30381
0.56941
0.13545
0.16829
0.52011
0.46156
0.68285
0.34323
0.13887
-0.00870
0.45377
0.49932
0.50279
0.63371
0.70176
0.14498
0.14217
0.13875
0.30043
0.90321
1.03171
0.45808
0.28841
0.40555
0.04008
0.39544
0.50328
1.11651
0.25977
0.07970
0.54191
0.25359
-0.12905
0.49053
0.45720
0.97905
0.58439
-0.21081
-0.02752
0.49747
-0.01845
0.42451
0.29595
0.87968
0.60398
0.01486
0.72800
0.41762
0.61087
0.46582
0.12773
0.58606
0.58593
-0.05677
0.15016
0.21483
0.46485
0.55478
0.04752
0.84515
0.76507
0.48272
0.07759
-0.15607
0.37753
0.24371
0.24118
-0.07701
0.21505
0.77731
0.03097
0.24093
0.41788
0.81091
1.00892
0.96191
0.56862
0.27731
0.71359
0.13683
0.92091
0.44326
0.94484
0.15785
0.43568
0.87786
0.47315
0.33821
0.39365
-0.06500
0.56352
0.89682
0.58423
0.17757
0.50263
0.23012
0.57392
-0.03784
-0.13051
0.67865
1.03013
0.71699
0.88100
0.42701
0.01671
0.27205
0.00123
0.74180
0.68317
0.74859
0.51582
0.01179
-0.04210
0.15426
-0.03596
1.16697
0.42851
0.85390
0.81721
0.92369
-0.08905
0.36750
0.15874
0.63378
0.46959
0.64246
0.39876
0.19798
0.57048
0.71781
0.23777
0.22292
0.29763
-0.07757
0.58118
0.84947
0.12121
0.54398
0.31480
0.27961
0.82976
0.06190
1.02870
0.34305
0.46703
0.75837
0.62628
0.55159
0.08693
0.95951
0.52068
-0.12886
0.98542
-0.04036
0.97732
0.99882
0.96832
0.46653
0.36280
0.52218
0.75233
0.47569
1.05588
0.20066
0.23823
0.28653
0.31565
0.52559
0.16400
0.47416
0.97742
0.05326
0.54697
0.82026
0.90263
0.44368
0.42017
0.89542
0.09291
1.00596
1.03384
0.61125
0.64355
0.54906
0.16669
0.80599
0.59706
0.63782
0.33697
0.01060
0.31894
0.90406
0.55117
1.13458
0.76854
0.63574
0.52743
0.14222
0.72190
0.37260
0.23501
0.08879
0.38068
0.71143
0.30433
0.62594
-0.02841
0.51440
0.58954
0.10279
0.44814
0.63059
0.62040
0.49509
0.37421
0.92774
0.97328
0.60635
0.42119
-0.16865
0.52345
0.18879
0.71742
0.08278
0.84836
0.51676
0.09917
0.82391
-0.01635
0.51365
0.36366
-0.00490
0.22610
0.74420
0.90567
0.84579
0.43143
0.43775
0.15861
0.39208
-0.04644
0.58226
0.11811
0.89383
-0.07305
0.18623
0.83162
0.30859
0.29299
0.03142
0.50271
0.23390
0.80821
0.69146
0.00161
1.05355
0.36371
0.51802
0.44467
0.16574
0.93419
0.01574
0.12661
1.02221
0.68898
0.38380
0.21064
0.50337
0.93952
0.51347
-0.02834
0.04949
0.17691
0.80885
0.41720
0.41503
0.28778
0.41933
0.07432
0.68402
0.30266
1.01580
0.96025
0.09117
0.60779
0.54757
0.63847
0.56245
0.44473
0.48868
1.11544
0.64767
0.13005
0.33810
0.48157
0.44856
0.93519
0.28153
0.17961
-0.02945
0.71038
0.25733
0.86984
0.38503
0.04889
0.92847
0.68142
0.79993
0.41408
0.86376
0.73471
0.84515
0.04467
0.32236
0.64959
0.35159
0.59653
0.25265
0.89737
0.44703
0.22506
0.04628
0.26693
0.10702
0.67977
0.81802
0.45402
0.57143
0.02844
0.11640
0.22145
0.67921
0.10258
0.07075
0.11275
0.78660
0.02852
0.01040
-0.13914
0.17305
0.75682
0.05411
0.41828
0.28176
0.19484
0.43783
0.39192
1.07620
0.77229
0.96824
0.28220
0.53826
0.11296
0.70439
0.48361
0.42845
-0.04525
0.33242
0.46672
0.56990
0.19376
0.43686
0.00798
0.41429
0.03176
0.89524
0.39016
0.71734
0.45993
-0.01507
0.03472
0.88119
0.47700
0.57269
0.84395
0.98457
0.56348
0.52233
0.27940
0.86406
0.09327
-0.21152
0.08321
0.75848
0.63611
0.95085
0.58867
0.66590
0.91398
0.44009
0.97265
-0.01645
0.12635
0.65078
1.05631
0.83672
0.60666
1.10784
0.94476
0.96051
0.73595
0.65193
1.09689
0.52982
0.66104
0.77588
-0.07432
0.41423
0.43444
0.06111
0.22515
-0.04261
0.52870
0.45529
0.63893
0.01269
0.45309
-0.01105
-0.01688
0.76874
0.69566
0.72338
-0.00443
0.04871
0.49402
0.44905
0.45257
0.64809
0.26255
0.40427
0.17957
0.88699
1.00269
0.90599
0.46322
0.41947
0.81919
0.52363
0.24623
0.05928
0.38076
0.68838
-0.03415
0.56265
0.65018
0.57525
0.88926
0.25045
0.13686
0.16864
0.77607
0.70850
0.64007
0.43884
0.16947
0.38054
-0.15310
0.41744
0.20698
-0.09536
0.56358
0.84424
0.60568
0.58198
0.24302
0.75863
0.41435
0.93364
0.76355
0.34416
0.65000
1.22159
0.65944
0.35910
0.54909
0.98864
-0.01150
0.21755
0.47835
0.29790
0.48127
0.22895
0.90114
0.46572
0.36340
1.02850
0.39911
0.50619
0.40996
0.48160
1.11529
0.09751
0.91215
0.66298
0.37100
0.16282
0.84331
0.09639
0.45261
0.80180
0.23624
0.50264
0.76284
0.52015
0.12562
1.03906
0.96251
0.93894
-0.04241
-0.06913
0.99764
0.28636
0.14158
0.98995
0.25577
0.93467
0.06775
0.00270
0.96407
0.21734
0.68258
-0.12617
0.55488
0.29195
0.93511
0.39441
-0.06992
-0.03805
0.02671
0.41455
0.72821
0.24824
0.89798
-0.04928
0.88828
0.31669
0.35664
0.36032
0.61306
0.92520
0.70880
0.44194
1.02927
0.81055
1.18335
0.89934
0.35098
0.14557
0.09134
0.57753
1.02503
0.41772
0.79290
0.34779
0.35587
0.93065
0.00469
0.37555
0.22883
0.52591
0.13718
0.64408
0.20109
0.43126
0.54190
-0.05613
0.36104
0.59750
0.50320
0.25905
0.02961
0.32599
0.89630
0.47790
0.36254
1.02448
0.47672
0.49745
1.06018
0.83550
-0.05301
0.80083
0.52944
0.68810
0.11148
0.32478
0.03966
0.59218
0.65526
-0.14953
0.03932
0.31488
0.15950
0.48173
0.45712
-0.00017
1.18604
0.35882
0.49145
0.15880
0.68630
0.54074
0.61987
0.37040
1.04249
0.90066
0.39117
0.80123
0.46101
0.31507
0.25685
0.12777
0.32830
0.38063
0.91999
0.74353
0.78044
0.42068
0.53871
1.05983
0.65541
-0.05501
0.60445
-0.08746
0.61863
0.75887
0.39571
0.56017
0.98003
0.28861
0.56804
0.96964
0.38437
0.47790
0.48094
0.49546
0.97746
0.81869
0.06865
0.56922
0.90982
-0.08391
0.57114
0.96866
0.51073
0.42591
0.28303
0.38519
0.07018
0.60856
0.38516
-0.06779
0.53912
1.01844
0.14676
1.06101
0.27530
0.35743
0.16947
0.95975
0.56414
0.04661
0.76633
0.59363
0.30860
-0.07975
0.46450
1.04659
0.43686
0.06696
0.86294
0.58920
0.04996
0.45840
0.26512
1.14454
0.88836
0.52211
0.00854
0.25031
0.20165
0.15201
0.33362
0.79631
0.62963
0.28540
0.07820
0.71231
0.93666
0.51614
-0.05180
1.02077
0.32311
0.54767
0.23552
-0.00014
0.12627
0.82251
0.73799
0.14170
0.03779
0.12513
0.90652
0.83161
0.97519
1.05179
0.58075
-0.03991
0.39497
-0.06116
0.33994
0.67939
-0.05604
0.44545
0.08054
0.36834
0.51545
0.57121
0.58894
0.66541
-0.00479
0.62932
0.08330
0.83234
0.42879
0.28859
0.72380
0.94184
0.38647
0.09710
0.13919
0.96045
0.64568
0.80116
0.95433
0.77457
1.00392
0.43842
0.39795
0.39941
0.24376
1.21494
0.23180
0.74698
0.88395
0.69980
0.99307
0.25161
-0.02268
0.42878
0.94016
0.44235
0.27576
0.59230
0.94027
0.56362
0.92031
0.72212
0.93843
-0.02147
-0.01641
0.54243
0.22549
0.66332
-0.00116
0.04887
-0.01738
0.40655
0.16780
0.52606
0.97239
0.92869
0.58919
-0.00882
0.05511
0.31411
0.65454
0.00680
0.98718
-0.01047
0.54686
0.80004
-0.07129
0.31368
0.88923
0.81821
0.99906
0.69645
0.18105
-0.07678
0.23586
1.00945
0.74824
0.23707
0.09775
0.30994
-0.06801
0.26185
0.53665
0.37218
0.28484
-0.02709
0.88988
1.08976
0.80165
0.68786
0.26328
0.79086
0.89941
-0.00449
0.63602
0.26318
0.17339
0.53147
0.09664
0.05985
-0.03937
0.60341
0.36754
0.03082
0.31153
0.04207
0.98867
0.93566
0.41562
0.07585
0.18822
0.06447
0.59479
0.38576
0.15701
0.50546
0.53446
0.45358
0.51885
0.80335
-0.06355
0.19016
0.53534
0.53536
0.24049
0.17613
0.77205
0.36350
0.26235
0.25267
0.48255
0.51988
0.21278
0.11666
0.78238
0.69387
0.07141
0.42092
0.13557
0.53198
0.07121
0.83446
0.05407
1.05254
0.00501
0.19917
0.02790
0.53387
0.82507
-0.04856
-0.15099
0.38179
0.47302
0.85325
1.04855
0.50136
1.05549
0.36752
0.85128
0.67551
0.51784
-0.05896
0.90923
0.47538
0.04263
0.45095
0.96444
0.36426
0.23360
0.67831
0.03000
0.46909
0.30203
0.20780
0.46145
0.65181
0.57605
0.18896
0.20917
0.95746
0.51543
0.28219
-0.04834
0.36630
-0.05082
1.04666
0.32020
0.06765
0.86331
0.92478
0.81915
0.89512
0.69396
-0.04965
0.47622
0.46157
0.21704
0.51577
0.94015
0.37760
0.38053
0.45379
0.06443
0.68061
0.84182
0.03590
-0.00438
0.63262
0.97249
0.77321
0.53818
0.40812
0.36408
0.05399
0.75796
0.56289
1.01138
0.50681
0.91289
0.91371
0.04207
0.97812
0.40394
0.10031
0.45327
0.04193
0.42088
0.79211
0.98317
0.98270
-0.03832
0.05488
0.25731
0.90811
0.57861
0.63302
-0.03669
0.18837
1.02590
-0.02223
0.26481
0.65406
0.31374
0.48333
0.67271
0.76587
0.59941
0.56414
0.05865
0.89335
0.44181
-0.03892
0.11981
0.43846
0.59430
0.31360
0.65900
0.64427
0.19897
0.47057
-0.13771
0.40515
0.93434
0.46011
-0.09933
0.11220
0.69991
0.53833
0.26688
0.45691
0.94965
1.00244
1.03796
0.07780
0.63956
0.50168
0.79265
-0.03751
1.04938
0.93523
0.00773
0.65370
0.60193
0.83605
0.89221
0.46742
0.34235
0.89092
0.73253
0.84587
0.22913
1.11307
0.89487
0.91350
0.45943
0.93821
0.13514
0.51693
0.88149
1.03749
0.21399
0.53362
0.71112
0.31670
-0.02026
0.51073
0.64400
1.05598
0.93826
0.74445
0.00045
0.52491
0.62089
0.14444
-0.05972
0.90474
0.84716
0.10754
0.02427
0.65344
0.82496
0.44174
0.29553
0.00555
0.84707
-0.20254
1.00690
0.30285
-0.22140
-0.08023
0.93285
0.31988
0.39079
0.20071
0.17931
0.04332
0.48250
0.91663
0.92323
0.09205
0.02377
0.43958
0.20300
0.86212
0.24081
0.57963
0.50309
1.03954
0.23050
1.07622
0.53353
0.53601
0.90191
0.63241
-0.05054
0.16853
-0.03639
0.18958
0.76909
0.65366
0.06928
-0.13187
0.06917
0.43305
0.29408
1.04051
0.13432
0.68554
0.35930
1.07420
0.27729
0.64086
0.55519
0.77826
0.09157
0.92183
0.08078
0.07162
-0.00585
0.54739
0.71524
0.86346
0.31747
0.53438
0.65583
0.30729
0.50405
1.05315
0.34664
1.00773
1.03877
0.00004
0.43707
0.46008
0.33387
0.09066
0.37186
0.17148
0.95117
0.51118
0.56174
0.49754
0.73191
-0.16399
0.32266
0.10939
-0.00829
0.84737
0.86476
0.09356
0.77823
-0.18900
1.19659
0.90644
0.84667
0.87056
0.52538
0.82176
0.62800
0.78973
0.15134
0.87226
-0.03037
0.71119
0.48235
0.66043
0.93072
1.01437
0.32633
0.99026
0.61381
0.27147
0.54308
0.12889
0.22296
0.32320
0.74294
-0.05805
0.62624
0.80139
0.01508
0.04601
0.50569
0.92857
0.34195
-0.01256
0.29842
0.39680
-0.03971
0.15589
0.77199
0.44964
0.44704
0.45256
0.81961
0.59845
-0.02198
0.43303
0.29159
-0.09879
0.63243
0.57236
0.44388
0.61709
0.41293
1.05277
1.17908
0.99703
1.08014
0.57726
0.66010
0.61575
-0.11691
0.24418
0.70519
0.11207
0.40361
-0.01793
0.06242
0.68461
0.81634
0.43724
0.24737
0.53691
-0.00190
0.74283
0.95757
-0.14572
-0.13232
0.37371
1.01637
0.22641
0.27350
0.05125
0.07373
0.94752
0.02874
1.06624
-0.06015
0.15371
-0.03427
0.54472
0.16496
0.14008
-0.03621
0.50449
0.31519
-0.15568
1.14513
0.65072
0.83759
0.03120
0.57114
0.65915
0.72332
0.84952
0.21564
0.82750
1.09399
0.66544
0.90257
0.45204
-0.10057
0.22263
-0.11372
0.84194
0.11774
0.90139
0.93585
0.41075
0.90928
0.00312
0.05699
0.93283
0.31071
0.05007
0.64542
0.39927
0.87778
0.40765
0.29364
0.41932
0.27746
0.81836
0.35821
0.79807
0.97942
0.33763
0.19601
0.36580
0.84181
0.39002
0.29564
0.98472
0.06167
0.31742
0.52255
0.00642
-0.26192
0.94319
-0.02926
0.49846
0.84715
0.57212
0.19486
0.94808
0.60054
0.43076
0.31562
0.80473
0.93650
0.43816
0.00991
0.65393
0.51180
0.74511
0.57704
0.44448
0.87773
0.59759
0.54844
-0.01720
0.52608
0.26470
0.60917
0.19400
0.83911
-0.06397
0.13890
-0.09917
1.01175
0.55919
0.72409
0.80910
0.86189
-0.01426
0.66779
0.44984
0.85787
-0.08760
0.02433
0.46319
-0.04341
0.36955
0.23738
0.35742
0.44918
0.80076
0.75076
0.54551
0.39623
0.88009
0.43995
0.30312
0.80758
0.25845
0.15856
0.44581
0.32982
0.69084
0.80648
-0.17744
0.04778
-0.09089
0.57734
-0.11583
-0.02639
0.48154
0.88292
0.50453
1.07840
0.56918
0.71467
0.75174
0.06585
1.02462
0.82500
0.52728
0.18051
-0.07828
0.82952
0.64125
0.97022
-0.05935
0.54851
0.81508
0.72869
-0.09093
0.19101
0.74586
1.01924
0.93931
0.39496
0.22254
0.28607
0.74819
-0.05013
1.05319
0.11822
0.30144
0.64753
0.54003
0.34514
0.89078
0.26508
0.38512
0.78795
0.04051
0.53444
0.12156
0.48145
0.87322
0.37552
0.39920
0.93563
0.16081
0.16546
0.23784
0.87639
0.86072
0.41701
0.87452
0.00541
0.59322
1.11018
0.02459
0.37917
0.87132
-0.03763
0.89564
0.35487
0.00758
0.00753
0.56978
0.50330
0.97934
0.08692
0.43649
0.49834
0.82763
0.99390
0.57485
0.61737
0.04970
0.11151
0.99034
0.23212
0.08758
0.09552
0.38268
0.57654
1.04558
0.62633
0.05032
0.50001
0.95123
0.29037
0.94105
0.43757
0.82607
0.59465
-0.07100
0.02073
0.35593
0.69173
0.28761
0.15192
0.16227
1.06173
0.63254
0.60380
0.76727
0.20029
0.45400
0.17868
0.26264
0.54939
0.19962
0.56822
0.92461
-0.24801
0.42702
-0.00061
0.15722
0.85932
1.00751
0.83919
0.13559
0.45528
0.68178
0.55130
0.22042
0.87222
0.14845
0.04483
1.15662
0.24505
0.92080
-0.08943
0.57054
0.82280
0.81137
0.12642
0.10400
-0.04982
0.15092
0.49101
0.85164
0.12053
0.24581
0.92631
0.06679
-0.16514
0.27044
1.04653
0.08945
1.16815
0.04260
0.82957
0.46958
0.08451
0.03107
0.48716
0.19708
0.96519
0.96919
0.31054
1.00930
0.54643
0.13239
0.97757
0.90554
-0.02925
0.87070
0.42430
-0.10146
0.50132
0.20061
0.02663
1.02064
0.37638
0.74085
0.10204
0.63790
-0.04454
0.95002
0.45812
0.21213
0.59263
0.60190
0.95335
0.15319
0.95051
0.87419
0.57742
0.37650
0.50508
0.38720
0.51196
0.09076
-0.12118
0.19588
0.04750
0.59226
-0.13848
0.45796
0.06840
0.69640
-0.21761
-0.06841
0.64912
0.82395
0.03971
-0.25534
0.85525
0.08109
-0.22783
0.00195
0.61142
0.11843
0.70411
0.07081
0.70052
0.38155
0.70257
0.26399
0.31608
0.97399
0.98874
0.79172
0.35204
0.57170
0.18847
0.26018
0.07884
0.98440
0.39711
0.82396
0.78766
0.79055
0.82802
0.23814
0.46627
1.10761
0.39582
0.75038
0.24163
0.37447
0.11829
0.12717
1.00329
0.27830
0.72000
1.01144
0.81915
0.57286
1.11054
0.37059
0.32708
0.48550
1.01104
0.35369
0.39014
0.28553
0.90935
0.02768
0.49982
-0.01961
0.29161
0.64977
0.34144
0.84295
0.22523
0.97965
0.33962
0.12152
0.36078
0.29094
0.57913
0.14657
1.01074
0.86180
0.32094
0.92352
0.81811
0.63836
0.13636
0.76496
0.05476
0.45766
1.02856
1.00097
0.95446
0.66078
0.53884
0.03717
0.21444
-0.07748
0.00269
0.42249
0.96352
0.45552
0.37078
0.77146
0.04704
0.47018
0.23698
0.23477
0.87097
0.02915
0.37137
1.01616
0.18838
0.94120
0.55804
0.42605
0.17051
-0.06483
0.61174
0.11589
0.41945
1.00307
0.27674
0.83043
0.43251
0.72755
0.77544
0.81906
0.39952
0.43066
0.55479
0.87814
0.77840
0.11489
0.08717
0.42731
0.52932
-0.01483
0.76205
0.72904
0.65820
0.22882
0.06538
0.72141
0.06587
1.04227
0.10651
1.00089
0.47370
0.30187
0.50366
0.45368
0.42381
0.41739
-0.05306
-0.07932
-0.10297
0.45767
0.96561
0.46768
1.17455
-0.09938
0.05896
0.31971
1.09776
0.29294
0.00721
0.49366
0.02110
0.91649
0.82209
0.93607
0.91828
-0.00265
0.26080
0.49893
0.19249
0.82343
0.98443
-0.01605
0.83020
0.98145
1.02637
1.06205
1.00664
0.01648
0.37878
0.79499
0.25411
0.00027
0.90759
0.22748
0.44553
0.67887
0.06828
0.47602
0.87083
0.34529
0.36598
0.63981
0.87162
-0.00085
0.47390
0.89652
0.81402
1.15431
0.01329
0.47589
0.65051
0.83406
0.43458
0.16012
0.07715
0.10361
0.56395
0.79605
1.27583
0.37170
0.26730
0.41108
-0.10627
0.84115
-0.02237
0.28438
-0.04768
0.59716
0.29954
0.46638
0.31188
0.27596
0.07330
0.75224
0.64363
0.45461
0.60097
0.08841
0.93936
0.35668
0.02888
-0.11611
0.81762
0.06298
0.47023
-0.21937
1.11622
0.79939
0.52427
0.72174
-0.02806
0.55440
0.47297
0.51119
0.31938
0.91061
0.90218
0.75776
0.71059
0.53027
0.93673
-0.08435
0.54231
0.93082
0.37054
0.70408
0.20807
0.22193
0.06730
0.46553
-0.02376
0.38597
0.26521
0.67663
0.21179
0.28930
0.24449
0.13827
0.48930
0.40780
0.26328
0.49896
-0.04224
0.16466
0.46728
0.22979
0.95873
0.91984
0.14414
0.46936
0.61548
0.05362
0.57203
0.05711
0.26594
0.53848
0.55915
0.02398
1.06231
0.67296
0.13284
0.09609
0.19414
0.22820
0.48332
0.32896
0.42129
0.73337
0.47274
0.28070
0.08112
0.23360
0.48066
0.40821
0.49886
0.57445
0.78337
0.66748
0.52515
0.74726
0.92238
0.18557
0.02819
0.69334
0.96372
1.03931
0.17574
0.57615
1.10301
0.32554
0.82595
0.78199
0.33136
0.83283
0.22374
-0.17813
0.44357
0.92442
0.41673
0.19279
0.98973
0.87181
0.80806
0.55531
0.07237
-0.04330
0.69418
0.01116
0.55106
0.92468
0.67701
1.10331
0.21635
0.42225
0.14788
-0.07017
0.54796
0.19973
0.50935
0.32636
0.69685
0.82503
0.57768
0.88592
-0.03625
0.20426
0.13226
0.86862
0.76276
1.18928
0.62818
0.52872
0.92950
0.04004
0.42659
0.17868
0.72533
0.05913
0.78940
0.58519
0.33195
0.99878
0.04843
0.68133
0.88693
0.10814
0.11306
0.29349
0.38083
0.49490
0.53341
0.51931
0.25436
0.33292
-0.06169
-0.04161
0.31015
0.96385
0.32653
1.22460
0.44372
-0.05969
0.05652
0.89363
0.60320
0.65391
0.41047
0.87869
0.40046
0.56120
0.59950
-0.17409
0.61461
0.50925
0.63322
0.27481
0.95492
0.62543
-0.02116
1.05407
0.40051
0.23070
0.02106
0.53394
0.40053
0.10225
0.08539
0.51476
0.92278
0.37374
0.99194
0.87183
0.45151
0.80057
0.91690
0.90382
0.07080
0.89793
0.15366
0.59341
-0.05593
-0.09229
0.04968
0.40999
0.90979
0.81326
0.65097
0.11288
0.35493
0.15156
0.75507
-0.07018
0.25514
0.98784
0.17816
0.87933
0.93012
0.01522
-0.13288
0.95459
0.11176
0.57313
1.17934
1.00488
0.51271
0.54335
0.51041
0.92627
0.71142
0.16444
0.55051
0.14793
0.95108
0.35684
0.57779
0.40522
0.24752
0.73878
0.76756
-0.11372
0.50173
0.91549
0.77271
-0.05322
0.74976
-0.04341
0.32868
0.19457
0.11797
0.52413
0.41206
0.91050
0.55768
0.49853
0.34827
0.40117
0.58645
0.20262
0.94784
0.26642
0.88401
0.44025
0.74108
0.98990
0.67380
0.20490
0.48670
0.47311
0.51359
0.11761
0.76236
0.91852
0.85153
-0.11684
0.09472
0.69276
0.81036
0.11320
0.92479
0.78868
0.00483
0.42487
0.85043
0.82411
0.89404
0.02043
0.90382
0.06113
-0.06706
0.35356
0.84452
0.99568
0.31141
0.59706
-0.06219
0.91761
0.50017
1.11643
0.25068
0.50620
0.28362
0.59429
0.66063
0.34716
0.39006
0.79196
0.57894
0.27164
0.05021
0.37939
0.13075
0.46609
0.23864
0.12470
0.98003
0.41952
0.96238
0.31510
1.07117
0.39906
0.98791
-0.00100
1.01051
0.99813
0.88853
0.92149
0.24896
0.73990
0.88744
0.21342
0.35477
0.14705
-0.05983
0.33085
0.04005
-0.11264
0.37307
0.91735
0.09167
0.63509
0.23864
0.51490
0.89752
0.18742
0.25488
0.06787
1.02781
0.73741
0.72065
0.98268
-0.01702
-0.02457
0.07854
0.27976
0.85022
0.46376
0.21368
0.14553
0.92940
0.75454
0.57430
0.33716
-0.11150
0.09638
1.08812
0.30317
0.70239
-0.07530
0.44238
0.10015
0.64615
0.06646
0.91841
0.58325
0.95204
0.22983
0.33945
0.39541
0.04288
-0.13333
0.46288
0.96390
0.95072
0.15130
0.39328
0.11435
0.52017
0.51008
0.28113
0.39037
0.27724
0.24583
0.75251
0.24480
0.59245
0.86332
0.50942
1.01058
-0.09682
0.20969
0.77324
0.49504
-0.03825
0.89741
0.81984
0.34640
0.61096
1.03888
0.05822
0.42907
0.95814
0.53073
0.05640
0.86338
0.29801
0.09253
0.71797
0.28564
0.22223
0.19325
1.01159
0.88161
0.68084
0.91757
0.48424
0.64123
0.41202
1.13227
0.12090
0.47806
0.87792
0.43060
0.62163
-0.01539
-0.05165
0.73632
0.90491
-0.10203
0.35286
1.01402
0.45557
0.07573
0.42614
0.68539
0.05639
0.62732
0.19419
0.01895
0.51659
0.22334
0.97123
0.35788
0.29183
0.06138
0.17801
0.47755
0.98775
-0.14358
0.93426
0.18847
0.13680
0.28994
0.86417
1.14927
0.09943
1.02583
0.49360
0.29476
0.41992
0.28697
0.85596
-0.00600
1.13227
0.70957
-0.04001
0.51308
0.41183
-0.00937
0.31086
0.50878
0.89753
0.50693
0.13387
0.29782
0.26564
0.94731
0.28432
0.61481
-0.10310
0.23210
1.07208
0.15386
0.36204
0.40610
0.15420
0.78138
1.03495
0.54279
0.20680
0.67581
0.46650
0.88834
0.80075
-0.09445
1.02035
0.52010
0.86310
-0.01705
1.14202
0.63296
0.93960
0.38592
0.79320
0.88681
0.00108
0.92457
0.10954
1.04923
0.39002
1.10463
0.89264
0.67416
0.44378
0.79007
0.61899
-0.06018
0.68026
0.38866
0.24764
0.60176
0.30648
1.11760
0.32359
0.10227
1.07770
-0.04905
0.55784
0.31033
0.14493
0.84670
0.13131
0.00821
-0.01764
0.84478
1.08804
0.35286
0.45876
0.34932
0.43240
0.25680
0.62957
0.47524
0.77010
0.90273
-0.01957
0.35533
0.42272
0.28648
-0.03062
0.44616
0.76950
0.04278
1.01038
0.10108
0.89009
0.52170
0.15016
0.08749
0.22465
0.43052
0.52072
0.11359
0.56684
0.07224
0.61984
-0.08294
0.08107
0.53541
0.20618
0.37446
0.63512
0.39977
0.40304
0.65586
0.07600
0.90045
0.39493
0.49996
0.74259
1.03574
0.53664
0.47733
0.12888
-0.04626
0.15373
0.06247
0.26740
0.79842
0.18819
-0.04351
0.71015
0.41473
0.65790
0.98831
0.43059
0.98252
0.98463
-0.01377
0.10904
0.36871
0.61242
-0.06968
0.42088
0.62071
0.43027
-0.01875
0.01730
-0.08426
0.48072
0.06068
0.31538
0.35424
0.16993
0.59017
0.52354
0.85582
0.33461
0.52191
0.41131
0.12213
0.59479
0.45757
0.25840
0.05427
0.36292
0.96492
0.03306
0.72286
0.22453
0.58603
0.76115
0.60179
0.44467
0.18968
0.07700
0.24706
0.02387
0.41359
0.19187
0.68151
0.32966
0.95792
0.46452
0.04034
0.04525
0.63058
0.87829
0.51795
0.71822
0.63386
0.42121
0.44045
0.03789
0.94949
0.71571
0.19329
0.51434
0.76294
0.58888
0.95487
0.52453
0.39992
0.39423
0.30597
0.93598
0.53813
0.56884
0.43818
0.07901
0.35454
0.32826
0.60416
0.87896
0.89069
0.78448
0.41917
-0.05252
-0.07728
0.64660
0.55063
0.72032
0.78826
0.54761
0.16255
1.14660
1.04795
0.03091
0.55031
0.27843
0.90887
0.42018
0.85999
1.05304
0.43950
0.75598
-0.11835
0.94751
0.35277
0.81091
0.87539
0.25530
0.40622
0.26815
0.03544
0.89076
0.91308
0.87254
0.74225
0.27464
0.23051
0.96419
0.57541
0.57903
0.47540
0.48611
0.56230
0.61697
0.60644
0.26987
0.86958
0.88819
0.40388
0.42360
0.60366
0.48882
0.12108
0.95002
0.05329
0.71350
0.93770
0.88855
0.18279
1.09414
0.37446
0.50616
0.84478
0.03738
0.87458
0.58328
0.79134
0.56015
0.06166
0.75430
0.88310
0.98129
0.68427
0.29684
-0.02556
0.37297
0.26133
0.62118
0.27519
0.35795
0.34026
0.51700
0.40388
0.04283
0.58807
0.04705
0.29734
0.20944
1.09112
0.49391
0.37192
0.83688
0.15928
0.74081
0.86290
0.79007
0.56360
0.83894
0.43391
0.60282
-0.02889
0.69124
0.44887
-0.00920
0.61209
0.18601
-0.06908
0.68611
0.63855
-0.08580
0.45505
0.39399
0.91009
0.55911
0.72446
-0.02574
1.01414
0.21031
0.48358
0.25739
0.74612
0.69836
0.07751
0.90018
0.79333
-0.02794
0.62479
0.05229
1.11896
-0.02990
0.70100
0.54340
0.64781
0.65110
0.27820
0.95076
0.14158
1.06182
0.86270
0.32650
0.72429
0.49023
0.36630
0.79622
0.50245
0.20423
0.37752
1.07276
0.98141
0.86817
0.18017
0.95114
0.62772
0.65391
0.43225
0.34173
-0.09911
1.15869
0.43805
0.11269
0.92597
0.36966
0.05850
0.42870
0.88641
0.40458
0.16659
1.06286
0.56138
0.33084
0.49852
0.34705
0.07251
0.35220
0.06803
0.72317
0.82504
0.19294
0.54753
0.49270
0.90315
0.51532
0.32330
0.82999
0.24777
0.98120
0.95296
0.50189
0.40770
0.21452
0.22272
0.75762
0.65859
0.74701
0.45257
0.06758
-0.04918
0.59682
0.37594
0.25154
0.09724
0.98926
0.61355
0.66243
0.38865
0.07031
0.54839
0.95756
0.33575
0.43282
0.42664
0.01633
0.56126
0.72209
0.35187
0.89212
0.79676
0.62733
0.42219
0.56405
0.02637
0.90734
0.34112
1.17989
0.00022
0.74950
0.71372
0.03340
-0.15583
0.43209
0.77372
0.49776
0.38545
0.99639
0.56576
0.01921
0.10623
0.95820
0.05928
0.27499
0.04246
0.59161
0.36801
0.46003
0.11210
1.03802
0.93593
1.07254
0.78856
0.83780
0.82492
-0.07644
1.00963
-0.02449
0.43047
0.82430
0.42596
0.00759
0.04274
0.36474
0.89474
0.34720
0.45527
0.34587
0.89913
0.87210
0.24624
1.08093
0.78050
0.17841
-0.13702
0.86188
0.05753
0.57108
0.52713
0.23732
-0.02396
0.39373
0.52859
0.24048
0.54262
0.44898
0.97862
0.12594
0.53781
1.01355
0.41303
1.08522
-0.00409
-0.02072
-0.08143
0.65977
0.52695
0.83606
0.06719
0.62722
0.27824
0.07384
0.11414
0.38924
0.59951
0.52906
0.05913
0.12714
0.91388
0.07692
0.89143
0.98975
0.05781
0.51031
0.68141
0.54802
0.69912
0.19714
0.07313
0.53213
0.86603
0.95443
-0.07355
0.85875
-0.08035
0.16720
0.71808
0.92115
-0.00076
0.90549
1.06409
0.55959
0.11178
0.11865
0.05606
0.12198
-0.09943
0.30371
0.38223
0.27174
0.13407
0.17373
0.97347
0.97061
0.95901
0.23062
0.58063
0.54288
0.62252
0.21194
0.69015
0.05291
0.57251
0.35596
0.48540
0.37268
0.97886
0.27736
0.36454
0.99778
0.28268
0.95722
0.89346
0.54594
0.09970
0.35018
0.57751
0.06849
-0.11081
-0.00092
0.17057
0.17252
0.93642
-0.02287
1.03556
0.68274
0.07291
0.85430
0.60848
0.12905
-0.08699
0.78734
0.57389
0.58231
0.83200
0.06035
0.04281
0.19695
0.08625
0.92616
0.24724
0.11963
0.16039
0.53287
0.22053
0.64126
0.54320
0.28956
0.60154
0.86893
0.53603
0.47338
0.94035
0.14504
0.10919
-0.08563
0.41286
0.39466
1.07046
-0.22288
-0.05758
0.53262
0.50256
0.19379
0.69480
0.61308
0.02831
0.97903
0.80736
0.60892
0.07302
1.06424
0.62912
0.08565
0.74743
0.24302
-0.01895
-0.01040
0.86480
0.06266
0.30970
0.44213
-0.14330
0.54719
0.69951
0.01156
0.01729
0.46842
0.83583
0.90046
0.83778
0.15612
0.06161
0.71584
0.13191
0.41937
0.44994
0.25454
1.19338
0.74174
0.93032
1.11403
-0.04769
0.33320
0.83436
0.75677
0.82664
0.56918
0.53527
0.18889
0.63874
0.91992
0.73650
0.29201
0.21849
0.86372
0.75091
0.86628
1.24869
0.99271
0.96502
0.59167
0.51923
0.47125
0.94499
0.54475
0.98377
0.33241
0.37816
0.90354
0.93466
0.31415
0.57518
0.92370
0.88997
0.30474
0.97320
0.79035
0.94495
0.43129
1.10476
1.17616
0.44006
0.37308
0.51562
0.46667
0.02411
0.89444
0.97941
0.00403
0.86011
0.04637
0.89198
1.14169
0.94981
0.87136
0.55264
0.31983
0.74564
0.61252
0.87343
0.92845
-0.03309
0.04188
0.87487
0.58980
0.25456
0.51193
0.16170
0.79736
0.35225
0.21804
0.01586
0.16865
0.33254
-0.21107
0.95384
-0.14926
0.60538
0.96566
0.82361
0.68616
0.95954
0.11797
0.47539
0.12931
0.70744
0.19422
0.59109
1.06045
0.47694
0.48349
0.91216
0.01388
0.82468
0.52940
0.35493
0.60075
0.57610
0.40663
0.50619
1.05175
0.93708
-0.18213
-0.14998
0.08614
-0.07037
0.76561
-0.04777
0.62907
0.21759
0.16178
0.86241
0.15810
0.08561
0.19654
0.50518
0.68497
0.86642
0.49394
0.50344
0.25359
0.99393
0.72990
0.21456
0.43249
0.62956
0.69398
0.41340
0.40427
0.87977
1.00593
-0.07396
0.36532
0.36573
0.11791
0.35189
0.77217
0.01360
0.93317
0.13006
0.03409
0.86181
0.22106
0.15840
0.29605
0.42567
0.50052
0.28580
-0.07312
1.15798
0.62003
0.44167
-0.02290
-0.07080
0.58476
0.29410
0.05922
0.02302
0.50996
0.29228
0.42730
0.57785
0.39686
1.09508
0.45365
0.47455
-0.01381
0.67358
1.15474
0.46382
-0.05629
0.75416
0.01909
0.65881
0.03113
0.14961
0.93791
0.96698
0.44994
0.44930
0.66854
0.66685
0.68901
0.52304
0.22786
-0.17564
0.77521
0.24513
0.12745
0.96461
0.41767
0.00367
0.44584
0.20837
0.80244
0.43731
0.51115
-0.08534
0.04999
0.70215
-0.00043
1.00833
0.24893
0.98352
0.87484
0.42709
0.50578
-0.17788
0.48734
0.15283
0.88281
0.30104
0.95714
0.68765
0.78134
-0.04389
0.74646
0.54505
0.97119
0.39305
0.40228
0.14726
0.70981
-0.12502
0.23433
0.61738
0.12914
0.89158
0.51319
0.30345
0.87140
0.46414
0.25748
0.40431
0.45400
0.56140
0.58475
0.01744
0.60764
0.21056
0.23581
0.92762
0.40211
0.83833
0.13326
0.75283
1.06315
0.85073
0.49687
0.48616
0.45873
0.42535
0.13447
0.64691
0.00050
0.19409
0.46660
-0.00244
0.75547
0.22421
0.63792
0.99885
0.23068
0.49735
0.70098
0.64379
0.41346
0.14318
0.42750
0.80606
0.83110
-0.06165
0.60143
0.38402
1.02187
-0.06793
0.80394
0.81206
0.96733
0.37955
0.08907
0.49048
0.37471
0.98184
0.30706
0.39453
0.66165
1.10322
0.85512
0.75911
0.33415
0.19770
0.38660
0.59524
0.36616
0.40655
0.12509
0.67202
0.59823
0.93259
0.15578
0.92040
0.04445
0.88444
0.73578
0.59951
1.11868
0.08736
0.09922
0.77524
0.10640
0.31001
-0.09112
0.45771
0.08621
0.38137
0.58435
0.27077
0.68258
-0.09826
0.09096
0.56171
0.01483
0.56389
0.00163
0.43951
0.35639
0.36406
0.35146
0.92048
-0.07496
0.07275
0.40889
0.68946
0.25443
0.89216
0.76354
0.34150
0.37499
0.97510
0.54709
0.49883
0.51643
0.22938
0.32465
0.00389
-0.04168
0.55897
1.02290
0.44143
0.10876
0.14494
0.45984
0.45872
0.19979
0.36084
0.45669
0.25990
0.55932
0.10845
0.82842
-0.10209
0.23989
0.97854
0.54309
1.07673
0.84028
0.16288
0.46629
0.57911
0.72938
0.51751
0.48956
0.40243
0.51059
0.18762
0.06832
-0.15286
0.95104
0.44792
0.03602
0.61911
0.03204
0.17978
0.22357
0.87979
0.67447
0.86902
0.34708
0.68906
0.88272
0.14830
0.03273
0.81297
0.28994
0.56094
0.20353
1.02066
1.03614
0.29581
0.42473
-0.07323
0.14257
-0.02183
0.42190
0.93960
0.95510
0.44815
1.01171
0.05363
0.63319
1.02410
0.60166
0.53766
-0.01840
0.48918
0.80445
0.28467
0.31091
0.61775
0.51305
0.52919
0.64643
0.13051
0.69986
0.86925
-0.01842
0.49173
0.00618
-0.04999
0.91408
0.11739
0.44627
1.07470
0.92598
0.49800
0.42033
0.52714
-0.02045
0.13170
0.46870
0.41168
0.28175
0.34434
0.24635
0.58142
0.87241
0.93590
0.07308
0.47108
0.44731
0.48997
0.72370
0.44492
0.93922
0.02502
0.57960
0.18072
-0.20349
0.17689
0.31371
0.64954
0.27686
0.63836
0.89696
0.88067
0.58803
0.47106
0.70120
0.35016
0.83397
0.33869
0.88260
0.97545
0.72432
0.10182
0.01659
-0.06028
0.18702
0.89661
0.27802
0.36488
0.77518
0.20873
0.63574
0.16657
0.92604
0.02156
0.53686
0.72329
0.58097
0.06430
0.39582
0.63429
0.56674
0.81016
0.77986
0.89947
0.60892
0.60525
0.71191
0.43639
0.18709
0.24007
0.86493
1.03239
0.43976
0.51758
0.96460
0.96614
0.11765
0.76734
0.27128
0.12320
0.45080
0.12126
-0.09211
0.92527
0.96794
0.39654
1.02241
0.07227
0.06095
0.07016
0.24438
0.46507
0.54531
0.76131
0.54568
0.51353
0.81972
0.50602
0.08284
0.11586
0.72440
0.60363
0.42414
0.44579
0.93798
1.03324
0.03175
1.12000
0.61068
0.97826
0.67695
0.43130
0.71295
-0.07555
0.99700
-0.08172
0.27592
-0.04209
0.11668
0.51879
0.14003
0.36447
0.89048
0.99601
0.92801
0.04877
0.50216
0.33283
0.92481
0.40800
0.84205
0.29545
0.30245
0.42208
0.66375
1.02124
0.51144
0.32613
0.01237
0.30340
0.19183
0.63274
1.08301
0.13741
0.33864
0.29153
0.14554
0.85442
0.76461
0.67674
0.03183
0.40851
0.71629
-0.00847
0.08935
0.08691
0.61515
0.74469
0.56762
-0.01077
0.08768
0.47707
0.42972
0.20685
0.41559
0.92864
0.96152
0.83054
0.07249
-0.05061
0.03022
0.59372
0.92568
0.32272
0.44798
0.10768
0.05356
0.71761
1.00855
0.73133
0.39090
0.94846
0.82878
0.81412
0.01700
0.46879
-0.01478
0.86311
0.94719
0.75992
0.39063
0.47730
0.39946
0.37817
-0.10753
0.62349
0.24401
0.84881
0.16934
-0.01702
-0.01768
0.30369
0.65682
0.26170
0.39012
0.95798
0.05588
0.32764
1.09594
0.42839
0.82241
0.94973
0.83081
1.00793
0.38438
-0.15961
0.73335
0.40302
-0.00546
0.88712
0.13952
0.13861
0.15987
0.57249
0.51848
0.91556
0.03254
0.73958
0.94993
0.26246
0.35228
0.55495
0.40300
0.40212
-0.02557
0.66375
0.38699
0.09792
0.86959
0.32285
0.15831
0.14003
0.36864
0.34702
0.51435
0.98640
0.79446
0.87908
0.81227
0.41972
1.01455
1.15005
0.28600
-0.00176
0.51384
0.79151
0.19391
0.93076
0.42698
-0.01731
0.93016
-0.00660
0.95059
1.06748
0.35152
0.46395
0.70694
0.32337
0.63480
0.08394
0.26354
0.31873
0.81187
0.80751
0.06058
0.26136
1.02603
1.17983
0.87298
0.79579
0.53928
0.51526
0.42358
1.05772
0.47073
0.20966
0.57890
0.55736
0.95182
0.03993
0.32309
0.67015
0.85186
0.78447
0.24594
0.11967
0.83402
0.19042
0.56655
0.40616
0.19993
0.63205
0.54209
0.87254
0.41163
0.63981
0.53691
0.15230
0.78609
0.42689
-0.01935
1.01111
-0.01411
1.04989
0.69041
0.77796
0.43830
0.12171
0.52845
0.04721
0.38070
0.11029
0.11972
0.41054
0.46793
0.29971
-0.04642
0.86019
0.92452
0.67662
1.06610
0.19148
0.36173
1.04189
0.43721
1.00203
0.59767
-0.12398
0.57995
0.25211
0.96290
0.73167
0.52452
0.51748
0.61786
0.13658
0.53283
0.81168
0.69328
0.10945
0.52542
0.54295
-0.04613
0.06278
0.44360
0.39528
0.04856
0.01099
1.00460
0.49777
0.07391
-0.12373
0.07522
0.22898
0.81695
0.62891
0.90440
0.21319
0.31409
0.31834
0.66790
0.48100
1.00995
-0.13832
-0.04670
0.97462
0.66875
0.23772
0.54314
0.24001
0.80007
0.13352
0.08158
0.56691
0.73109
0.07361
0.45696
0.36309
0.31721
0.76769
0.45142
0.30667
0.41091
0.83149
1.05848
0.88526
-0.02172
0.91837
0.44420
0.91014
0.11512
0.41548
0.57910
0.06483
0.85347
0.41229
0.53587
0.31366
0.88566
0.25584
0.47333
-0.02416
0.03079
0.03528
-0.03351
-0.00231
0.27628
1.01358
0.39984
0.11451
-0.06403
0.83922
0.61354
0.65885
0.08792
0.88489
0.85846
0.00782
1.00169
0.39962
0.37019
0.78559
0.41817
0.80553
0.01387
1.01833
1.09647
-0.09111
0.50911
0.46250
0.46716
0.81595
0.29519
1.28453
0.97991
0.37201
0.34195
0.31137
0.12097
0.58670
0.80877
0.95211
0.47158
0.76991
-0.02054
0.88149
0.16246
0.30799
0.57784
1.03784
0.33101
-0.01812
0.79358
0.47856
0.45212
0.24707
0.46086
0.48459
0.70734
0.10570
0.00408
0.43174
0.12696
0.86159
-0.08825
0.96768
1.00022
0.62607
0.29047
1.06061
0.27648
0.70515
0.36115
0.46491
0.03541
0.55778
0.37354
0.03160
0.44708
-0.02879
0.30186
0.97302
-0.13235
0.96217
0.87261
0.76134
1.08778
0.21766
0.78301
0.14194
0.38311
0.32850
0.80948
0.15258
0.97975
0.90545
0.35089
0.55353
0.32546
0.91859
0.32589
0.58710
0.09707
0.43402
0.87097
0.21095
0.99817
0.61516
0.88762
-0.09988
0.79355
0.03233
0.19581
0.32260
0.92341
0.81679
0.51543
0.86169
0.76522
0.04326
0.26226
0.05396
0.02445
0.47390
-0.07753
0.91704
0.48746
0.53455
-0.15222
0.55278
0.10327
0.26294
1.00215
-0.03344
0.76256
0.43234
0.72484
0.89910
0.87407
0.88517
0.69460
0.95543
0.72218
-0.10048
0.79279
-0.06727
-0.12443
0.18148
0.65758
0.19807
0.82552
0.96279
1.04164
-0.03014
0.42168
-0.06436
0.14281
0.93029
0.19325
0.65510
0.15058
0.86203
0.13780
0.39118
0.05420
0.45473
0.50011
0.38859
0.47920
0.46065
0.08981
0.29549
0.54625
0.49019
0.64666
0.01193
0.15158
0.51777
0.93359
0.48050
-0.11550
0.92894
0.55149
0.57882
0.40875
0.02024
0.36368
0.25539
-0.09816
0.59532
0.93487
0.57666
0.57107
0.43801
0.67682
0.73044
0.46585
-0.05992
0.89817
1.23773
0.40160
0.32208
0.84396
0.54877
0.43322
0.23174
0.33677
0.03337
0.44782
0.94594
0.47937
0.02404
0.54874
1.06536
0.92420
0.78059
0.59535
0.66954
0.57353
1.01650
0.30896
0.91971
0.28728
0.50045
0.94907
0.85163
0.82363
0.60586
0.91746
0.09913
0.58900
0.08400
0.79459
-0.12359
0.37985
-0.02543
0.57208
-0.16023
0.03694
0.02725
0.62631
0.67435
0.91827
0.11806
0.87897
0.79321
0.02104
0.48877
0.16703
0.53182
0.44091
0.08242
0.90464
0.82966
0.82800
0.55408
0.80167
0.78642
0.08690
0.01874
0.67373
-0.14292
0.13291
0.19798
-0.08574
0.73704
0.13386
0.21856
0.34253
0.48190
0.91316
0.69757
0.57295
0.39138
0.56591
0.64717
0.12746
0.50610
0.93702
0.60650
0.04212
0.54727
0.83711
0.12969
0.42469
0.74989
-0.02580
0.32889
0.11703
0.76983
0.42485
0.03914
0.76489
0.85842
0.85302
0.40452
0.42420
0.77735
0.13718
0.23936
0.95562
0.69131
0.54368
0.37442
0.39805
0.63147
0.29557
0.23125
0.07633
-0.10476
0.39295
1.11535
0.09688
0.41532
0.35592
0.70535
0.06799
0.87064
0.62805
0.94635
0.01513
0.66181
-0.02777
0.73699
-0.11256
0.78446
0.60585
0.34227
1.02511
0.68342
0.03814
0.32951
0.53685
0.38381
0.07932
0.89529
0.54826
0.82542
0.86879
0.03810
0.77479
0.85201
1.08253
-0.02248
0.74414
-0.02803
0.39510
0.75268
1.04639
0.54503
0.19020
0.89219
-0.01588
0.95312
0.29229
0.82169
0.07236
0.99559
-0.01781
0.93969
1.01241
0.77248
0.93240
0.02615
0.97322
1.06730
0.88093
0.52641
1.02896
0.62626
0.04150
0.66849
0.50345
0.01069
0.82649
-0.00246
0.01637
0.77908
0.72841
0.29273
0.41814
0.00171
0.23308
0.55266
0.02548
-0.03267
1.07693
0.56436
0.95803
0.76514
0.03008
-0.10854
0.27859
0.51766
0.28664
0.64555
0.71809
0.43815
0.50877
0.32777
0.38143
0.11919
0.36993
0.60656
0.63270
0.63495
0.67770
0.24040
0.79132
0.49288
0.92821
0.12244
0.13110
0.04811
0.03400
0.09748
0.80890
0.74110
0.96829
-0.09752
0.84044
0.49670
0.11294
0.76965
0.74195
0.90846
0.34270
0.83314
0.64377
-0.05587
0.95503
0.85972
0.85050
1.05849
0.28950
0.20661
0.81558
0.93134
0.77225
0.52361
0.11846
0.17077
0.37875
0.11236
0.99002
1.07555
1.12426
0.96176
-0.05186
0.83571
0.24337
0.44703
0.84675
0.70131
0.94871
0.11220
0.85931
0.31483
0.76851
0.60351
0.75304
0.40506
1.06189
0.22229
0.39484
0.78153
0.00089
0.10812
0.87526
0.80029
0.39563
0.38841
0.46714
0.56706
0.01778
-0.08639
0.85720
0.43485
0.94890
0.17297
0.16711
0.82327
0.92012
0.96482
0.44754
0.17679
0.87927
1.03340
0.64394
0.26917
0.98412
0.88536
0.88394
0.67656
0.71498
0.41346
0.66380
0.65334
0.45056
0.89786
1.22822
0.44299
1.07877
0.58714
0.39810
0.58877
0.05536
0.27742
0.78376
0.55469
0.79687
0.52774
0.46887
0.51866
0.30971
0.11249
0.57971
1.00906
0.46936
-0.02133
1.01459
0.75012
0.79381
0.93580
0.57911
0.85960
1.01603
0.60471
-0.07697
-0.06876
0.61124
0.26878
0.43252
1.00080
0.31962
0.55643
0.77667
0.31894
0.07650
0.97375
0.40614
0.19701
-0.06572
0.95873
0.32017
0.91077
-0.06648
0.78060
0.13693
0.33571
0.56042
0.10505
0.90924
0.47101
0.45900
0.37372
0.35989
0.49492
0.63813
1.02390
0.89778
0.45428
0.82893
-0.02679
0.31919
0.83785
-0.03643
0.06105
0.05949
0.52483
0.57649
0.51558
0.91840
-0.02205
0.59776
0.77228
0.89948
0.57358
0.53699
0.06206
1.04887
0.27253
0.12047
0.10634
1.01881
0.00302
0.89391
0.09744
0.01891
-0.04432
-0.05844
-0.06760
0.03800
0.94204
0.54550
0.49605
0.93049
0.72139
0.91024
0.29077
0.46623
0.68765
1.07957
0.52548
0.08923
0.79163
0.04354
0.86867
0.41111
0.36336
0.89742
0.38417
1.01665
0.15236
0.44179
0.40761
0.83114
0.48575
1.06363
0.48740
0.76976
0.37826
0.08337
0.01710
0.79875
0.56983
0.55985
0.99203
0.63969
0.80828
0.38558
0.64272
0.66810
0.81071
0.72518
0.47067
0.34830
1.11563
0.31184
0.37210
0.96660
0.89623
0.56924
0.47707
0.49524
1.04481
0.57449
0.71604
0.63607
0.55842
0.40176
0.46245
0.24143
0.19136
0.94968
0.19832
0.41202
0.89282
0.50555
0.15635
0.83926
0.33107
0.08894
0.46736
0.65334
1.01040
0.36086
0.48692
0.39205
0.10363
0.94679
0.50828
0.05172
0.73260
0.62774
1.08623
0.60968
0.61955
0.43009
0.05571
0.42591
0.46070
-0.02668
0.77691
0.64093
0.34886
0.02387
0.59581
-0.06729
0.48492
1.07234
0.42674
0.07114
0.72172
0.01124
0.25464
-0.05120
0.35296
0.17219
0.29085
0.37207
0.78313
1.02234
0.05785
0.86092
0.32688
-0.04006
0.44460
0.00740
0.44360
0.09451
0.45362
-0.17090
0.56157
0.30079
0.91547
0.02103
0.06614
0.37155
0.22203
0.98952
-0.08792
0.51462
0.41241
0.13672
0.24496
0.64488
0.44551
0.93960
0.29993
0.74873
0.32718
0.31584
-0.00563
0.67815
0.02915
0.10220
0.96402
-0.01166
0.68125
0.91930
0.40544
0.54567
0.33550
1.14000
-0.00519
-0.01213
0.90088
0.06551
0.48848
0.10005
0.85058
0.28189
0.29460
0.80037
-0.04080
0.43490
0.72118
0.02787
0.18821
0.90806
0.48531
-0.03766
0.53934
0.54823
-0.27252
0.68543
0.27692
0.08087
0.13888
0.92228
0.60649
0.33923
-0.01922
0.26735
0.54368
0.54866
0.88649
0.05918
0.96774
0.00583
0.67421
0.36828
0.54397
0.42976
0.86194
0.14451
0.61628
0.06972
0.18067
0.48021
-0.07899
0.43261
-0.02084
0.93003
0.42309
0.23950
-0.05372
0.55641
0.84306
0.96188
1.14847
-0.05490
0.24298
0.85696
0.99501
0.52714
0.01061
0.70847
0.80120
0.87039
0.66314
0.34914
0.40545
0.88500
0.05082
-0.04808
0.58139
-0.00671
-0.07259
0.40557
0.98140
0.92387
0.64623
0.49622
0.93095
0.44436
0.78058
0.88306
0.72908
0.18010
0.33123
0.27025
0.92968
1.03386
0.84494
-0.02981
-0.00024
0.35670
1.20891
0.75486
0.32342
0.59365
0.72404
0.40253
0.53347
1.10946
1.03454
0.24222
0.42956
-0.19163
-0.02679
0.59900
0.15387
0.50667
0.42138
0.98545
0.43456
0.77972
0.02785
0.02049
0.31028
0.52023
0.88233
0.32553
0.39797
0.46302
0.53646
0.37145
0.41975
0.29811
1.13978
0.75159
0.71475
0.02257
-0.25399
0.60411
-0.07744
0.69011
0.44759
0.42189
0.26326
0.31821
0.55354
0.98690
0.25225
0.44488
0.46989
0.63296
0.48316
-0.01354
0.20837
0.16741
0.95040
0.85048
1.16898
0.95014
0.18865
0.97042
0.43680
1.01965
0.40716
0.11398
0.64634
0.47959
0.33337
0.10534
-0.10272
0.17624
0.01044
0.82169
-0.03074
0.17689
0.84413
0.84419
-0.08933
0.92225
0.41286
-0.07580
0.87861
0.91208
0.25062
0.71927
0.64712
0.58442
-0.10078
0.16675
0.44808
0.06888
-0.08761
0.60285
0.05150
0.84814
0.73036
-0.02656
0.18866
-0.03812
0.43695
0.03202
0.63345
0.38295
-0.07110
0.72449
0.08867
0.59254
0.11151
-0.17565
0.53823
1.03792
0.98831
0.16715
0.97239
0.45964
1.15584
0.07137
0.12603
0.37826
0.85816
0.01559
-0.05400
0.62538
0.62363
-0.03999
0.07503
0.95509
0.75477
0.68500
0.12791
0.17189
0.97120
1.06097
0.30091
0.23339
-0.02258
0.50975
0.17757
0.02992
0.64870
0.53419
0.02006
0.99784
0.54452
-0.08648
0.57497
0.86932
0.06647
0.68027
0.55054
0.45837
0.57936
0.24931
0.64321
0.46020
0.40932
0.57210
0.51000
1.03225
0.98262
0.16838
0.10712
0.57465
0.91465
0.24413
0.06764
0.58225
0.57401
0.40594
0.86675
0.55572
0.83380
0.49369
-0.04801
0.04410
0.81990
0.10487
0.47954
0.62015
0.73679
0.54683
1.07485
0.68858
0.50413
0.87029
0.02094
0.26242
0.63389
0.65147
1.09223
0.22640
0.75267
0.17372
0.55770
-0.01294
0.24496
0.09075
0.85381
0.77493
0.72180
0.88656
0.78260
0.73021
0.47587
0.30406
1.04523
0.44889
-0.00037
0.87080
0.27366
0.94540
0.29467
0.54185
0.96885
0.87329
0.05618
0.43764
0.15504
-0.00116
0.92220
-0.17471
0.96951
0.46036
-0.13262
-0.07549
0.48882
0.64803
0.93365
0.88229
0.57265
0.36806
0.66754
0.69208
0.73267
0.66670
0.42995
-0.06037
0.15782
0.57279
0.52142
0.60745
0.11762
0.90022
0.39459
0.45094
-0.15129
0.68306
0.55747
0.32156
0.22987
0.85963
0.44261
0.59971
0.41737
-0.13391
0.35054
0.22576
0.57528
0.29191
-0.05693
0.44754
0.68823
0.59577
0.29417
0.90023
0.91538
0.20666
0.46424
0.76011
0.96471
0.50074
-0.04111
-0.06887
0.97244
0.45828
1.06589
0.58584
0.58098
0.97174
0.90635
0.81622
0.71081
0.53504
0.08613
-0.02147
0.53869
0.53879
0.60918
0.37457
0.34983
0.76911
0.56492
0.21309
0.86949
0.47846
0.31852
0.23981
0.64922
1.05530
0.34053
0.68120
0.62402
0.24566
0.51577
0.64914
0.51429
0.15184
-0.05052
1.02913
0.20998
0.59009
0.76390
0.70861
1.05844
0.06986
0.76446
0.59256
0.25966
1.08346
0.74003
0.53259
0.37246
0.85517
0.55572
0.24569
0.99210
1.00723
-0.01794
0.35202
1.12555
0.59207
0.40088
-0.02780
0.27282
0.01912
0.26019
1.06800
0.23637
0.51680
0.49301
0.29859
0.37024
0.76224
0.74958
0.97997
0.56948
0.64738
0.37844
0.56966
1.06095
0.91387
0.55480
0.59448
1.05535
0.27694
-0.00429
0.00959
0.77673
0.34873
0.04762
0.68550
0.27148
0.25008
0.89101
-0.12877
0.36173
1.03755
0.71950
0.82300
0.15423
0.60009
0.18840
0.61535
0.56532
0.68744
0.64176
1.12160
0.51392
1.11263
0.26944
0.54888
1.04147
0.42566
-0.01128
0.31919
0.59565
0.28024
0.57005
0.36629
0.11518
0.46194
0.33857
0.39680
0.43733
0.59518
0.55230
0.24958
0.52507
0.45686
0.18716
0.08378
0.47343
-0.05294
0.53295
0.16363
0.24108
0.58435
0.56245
0.87688
0.89049
-0.24675
0.91937
0.04546
0.84139
0.79670
0.49370
-0.01437
0.59898
0.17815
0.06360
0.84633
1.02316
0.40658
0.62409
-0.01787
0.55443
0.07075
-0.01318
0.30281
0.09570
0.02786
-0.06462
0.34504
-0.05227
0.78259
0.44705
0.05152
0.59891
-0.14256
0.00622
0.61631
0.25750
1.00128
0.58980
0.02979
0.66896
0.95055
0.66656
0.33662
-0.01165
0.12137
0.34259
0.61523
-0.20140
0.39469
0.82913
0.47717
0.44865
1.10615
0.85278
-0.19407
0.53116
0.34569
0.81237
0.85242
0.16758
0.43679
0.33991
-0.00967
0.95062
0.89713
0.15166
-0.18379
0.90905
0.51492
0.90108
-0.00363
0.82836
0.99808
0.90979
0.19541
-0.01473
0.34359
0.00496
0.03395
0.97316
0.17958
0.33570
1.04565
-0.02663
0.15593
0.91384
0.36450
0.18260
0.90026
0.44216
0.85035
1.07581
0.57414
0.58785
0.81057
0.02610
0.45974
0.55995
0.61950
0.97075
0.92881
0.86820
0.21818
1.14830
0.72050
0.99925
0.78360
0.41891
0.89122
0.23716
-0.00556
0.29213
-0.00079
0.54321
0.21972
-0.02639
0.89838
1.08566
0.83154
0.11895
0.17851
0.17141
0.03255
0.00587
0.56666
0.78430
0.07442
0.56894
0.30251
0.75424
0.45976
-0.08651
0.92040
0.49146
0.78034
0.64894
0.10824
0.44205
0.45704
0.46245
0.52842
0.53394
0.38267
0.44131
0.61885
0.52731
0.33963
0.47230
0.16257
0.58366
0.52347
0.04363
0.07119
1.01665
0.56177
-0.08061
0.13131
-0.12058
0.43611
0.45687
0.40732
-0.01269
0.83226
0.37428
0.56005
0.89442
-0.10130
0.46018
0.59124
0.54601
0.02341
0.27161
0.93519
0.10258
0.46322
0.89073
0.57444
0.47857
0.44047
0.22068
0.19092
0.42597
0.22581
0.97659
0.98465
0.69166
0.82038
0.00774
0.49805
0.06078
0.31604
0.64267
0.99203
0.46139
0.51324
0.41855
0.47449
0.62765
0.03604
0.87614
0.84795
0.06705
0.87089
0.78463
0.46239
0.55520
0.57920
0.56203
0.19753
-0.07555
0.28888
1.04597
0.21491
0.82671
0.60694
0.23285
0.80846
0.80316
0.04100
0.80842
-0.13635
0.59082
1.00614
0.30568
1.08120
0.36104
0.38642
0.43720
0.43038
0.91654
0.74901
0.61765
0.16429
0.49957
0.09526
0.21776
0.07412
0.82637
0.05076
0.88695
0.61895
