1.00751
0.28293
0.27125
0.44055
0.14194
1.02194
0.15444
0.83683
0.61473
0.72022
0.11733
0.29423
0.40083
0.25618
0.13016
0.76228
0.41841
0.11389
0.46396
0.65749
0.10035
0.34909
0.17212
0.97255
0.63271
0.10956
0.73029
0.15280
1.03228
0.24023
0.78188
0.92039
0.17215
0.89120
0.73730
0.93440
0.82645
0.34460
0.08291
0.10272
0.51983
0.49452
0.66636
0.33030
1.02005
0.31686
1.00039
0.97988
0.97958
0.12960
0.72669
0.43238
0.63574
0.07063
0.76599
0.17559
0.89449
0.31429
0.64089
0.38644
0.98583
0.48502
0.41550
0.28280
0.61967
0.99854
0.62610
0.47283
0.96621
0.73966
0.98811
0.32601
0.07834
0.18706
0.85451
0.60938
1.03421
0.92336
0.86235
0.11475
0.71431
0.15971
0.94093
0.71136
0.50213
0.72170
0.62734
0.98339
0.74812
0.70933
0.65209
0.08713
1.02301
0.98506
0.58264
0.85004
0.38356
0.06815
0.44755
0.92046
0.63779
0.63804
0.85972
0.59847
0.14338
0.07473
0.92268
1.01699
0.07532
0.99915
0.35209
0.89970
0.76269
0.70194
0.63813
0.27897
0.23373
0.90643
0.60940
0.51019
0.48291
0.54692
0.35981
0.97580
0.73894
0.95753
0.84013
0.07147
0.36112
0.78320
0.30479
0.69900
0.17171
0.72585
0.43441
0.86384
0.32161
0.69869
0.62532
0.23106
1.01971
0.45517
0.91736
1.01250
0.31771
0.97290
0.75853
0.13861
0.57340
0.75517
0.68817
0.17396
0.34794
0.36448
0.97510
0.62153
0.90297
0.63576
0.26507
0.55611
0.64830
1.00608
0.35014
0.72438
0.74434
0.37198
1.01850
0.97737
0.12841
0.71416
0.60529
1.00500
0.34792
0.73337
0.75995
0.77075
0.26507
0.30835
0.90452
0.10164
0.25828
0.89558
0.96728
0.40573
0.73520
0.75990
0.63747
0.19626
0.59558
0.71243
0.11504
0.48271
0.17068
0.86612
0.27983
0.55084
0.84927
0.31735
0.91858
0.75782
0.40085
0.56760
0.52283
0.94969
1.03050
0.99740
0.15121
0.10298
0.85692
0.62297
0.33093
0.47761
0.96099
0.58627
0.18437
1.00276
0.67823
0.71283
1.01819
0.10611
0.16843
0.54336
0.50802
0.75863
1.01531
0.31341
0.64770
0.31920
0.53081
0.34424
0.62408
0.45628
0.13978
0.71865
0.59994
0.48860
0.76943
0.60183
0.69205
0.73010
0.99986
0.32773
0.85301
0.62036
0.98262
0.88150
1.01050
0.09901
0.99092
0.54276
0.72245
0.74048
0.99460
0.74712
0.60744
0.39748
0.23616
0.99409
0.61046
0.42591
0.29026
0.10741
0.58457
0.81730
0.90888
0.07361
0.15381
0.08344
0.90754
0.51940
0.74443
0.23502
0.97481
0.71580
0.86816
0.97569
0.62895
0.94875
0.15854
0.97705
0.64678
0.16409
0.48623
0.30630
0.62065
0.15865
0.73811
1.02087
0.14728
0.13566
0.37654
1.01598
0.72163
0.34629
0.36585
0.51420
0.86804
0.72976
0.95410
0.73886
0.11114
0.29779
0.79014
0.80636
0.60702
0.31311
0.73193
0.56302
0.22664
0.14289
1.00348
0.14067
0.12913
0.10914
0.97401
0.17268
0.96911
0.73044
0.36922
1.00199
0.08550
0.57153
0.65474
0.60420
0.57778
0.54571
0.31831
0.45519
0.63100
0.13408
0.93283
0.37722
0.11715
0.93495
0.56452
0.59334
0.88080
0.98292
0.28238
0.15931
0.15763
0.49477
0.16294
0.34031
0.11546
0.40869
1.01145
0.32049
0.39647
0.10933
0.14867
0.92971
0.33575
0.51787
0.13493
0.63710
0.73639
0.72211
0.76206
0.08929
0.87286
0.29042
0.31419
0.88083
0.71315
0.08021
0.99493
0.33720
0.39518
0.69963
0.99691
0.35644
1.01222
0.40288
0.63709
0.77647
0.58907
0.28464
0.72380
0.85112
0.17112
0.97455
0.12050
0.56236
0.84260
0.70373
0.97831
0.35861
0.72120
0.07598
0.99697
0.64839
0.09781
0.52425
0.50560
0.64169
0.72550
0.28434
0.14309
0.97480
0.39380
0.87614
0.59281
0.97857
0.48212
0.17238
0.70478
0.30841
0.12752
0.14127
0.56352
0.68991
0.90184
0.17815
0.95081
0.49196
0.49156
0.74012
0.71707
0.90130
0.72142
0.63660
0.09143
1.03079
0.41489
0.73987
0.11414
0.13108
0.25834
0.28792
0.73003
0.82697
0.69912
0.40571
0.76942
0.77460
0.74041
0.95885
0.72096
0.72528
0.96720
0.90330
0.12552
0.79785
0.28801
0.89747
0.71753
0.09175
1.00778
0.14371
0.75166
0.61177
0.64527
0.83909
0.25090
0.97307
0.14872
0.61074
0.99908
0.51330
0.76075
0.90133
0.58584
0.96294
0.89008
0.12881
0.40774
0.27371
0.34316
0.63179
0.59517
0.37245
0.86257
0.63412
0.13759
0.77125
0.76022
0.09253
0.71674
0.44211
0.76649
0.62499
0.74677
0.71019
0.10134
0.53060
0.34571
1.00407
1.01318
0.07584
0.39343
0.69856
0.45504
0.17358
0.45864
0.14138
0.43118
0.17738
0.51408
0.69789
0.13346
0.73194
0.98766
0.97860
0.74875
0.15847
0.84730
0.08670
0.87034
0.45154
0.58830
0.73425
0.45059
0.72243
0.71198
0.88594
0.26948
1.01038
0.76492
0.36947
0.54438
0.18796
0.72156
0.21115
0.99074
0.59948
0.59512
1.01023
0.19594
0.13923
0.64944
0.79850
0.54842
0.72553
0.65546
0.65583
0.48793
0.06210
0.49145
0.62162
0.78405
0.60350
0.58604
0.35782
0.71689
0.58701
0.47686
0.62161
0.99727
0.08178
0.46545
0.48631
0.71253
0.49285
0.92217
0.68649
0.28941
0.37579
1.00382
0.45967
0.85435
0.84879
0.84950
0.34734
0.59811
0.59868
0.98114
0.56483
0.98752
0.67568
0.85156
0.10448
0.61308
0.65482
0.38803
0.10100
0.89280
0.76477
0.37125
0.17420
0.29586
0.68327
0.76406
0.74509
0.75146
0.64105
0.76155
0.15793
0.80833
0.72161
0.66081
0.98151
0.79316
0.62055
0.87429
0.40706
1.00127
0.08816
0.90473
0.74731
0.97912
0.71934
0.24568
0.78137
0.99085
0.42979
0.15903
0.60156
0.86591
0.30267
0.29306
0.89065
0.85145
0.98981
0.70311
0.18520
0.12607
0.98954
1.02600
0.59337
0.79803
0.31174
0.41025
0.14032
0.75730
0.98704
0.88456
0.28573
0.21198
0.99841
0.43300
0.33995
0.34826
0.11324
0.76138
0.61635
0.61557
0.89777
0.11014
0.97933
0.44358
0.32843
0.94933
0.45300
0.71043
0.87648
0.73953
0.95434
0.96153
0.37906
0.09815
1.00233
0.91958
0.18783
0.73457
0.37273
0.10750
0.28879
0.77956
0.13588
0.77657
0.34134
0.51105
0.64044
0.51716
0.72823
0.96393
0.41275
0.09165
0.74224
0.07761
0.59533
0.98385
0.77824
0.58137
0.81940
0.91380
0.25792
0.86500
0.07828
0.45627
0.28926
0.81178
0.52110
0.87038
0.43763
0.89869
0.54444
0.27912
0.24135
0.21935
1.00010
0.10470
0.90154
0.52342
0.48741
0.69758
0.86029
0.79744
0.65374
0.13359
0.81668
0.68305
0.87967
0.88084
0.36154
0.03658
0.78690
0.97328
0.47559
0.77283
0.94846
0.98908
0.60244
0.13595
0.38582
0.41729
0.96921
0.99920
0.96208
0.62226
0.63362
0.10009
0.79020
0.99384
0.34933
0.64174
0.14253
0.66881
0.47503
0.73447
0.95578
0.77231
0.08686
0.61052
0.53723
0.67100
0.78137
0.99792
0.07453
0.06052
0.75286
0.78983
0.63235
0.97055
0.87280
0.67969
1.00901
0.73816
0.41803
0.87351
0.09701
1.00898
0.66813
0.62327
0.38455
0.97936
0.51714
0.63325
0.99126
0.70827
0.71668
0.31470
0.61750
0.28736
0.06984
0.49297
0.70013
0.07246
0.91826
0.37560
0.87600
0.15412
0.56796
0.96647
0.99127
0.78586
0.65701
0.10569
0.47980
0.98706
0.96794
0.98793
0.90890
0.09018
0.63819
0.29159
0.83984
0.08668
0.55721
0.60433
0.26213
0.60914
0.85241
0.85034
0.28278
0.19292
0.52792
0.61662
0.63420
1.01317
0.76256
0.66481
0.61636
0.08637
0.29343
0.10503
0.88231
0.84088
0.59595
0.46992
0.82242
0.75435
0.53959
0.99423
0.30424
1.00782
0.12437
0.97444
0.23331
0.26916
0.10952
0.52432
0.99526
0.88807
0.86734
0.63900
0.47844
0.98363
0.52307
0.51103
0.75885
0.43568
0.76157
0.60386
0.44762
0.27394
0.98879
0.47483
0.89722
0.13479
0.93004
0.51306
0.42675
0.86914
0.22561
0.40646
0.47798
0.36795
0.33831
0.82558
0.30635
0.37174
0.92910
0.66066
0.83818
0.78966
0.84437
0.98775
0.72840
0.80762
0.18666
0.18838
0.80511
0.93875
0.66672
0.04816
0.63197
0.43109
0.98171
0.15564
0.91803
0.62875
0.61695
0.10615
0.57298
0.76201
0.15653
0.99171
0.84964
0.11426
0.83894
0.94338
0.09722
0.60543
0.84258
0.51303
0.39999
0.97034
0.87281
0.70389
0.48865
0.61570
0.39617
0.59816
0.97467
0.42545
0.14278
0.97762
0.72213
0.66094
0.92345
0.48386
0.17551
0.33649
0.54131
0.76304
0.83961
0.25192
0.43289
0.43251
0.49135
0.05546
0.42510
0.09583
0.53707
0.12636
0.56673
0.17440
0.13699
0.75072
0.84564
0.68418
0.16593
0.24756
0.32744
0.97093
0.71502
0.73661
0.83196
0.60380
0.43708
0.78533
0.28928
0.12108
0.19039
0.42067
0.74860
0.48773
0.43500
0.33678
0.32628
0.26761
0.51646
0.64248
0.57726
0.31898
0.29845
0.48079
0.55494
0.30479
0.98749
0.62160
0.33414
0.28053
0.86056
0.98468
0.97085
0.85038
0.37449
1.03531
0.65110
0.93128
0.94128
0.27646
0.89508
0.58249
0.08788
0.56941
0.89386
0.31427
0.71460
0.33191
0.79119
0.30824
0.72380
0.72906
0.48866
0.99481
0.92513
0.56692
0.97769
0.73498
0.57214
0.28829
0.47891
0.37381
0.80605
0.98753
0.09611
0.63246
0.43251
0.09149
0.74177
0.97935
0.98966
0.11652
0.51788
0.26848
0.85506
0.91707
0.81392
0.60853
0.58406
0.09541
0.17122
0.06598
0.42379
0.87513
0.99764
0.36322
0.70206
0.70227
0.96035
0.65767
0.87586
0.42930
0.74788
0.19054
0.99154
0.41709
0.64736
0.98353
0.15588
0.62818
0.12194
0.16572
0.98344
0.96869
0.96270
0.06177
0.46796
0.61519
0.61568
0.36342
0.94069
0.18352
0.76817
0.30022
0.09326
0.37620
0.26220
0.13692
0.42776
0.82227
0.66143
0.62984
0.10705
0.54168
0.71800
0.54034
0.17058
0.75052
0.29141
0.72588
0.76484
0.74173
0.71776
0.41894
0.42948
0.75705
0.88076
0.34882
0.86450
0.25535
0.76274
0.67603
0.98511
0.16694
0.26647
0.76369
1.01160
0.12199
0.49110
0.62826
0.49731
0.62540
0.77158
0.04437
0.91606
0.74358
0.85866
0.86972
0.73971
0.51587
0.74043
0.54042
0.37496
0.07083
0.26041
0.60982
0.74822
0.73569
0.43415
0.06001
0.88001
0.96863
0.54066
0.54609
0.51628
0.97487
0.81922
0.73814
0.52089
0.12937
0.60911
0.15637
0.47116
0.51279
0.63916
0.28376
0.74402
0.11692
0.41635
0.59911
0.55555
0.62506
0.13231
0.30361
0.74082
0.97389
0.84821
0.67804
0.12537
0.62233
0.60713
0.97806
1.00072
0.89180
0.50874
0.77085
0.74457
0.63472
0.90924
0.08180
0.50834
0.29826
0.74829
0.71981
0.34435
0.34615
0.74284
0.49660
0.29269
0.79857
0.97480
0.97335
0.41650
0.63598
0.36219
0.57970
0.48675
0.72594
0.33477
0.47099
0.99811
0.76346
0.96535
0.90403
0.77005
0.95870
0.16553
0.76195
0.25070
0.48312
0.65363
0.20903
0.71435
0.49077
0.43252
0.47005
0.57854
0.74695
0.09427
0.17810
1.00416
0.25756
0.89111
0.87263
0.81603
0.45008
0.37597
0.89782
0.68168
0.63184
0.56861
0.16922
0.04813
0.06134
0.64218
0.78632
0.83282
0.56765
0.65607
0.97106
0.53920
0.42541
0.77541
0.98830
1.01778
0.59250
0.50062
0.98525
0.74588
0.15299
1.00328
0.48968
0.11062
0.55999
0.75024
0.73156
0.85511
0.12975
0.63191
0.59283
0.36491
0.98440
0.39366
0.89915
0.88736
1.00122
0.09943
0.14855
0.83566
0.96741
0.78804
0.76098
0.94236
0.33262
0.49658
0.99907
0.72195
0.60713
0.34575
0.08114
0.05255
0.89525
0.89793
0.76278
0.70042
1.01138
0.98965
0.69212
0.47820
0.13028
0.85896
0.85777
0.49123
0.60298
0.31971
0.97428
0.97735
0.58213
1.02343
0.63573
1.01083
0.67039
0.36334
0.09353
0.65042
0.12045
0.37621
0.81139
0.93762
0.12055
1.01469
0.74046
0.71225
0.34350
0.98748
0.75095
0.94305
0.97418
0.51701
0.65543
0.47856
0.81538
0.43153
0.99768
0.18499
0.14260
0.84362
1.01739
0.76161
0.25345
1.01249
0.74022
0.73757
0.37019
0.34491
0.18757
0.46206
0.77819
1.01699
0.99962
0.73142
0.27182
0.54066
0.65069
0.72188
0.87170
0.10177
0.64790
1.00681
0.45378
0.65571
0.75322
0.89345
0.70724
1.02911
1.00805
0.88911
0.09060
0.54018
0.61217
0.97437
0.48073
0.63655
0.83982
0.74261
0.30217
0.74223
0.29991
0.80264
0.90725
0.83341
0.79430
0.72472
1.00116
0.64233
0.05694
0.11787
0.54809
0.96960
0.29216
0.70630
0.84036
0.41791
0.76612
0.45020
0.71895
0.92163
0.59460
0.47149
0.18744
0.56324
0.63400
0.66297
0.93961
0.15492
0.99718
0.28381
0.86901
0.27867
0.74915
0.53241
0.42374
0.63282
0.90985
0.58498
0.65210
0.31656
0.92128
1.01193
0.85392
0.53784
0.74411
0.08880
0.89694
0.09537
0.43900
0.77821
0.91129
0.07078
0.98903
0.33059
0.33601
0.63398
0.78133
0.03718
0.64263
0.32455
0.77472
0.34614
0.98291
0.11412
0.64161
1.01585
0.63428
0.70261
0.39454
0.99554
0.63913
0.09221
0.06894
0.40179
0.07438
0.29003
0.41181
0.72532
0.87532
1.00091
0.96582
0.40173
0.31760
0.07067
0.08141
0.62748
0.27825
0.74020
0.98404
0.43669
0.64912
0.66215
0.13942
0.90016
0.08745
0.11726
0.13261
0.40809
0.25932
0.52445
0.96066
0.63493
0.08184
0.45318
0.96055
0.98809
0.81128
0.98607
0.20959
0.11592
0.13436
0.98259
0.98885
0.95954
0.30871
0.09601
0.98812
0.62850
0.41982
0.06195
0.15214
0.64067
0.47593
0.42895
0.72467
0.10221
0.65883
0.08773
1.00816
0.05675
0.67646
0.45582
0.11410
0.08236
0.18208
0.36268
0.45305
0.73951
0.47940
0.63215
0.76287
0.43085
0.89812
0.47964
0.99214
0.32199
0.81949
0.52186
0.64973
0.72784
0.60846
0.28629
0.36608
0.62569
0.46598
0.96190
0.83620
0.49043
0.30703
0.95338
0.86074
0.10627
0.83419
0.34300
0.07764
0.98471
0.09159
0.77535
0.74347
0.29137
0.84727
0.03137
0.72143
0.11889
0.09512
0.95429
0.62681
0.90698
0.13111
0.44169
0.30136
0.38268
0.27048
0.46000
0.27141
0.12914
0.38433
0.63100
0.64639
0.79841
0.65016
1.02457
0.16355
0.32043
0.32753
0.12275
0.08332
0.44372
0.53903
0.71315
0.36752
0.11364
0.98438
0.64941
0.02946
0.99225
0.88891
0.83635
0.90869
0.91691
0.71605
0.81672
0.77981
0.73908
0.80186
0.23969
0.72772
0.10713
0.45285
0.73671
0.59950
0.29880
0.14227
0.66245
0.99850
0.13807
0.45667
0.40345
0.99421
0.12467
0.40992
0.73008
0.94047
0.79402
0.73279
0.95289
0.13234
0.71034
0.83386
0.14775
0.11356
0.44230
0.95966
0.09693
0.45893
0.59575
0.41312
0.73625
0.34260
0.10248
0.81327
0.70747
0.75856
0.15204
0.30684
0.71377
0.77316
0.36380
0.12204
0.70620
0.47821
0.43219
0.63635
1.01532
1.00027
0.15814
0.73260
0.97193
0.72696
0.34211
0.87368
0.87917
0.45888
0.87531
0.88746
0.97020
0.29811
0.69218
0.18529
0.28534
0.44911
0.76299
0.10942
0.35169
0.10340
0.30854
0.41571
0.10642
0.10866
0.59263
0.58622
0.87522
0.59187
1.02945
0.32305
0.50879
0.99851
0.62177
0.97338
0.94852
0.61368
0.77971
0.41229
0.84974
0.72756
0.70389
0.88500
0.89692
0.89110
0.54917
0.09443
0.52135
0.96176
0.73933
0.49637
0.73954
0.51524
1.01418
0.15054
0.98973
0.73286
0.54953
0.08704
0.31182
0.55285
0.34062
0.98940
0.97664
0.08838
0.93031
0.72151
0.66204
0.15067
0.72004
0.51961
0.26683
0.46823
0.89321
0.39986
0.26815
0.12346
0.22180
0.63967
1.00532
0.73794
0.90399
0.38066
0.99112
0.36632
0.11745
0.97767
0.48153
0.49619
0.38000
0.63194
0.75697
0.33216
0.82439
0.61187
0.97190
0.33415
0.16054
0.75980
0.23071
0.87473
0.99707
0.11320
0.34903
0.31539
0.85813
0.75456
0.08760
0.34886
0.44333
0.11004
0.87549
0.28406
0.68007
0.44067
0.13808
0.49444
0.51675
0.89242
0.98278
0.23676
0.38691
1.03512
0.72922
0.32179
0.69972
0.13035
0.75079
0.76267
0.56249
0.86232
0.75174
0.94952
0.12000
0.22314
0.59212
0.17536
0.07144
0.65504
0.07823
0.81641
0.97229
0.57500
0.09854
0.23194
0.88454
0.98817
0.56469
0.85760
0.62159
0.97215
0.55593
0.85410
0.87336
0.34324
0.60147
0.76019
0.18035
0.61662
0.13542
0.88270
0.92414
0.06265
0.72708
0.62576
0.32549
0.41533
0.36005
0.30048
0.73248
0.47403
0.79510
0.62051
0.18310
0.74669
0.18595
0.82569
0.46609
0.71184
0.25997
0.10995
0.30617
0.88878
0.51829
0.45653
0.29339
0.18399
0.78751
0.47214
0.74411
0.87218
0.45237
0.85686
0.60446
0.56031
0.36887
0.91712
0.73225
0.69341
0.66731
0.96535
0.85026
0.96173
0.98810
0.08434
0.75172
0.70247
0.50990
0.98492
0.31736
0.53582
0.88537
0.88607
0.55885
0.63863
0.35889
0.91829
0.62822
0.41023
0.96400
0.97327
0.60904
0.14010
0.61320
0.98575
0.11940
0.72458
0.83141
0.98949
0.41561
0.49591
1.01468
0.63610
0.10367
0.98885
0.68370
0.55847
0.17028
0.79208
0.75111
0.08062
0.47703
1.02536
0.96223
0.26145
0.67329
0.91557
0.52596
0.51592
0.12292
0.11770
0.09366
0.74891
0.57302
0.69399
0.71735
0.54128
0.61046
0.89204
0.83253
0.48354
0.17928
0.83227
0.42514
0.41393
0.28719
0.56494
0.71771
0.63356
0.74388
0.76480
0.59749
0.61404
0.64460
0.26800
0.58240
0.19689
0.70445
0.41308
0.94983
0.61774
0.79214
1.01453
0.70035
0.78537
0.14430
0.29273
0.79278
0.42920
0.15338
0.32290
0.45972
0.29960
0.50433
0.82854
0.62527
0.16422
0.71569
1.00213
0.41000
0.98697
0.22250
0.99036
0.99149
0.70626
0.87472
0.09435
0.14282
0.56285
0.51726
0.12044
0.60162
0.13698
0.95951
0.84412
0.49627
0.37195
0.49301
0.99603
0.97745
0.98691
0.11855
0.08222
0.73512
0.71379
0.10704
0.87593
0.42963
0.36015
0.91996
0.38974
0.33295
0.92239
0.80274
0.88530
0.08382
0.88185
1.00098
0.36963
0.63630
0.94192
0.97544
0.65244
0.63510
0.61630
0.09137
0.75140
0.32815
0.13528
0.71240
0.20031
0.64349
0.08900
0.27137
0.57535
0.16757
0.62421
0.28015
0.98179
0.73244
1.03466
0.95942
0.50799
0.65151
0.35432
0.72012
0.80883
0.39530
0.65154
1.01264
0.99061
0.79413
0.83350
0.48049
0.85338
1.00573
0.45570
0.27459
0.28546
0.77397
0.43433
0.40629
0.63273
0.59867
0.28904
0.17361
0.35356
0.95959
0.47708
0.90369
0.11417
1.01335
0.24637
0.33679
0.85375
0.71297
0.75517
0.23975
0.83957
0.48003
0.49871
0.85787
0.30036
0.95593
0.98041
0.98732
0.45429
0.98865
0.76650
0.06389
0.43723
0.25685
0.92396
0.48042
0.35289
0.91659
0.37022
0.83390
0.86196
0.62180
0.47065
0.27350
0.35948
0.14053
0.55640
0.60816
0.18145
0.33693
0.98535
0.97709
0.27440
0.97358
0.14216
0.34691
0.88596
0.59333
0.13190
0.61626
0.92081
0.68150
0.62707
0.88828
0.60498
0.15591
0.74027
0.60944
0.34519
0.40248
1.01065
0.73218
0.61884
0.48069
0.97060
0.59563
0.49367
0.80158
0.73047
0.61897
0.12383
0.99384
0.37415
0.78777
0.94935
0.87714
0.89701
0.55558
0.95758
0.69934
0.09701
0.67235
0.88701
0.54153
0.70231
0.40387
0.89087
0.11535
0.84622
0.70389
0.06460
0.53075
0.61553
0.14804
0.18612
0.35165
1.00262
0.86684
0.98447
0.09599
0.88227
0.76158
0.28452
0.65415
0.58496
0.25594
0.89667
0.97951
0.50008
0.24473
0.54590
0.32460
0.15755
0.97957
0.60186
0.64335
0.42839
0.44241
0.47477
0.07386
0.88510
0.09604
0.80977
0.11538
0.96292
0.09959
0.95738
0.04951
0.22159
0.30145
1.03148
0.49585
0.15706
0.57526
0.89724
0.03533
0.98714
0.58631
0.85103
0.16658
0.97065
0.33073
0.31149
0.99531
0.60034
0.13110
0.59934
0.98536
0.77535
0.11486
0.43646
0.57682
0.73892
0.37533
0.24873
0.14148
0.11689
0.90833
0.13458
0.35742
0.29276
0.99125
0.29840
0.57943
0.73651
0.34523
0.27431
0.08083
0.12329
0.71668
0.69122
0.49525
0.61811
0.91879
0.27850
0.77370
0.82980
0.97097
0.14905
0.40398
0.15983
0.93925
0.97938
0.43234
0.43143
0.61801
0.97683
0.30061
0.82410
0.63227
0.49048
0.73228
0.14037
0.99778
0.58528
0.59964
0.61749
0.48052
0.42946
0.12443
0.94559
0.97768
0.12288
0.99333
0.10182
0.96661
0.98225
0.08445
0.84837
0.75784
0.70582
0.87192
0.10877
0.83163
0.05528
0.63305
0.48827
0.74148
0.21641
0.47052
0.67095
0.37137
0.83079
0.71088
0.05733
0.59726
0.61323
0.64728
0.60637
0.07265
0.38275
0.13534
0.76497
0.11978
1.00959
0.64069
0.51166
0.52111
0.07388
0.07793
0.75872
0.73741
0.69772
0.47961
0.73816
0.64852
0.88195
0.97149
0.77399
0.56447
0.88167
0.87174
0.53019
0.95312
0.06542
0.96593
0.23796
0.40588
0.08698
0.66538
0.37980
0.09930
0.20562
0.06799
0.15355
0.34446
0.49331
0.66538
0.52030
0.12982
0.64913
0.41642
0.56462
0.85134
0.72839
0.62310
0.10687
0.86928
0.13531
0.62726
0.98414
0.33442
0.76288
0.76572
0.97162
0.85533
0.31864
0.74111
0.74112
0.95700
0.74598
0.99571
0.90351
0.34901
0.39681
0.88648
0.10554
0.61180
0.58012
0.88384
0.42019
0.75369
0.08477
0.62539
0.44188
0.99967
0.12008
0.99592
0.72465
0.77237
0.59204
0.46595
0.83716
0.52682
0.40182
0.06622
0.96087
0.99864
0.85519
0.39009
0.09709
0.35916
0.26989
0.97487
0.61989
0.72634
0.90563
0.63678
0.74515
0.77645
0.79691
0.60634
0.41626
0.33314
0.13551
0.41573
0.65179
0.97845
0.97523
0.95643
0.48913
0.62608
0.19653
0.60928
0.95798
0.31569
0.64017
0.88587
0.98470
0.40499
0.99735
0.74638
0.31050
0.37435
0.62081
0.77286
0.48499
0.80164
0.07223
0.96907
0.88860
0.45913
0.29188
0.74001
0.95823
0.75906
0.58171
0.10396
0.10342
0.60995
0.42276
0.84164
0.16906
0.09223
0.27688
0.89785
0.18783
0.88920
0.56620
0.11275
0.10953
0.71735
0.75906
0.87321
0.90670
0.98923
0.33123
0.97366
0.75874
0.62938
0.98124
0.26523
0.88561
0.96008
0.98687
0.56172
0.98005
0.06769
0.98793
0.31291
0.48247
0.79095
0.10202
0.30093
0.84888
0.45762
0.63182
0.59404
0.97249
0.85451
0.83568
0.85696
0.99861
0.75436
0.15800
0.12229
0.76480
0.26947
0.58179
0.85870
0.16113
0.69854
0.75375
0.92121
0.73993
0.74199
0.85967
0.40778
0.73322
0.92013
0.11949
0.48145
0.75289
0.99468
0.09212
0.12973
0.71886
0.37843
0.57709
0.47410
0.10425
0.88252
0.83151
0.89186
1.00076
0.74513
0.84135
1.01764
0.07289
0.12892
0.46088
0.34894
0.85135
0.76669
0.16903
0.14938
0.13981
0.78555
0.99399
0.98288
0.63095
0.40691
0.64097
0.15123
0.49269
0.37119
0.58476
0.62821
0.87599
0.55827
1.00795
1.00185
0.20668
0.64484
0.74793
0.59434
0.98197
0.33480
0.38955
0.09490
0.32738
0.49503
0.29609
0.71286
0.66849
0.74395
0.96326
0.80524
0.36984
0.77316
0.61081
0.84829
0.64902
0.62100
0.63301
0.97038
0.15831
1.02210
0.37436
0.81827
0.14649
0.47770
0.58179
0.74433
0.61723
0.74808
0.74394
0.21042
0.63114
0.31228
0.27423
0.74176
0.43869
0.60048
0.61772
0.24067
0.36813
0.99697
0.26649
0.96986
0.45057
0.70196
0.80111
0.46424
0.78811
0.09335
0.14527
0.65556
0.87053
0.85717
0.59406
0.13572
1.02931
0.46362
0.56457
0.35081
0.58160
0.64696
0.98659
0.51251
0.23025
0.49264
0.10108
0.37886
0.80612
0.14434
0.33060
0.11662
0.08890
0.38735
0.87960
0.77350
0.99701
1.01622
0.94794
0.50354
0.61788
0.12389
0.98300
0.73784
0.42591
0.39029
1.01827
0.99644
0.66705
0.13570
0.10135
0.23527
0.62998
0.47807
0.09896
1.02191
0.51247
0.72453
0.73745
0.35324
0.84439
0.11150
0.18884
0.66697
0.37497
0.73793
0.75389
0.81308
0.15395
0.50306
0.99512
0.66620
0.86370
0.95502
0.16636
0.32797
0.15759
0.95843
0.95708
0.52741
0.37126
0.61140
0.16306
0.98773
0.53152
0.76055
0.96133
0.72799
0.28638
0.70044
0.65569
0.63677
0.90945
0.16363
0.92585
0.16324
0.76391
0.58982
0.45990
0.72905
0.11907
0.43340
0.99514
0.45136
0.88902
0.64817
0.40835
0.51609
0.98259
0.15907
0.62172
0.61857
0.05361
0.87545
0.76997
0.57566
0.66615
0.63647
0.73208
0.06568
0.35505
0.34723
0.37272
0.89356
0.44309
0.72520
0.06527
0.78773
0.85467
0.52646
0.08592
0.30411
0.18961
0.78369
0.30161
0.30553
0.19061
0.59694
0.90603
0.41953
0.59690
0.30631
0.45046
0.73024
0.28887
0.95461
0.95733
0.88568
0.59374
0.36351
0.96760
0.69404
0.46129
0.08184
0.89431
0.14499
0.15945
0.09918
0.13833
0.67945
0.29711
0.73997
0.53600
0.63404
0.47851
0.99143
0.33602
0.54323
0.10889
0.15038
0.62118
0.75821
0.80174
1.00678
0.36086
0.33792
0.28197
0.74597
0.13810
0.73259
0.70053
0.13283
0.46867
0.36472
0.60250
0.26011
0.84624
0.07140
0.55859
0.70886
0.11620
0.33651
0.75797
0.71354
0.10770
0.75306
0.72769
0.22949
0.89325
0.63637
0.29297
0.98830
0.85877
0.47780
0.87844
0.11783
0.79164
0.76089
0.14410
0.98538
0.79060
0.40217
0.69987
0.73521
0.84068
0.86386
0.87082
0.17331
0.32828
0.66604
0.44559
0.05515
0.45008
0.61890
0.39695
0.99574
0.78751
0.99751
0.99071
0.41215
0.89525
0.77452
0.63980
0.73307
0.70996
0.42502
0.99621
0.37748
0.08574
0.72455
0.12090
0.45061
0.65275
0.75486
0.30206
0.05866
0.92791
0.17761
0.58643
0.86279
0.65953
0.86744
0.05098
0.17528
1.00023
0.19391
0.74497
0.40597
0.72177
0.60090
0.99007
0.77013
0.89750
0.42215
0.46187
0.44185
0.16174
1.00832
0.30921
0.64614
0.81387
0.29526
0.21908
0.42644
0.39903
0.52340
0.60682
0.75455
0.77734
0.53100
0.33265
0.08500
0.48994
0.71207
0.72524
0.32326
0.84949
0.83792
0.35958
0.63564
0.98206
0.86740
0.48322
0.44482
0.70575
0.59872
0.96793
1.02617
0.98254
0.76906
0.72864
0.64084
0.79635
0.10829
0.52006
0.67502
0.08950
0.16373
0.45268
0.97608
0.74202
0.84925
0.13117
0.97483
0.62916
0.72191
0.71789
0.63659
0.99517
0.75518
0.59130
0.72237
0.61352
0.42297
0.91953
0.74071
0.35781
0.38987
0.89087
0.30668
0.57456
0.98728
0.19730
0.27444
0.43578
1.00126
0.96732
0.08785
0.78456
1.02227
0.11509
0.91160
0.54165
0.70499
0.92675
0.36583
0.30559
0.54573
0.09158
0.17410
0.48418
0.85408
0.64313
0.34839
0.64255
0.67359
0.17785
0.99103
0.71445
0.11482
0.57436
0.14731
0.13208
0.75355
0.46766
0.13130
0.41008
0.49574
0.31344
0.72263
0.74318
0.71351
0.30144
0.73604
0.72693
0.13485
0.65710
0.72621
0.27501
0.66541
0.97735
0.45507
0.31234
1.01188
0.79483
0.27993
0.49379
0.98574
0.32893
0.62582
0.74284
0.97719
0.70341
0.76501
0.47121
0.53207
0.70691
0.48109
0.13787
0.73500
0.63749
0.85716
0.11396
0.57765
0.98877
0.97725
0.42243
0.44371
0.97562
0.16992
0.73176
0.34523
0.71156
0.54250
0.73261
0.60151
0.72761
0.99287
0.59866
0.38506
0.84138
0.35319
0.34806
0.49482
0.07895
0.94941
0.11179
0.74164
0.17832
0.61331
0.09683
0.87459
0.89632
0.31925
0.09426
0.69132
0.74988
0.63260
0.63736
0.90583
0.41471
0.38510
0.31678
0.16852
0.54047
0.74640
0.34298
0.59342
0.86306
0.87442
0.63088
0.14922
1.00251
0.46946
0.64120
0.65959
0.35069
0.98741
1.00524
1.01618
0.78944
0.42420
0.83651
0.33028
0.10758
0.49193
0.99656
0.73691
0.87526
0.24653
0.72707
0.35766
0.20514
0.16046
0.36669
0.74640
0.62756
1.01635
0.76524
0.75582
0.61102
0.53943
0.58958
0.60018
0.84491
1.03475
0.42320
0.27117
0.98241
0.05870
0.74097
0.68985
0.63913
0.33287
0.99280
0.63155
0.25963
0.46057
0.28232
0.71952
0.65735
0.50208
0.06116
0.34713
0.66181
0.62147
0.62962
0.83581
0.85379
0.88473
0.57856
0.73664
0.88396
0.85717
0.86239
0.48040
0.73103
0.60362
0.13681
0.27884
0.62412
0.23570
0.11710
0.17750
0.48530
0.55000
0.62590
0.61186
0.47002
0.21043
0.34375
0.62458
0.97475
0.74836
0.93170
0.57825
0.12276
0.98809
0.26257
0.63759
0.87933
0.73908
0.78526
0.64452
0.29072
1.00086
0.80924
1.01119
0.59806
0.96189
0.81447
0.06174
0.33537
0.72973
0.88742
0.66103
0.54623
0.48250
0.49569
0.86746
0.34623
0.77655
0.62676
0.98285
0.81594
0.81234
0.13717
0.87783
0.73203
0.15257
0.52473
0.41029
0.15114
0.36678
0.97956
0.14521
0.92919
0.74868
0.11158
0.44983
0.62994
0.54436
0.68514
1.02841
0.35511
0.62141
0.61456
0.59722
0.73270
0.62098
0.81745
0.09224
0.63169
0.87199
0.11153
0.60419
0.37799
0.71187
0.34094
0.99637
0.08569
0.44191
0.89025
0.12560
0.63541
0.49374
0.72406
0.72616
0.83680
0.22891
0.10245
0.88433
1.00768
0.78559
0.94482
0.59697
0.76033
0.50521
0.79553
0.98381
0.97622
0.96190
0.81952
0.64552
0.65337
0.34535
0.72465
0.64268
0.50317
0.86919
0.57127
0.81080
0.28258
0.96936
0.35042
0.86040
0.30219
0.45516
0.21070
0.08806
0.72940
0.76439
0.30788
0.99605
0.62676
0.81245
0.85147
0.38401
0.71279
0.98002
0.49623
0.49390
1.01244
0.28793
0.74205
0.68601
0.83930
1.00113
0.45304
0.56587
0.30418
0.44287
0.09620
0.08463
0.60534
0.70913
0.62106
0.14498
0.72265
0.84174
0.30131
0.98856
0.43203
0.38264
0.43301
0.64492
0.27885
0.98693
1.02097
1.00159
0.58414
0.16390
0.57646
1.00333
0.30580
0.35253
0.48181
0.97490
0.06247
0.88101
0.22768
0.99511
0.60287
0.12217
1.00897
0.60451
0.70573
0.75819
0.87087
0.14731
0.38928
0.06143
0.17525
0.26658
0.35240
0.77598
0.93687
0.23770
0.15477
0.22371
0.43557
0.86721
0.57905
0.75842
0.15093
0.78189
0.76983
0.74366
0.57934
1.01014
0.08632
0.46839
0.89125
0.78026
0.75950
0.90427
0.07339
0.58759
0.03632
0.80390
0.83566
0.35321
0.29510
0.76411
0.76154
0.49343
0.66716
0.84399
0.97982
0.74664
0.62299
0.96440
0.99342
0.91045
0.11899
0.15211
0.12804
0.73198
0.26948
0.99530
1.03042
0.98984
0.73130
0.20731
0.77557
0.28274
0.91453
0.17661
0.62845
0.42807
0.43855
0.49820
0.54803
0.58155
0.82300
0.34980
0.74979
0.73501
0.54896
0.60171
0.98609
0.12485
0.99076
0.14739
0.90644
1.00167
0.98363
0.61418
0.75110
0.98302
0.07673
0.88892
0.76567
0.53114
0.87766
0.87067
0.73852
0.61338
0.60649
0.11537
0.77209
0.43735
0.14369
1.00435
0.74403
0.45589
0.83979
0.58391
0.84336
0.90128
0.31711
0.15716
0.46739
1.04474
0.59330
0.73580
0.97219
0.17024
0.60793
0.53334
0.37250
0.60765
0.08714
0.93803
0.98051
0.97166
0.30638
0.76311
0.50880
0.09491
0.31812
0.49612
0.91163
0.27725
0.51473
0.21959
0.56720
0.05006
0.47238
0.76888
0.75933
0.83202
0.52706
0.66494
0.34806
0.81887
0.29474
0.59401
0.08324
0.97363
0.72179
0.76684
0.12899
0.90512
0.87794
0.97064
1.00014
0.17429
0.88239
0.64789
0.86600
0.89973
0.84961
0.46745
1.00344
0.43761
0.64857
0.83336
0.21078
0.16263
0.71532
0.17974
0.73040
1.02259
0.89145
0.18738
0.24063
0.27684
0.24166
0.70206
0.24366
0.08167
0.55559
0.35481
0.64899
0.73273
0.66124
0.88599
0.32246
0.10364
0.84004
0.41105
0.70123
0.98086
0.56062
0.06708
0.99550
0.41431
0.73579
0.16474
0.59372
0.84654
0.95196
0.70356
0.21214
0.91926
0.35070
0.86807
0.16626
0.93223
0.35469
0.11530
0.15506
0.20833
0.64763
0.29674
0.11565
0.72017
0.73239
0.33590
0.97697
0.92173
0.45970
0.74222
0.76911
0.89043
0.80932
0.21780
0.29067
0.85786
0.70189
0.96716
0.56736
0.71075
0.39702
0.31026
1.01380
0.87935
0.77338
0.11379
0.74289
0.65415
0.10338
0.87407
0.37020
0.65786
0.36922
0.56741
0.22719
0.86006
0.20274
0.60072
0.63686
0.22201
0.17881
0.79033
0.37121
0.11090
0.42554
0.26721
0.63641
0.58373
0.50874
0.50821
0.41856
0.98375
0.50582
0.84531
0.76025
0.78648
0.85756
0.60327
0.27138
0.33069
0.23452
0.49110
0.33564
0.18195
0.87099
0.40615
0.09257
0.75641
0.73770
0.45855
0.84100
0.59128
0.41133
0.77270
0.20407
0.78259
0.06930
0.42664
0.32323
0.41270
0.49632
0.96692
0.73535
0.40435
0.31404
0.78662
0.77539
0.98793
0.25417
0.76482
0.58145
0.78510
0.17896
0.86393
0.35368
0.31812
0.35010
0.97918
0.34180
0.72599
0.64125
0.54710
0.99741
0.74526
0.73625
0.79794
0.49510
0.82262
0.99781
0.89157
0.50840
0.58862
0.69178
0.42353
0.35033
0.27229
0.62316
0.22272
0.59050
0.32112
0.24885
0.34879
0.51981
0.65597
1.01380
1.00325
0.73723
0.66789
0.76875
0.16228
0.28381
0.30518
0.29084
1.00718
0.73347
0.58283
0.15955
0.65429
0.71332
0.89441
0.91883
0.74524
0.71267
0.16991
0.59826
0.69076
0.69482
0.76445
0.09622
0.99258
0.42397
0.21548
0.08185
1.00149
0.31186
0.08824
0.48165
0.79791
0.62084
0.46397
0.44618
0.96177
0.74805
0.28400
0.71992
0.59717
0.72822
0.09026
0.61135
0.62656
0.89256
0.39595
0.77290
0.36841
0.09554
0.08117
0.31534
0.98922
0.31446
0.76883
1.00989
0.44599
0.73121
0.31562
0.49198
0.60974
0.85320
0.55855
0.25782
0.73028
0.93210
0.62337
0.78666
0.43085
0.24529
0.96650
0.65339
0.60665
0.11935
0.18885
0.17030
0.96072
0.73784
0.47151
0.44251
0.32530
0.34076
0.28677
0.15854
1.04042
0.70950
0.97648
0.62063
0.32761
0.49249
0.68906
0.68505
0.64268
0.13382
0.81529
0.96786
0.35980
0.13593
0.50587
0.96197
0.36698
0.69522
0.77121
0.63997
0.53816
0.46246
0.37188
0.18523
0.34771
0.64409
0.58096
0.68444
0.65774
0.24644
0.54444
0.34782
0.63600
0.20735
0.16844
0.34740
0.35360
0.72746
0.30795
1.00009
0.70870
0.47626
0.27728
0.97922
0.40759
0.73065
0.26015
0.52907
0.88423
0.74010
0.58820
0.48781
0.76852
0.91309
0.63636
0.72793
0.23925
0.88543
0.27811
0.07412
0.78088
0.23670
0.77700
1.01148
0.50384
0.45611
0.22759
0.80974
0.99230
0.25892
0.15050
0.99937
0.39342
0.72034
0.86447
0.74918
0.74363
0.09899
0.67626
0.96505
0.10606
0.58554
0.16377
0.84864
0.25229
0.99278
0.50281
0.66446
0.78663
0.64793
0.63487
0.11675
0.79123
0.89248
0.90490
0.70945
0.58127
0.98955
0.14533
0.99035
0.62827
0.49225
0.96591
0.65802
0.09371
0.99955
0.91493
0.93313
0.80675
0.97780
0.72130
0.88763
0.35070
0.24113
0.47972
0.98719
0.77232
0.88627
0.83646
0.86647
0.77763
0.84151
0.84696
0.47920
0.12729
0.60498
0.97633
0.75830
0.29671
0.99070
0.48038
0.99453
0.40909
0.04848
0.71257
0.10146
0.61584
0.81709
0.70402
0.31354
0.69646
0.86148
0.97276
0.71172
0.88621
0.64423
0.13350
0.73627
0.95638
0.44878
0.11331
0.99958
0.12411
0.89010
0.86691
0.12322
0.71960
0.67366
0.14083
0.69679
0.58446
0.88596
0.41499
0.96961
0.77485
0.75551
0.61913
0.55500
0.67354
0.82367
1.02445
0.30150
0.99486
0.35107
0.58842
0.34120
0.92700
0.70483
0.75401
0.74588
0.60219
0.89341
0.33760
1.01270
0.58455
1.00320
0.72779
0.70647
0.71363
0.75893
0.97665
0.99949
0.34134
0.45047
0.82972
0.62178
0.63167
0.41792
0.08429
0.12370
0.73269
0.67255
0.45686
0.88910
0.32379
0.48214
0.83767
0.83085
0.54714
0.40004
0.31876
0.35167
0.72095
0.97393
0.77923
1.00597
0.59211
0.41451
0.43954
0.84979
0.76093
0.15689
0.87160
0.07606
0.30407
0.68117
0.56426
0.03265
0.10089
0.73417
0.81337
0.89045
0.60430
0.48370
0.99495
0.24662
0.02473
0.92728
1.02491
0.76408
0.62995
0.09345
0.12827
1.02570
0.90632
0.60108
0.75594
0.39729
0.63371
0.33067
0.76117
0.08932
0.93529
0.31203
1.01279
0.32906
0.13573
0.48015
0.71394
0.82065
0.97860
0.08073
0.38041
0.31587
0.96270
0.97929
0.25362
0.13602
0.14076
0.09252
0.75916
0.94492
0.29664
0.89638
0.34485
0.18029
1.00871
0.74471
0.82073
0.55763
0.12447
0.41197
0.42678
0.98601
0.87374
0.09755
0.61179
0.82678
0.29883
0.49027
1.02028
0.56350
0.53525
0.12597
0.25140
0.51266
0.91190
0.09362
0.23243
0.15517
0.33108
0.81463
0.51726
0.78181
0.54927
0.29296
0.67088
0.88735
0.57948
0.28430
0.84034
1.00365
0.67559
0.45659
0.47620
0.43273
0.35086
0.97658
0.29473
0.51489
1.01038
0.10669
0.09310
0.84864
1.00688
0.87627
0.53733
0.51708
0.87892
0.18324
0.73017
0.65659
0.63028
0.35923
0.77961
0.71126
0.12581
0.11505
0.66667
0.32508
0.71015
0.96951
0.99582
0.42143
0.76663
0.64159
0.43638
0.74528
0.50778
0.72148
0.38845
0.15325
0.60918
0.55408
0.09998
0.26934
0.38640
0.22998
0.46165
0.89458
0.62557
0.08149
0.63298
0.64153
0.61806
0.12465
0.67708
0.98143
0.62451
0.12788
0.26782
0.76284
0.26588
0.72191
0.45911
0.13388
0.45271
0.10082
0.88340
0.58023
0.34230
0.94993
0.11063
0.05286
0.34569
0.60746
0.28007
0.54549
0.82596
0.71639
0.78621
0.80437
0.82962
0.72777
0.97267
0.70835
1.00675
0.09147
0.76785
0.97398
0.77409
0.84836
0.93017
1.03313
0.11812
0.83600
0.73242
0.30177
0.82712
0.97526
0.25816
0.47337
0.37919
0.10703
0.09687
0.37141
0.11980
0.66929
0.11867
0.78207
0.27361
0.71051
0.30943
0.61855
0.73527
0.98135
0.40967
0.38359
0.86173
0.17241
0.57890
0.62565
0.05349
0.74110
0.59955
0.04264
0.59026
1.03997
0.82554
0.08589
0.40333
0.83496
0.46140
0.51617
0.82302
0.32642
0.78821
0.97140
0.60715
0.27604
0.88149
0.40667
0.22710
0.41438
0.40705
0.42653
0.84898
0.72411
0.78557
0.71324
0.54166
0.74940
0.63301
0.63274
0.73058
0.53476
0.10108
0.10873
0.37519
0.60678
0.85907
0.98706
0.99450
0.22670
0.27867
0.15493
0.12450
0.86290
0.66833
1.04743
0.93755
0.64712
0.91882
0.16812
1.00212
0.66057
0.52413
0.64981
0.50465
0.54556
0.23285
0.58065
0.28786
0.33507
0.97727
0.53110
0.18202
0.09352
0.49641
0.69789
0.28754
0.62725
0.97894
0.10359
0.85463
0.79408
0.62341
0.99669
0.98951
0.58727
0.97699
0.10018
0.88352
0.72810
0.94815
0.90491
1.00854
0.19098
0.64002
0.58578
0.84384
0.65871
0.12065
0.35720
0.74640
0.62681
0.45902
0.52959
0.10226
0.88840
0.56909
0.48596
0.31447
0.29083
0.34366
0.61558
0.66108
0.08896
0.98014
0.48047
0.10758
0.17226
0.63588
0.99384
0.63781
0.87422
0.99908
0.86653
0.37697
0.99968
0.59821
0.12553
0.26433
0.47968
0.52074
0.25848
0.22851
0.40300
0.18344
0.71951
1.01040
1.01216
0.29158
1.02235
0.18923
0.04236
0.96125
0.99223
0.64419
0.28465
0.06294
0.72467
0.32530
0.67039
1.00509
0.61731
0.65218
0.42709
1.01365
0.95740
0.65809
0.78988
0.84008
0.62793
0.99716
0.96231
0.11504
0.18470
0.54582
0.12988
0.62831
0.74322
0.35750
1.00282
0.99553
0.50259
0.51562
0.64313
0.84905
0.19158
0.72368
0.92870
0.44151
0.84301
0.22754
0.68040
0.71617
0.81446
0.59674
0.73026
0.49263
0.43434
0.17502
0.76367
0.74253
0.02400
0.19739
0.77821
0.14616
0.64316
1.00600
0.54518
0.29172
0.05182
0.71537
0.78574
0.13960
0.56873
0.16477
0.88075
0.74490
0.11179
1.01778
0.38401
0.61328
0.24646
0.29107
0.10892
0.95651
0.98352
0.17124
0.31300
0.41035
0.31995
1.02635
0.96124
0.12601
0.37002
0.88734
0.72947
0.97164
0.72412
0.76968
0.76867
0.58677
1.00539
0.24029
0.37790
0.71577
0.87384
0.43207
0.24179
0.74059
0.56713
0.60689
0.41951
0.16849
0.61521
0.80786
0.73527
0.89218
0.96633
0.72172
0.36837
0.51923
0.48461
0.70213
0.29917
0.43624
0.49549
0.77913
0.26452
0.91757
0.45994
0.10815
0.84787
0.84874
0.82501
0.35963
0.89432
0.71733
0.27673
1.01982
0.64169
0.63895
0.77172
0.85662
0.08055
0.85655
0.99261
0.72519
0.28566
0.75000
0.73720
0.98785
0.16579
0.13291
0.60645
0.15952
0.92631
0.49950
0.28113
0.24708
0.38083
0.62700
0.87399
0.07794
0.41867
1.00227
0.78511
0.55368
0.85426
0.73411
0.65139
0.99036
0.72829
0.59536
0.57384
1.00156
0.62833
0.10375
0.71267
0.43135
0.90298
0.47309
0.12118
0.96605
0.86121
0.49180
0.96303
1.01372
0.58974
0.73103
0.18578
0.57316
0.96781
0.29402
0.54085
0.63749
0.90616
0.72470
0.96520
0.66542
0.46217
0.46956
0.74116
0.82532
0.04695
0.85387
0.62539
0.38643
0.08294
0.82394
0.87211
0.74105
0.11016
0.15523
0.54106
1.01013
0.94605
0.30721
0.71329
0.27749
0.50036
0.18344
0.72362
0.96866
0.75773
0.80383
0.11845
0.17782
0.61451
0.82269
0.71883
0.89349
0.35202
0.76205
0.68087
0.37405
1.01693
0.96716
0.38075
0.44884
0.78808
0.11817
0.75359
1.00868
0.94520
0.75224
0.37128
0.62521
0.29121
0.17874
0.59501
0.96480
0.13398
0.73769
0.66949
0.76431
0.75084
0.74244
0.57285
0.61115
1.01161
0.49950
0.39213
0.91422
0.51428
0.96809
0.88968
0.72537
0.34991
0.92222
0.73376
0.26572
0.97976
0.77501
0.79565
0.47176
0.76301
0.37886
0.95403
0.09152
0.57967
0.63949
0.81730
0.06828
0.48068
0.16616
0.71180
0.27078
0.29494
0.06330
0.13863
0.07698
0.63618
0.12944
0.52369
0.73359
0.15497
0.98459
0.94437
0.59385
0.28656
0.90278
0.41094
0.76821
0.41293
1.00340
0.34395
0.97688
0.62961
0.26214
0.06797
0.75289
0.73301
0.60998
1.00015
0.90161
0.72097
0.75510
0.22996
0.37128
0.32674
0.89565
0.84548
0.73761
0.99930
0.82736
0.14611
0.80279
0.89838
0.70801
0.33516
0.76137
0.99641
0.15908
0.68555
0.81959
0.03837
0.11204
0.11440
0.98694
0.71593
0.75325
0.62026
0.36472
0.76742
0.84323
1.03622
0.08315
0.95978
0.11779
0.70654
0.97006
0.64430
0.83532
0.88535
0.98419
0.35097
0.46706
0.11524
0.62337
0.73531
0.59104
0.78392
0.49267
0.34805
0.76245
0.72301
0.17249
0.84275
0.08768
0.86411
0.99341
0.97732
0.33407
1.01660
0.14611
0.99009
0.09812
0.15955
0.61849
0.49579
0.60967
0.56811
0.03663
1.00544
0.18115
0.96305
0.71384
0.98104
0.36910
0.38334
0.27645
0.28405
0.99595
0.96862
0.99260
0.70891
0.98990
0.71709
0.91563
0.53025
0.35991
0.43546
0.60002
0.50391
0.86816
0.62636
0.66077
0.89861
0.75900
0.79992
0.65311
0.81885
0.59149
1.01376
0.12175
0.97850
0.41604
0.30205
0.61289
1.00268
0.85373
0.75148
0.15960
0.97386
0.29444
0.57081
0.97253
0.49815
0.18459
0.83051
0.31559
0.99871
0.18946
0.76208
1.01386
0.35032
0.72152
0.61057
0.71951
1.01310
0.77987
0.41965
0.99780
0.74170
0.35581
0.99150
0.70014
0.34661
0.84180
0.10853
0.66636
0.37131
0.04930
0.17444
0.38514
0.40320
0.11629
0.71935
0.72028
0.32765
0.08412
0.83667
0.09674
0.24216
0.64968
0.48475
1.00710
0.84822
0.50081
0.63330
0.10107
0.28818
0.25848
0.45707
1.00040
0.63377
0.16427
0.44582
0.49077
0.60044
0.63969
0.98672
1.01078
0.92325
0.65489
0.09986
0.62686
0.13368
0.43576
0.09054
0.25056
1.01352
0.90851
0.66683
0.11126
0.86306
0.50831
0.32637
0.34851
0.96338
0.98880
0.58175
0.49491
0.65956
0.26677
0.93513
0.29204
0.39237
0.98279
0.33667
0.49315
0.88643
0.63985
0.62910
0.44959
0.91500
0.10222
0.44581
0.63599
0.16718
0.70536
0.63090
0.23893
0.85364
0.71677
0.99056
0.70790
0.91109
0.74052
1.02049
0.60613
0.51084
0.10184
0.93920
0.84158
0.55580
0.61605
0.96498
0.16510
0.37188
0.77410
0.95395
0.89151
0.13168
0.99344
0.62201
0.62319
0.92650
0.07026
0.07761
0.17958
0.54473
0.23173
0.62536
0.72267
0.35057
0.62030
0.10019
0.76512
0.86724
0.81881
0.54207
0.23545
0.42846
0.63506
1.01063
0.98131
0.35408
0.84298
0.62010
0.97788
0.60805
0.99638
0.53196
0.61828
0.96874
0.70687
0.62132
0.40967
0.32754
0.96090
0.07698
0.77317
0.81859
0.45518
0.75159
0.11573
0.62054
0.97339
0.62331
0.71617
0.84459
0.71280
0.72971
0.28740
0.12166
0.60474
0.29412
0.09015
0.74907
1.01122
0.88381
0.96969
0.14226
0.63050
0.75889
0.60221
0.87586
0.64370
0.38110
0.86311
0.15199
0.53128
0.29256
0.52160
0.96365
0.87760
0.94922
0.61206
0.13850
0.50688
0.55571
0.35443
0.99768
0.33018
0.41153
0.96388
0.55299
0.75479
0.57910
0.13207
0.41247
0.49889
0.16233
0.12664
1.01892
0.87858
0.73272
0.35156
0.76006
0.63215
0.84559
0.94631
0.61133
0.88719
0.98664
0.92465
0.86396
0.75077
0.72901
0.09606
0.49013
0.97646
0.42306
0.74959
0.09583
0.11756
0.35759
0.90761
0.23434
0.06775
0.75879
0.89492
0.14796
1.00642
0.90131
0.77326
0.64737
1.00721
0.30241
0.87390
0.11979
0.85240
0.58936
0.78463
0.98020
0.97641
0.71348
0.11245
0.99622
0.77666
0.79900
0.07506
0.61685
0.74210
0.32416
0.97233
0.99449
0.73157
1.01203
0.97056
0.38297
0.71983
0.97980
1.01585
0.19486
0.10557
0.10077
0.38194
1.00566
0.79688
0.87089
0.25265
0.31952
0.23062
0.86847
0.57329
0.59684
0.63640
0.99159
0.49825
0.84007
0.12271
0.71699
0.15892
0.35447
0.09486
0.46206
0.15487
0.74793
0.02548
0.11868
0.61350
0.08412
0.88971
0.26882
0.40866
0.13483
0.80162
0.34150
0.72674
0.56958
0.30864
0.10220
0.70745
0.76439
0.64864
0.42394
0.61844
0.13499
0.96267
0.73372
0.23966
1.00995
0.15096
0.78150
0.48240
0.17700
0.34765
0.98579
0.97874
0.51597
0.26536
0.29782
0.64837
0.71313
0.35341
0.50513
0.17713
0.12349
0.37025
0.77677
0.73884
0.72321
0.35524
0.37141
0.11763
0.12153
0.94333
0.70957
0.79890
0.80227
0.26341
0.33283
0.97008
0.72307
0.05636
0.79106
0.10763
0.37041
0.08871
0.18000
0.40735
0.93975
0.17505
0.18741
0.34838
0.42901
0.78572
0.74535
0.96207
0.08426
0.59517
0.62224
0.11247
0.73428
0.76831
0.90742
0.43140
0.91722
0.81227
0.37499
0.29524
0.60076
0.42971
0.12741
0.99714
0.64216
0.51952
0.49795
0.64462
0.33994
0.11863
1.01047
0.42698
0.49351
0.62774
0.05619
0.65789
0.61727
0.63606
0.59770
0.35418
0.74513
0.41100
1.01800
1.02146
0.61812
0.11245
0.61042
0.61793
0.47681
0.41578
0.36401
0.22347
0.69791
0.86318
0.65314
0.33078
0.55714
0.94134
0.92048
0.64710
0.12242
0.49258
0.47014
1.00018
0.31817
0.24190
0.61625
0.87079
0.66730
0.59934
0.58001
0.11940
0.65242
0.80433
0.87175
0.61738
0.17321
0.56373
0.85126
0.73181
0.99415
0.21275
0.07942
0.51471
0.19525
0.55311
0.09306
0.64979
0.21733
0.17545
0.28171
0.39482
0.96552
0.81116
0.33037
0.61885
0.37570
0.99098
0.46882
0.94295
0.61720
0.83979
0.92944
0.61288
0.15949
0.99475
0.74647
0.30884
0.08869
0.71050
0.59719
0.70655
0.14942
0.34945
0.10783
0.99710
0.72854
1.01093
0.44322
0.62282
0.26910
0.97925
0.42011
0.13458
0.51736
0.57547
0.33855
0.42843
0.60205
0.40008
0.88543
0.56201
0.97059
0.61356
0.86398
0.72846
0.64994
0.79030
0.90602
0.71452
0.63515
0.20656
0.49660
0.78166
0.73046
0.75250
0.25893
0.38981
0.34375
0.91249
0.08686
0.35604
0.98072
0.94376
0.89879
1.00892
1.00318
0.23847
0.10918
0.78446
0.55779
0.93678
0.99429
0.83946
0.60963
0.80011
1.00171
0.15220
0.98142
0.86349
0.95341
0.46733
0.42323
0.13220
0.33864
0.90842
0.96686
0.24510
0.31180
0.60442
0.77368
0.70444
0.80229
0.42532
0.09308
0.85653
0.83848
0.12757
0.09130
0.10283
0.61242
1.00254
0.93072
0.50898
0.41988
0.95525
0.72228
0.76963
0.31691
0.27206
0.16631
0.73889
0.10145
1.00594
0.84361
0.75178
0.31683
0.10203
0.34009
0.34060
0.34561
0.61955
0.98417
0.75159
0.78974
0.06466
1.01158
0.80170
0.18581
0.53435
0.83653
0.14052
0.97813
1.02433
0.82715
0.83421
0.15789
0.97582
0.43352
0.97066
0.33825
0.80765
0.28669
0.61936
0.98618
0.78920
0.10510
0.60605
0.35206
0.49901
0.72600
0.99579
0.73852
0.60313
0.91916
0.62126
0.62452
0.91225
0.13134
0.90242
0.28886
0.44090
0.60438
0.73082
0.90198
0.16878
0.35318
0.74410
0.32890
1.00353
0.56643
0.50359
0.82856
0.36096
0.17808
0.28859
0.98918
0.98238
0.28799
0.75378
0.83599
0.72145
0.32068
0.90398
0.11232
0.12482
0.87644
0.38590
0.47935
0.69832
0.59576
0.24247
0.87756
0.74546
0.99257
0.63718
0.75759
0.86440
0.99513
0.31239
0.99926
0.14396
0.82101
0.97677
0.99134
0.32316
1.01243
0.62944
0.24987
0.74979
0.78378
0.41749
0.17780
0.74358
0.61422
0.34802
0.60676
0.98497
0.53847
0.09130
0.62719
0.71395
0.58826
0.64730
0.76684
0.28182
0.63438
0.89634
0.86849
0.97304
0.86876
0.63161
0.91083
0.53051
0.92189
0.69583
0.70989
0.45669
1.01580
0.96341
0.32775
0.63129
0.62556
0.77947
0.54242
0.15282
0.10820
1.00633
0.11107
0.13729
0.11031
0.98486
0.81437
0.60735
1.00114
0.62693
0.06009
0.90365
0.63949
0.58749
0.14216
0.60660
0.04926
0.12618
0.99214
0.97391
0.80586
0.38398
0.97045
0.99233
0.93029
0.77797
0.13376
0.97389
0.96940
0.26752
0.40041
0.78332
0.72970
0.65281
0.15591
0.64290
0.12430
0.99475
0.32628
0.95335
0.98506
0.75564
0.29464
0.57491
0.61826
0.72932
0.55806
0.88952
0.19578
0.28976
0.07081
0.06717
0.31255
0.33350
0.05804
0.43321
0.60464
0.90452
0.74899
0.49754
0.60479
0.37381
0.72294
0.38474
0.97448
0.17479
0.99465
0.63355
0.32648
0.99270
0.95746
0.53717
0.60038
0.93091
0.76292
0.94143
0.89577
0.37160
0.51136
0.47822
0.48731
0.64863
0.14535
0.59567
0.53263
0.72671
0.62356
0.51948
0.10839
0.64657
0.99178
0.26562
0.07495
0.42249
0.11288
0.81808
0.79312
0.04251
0.76461
0.09984
0.10026
0.75758
0.93057
0.36314
0.52510
0.11022
0.12624
0.71138
0.99262
0.27441
0.96002
0.25288
0.18333
0.27556
0.53394
1.01166
0.29716
0.98704
0.62916
0.08256
0.63878
0.34847
1.02031
0.73767
0.19165
0.98772
0.77964
0.99120
0.55166
0.93176
0.52920
0.96796
0.46414
0.18808
1.01742
0.38108
0.87660
0.51847
0.97913
1.00305
0.60895
0.60630
1.00689
1.03229
0.74055
0.45041
0.76305
0.61703
0.43572
0.31048
0.43496
0.23474
0.29046
0.73766
0.45380
0.51782
0.92468
0.36810
0.40273
0.95322
0.41673
0.16129
0.59710
0.42475
0.72844
0.34155
0.29126
0.44308
0.97920
0.89516
0.31838
0.60652
0.24294
0.86980
0.62913
0.12347
0.37716
0.08162
0.22398
0.62399
0.44366
0.13604
0.50159
0.73320
0.66408
0.83118
0.97105
0.03038
0.63647
0.75159
0.70575
0.44973
0.41118
0.56644
0.73128
0.43821
0.82979
0.85295
0.47734
0.97325
0.34519
0.49834
0.99254
0.37134
0.37303
0.13325
0.74928
0.45801
0.18438
0.59217
0.98157
0.13915
0.89864
0.27320
0.68133
0.98509
0.65802
0.42222
0.66013
0.40799
0.93243
0.30384
0.63774
0.13218
0.97894
0.61240
0.47119
1.00889
1.00660
0.13395
0.74437
0.17555
0.09773
0.86837
0.43038
1.01763
0.64711
0.93655
0.99302
0.11865
0.43564
0.88998
0.85983
0.87635
0.96446
0.17090
0.68897
0.63546
0.72274
0.96943
0.58723
0.59965
0.13713
0.74510
0.59051
0.23420
0.84993
0.59243
0.99798
0.25993
0.59682
0.39726
0.51540
0.76371
0.64766
0.12095
0.40558
0.87878
0.74176
0.86080
0.74927
0.24580
0.91491
0.63683
0.28701
0.62962
0.53442
0.19298
0.03186
0.75262
0.25794
0.33159
0.62783
0.13825
0.30875
0.35373
0.80940
0.37752
1.01103
0.22269
0.08122
0.65078
0.82502
0.87725
0.99285
0.24336
0.46724
0.26461
0.68270
0.82108
0.48693
0.99000
0.08727
0.98375
0.64416
0.41053
0.87137
0.57296
0.59279
0.44563
0.15694
0.94101
0.99569
0.10233
0.12405
0.83908
0.62676
0.09802
0.43273
0.49540
0.63583
0.91065
0.98165
0.53157
0.44436
0.42181
0.61329
0.57830
0.24377
0.52790
0.73865
0.49271
0.79317
0.35138
0.35796
0.89725
0.67594
0.78314
0.92248
0.85376
0.70242
0.78697
0.93647
0.10736
0.30646
0.49648
0.81793
0.10400
0.77386
0.43687
0.35041
0.06412
0.57885
0.65104
0.52091
0.29296
0.53084
0.24134
0.43635
0.99648
0.71311
0.87443
0.58467
0.87145
0.12159
0.81696
0.44996
0.35951
1.01452
0.70842
0.10069
0.53341
0.88802
0.26272
0.74198
0.14406
0.68885
0.89364
0.82319
1.00508
0.90579
0.69766
0.64147
0.62431
0.73773
0.93870
0.39902
0.05024
0.72919
0.52355
0.44234
0.93955
0.99806
0.13152
0.37072
1.00869
1.01555
1.01040
0.73410
0.68134
0.14670
0.70927
0.49833
0.44220
0.43522
0.35713
0.89628
0.43587
0.19146
0.32920
0.76196
0.26816
0.99188
0.40281
0.96033
0.97319
0.10861
0.51320
0.82296
0.14512
0.11997
0.26319
0.64626
0.91280
0.31446
0.61786
0.95660
0.50199
0.15911
0.71907
0.84074
0.87902
0.99919
0.95829
0.76035
0.09037
0.96327
0.35605
1.01872
0.13502
0.47357
0.82936
0.83492
1.03569
1.00047
0.89613
0.91942
0.66380
0.88971
0.12054
0.92681
0.16483
0.10656
0.11060
0.79656
0.96934
0.65192
0.66783
0.76046
0.89721
0.83571
0.72273
0.88043
0.50554
0.55601
0.12358
0.89713
0.93906
0.85782
0.58702
0.59397
0.71141
0.73271
1.02451
0.18654
0.52483
0.91285
0.83563
0.45018
0.47885
0.58911
0.99217
0.78441
0.68629
0.64577
0.29611
0.73440
0.98278
0.34216
0.28172
0.85378
0.44552
0.48534
0.48487
1.03040
0.69407
0.08601
0.08756
0.06720
0.75281
0.14653
0.11236
0.19435
0.35700
0.74830
0.77393
0.75015
0.66266
0.96303
0.82701
0.17492
0.59453
0.78498
0.66706
0.14951
0.46090
0.94312
0.44578
0.12388
0.13079
0.70821
0.80175
0.73368
0.28723
0.88578
0.90396
0.58387
0.30473
0.76084
0.69945
0.61114
0.12020
0.85026
0.37879
0.55734
0.76770
0.72405
0.75767
0.50176
1.01177
0.27263
0.10276
0.51196
1.00129
0.05892
0.96728
0.14807
0.13923
0.56642
0.99886
0.87920
0.69404
0.42352
0.12385
0.36161
0.05783
0.46106
0.79091
0.55976
0.24044
0.74685
0.17868
0.90182
0.90640
0.32809
0.61660
0.60291
0.99361
0.36462
0.62491
0.59095
0.96861
1.01305
0.98497
0.89548
0.53647
0.46713
0.65817
0.70285
0.77211
0.52711
0.36091
0.82488
0.65275
0.35112
0.97093
0.74696
0.97778
0.76641
0.23205
0.63228
0.47350
0.96368
0.43885
0.66308
1.00547
0.12648
0.53852
0.99842
0.58661
0.86266
0.65097
0.90519
0.97569
0.12478
0.15847
0.36277
0.54265
0.72970
0.86684
0.33521
0.45571
0.47741
0.86639
0.93746
0.35615
0.71144
0.44399
1.00269
0.41616
0.90145
0.88162
0.89718
0.28396
0.57572
0.31188
0.84630
0.12023
0.63117
0.72481
0.51738
0.31186
0.64999
1.00234
0.63430
0.71588
0.91248
0.71052
0.98651
0.73145
0.81816
0.46632
0.35893
0.98296
0.87999
0.06738
0.28745
0.08925
0.35843
0.99270
0.39775
0.49192
0.84014
0.79651
0.96401
0.77093
0.70833
0.13695
0.39839
0.18197
0.47575
0.64961
0.34101
0.31953
0.74265
0.39814
0.33301
1.02803
0.73698
0.85675
0.54536
0.11603
0.11056
0.48764
0.23512
0.24701
0.10446
0.46677
0.32857
0.92379
0.88358
1.01099
0.11391
0.07430
0.91324
0.07079
0.63751
0.70910
0.64185
0.69426
0.72149
0.08971
0.47660
0.39796
0.25125
0.98295
0.83889
0.31512
0.31930
0.46435
0.81824
0.27581
0.97601
0.64055
0.88973
0.48238
0.27053
0.98050
0.97163
0.19814
0.49100
0.28700
0.26482
0.10084
0.51479
0.38370
0.13340
0.15904
0.61719
0.97969
0.11922
0.63304
0.15685
0.97440
0.08437
0.11415
0.73994
0.73401
0.60798
0.74263
0.89194
0.62977
0.97087
0.87578
0.28039
0.86199
1.02069
0.20361
0.52067
0.71907
0.35306
0.95854
0.12035
0.05717
0.39707
0.98440
0.88176
0.92089
0.17524
0.78581
0.37941
0.77806
0.71241
0.71538
0.60841
0.71510
0.12510
0.90274
0.72703
0.12377
0.16505
0.09454
0.50023
0.85461
0.98385
0.41043
0.14106
1.01381
0.37553
0.70846
0.13244
1.01918
0.78358
0.74047
0.99062
0.97753
0.72066
0.43292
0.88864
0.11402
0.37050
0.69564
0.88880
0.63043
0.59790
0.12123
0.84832
0.64660
0.40844
0.72901
0.43949
0.35002
0.48521
0.15461
0.50126
0.11788
0.28641
0.73481
0.75305
0.46590
0.97574
0.27925
0.04387
0.74171
0.79581
0.56541
0.76029
0.79346
0.65947
0.09412
0.16181
0.62562
0.42612
0.29128
0.67248
0.61312
0.15491
0.32821
0.90826
0.33508
0.35837
0.89895
0.76103
0.97459
0.49539
0.12088
0.85181
0.84571
0.60570
0.99184
0.51360
0.15457
0.60045
0.90301
0.83214
0.12120
0.77124
0.27404
0.26470
0.75140
0.88283
0.84476
0.29552
0.28326
0.07320
0.62618
0.90386
0.66525
0.36136
0.87613
0.34855
0.96626
0.98545
0.45066
0.60897
0.13163
0.17457
0.14254
0.65903
0.46533
0.87327
0.34394
0.59436
0.98594
0.26552
1.00621
0.71965
0.29519
0.62029
0.32803
0.26819
1.00547
0.63622
0.65710
0.08540
0.76680
0.78534
0.77230
0.40750
0.43656
0.37804
0.13212
0.39131
0.86303
0.76745
0.31041
0.70492
0.48263
0.84868
0.31113
0.57155
0.62520
0.76209
1.00658
0.83083
0.61212
0.26872
0.13637
0.18032
0.72942
0.29306
0.60833
0.96456
0.75978
0.97303
0.72473
0.50635
0.72117
0.86369
0.84555
0.44038
0.92029
0.09921
0.97929
0.77027
0.17270
0.27226
0.83907
0.88013
0.81121
0.93458
0.15134
0.89660
0.77277
0.69607
0.63064
0.78369
0.27820
0.97895
0.77234
0.96017
0.83354
0.78364
0.99746
0.71044
0.15710
0.29535
0.73013
0.61167
0.97913
1.00167
0.76335
0.30971
0.72189
0.57249
0.70744
0.44715
0.28094
0.33467
0.87559
0.61897
0.13638
0.34899
0.90231
0.62307
0.59201
0.64648
0.40655
0.64537
0.75545
0.19341
0.32700
0.61445
0.77595
0.91513
0.26616
0.33745
0.10996
0.85536
0.34473
0.26788
0.64066
0.66161
0.91896
0.53262
1.01766
0.14057
0.98046
0.86308
0.32495
0.94560
0.37819
0.50353
0.72202
0.62713
0.42507
0.64122
0.72328
0.71841
0.12354
0.53434
0.97638
0.48418
0.43135
0.56997
0.31663
0.62292
0.24495
0.40105
0.86138
0.35846
0.41332
0.80233
0.10270
0.38102
1.00482
0.58670
0.72528
0.82420
0.27649
0.91061
0.75099
0.62666
0.97918
0.35291
0.52359
0.49621
0.99764
0.33435
0.79399
0.80964
0.34553
0.81038
0.27082
0.97355
0.61478
0.74937
0.69794
0.87744
0.08367
0.76731
0.14147
0.81919
0.72049
0.60967
0.20714
0.74001
1.01187
0.37961
0.39801
0.41443
0.99779
0.28339
0.08493
0.34690
0.66283
0.76498
0.90110
0.97828
0.81472
0.71151
0.28298
0.26580
0.82108
0.46858
0.11494
0.13948
0.85840
0.48657
0.80156
0.49149
0.09169
0.49624
0.96395
0.27491
0.75746
0.73247
0.92086
0.45700
0.25888
0.74347
0.11104
0.13932
0.42890
0.76207
0.33560
0.97730
0.60479
0.87923
0.22394
0.29071
0.88774
0.98800
0.74215
0.63553
0.72964
0.97809
0.60021
0.98505
0.92678
0.58469
0.29593
0.32598
0.76473
0.28602
0.98019
0.10166
0.71825
0.84864
0.76256
0.88234
0.16325
0.83722
0.11182
0.62151
0.84637
0.71687
0.88064
0.23806
1.01455
0.87900
0.85540
0.09956
0.41793
0.06675
0.85385
0.69540
0.42222
0.08340
0.91456
0.24589
0.53479
0.79622
0.83195
0.98455
0.10144
0.75882
0.74779
0.98041
0.10482
0.62551
0.63735
0.10293
0.31223
0.98910
0.21779
0.32013
0.74284
0.97666
0.41796
0.69225
0.77169
0.12140
0.98975
0.17065
0.86666
0.98443
0.48575
0.28220
0.42884
0.71915
0.76079
0.73359
0.66123
0.87583
0.65632
0.11174
0.62829
0.78582
0.85494
0.43257
1.00250
0.26575
0.56605
1.00721
0.26281
0.26326
1.02302
0.62343
0.41023
0.83653
0.96853
0.43606
0.43790
0.20406
0.18213
0.71994
0.61550
0.72445
0.85694
0.66407
0.67194
0.76297
0.96578
0.78923
0.92243
0.91633
0.07954
0.32574
0.21648
0.57588
0.51797
0.92873
0.83063
0.46590
0.14748
0.41348
0.70310
0.88016
0.30724
0.97505
0.29254
0.07328
0.56792
0.49615
0.38913
0.12399
0.75447
0.13528
0.98115
0.30946
0.74470
0.06245
0.98365
0.65221
0.59070
0.94683
1.00349
0.31576
0.78254
0.50274
0.97410
0.93756
0.87842
0.45100
0.77423
0.92829
0.09916
0.24436
0.63054
0.22154
0.61603
0.69468
0.47319
0.33848
0.83723
0.40423
0.61151
0.96851
0.35696
0.71619
0.81942
0.49396
0.61647
0.16497
0.50850
0.85978
0.39673
0.45310
0.50945
0.26257
0.86044
0.06366
0.97377
0.98009
0.27925
0.11984
0.70955
0.19510
0.15344
0.60756
0.07222
0.25767
0.30859
0.84333
0.97817
0.91048
0.84352
0.39249
0.28891
0.41685
0.07518
0.24736
0.72723
0.59914
0.95858
0.60080
0.10278
0.91216
0.64237
0.36829
0.74572
0.62564
0.04970
0.87716
0.07465
0.34385
0.77569
0.52018
0.08098
0.73088
0.41578
0.12784
0.51127
0.88715
0.07634
0.74165
0.74029
0.42728
0.30515
0.98374
0.32784
0.61892
0.63360
0.46383
0.34534
0.31409
0.62754
0.15198
0.79652
0.83115
0.72573
0.31073
0.30984
0.40048
0.70478
1.02319
0.07392
0.29067
0.69916
0.99256
0.66742
0.85559
0.36271
0.97506
0.73850
0.48505
0.71935
0.71465
0.59623
0.35784
0.82879
0.72315
0.09568
0.64376
0.24630
0.40901
0.49999
0.88717
0.99928
0.96839
0.50522
0.62851
0.18965
0.98862
0.84303
0.28886
1.02627
0.29185
0.15992
0.31267
0.61723
0.65087
0.98791
0.20153
0.90969
0.39876
0.54472
0.50135
0.10027
0.86129
0.29014
0.97961
0.14231
0.62607
0.91113
0.27786
0.45220
0.95972
0.74612
1.00365
0.51909
0.05271
0.34809
0.88412
0.62170
0.94493
0.35252
0.51909
0.79742
0.90161
0.90666
0.74739
0.61026
0.97685
0.97930
0.97554
0.74739
0.18797
0.89949
0.94288
0.12231
0.79312
0.64296
0.89744
0.71713
0.64659
0.84903
0.43586
0.59729
0.70321
0.25531
0.12859
0.52011
0.63320
0.30749
0.12293
0.15860
0.90248
0.60217
0.64224
0.76488
0.64096
0.66234
0.66828
0.94079
0.62890
0.55256
0.97142
0.30971
0.09705
0.13714
0.38969
0.65071
0.75543
0.89910
0.11413
0.64652
0.62804
0.22206
0.12649
0.86314
0.63203
0.33190
0.59899
0.92740
0.21270
0.81844
0.44177
0.79281
0.09988
0.16470
0.26196
0.39405
0.59723
0.87023
0.12263
0.83850
1.02288
0.73282
0.61421
0.47803
0.96990
0.63765
0.37977
0.44326
0.30175
0.90936
0.84411
0.34142
0.82593
0.30306
0.91901
0.28252
0.99136
0.07453
0.75767
0.42059
0.65146
0.45302
0.64248
0.64065
0.74567
0.73078
0.09688
0.76245
0.72359
0.85167
0.05648
0.78368
0.98430
0.41576
0.64509
0.30371
0.35746
0.78335
0.61846
0.89257
0.74265
0.97497
0.92206
0.92705
0.08575
0.73176
0.05811
0.08458
0.27895
0.09312
0.62112
0.84791
0.35836
0.38836
0.30807
1.00495
0.43179
0.84915
0.44023
0.50834
0.34920
0.49802
0.70958
0.86956
0.64965
0.31865
0.56906
0.31895
0.41070
0.63184
0.10449
0.73198
0.14752
0.85220
0.30816
0.99454
0.71304
0.42292
0.88385
0.29139
0.25540
0.95242
0.74274
0.40348
0.74995
0.30396
0.08608
0.96762
0.84753
0.86102
0.12050
0.99906
0.72832
0.35078
0.07855
0.49979
0.12153
0.17177
0.27280
0.75564
0.71613
0.41584
0.39069
0.26128
0.02499
0.61524
0.61012
0.63051
0.92587
1.00844
0.41326
0.22380
0.69929
0.58511
0.98182
0.12560
0.81943
0.59033
0.45257
0.93656
0.15504
0.96581
0.42057
0.84636
0.11149
0.89370
0.55136
0.12882
0.86769
0.46871
0.15869
0.96899
0.97186
0.48305
0.37446
0.61715
0.85125
0.57126
0.42699
0.48909
0.38171
0.34597
0.90480
0.99554
0.58320
0.82678
0.87655
1.01211
0.61626
0.84095
0.75115
0.28789
0.98516
0.81084
0.88877
0.64365
0.69067
0.89944
0.91310
0.11255
0.36561
0.74583
0.65929
0.86577
1.03091
0.33005
0.81705
0.65051
0.85658
0.46047
0.14316
0.75811
0.84079
0.99305
0.52179
0.32993
0.08241
0.63197
0.43511
0.08255
0.17887
0.03922
0.56204
0.71675
0.91810
0.76865
0.40758
0.13712
0.42768
0.88555
0.14528
0.30460
0.85387
1.00713
0.92579
0.30852
0.08407
0.90809
0.42823
0.24057
0.07153
0.93214
0.26427
0.78780
0.12503
0.16249
0.16723
0.49100
0.15972
0.10412
0.99018
0.37867
0.90933
0.10560
0.28806
0.17921
0.54965
0.40492
0.33801
0.25297
0.05275
0.63585
0.77671
0.94644
0.91461
0.13138
0.62746
0.67745
0.99570
0.86124
0.99019
0.30446
0.14168
0.38544
0.47395
0.07773
0.76427
0.97674
0.91072
0.13872
0.11837
0.86175
0.91116
0.18748
0.75686
0.64438
0.71046
0.95758
0.69595
0.31831
0.68337
0.89152
0.12715
0.81738
0.35579
0.22388
0.37626
0.62505
0.17636
0.87294
0.70387
0.83671
0.73156
0.08440
0.96694
0.05362
0.16124
0.98364
0.51005
0.97215
0.62648
0.25685
0.56074
0.84632
0.88509
0.89126
0.88379
0.87779
0.84155
0.79019
0.30769
0.64192
0.90337
0.05438
0.72906
0.98450
0.75713
0.50435
0.70826
0.25212
0.49567
0.36836
0.60870
0.72668
0.59202
0.99197
0.60301
0.93844
0.70506
0.12645
0.36073
0.56854
0.08940
0.63187
0.13305
0.47293
0.40786
0.13581
0.19945
0.73952
0.64086
0.65488
0.27494
0.54305
0.38672
0.99710
0.52865
0.28490
0.45445
0.40308
0.78406
0.98045
0.88185
0.13565
0.79044
0.25581
0.97573
0.78887
0.81808
0.73258
0.08393
0.28679
0.72398
0.26015
0.22892
0.43297
0.25191
0.50405
0.51130
0.43251
0.94172
0.61803
0.19102
0.32121
0.17685
0.73352
0.99134
0.98131
0.84321
0.98047
0.87989
0.09036
0.15532
0.97203
0.40812
0.10403
0.61076
0.72295
0.12572
0.95708
0.72582
0.63549
0.57649
0.57522
0.59142
0.62832
0.46905
1.00866
0.75158
0.12293
0.61962
0.69786
0.98798
0.72035
0.97467
0.89987
0.33657
0.86808
0.63206
0.09361
0.04937
0.81972
0.42567
0.51525
0.12378
0.73302
0.66856
0.73645
0.58294
0.35493
0.34361
0.61270
0.60091
0.76308
0.63341
0.60694
0.57649
0.99441
0.72342
0.48662
0.20133
0.12225
0.99061
0.64430
0.63740
0.10804
0.10195
0.54678
0.08362
0.60486
0.44722
0.32328
1.00509
0.72409
0.95893
0.65469
0.95498
0.09069
0.66103
0.21532
0.11811
0.31040
0.35456
0.72769
0.06444
0.81765
0.50965
0.13306
1.01858
0.40557
0.75267
0.40973
0.73799
0.88685
0.64835
0.07503
0.15444
0.52562
0.87864
0.56559
0.30822
0.13045
0.63588
1.00391
0.41783
0.30134
0.35267
0.77406
0.35170
0.61438
0.10268
0.74221
0.80611
0.29303
0.43795
0.72187
0.65066
0.78333
0.62627
0.52731
0.99473
0.61589
0.79179
0.64607
0.62225
0.36155
0.80674
0.69620
0.93835
0.96495
0.71709
0.59534
0.96963
0.93608
0.24691
1.02111
0.30415
0.99758
0.99244
0.99704
0.82519
0.71990
0.16442
0.11431
0.85445
0.49369
0.84883
0.10640
0.83941
0.59087
0.83327
0.13216
0.37072
0.72188
0.30520
0.76506
0.88348
0.15359
0.91665
1.01707
0.10512
0.71638
0.84720
0.71829
0.55072
0.14957
0.99222
0.86991
1.00237
0.32305
0.43107
1.01676
0.97180
0.32866
0.98873
0.09153
0.92589
0.48227
1.00652
0.32941
0.88777
0.86968
0.83387
0.89869
0.35719
0.85882
0.35231
0.98998
1.03373
0.04423
0.67632
0.97303
0.61055
0.36371
0.62614
0.75942
0.80764
0.48858
0.69052
0.54099
0.11025
0.45650
0.13560
0.85961
0.98974
0.97757
0.97884
0.70257
0.40845
0.48650
0.59418
0.07639
0.55341
0.90520
0.28634
0.88488
0.81364
0.64749
0.11893
0.21149
0.36000
0.83238
0.73362
0.21834
0.34270
0.62892
0.33658
0.98696
0.84154
0.81682
0.45655
1.02621
0.99226
0.60838
0.62732
0.71436
0.56384
0.59870
0.50551
0.01993
0.84422
0.96337
0.13783
0.27693
0.98755
0.33578
0.83850
0.41839
0.14183
0.45744
0.46390
0.76412
0.96255
0.82206
0.97623
0.86629
0.51864
0.38727
0.16299
0.19540
0.38835
0.91051
0.74800
0.19427
0.35758
0.24831
0.32475
0.13441
0.91449
0.04205
0.09855
0.44707
0.26094
0.60036
0.48461
0.08647
0.56296
0.48994
0.73198
0.32469
0.38964
0.04808
0.18612
0.63791
0.53132
0.59506
0.84215
0.86825
0.09191
0.61956
0.99074
0.43796
0.83124
0.73777
0.44987
0.50607
0.88219
0.90216
0.96822
0.16127
0.70966
0.73041
0.41563
0.95382
0.54147
0.49615
0.90772
0.31564
0.72756
0.10220
0.12492
0.88322
0.19958
0.77157
0.85259
0.62575
0.39738
0.89253
0.99146
0.13985
0.12607
0.10372
0.51103
0.48564
0.97109
0.41787
0.30054
1.00145
0.79791
0.08970
0.43157
0.90011
0.16017
0.43078
0.11359
0.64712
1.01546
0.10409
0.97987
0.44017
0.10112
0.98006
0.90932
0.36408
0.63401
0.07642
0.16571
0.31146
1.00946
0.72095
0.57493
0.73137
0.10204
0.99195
0.91678
0.71783
0.96138
0.76459
0.96929
0.12043
0.86937
0.41345
0.85172
0.36291
0.64034
0.33335
0.37630
0.12864
0.29484
0.48809
0.62664
0.61258
0.31548
0.74886
0.35672
0.98157
0.24235
0.78200
0.72217
0.51252
0.32256
0.98725
0.62456
0.17311
0.31512
0.64934
0.59641
0.76581
0.71095
0.22285
0.89748
0.94417
0.88610
0.70846
0.60780
0.48944
0.09784
0.49288
0.14803
0.14474
0.51705
0.83469
0.98909
0.56799
0.17039
0.98711
0.13724
0.95006
0.33652
0.61482
0.59053
0.87795
0.56686
0.10999
0.82577
1.02077
0.75368
1.00683
0.11296
0.61633
0.32692
0.84768
0.27724
0.32176
0.32258
0.48410
0.57418
0.75032
0.28759
0.49213
0.39057
0.70767
0.90877
0.73342
0.58346
0.14638
0.47375
0.37291
0.98360
0.62501
0.35810
0.96820
0.67650
0.10517
0.62447
0.10997
0.09901
0.73730
0.42185
0.37085
0.18137
0.96395
1.00630
0.82128
0.60041
0.08537
0.72734
0.31380
0.99047
0.87118
0.70911
0.77613
0.72613
0.28194
0.80041
0.37195
0.66345
0.04011
0.47989
0.60376
0.49150
0.18012
0.99074
0.64934
0.56652
0.16788
0.75966
0.62465
0.86857
0.34618
0.59809
0.82810
0.59909
1.04674
0.60169
0.74304
0.72212
0.09146
0.33272
0.20139
0.19684
0.96589
0.59144
0.28790
0.45397
0.59779
0.34190
0.61408
0.42271
0.27105
0.40354
0.63817
0.88778
0.91638
0.77553
0.98893
0.10851
1.00274
0.46013
0.15593
0.30957
0.71992
0.95851
0.16758
0.24351
0.33473
0.18608
1.01296
0.24033
0.90576
0.89566
0.75093
0.65118
0.73175
0.15359
0.12773
0.07362
0.58602
1.00427
0.16932
0.49672
0.84429
0.07003
0.96601
0.91436
0.31070
0.87810
0.59602
0.10089
0.65422
0.89416
0.91344
0.65456
0.26642
1.00321
0.11040
0.71348
0.34057
0.12802
0.63016
0.56419
0.63551
0.59176
0.09380
0.78850
0.74481
0.69794
0.11696
0.84404
0.95988
0.25708
0.98045
0.62170
0.06577
0.61242
0.11350
0.63757
0.88335
0.91281
0.73957
0.33861
0.89987
0.39864
0.89101
0.63240
0.71548
0.84151
0.73376
0.30656
0.29394
0.18206
0.69739
0.63014
0.96864
0.74435
0.70578
0.98642
0.26775
0.70607
0.78060
0.63090
0.33151
0.99854
0.97931
0.10645
0.75632
0.99115
0.23379
0.81981
0.17214
0.57758
0.85860
0.79750
0.71364
0.54981
0.91375
0.78144
0.05518
0.24532
0.72734
0.60414
0.63661
0.59363
0.22727
0.48395
0.96951
0.57230
0.25048
0.61849
0.98480
0.66835
0.73032
0.21711
0.45829
0.40959
0.50146
0.37381
0.88578
0.28501
0.43643
0.94603
0.99104
0.43993
0.78443
0.97199
0.60816
0.14480
0.63530
0.51902
0.35192
0.61433
0.05389
0.06515
0.55184
0.64301
0.83358
0.12534
0.50373
0.64903
0.60458
0.12605
0.96217
0.41801
0.97417
0.64214
0.40491
0.66745
0.84411
0.89186
0.15602
0.51942
0.65945
0.80193
0.72776
0.63614
0.37204
0.14880
0.77498
0.80662
0.55496
0.96625
0.62269
0.27114
0.08367
0.79653
0.70456
0.09332
0.76063
0.72607
0.35872
0.79879
0.31503
0.15826
0.14508
0.60949
0.40993
0.90537
0.38293
0.98768
0.39110
0.75269
0.98398
0.76349
0.26809
0.85180
0.31379
0.33839
0.70784
1.01398
0.85372
0.05518
0.72072
0.36618
0.77050
0.61905
0.08326
0.91785
0.10635
0.10742
0.10434
0.12263
0.43394
0.75610
0.32345
0.44362
0.51019
0.40449
0.62774
0.32766
0.52546
0.28797
0.76472
0.64286
0.12787
0.63484
0.35858
0.60672
0.36758
0.91286
0.35505
0.60352
0.06227
0.98317
0.97540
0.11329
0.73824
0.97750
0.59182
0.74851
0.49059
0.10592
0.42679
0.71204
0.48335
0.72810
0.51049
0.86057
0.65062
0.45742
0.86654
0.26480
0.41799
0.28499
0.18021
0.48760
0.26794
0.38678
0.39710
0.97332
0.09825
0.42887
0.10766
0.96462
0.64397
0.43776
0.41581
0.78873
0.84084
0.29083
0.73015
0.75986
0.38990
0.49340
0.72618
0.78785
0.12692
0.89708
0.76917
0.10242
0.12872
0.15336
0.12018
1.01682
0.91077
0.16280
0.03450
0.79089
0.99806
0.61344
0.37237
0.76414
0.77298
0.27268
0.46313
0.90502
0.84582
0.40501
0.62443
0.50686
0.35316
0.81150
0.72916
0.28771
0.70083
0.60110
1.04329
0.89623
1.00299
0.09524
0.62817
0.84223
0.15573
0.86182
0.90984
0.75387
0.60641
0.31776
0.64671
0.97849
0.83867
0.82136
0.42800
0.81754
0.89499
0.34121
0.72058
0.74355
0.12652
0.64575
0.65903
0.75955
0.52836
0.96942
0.33023
0.15240
0.24556
0.30779
0.12365
0.47795
0.82528
0.47002
0.76442
0.51773
0.85944
1.00575
0.43035
0.28142
0.84444
0.50752
0.88074
0.21577
0.65402
0.85092
0.28842
0.50009
0.15105
0.35282
1.00049
0.91130
0.07595
0.14650
0.17752
0.95836
0.18016
0.08751
0.10791
0.97358
0.09552
0.51680
0.09704
0.81720
0.98044
0.15074
0.17339
0.63783
0.41788
0.88776
0.35910
0.83742
0.40219
0.42659
0.15182
0.60350
0.32540
0.96268
0.85898
0.76573
0.31403
0.44904
0.95982
0.12704
0.13573
0.70559
0.81077
1.03157
0.19823
0.53896
0.13318
0.63607
0.90694
0.27821
0.54638
0.99963
0.71510
0.16399
0.69730
0.87992
0.96345
0.60406
0.72449
1.01466
0.84935
0.84175
0.70931
0.79789
0.29121
0.48544
0.60407
0.35156
0.97557
0.44904
0.62808
0.93477
0.11843
0.30850
0.33882
0.45086
0.11317
0.51553
0.77262
0.83227
0.52568
0.81483
0.83838
0.52197
0.31603
0.64505
0.75527
0.61930
0.99993
0.70014
0.63564
0.70786
0.67764
0.18779
0.10272
0.88723
0.89331
0.53341
0.79178
0.16761
0.60556
0.45141
0.26056
0.29773
1.02788
0.11532
0.29583
0.99936
0.31137
0.26551
0.10219
0.72327
0.84509
0.20399
0.43179
0.26310
0.60449
0.12002
0.96284
0.18523
0.90310
0.82008
0.54926
0.04847
0.37949
0.08639
1.04900
1.02152
0.84991
0.91531
0.77662
0.40902
0.49417
0.10735
0.62677
0.31568
0.30797
1.00278
0.64739
0.63563
0.91818
0.92946
0.10446
0.35088
1.00762
0.53497
0.70235
0.09327
0.26483
0.16333
0.86644
0.99178
0.41074
0.97280
0.87513
0.39787
0.44404
0.73354
0.20364
0.08665
0.84888
0.69808
0.14268
0.40655
0.37356
0.83564
0.72787
0.42024
0.69199
0.04800
0.11248
0.86859
0.21534
0.97969
0.75614
1.01194
0.74488
0.99973
0.80913
0.05554
0.13308
0.73651
0.30414
0.69860
0.40675
0.75689
0.48465
0.24159
0.13305
0.49310
0.64375
0.09838
0.11282
0.84614
0.75193
0.08053
0.99480
0.61478
0.62557
0.72230
0.43765
0.10575
0.63051
0.82833
0.49750
0.52037
0.34117
0.30520
0.54192
0.80871
0.81414
0.74354
0.63913
0.13587
0.83242
0.96317
0.76653
0.47254
0.28507
0.73226
0.17047
0.70357
0.73792
0.58816
0.66161
0.18406
0.27852
0.89258
0.62936
0.94671
0.09832
0.47944
0.34938
0.48047
0.14974
0.58268
0.29381
0.92712
0.56763
0.08691
0.06286
0.81926
0.49782
0.69342
0.99367
0.63177
0.64914
0.62489
0.56277
0.50431
0.25276
0.99771
0.17896
0.32278
0.38684
0.34493
1.00698
0.73882
0.11911
0.24572
0.76445
0.82626
0.82986
0.27918
0.49962
0.11040
0.08873
0.87995
0.44287
0.75195
0.60322
0.79474
1.01377
0.55098
0.49887
0.75720
0.77728
0.99057
0.99145
0.62574
0.32902
0.44083
0.56347
0.11299
0.65298
0.37403
0.66467
0.45349
0.37496
1.00409
0.07797
0.78942
0.94623
0.47057
1.00517
0.32369
0.43696
0.58270
0.15345
0.89486
0.95786
0.13267
0.34129
0.58501
0.10991
0.62193
0.61227
0.58646
0.12275
0.55722
0.65732
0.65785
0.46275
0.14408
0.82122
0.64904
0.20876
0.35611
0.73264
0.44631
0.73539
1.02132
0.74251
0.73753
0.16751
0.76265
0.16611
0.37152
0.82782
0.35215
0.74588
0.50388
0.79141
0.97635
0.16039
0.83999
0.73329
0.12642
0.89791
0.88361
0.62443
0.99165
0.90026
0.29027
0.97584
0.26008
0.43489
0.89316
0.70274
0.74809
0.33339
0.85310
0.90278
0.97142
0.14611
0.60649
0.46944
0.61540
0.25588
0.79941
0.26379
0.14187
0.28624
0.75522
0.07753
0.88197
0.11302
0.52259
0.44094
0.28691
0.60696
0.46711
0.22057
0.61084
0.58917
0.97213
0.86142
0.96661
0.85708
0.38905
0.99477
0.96570
0.11259
0.91287
0.74613
0.65568
0.96459
0.40623
0.62463
0.99538
0.17512
1.01098
0.64930
0.78298
0.83936
0.94243
0.29552
0.43672
0.57802
0.71502
0.10688
1.00094
0.41177
0.63556
0.60741
0.60428
0.46295
0.13097
0.39238
0.84021
0.13105
0.71064
0.23743
0.89764
0.63435
0.99496
0.87667
0.10593
0.74564
0.43717
0.63293
0.64178
0.73268
0.85120
0.77001
1.00335
0.27255
0.60894
0.84590
0.73632
0.10269
0.32620
0.15295
0.66503
0.60796
0.69152
0.97263
0.46261
0.11607
0.17955
0.33779
0.32085
0.94897
0.84528
0.75522
1.02246
0.46839
0.81149
0.64800
0.18064
0.73040
0.95905
0.44120
0.25008
0.34182
0.17634
0.71107
0.75673
0.43227
0.08679
0.16836
0.99781
0.28153
0.08322
0.48946
0.17793
0.45523
0.68391
0.68503
0.97637
0.36966
0.29408
0.31353
1.02525
0.10636
0.15426
0.15474
0.64510
0.41534
0.30656
0.78077
0.27326
0.11114
0.13690
0.03214
0.35667
0.69877
0.30290
0.52994
0.28502
0.96699
0.54054
1.00888
0.45586
0.46712
0.09444
0.20186
0.43662
0.85703
0.03889
0.87765
0.58169
0.84012
0.13650
0.10033
0.49758
0.58695
0.09173
0.74784
0.62154
0.09725
0.10609
0.63688
0.12441
0.76621
0.77027
0.59464
0.55946
0.17211
0.37047
0.62362
0.53119
0.10252
0.60332
0.88963
0.78318
0.38213
0.30813
0.14153
0.09047
0.56381
0.77342
0.41882
0.30114
0.42580
0.45200
0.43013
0.56518
0.44703
0.94745
0.98918
0.32048
0.72197
0.48797
0.65928
0.36473
1.00377
0.86755
0.43330
0.16271
0.49690
0.48012
0.42413
0.39250
0.56252
0.20867
0.33149
0.76638
0.96750
0.81190
0.51754
0.78672
0.97899
0.37953
0.58821
0.76134
0.50032
0.30747
0.70098
0.88093
0.62838
0.85455
0.50819
0.10006
0.84348
0.97392
0.31779
1.02255
0.61939
0.80698
0.41637
0.37336
0.97501
0.11679
0.72788
0.41793
0.95636
0.44942
0.70822
0.39074
0.49077
0.32358
0.61122
0.36900
0.97525
0.21688
0.74903
0.17981
0.94491
1.02407
0.56630
0.14038
0.86652
0.61834
0.99312
0.99773
0.89937
0.51716
0.34934
0.97712
0.56433
0.84536
0.05365
0.72636
0.67095
0.73385
0.33408
0.78932
0.12457
0.17915
0.32066
0.87759
0.92955
0.64177
0.06519
0.06853
0.08398
0.97757
0.60508
0.63078
0.60422
0.13758
0.36726
0.92765
0.96244
0.62055
0.45208
0.99578
0.72607
1.02623
0.48834
0.83287
0.95463
0.18137
0.73502
0.87609
0.14978
0.92705
0.88890
0.60952
0.40008
1.00257
0.27626
0.64600
0.53785
0.43958
1.00306
0.88291
0.79309
0.20010
0.12971
0.73105
0.41497
0.75651
0.06724
0.64622
0.13766
1.01334
0.25574
0.74341
0.40904
0.15564
0.97100
0.50088
0.75085
0.49378
0.99935
0.94986
0.89171
0.72415
0.13370
0.72524
0.46885
0.08225
0.17709
0.96601
0.78241
0.85775
0.91002
0.04944
0.74706
0.73292
0.58895
0.39869
0.92835
0.86132
0.74479
0.73680
0.73713
0.95965
0.30395
0.86439
0.62696
0.91933
0.33022
0.75985
0.17186
0.18729
0.54154
0.28883
0.48540
0.54630
0.39182
0.72143
0.65392
0.28085
0.31086
0.98308
0.63246
0.60749
0.12356
0.15157
0.93105
0.42104
0.97617
0.68045
0.76927
0.99519
0.97910
0.61010
0.50616
0.83694
0.28345
0.83897
0.63527
0.63752
0.34781
0.08276
0.71935
1.01352
0.92124
0.73106
0.82334
0.85625
0.21141
0.91477
0.96355
0.43296
0.85134
0.30810
0.62000
0.52215
0.96540
0.25230
0.63598
0.16951
0.88700
0.26496
0.46344
0.60612
0.99292
0.57436
0.63659
0.97880
0.25198
0.80328
0.71705
0.66292
0.78587
0.59904
0.51146
0.27942
0.12816
0.45353
0.60081
0.50719
0.12362
0.35576
0.52260
0.96862
0.18657
0.99882
0.18527
0.95737
0.74541
0.35249
0.63769
0.61353
0.08468
0.48806
0.52772
0.17093
0.63764
0.97531
0.51804
0.86490
0.56160
0.15607
0.13931
0.63827
0.36171
0.54212
0.41319
0.47145
0.29087
0.82421
0.32536
0.78531
0.06368
0.99955
0.15368
0.41748
0.38843
0.98400
0.75839
0.11466
0.97356
0.71564
0.81169
0.25883
0.63574
1.00180
0.73056
0.84212
0.27621
0.44171
0.45698
0.16149
0.46248
0.88640
0.72382
0.96123
0.99359
0.52029
0.98047
0.96303
0.97187
0.64558
0.59002
0.63035
0.82690
0.98658
0.27920
1.00738
0.88408
0.19679
0.84624
0.10975
0.99597
0.60687
0.27613
0.71084
0.71236
0.24151
0.86365
0.97118
0.33008
0.90238
0.69682
0.59185
0.94518
0.59128
1.00637
0.17038
0.47123
0.51738
0.66125
0.41851
0.43576
0.87294
0.98566
0.34487
0.42079
0.07287
0.16776
0.31424
0.12278
0.73763
0.98754
0.09561
0.82256
0.89319
0.60677
0.46613
0.71640
0.87295
0.84966
0.13503
0.43762
0.38597
1.00332
0.60457
0.73901
0.84957
0.74325
0.99533
0.28748
0.73937
1.00678
0.29808
0.88412
0.62753
0.60831
0.62328
0.11485
0.66700
0.90366
1.01192
0.62081
0.42937
0.73360
0.98730
0.42752
0.31568
0.73862
0.91734
0.28630
0.27103
0.59187
0.96203
0.56005
1.00151
0.47649
0.34587
0.81221
0.99881
0.64657
0.50223
0.27674
0.69671
0.07390
0.60747
0.52936
1.01795
0.98836
0.12764
0.38519
0.37368
0.65865
0.97114
0.87359
0.31669
0.85238
0.76219
0.99509
0.47375
0.88048
0.42565
0.65228
0.61795
0.13890
0.29996
0.11089
0.61818
0.64628
0.04246
0.46418
0.49603
0.60861
0.20283
0.76334
0.75899
0.81399
1.00082
0.49817
0.35814
0.11078
0.73216
0.70801
0.08790
0.32232
0.17820
1.01324
0.67285
0.76705
0.79801
0.85764
0.09667
1.01238
0.09456
0.77523
0.36022
0.75971
0.46967
0.94758
1.00737
0.61296
0.08438
0.85956
0.87629
0.33624
0.92130
0.97467
0.65750
0.44120
1.01432
0.18625
0.98641
0.98042
0.26869
0.69925
0.15601
0.95114
0.49138
0.60766
0.51583
0.54391
0.70701
0.65439
0.84708
0.69723
0.32236
0.72177
0.15562
0.54342
0.30384
0.81403
0.83408
0.73522
0.18707
0.33638
0.31931
0.18360
0.89766
0.72928
0.89074
0.48614
0.59766
0.09818
1.00355
1.01258
0.42688
0.84834
0.98406
0.58146
0.86124
0.11799
0.96921
0.28967
0.95011
0.87033
0.95377
0.76932
0.11599
0.24579
0.16790
1.01333
0.65958
0.99072
0.94288
0.63028
0.76321
0.78036
0.84524
0.30743
0.74392
0.73555
0.65621
0.11797
0.98811
0.60100
0.60262
0.62340
0.98567
0.37474
0.24391
0.09355
0.51103
0.88828
0.99356
0.19970
0.45305
0.64792
0.98126
0.63671
0.27940
0.85650
0.07120
0.81138
0.70497
0.75658
0.31692
0.62981
0.75584
0.61250
0.37908
0.64229
0.29989
0.15932
0.08942
0.39765
0.16543
0.16316
0.47202
0.12320
0.59075
0.99900
0.98741
1.01854
0.92345
0.33864
0.15450
0.07535
0.96229
0.95988
0.88795
0.89857
0.59236
1.02428
0.78160
0.97149
0.53232
0.90438
0.66865
0.13801
0.70156
0.62953
0.12107
0.17438
0.93648
0.21926
0.65033
0.75445
0.89686
0.50350
0.10893
0.17070
0.98377
0.76730
0.11594
0.99716
0.57994
0.62406
0.97296
0.83570
0.98460
0.11851
0.76505
0.16307
0.17127
0.65957
0.80567
0.16920
0.79250
0.73772
0.15817
0.86846
0.99528
0.10984
0.85328
0.75599
0.33891
0.51795
0.57292
0.62335
0.77003
0.70460
0.11807
0.97808
0.42307
0.71688
0.13087
0.26962
0.99109
0.74658
0.47372
0.34256
0.44034
0.85378
0.48663
0.13935
0.75823
0.86381
0.29079
0.76119
0.45437
0.78875
0.97079
0.69731
0.34444
1.00964
0.59639
0.74691
0.62262
1.02466
0.44374
0.84901
0.50735
0.81188
0.09153
0.98493
0.99164
0.84265
0.48172
0.62961
0.53688
0.62614
0.78896
0.83047
0.99762
0.43774
0.99209
0.30598
0.27959
0.63729
0.97645
0.87450
0.13211
0.10189
1.00737
0.88799
0.91025
0.11173
0.74001
1.00600
0.82714
0.40772
0.71269
0.27350
0.06824
0.32009
0.56282
0.46321
0.24395
0.74772
0.81083
0.91730
0.16982
0.05053
0.12476
1.00008
0.75373
0.60228
0.47018
0.74685
0.92384
0.09433
0.44318
1.00190
0.81905
0.25867
0.41890
0.67501
0.39476
0.83645
0.45914
0.98053
0.91785
0.09249
0.85261
0.71197
0.22954
0.74145
0.12365
0.47122
0.52139
0.59405
0.75354
0.47662
0.45741
0.63673
0.34535
0.19166
0.94500
0.99116
0.81666
0.22877
0.58720
0.75326
0.98512
0.24817
0.34154
0.72905
0.97769
0.36896
0.35106
0.37137
0.82039
0.10392
0.80393
0.53218
0.35440
0.99057
0.09726
0.70894
0.28275
0.60312
0.27680
0.72893
0.50062
0.50170
0.23580
0.08090
0.31851
0.52342
0.44854
0.51811
0.26515
0.45946
0.63860
0.77313
0.51985
0.07491
0.67353
0.97948
0.87338
0.62984
0.98253
0.79020
0.28104
1.00815
0.11159
0.06978
0.22383
0.34567
0.57632
0.73451
0.89117
0.08021
0.86274
0.12980
0.90529
0.62862
0.89861
0.11082
0.48374
0.44429
0.11431
0.94097
0.30682
0.98268
0.35563
0.84961
0.97671
0.48893
0.08903
0.56475
0.97475
0.08333
0.18733
0.10892
0.74200
0.53660
0.99647
0.98381
0.12707
0.47885
0.24631
0.86950
0.03852
0.22869
0.41304
1.02966
0.64178
0.65201
0.05951
0.06012
0.32179
0.84232
0.71524
0.64830
0.11467
0.34489
0.69250
0.89912
0.79058
0.49015
0.97446
0.80341
0.06633
0.97659
0.41997
0.72260
0.13217
0.08256
0.84333
0.12963
0.88355
0.68537
0.09710
0.50952
0.65151
1.00312
0.69979
0.75368
0.74060
0.24401
1.01228
0.81732
0.29918
0.31470
0.62685
0.77731
0.23124
0.99984
0.34625
0.98816
0.40023
0.08464
0.98531
0.62769
0.95868
0.48585
0.12308
0.74092
0.69678
0.06289
0.96725
0.61860
0.36224
0.90957
0.10555
0.72528
0.84697
0.64342
0.90307
0.96324
0.44995
0.82571
0.91301
0.34059
0.09220
0.74347
0.33472
0.19809
0.84223
0.12781
0.40188
0.64381
0.92130
0.36234
0.50620
0.15567
0.64176
0.62906
0.33464
0.49916
0.88907
0.68833
0.53981
0.87227
0.47945
0.81377
0.41876
0.90574
0.82531
0.17081
0.17545
0.49242
0.31963
0.64260
0.64877
0.63922
0.83821
0.69967
0.34420
0.09767
0.17111
0.98443
0.62962
0.77919
0.52985
0.83580
0.60416
0.86297
0.95244
0.58216
0.99380
0.72744
0.82424
0.87079
0.78404
1.01928
0.96351
0.92044
0.76012
0.81951
0.71437
0.66962
0.97868
0.26831
0.97399
0.73576
0.12351
0.67867
0.09289
0.74673
0.71333
1.03892
0.93186
0.90380
0.98607
0.25272
0.72126
0.31810
0.94992
1.00206
0.75112
0.64335
1.02272
0.59344
0.65259
0.96843
0.14994
0.96255
0.77639
0.36606
0.63228
0.85159
0.52590
1.01367
1.00436
0.87496
0.13462
0.48696
0.42733
0.74844
0.64086
0.15724
0.87582
1.03879
0.87765
0.49904
0.63748
0.73477
0.46462
0.58216
0.77770
0.63324
0.60675
0.19096
0.13393
0.95900
0.51183
0.34514
0.98490
0.18584
0.48109
0.90190
0.14662
0.71691
0.61511
0.37800
0.43568
0.82926
0.91259
0.99003
0.49028
0.62061
0.97529
0.54508
0.09401
0.39731
0.29725
0.09966
0.98139
0.65214
0.10865
1.01051
0.70978
0.13263
1.00817
0.47110
0.72027
0.73919
0.90907
0.66680
0.54934
0.29133
0.90031
0.65074
0.28513
0.73104
0.45722
0.59713
0.78542
0.38118
0.66377
0.96815
0.38587
0.43688
0.05712
0.66447
0.95921
0.28044
0.48891
0.35205
0.96338
1.02162
0.88547
0.16295
0.55004
0.72842
0.58544
0.94678
0.10191
0.87603
0.33072
0.98423
0.81583
0.58802
0.97755
0.13247
0.57291
0.89138
0.69901
0.09080
0.16566
0.64727
0.71619
0.95374
0.37573
0.67932
0.41290
0.53433
0.48778
0.75748
0.29601
0.34309
0.20896
0.61408
0.65631
0.60635
0.60808
0.17616
0.17513
0.25045
0.06885
0.58657
0.22922
0.79591
0.98396
0.97037
1.00446
0.30493
0.98893
0.14216
0.78905
0.50774
0.42025
0.61841
0.77302
0.09955
0.61804
0.76892
0.83825
0.95852
0.62363
0.73663
0.05720
0.11079
0.17815
0.57278
0.96663
0.78482
0.73039
0.83227
0.44388
0.64717
0.55546
0.77267
0.52451
0.32574
0.30383
0.08854
0.97613
0.99648
0.84399
0.35601
0.97359
0.11919
0.47228
0.08705
0.90580
0.45958
0.97735
0.96753
0.79461
0.89764
0.99676
0.15860
0.30135
0.51069
0.48534
0.12247
0.61399
0.09711
0.13006
0.95537
0.27350
1.00420
0.60848
0.04857
0.99113
0.61757
0.74830
1.03087
0.61484
0.31596
0.33545
0.45562
0.70234
0.83313
1.00337
0.22546
0.86801
0.91532
0.38567
0.13949
0.76817
0.88082
0.83085
0.80232
0.44178
0.16267
0.25447
0.62464
0.26915
0.16279
0.85954
0.06322
0.47588
0.82041
0.63625
0.89244
0.31754
0.72877
0.86152
0.63386
0.08412
0.99625
0.97349
0.38634
0.14295
0.70244
0.73114
0.16396
0.79081
0.58063
0.95942
0.93444
0.73760
0.76643
0.98918
0.43569
0.14322
0.22289
0.53863
0.69930
0.57875
0.96843
0.75623
0.97754
0.50035
0.64763
0.18006
0.73260
1.01040
0.73840
0.54605
0.98548
0.68383
0.43104
0.85497
0.61523
0.40439
0.63357
0.28954
0.96851
0.73858
0.89708
0.48598
0.89046
0.97360
0.90128
0.44710
1.00470
0.40442
0.72264
1.00547
0.66305
1.02354
0.74121
0.35123
0.72623
0.74213
0.54446
0.46343
0.96477
0.05224
0.76449
0.43929
0.50769
0.39681
0.18365
0.81265
0.87165
0.77770
0.52679
0.92125
0.31450
0.18048
0.63435
0.79774
0.11128
0.19652
0.65370
0.12564
0.78034
0.77106
0.63919
0.40121
0.12496
0.13054
0.41555
0.71680
0.10346
0.96719
0.63416
1.00062
0.98774
0.48272
0.48518
0.99147
0.63785
0.12730
0.18709
0.53488
0.73994
0.28696
0.96099
0.31489
0.91082
0.10004
0.75711
0.95089
0.28880
0.74905
0.84044
0.12641
0.99646
0.77936
0.30728
0.92437
0.34073
0.53093
0.13505
0.57926
0.10754
0.79796
0.65239
0.78903
0.83633
0.42367
0.64145
0.14024
0.96956
0.12155
0.36489
0.02440
0.86698
0.58080
0.87525
0.90673
0.57021
0.88662
0.73177
0.87921
0.67540
0.73891
0.06482
0.73607
0.18014
0.96630
0.78599
0.97290
0.39246
0.94379
0.75096
0.43926
0.62537
0.37162
0.62483
0.98758
0.37748
0.50693
0.58416
0.34963
0.13975
0.32303
1.00649
1.01934
0.64812
0.20005
0.34364
0.87405
0.77053
0.43500
0.35965
0.08263
0.75645
0.10395
0.74535
0.63192
0.74608
0.61163
0.42775
0.49145
0.63750
0.30345
0.22838
1.00403
0.85799
0.75715
0.28604
0.84743
0.32543
0.57036
0.61864
0.57841
0.72422
0.38144
0.55637
0.14731
0.89236
0.97870
0.89252
0.90235
1.00519
0.83594
0.35869
0.98669
0.26551
0.12862
0.53958
0.36241
0.52456
0.47361
0.99097
0.11332
0.27308
0.62676
0.97123
0.75528
0.72888
0.93420
0.36410
1.00380
0.10914
0.50366
0.65163
0.97952
0.36255
0.36153
0.71759
0.35896
0.39600
0.64133
0.86973
0.26619
0.11514
1.01480
0.99951
0.23627
0.28153
0.47059
0.42774
0.60526
0.84643
0.98667
0.49975
0.83810
0.43026
0.42036
0.79097
0.71502
0.33698
0.98028
0.74571
0.61647
0.38185
0.61118
0.25716
0.22131
0.60257
0.92747
0.88292
0.84234
0.99114
0.30868
0.49715
0.83004
0.88999
0.13384
0.52063
0.16340
0.73718
0.57737
0.69792
0.76865
0.74421
0.56254
0.72529
0.35215
0.97257
0.75300
0.12218
0.05551
0.10671
0.86139
0.35442
0.25261
0.73697
0.74267
0.19951
0.58775
0.71275
0.27291
0.12988
0.64316
0.98031
1.01407
0.61155
0.50455
0.97890
0.66592
0.35797
0.74759
0.09158
0.50446
0.83790
0.14876
0.17171
0.44881
0.12239
0.92092
0.74085
0.15099
0.80531
0.96928
0.34383
0.70390
0.98281
0.89691
0.47026
0.73534
0.33444
0.62726
0.98644
0.60647
0.05185
0.79821
0.60792
0.68884
0.07015
0.12657
0.33966
0.51314
0.46786
0.62388
0.70211
0.21778
0.12784
0.35820
0.83665
0.58111
0.71338
0.34408
0.60084
0.36830
0.73866
0.63952
0.33262
0.68220
0.58378
0.98949
0.98990
0.26984
0.28678
0.38803
0.34440
0.12784
0.07935
0.84217
0.21180
0.28876
0.20820
0.39594
0.27639
0.33778
0.26527
0.85401
0.74497
0.11933
0.65543
0.85251
0.61811
0.87391
0.37146
0.83728
0.74986
0.21937
0.86592
0.09428
0.09915
0.09540
0.63701
0.91897
0.69402
0.27728
0.73108
0.65584
0.75539
0.77374
0.89577
0.48346
0.47693
0.88136
0.67787
0.63527
0.47957
0.65483
0.98076
0.73990
0.41447
0.81150
1.00054
1.01195
0.61303
0.89710
0.50291
0.64165
0.74526
0.77097
0.63707
0.40857
0.95703
0.60820
0.49947
0.45724
0.86986
0.71994
0.59839
0.17380
0.83679
0.11160
0.42282
0.64034
0.54194
0.15652
0.88550
0.78450
0.76756
0.60199
0.47598
0.71153
0.75135
0.57210
0.98383
0.30022
0.99762
0.54190
0.62540
0.30657
0.74838
0.97999
0.71070
0.70793
0.08952
0.72084
0.50637
0.13680
0.96902
0.25685
0.09020
0.73000
0.09663
0.46881
0.48530
0.73335
0.18916
0.95566
0.73689
0.27291
0.78955
0.36414
0.61062
0.50506
0.99258
0.91705
0.80678
0.70828
0.39854
0.34386
0.82839
0.81638
0.83577
0.12060
0.66314
0.95642
0.60643
0.45379
0.98211
0.59056
0.44710
0.23484
0.36976
0.11249
0.08786
0.59606
0.18685
0.34236
0.76343
0.78017
0.34206
0.85133
0.18211
0.61359
0.62040
0.41663
0.41966
1.01206
0.97324
0.10780
0.14930
0.56088
0.83035
0.86758
0.82513
0.04850
0.03295
0.72041
0.76197
0.43522
0.34616
0.63844
0.97164
0.19174
0.29082
0.74693
0.33098
0.70757
0.47038
0.11737
0.42965
0.17875
0.44798
0.61196
0.72180
0.49512
0.74872
0.63626
0.29422
0.65011
0.48727
0.21982
0.15662
0.43473
0.62036
0.38640
0.98512
0.40278
0.36933
0.61697
0.84813
0.60147
0.18214
0.28252
0.97387
0.80507
0.65036
0.30029
0.88124
0.75389
1.00444
0.95443
0.85841
0.32660
0.87142
0.60573
0.89949
0.97841
0.57072
0.37184
0.47825
0.73911
0.98860
1.01184
0.48334
0.77636
0.46066
0.16704
0.73943
0.60707
0.45015
0.98984
0.28114
0.98140
0.88521
0.04382
0.98133
0.16309
0.72627
0.85184
0.58773
0.97876
0.79136
0.99611
0.45468
0.97305
0.99965
0.73780
0.56119
0.63398
0.73013
0.94267
0.81751
0.64152
0.38900
0.89644
0.34410
0.98939
0.50562
0.43574
0.14704
0.29358
0.28520
0.36284
0.33836
0.19849
0.65059
0.52917
0.85152
0.30798
0.69776
0.51977
0.10631
0.28691
0.08881
0.32342
0.52835
1.01247
0.43326
0.30703
0.13770
0.63295
0.64434
0.44015
0.84032
0.99252
0.91231
0.40755
0.58271
0.60867
0.62140
1.01365
0.08011
0.72157
0.09345
0.73028
0.54494
0.49862
0.41001
0.09051
0.57431
0.09388
0.30569
0.26322
0.30514
0.08183
0.40594
0.38445
0.89073
0.51673
0.35154
1.02501
0.10126
0.32958
0.98553
0.75217
0.98159
0.36147
0.18497
0.98678
0.85988
0.99180
1.00774
0.64593
0.48128
0.53691
0.32127
0.73563
0.82186
0.45683
0.95976
0.96418
0.50912
0.13598
0.60195
0.75285
0.29538
0.18579
0.27685
0.73055
0.62657
0.35062
0.13776
0.23867
0.35871
0.16038
0.56326
0.10139
0.60845
0.06490
0.54507
1.01516
0.12112
0.99971
0.47724
0.11300
0.84135
0.95986
0.75753
0.98343
0.98220
0.45479
0.47550
0.18702
0.60071
0.46752
0.40431
0.75281
0.13394
0.06268
0.62768
0.80920
0.67344
1.00161
0.34777
0.63145
0.93085
0.47429
0.57558
0.83052
0.54663
0.74277
0.94955
0.98717
0.13661
0.45525
0.41262
0.64188
0.77942
0.11908
0.75642
0.87231
1.00285
0.74395
0.87345
0.71432
0.46823
0.27655
0.16621
0.66412
1.02389
0.75394
0.71634
0.76296
0.34738
0.41029
0.23885
0.31276
0.53315
0.99012
0.95385
0.65380
0.65324
1.01532
0.29382
0.28649
0.98566
0.61530
0.74155
0.81764
0.77874
0.77365
0.22413
0.10970
0.11871
0.11255
0.60978
0.64438
0.78437
1.00512
0.64965
0.60732
0.34891
0.25283
0.26914
0.89146
0.34013
0.59809
0.10297
0.56585
0.26903
0.74234
0.95033
0.90374
0.74911
0.14533
0.12410
0.61878
0.97095
0.78244
0.51107
0.24900
0.74149
1.02540
0.66698
0.48909
0.82813
0.04935
0.78399
0.71136
0.31714
0.26987
0.87346
1.01601
0.35078
0.08435
0.70149
0.22942
0.85199
0.25551
0.16841
0.95028
0.60579
0.52432
0.67465
1.00187
0.38585
0.36134
0.08535
0.72496
0.61255
0.93443
0.41981
0.97729
0.15998
0.62273
0.12891
0.71329
0.59666
0.92531
0.82682
0.60033
0.94863
0.73818
0.33246
0.23913
0.07286
0.71621
0.18427
0.48315
1.00298
0.44118
0.74011
0.72497
0.76899
0.59884
0.22656
0.99088
0.63727
0.60777
0.57741
0.78936
0.58782
0.83320
0.45744
0.72050
0.87385
0.91256
0.74128
0.99167
1.01437
0.47886
0.33894
0.86411
0.88902
0.05769
0.75120
0.38857
0.73546
0.33354
0.40162
0.59023
0.59412
0.90381
0.77270
0.77429
0.09845
0.13721
0.98232
0.72814
0.74629
0.36143
0.29177
0.64394
0.66113
0.08540
0.63104
0.33434
0.45264
0.92399
0.22698
0.82805
0.83566
0.25570
0.89573
0.98028
0.78337
0.99565
0.58756
0.35818
0.52628
0.73534
0.76576
0.30537
0.90342
0.26932
0.99106
0.86462
0.86739
0.32414
0.87959
0.16106
0.62382
0.34738
0.73806
0.83985
0.84114
0.99748
0.35826
0.60601
1.00800
0.73362
0.73131
1.01521
0.10225
0.96107
0.83715
0.94994
0.50559
0.99997
0.86093
0.40766
0.51603
0.62798
0.90832
0.98452
1.00206
0.57447
1.00978
0.31905
0.84984
0.12959
0.11786
0.82834
0.99786
0.73422
0.62419
0.39833
0.34066
0.38936
0.89852
0.83185
0.39588
0.97483
0.28244
0.64047
0.13581
0.09310
0.37424
0.63871
0.12809
0.70665
0.30692
0.44949
0.12338
0.82668
0.08677
0.10956
0.76053
0.49525
1.03428
0.26151
0.24013
0.08469
0.81651
1.00938
0.73483
0.73595
0.59116
0.29241
0.99023
0.44142
0.38460
0.62762
0.82654
0.64747
0.42000
0.58795
1.01020
0.09811
0.84478
0.98025
1.00258
0.72169
0.99827
0.62638
0.43958
0.84458
0.87528
0.31824
0.96615
0.75781
0.45734
0.77269
0.11400
0.89401
0.63820
1.01013
0.82362
0.17341
0.83927
0.75005
0.89239
0.49372
1.00274
0.27506
0.11005
0.26261
0.09719
0.84453
0.83867
0.70627
0.99325
0.41216
0.82323
0.73808
0.35411
0.29879
0.51009
0.41037
0.77818
0.65996
1.01961
0.64491
0.76697
0.08074
0.07860
0.06659
0.63071
0.78689
0.12590
0.06817
0.46490
0.96606
0.63723
0.50442
0.09891
0.09615
0.16581
0.34598
0.73627
0.07139
0.89665
0.91309
0.92395
0.56183
0.87428
0.88768
0.33711
0.09689
0.54732
0.55826
0.98271
0.14843
0.96565
0.32025
0.10142
0.99137
0.10896
0.31699
0.62611
0.11709
0.41757
0.96644
0.98995
0.41573
0.34549
0.72207
0.83789
0.84105
0.64716
0.61104
0.58068
0.48631
0.61503
0.64459
0.05332
0.15329
0.15976
0.33608
0.82524
0.34892
0.08133
0.49634
0.99367
0.82180
0.77587
0.85507
0.28861
0.89071
0.48289
0.99769
0.47628
0.76320
1.01279
0.98481
0.31568
0.84163
0.15002
0.59300
0.45332
0.13354
0.90710
0.35317
0.16223
0.67126
0.18974
0.16075
0.73354
0.75968
0.80009
0.62658
0.89976
0.84445
0.09625
0.72628
1.00007
0.39825
0.42300
0.10521
0.99013
0.35900
0.09320
0.36773
0.98824
0.97691
0.42142
0.85563
0.97746
0.84814
0.07047
0.55147
1.00079
0.69286
0.88730
0.32672
0.11120
0.39495
0.14332
0.09354
0.64417
0.64459
0.52903
0.25334
0.36649
0.09259
0.12040
1.00957
1.00168
1.00571
1.00341
0.42822
0.31728
0.28924
0.60705
0.97769
1.00076
0.22713
0.45295
0.29102
0.60028
0.15952
0.31488
0.84447
0.90989
0.60483
0.90944
0.47256
0.57107
0.41748
0.84940
0.13101
0.28806
0.49575
0.90636
0.38834
0.11192
0.93147
0.86608
0.96395
0.62441
1.00066
0.66132
0.98276
0.49751
0.46457
0.13645
0.77755
0.52730
0.19884
1.02244
0.88974
0.41304
0.96032
0.09869
0.48385
0.95078
0.61712
0.80454
0.70933
0.97283
0.96987
0.89659
0.25107
0.29919
0.53142
0.99782
0.36226
0.64835
0.59282
0.40455
0.35746
0.94479
0.74735
0.16938
0.40243
0.52930
0.33381
0.90572
0.76714
0.32139
0.71255
0.87198
0.61488
0.75795
0.35583
0.14918
0.53798
0.18270
0.13571
0.72277
0.62940
0.84203
0.25116
0.10111
0.98445
0.63045
0.78626
0.96543
0.35712
0.36337
0.22149
0.12735
0.53832
0.14626
0.34945
0.61175
0.90367
0.60597
0.75851
0.74949
0.41409
1.00316
0.77134
0.14130
0.30395
0.74266
0.95434
0.34094
0.75158
0.33777
0.30474
0.28627
0.30141
0.12737
0.34672
0.61648
0.71619
0.40502
0.09571
0.46166
0.17791
0.85811
0.42963
0.12854
0.57660
0.97575
0.97103
0.19516
1.04003
0.69054
0.76254
0.25124
0.27676
0.55369
0.96069
0.88779
0.64062
1.00137
0.71545
0.99143
0.39340
0.15510
0.12109
0.37793
1.01819
0.98656
0.03982
0.74758
0.29813
0.53483
0.79505
0.67999
0.26059
0.64455
0.87002
0.33327
0.02801
0.62025
0.15243
0.63230
0.34385
0.78932
0.66179
0.12786
0.34190
0.48985
0.06211
0.47157
0.99071
1.00267
0.72762
0.96309
0.99782
0.77662
0.21565
0.32950
0.80076
0.16516
0.83390
0.71800
0.48324
1.00407
0.96241
0.87241
0.49066
0.38335
0.61683
0.30929
0.74649
0.13759
0.74094
0.12794
0.20473
0.64479
0.71483
0.37221
0.74042
0.23175
0.15333
0.98593
0.19232
0.61547
0.12265
0.48291
0.97438
0.78913
0.28088
0.85559
1.02036
0.17537
0.77797
0.22317
0.07426
0.62036
0.63206
0.33348
0.16722
0.55815
0.97171
0.99402
0.41461
0.09952
0.99584
0.86045
0.61998
0.05029
0.97755
0.74339
0.60794
0.73995
0.30936
0.09139
0.32004
0.07721
0.09621
0.68779
0.61734
0.92279
0.99549
0.64378
0.88299
1.00535
0.32116
1.00128
0.11086
0.06519
0.32580
0.50242
0.12671
0.39181
1.01551
1.00402
0.79892
0.30120
0.61406
0.10789
0.32826
0.83224
0.97367
0.13518
0.73093
0.87908
0.70240
0.29221
0.27328
0.28679
0.73129
0.40556
0.60064
0.59320
0.39270
0.33395
0.35974
0.73157
0.73864
0.72091
0.69469
0.96543
0.59433
0.16948
0.88473
0.55830
0.20709
0.45563
0.61190
0.73029
0.99294
0.60485
0.29670
0.14100
0.55851
0.10255
0.88660
0.55418
0.10243
0.91102
0.66214
0.10663
0.52323
0.26407
0.72363
0.07059
0.44565
0.41297
0.99432
0.85340
1.00311
0.56338
0.43060
0.34583
0.60325
0.57431
0.63268
0.65970
0.07294
0.92591
0.12399
0.06956
0.09290
0.32364
0.63272
0.58642
0.99612
0.27315
0.65014
0.37772
0.58503
0.35591
0.45980
0.97931
0.93650
0.64531
0.09305
0.28383
0.36448
0.60033
0.89789
0.62313
0.58849
0.80837
0.33143
0.59945
0.69050
0.06229
0.73440
0.63286
0.11654
0.83491
0.74868
0.15806
0.98019
0.13467
0.50074
0.80992
0.72968
0.71554
0.88060
0.98038
0.30665
0.60496
0.04749
0.23232
0.76981
0.97407
0.81511
0.35871
0.42971
0.11421
0.09085
0.31451
0.41700
0.98987
0.73835
0.31717
1.02004
0.44561
0.21108
0.39689
0.55065
0.77433
0.89156
0.63054
0.86116
0.25564
0.58482
0.62915
0.19206
0.54497
0.06339
0.17630
0.67170
0.86566
0.77777
0.43536
0.50575
0.68971
0.35941
1.00608
0.89087
0.14210
0.51420
0.41881
0.14004
0.06920
0.71419
0.87460
0.09829
0.86928
0.63743
0.96038
0.28359
0.63699
0.11544
0.11071
0.97019
0.45899
0.55485
0.59960
0.09642
0.72627
0.32045
0.26722
0.76095
0.42197
0.74613
1.00466
0.77045
0.10469
0.12360
0.73626
0.96632
0.73187
0.49460
0.30220
0.76599
0.41738
0.11676
0.36895
0.36751
0.96911
0.56195
0.97853
0.26516
1.03201
0.56044
0.33113
0.39577
0.12035
0.87318
0.26619
0.62425
0.40360
0.86375
0.99946
0.82148
0.77000
0.47782
0.55409
0.27078
0.98580
0.82699
0.64194
0.49217
0.73581
0.50447
0.46203
0.97675
0.97691
1.02185
0.41675
0.50376
0.37404
0.84812
0.93673
0.30969
0.36403
0.87350
0.15757
0.62792
0.62989
0.16328
0.05906
0.78484
0.77643
0.35231
0.87835
0.89742
0.31724
0.13779
0.26584
0.10516
0.51078
0.71754
0.71224
0.63861
0.15438
0.90529
0.98344
0.63645
0.91998
0.60537
0.55685
0.71068
0.99502
0.98859
0.58601
0.59164
0.15600
0.70963
0.99235
0.64302
0.87194
0.16605
0.73993
0.57415
0.49920
0.62676
0.50422
0.98065
0.85469
0.72544
0.75819
0.75287
0.85586
0.84721
0.17319
0.11348
0.14189
0.64840
0.14673
0.72612
0.96184
0.88575
0.74190
0.62925
0.96307
0.32996
0.88658
0.76694
0.77004
0.74223
0.73394
0.98772
0.96550
0.35828
0.31360
0.78516
0.72930
0.90390
0.40760
0.94608
0.73135
0.39874
0.45779
0.40690
0.63099
0.59843
0.16772
0.74504
0.98357
0.41482
0.34473
0.71904
0.76450
0.05670
0.75152
0.95985
0.61858
0.41560
0.08383
0.62924
0.97887
0.49054
0.97584
0.33857
0.77667
0.10452
0.31252
0.30265
0.87606
0.71171
0.27194
0.64486
0.67381
0.41552
0.08634
0.84560
0.99668
0.70363
0.75119
0.43499
0.69065
0.80593
0.63388
0.98607
1.00323
0.99967
0.89082
0.10695
0.34456
0.38861
0.76818
0.59969
0.41211
0.75813
0.80642
0.70199
0.76158
0.65270
0.60083
0.97915
1.02558
0.20025
0.76897
0.98275
0.77597
0.75980
0.90934
0.88922
0.63915
1.00931
0.98314
0.61762
0.33243
0.27223
0.97536
0.28921
0.46757
0.74207
0.72700
0.20471
0.80634
0.45128
0.98873
0.72394
0.72814
0.77200
0.72349
0.76947
0.59765
0.53961
0.63627
0.45406
0.99679
0.28510
0.31715
0.74061
0.11067
0.69334
0.57141
0.39096
0.98375
0.64567
0.73683
0.33804
0.75872
0.15676
0.77696
0.31107
0.81344
0.85533
0.46556
0.18011
0.32333
0.07913
0.52604
0.16349
0.84404
0.70746
0.94079
0.47344
0.36479
1.01532
1.02106
0.12298
0.61600
0.35073
0.36950
0.43951
0.97610
0.97166
0.81615
0.48089
0.76907
0.96848
0.17596
0.84077
0.83691
0.96697
0.82770
0.63793
0.08589
0.13804
0.86963
1.01183
0.74296
0.50867
1.00118
0.62309
0.29294
0.70204
0.12913
0.25285
0.61541
0.70119
0.98254
0.36009
1.01286
0.49650
0.98739
0.24683
0.87149
0.75121
0.21934
0.63900
0.73277
0.52998
0.51693
0.81002
0.99405
0.61504
0.71968
0.32921
0.11570
0.40332
0.61289
0.88900
0.14393
0.33947
0.51554
0.17492
0.30100
0.64429
0.16465
0.77242
0.60172
0.42443
0.18034
0.82997
0.82022
0.98238
0.36096
0.73857
0.73318
0.05651
0.43834
0.47400
0.96312
0.81801
0.64068
0.18273
0.14900
0.91876
1.01692
0.29984
0.81199
0.61645
0.72099
0.12924
0.62413
0.64613
0.14650
0.76159
0.96311
0.10604
0.11089
0.19587
0.13826
0.63900
0.78357
0.40815
0.08437
0.89025
0.72114
0.79602
0.74147
0.49838
0.97979
0.42741
0.80677
0.29920
0.25876
0.13650
0.37763
0.76321
0.79557
0.16816
0.33019
0.64933
0.48879
0.91254
0.36902
0.74284
0.34782
0.33709
0.89829
0.90596
0.29675
0.76556
0.13306
0.69361
0.87295
0.63157
0.87698
0.23051
0.33130
0.76918
0.10017
0.29601
0.80140
0.82207
0.62274
0.85434
0.58315
0.63392
0.76391
0.30638
0.99682
0.41771
0.16999
0.71519
0.97712
0.90956
0.47200
0.72077
0.74402
0.10447
0.35373
0.49619
0.18329
0.13914
0.17220
0.67096
0.90752
0.17512
0.46602
0.29694
0.11397
0.51976
0.29279
0.44158
0.15477
0.83490
0.62186
0.90830
0.40498
0.09424
0.88675
0.16611
0.99691
0.75501
0.63565
0.62910
0.69971
0.60020
0.60119
0.93303
0.71673
0.16243
0.95019
0.29372
0.22352
0.98358
0.64961
0.88943
0.76391
0.65977
0.54111
0.36397
0.62736
0.91411
0.28827
0.93390
0.43015
0.54959
0.42298
0.32148
0.62859
0.95268
0.72055
0.99280
0.11619
0.36963
0.65015
0.78449
0.20597
1.02147
0.70516
0.26761
0.13099
0.93558
0.59473
0.23541
0.26661
0.56565
0.51382
0.73461
0.67547
0.26867
0.79464
0.58403
0.07757
0.77488
0.54177
0.12940
0.97767
0.14116
0.79339
0.74640
0.75660
0.91731
0.96139
0.72623
0.89364
0.98055
0.52051
0.68328
0.29911
0.31491
0.04636
0.59514
0.05797
0.97010
0.10506
0.32835
0.62601
0.92012
0.93104
0.97864
0.84954
0.92256
0.32051
0.93453
0.79399
0.60695
0.57012
0.15450
0.61024
0.57918
0.12571
0.13691
0.75861
0.35504
0.10517
0.79281
0.10476
0.98491
0.12212
0.32360
0.12560
0.69010
0.67248
0.73645
0.77400
0.47201
0.42641
0.28598
0.47225
0.48744
0.21649
0.08694
0.60389
0.77882
0.89761
0.49175
0.72021
0.14208
1.03194
0.50871
0.63083
0.12240
0.32009
0.89509
0.99745
0.36058
0.88664
0.80945
0.71031
0.62142
0.34145
0.33532
1.00555
0.15125
0.12219
0.60129
0.33305
0.09951
0.99714
0.35371
0.75358
0.71848
0.45202
0.67968
0.07879
0.76334
0.58430
0.95331
0.62555
0.37620
0.88942
0.75863
1.01221
0.16498
0.98148
0.29818
0.24261
0.43102
0.12048
0.65494
0.76572
0.75148
0.95774
0.41284
0.90920
0.99516
0.76776
0.91320
0.39255
0.06168
0.14843
0.61064
0.37903
0.44617
0.26432
0.15665
0.72577
0.84775
0.78028
0.78406
0.42285
0.71073
0.97239
0.59364
0.35276
0.49373
0.12872
0.95867
0.41176
0.44411
0.75728
0.13635
0.59694
0.28573
0.08009
0.09907
0.43315
0.64464
0.98429
0.60725
0.60928
1.01599
0.87002
0.32404
0.89334
0.89128
0.88897
0.45332
0.28653
0.98260
0.98146
0.91194
0.63431
1.00694
0.56706
0.90303
0.82948
0.79126
0.98764
0.14426
0.51081
0.29566
0.35903
0.89701
0.84755
0.04998
0.61430
0.77121
0.12368
0.68291
0.08081
0.68237
0.13493
0.38741
0.34046
0.63124
0.49862
0.05877
0.13983
0.96832
0.15950
0.91659
0.60921
0.17287
0.17708
1.00359
0.88982
0.72758
0.48511
0.49979
0.45295
0.63177
0.76852
0.47363
0.65541
0.99624
0.75341
0.77841
1.00853
0.32189
0.96632
0.96746
0.31172
0.59584
0.94322
0.29914
0.10729
0.34194
0.76407
0.29539
0.63706
0.83530
0.09347
0.49026
0.98971
0.28062
0.72307
0.62389
0.31269
0.36432
0.16518
0.81256
0.75911
0.47056
0.40258
0.94061
0.99321
0.39695
0.13377
0.90891
0.28168
0.34077
0.98236
0.11098
0.31172
0.10999
0.74813
0.16825
0.64022
0.15933
0.26145
0.29387
0.74005
0.93476
0.45125
0.97326
0.60554
0.46019
0.43359
0.12877
0.99751
0.68722
0.92288
0.19490
0.83506
0.61501
0.28453
0.77163
0.31371
0.92411
1.01248
0.71811
0.06144
0.37754
0.35985
0.37270
0.79093
1.00653
0.51023
0.15840
0.10495
0.63680
0.98106
0.82940
0.99292
0.46899
0.76419
0.23461
0.14911
0.76523
0.36344
0.61968
0.08696
0.32944
1.03445
0.59983
0.61321
0.32914
0.71788
0.17628
0.08021
