0.75626 0.21100 0.61923 0.54053
0.58664 0.13282 0.77090 0.90201
0.47531 0.00724 0.07523 0.23566
0.30005 0.66975 0.21650 0.09311
0.96260 0.57175 0.91423 0.39398
0.54593 0.35746 0.94949 0.75812
0.68444 0.41099 0.94158 0.40487
0.59042 0.47654 0.16664 0.10329
0.96853 0.88985 0.54438 0.06025
0.95023 0.96282 0.12105 0.89447
0.57374 0.94486 0.82663 0.01874
0.12110 0.24358 0.00633 0.12038
0.13161 0.80081 0.91307 0.85697
0.85662 0.66458 0.23131 0.28110
0.69312 0.48201 0.19349 0.41486
0.00096 0.34386 0.35151 0.57004
0.43932 0.95402 0.37329 0.62571
0.24344 0.00735 0.55203 0.94372
0.08459 0.97093 0.27888 0.47916
0.61889 0.80343 0.81542 0.15295
0.19935 0.13732 0.80128 0.98427
0.11427 0.89464 0.60600 0.94954
0.49364 0.14811 0.56956 0.28010
0.45039 0.92941 0.90959 0.80279
0.00338 0.72483 0.55447 0.89816
0.63327 0.22282 0.99791 0.12320
0.60007 0.23385 0.60957 0.53838
0.72686 0.92420 0.94631 0.17090
0.52278 0.21498 0.33380 0.34076
0.85416 0.22584 0.12214 0.76547
0.88080 0.17254 0.96971 0.17637
0.46314 0.01993 0.30596 0.70548
0.99511 0.21600 0.14662 0.08139
0.21226 0.47083 0.19798 0.25549
0.11684 0.78118 0.04599 0.97287
0.89493 0.29169 0.93199 0.79805
0.85713 0.62649 0.98026 0.67921
0.50537 0.33806 0.30195 0.16943
0.14903 0.01767 0.41771 0.29049
0.97791 0.73331 0.02924 0.16963
0.38539 0.55215 0.94800 0.91122
0.54328 0.86385 0.31733 0.76206
0.59931 0.93973 0.96275 0.22967
0.55091 0.50904 0.05156 0.85066
0.09864 0.73613 0.60907 0.39369
0.13129 0.20221 0.50110 0.30427
0.40365 0.02560 0.50795 0.95225
0.72852 0.62307 0.09669 0.62622
0.84163 0.20351 0.28413 0.71453
0.18858 0.04249 0.30545 0.85468
0.13401 0.53620 0.73347 0.86876
0.80837 0.50645 0.08533 0.85193
0.43786 0.19691 0.02158 0.84678
0.28618 0.98520 0.57742 0.88049
0.75107 0.30479 0.43195 0.02509
0.88350 0.50357 0.74505 0.57098
0.90651 0.27293 0.13361 0.96287
0.82101 0.59599 0.91953 0.39366
0.32764 0.85703 0.95871 0.79387
0.38813 0.57587 0.31632 0.62443
0.85370 0.34382 0.63181 0.63666
0.55021 0.18412 0.36826 0.39816
0.17938 0.34860 0.62442 0.90088
0.60107 0.24820 0.71604 0.50540
0.11254 0.75449 0.25770 0.81313
0.54718 0.00749 0.66738 0.15567
0.41584 0.52205 0.65494 0.54731
0.73929 0.28562 0.70839 0.01979
0.26912 0.12970 0.85742 0.96679
0.56787 0.11817 0.07658 0.12660
0.75539 0.81021 0.11976 0.48038
0.16836 0.50242 0.10611 0.55480
0.44154 0.38406 0.32125 0.27342
0.23650 0.60493 0.11230 0.75309
0.31304 0.72075 0.48113 0.37192
0.80501 0.13970 0.37274 0.02921
0.77025 0.16267 0.99155 0.22065
0.91312 0.61335 0.48401 0.53993
0.67390 0.52133 0.35963 0.22555
0.50980 0.79150 0.94789 0.03942
0.55546 0.82715 0.38156 0.98364
0.57418 0.01157 0.01471 0.13064
0.99397 0.21707 0.23270 0.83836
0.17764 0.25422 0.90995 0.64163
0.27231 0.62624 0.86925 0.06437
0.41249 0.19993 0.00526 0.71787
0.34146 0.20332 0.69545 0.60431
0.30832 0.17101 0.89803 0.51217
0.84206 0.21800 0.02326 0.84519
0.83725 0.08427 0.29615 0.22050
0.19380 0.62494 0.05062 0.26659
0.22615 0.41137 0.33430 0.75290
0.48871 0.39376 0.01887 0.69456
0.07872 0.74326 0.18150 0.25598
0.75236 0.25489 0.34313 0.35909
0.40517 0.29970 0.67214 0.68835
0.34662 0.85928 0.91003 0.18935
0.28007 0.47434 0.80601 0.18461
0.71738 0.99158 0.62627 0.32841
0.18210 0.25446 0.40430 0.30355
0.63611 0.00427 0.73842 0.36539
0.32428 0.01057 0.14465 0.77832
0.99908 0.15503 0.04030 0.64431
0.09888 0.91530 0.74203 0.70684
0.58530 0.02540 0.18453 0.20559
0.21084 0.62725 0.75730 0.72946
0.84140 0.71739 0.60756 0.66814
0.98973 0.80190 0.39881 0.88949
0.93227 0.68314 0.75178 0.06141
0.51498 0.80601 0.02915 0.25235
0.56036 0.13814 0.60728 0.53962
0.91000 0.13946 0.40317 0.93941
0.46130 0.77873 0.15160 0.69945
0.12991 0.08951 0.63538 0.42570
0.64342 0.44381 0.89132 0.68230
0.52945 0.96636 0.26677 0.07845
0.82118 0.36948 0.92324 0.67220
0.34672 0.18329 0.77269 0.28365
0.10069 0.95540 0.29568 0.10110
0.86470 0.92799 0.57938 0.18530
0.07440 0.33018 0.11548 0.08582
0.91386 0.90837 0.61940 0.95598
0.75629 0.61876 0.27760 0.82141
0.78638 0.12349 0.02365 0.07882
0.34825 0.07439 0.17816 0.38196
0.72515 0.78493 0.83137 0.07297
0.29057 0.09245 0.42086 0.41909
0.55640 0.56515 0.47917 0.55599
0.41344 0.36311 0.61971 0.95201
0.41371 0.11324 0.22740 0.39326
0.02835 0.57483 0.29129 0.22971
0.32825 0.83862 0.16652 0.43246
0.97747 0.29444 0.19755 0.89815
0.44793 0.54004 0.49037 0.60432
0.41319 0.61637 0.79228 0.88140
0.05528 0.22132 0.77208 0.67109
0.31473 0.56621 0.84533 0.65468
0.04341 0.53928 0.07327 0.50442
0.42306 0.08606 0.69029 0.49097
0.05826 0.01747 0.11281 0.13648
0.02028 0.54605 0.00564 0.03030
0.23925 0.90841 0.51576 0.96810
0.49668 0.02935 0.83042 0.09022
0.57945 0.22484 0.63639 0.83380
0.40900 0.31674 0.23295 0.42159
0.44529 0.25919 0.09007 0.60381
0.71215 0.46947 0.52839 0.29940
0.71516 0.03518 0.80188 0.24333
0.03623 0.50562 0.38381 0.16887
0.56990 0.64898 0.17603 0.39472
0.95461 0.97848 0.35764 0.50661
0.65800 0.30736 0.03011 0.32511
0.19175 0.09039 0.62361 0.15466
0.19219 0.15232 0.18333 0.31707
0.50399 0.10330 0.57209 0.74285
0.08323 0.43370 0.73254 0.52203
0.13747 0.19491 0.91042 0.48781
0.71117 0.62674 0.68043 0.60211
0.21870 0.25540 0.60139 0.04852
0.56198 0.03765 0.36584 0.97977
0.98237 0.08040 0.76632 0.70631
0.60769 0.45936 0.22196 0.80893
0.58860 0.49254 0.32012 0.84510
0.06626 0.56556 0.07567 0.83379
0.03848 0.75322 0.21168 0.80165
0.79484 0.08530 0.19421 0.09260
0.62877 0.98020 0.09312 0.54831
0.28546 0.00753 0.22611 0.10159
0.94224 0.37848 0.04055 0.94612
0.65955 0.33591 0.57147 0.02038
0.14843 0.27860 0.10900 0.77186
0.84545 0.49154 0.99272 0.57510
0.89941 0.26873 0.79878 0.06407
0.64120 0.97118 0.82218 0.47712
0.89213 0.01830 0.28114 0.87971
0.78419 0.07531 0.50496 0.54008
0.29453 0.61389 0.15008 0.34295
0.51840 0.93290 0.62665 0.85521
0.39515 0.70909 0.36736 0.08303
0.95755 0.84421 0.76137 0.30457
0.90229 0.19835 0.20795 0.89160
0.47853 0.27095 0.63788 0.33229
0.61094 0.38849 0.66063 0.03300
0.89109 0.95928 0.02199 0.78500
0.47712 0.85168 0.34600 0.56229
0.00041 0.89973 0.36055 0.26143
0.10505 0.46562 0.33482 0.73508
0.26376 0.13497 0.72828 0.23507
0.65239 0.32037 0.61948 0.51299
0.54273 0.44589 0.11453 0.85291
0.50048 0.56332 0.10798 0.94982
0.88707 0.14826 0.89472 0.97418
0.05214 0.65170 0.23281 0.58300
0.62824 0.12067 0.33014 0.68673
0.61441 0.93883 0.40600 0.52162
0.57502 0.78571 0.33933 0.06562
0.56215 0.44829 0.93153 0.28764
0.06474 0.42043 0.62664 0.31603
0.62993 0.71822 0.62482 0.58194
0.30885 0.73704 0.29021 0.08438
0.61521 0.17527 0.88981 0.12789
0.53903 0.76787 0.67926 0.78590
0.98217 0.05594 0.88671 0.60701
0.86723 0.25805 0.76435 0.78867
0.85279 0.76168 0.80064 0.06128
0.56216 0.72694 0.00149 0.89488
0.76957 0.32363 0.43350 0.75590
0.26967 0.90737 0.42337 0.68426
0.12481 0.86477 0.69770 0.47658
0.92152 0.23163 0.35595 0.57846
0.05728 0.26281 0.66146 0.30052
0.85783 0.79147 0.18329 0.14136
0.86399 0.80254 0.94801 0.42734
0.73385 0.48780 0.84098 0.63584
0.75763 0.62629 0.90079 0.56545
0.68531 0.50988 0.94530 0.47879
0.04543 0.57521 0.92748 0.47881
0.84758 0.55170 0.81837 0.67495
0.58431 0.64317 0.30243 0.54377
0.08534 0.86320 0.21050 0.40724
0.84943 0.65609 0.34303 0.79091
0.68233 0.25641 0.01987 0.99138
0.34220 0.23771 0.74972 0.60138
0.00806 0.22985 0.75345 0.52751
0.38025 0.56534 0.36796 0.90519
0.72443 0.59312 0.81143 0.95569
0.09385 0.10626 0.91099 0.22549
0.61828 0.09016 0.70742 0.42953
0.02050 0.96318 0.96530 0.74699
0.48663 0.26222 0.88143 0.91098
0.95105 0.56848 0.32760 0.62003
0.14679 0.74339 0.64638 0.05245
0.83152 0.85215 0.92769 0.26818
0.58038 0.75433 0.42271 0.21294
0.58321 0.63932 0.72264 0.70373
0.56641 0.82587 0.08712 0.54393
0.09100 0.67093 0.03135 0.15625
0.45280 0.60258 0.66361 0.75441
0.59240 0.01348 0.33182 0.81234
0.84932 0.10374 0.62160 0.00926
0.69303 0.43593 0.86504 0.23426
0.09755 0.21348 0.00683 0.25824
0.46440 0.95513 0.55259 0.27726
0.60786 0.38576 0.53869 0.83761
0.42823 0.77312 0.50286 0.81244
0.46599 0.82337 0.68358 0.13658
0.50934 0.24215 0.82192 0.88979
0.05417 0.57254 0.40235 0.23278
0.98770 0.78035 0.81365 0.41396
0.59607 0.52280 0.82454 0.21415
0.31584 0.69207 0.42297 0.47982
0.79054 0.87929 0.56295 0.68829
0.21520 0.15157 0.41410 0.37872
0.84319 0.44018 0.76764 0.90994
0.56706 0.03426 0.85391 0.84268
0.50089 0.12819 0.08387 0.54704
0.11972 0.82587 0.59440 0.69408
0.78697 0.50920 0.67303 0.05189
0.31048 0.73545 0.10962 0.09934
0.63963 0.09596 0.52949 0.70930
0.62992 0.70789 0.81613 0.90120
0.42718 0.44296 0.72920 0.06573
0.07314 0.13293 0.88891 0.01897
0.26060 0.99437 0.41318 0.33046
0.03938 0.95361 0.35860 0.62944
0.00383 0.54309 0.42747 0.21617
0.05937 0.51530 0.14730 0.18241
0.03108 0.50336 0.96163 0.21268
0.67424 0.30223 0.22442 0.23124
0.38142 0.06936 0.60879 0.10402
0.48612 0.64154 0.64529 0.93577
0.13193 0.97755 0.50999 0.64947
0.63530 0.93811 0.10701 0.84637
0.12686 0.31493 0.09406 0.86473
0.09534 0.72840 0.28107 0.18725
0.37879 0.86771 0.72039 0.42581
0.29910 0.40437 0.56959 0.51295
0.10883 0.21370 0.38511 0.13718
0.44340 0.44863 0.51807 0.45407
0.58760 0.27864 0.68956 0.33047
0.91579 0.99955 0.64492 0.78097
0.58092 0.92457 0.02090 0.39378
0.77420 0.32509 0.59682 0.99823
0.06031 0.06425 0.85398 0.90386
0.60560 0.07650 0.92551 0.36991
0.05784 0.71310 0.82265 0.27932
0.36650 0.91971 0.55569 0.32996
0.08506 0.40542 0.21943 0.23237
0.78007 0.07472 0.54715 0.33467
0.01694 0.41265 0.67801 0.48679
0.77084 0.28743 0.06482 0.07493
0.38211 0.11710 0.45142 0.23810
0.22651 0.92577 0.31687 0.87561
0.36576 0.49388 0.05625 0.24665
0.57121 0.25991 0.40133 0.88089
0.68383 0.73599 0.61391 0.52173
0.28915 0.91409 0.08915 0.09022
0.28064 0.46797 0.27969 0.20306
0.38446 0.62124 0.88991 0.96739
0.90527 0.18825 0.06423 0.86532
0.54776 0.23825 0.45736 0.72097
0.03656 0.25241 0.41871 0.24517
0.49226 0.67270 0.79354 0.57661
0.88153 0.17715 0.56483 0.34508
0.42106 0.45681 0.45846 0.83607
0.79986 0.35713 0.75487 0.63405
0.89216 0.63658 0.57058 0.33545
0.11802 0.75332 0.84945 0.87554
0.69772 0.45550 0.18642 0.91193
0.27916 0.71744 0.81062 0.57904
0.38973 0.64271 0.82609 0.39524
0.97656 0.21032 0.92824 0.22543
0.48023 0.26467 0.78998 0.82239
0.15990 0.87300 0.78656 0.57561
0.32891 0.40317 0.61446 0.76038
0.02382 0.25483 0.05353 0.14944
0.27152 0.14219 0.27558 0.14916
0.64415 0.58526 0.85413 0.42472
0.25628 0.21425 0.75275 0.93846
0.09704 0.01094 0.04417 0.53336
0.83671 0.20317 0.45875 0.14329
0.99922 0.09857 0.03368 0.89362
0.14363 0.28716 0.50574 0.72649
0.36516 0.24065 0.15305 0.32383
0.27443 0.46838 0.89795 0.10793
0.10041 0.56855 0.52260 0.92296
0.35042 0.45803 0.43780 0.81941
0.63295 0.62427 0.88753 0.79998
0.39444 0.64279 0.65210 0.22521
0.63179 0.43471 0.05901 0.87857
0.04550 0.10622 0.14203 0.17789
0.62235 0.35707 0.82413 0.84173
0.74854 0.56713 0.09741 0.64033
0.74485 0.82426 0.91995 0.85994
0.52798 0.39837 0.74864 0.25336
0.03763 0.89829 0.49526 0.06345
0.07677 0.83043 0.07185 0.15358
0.01851 0.98072 0.99116 0.01016
0.85166 0.46202 0.14180 0.56549
0.78594 0.23555 0.25677 0.63846
0.45685 0.49055 0.39509 0.97719
0.04763 0.00464 0.12905 0.61147
0.64011 0.79842 0.74428 0.00458
0.57692 0.47103 0.60189 0.76938
0.09451 0.90173 0.16594 0.58818
0.86428 0.36664 0.72208 0.34020
0.56168 0.03500 0.61820 0.81899
0.85316 0.24782 0.12081 0.47722
0.41758 0.94064 0.71111 0.55140
0.19892 0.39099 0.63913 0.59919
0.65722 0.98571 0.16179 0.34534
0.87304 0.46367 0.87704 0.44031
0.78358 0.25294 0.66572 0.13896
0.91733 0.59892 0.45053 0.96638
0.18319 0.57947 0.05375 0.43400
0.78884 0.83729 0.95916 0.02490
0.02751 0.60875 0.52254 0.31179
0.01664 0.44443 0.06892 0.68614
0.14094 0.72436 0.89332 0.58786
0.68055 0.41462 0.73249 0.69003
0.53993 0.54944 0.25266 0.32551
0.01325 0.96029 0.78239 0.29314
0.37773 0.00100 0.27576 0.44749
0.73380 0.57533 0.95505 0.44545
0.99575 0.24965 0.59932 0.84848
0.74267 0.52255 0.20461 0.00712
0.53411 0.16542 0.20937 0.09561
0.69589 0.21748 0.85470 0.73421
0.08574 0.78350 0.02808 0.94723
0.35499 0.33312 0.15565 0.27179
0.03234 0.65601 0.25143 0.98715
0.18272 0.60093 0.51739 0.22910
0.20063 0.22033 0.59488 0.98808
0.27205 0.93691 0.41263 0.50793
0.06888 0.70898 0.61126 0.47771
0.44508 0.25846 0.23323 0.64033
0.77765 0.00235 0.75814 0.87710
0.86227 0.53062 0.96856 0.38065
0.33143 0.87117 0.10968 0.74508
0.61798 0.55673 0.10347 0.79689
0.77070 0.32133 0.05969 0.53467
0.46200 0.65112 0.43746 0.36080
0.40298 0.34679 0.16293 0.74895
0.35343 0.63195 0.03526 0.44547
0.86100 0.07821 0.02784 0.69537
0.93456 0.29169 0.70902 0.12859
0.34928 0.92956 0.62093 0.10005
0.91653 0.04687 0.96823 0.90343
0.99272 0.49637 0.12313 0.17198
0.55495 0.51662 0.36786 0.80626
0.78532 0.85923 0.92956 0.06239
0.79257 0.21319 0.88600 0.88114
0.99754 0.15267 0.69743 0.22570
0.07849 0.35012 0.82560 0.93982
0.81887 0.60915 0.29460 0.66652
0.03000 0.47216 0.17605 0.15510
0.67811 0.15326 0.70869 0.46769
0.59385 0.32150 0.79271 0.34572
0.41482 0.89709 0.52616 0.57839
0.58855 0.42828 0.80608 0.55899
0.97059 0.16487 0.19662 0.70598
0.28481 0.10560 0.61460 0.40362
0.25332 0.23675 0.80556 0.88664
0.00886 0.19054 0.52194 0.10331
0.63391 0.44521 0.81612 0.01359
0.39428 0.71780 0.11603 0.85426
0.11358 0.30107 0.95564 0.51232
0.89550 0.29200 0.89816 0.88748
0.17382 0.53518 0.60240 0.64660
0.33727 0.95211 0.05565 0.25000
0.87105 0.18723 0.56189 0.98013
0.41195 0.18317 0.73904 0.83420
0.48500 0.28041 0.67859 0.55948
0.09614 0.01982 0.38245 0.51527
0.15124 0.96699 0.10761 0.46700
0.13374 0.08196 0.10189 0.73016
0.56274 0.14447 0.69665 0.48840
0.37805 0.20786 0.87933 0.94642
0.27020 0.15388 0.61823 0.29554
0.89354 0.49099 0.24647 0.49785
0.94998 0.39968 0.80194 0.72045
0.07065 0.66681 0.39481 0.44541
0.60546 0.47221 0.87652 0.14567
0.29177 0.24207 0.63115 0.20604
0.40701 0.03353 0.65278 0.08031
0.56560 0.29418 0.63797 0.49148
0.20592 0.05218 0.04686 0.06760
0.31701 0.63702 0.92151 0.34046
0.29112 0.91117 0.47231 0.56934
0.31165 0.21852 0.20088 0.60773
0.78823 0.90035 0.18981 0.09487
0.34828 0.41801 0.79182 0.07998
0.07272 0.21291 0.73915 0.72086
0.59464 0.20084 0.01354 0.55036
0.21600 0.66755 0.54536 0.31111
0.10808 0.25675 0.21097 0.07707
0.69551 0.15773 0.13357 0.24247
0.86397 0.05199 0.58652 0.10739
0.21106 0.36407 0.90628 0.08506
0.60646 0.79735 0.44617 0.54530
0.98572 0.84944 0.87444 0.15467
0.04008 0.13390 0.51958 0.28452
0.69779 0.05892 0.75260 0.08475
0.36981 0.77129 0.32350 0.25730
0.06508 0.76798 0.36209 0.27137
0.35180 0.09200 0.51472 0.18962
0.12395 0.42337 0.02484 0.92178
0.10539 0.64887 0.27327 0.67864
0.45419 0.72608 0.84299 0.37898
0.79918 0.57189 0.88188 0.06778
0.87371 0.20909 0.45120 0.03811
0.85857 0.55587 0.54111 0.26922
0.38903 0.63042 0.01695 0.79421
0.21212 0.94408 0.87052 0.61229
0.10871 0.60334 0.90650 0.73651
0.60318 0.78527 0.78076 0.42174
0.26582 0.50420 0.32063 0.24742
0.60916 0.86700 0.01329 0.33948
0.57473 0.33756 0.92193 0.47789
0.25485 0.79972 0.36203 0.30912
0.30129 0.90335 0.62093 0.56701
0.88508 0.53320 0.24650 0.57709
0.73882 0.89620 0.20910 0.45077
0.23633 0.65665 0.90379 0.03217
0.61852 0.99317 0.93690 0.30703
0.26485 0.67074 0.47360 0.81711
0.24685 0.73479 0.68524 0.96031
0.96248 0.47082 0.33599 0.97755
0.90792 0.39565 0.53350 0.15186
0.82589 0.02502 0.88530 0.79908
0.32573 0.22448 0.10336 0.29542
0.90666 0.37360 0.87583 0.57852
0.95021 0.91100 0.15302 0.92108
0.40037 0.27529 0.31984 0.43154
0.22244 0.49046 0.17243 0.89467
0.61511 0.91167 0.08777 0.63119
0.09066 0.07988 0.09362 0.00594
0.44473 0.81831 0.63089 0.96907
0.66678 0.87823 0.12062 0.64129
0.58028 0.56781 0.89074 0.15848
0.48253 0.00002 0.21419 0.34562
0.50350 0.13126 0.93079 0.82672
0.36075 0.69893 0.07916 0.01815
0.46501 0.79347 0.34141 0.90831
0.26382 0.88533 0.38663 0.93289
0.19104 0.41768 0.09876 0.12631
0.75813 0.84372 0.41478 0.80431
0.75910 0.58279 0.97631 0.68108
0.18033 0.15535 0.71556 0.35387
0.95281 0.96887 0.16998 0.71914
0.79705 0.24793 0.98167 0.86793
0.76130 0.05294 0.51952 0.50472
0.42935 0.24057 0.44103 0.78843
0.22063 0.60086 0.66980 0.36440
0.55592 0.57642 0.77319 0.10378
0.85557 0.43994 0.74483 0.34294
0.50129 0.78936 0.83674 0.88642
0.61115 0.86448 0.04544 0.59654
0.76664 0.86869 0.34291 0.71835
0.92497 0.40402 0.19326 0.23304
0.16391 0.08059 0.72519 0.67018
0.72861 0.96577 0.76103 0.14737
0.22994 0.09948 0.15748 0.30318
0.20426 0.46083 0.14531 0.97466
0.43746 0.51433 0.61210 0.45339
0.10098 0.25514 0.65898 0.06282
0.39929 0.59722 0.49969 0.64693
0.49583 0.51707 0.93542 0.85713
0.78722 0.11908 0.34378 0.66734
0.48528 0.33179 0.67922 0.40363
0.98854 0.31407 0.51019 0.63135
0.25506 0.09497 0.08338 0.34208
0.56156 0.47951 0.41438 0.60972
0.63646 0.92846 0.04075 0.27382
0.87132 0.91277 0.16734 0.66511
0.60501 0.63483 0.17242 0.50518
0.97251 0.23846 0.98733 0.48204
0.45978 0.46782 0.61072 0.83463
0.07048 0.58708 0.27937 0.08908
0.29814 0.08767 0.86448 0.01459
0.67237 0.25585 0.37897 0.97223
0.54738 0.73928 0.16935 0.25801
0.39731 0.29069 0.71489 0.02583
0.16525 0.97414 0.64950 0.79324
0.98349 0.07200 0.82134 0.19606
0.52152 0.24761 0.47002 0.83696
0.11592 0.72248 0.11819 0.83298
0.33848 0.83357 0.96096 0.57465
0.50247 0.70978 0.38153 0.17429
0.88473 0.73213 0.54509 0.58538
0.64749 0.12993 0.42055 0.96482
0.42503 0.14421 0.17245 0.58170
0.69426 0.28321 0.32281 0.60223
0.44334 0.22004 0.59874 0.70587
0.03909 0.47878 0.02968 0.86704
0.99192 0.79852 0.51277 0.01955
0.78187 0.59034 0.54085 0.25492
0.47241 0.93198 0.12384 0.13948
0.07797 0.37794 0.26651 0.99645
0.76256 0.54178 0.14255 0.18583
0.57709 0.94679 0.42967 0.71888
0.68539 0.47405 0.67831 0.82684
0.08316 0.40744 0.11979 0.11218
0.14146 0.63986 0.14330 0.55740
0.75055 0.41863 0.20155 0.66951
0.59649 0.30889 0.12286 0.71398
0.94908 0.11611 0.21405 0.39382
0.70928 0.43682 0.97142 0.56070
0.24119 0.17083 0.70481 0.68776
0.15399 0.88040 0.26792 0.16206
0.00837 0.52023 0.54818 0.57178
0.65039 0.44321 0.67582 0.36162
0.72587 0.08319 0.36194 0.12266
0.38984 0.34865 0.53253 0.43082
0.03934 0.84359 0.47645 0.97461
0.37449 0.15001 0.17617 0.64114
0.35311 0.13784 0.59996 0.12143
0.54967 0.58524 0.65573 0.58480
0.99588 0.16754 0.53413 0.05397
0.06022 0.61028 0.62382 0.81735
0.83950 0.01202 0.17298 0.71169
0.19236 0.04583 0.55491 0.95952
0.53533 0.94282 0.06326 0.32381
0.59076 0.21063 0.74308 0.71259
0.79990 0.68805 0.47301 0.68070
0.16754 0.33732 0.05762 0.63782
0.67547 0.53684 0.54326 0.01602
0.34215 0.54233 0.50830 0.63808
0.35846 0.09989 0.41114 0.11332
0.29939 0.71991 0.99597 0.26159
0.05996 0.60707 0.43043 0.02251
0.14141 0.42023 0.29924 0.86726
0.39968 0.53939 0.15546 0.69860
0.61124 0.87191 0.35289 0.28174
0.36493 0.30946 0.22398 0.12020
0.32126 0.12228 0.58337 0.28677
0.89657 0.26550 0.87961 0.15377
0.57633 0.39730 0.11158 0.93464
0.58847 0.88209 0.28614 0.31493
0.06885 0.27137 0.36313 0.56302
0.30431 0.06582 0.41785 0.16576
0.59033 0.36533 0.00748 0.00230
0.33193 0.27543 0.11161 0.45096
0.38112 0.08840 0.72325 0.98034
0.78069 0.35032 0.24922 0.95967
0.39176 0.71141 0.90353 0.62376
0.50071 0.00981 0.20825 0.94494
0.72479 0.52182 0.74322 0.21085
0.16330 0.11893 0.75958 0.78782
0.54862 0.83569 0.52627 0.99945
0.15918 0.25676 0.01855 0.68234
0.61510 0.38190 0.11945 0.49939
0.02461 0.84010 0.81677 0.20941
0.21496 0.03211 0.53456 0.70571
0.40442 0.93843 0.71423 0.72189
0.34812 0.53077 0.67360 0.23858
0.50158 0.80959 0.41671 0.62120
0.86584 0.09094 0.74964 0.42588
0.14223 0.25466 0.63820 0.73518
0.56872 0.62631 0.01439 0.54655
0.47925 0.00991 0.38639 0.37294
0.63766 0.10798 0.87515 0.99492
0.58395 0.19649 0.37422 0.68429
0.46429 0.95383 0.95968 0.19252
0.21802 0.30574 0.22800 0.72389
0.36846 0.81017 0.43930 0.95532
0.46811 0.29090 0.83844 0.99648
0.31944 0.24507 0.63678 0.87918
0.61016 0.76500 0.25071 0.78681
0.29155 0.27294 0.44659 0.55738
0.43704 0.41750 0.13927 0.41049
0.17200 0.77753 0.31668 0.57633
0.84667 0.10839 0.28566 0.14384
0.18115 0.95235 0.66837 0.86861
0.97374 0.73667 0.18014 0.15344
0.69725 0.34960 0.25099 0.89157
0.81571 0.85004 0.09025 0.13421
0.49421 0.51033 0.53715 0.48130
0.84436 0.61572 0.85130 0.69635
0.26811 0.17859 0.43192 0.80672
0.61779 0.53861 0.67515 0.80324
0.54204 0.03067 0.60846 0.19791
0.11760 0.33656 0.88086 0.71258
0.51372 0.84005 0.60394 0.89719
0.72484 0.87805 0.99206 0.96576
0.03639 0.22850 0.34980 0.07806
0.07683 0.45131 0.83104 0.55098
0.25565 0.28073 0.47355 0.09234
0.12131 0.19850 0.14175 0.16340
0.76924 0.39375 0.71913 0.70068
0.86779 0.93784 0.69110 0.87722
0.47284 0.17477 0.15965 0.88014
0.67046 0.78333 0.82112 0.14629
0.92593 0.61623 0.76240 0.27032
0.84504 0.30371 0.98476 0.62905
0.82455 0.53505 0.62511 0.55330
0.44529 0.85308 0.58959 0.82323
0.63966 0.46414 0.49956 0.73673
0.97547 0.66052 0.05784 0.83959
0.76519 0.08213 0.65762 0.25290
0.11819 0.18008 0.12114 0.57539
0.18447 0.58445 0.63945 0.27507
0.43226 0.56980 0.43075 0.41992
0.09559 0.85138 0.58281 0.28199
0.79829 0.18057 0.27616 0.23579
0.75271 0.46587 0.71108 0.01924
0.95694 0.98131 0.86519 0.70932
0.13461 0.21280 0.48988 0.64334
0.87723 0.96621 0.78983 0.26449
0.60400 0.82279 0.75416 0.44936
0.56353 0.52796 0.07341 0.12893
0.45428 0.16839 0.15371 0.63868
0.74781 0.09856 0.55234 0.08861
0.14237 0.66174 0.97522 0.67678
0.92705 0.04368 0.58114 0.05177
0.34791 0.15371 0.65231 0.79576
0.16016 0.99633 0.30805 0.89087
0.55588 0.60886 0.79806 0.09564
0.07008 0.02343 0.47694 0.02074
0.54054 0.16830 0.71447 0.69682
0.73140 0.83206 0.32744 0.15509
0.28713 0.63458 0.23338 0.41904
0.87926 0.51863 0.21532 0.03697
0.08470 0.59965 0.80895 0.85821
0.35633 0.20863 0.00462 0.23500
0.67006 0.27469 0.93602 0.08801
0.57203 0.86924 0.98308 0.03289
0.09623 0.05369 0.93600 0.43710
0.90972 0.76518 0.69257 0.80570
0.67042 0.42992 0.63232 0.29234
0.44482 0.73261 0.47231 0.95262
0.16265 0.55616 0.19146 0.01768
0.88513 0.44530 0.17127 0.43531
0.38710 0.86964 0.46141 0.30526
0.93093 0.92240 0.34290 0.75518
0.45313 0.39481 0.42858 0.05676
0.06359 0.20991 0.55838 0.68327
0.23045 0.86919 0.59445 0.42467
0.24275 0.99937 0.00063 0.93127
0.45598 0.26048 0.77165 0.06627
0.78835 0.88045 0.99042 0.52635
0.46021 0.30824 0.65507 0.16649
0.71413 0.38166 0.05872 0.59290
0.18551 0.78695 0.84733 0.80624
0.93201 0.38895 0.58570 0.43198
0.58797 0.19454 0.93287 0.21613
0.24281 0.48404 0.96504 0.92467
0.17576 0.60305 0.84255 0.30515
0.31351 0.58908 0.82697 0.95462
0.60635 0.48536 0.03097 0.52618
0.25397 0.69291 0.69269 0.66847
0.42429 0.45136 0.53318 0.03631
0.54426 0.15097 0.59588 0.02549
0.22880 0.66594 0.07873 0.83658
0.37896 0.68029 0.30778 0.93643
0.24302 0.75882 0.95782 0.25902
0.45698 0.00535 0.83748 0.97551
0.12230 0.11022 0.62958 0.42963
0.30553 0.10959 0.11572 0.56543
0.66879 0.33984 0.55895 0.69736
0.34387 0.99942 0.31732 0.46349
0.72643 0.59382 0.53480 0.95219
0.22193 0.88816 0.71372 0.10384
0.36300 0.58784 0.38306 0.55846
0.34902 0.88238 0.60688 0.85914
0.84300 0.68053 0.47253 0.88612
0.80447 0.33542 0.13058 0.98260
0.39046 0.25722 0.65059 0.49725
0.45510 0.99191 0.95615 0.59832
0.85585 0.12872 0.84355 0.80086
0.88408 0.79329 0.89457 0.50649
0.05203 0.98694 0.02610 0.53693
0.20078 0.50731 0.36899 0.89333
0.34387 0.62723 0.49915 0.75103
0.07261 0.94186 0.84134 0.97133
0.21710 0.00299 0.85194 0.92830
0.12493 0.48204 0.09309 0.19804
0.59341 0.72183 0.33562 0.57308
0.80450 0.96914 0.28420 0.50582
0.26263 0.92719 0.38310 0.99117
0.16382 0.15429 0.91022 0.94961
0.82769 0.02118 0.35348 0.30405
0.34257 0.90293 0.22405 0.05189
0.17774 0.22464 0.52946 0.06671
0.53785 0.63510 0.99563 0.02775
0.38063 0.16568 0.59397 0.32450
0.47565 0.74363 0.35735 0.18631
0.21003 0.90785 0.13861 0.09549
0.34921 0.50522 0.62741 0.18117
0.33083 0.65662 0.48522 0.30097
0.51840 0.86941 0.46270 0.17476
0.24970 0.49244 0.57366 0.46569
0.03327 0.16366 0.48140 0.66536
0.51042 0.27597 0.97487 0.41880
0.18914 0.90085 0.23172 0.52049
0.87571 0.10921 0.86832 0.07898
0.81246 0.91817 0.88305 0.55309
0.40663 0.87361 0.67404 0.52627
0.91799 0.32124 0.31396 0.42618
0.78811 0.70570 0.52143 0.04569
0.66107 0.79394 0.30110 0.04111
0.71407 0.09949 0.77992 0.12195
0.41054 0.87528 0.51570 0.13437
0.28190 0.51639 0.49340 0.86727
0.93662 0.37356 0.92421 0.19442
0.85156 0.40115 0.20745 0.70438
0.30443 0.67311 0.35787 0.60930
0.76441 0.33434 0.97802 0.27895
0.72505 0.06890 0.88589 0.10667
0.52441 0.14429 0.18031 0.36974
0.22131 0.57908 0.20211 0.15528
0.78058 0.62190 0.67013 0.03504
0.20803 0.72052 0.33904 0.55874
0.94481 0.95883 0.63318 0.20711
0.08030 0.33473 0.84445 0.00511
0.68145 0.97598 0.88986 0.48587
0.02063 0.45302 0.39222 0.43962
0.31417 0.46647 0.09215 0.92018
0.37495 0.33445 0.31579 0.56162
0.57339 0.23959 0.55388 0.91773
0.15932 0.87851 0.51660 0.14217
0.11910 0.07989 0.62117 0.08232
0.58364 0.55853 0.03453 0.97062
0.04392 0.21708 0.57916 0.05188
0.20688 0.54489 0.23509 0.81146
0.25390 0.30771 0.05812 0.11135
0.15291 0.19976 0.30652 0.31002
0.05166 0.13445 0.31942 0.86071
0.27759 0.46554 0.45994 0.44125
0.28206 0.61488 0.94964 0.47212
0.01390 0.47162 0.01056 0.68546
0.41770 0.50979 0.60836 0.65524
0.18450 0.34844 0.85294 0.87467
0.10311 0.01013 0.11854 0.53360
0.44580 0.91601 0.43262 0.09145
0.71331 0.28842 0.36298 0.35311
0.89526 0.79099 0.25997 0.25945
0.57700 0.52928 0.96649 0.55549
0.30419 0.71021 0.91666 0.20199
0.09899 0.54622 0.18801 0.54144
0.43818 0.75682 0.43258 0.51094
0.52316 0.96932 0.50241 0.51783
0.80858 0.77178 0.51414 0.75476
0.23475 0.40456 0.30642 0.54236
0.45464 0.27156 0.11491 0.55421
0.78199 0.09891 0.36264 0.34820
0.18568 0.35910 0.24686 0.84945
0.61539 0.87556 0.83963 0.00052
0.04238 0.33478 0.10301 0.35235
0.52723 0.74362 0.33125 0.03739
0.83081 0.70444 0.08975 0.78931
0.61134 0.44873 0.72082 0.82789
0.45278 0.96333 0.23738 0.90605
0.71639 0.40613 0.64092 0.66375
0.56354 0.11787 0.72287 0.69625
0.27870 0.67509 0.92428 0.75666
0.72476 0.57322 0.10098 0.55589
0.92807 0.12694 0.43527 0.42097
0.59993 0.58775 0.07314 0.29386
0.70398 0.09752 0.39767 0.26800
0.30702 0.52673 0.79482 0.44626
0.82578 0.06582 0.44296 0.66124
0.06037 0.46666 0.92852 0.08275
0.68875 0.45406 0.36634 0.41040
0.39948 0.13191 0.24831 0.13924
0.81697 0.60672 0.22543 0.30697
0.46776 0.96677 0.13194 0.16251
0.16536 0.47156 0.33341 0.62713
0.81560 0.94136 0.36471 0.73786
0.70592 0.40872 0.92906 0.47687
0.78330 0.51209 0.25063 0.21436
0.28268 0.98762 0.01879 0.21726
0.46082 0.83602 0.07337 0.25506
0.06684 0.21111 0.35639 0.25899
0.95141 0.89113 0.44259 0.81469
0.46549 0.18500 0.26470 0.11546
0.31709 0.00420 0.44801 0.44567
0.85405 0.25159 0.24226 0.23401
0.73167 0.64271 0.75925 0.81748
0.11505 0.50247 0.43732 0.66501
0.64078 0.71962 0.62503 0.34452
0.90597 0.30006 0.25503 0.05372
0.07027 0.67024 0.22873 0.72400
0.63640 0.11040 0.52926 0.29255
0.53612 0.77519 0.43398 0.91729
0.10948 0.58564 0.94508 0.44029
0.64656 0.74116 0.95934 0.36740
0.67570 0.30169 0.06593 0.40769
0.36675 0.82715 0.83081 0.84437
0.26518 0.36098 0.52909 0.69301
0.78298 0.98570 0.52592 0.90957
0.83674 0.25915 0.20624 0.90645
0.12930 0.28009 0.89649 0.74816
0.75444 0.58507 0.29118 0.81185
0.45860 0.27888 0.97319 0.90323
0.07999 0.08343 0.40630 0.98240
0.39625 0.36008 0.68595 0.85858
0.43670 0.53974 0.40079 0.00127
0.42426 0.36488 0.20259 0.99965
0.63666 0.04564 0.61777 0.41821
0.66645 0.28162 0.33921 0.39171
0.93325 0.52997 0.90708 0.79057
0.47712 0.33640 0.85091 0.99169
0.05486 0.07641 0.56309 0.44175
0.79384 0.23750 0.87207 0.27640
0.76479 0.95820 0.02645 0.55762
0.33085 0.54604 0.61889 0.94314
0.71309 0.36346 0.09006 0.52872
0.03451 0.73166 0.04159 0.08432
0.44398 0.20015 0.51750 0.71432
0.63199 0.49820 0.10534 0.86478
0.95108 0.49691 0.54119 0.64991
0.82815 0.73268 0.27890 0.59633
0.20681 0.61938 0.56403 0.50550
0.88600 0.47120 0.31073 0.86966
0.52330 0.15314 0.96883 0.06915
0.55200 0.85093 0.28946 0.40823
0.96525 0.36068 0.69681 0.20746
0.09649 0.12455 0.22364 0.36701
0.83772 0.51455 0.29725 0.90687
0.16885 0.86835 0.36413 0.58856
0.81029 0.89688 0.25713 0.68249
0.44783 0.15221 0.66553 0.86989
0.18074 0.88276 0.71363 0.15679
0.49282 0.10143 0.44054 0.73658
0.06908 0.69983 0.27283 0.60433
0.64141 0.75532 0.28983 0.47767
0.21906 0.63398 0.74394 0.75873
0.13060 0.29581 0.03155 0.01951
0.20407 0.61720 0.04630 0.98652
0.41088 0.67226 0.25291 0.76647
0.61749 0.36761 0.85013 0.92165
0.83443 0.51822 0.85969 0.50004
0.95069 0.48411 0.68380 0.45690
0.06967 0.88309 0.03769 0.68783
0.23447 0.02457 0.62879 0.89092
0.56427 0.94860 0.85660 0.18958
0.73271 0.21962 0.35192 0.21004
0.29839 0.36632 0.20150 0.36312
0.43231 0.07987 0.35839 0.74552
0.54477 0.39511 0.13901 0.46233
0.74801 0.18102 0.55166 0.68397
0.34369 0.14647 0.07782 0.30331
0.85654 0.76033 0.66019 0.36158
0.49746 0.88895 0.39290 0.98108
0.42658 0.16309 0.37818 0.92524
0.91864 0.10098 0.13561 0.71519
0.10418 0.46457 0.43480 0.57691
0.14568 0.46374 0.10250 0.09435
0.96851 0.04994 0.71100 0.01404
0.32506 0.96102 0.03356 0.33087
0.70722 0.57314 0.11967 0.55087
0.69067 0.07237 0.04295 0.37608
0.05423 0.90873 0.31533 0.44163
0.98654 0.46168 0.76970 0.73627
0.43045 0.80229 0.10840 0.93727
0.62325 0.56529 0.02521 0.83529
0.23290 0.35851 0.73767 0.43014
0.07455 0.33120 0.21114 0.96759
0.17339 0.14242 0.41794 0.23279
0.40657 0.16702 0.29098 0.78347
0.00061 0.28266 0.69575 0.09899
0.24809 0.80557 0.66505 0.22428
0.59124 0.96009 0.67892 0.01554
0.32419 0.30589 0.27909 0.93913
0.67366 0.75700 0.57157 0.67699
0.00584 0.95948 0.55264 0.81469
0.50478 0.93848 0.82553 0.55604
0.21559 0.50419 0.26173 0.94336
0.79272 0.10896 0.66690 0.96267
0.08823 0.81305 0.19981 0.02945
0.81462 0.87760 0.28453 0.17498
0.03550 0.62865 0.24792 0.55038
0.73990 0.27159 0.30933 0.74336
0.67271 0.87749 0.38912 0.74704
0.41894 0.25821 0.08240 0.65849
0.93210 0.94927 0.69538 0.33061
0.31883 0.57085 0.94644 0.90565
0.81278 0.24629 0.20896 0.25835
0.37332 0.45355 0.72701 0.27305
0.36140 0.58275 0.69655 0.59481
0.58656 0.37712 0.99098 0.08290
0.66710 0.38312 0.67915 0.35956
0.47309 0.68349 0.64843 0.51678
0.24814 0.14004 0.99312 0.49892
0.06949 0.01641 0.18487 0.45000
0.33909 0.27269 0.09707 0.45657
0.04133 0.26199 0.87143 0.37527
0.53360 0.27338 0.85386 0.65932
0.04276 0.75557 0.39747 0.44760
0.05855 0.98171 0.82307 0.64075
0.56958 0.76050 0.23147 0.71353
0.19630 0.43838 0.71986 0.76502
0.45001 0.27352 0.34297 0.24846
0.27432 0.66468 0.41079 0.87181
0.13068 0.18677 0.82666 0.48277
0.39196 0.15212 0.60741 0.79134
0.79800 0.91163 0.62544 0.28640
0.69152 0.34135 0.62299 0.12808
0.06615 0.66011 0.11426 0.28099
0.39318 0.57909 0.60148 0.59503
0.85938 0.67291 0.00232 0.92101
0.40833 0.90202 0.31371 0.54066
0.50568 0.34380 0.40639 0.61052
0.28313 0.55274 0.42648 0.97739
0.74787 0.22012 0.51511 0.01066
0.17228 0.75587 0.52468 0.19801
0.62543 0.65511 0.10124 0.58670
0.97942 0.75493 0.86659 0.01219
0.06871 0.73256 0.37884 0.56491
0.46088 0.30890 0.39239 0.55873
0.78755 0.67779 0.98714 0.72513
0.43527 0.67687 0.20025 0.77266
0.10045 0.53501 0.09005 0.26520
0.48150 0.05566 0.36549 0.37807
0.70475 0.06622 0.80485 0.61596
0.45192 0.33418 0.21608 0.79430
0.85766 0.83242 0.08140 0.42870
0.94566 0.69593 0.09471 0.90441
0.62077 0.33933 0.98373 0.51973
0.22998 0.24445 0.30509 0.44069
0.13701 0.61615 0.24794 0.83186
0.97223 0.16595 0.53212 0.01040
0.63654 0.16930 0.00525 0.08788
0.59452 0.82064 0.90368 0.92172
0.85630 0.00515 0.90812 0.23451
0.96322 0.77643 0.56031 0.16805
0.32407 0.89618 0.17302 0.73454
0.07095 0.16451 0.63314 0.70959
0.14978 0.92816 0.21938 0.61110
0.05735 0.05918 0.09442 0.87424
0.67392 0.45436 0.38152 0.60003
0.35176 0.93911 0.77179 0.39225
0.89613 0.14395 0.79609 0.37494
0.61234 0.69784 0.94279 0.24037
0.31917 0.72104 0.29556 0.17889
0.63290 0.73878 0.64847 0.91352
0.77945 0.59253 0.18332 0.41354
0.67445 0.23797 0.83076 0.40853
0.64108 0.88052 0.95356 0.26584
0.81232 0.36896 0.85597 0.53927
0.11205 0.13854 0.34436 0.94859
0.37136 0.98699 0.49142 0.50525
0.98285 0.32638 0.69703 0.49946
0.54260 0.85837 0.89404 0.72926
0.23021 0.67956 0.89671 0.35787
0.85940 0.07346 0.54472 0.70728
0.28607 0.90207 0.25335 0.61112
0.11884 0.57964 0.74236 0.88336
0.08376 0.07452 0.98945 0.13739
0.43738 0.57111 0.55780 0.50284
0.87315 0.93872 0.64893 0.99404
0.37757 0.06378 0.90857 0.26777
0.40264 0.95193 0.96556 0.93141
0.49682 0.71495 0.90680 0.88816
0.62940 0.88584 0.34368 0.07840
0.41550 0.72952 0.04054 0.64625
0.06885 0.36873 0.71048 0.60933
0.84122 0.08432 0.92230 0.96420
0.98365 0.03900 0.99891 0.01855
0.15704 0.77195 0.59740 0.79042
0.22498 0.81579 0.65993 0.33949
0.78214 0.81981 0.44689 0.66279
0.83259 0.20357 0.12033 0.35646
0.79721 0.23887 0.39882 0.90087
0.11204 0.06003 0.63243 0.94454
0.05560 0.19328 0.97138 0.41190
0.51265 0.69758 0.10980 0.76624
0.94503 0.98094 0.12887 0.86374
0.16370 0.69734 0.05258 0.22279
0.75876 0.12200 0.32983 0.89013
0.00677 0.25866 0.35880 0.27700
0.46978 0.59068 0.60438 0.91552
0.07716 0.73562 0.65070 0.52285
0.70151 0.90297 0.82279 0.45690
0.45712 0.50895 0.49421 0.68906
0.98492 0.80072 0.66294 0.13064
0.54109 0.32823 0.96251 0.23775
0.80734 0.38161 0.15567 0.92080
0.15611 0.03813 0.54366 0.66050
0.15537 0.17040 0.25359 0.14121
0.89668 0.44769 0.80499 0.69177
0.42198 0.50249 0.50842 0.60728
0.34768 0.04220 0.00319 0.13728
0.38775 0.22805 0.59172 0.44605
0.96304 0.10503 0.37068 0.21915
0.32501 0.78023 0.71968 0.91766
0.56221 0.35319 0.22017 0.59220
0.44960 0.26290 0.39268 0.91923
0.09685 0.22247 0.84432 0.69359
0.38629 0.42499 0.63702 0.80212
0.49159 0.37951 0.54279 0.42059
0.35569 0.13018 0.44402 0.56870
0.82867 0.05741 0.88070 0.76809
0.24580 0.13732 0.10788 0.18238
0.94560 0.78644 0.78482 0.18718
0.80133 0.59791 0.13510 0.85566
0.39968 0.33874 0.08218 0.27872
0.47296 0.30968 0.90782 0.88878
0.35304 0.14721 0.49818 0.45145
0.95449 0.40960 0.58735 0.95515
0.82206 0.39416 0.93895 0.62898
0.92560 0.84175 0.79362 0.31280
0.18467 0.05772 0.15769 0.32664
0.23256 0.60620 0.73873 0.63390
0.96148 0.79490 0.66160 0.43717
0.94746 0.57701 0.90859 0.22770
0.68989 0.73453 0.31677 0.72450
0.14525 0.73087 0.22187 0.90197
0.11419 0.72652 0.67846 0.91974
0.76713 0.07048 0.31217 0.08665
0.46543 0.71627 0.26417 0.44927
0.90062 0.38614 0.08232 0.60667
0.70344 0.88642 0.82437 0.84767
0.01557 0.82741 0.45303 0.92869
0.83069 0.33769 0.31518 0.77390
0.12118 0.34548 0.15773 0.52936
0.47612 0.55121 0.79871 0.09869
0.29601 0.58481 0.16723 0.43240
0.01383 0.80388 0.71814 0.23038
0.22917 0.98505 0.68600 0.89824
0.59527 0.67694 0.08713 0.79987
0.43620 0.92165 0.49703 0.97830
0.81134 0.24566 0.38984 0.79195
0.01403 0.16043 0.21236 0.02513
0.14455 0.99020 0.71662 0.41754
0.39894 0.94628 0.27234 0.83236
0.57806 0.27890 0.44984 0.24708
0.33563 0.62688 0.06186 0.85440
0.54116 0.71018 0.42774 0.99762
0.63908 0.46640 0.23910 0.56460
0.70715 0.47559 0.55212 0.64159
0.40425 0.72786 0.78503 0.75193
0.49794 0.36390 0.89228 0.33386
0.54301 0.90513 0.46251 0.90690
0.94437 0.05741 0.88389 0.81284
0.07252 0.83857 0.09558 0.79626
0.14647 0.05378 0.74947 0.34575
0.12557 0.69752 0.65569 0.08011
0.45503 0.30534 0.14065 0.38012
0.00063 0.85494 0.38653 0.27661
0.99379 0.18684 0.44299 0.11306
0.85944 0.85177 0.03324 0.60173
0.24223 0.23659 0.06702 0.02674
0.08491 0.10672 0.45319 0.16134
0.32230 0.92346 0.60077 0.39890
0.38072 0.02422 0.03191 0.20083
0.53777 0.21407 0.77665 0.74231
0.93372 0.41952 0.50375 0.88831
0.80930 0.40442 0.66187 0.22168
0.49083 0.16937 0.54830 0.76368
0.80432 0.59842 0.54313 0.66829
0.93170 0.69312 0.82074 0.99335
0.29407 0.32345 0.81767 0.53085
0.89431 0.25363 0.69832 0.00697
0.01470 0.78139 0.58566 0.00589
0.87153 0.26354 0.38214 0.09313
0.88550 0.89151 0.82508 0.24015
0.86332 0.12306 0.31990 0.23951
0.50367 0.04616 0.41274 0.01996
0.90124 0.36053 0.08374 0.83360
0.58613 0.01628 0.20564 0.73493
0.04731 0.56900 0.46097 0.22922
0.51473 0.55397 0.53820 0.96645
0.28423 0.35554 0.70678 0.78353
0.81222 0.45286 0.43698 0.74138
0.42521 0.26078 0.60300 0.57283
0.23004 0.71843 0.54415 0.85502
0.10136 0.45925 0.80839 0.03406
0.92190 0.68791 0.99027 0.57725
0.25196 0.80894 0.64213 0.49199
0.99906 0.18796 0.09547 0.60751
0.19775 0.47289 0.04313 0.96333
0.88154 0.74145 0.36182 0.68200
0.31576 0.63774 0.91589 0.13896
0.30128 0.31321 0.51716 0.85903
0.25201 0.26855 0.21382 0.49119
0.48851 0.67353 0.56327 0.47292
0.47603 0.42509 0.37971 0.21841
0.59080 0.18900 0.38891 0.31451
0.05832 0.71725 0.56114 0.79363
0.70558 0.88679 0.22382 0.11289
0.43956 0.78234 0.18107 0.68912
0.79344 0.00892 0.76532 0.65173
0.47914 0.27480 0.42068 0.30143
0.38888 0.49219 0.93900 0.57512
0.20916 0.96033 0.55143 0.77151
0.24868 0.19131 0.27936 0.69698
0.57651 0.86946 0.24097 0.50119
0.25221 0.82618 0.54022 0.09298
0.67951 0.68174 0.98188 0.47852
0.62897 0.48729 0.83115 0.06441
0.20052 0.84074 0.41825 0.65126
0.55411 0.52873 0.82807 0.14074
0.84711 0.08459 0.72112 0.41266
0.43641 0.79177 0.99641 0.89337
0.16267 0.35337 0.97440 0.48370
0.40327 0.48203 0.50761 0.57943
0.18940 0.25385 0.01672 0.67964
0.93983 0.76534 0.63989 0.37637
0.90911 0.69471 0.71436 0.20803
0.24318 0.12576 0.70441 0.75116
0.16707 0.39822 0.82146 0.94811
0.74977 0.64207 0.73373 0.13269
0.43848 0.39209 0.28417 0.33251
0.51312 0.17517 0.30430 0.12603
0.87750 0.87651 0.86603 0.49476
0.69950 0.97231 0.60666 0.30416
0.63401 0.41547 0.45184 0.87247
0.87842 0.62710 0.85719 0.90288
0.41944 0.23033 0.90977 0.16155
0.18523 0.94879 0.48087 0.97713
0.46829 0.37440 0.25961 0.21144
0.75904 0.52800 0.60947 0.53490
0.78624 0.35787 0.56622 0.40040
0.19120 0.70505 0.85917 0.13770
0.34937 0.53022 0.66083 0.54327
0.73748 0.24726 0.85835 0.59550
0.43148 0.08328 0.68246 0.48285
0.16263 0.44149 0.59485 0.79372
0.37935 0.91309 0.09058 0.03830
0.94574 0.82760 0.61187 0.82399
0.96722 0.77131 0.81352 0.85090
0.34065 0.45069 0.62900 0.48327
0.88667 0.89700 0.80523 0.50466
0.74880 0.00602 0.09066 0.21430
0.38523 0.25767 0.86010 0.43699
0.57290 0.16095 0.94748 0.22453
0.19367 0.70368 0.40145 0.94970
0.32786 0.71604 0.30540 0.29346
0.97112 0.32169 0.60903 0.49020
0.54824 0.60029 0.35624 0.69493
0.26758 0.12227 0.57236 0.02449
0.21137 0.57087 0.61380 0.74135
0.33851 0.16503 0.11346 0.57516
0.01042 0.69129 0.60757 0.52702
0.38809 0.67606 0.63655 0.55072
0.10049 0.34218 0.92911 0.84878
0.83998 0.95248 0.52530 0.73184
0.57694 0.97733 0.42688 0.66563
0.03622 0.93489 0.94976 0.63047
0.93410 0.46491 0.57975 0.14177
0.23158 0.66713 0.90011 0.43113
0.21705 0.12500 0.86808 0.03952
0.67926 0.71813 0.39697 0.02030
0.44620 0.27217 0.38525 0.19553
0.57850 0.15668 0.02360 0.12022
0.13338 0.27159 0.95669 0.17116
0.33983 0.52435 0.61978 0.85997
0.64834 0.82126 0.07855 0.11783
0.13235 0.86445 0.66171 0.90113
0.74498 0.17069 0.20948 0.55704
0.40534 0.95160 0.39137 0.13643
0.52985 0.86555 0.29919 0.98956
0.07653 0.09035 0.25296 0.11871
0.80413 0.20494 0.12585 0.09100
0.61139 0.54579 0.13109 0.87383
0.73952 0.55293 0.03488 0.62387
0.91821 0.52031 0.72017 0.36028
0.07311 0.82372 0.60457 0.96367
0.72367 0.72522 0.25391 0.93076
0.30367 0.48205 0.62249 0.26921
0.37107 0.46964 0.16625 0.72961
0.35620 0.52900 0.73385 0.18309
0.32427 0.09283 0.21883 0.49342
0.42450 0.84370 0.35278 0.08497
0.80751 0.43160 0.81758 0.63392
0.88811 0.05534 0.16565 0.28394
0.55440 0.91530 0.61142 0.22072
0.34736 0.99089 0.73618 0.02523
0.86614 0.32526 0.78843 0.35075
0.94497 0.60374 0.70811 0.68565
0.95094 0.94480 0.14038 0.83591
0.86048 0.99469 0.96591 0.61686
0.22381 0.22756 0.34835 0.68340
0.02487 0.25913 0.48592 0.07773
0.40940 0.55936 0.78675 0.64835
0.97173 0.16602 0.90979 0.24500
0.78557 0.97850 0.96292 0.25582
0.14760 0.78377 0.16935 0.68423
0.59579 0.43227 0.99843 0.15154
0.54350 0.13285 0.51194 0.23070
0.75826 0.27485 0.34777 0.42154
0.22918 0.49754 0.55326 0.15534
0.62323 0.81315 0.42768 0.09530
0.08135 0.63698 0.70517 0.76997
0.03586 0.63920 0.53881 0.71368
0.15770 0.66949 0.13619 0.72085
0.84252 0.44747 0.43601 0.58620
0.98656 0.33103 0.83565 0.12217
0.97415 0.81605 0.93303 0.43469
0.17758 0.26468 0.83002 0.38201
0.17450 0.47761 0.41197 0.55311
0.28412 0.22156 0.20861 0.82563
0.23223 0.41708 0.26841 0.44324
0.90636 0.37901 0.65679 0.19082
0.53081 0.57379 0.80715 0.95183
0.48209 0.16751 0.49204 0.16768
0.21204 0.51537 0.70721 0.74307
0.01098 0.91060 0.55743 0.94122
0.96005 0.13862 0.33377 0.14149
0.90861 0.10650 0.05895 0.95091
0.49598 0.70495 0.08476 0.79896
0.42690 0.80847 0.87857 0.44908
0.30372 0.37281 0.78614 0.34542
0.43751 0.93049 0.50852 0.18438
0.79090 0.21240 0.16911 0.80543
0.30727 0.20261 0.95362 0.18127
0.37472 0.24113 0.62680 0.00542
0.75912 0.65778 0.36277 0.81825
0.05518 0.22022 0.05315 0.13804
0.25607 0.43814 0.57853 0.34666
0.03436 0.61129 0.19923 0.31708
0.37168 0.60288 0.39386 0.28745
0.61199 0.93565 0.66379 0.50438
0.81982 0.42188 0.11361 0.17232
0.83425 0.06911 0.40512 0.52327
0.71930 0.64533 0.43493 0.15056
0.99961 0.37695 0.20108 0.25204
0.30220 0.02382 0.87339 0.05282
0.23189 0.46235 0.07786 0.33809
0.49380 0.50783 0.64868 0.51525
0.14838 0.04165 0.21554 0.68139
0.36042 0.44251 0.86757 0.07021
0.46845 0.21383 0.64951 0.24407
0.54310 0.74899 0.86742 0.12466
0.57993 0.21414 0.90665 0.25370
0.72806 0.11460 0.01649 0.86546
0.71200 0.31093 0.02011 0.63332
0.47488 0.60683 0.30843 0.20155
0.73561 0.57660 0.70952 0.15697
0.64868 0.20936 0.83212 0.61596
0.09214 0.29483 0.42257 0.33564
0.42542 0.09723 0.43286 0.62381
0.02894 0.25605 0.86005 0.48777
0.06297 0.28873 0.60211 0.38528
0.23872 0.14995 0.70255 0.41153
0.40157 0.01854 0.99261 0.87232
0.47203 0.36923 0.38543 0.92402
0.45745 0.26539 0.06269 0.95768
0.72553 0.45414 0.44453 0.53887
0.78178 0.32809 0.56478 0.55845
0.06748 0.54322 0.83886 0.23220
0.56625 0.52870 0.08701 0.34041
0.11492 0.74885 0.69465 0.36562
0.28610 0.25902 0.84531 0.48038
0.67997 0.14727 0.88581 0.15442
0.29845 0.93196 0.51900 0.57107
0.96646 0.75016 0.27095 0.27877
0.56824 0.95022 0.35894 0.37654
0.00493 0.66031 0.68591 0.29103
0.03246 0.66041 0.85154 0.95858
0.08323 0.35628 0.35968 0.38963
0.40281 0.04841 0.23659 0.34894
0.61495 0.90596 0.22396 0.79107
0.68496 0.74369 0.23298 0.02381
0.63521 0.29301 0.31502 0.85121
0.87700 0.02905 0.71435 0.88803
0.07153 0.70278 0.01895 0.19768
0.58363 0.04327 0.72928 0.98718
0.40838 0.24596 0.37887 0.38131
0.49436 0.41669 0.08899 0.07462
0.95643 0.53994 0.20438 0.20099
0.24990 0.93039 0.08505 0.72730
0.77409 0.88806 0.73649 0.56131
0.17792 0.06930 0.97766 0.80257
0.93158 0.11923 0.50558 0.80197
0.95527 0.78341 0.47247 0.03636
0.47064 0.33719 0.32117 0.79448
0.18288 0.38833 0.10640 0.95938
0.17183 0.80381 0.25870 0.97835
0.52446 0.65363 0.16154 0.20684
0.76741 0.81971 0.95579 0.18532
0.33156 0.05883 0.15931 0.64280
0.99422 0.42289 0.00133 0.50116
0.18097 0.42873 0.85915 0.53187
0.27785 0.92267 0.19657 0.82756
0.77874 0.00894 0.43646 0.73030
0.31595 0.97231 0.70999 0.33827
0.18063 0.79743 0.76434 0.15307
0.57109 0.61451 0.48878 0.02712
0.99952 0.06705 0.42258 0.02024
0.43201 0.08625 0.57570 0.34179
0.42956 0.57314 0.83028 0.75495
0.62684 0.82293 0.35985 0.76182
0.20098 0.01323 0.97557 0.63749
0.89217 0.56751 0.96341 0.20807
0.79742 0.47057 0.94257 0.95887
0.84162 0.26077 0.08329 0.75299
0.36668 0.92986 0.51114 0.94467
0.24978 0.00264 0.71310 0.43630
0.17357 0.89013 0.40800 0.35721
0.85238 0.13148 0.82048 0.38584
0.49495 0.27979 0.65599 0.43679
0.89118 0.03040 0.17831 0.44880
0.02847 0.43274 0.70182 0.27871
0.35388 0.54793 0.30035 0.18701
0.20149 0.99749 0.56433 0.71790
0.89623 0.07471 0.87818 0.46607
0.68551 0.68040 0.29373 0.61662
0.63038 0.06632 0.46743 0.20560
0.21458 0.37252 0.57711 0.01337
0.75856 0.97223 0.19246 0.64286
0.84271 0.53242 0.75433 0.85069
0.80935 0.95408 0.87916 0.36246
0.48076 0.50774 0.27814 0.87659
0.52597 0.74100 0.56209 0.23147
0.97147 0.89680 0.05334 0.37010
0.32995 0.03615 0.83633 0.35632
0.55886 0.08842 0.48128 0.14928
0.86735 0.77589 0.36909 0.56532
0.64936 0.02077 0.98345 0.39894
0.44559 0.87107 0.15989 0.63192
0.71468 0.31606 0.77224 0.97472
0.46913 0.71646 0.73553 0.26684
0.66203 0.72176 0.02695 0.99918
0.42046 0.08400 0.60848 0.56393
0.46924 0.23796 0.44961 0.43720
0.07689 0.27082 0.67956 0.80144
0.45231 0.48126 0.92615 0.49146
0.77573 0.01108 0.02478 0.69321
0.79457 0.58638 0.07764 0.91084
0.03261 0.51102 0.75864 0.52771
0.80930 0.98538 0.49423 0.32768
0.62556 0.84754 0.48903 0.25748
0.57818 0.51236 0.22482 0.99444
0.04818 0.60819 0.14343 0.70201
0.55034 0.95121 0.16850 0.57756
0.77901 0.50417 0.95834 0.05380
0.66196 0.65224 0.41930 0.81969
0.56855 0.42390 0.73799 0.70681
0.78482 0.58714 0.37142 0.27147
0.73747 0.65495 0.38396 0.58133
0.59968 0.98728 0.03749 0.73209
0.32261 0.00814 0.50456 0.18985
0.23355 0.55242 0.80123 0.04572
0.48228 0.80290 0.85516 0.38220
0.36868 0.11439 0.95039 0.60609
0.07045 0.60314 0.59359 0.30878
0.68403 0.78084 0.68591 0.14064
0.39588 0.64138 0.01384 0.50043
0.60032 0.71273 0.38450 0.73247
0.70055 0.93733 0.40965 0.38747
0.75904 0.01691 0.72761 0.64584
0.74074 0.39347 0.77045 0.20130
0.91650 0.00856 0.42618 0.56208
0.23007 0.69732 0.91636 0.48851
0.30496 0.05468 0.13949 0.91488
0.25504 0.17831 0.68538 0.52017
0.67544 0.24036 0.00019 0.23447
0.69763 0.63873 0.35862 0.87269
0.53378 0.86025 0.04590 0.50261
0.21658 0.00120 0.42955 0.77228
0.95275 0.00591 0.81545 0.59944
0.71749 0.48674 0.79219 0.01417
0.19474 0.63559 0.70962 0.54741
0.28996 0.45366 0.59425 0.09065
0.06127 0.83073 0.64208 0.78783
0.48048 0.73295 0.60097 0.83907
0.08984 0.44118 0.39747 0.71069
0.92453 0.83130 0.51539 0.65125
0.86551 0.31374 0.04294 0.60341
0.34514 0.90405 0.20268 0.64036
0.95884 0.37811 0.73029 0.92703
0.28394 0.30449 0.09859 0.56764
0.18746 0.28377 0.74206 0.79280
0.76261 0.89183 0.28153 0.04251
0.44216 0.26926 0.35663 0.86448
0.90461 0.66294 0.58215 0.01688
0.10783 0.27839 0.51733 0.11640
0.86385 0.90670 0.55036 0.64701
0.17698 0.47916 0.83965 0.72101
0.60017 0.45696 0.67004 0.01271
0.61429 0.33129 0.26136 0.32231
0.81943 0.22651 0.67247 0.61261
0.77333 0.64907 0.65832 0.76151
0.71030 0.62391 0.24986 0.52119
0.74818 0.91436 0.66088 0.94257
0.01748 0.79663 0.32192 0.91446
0.25751 0.40223 0.45701 0.25705
0.54535 0.71744 0.81338 0.52314
0.63811 0.95462 0.56952 0.19682
0.20598 0.14756 0.07439 0.22222
0.36228 0.15137 0.28296 0.57670
0.10983 0.45896 0.70760 0.12163
0.56175 0.76597 0.97347 0.58293
0.82897 0.60320 0.38190 0.39869
0.03495 0.20601 0.73304 0.29059
0.96905 0.03569 0.71076 0.76771
0.68484 0.91172 0.82790 0.95600
0.15039 0.66196 0.69158 0.48305
0.15358 0.49652 0.01870 0.48428
0.07917 0.07026 0.55440 0.35369
0.63657 0.38108 0.70687 0.26126
0.62362 0.95927 0.12255 0.02626
0.49625 0.48509 0.75589 0.84828
0.98682 0.47714 0.92370 0.23499
0.19916 0.94397 0.13464 0.14973
0.10903 0.32584 0.43103 0.82855
0.00020 0.69358 0.47522 0.19019
0.25354 0.02157 0.57597 0.26008
0.52096 0.86004 0.57650 0.74526
0.31659 0.21807 0.67556 0.96431
0.74425 0.75397 0.87421 0.87117
0.96098 0.97041 0.33990 0.35487
0.86517 0.35642 0.72728 0.32072
0.54523 0.59731 0.13757 0.97968
0.40313 0.16017 0.70956 0.55582
0.05761 0.42486 0.53628 0.24849
0.90915 0.09768 0.30523 0.47644
0.20539 0.03622 0.23282 0.98111
0.28966 0.90497 0.20815 0.55493
0.64550 0.42474 0.29591 0.13177
0.85719 0.35524 0.39266 0.46424
0.85412 0.03011 0.68194 0.33330
0.25566 0.07850 0.41322 0.85687
0.89317 0.26112 0.28590 0.69299
0.35298 0.75866 0.06973 0.89585
0.08824 0.86198 0.90377 0.15064
0.08916 0.24112 0.10806 0.55177
0.39788 0.01245 0.58890 0.56764
0.16990 0.21806 0.37838 0.50575
0.63516 0.58116 0.32001 0.54638
0.91140 0.61491 0.39984 0.20266
0.50844 0.01074 0.23557 0.07630
0.83786 0.40757 0.31451 0.70582
0.58990 0.42365 0.98909 0.48879
0.36591 0.52806 0.99332 0.88702
0.60361 0.17032 0.39979 0.17683
0.48065 0.91108 0.00663 0.79774
0.41606 0.87561 0.13584 0.99043
0.90267 0.72672 0.17811 0.25074
0.55371 0.18198 0.82896 0.61679
0.40547 0.44915 0.59123 0.11887
0.03525 0.58997 0.75066 0.73526
0.95203 0.52758 0.39675 0.08225
0.53227 0.06563 0.14161 0.07413
0.59761 0.61816 0.24023 0.31226
0.85476 0.70863 0.36208 0.80163
0.06357 0.84471 0.04507 0.93615
0.84730 0.43076 0.44353 0.33140
0.43273 0.05878 0.59905 0.58168
0.75289 0.45144 0.70814 0.07168
0.31792 0.86049 0.51369 0.02317
0.67453 0.96475 0.20007 0.60331
0.74072 0.48596 0.76115 0.40419
0.95534 0.09149 0.20273 0.65735
0.73893 0.74285 0.95590 0.77664
0.61401 0.21908 0.64288 0.18712
0.57600 0.82227 0.87849 0.43678
0.48572 0.82836 0.84125 0.10649
0.06372 0.56766 0.65877 0.39291
0.49625 0.88196 0.42655 0.12107
0.25638 0.48917 0.70818 0.11991
0.32822 0.96781 0.44353 0.34847
0.21527 0.15354 0.07502 0.43120
0.86074 0.67855 0.45433 0.46372
0.38583 0.12084 0.26994 0.02771
0.60968 0.87797 0.14699 0.84647
0.79405 0.28263 0.85215 0.86136
0.12025 0.22406 0.73731 0.36338
0.02230 0.83743 0.59206 0.05103
0.82949 0.24777 0.47832 0.23198
0.45524 0.37875 0.67977 0.12722
0.74188 0.89116 0.98110 0.73383
0.93423 0.37295 0.55238 0.99314
0.28181 0.88800 0.08121 0.36798
0.72033 0.13803 0.31553 0.30991
0.65062 0.40421 0.14836 0.94601
0.59551 0.81341 0.81606 0.14010
0.87925 0.89780 0.50080 0.04625
0.14620 0.47590 0.38982 0.24745
0.23061 0.14237 0.31252 0.93702
0.35540 0.13664 0.77820 0.33988
0.55137 0.38155 0.18027 0.14222
0.56099 0.97789 0.55462 0.13856
0.28799 0.21716 0.64307 0.26316
0.75567 0.28842 0.75294 0.91446
0.17980 0.21369 0.19471 0.43622
0.37116 0.35272 0.19924 0.87328
0.47522 0.36939 0.10920 0.06755
0.90075 0.16098 0.37543 0.68231
0.09288 0.45544 0.40305 0.75443
0.11483 0.00226 0.97763 0.60650
0.64317 0.48274 0.13409 0.98284
0.03682 0.03892 0.97809 0.13083
0.06295 0.35181 0.71885 0.10122
0.75054 0.18772 0.84776 0.65865
0.70509 0.23786 0.86623 0.55672
0.15020 0.13458 0.45665 0.91729
0.97126 0.56812 0.39035 0.24259
0.70091 0.96956 0.41920 0.36993
0.31055 0.84302 0.51801 0.07176
0.94407 0.71273 0.48547 0.48916
0.48038 0.34250 0.75362 0.72674
0.45967 0.56863 0.85505 0.15893
0.87031 0.19466 0.43941 0.26051
0.32094 0.71626 0.89559 0.55056
0.02269 0.33385 0.68931 0.05338
0.44708 0.59065 0.66148 0.12169
0.32869 0.81192 0.14355 0.43806
0.98852 0.57047 0.54820 0.27467
0.35820 0.45281 0.81465 0.98444
0.44836 0.38845 0.11846 0.16506
0.00988 0.85285 0.01800 0.63196
0.18229 0.42114 0.76682 0.20811
0.49237 0.84745 0.10280 0.20719
0.21848 0.46320 0.46718 0.57756
0.33886 0.23708 0.59629 0.97943
0.49293 0.28397 0.67067 0.15268
0.79604 0.14563 0.19164 0.34305
0.28685 0.46679 0.67862 0.97131
0.15214 0.86194 0.03564 0.91260
0.19155 0.51754 0.23731 0.66566
0.03461 0.49189 0.25815 0.71748
0.77618 0.25584 0.24714 0.71966
0.65902 0.15456 0.70332 0.03021
0.44991 0.17891 0.86044 0.24827
0.78677 0.65440 0.39626 0.38331
0.33752 0.30977 0.30641 0.03890
0.57888 0.77224 0.90117 0.74210
0.93866 0.01867 0.70908 0.94567
0.21181 0.63566 0.94061 0.51959
0.62328 0.68098 0.99244 0.65915
0.19388 0.17755 0.83467 0.56553
0.23022 0.92888 0.41640 0.34898
0.96601 0.72242 0.58792 0.72884
0.35535 0.87672 0.39103 0.30561
0.07790 0.71528 0.68337 0.12879
0.31436 0.53032 0.23589 0.32725
0.00734 0.74455 0.17712 0.09011
0.42005 0.98619 0.42945 0.33738
0.25310 0.11785 0.75390 0.53287
0.91927 0.96038 0.71096 0.19527
0.00108 0.98711 0.44764 0.08819
0.61749 0.55308 0.74373 0.82996
0.04430 0.19730 0.98878 0.97537
0.79933 0.62610 0.56737 0.78941
0.11630 0.17049 0.87956 0.75938
0.72356 0.29957 0.49015 0.88798
0.50941 0.67362 0.37840 0.00745
0.87750 0.00551 0.15255 0.29797
0.80070 0.04033 0.96909 0.50187
0.35552 0.87041 0.09217 0.93703
0.71011 0.29525 0.17674 0.64628
0.39279 0.63660 0.02460 0.82477
0.43043 0.33541 0.29409 0.64363
0.46539 0.77851 0.57888 0.54045
0.02696 0.84659 0.82724 0.54556
0.15387 0.90901 0.33297 0.91646
0.06452 0.31775 0.56456 0.64479
0.90626 0.05563 0.47124 0.78007
0.38340 0.77703 0.94640 0.56606
0.79274 0.63155 0.74440 0.68336
0.42143 0.34587 0.65502 0.83022
0.81645 0.99197 0.48859 0.46021
0.77424 0.28688 0.34443 0.78311
0.09201 0.57812 0.41712 0.89791
0.18032 0.55482 0.26178 0.22478
0.04239 0.44240 0.19801 0.76353
0.38439 0.67276 0.62535 0.14601
0.25798 0.77261 0.64812 0.64380
0.96070 0.37735 0.12643 0.36796
0.38074 0.87356 0.62343 0.86112
0.65867 0.95161 0.28216 0.95118
0.97683 0.45445 0.20990 0.36446
0.03044 0.91358 0.66644 0.63077
0.24618 0.52342 0.58294 0.88288
0.09423 0.16256 0.27599 0.76611
0.80431 0.17853 0.58525 0.00979
0.38166 0.78796 0.79508 0.04776
0.36483 0.43192 0.57587 0.67137
0.68069 0.23307 0.31161 0.38637
0.22661 0.28702 0.04147 0.30742
0.94954 0.05595 0.97205 0.19960
0.98060 0.78062 0.25063 0.61834
0.13753 0.86275 0.76681 0.93749
0.40763 0.27802 0.30023 0.95495
0.06353 0.42226 0.70057 0.48633
0.73214 0.52719 0.32563 0.35018
0.27016 0.60363 0.66924 0.43899
0.37257 0.99549 0.46808 0.11387
0.66696 0.36867 0.62271 0.60882
0.20860 0.81175 0.39441 0.12495
0.51578 0.06711 0.69759 0.60480
0.80810 0.55401 0.44767 0.68054
0.11197 0.15752 0.32459 0.38652
0.29997 0.09173 0.19271 0.69038
0.30521 0.28304 0.61632 0.96368
0.14181 0.01360 0.07519 0.77754
0.82559 0.43550 0.77752 0.58637
0.28413 0.37048 0.59730 0.86654
0.55651 0.37655 0.09483 0.33744
0.09001 0.58758 0.02247 0.19312
0.33721 0.45938 0.65770 0.68082
0.84366 0.82626 0.29503 0.71682
0.31224 0.83728 0.73946 0.81293
0.53174 0.31929 0.41689 0.09809
0.04055 0.73842 0.62269 0.27758
0.90106 0.82875 0.12126 0.75262
0.21070 0.88434 0.59307 0.02878
0.51149 0.65342 0.35142 0.87318
0.35508 0.40135 0.06570 0.29255
0.59237 0.99749 0.24930 0.22501
0.96280 0.31456 0.59118 0.62601
0.61406 0.42113 0.30555 0.02968
0.77006 0.59107 0.46312 0.03742
0.86931 0.27041 0.93140 0.85390
0.56347 0.08078 0.16572 0.36796
0.64139 0.27770 0.24403 0.95265
0.78583 0.36878 0.93152 0.51144
0.12141 0.65864 0.43471 0.75588
0.41172 0.35766 0.20909 0.29731
0.68870 0.29709 0.46437 0.52070
0.95758 0.62089 0.05487 0.03768
0.81533 0.26287 0.08280 0.19190
0.88405 0.70823 0.50127 0.19742
0.83960 0.39006 0.13091 0.16006
0.23117 0.51247 0.30933 0.28047
0.85541 0.20120 0.92304 0.65441
0.49104 0.36934 0.62357 0.71467
0.01121 0.28260 0.03531 0.00803
0.83311 0.49762 0.56980 0.90468
0.71701 0.65764 0.24041 0.84087
0.45227 0.05458 0.91373 0.03313
0.88733 0.89764 0.63088 0.50507
0.77961 0.69068 0.82666 0.84518
0.53057 0.18149 0.80911 0.09454
0.89350 0.67667 0.43841 0.35847
0.99443 0.91800 0.59034 0.40731
0.15976 0.82226 0.80627 0.92699
0.13599 0.17311 0.55249 0.00814
0.50496 0.12736 0.54839 0.81019
0.26425 0.48521 0.69769 0.33444
0.78106 0.37062 0.37048 0.39175
0.23380 0.82087 0.92919 0.83790
0.90573 0.98050 0.90505 0.52124
0.28898 0.80395 0.36203 0.62584
0.07365 0.60188 0.07996 0.00980
0.71093 0.89086 0.67425 0.76402
0.79038 0.70672 0.62881 0.06844
0.04488 0.93101 0.98147 0.70336
0.13834 0.05839 0.88136 0.32367
0.17454 0.24471 0.33172 0.71206
0.09299 0.83921 0.38356 0.48122
0.92882 0.33466 0.19877 0.29414
0.23886 0.81265 0.49630 0.66292
0.45978 0.23683 0.31671 0.39172
0.23267 0.49080 0.24303 0.69525
0.45109 0.74394 0.11889 0.51312
0.29339 0.50848 0.54830 0.67275
0.49091 0.27252 0.14085 0.47575
0.49780 0.39610 0.29626 0.43188
0.16692 0.59948 0.72615 0.94592
0.91071 0.57801 0.00799 0.93693
0.50913 0.89713 0.15897 0.25840
0.04631 0.49252 0.09917 0.21597
0.59856 0.92260 0.19970 0.31058
0.62172 0.79728 0.71835 0.05455
0.74592 0.13699 0.50247 0.15996
0.03308 0.72632 0.25488 0.18335
0.09780 0.09026 0.57164 0.21871
0.88075 0.41883 0.79274 0.50038
0.65246 0.10854 0.79920 0.14008
0.74302 0.61649 0.15214 0.08862
0.33459 0.00740 0.77723 0.77528
0.41726 0.05535 0.43646 0.01886
0.66307 0.14977 0.16995 0.75337
0.36852 0.61283 0.76312 0.39463
0.57365 0.18029 0.34263 0.66043
0.05209 0.87250 0.96367 0.74196
0.28350 0.55413 0.56460 0.59948
0.53056 0.03153 0.86846 0.98473
0.93478 0.30523 0.24953 0.06458
0.31947 0.08671 0.45454 0.02187
0.49427 0.66593 0.41299 0.81739
0.54723 0.58227 0.09448 0.90559
0.35654 0.73906 0.90062 0.96442
0.50923 0.88379 0.95952 0.67526
0.42767 0.79522 0.57047 0.10179
0.27275 0.29402 0.55318 0.07909
0.97820 0.87153 0.33171 0.28913
0.34983 0.46963 0.28007 0.78374
0.29770 0.23019 0.45465 0.58572
0.48545 0.94798 0.06325 0.37035
0.29182 0.30552 0.54688 0.57099
0.68866 0.71036 0.33490 0.64611
0.56543 0.12652 0.96477 0.84390
0.60692 0.78708 0.19912 0.87676
0.65284 0.96547 0.17950 0.55507
0.81960 0.24063 0.30770 0.50323
0.13115 0.82360 0.10300 0.99798
0.64941 0.10083 0.81175 0.19131
0.47243 0.51653 0.48840 0.74411
0.91743 0.91873 0.51602 0.82923
0.15108 0.62285 0.08575 0.85370
0.03779 0.25048 0.09218 0.35111
0.49886 0.95515 0.29231 0.77788
0.83890 0.21106 0.43149 0.48521
0.18009 0.91052 0.00951 0.42232
0.96755 0.07456 0.94459 0.06731
0.52980 0.31055 0.45966 0.47898
0.73176 0.76135 0.44204 0.29092
0.52019 0.42055 0.39410 0.70338
0.97270 0.31424 0.97542 0.85081
0.28406 0.22257 0.06455 0.15273
0.01770 0.33277 0.93683 0.74485
0.16686 0.04593 0.85737 0.83016
0.64558 0.09212 0.02027 0.81394
0.99858 0.59589 0.23967 0.56024
0.65957 0.58796 0.34802 0.75477
0.10191 0.84307 0.52473 0.82693
0.12661 0.93630 0.80154 0.09457
0.32635 0.63929 0.24123 0.51167
0.84687 0.77774 0.48952 0.28618
0.76498 0.85206 0.47440 0.47763
0.53597 0.56057 0.01601 0.34748
0.21501 0.71501 0.99081 0.66293
0.72050 0.31605 0.91993 0.50589
0.30210 0.21695 0.84832 0.95929
0.96952 0.78312 0.54765 0.09263
0.60846 0.27450 0.06692 0.30269
0.20729 0.59599 0.40820 0.33585
0.25032 0.96339 0.53089 0.86320
0.15005 0.64785 0.62965 0.89127
0.88744 0.40311 0.59462 0.95808
0.93514 0.30521 0.20964 0.41306
0.65023 0.80636 0.55484 0.58194
0.52874 0.95865 0.95681 0.11705
0.54089 0.55503 0.06234 0.13976
0.49921 0.57718 0.20488 0.82323
0.78631 0.26357 0.43472 0.56236
0.60003 0.49001 0.31168 0.99336
0.84910 0.22474 0.30107 0.01654
0.21466 0.21069 0.64092 0.43908
0.60382 0.69048 0.53808 0.25254
0.29589 0.79934 0.14605 0.13063
0.12842 0.84115 0.96676 0.03444
0.36022 0.75264 0.64696 0.09456
0.29677 0.47846 0.78106 0.95275
0.30492 0.69920 0.24127 0.64890
0.67610 0.29083 0.47789 0.65387
0.51219 0.01833 0.46715 0.64166
0.24856 0.77659 0.29801 0.16737
0.92815 0.03110 0.80659 0.13268
0.98124 0.45996 0.15070 0.05250
0.68793 0.11319 0.31502 0.08491
0.47494 0.45247 0.25438 0.50817
0.10250 0.88342 0.72052 0.62362
0.81865 0.84775 0.39995 0.41287
0.45908 0.15993 0.16265 0.52742
0.95709 0.46224 0.83866 0.58273
0.46902 0.17177 0.87419 0.73356
0.56622 0.12333 0.22529 0.09845
0.90873 0.67416 0.61311 0.95791
0.10633 0.47599 0.25942 0.57652
0.70847 0.54436 0.02365 0.53879
0.16888 0.12326 0.54349 0.97975
0.21831 0.95183 0.76043 0.65304
0.06572 0.67296 0.12734 0.60464
0.27097 0.49244 0.66970 0.65693
0.94358 0.74390 0.19561 0.53738
0.11665 0.44918 0.57218 0.00605
0.92344 0.66505 0.32506 0.10093
0.80879 0.83247 0.59959 0.80051
0.24816 0.04521 0.46063 0.06969
0.89722 0.40216 0.26696 0.15719
0.95451 0.82453 0.66407 0.79987
0.34433 0.78079 0.03054 0.21138
0.67701 0.14206 0.97603 0.79363
0.15807 0.24904 0.35111 0.95165
0.71934 0.71411 0.82394 0.93389
0.43492 0.27443 0.52597 0.93866
0.45874 0.41250 0.74769 0.63616
0.93146 0.63865 0.19782 0.28415
0.33780 0.33566 0.73461 0.79904
0.71542 0.73655 0.66542 0.78884
0.51966 0.82833 0.30386 0.09123
0.48851 0.56231 0.05142 0.87755
0.18785 0.48802 0.27571 0.78299
0.50804 0.55137 0.28758 0.95839
0.80907 0.86022 0.42271 0.77953
0.53498 0.50258 0.06363 0.62828
0.38136 0.76537 0.87198 0.87650
0.37908 0.02360 0.57595 0.19779
0.48111 0.83781 0.43027 0.47089
0.01179 0.87303 0.01070 0.54867
0.98357 0.93934 0.60264 0.06677
0.38147 0.24318 0.34652 0.30306
0.14922 0.35475 0.98929 0.29490
0.96531 0.04679 0.08959 0.80907
0.96761 0.42031 0.15303 0.37124
0.60856 0.36150 0.37490 0.42468
0.61886 0.43293 0.22157 0.88837
0.95740 0.56471 0.77885 0.39104
0.27281 0.95704 0.01078 0.20072
0.04989 0.87614 0.43197 0.60662
0.65944 0.90145 0.85933 0.31029
0.19251 0.23587 0.53358 0.70911
0.46002 0.29057 0.08779 0.56324
0.66440 0.34796 0.83238 0.67628
0.08826 0.87019 0.14008 0.09059
0.80187 0.86814 0.12629 0.79436
0.31215 0.58955 0.96787 0.82898
0.30698 0.70091 0.18595 0.42990
0.35259 0.00986 0.47866 0.43412
0.02181 0.94740 0.51264 0.77621
0.86796 0.76720 0.10408 0.34779
0.86812 0.81920 0.92398 0.32063
0.06265 0.82291 0.51811 0.01924
0.12432 0.80390 0.97376 0.08398
0.95439 0.71530 0.27583 0.05013
0.94024 0.07540 0.31856 0.83190
0.94522 0.73491 0.54849 0.85145
0.24513 0.83058 0.86607 0.36928
0.92442 0.36755 0.58786 0.09115
0.69209 0.64785 0.37105 0.69126
0.83307 0.51580 0.42813 0.54906
0.19413 0.93986 0.94149 0.28631
0.16665 0.43031 0.25910 0.79031
0.54156 0.43043 0.80856 0.97191
0.93836 0.52553 0.41181 0.15432
0.64805 0.08672 0.54258 0.54627
0.14624 0.84704 0.96966 0.96610
0.92875 0.24122 0.44993 0.14451
0.51931 0.51883 0.10983 0.28301
0.88117 0.30530 0.51974 0.55059
0.26498 0.19275 0.28718 0.71859
0.67955 0.08700 0.60011 0.15038
0.27838 0.58338 0.52164 0.89957
0.09716 0.25744 0.95842 0.94178
0.54188 0.21669 0.79392 0.28012
0.70139 0.60027 0.36647 0.67426
0.52168 0.83229 0.09983 0.04078
0.03877 0.72556 0.53252 0.77503
0.86409 0.08492 0.55072 0.35160
0.82708 0.72369 0.25063 0.01839
0.78175 0.40812 0.32909 0.44200
0.54454 0.13090 0.21054 0.12615
0.03476 0.85017 0.08589 0.64973
0.44569 0.06904 0.14356 0.52461
0.60576 0.37970 0.48083 0.27688
0.19304 0.53337 0.17655 0.82000
0.30090 0.29980 0.45325 0.35613
0.45159 0.23330 0.91633 0.99282
0.74462 0.56336 0.76810 0.80082
0.07461 0.72907 0.73384 0.36276
0.71591 0.19586 0.20876 0.24701
0.07286 0.65959 0.59862 0.35003
0.63993 0.69857 0.33678 0.49393
0.15734 0.93199 0.21591 0.29730
0.05444 0.25788 0.17492 0.86388
0.68408 0.30063 0.24297 0.02899
0.72024 0.96972 0.38280 0.40817
0.09677 0.96659 0.03754 0.68704
0.62865 0.09457 0.92649 0.98150
0.51395 0.94394 0.25769 0.19886
0.68155 0.58020 0.57005 0.40187
0.35957 0.59811 0.25520 0.15986
0.87419 0.50645 0.11286 0.32831
0.14563 0.75773 0.90779 0.61181
0.79222 0.99993 0.06080 0.63699
0.80126 0.62895 0.46347 0.70969
0.17819 0.39004 0.96761 0.89937
0.80368 0.49806 0.06618 0.68230
0.43222 0.38623 0.60661 0.76158
0.88246 0.28951 0.63590 0.43813
0.16607 0.20977 0.09974 0.97262
0.16208 0.90015 0.98275 0.44863
0.82997 0.66268 0.60619 0.17987
0.77623 0.54969 0.82051 0.06588
0.15008 0.45925 0.72753 0.78024
0.25461 0.43988 0.72093 0.36231
0.32442 0.98064 0.73484 0.03781
0.77502 0.08728 0.60223 0.37131
0.11914 0.52883 0.15046 0.78000
0.35522 0.89734 0.76866 0.25526
0.57570 0.11712 0.35223 0.03997
0.88239 0.62622 0.01130 0.29974
0.31507 0.38623 0.52806 0.01116
0.76745 0.53966 0.06695 0.49551
0.13771 0.56887 0.83696 0.55354
0.80926 0.73207 0.62452 0.34958
0.40680 0.37804 0.24636 0.74665
0.19396 0.76620 0.58919 0.39323
0.86567 0.47175 0.01045 0.74226
0.01557 0.92101 0.66641 0.79685
0.83455 0.79274 0.89151 0.09749
0.37239 0.74403 0.58415 0.30076
0.59343 0.20169 0.53100 0.41862
0.99110 0.79976 0.20836 0.21607
0.65427 0.87816 0.09938 0.62517
0.76209 0.02433 0.78357 0.37380
0.15038 0.75272 0.89299 0.26315
0.74652 0.97687 0.39715 0.74433
0.08326 0.39850 0.96029 0.47616
0.89571 0.85186 0.66143 0.94204
0.07981 0.12077 0.11887 0.06052
0.55867 0.37539 0.76707 0.82704
0.50179 0.66441 0.21822 0.05108
0.18160 0.65349 0.88185 0.42914
0.37775 0.04899 0.60607 0.15036
0.24287 0.83995 0.07323 0.02015
0.07201 0.39657 0.10041 0.13157
0.87314 0.50356 0.44875 0.97407
0.77852 0.79417 0.04168 0.00067
0.34137 0.83666 0.89899 0.67720
0.77283 0.61363 0.81902 0.05907
0.76365 0.86643 0.23426 0.63204
0.20721 0.88126 0.56052 0.77411
0.59226 0.47565 0.70209 0.34382
0.61269 0.75213 0.67831 0.89384
0.29765 0.41857 0.34015 0.27261
0.27757 0.65016 0.30437 0.53963
0.22773 0.19976 0.09368 0.03664
0.88306 0.95618 0.58577 0.80664
0.82447 0.13723 0.95600 0.09488
0.11076 0.02344 0.58179 0.20987
0.89987 0.07286 0.02383 0.56778
0.63317 0.59900 0.49803 0.19049
0.20844 0.23149 0.34432 0.02180
0.64547 0.74405 0.63959 0.34408
0.58138 0.99133 0.30257 0.56279
0.01488 0.96816 0.14519 0.16165
0.92883 0.85761 0.08236 0.06110
0.09400 0.40332 0.84111 0.76416
0.49600 0.80090 0.11763 0.47308
0.32956 0.85007 0.90392 0.70895
0.41511 0.82325 0.73865 0.59776
0.50108 0.98231 0.70919 0.89297
0.60634 0.18178 0.50423 0.03550
0.16702 0.67069 0.36006 0.51659
0.92934 0.46574 0.92080 0.60958
0.77727 0.06415 0.84969 0.36395
0.85547 0.32903 0.93626 0.36645
0.57748 0.53098 0.28206 0.07185
0.64549 0.46019 0.76954 0.54111
0.86774 0.58299 0.36957 0.62137
0.15597 0.76325 0.57175 0.74301
0.11341 0.84726 0.11333 0.10923
0.45279 0.65197 0.41382 0.31870
0.10142 0.42754 0.47627 0.46551
0.87160 0.20080 0.90885 0.59192
0.43956 0.32815 0.15702 0.24341
0.99332 0.74273 0.48476 0.90630
0.61502 0.12077 0.44937 0.74467
0.43408 0.40547 0.56778 0.87411
0.23983 0.81808 0.12889 0.50134
0.05794 0.82250 0.01455 0.65116
0.56372 0.82990 0.79544 0.61119
0.16269 0.31170 0.68748 0.94780
0.94085 0.27658 0.57685 0.16425
0.28422 0.36451 0.29298 0.71236
0.18707 0.99847 0.71533 0.01551
0.50947 0.49512 0.86548 0.96213
0.40072 0.66407 0.35218 0.44878
0.26180 0.15571 0.79941 0.43357
0.89604 0.04851 0.97693 0.52877
0.28387 0.00117 0.74521 0.46773
0.12493 0.44002 0.71144 0.47784
