0.26677 0.96381 0.04643 0.33809
0.88892 0.88057 0.73712 0.78208
0.14851 0.86854 0.97433 0.73948
0.34989 0.34314 0.38960 0.94261
0.60174 0.69528 0.35305 0.36820
0.04198 0.95754 0.25256 0.43744
0.10152 0.71246 0.09461 0.50163
0.15288 0.17904 0.15133 0.59792
0.52515 0.19711 0.50064 0.22683
0.64152 0.82676 0.44800 0.70374
0.03839 0.57331 0.16437 0.52939
0.12206 0.35907 0.94645 0.77157
0.03818 0.25742 0.34541 0.08094
0.07542 0.42936 0.58754 0.57241
0.05218 0.02986 0.32375 0.72821
0.07358 0.52199 0.16009 0.39481
0.67174 0.61814 0.66410 0.69518
0.51285 0.98428 0.76298 0.49219
0.02978 0.93789 0.47948 0.27884
0.45886 0.49574 0.86466 0.79249
0.30095 0.22035 0.64797 0.75416
0.17937 0.23000 0.13107 0.62726
0.70559 0.71845 0.23100 0.78958
0.16236 0.02726 0.96659 0.42440
0.85842 0.77522 0.40725 0.68604
0.21905 0.57648 0.87376 0.60918
0.82589 0.70958 0.23498 0.44511
0.77276 0.09153 0.40938 0.37017
0.62149 0.02485 0.96931 0.02190
0.81409 0.41294 0.63302 0.63062
0.92220 0.42142 0.47447 0.52496
0.77430 0.00622 0.01132 0.05319
0.92312 0.75052 0.75318 0.88165
0.72038 0.28629 0.26175 0.70887
0.35644 0.18342 0.74909 0.03999
0.33930 0.68715 0.86871 0.42974
0.60862 0.14101 0.43620 0.08951
0.63843 0.41519 0.70932 0.63609
0.64087 0.91377 0.51252 0.78754
0.38491 0.01079 0.23007 0.30340
0.19450 0.65829 0.79463 0.09449
0.06091 0.57071 0.87613 0.76524
0.08674 0.41311 0.34209 0.94217
0.71483 0.37886 0.73411 0.52023
0.19231 0.28057 0.63710 0.47427
0.35203 0.48307 0.91419 0.33174
0.18620 0.23222 0.20866 0.03258
0.70198 0.06471 0.71219 0.82523
0.95977 0.63358 0.44770 0.19936
0.39553 0.64908 0.76625 0.37691
0.80341 0.04838 0.44372 0.19093
0.20772 0.09251 0.73545 0.86718
0.48611 0.22959 0.87549 0.31476
0.48380 0.98566 0.18900 0.52356
0.42018 0.46064 0.52605 0.48635
0.09997 0.82794 0.31426 0.75786
0.97575 0.11889 0.57868 0.23352
0.87229 0.25284 0.98840 0.32140
0.32605 0.04499 0.44105 0.95682
0.00748 0.12975 0.18931 0.55713
0.85162 0.45101 0.65933 0.01054
0.06723 0.10503 0.94594 0.08030
0.89678 0.46782 0.29781 0.06927
0.18377 0.39519 0.34382 0.03036
0.86783 0.46620 0.63032 0.75604
0.11693 0.48553 0.04654 0.33839
0.02140 0.78300 0.19100 0.28742
0.33118 0.35183 0.51149 0.48395
0.89396 0.35424 0.46473 0.21487
0.62082 0.05179 0.16125 0.63673
0.32882 0.11873 0.60453 0.76515
0.71183 0.80043 0.47717 0.44444
0.22309 0.93215 0.89986 0.91283
0.71159 0.53451 0.54248 0.62140
0.42695 0.08022 0.72377 0.00760
0.58389 0.80626 0.86637 0.95948
0.28036 0.56352 0.42168 0.44559
0.68603 0.49879 0.19603 0.62910
0.83791 0.07933 0.49105 0.81999
0.73626 0.42491 0.30185 0.42764
0.79804 0.96644 0.42722 0.61352
0.66700 0.23579 0.67317 0.60179
0.07957 0.61859 0.31268 0.46627
0.23770 0.69209 0.72622 0.06117
0.69208 0.36988 0.58166 0.70077
0.92334 0.74123 0.55795 0.06555
0.48364 0.44508 0.70496 0.75898
0.72905 0.73328 0.78850 0.45395
0.72350 0.86659 0.72725 0.84404
0.54945 0.84674 0.70202 0.44084
0.46003 0.42594 0.02049 0.83890
0.78438 0.05185 0.11812 0.24982
0.03203 0.96802 0.62399 0.22571
0.02742 0.82335 0.99510 0.88604
0.49089 0.30802 0.38266 0.25753
0.79116 0.80706 0.38929 0.63831
0.02480 0.65637 0.86993 0.18421
0.46480 0.79333 0.28976 0.27209
0.03927 0.53520 0.60480 0.83120
0.73589 0.33259 0.56081 0.36235
0.35945 0.72616 0.28133 0.09426
0.50746 0.71396 0.91561 0.80767
0.38160 0.07095 0.02285 0.97899
0.78410 0.64501 0.35401 0.76529
0.85273 0.12036 0.56301 0.71802
0.53251 0.77483 0.01592 0.48518
0.06416 0.60315 0.82632 0.69332
0.14482 0.86841 0.89699 0.44354
0.23036 0.99035 0.27076 0.93180
0.07932 0.52393 0.72275 0.34656
0.38497 0.58667 0.78491 0.61541
0.83386 0.99960 0.35206 0.78884
0.67214 0.16731 0.70517 0.62922
0.19341 0.49626 0.28628 0.58663
0.05377 0.81376 0.11717 0.71937
0.93880 0.92848 0.00043 0.66887
0.78493 0.98088 0.44897 0.58621
0.70210 0.40241 0.42499 0.30109
0.83879 0.90453 0.08654 0.67630
0.05305 0.63914 0.43251 0.06249
0.94018 0.62154 0.59554 0.72974
0.19080 0.26019 0.71474 0.95629
0.49996 0.40796 0.30535 0.50030
0.69853 0.05131 0.06518 0.57740
0.19649 0.04350 0.70254 0.13240
0.70283 0.44896 0.61271 0.40098
0.75715 0.70867 0.04703 0.25779
0.15908 0.18464 0.66342 0.42072
0.75737 0.39881 0.21236 0.10488
0.97335 0.38384 0.98960 0.64153
0.45404 0.58656 0.55539 0.98530
0.72740 0.67224 0.60122 0.33437
0.06854 0.34473 0.08638 0.06764
0.69248 0.78979 0.49641 0.95604
0.00659 0.89604 0.38098 0.25995
0.65986 0.91843 0.88875 0.46964
0.15608 0.18751 0.38142 0.59314
0.54409 0.67298 0.22863 0.70995
0.05077 0.07039 0.66692 0.19726
0.44839 0.23536 0.39852 0.17070
0.83942 0.10587 0.10852 0.45660
0.53191 0.36280 0.54571 0.51588
0.36728 0.03512 0.25804 0.50502
0.50092 0.68852 0.37812 0.11150
0.13100 0.64972 0.13767 0.83664
0.89527 0.94272 0.00472 0.41878
0.46532 0.34267 0.38775 0.71978
0.70761 0.92408 0.88439 0.23454
0.42917 0.28753 0.14483 0.13945
0.47991 0.08979 0.49622 0.34027
0.65944 0.79736 0.40463 0.55142
0.80512 0.41709 0.38667 0.00537
0.39593 0.31018 0.49657 0.69547
0.32335 0.71357 0.71513 0.61409
0.78240 0.16746 0.28978 0.91342
0.95681 0.53320 0.22205 0.78873
0.37533 0.09252 0.04739 0.94592
0.90709 0.59329 0.13015 0.32062
0.87568 0.71161 0.05311 0.92483
0.69340 0.91495 0.58961 0.52990
0.02943 0.73496 0.82445 0.59365
0.70539 0.15673 0.39846 0.86953
0.83260 0.20401 0.82087 0.42538
0.04636 0.19461 0.75531 0.12636
0.61628 0.46490 0.11639 0.57761
0.06626 0.76487 0.71247 0.59345
0.44596 0.28799 0.23176 0.91097
0.03380 0.76682 0.91963 0.92105
0.54354 0.95750 0.67918 0.27121
0.74334 0.06599 0.46519 0.68433
0.93664 0.07122 0.71040 0.63910
0.47283 0.00434 0.43801 0.90040
0.42066 0.58854 0.14773 0.59998
0.54707 0.38152 0.39124 0.49175
0.92630 0.95334 0.99263 0.12700
0.05723 0.26142 0.34678 0.20023
0.62942 0.07067 0.28000 0.61153
0.98457 0.29706 0.55830 0.55258
0.53803 0.91334 0.38549 0.34429
0.27019 0.12401 0.08938 0.45310
0.94036 0.09429 0.93679 0.33923
0.35366 0.85167 0.66786 0.44833
0.98977 0.00826 0.78431 0.81339
0.72652 0.55268 0.13567 0.13141
0.20148 0.85072 0.11019 0.39573
0.05168 0.16827 0.30833 0.17568
0.82111 0.69372 0.08089 0.81875
0.04879 0.80199 0.95215 0.71363
0.50996 0.63418 0.58790 0.93701
0.64970 0.52813 0.01611 0.25361
0.12857 0.16553 0.87920 0.41025
0.12674 0.73186 0.28193 0.98699
0.26998 0.42886 0.68908 0.25794
0.82891 0.24661 0.60735 0.71828
0.27641 0.40686 0.95883 0.34446
0.78271 0.89636 0.57159 0.87723
0.75453 0.34648 0.90487 0.04148
0.37090 0.69498 0.48231 0.74417
0.59839 0.86328 0.36167 0.57136
0.55484 0.14883 0.58455 0.29924
0.25111 0.09865 0.40011 0.08419
0.26080 0.55690 0.30208 0.33220
0.11076 0.51878 0.28042 0.59278
0.02181 0.99666 0.35792 0.55527
0.08925 0.14975 0.16098 0.35209
0.74855 0.49671 0.62911 0.47701
0.28522 0.78320 0.61956 0.40602
0.09719 0.89861 0.84115 0.89744
0.75107 0.65244 0.40214 0.70670
0.29340 0.06716 0.29678 0.98360
0.24032 0.16421 0.01688 0.56441
0.96963 0.70634 0.50397 0.80696
0.09598 0.62757 0.73955 0.38369
0.26037 0.80804 0.70174 0.26626
0.99559 0.08563 0.62511 0.29928
0.04028 0.06493 0.55050 0.54928
0.07206 0.48913 0.44389 0.72000
0.25573 0.15130 0.87455 0.03994
0.30145 0.92762 0.56752 0.69470
0.30954 0.70520 0.66651 0.80262
0.23124 0.12853 0.93780 0.82985
0.74221 0.46572 0.23881 0.60122
0.27758 0.18081 0.89958 0.85673
0.15063 0.13883 0.28141 0.34514
0.68968 0.77596 0.97145 0.97718
0.34524 0.14447 0.69528 0.60617
0.11265 0.69322 0.63791 0.32382
0.08878 0.97360 0.96118 0.02257
0.03415 0.10461 0.94367 0.82655
0.29332 0.61878 0.35933 0.89065
0.68652 0.77532 0.14636 0.93845
0.01382 0.85036 0.37426 0.82645
0.96300 0.59714 0.78923 0.33960
0.18438 0.15214 0.93550 0.15163
0.50822 0.68152 0.72392 0.43522
0.70944 0.15402 0.93910 0.39112
0.73147 0.72282 0.50819 0.01147
0.21901 0.50236 0.12014 0.73993
0.70390 0.49256 0.67450 0.65146
0.91876 0.87802 0.07170 0.01408
0.16300 0.12822 0.82311 0.48574
0.78352 0.79864 0.45364 0.55670
0.06590 0.59956 0.62149 0.48560
0.17569 0.36780 0.70071 0.90923
0.78779 0.49960 0.18134 0.61669
0.74288 0.63658 0.34860 0.22055
0.50979 0.44746 0.60348 0.13108
0.35268 0.14257 0.27149 0.34125
0.19997 0.09022 0.16976 0.47317
0.92013 0.83525 0.05968 0.83948
0.22773 0.36399 0.55643 0.71554
0.48014 0.39329 0.02755 0.62095
0.83509 0.30331 0.69251 0.04211
0.40997 0.43357 0.76971 0.70025
0.93156 0.73575 0.10364 0.52978
0.22361 0.14233 0.03986 0.96412
0.56548 0.34842 0.03084 0.87899
0.98520 0.19367 0.00445 0.57317
0.43191 0.33956 0.78004 0.01288
0.80720 0.19107 0.23335 0.55040
0.49037 0.71178 0.76389 0.79560
0.73403 0.91394 0.82682 0.08966
0.10466 0.73177 0.38750 0.97095
0.37752 0.32016 0.25072 0.37761
0.30530 0.96725 0.50893 0.62238
0.70225 0.76234 0.80413 0.86739
0.10256 0.64505 0.93132 0.84774
0.19054 0.83480 0.55921 0.44383
0.16991 0.85750 0.64404 0.88029
0.77968 0.13981 0.52826 0.38879
0.30713 0.52019 0.30579 0.48001
0.36596 0.24147 0.76508 0.39240
0.92227 0.82330 0.71636 0.49742
0.88357 0.24320 0.33462 0.05323
0.44994 0.25284 0.58874 0.67880
0.08441 0.25144 0.92501 0.73829
0.15334 0.05533 0.09442 0.60848
0.44845 0.14075 0.09046 0.12498
0.39325 0.07552 0.78826 0.92981
0.25859 0.97699 0.78904 0.46478
0.86275 0.61128 0.69915 0.51940
0.47757 0.59549 0.72694 0.95493
0.92421 0.74667 0.52764 0.42492
0.03495 0.66372 0.73789 0.41993
0.92629 0.94717 0.39808 0.08964
0.62094 0.79574 0.61941 0.24870
0.29550 0.11123 0.42788 0.18277
0.91822 0.93875 0.10570 0.74598
0.42861 0.43188 0.07073 0.53194
0.20077 0.86703 0.90852 0.11709
0.82283 0.18873 0.33249 0.08612
0.05880 0.95063 0.86516 0.95921
0.88993 0.07702 0.96309 0.85659
0.66288 0.24885 0.10848 0.82289
0.80872 0.28739 0.42133 0.93551
0.81347 0.01286 0.75039 0.03990
0.31448 0.97235 0.62380 0.89417
0.92353 0.58004 0.40005 0.05845
0.28395 0.76188 0.60995 0.63170
0.53376 0.20160 0.80517 0.34381
0.47558 0.52685 0.97516 0.87621
0.77117 0.95484 0.99220 0.35187
0.84926 0.77967 0.83521 0.69467
0.98830 0.32694 0.61490 0.34401
0.28061 0.78021 0.60487 0.74641
0.94758 0.84786 0.68136 0.55496
0.20649 0.99000 0.52904 0.80242
0.43092 0.33190 0.47357 0.13247
0.32531 0.69318 0.64444 0.27610
0.80011 0.89546 0.51791 0.20916
0.64452 0.27172 0.00239 0.36399
0.74068 0.49169 0.30486 0.20344
0.23088 0.49309 0.02554 0.46626
0.33373 0.04739 0.34802 0.76165
0.74070 0.35791 0.33169 0.81210
0.99513 0.60655 0.76320 0.96881
0.95145 0.45131 0.38261 0.81957
0.82383 0.10555 0.82516 0.75961
0.64920 0.80933 0.77895 0.84128
0.61384 0.42642 0.68656 0.64077
0.85784 0.84145 0.79322 0.37965
0.72431 0.13085 0.60924 0.74669
0.13487 0.87470 0.53990 0.36925
0.00703 0.56240 0.87041 0.40994
0.24601 0.61950 0.45202 0.43278
0.98308 0.45418 0.55455 0.31612
0.68043 0.09279 0.94508 0.02429
0.36014 0.77267 0.39419 0.83222
0.38597 0.09093 0.26494 0.23235
0.68085 0.89678 0.23399 0.05252
0.72106 0.36678 0.12551 0.06991
0.68477 0.15279 0.15390 0.92263
0.41223 0.34741 0.91175 0.99479
0.96385 0.61232 0.29839 0.48378
0.48453 0.22369 0.52252 0.51238
0.18887 0.29494 0.20726 0.59512
0.05549 0.06827 0.09127 0.29732
0.30750 0.99794 0.06320 0.92066
0.99358 0.89698 0.03052 0.33289
0.81629 0.62991 0.23630 0.97573
0.54204 0.57655 0.79874 0.48440
0.02702 0.33204 0.57473 0.95327
0.59822 0.26917 0.78538 0.39041
0.89894 0.60049 0.81888 0.05948
0.26466 0.02633 0.39490 0.19381
0.78195 0.30676 0.62972 0.66661
0.62377 0.85313 0.65517 0.68937
0.16893 0.59628 0.35951 0.66426
0.78842 0.43138 0.44437 0.91666
0.74108 0.67703 0.26535 0.61364
0.64197 0.99939 0.54521 0.36791
0.14284 0.62513 0.31725 0.06524
0.77658 0.70220 0.16594 0.81799
0.40530 0.53192 0.15025 0.68872
0.38161 0.04282 0.07376 0.69748
0.96283 0.53525 0.18422 0.15357
0.85795 0.72950 0.32605 0.38193
0.85845 0.18940 0.95850 0.74489
0.49045 0.98147 0.69890 0.47920
0.33071 0.14876 0.68276 0.97665
0.26572 0.76221 0.36210 0.50057
0.90200 0.44036 0.95590 0.47965
0.70636 0.16722 0.19411 0.40036
0.94072 0.66298 0.02264 0.06244
0.00691 0.51837 0.01933 0.39893
0.49474 0.50954 0.03472 0.08539
0.81041 0.36295 0.97216 0.19439
0.90877 0.21331 0.28582 0.80990
0.47863 0.03310 0.47585 0.74406
0.90335 0.77374 0.74619 0.36935
0.51405 0.59538 0.62725 0.61808
0.42902 0.30110 0.18605 0.25731
0.33848 0.16414 0.58841 0.25137
0.46139 0.14627 0.07817 0.86115
0.57476 0.41408 0.58547 0.25082
0.47818 0.24823 0.08970 0.56645
0.94196 0.25007 0.55803 0.02666
0.30490 0.34021 0.83927 0.99082
0.76080 0.88616 0.07119 0.27293
0.37512 0.30855 0.03676 0.14283
0.16092 0.78615 0.88944 0.91929
0.08618 0.87096 0.34426 0.02760
0.07503 0.45152 0.45921 0.82488
0.44514 0.74789 0.63521 0.16100
0.93768 0.13615 0.45580 0.53045
0.54912 0.21758 0.00040 0.13925
0.71823 0.82771 0.85946 0.42847
0.28385 0.95081 0.06905 0.26925
0.39498 0.73764 0.91928 0.58256
0.70379 0.12451 0.36652 0.59817
0.06040 0.44938 0.68326 0.41390
0.41154 0.99864 0.24171 0.51516
0.17608 0.67170 0.44143 0.85456
0.22087 0.69822 0.06109 0.89790
0.87936 0.82266 0.40887 0.71093
0.14821 0.77433 0.14092 0.35036
0.41517 0.42515 0.11698 0.12175
0.77776 0.49123 0.91527 0.87098
0.22554 0.78493 0.77000 0.01291
0.02395 0.15701 0.22836 0.64078
0.59972 0.56427 0.22504 0.29361
0.54715 0.60422 0.84998 0.39100
0.39018 0.16119 0.83467 0.93893
0.48471 0.53426 0.49618 0.86097
0.28773 0.30210 0.02053 0.06666
0.33381 0.99300 0.45148 0.33773
0.64707 0.66112 0.59221 0.93592
0.89003 0.62202 0.24371 0.81720
0.90753 0.64620 0.82461 0.17975
0.42744 0.77902 0.05867 0.82993
0.58111 0.62736 0.28482 0.08070
0.01059 0.50347 0.54707 0.81490
0.09691 0.32985 0.91496 0.87504
0.32087 0.21987 0.92506 0.99785
0.70060 0.83897 0.53708 0.70731
0.68209 0.99825 0.03194 0.45105
0.99257 0.20697 0.12119 0.56072
0.74956 0.14130 0.72535 0.43011
0.17225 0.24163 0.67766 0.41250
0.34448 0.82998 0.30515 0.12016
0.04656 0.36023 0.92075 0.29464
0.40645 0.64645 0.87010 0.39881
0.92949 0.10349 0.29261 0.66658
0.17309 0.18260 0.81120 0.09041
0.60423 0.83517 0.82709 0.69522
0.02075 0.01720 0.53105 0.29084
0.86288 0.34867 0.05933 0.56537
0.30069 0.34479 0.28116 0.08828
0.97455 0.29038 0.56616 0.12126
0.42127 0.65045 0.20592 0.31889
0.77293 0.23135 0.55392 0.78460
0.41710 0.83869 0.40811 0.97829
0.48733 0.19478 0.79523 0.54789
0.60069 0.08959 0.86882 0.93741
0.74527 0.31733 0.27930 0.26769
0.66727 0.50774 0.73071 0.19355
0.21452 0.38152 0.36343 0.69184
0.25335 0.73334 0.41027 0.51338
0.12769 0.43783 0.30994 0.38558
0.78403 0.82757 0.99903 0.34908
0.29898 0.31402 0.99356 0.64328
0.62623 0.16400 0.78619 0.52702
0.53439 0.12135 0.98984 0.25784
0.92053 0.18359 0.88946 0.61274
0.65378 0.13433 0.36361 0.64114
0.57832 0.82468 0.91594 0.47362
0.22805 0.87143 0.62260 0.55303
0.18793 0.13422 0.35368 0.38796
0.57173 0.21209 0.85632 0.40113
0.65607 0.77695 0.39433 0.92351
0.43185 0.36748 0.79039 0.02334
0.17432 0.57116 0.19751 0.41262
0.77448 0.28809 0.53927 0.96690
0.61015 0.92639 0.10363 0.19132
0.13308 0.79836 0.60802 0.06404
0.85858 0.21384 0.59758 0.99372
0.67225 0.59065 0.77662 0.94318
0.49983 0.91566 0.95778 0.89121
0.68827 0.55159 0.87844 0.52538
0.39298 0.97205 0.55633 0.76766
0.14791 0.26393 0.77700 0.44307
0.55261 0.39049 0.53921 0.54817
0.90976 0.82898 0.71185 0.45791
0.97214 0.15137 0.22610 0.79645
0.80625 0.81243 0.62976 0.00560
0.31156 0.12830 0.53654 0.76525
0.20281 0.41118 0.74181 0.57323
0.42312 0.43565 0.29550 0.86506
0.85412 0.78131 0.21502 0.60766
0.38947 0.73715 0.24944 0.29854
0.80084 0.20770 0.27304 0.24655
0.69928 0.46792 0.85107 0.42451
0.29091 0.37763 0.16572 0.83761
0.06827 0.34474 0.39873 0.12244
0.78083 0.67115 0.26083 0.52405
0.15377 0.12837 0.44910 0.27626
0.28870 0.45529 0.81556 0.50749
0.31828 0.08172 0.73043 0.12815
0.06424 0.69302 0.62644 0.63533
0.19779 0.83139 0.96405 0.02591
0.47738 0.42131 0.86239 0.63842
0.85078 0.36688 0.56733 0.99354
0.31091 0.40898 0.19248 0.58181
0.34386 0.06675 0.85864 0.10518
0.89534 0.86346 0.44841 0.14889
0.64155 0.48550 0.21133 0.23942
0.23966 0.22119 0.19695 0.68501
0.77421 0.27856 0.02586 0.25560
0.55965 0.98652 0.01050 0.10245
0.81869 0.50000 0.19876 0.97883
0.82519 0.23357 0.80007 0.32732
0.29301 0.48636 0.37280 0.13593
0.01888 0.91451 0.09888 0.55418
0.58090 0.30819 0.61370 0.92263
0.26890 0.60552 0.95385 0.59488
0.97929 0.27777 0.27932 0.34937
0.84923 0.60811 0.17143 0.64632
0.85531 0.21959 0.61089 0.13803
0.78735 0.55534 0.70977 0.01714
0.45676 0.49222 0.08214 0.55031
0.71516 0.52641 0.37226 0.82704
0.74640 0.23940 0.53683 0.22154
0.16516 0.42061 0.84973 0.19346
0.04190 0.54158 0.65315 0.23490
0.29872 0.20481 0.50899 0.10739
0.19369 0.01477 0.84623 0.02353
0.06435 0.57856 0.67256 0.15660
0.63272 0.52608 0.87671 0.57349
0.74398 0.31406 0.70352 0.35514
0.44918 0.50643 0.50918 0.30730
0.61967 0.57361 0.38534 0.18969
0.56719 0.57380 0.84490 0.15376
0.64083 0.88776 0.71302 0.19642
0.08801 0.34797 0.11063 0.39841
0.29782 0.46495 0.26411 0.76212
0.00677 0.50289 0.11211 0.64530
0.26732 0.17544 0.00885 0.58906
0.87446 0.98846 0.95002 0.50758
0.32593 0.66001 0.92988 0.76723
0.22605 0.64190 0.52467 0.12432
0.85733 0.49325 0.41747 0.22591
0.02999 0.33732 0.29438 0.66368
0.38558 0.48937 0.63328 0.64546
0.84990 0.28198 0.07454 0.20493
0.00092 0.43212 0.09638 0.82139
0.96472 0.63769 0.82160 0.44378
0.87139 0.45303 0.58691 0.35878
0.96401 0.17296 0.29432 0.65814
0.65642 0.26147 0.66809 0.93938
0.03815 0.57755 0.20716 0.78428
0.70915 0.80717 0.18493 0.80821
0.38504 0.21301 0.28086 0.95622
0.18662 0.59024 0.49339 0.59228
0.22069 0.05106 0.98557 0.92237
0.56216 0.59096 0.61126 0.55804
0.27948 0.23360 0.08832 0.75079
0.22040 0.76951 0.99474 0.08351
0.74645 0.26846 0.30108 0.99780
0.29667 0.40992 0.98232 0.49568
0.47511 0.21859 0.13675 0.93404
0.26675 0.29001 0.15411 0.41138
0.70579 0.77362 0.29248 0.42412
0.91330 0.56571 0.66892 0.59559
0.92306 0.76679 0.94891 0.41392
0.83669 0.23377 0.67314 0.55065
0.85648 0.83142 0.02346 0.66522
0.32893 0.13653 0.84064 0.86113
0.08322 0.45505 0.49204 0.85531
0.20609 0.37677 0.06228 0.28749
0.57169 0.95812 0.94319 0.41546
0.69284 0.60904 0.57313 0.10051
0.10162 0.86875 0.85601 0.03338
0.14796 0.68759 0.39015 0.69139
0.06643 0.60300 0.76805 0.81015
0.90054 0.91065 0.90162 0.87488
0.36014 0.76430 0.01999 0.52051
0.66754 0.25953 0.81292 0.59474
0.63739 0.24471 0.37954 0.95163
0.69111 0.02343 0.18670 0.69359
0.32940 0.89805 0.81939 0.86815
0.24906 0.26399 0.52714 0.05650
0.32748 0.12085 0.91784 0.92186
0.19475 0.13062 0.59024 0.13305
0.01608 0.27950 0.23610 0.04480
0.78196 0.79552 0.88007 0.89334
0.98567 0.24666 0.15416 0.31337
0.05341 0.83583 0.96121 0.71130
0.16232 0.80761 0.64258 0.73936
0.57131 0.06807 0.91495 0.26580
0.07351 0.44320 0.07110 0.86193
0.76877 0.50743 0.35870 0.47337
0.18514 0.54985 0.71551 0.76238
0.17866 0.25737 0.31764 0.49773
0.44945 0.52971 0.13135 0.47373
0.77005 0.38597 0.28886 0.53792
0.01624 0.89207 0.39666 0.00103
0.04648 0.75071 0.68904 0.00676
0.32736 0.92570 0.11642 0.37628
0.00378 0.98083 0.90193 0.04243
0.63333 0.62592 0.92740 0.65550
0.64243 0.12072 0.59645 0.46527
0.31468 0.87870 0.85820 0.76362
0.33180 0.18026 0.46977 0.02650
0.80818 0.26406 0.68638 0.94180
0.01690 0.91726 0.67766 0.36499
0.68314 0.15351 0.07417 0.56491
0.77801 0.61455 0.21886 0.29265
0.92927 0.34620 0.72704 0.82377
0.77439 0.71785 0.38395 0.38365
0.36300 0.44947 0.14568 0.77180
0.28086 0.36287 0.72140 0.88575
0.81315 0.93466 0.87418 0.94429
0.45952 0.57800 0.64218 0.56923
0.05448 0.33117 0.55994 0.21230
0.55505 0.72301 0.80994 0.24504
0.99445 0.75969 0.41164 0.01068
0.13892 0.10659 0.39929 0.11440
0.21510 0.48213 0.02026 0.05154
0.53458 0.35455 0.64519 0.95459
0.43912 0.27030 0.87650 0.70971
0.48734 0.26759 0.53224 0.22317
0.69644 0.66902 0.75620 0.79615
0.48691 0.07242 0.71190 0.73280
0.53838 0.90282 0.87784 0.22632
0.14609 0.82581 0.94336 0.98500
0.80285 0.50193 0.02587 0.93198
0.74897 0.26800 0.41451 0.33556
0.34427 0.40062 0.14933 0.61588
0.24231 0.13418 0.79434 0.88440
0.49822 0.19059 0.40014 0.73585
0.31456 0.25135 0.60506 0.48289
0.26239 0.27817 0.08922 0.76148
0.81548 0.22762 0.96428 0.26375
0.39117 0.14521 0.08701 0.44428
0.99433 0.70404 0.42589 0.62828
0.84667 0.16082 0.09038 0.72975
0.70564 0.49455 0.60404 0.76992
0.91528 0.59589 0.04229 0.12911
0.35946 0.76499 0.76782 0.06998
0.52738 0.37432 0.72005 0.87211
0.91089 0.06778 0.66047 0.32416
0.89942 0.92508 0.40327 0.57317
0.11992 0.56404 0.10459 0.15096
0.33062 0.14821 0.65456 0.71479
0.09645 0.66720 0.93574 0.07451
0.36636 0.62642 0.72596 0.99778
0.64623 0.01550 0.09002 0.28065
0.11986 0.39127 0.64566 0.86143
0.02882 0.31291 0.29292 0.16735
0.30644 0.82522 0.20685 0.66595
0.65154 0.17796 0.99189 0.16804
0.06769 0.55678 0.27100 0.78612
0.21538 0.84661 0.20334 0.45397
0.68153 0.53057 0.75795 0.00754
0.68527 0.19894 0.63048 0.70761
0.50687 0.06426 0.99297 0.20978
0.62670 0.07545 0.64106 0.04843
0.33478 0.79277 0.54097 0.02845
0.04185 0.43263 0.97665 0.72661
0.66763 0.25566 0.06507 0.25151
0.35701 0.00038 0.24444 0.25700
0.82993 0.37409 0.54166 0.61502
0.79799 0.06183 0.79926 0.62108
0.29090 0.79455 0.32898 0.55536
0.92480 0.81263 0.41991 0.87130
0.00996 0.48996 0.27348 0.87820
0.85491 0.21309 0.67433 0.16485
0.02742 0.00967 0.49523 0.88775
0.76770 0.46331 0.86980 0.47014
0.56119 0.46411 0.87056 0.92905
0.56956 0.27964 0.83248 0.71533
0.83411 0.64034 0.41874 0.93860
0.49237 0.12991 0.19975 0.28662
0.61272 0.59970 0.93547 0.75096
0.34782 0.87614 0.66822 0.18024
0.82825 0.29053 0.86033 0.26463
0.71981 0.46680 0.26229 0.64275
0.65615 0.32013 0.78265 0.07713
0.45269 0.67974 0.60647 0.40780
0.20021 0.13783 0.33823 0.56445
0.54872 0.52292 0.44195 0.64745
0.76075 0.96852 0.59582 0.53391
0.09059 0.89556 0.95835 0.65223
0.20484 0.01199 0.10685 0.43689
0.18483 0.54052 0.32208 0.37940
0.31641 0.39071 0.21696 0.93828
0.83264 0.70947 0.50891 0.98924
0.01351 0.81520 0.07505 0.53956
0.47941 0.53740 0.67067 0.96535
0.78378 0.96823 0.36824 0.30396
0.82301 0.38337 0.76851 0.32114
0.65120 0.42600 0.71398 0.38095
0.57472 0.88686 0.80801 0.76623
0.47812 0.57690 0.78713 0.06603
0.43443 0.39136 0.79522 0.59763
0.64374 0.29787 0.02987 0.94256
0.66516 0.50124 0.33910 0.23617
0.90980 0.19442 0.75999 0.70639
0.25372 0.10528 0.14802 0.91148
0.97784 0.29552 0.10999 0.18051
0.25256 0.80967 0.45888 0.92923
0.72020 0.29216 0.38354 0.49730
0.67754 0.76633 0.71868 0.53179
0.36306 0.62188 0.44065 0.66543
0.81411 0.41967 0.84520 0.36567
0.65212 0.79801 0.47261 0.45486
0.41452 0.08662 0.93339 0.07467
0.91840 0.21277 0.34456 0.17138
0.14836 0.22029 0.37712 0.66760
0.83660 0.67096 0.99058 0.02554
0.74089 0.08178 0.16699 0.01543
0.51940 0.90153 0.48672 0.09636
0.32602 0.28273 0.70736 0.71174
0.94429 0.33495 0.87444 0.72481
0.41273 0.98949 0.01935 0.08583
0.49802 0.95227 0.89273 0.95781
0.67925 0.59430 0.55579 0.19346
0.69763 0.98575 0.30962 0.14120
0.73392 0.04385 0.02007 0.81404
0.56453 0.82158 0.73018 0.28988
0.67663 0.52070 0.29172 0.13429
0.96783 0.78886 0.38045 0.56178
0.21007 0.00834 0.59720 0.81892
0.08202 0.79293 0.85138 0.06493
0.50463 0.53282 0.92954 0.80936
0.26531 0.78602 0.49031 0.80851
0.73681 0.04276 0.76860 0.17759
0.48014 0.72816 0.81162 0.08283
0.26986 0.97032 0.58622 0.72122
0.43062 0.45717 0.54654 0.54399
0.74687 0.70883 0.42484 0.89039
0.82483 0.66298 0.65930 0.83673
0.22258 0.67231 0.30093 0.37752
0.58083 0.38951 0.16854 0.76575
0.47188 0.96612 0.72246 0.75266
0.28156 0.92986 0.51400 0.11254
0.22995 0.00226 0.70577 0.71741
0.42789 0.74710 0.45671 0.35372
0.53946 0.80672 0.87147 0.50953
0.82929 0.50839 0.00570 0.86787
0.99524 0.82643 0.70054 0.33332
0.95797 0.48569 0.13479 0.24191
0.11269 0.66283 0.03740 0.29939
0.08541 0.80049 0.25761 0.37547
0.05974 0.82340 0.37884 0.78696
0.22964 0.86710 0.60869 0.33482
0.27812 0.36345 0.29256 0.24202
0.51369 0.74213 0.43080 0.37155
0.92791 0.12199 0.21985 0.40380
0.80298 0.38898 0.00244 0.96723
0.70251 0.55640 0.01864 0.45477
0.58124 0.26110 0.72890 0.32093
0.50571 0.57403 0.86993 0.45053
0.58564 0.32197 0.92113 0.99674
0.72874 0.54315 0.33483 0.81417
0.49473 0.95312 0.80274 0.50172
0.81960 0.34264 0.86527 0.77890
0.84245 0.71678 0.74418 0.13206
0.91685 0.10949 0.57555 0.10683
0.52066 0.76620 0.64908 0.59940
0.59922 0.21240 0.78394 0.63470
0.57145 0.26196 0.79424 0.13795
0.06784 0.78125 0.57742 0.52175
0.76821 0.28434 0.98687 0.45226
0.93854 0.87209 0.70398 0.58588
0.95136 0.59171 0.31379 0.88686
0.26697 0.92690 0.07407 0.86089
0.05278 0.73092 0.59804 0.97946
0.78038 0.54839 0.03486 0.52674
0.91037 0.96877 0.54392 0.45989
0.11703 0.55255 0.49440 0.35628
0.31778 0.11018 0.36037 0.30424
0.40895 0.49044 0.99825 0.64900
0.13928 0.26013 0.13140 0.79175
0.97878 0.87147 0.76354 0.51587
0.47095 0.49374 0.34170 0.79016
0.23211 0.54561 0.18082 0.16186
0.93676 0.65459 0.60546 0.02961
0.48045 0.54010 0.90407 0.73968
0.81584 0.88087 0.36823 0.43966
0.43854 0.94860 0.05944 0.16300
0.97720 0.53691 0.26849 0.69968
0.46200 0.77065 0.99951 0.61793
0.97177 0.56591 0.49299 0.55054
0.24902 0.10259 0.78898 0.37668
0.91681 0.93770 0.72704 0.59188
0.03092 0.70935 0.61650 0.53411
0.12831 0.84161 0.32798 0.08712
0.01020 0.31186 0.36143 0.78328
0.25135 0.58348 0.03481 0.94453
0.01613 0.41236 0.24096 0.07954
0.22491 0.85921 0.53976 0.24716
0.18748 0.96216 0.66211 0.61047
0.76458 0.39992 0.25145 0.14774
0.19963 0.32347 0.71075 0.29335
0.65734 0.08104 0.89986 0.70351
0.61572 0.50590 0.65037 0.14650
0.23669 0.28596 0.66268 0.29561
0.37612 0.49001 0.03218 0.52248
0.46731 0.24712 0.15097 0.36247
0.65531 0.24104 0.58391 0.20792
0.16769 0.38790 0.47627 0.11307
0.07294 0.03989 0.42630 0.58586
0.03648 0.20755 0.94927 0.98574
0.65010 0.21821 0.24581 0.80763
0.79717 0.20361 0.57623 0.34425
0.84746 0.59799 0.66297 0.65471
0.52716 0.81368 0.87559 0.40691
0.57020 0.04397 0.34110 0.86262
0.98510 0.50249 0.60605 0.67971
0.44710 0.73577 0.46354 0.67530
0.72075 0.89033 0.99531 0.58704
0.04313 0.04150 0.68718 0.38762
0.26785 0.08582 0.78647 0.79373
0.18151 0.13096 0.87730 0.95686
0.47814 0.67599 0.84552 0.39654
0.60721 0.93363 0.48430 0.34311
0.81835 0.40817 0.10117 0.72097
0.65140 0.72166 0.24223 0.54552
0.33967 0.89187 0.86154 0.86640
0.83971 0.44630 0.49343 0.67087
0.63253 0.62819 0.71654 0.22929
0.12648 0.24743 0.67060 0.27911
0.65264 0.54566 0.69485 0.87224
0.85419 0.61507 0.53385 0.19877
0.78153 0.48590 0.25461 0.82068
0.95290 0.79975 0.59285 0.87302
0.21072 0.72723 0.95748 0.84548
0.69470 0.07631 0.35259 0.69892
0.22270 0.54679 0.36210 0.00743
0.02506 0.96131 0.77202 0.18406
0.10141 0.70924 0.31592 0.21217
0.73827 0.62132 0.09614 0.07977
0.89042 0.76108 0.91515 0.53590
0.26147 0.57830 0.06937 0.96524
0.44632 0.83046 0.36420 0.80971
0.53254 0.68004 0.64300 0.10105
0.64709 0.82532 0.58073 0.94715
0.02866 0.39171 0.57679 0.29016
0.55118 0.74492 0.12924 0.01668
0.31576 0.45527 0.41178 0.50170
0.92706 0.90230 0.61682 0.02690
0.07203 0.40090 0.90521 0.08519
0.83278 0.40404 0.15356 0.67901
0.24907 0.42967 0.84110 0.47770
0.95781 0.73802 0.05325 0.51012
0.97066 0.63606 0.44304 0.98356
0.35898 0.09943 0.57882 0.40598
0.91359 0.28335 0.55525 0.85365
0.37970 0.10080 0.18888 0.57037
0.96659 0.31683 0.89925 0.59087
0.35476 0.56172 0.57654 0.82282
0.26399 0.99813 0.77504 0.71874
0.34972 0.00241 0.01120 0.37796
0.96145 0.15537 0.28098 0.38652
0.81497 0.45626 0.51788 0.59895
0.15406 0.53174 0.43628 0.67628
0.20238 0.32130 0.65717 0.84404
0.42267 0.98612 0.32769 0.55165
0.72850 0.68553 0.63251 0.14617
0.09913 0.35687 0.96655 0.95735
0.69524 0.31593 0.20374 0.95778
0.12606 0.24373 0.27629 0.81391
0.31924 0.39329 0.62491 0.85285
0.32512 0.51116 0.18293 0.77234
0.37100 0.71397 0.72645 0.85146
0.24364 0.92869 0.87543 0.14388
0.73888 0.45508 0.33838 0.75386
0.61167 0.13739 0.75878 0.59184
0.28078 0.77575 0.03357 0.47119
0.04003 0.47987 0.61571 0.32065
0.35705 0.80028 0.79626 0.50116
0.85812 0.36402 0.63231 0.19921
0.86028 0.15453 0.16495 0.36751
0.67028 0.68988 0.42038 0.20219
0.13498 0.42603 0.12325 0.89457
0.67975 0.09379 0.36030 0.74208
0.38822 0.00482 0.27952 0.09126
0.84678 0.98134 0.32929 0.69013
0.13284 0.01748 0.30232 0.95584
0.76919 0.70404 0.59108 0.19040
0.27754 0.51137 0.11175 0.13859
0.44770 0.14262 0.18390 0.78346
0.35707 0.93634 0.54778 0.94222
0.58456 0.56023 0.70983 0.49890
0.46181 0.11572 0.69584 0.82228
0.72915 0.79109 0.49582 0.31261
0.06940 0.53679 0.21351 0.57887
0.93628 0.98486 0.58356 0.87903
0.97487 0.85605 0.07816 0.02365
0.60817 0.59400 0.49934 0.85540
0.87676 0.99350 0.62923 0.08532
0.00764 0.88120 0.93745 0.38601
0.62736 0.83502 0.74754 0.73141
0.50539 0.41785 0.98589 0.44947
0.01225 0.79473 0.60469 0.87542
0.80020 0.68648 0.10777 0.20277
0.72079 0.51977 0.84682 0.37715
0.32493 0.67894 0.01678 0.49222
0.18681 0.66375 0.23403 0.74731
0.36990 0.49025 0.09471 0.76808
0.19642 0.37311 0.64632 0.77674
0.60021 0.80825 0.44388 0.35770
0.66400 0.37074 0.60215 0.59341
0.68394 0.51703 0.32560 0.25732
0.29973 0.15676 0.56794 0.46904
0.57165 0.19899 0.56786 0.95100
0.53428 0.37609 0.99350 0.24260
0.11199 0.62033 0.32412 0.94666
0.12026 0.50873 0.13140 0.03552
0.59594 0.01150 0.55364 0.07401
0.32841 0.96399 0.72334 0.17067
0.91985 0.17831 0.90813 0.49619
0.75204 0.72903 0.83366 0.24081
0.48485 0.02846 0.90918 0.91063
0.21682 0.92736 0.92079 0.96099
0.74906 0.22930 0.40231 0.08925
0.59947 0.27072 0.74804 0.04208
0.25703 0.46065 0.68214 0.71247
0.66226 0.93593 0.89280 0.61604
0.88536 0.06025 0.03737 0.65538
0.76738 0.55808 0.97740 0.10573
0.50620 0.57243 0.62794 0.18853
0.55834 0.85262 0.31245 0.95787
0.23937 0.18925 0.99861 0.89821
0.99239 0.92638 0.07844 0.27607
0.43333 0.58445 0.21304 0.17519
0.84090 0.80850 0.04271 0.31315
0.32029 0.15723 0.53140 0.00542
0.25546 0.02946 0.05479 0.45142
0.82443 0.82522 0.06458 0.51507
0.99596 0.82228 0.33892 0.20111
0.56888 0.93731 0.85318 0.14220
0.89324 0.35639 0.17263 0.40973
0.04259 0.11929 0.26337 0.21945
0.78122 0.91823 0.69911 0.38118
0.62520 0.10811 0.55855 0.38655
0.56624 0.85659 0.51667 0.18416
0.54426 0.20044 0.93081 0.50251
0.31645 0.25677 0.76294 0.13938
0.13724 0.14609 0.30803 0.18794
0.47941 0.69678 0.09806 0.68556
0.07822 0.43547 0.60888 0.76676
0.79565 0.85081 0.92378 0.96258
0.78242 0.64085 0.50969 0.42223
0.96841 0.31556 0.84383 0.52308
0.50837 0.70634 0.71683 0.70590
0.56839 0.30070 0.45740 0.90665
0.84634 0.11670 0.40777 0.28343
0.89717 0.24115 0.66335 0.82441
0.32285 0.35606 0.91356 0.92978
0.31991 0.50500 0.22501 0.72649
0.96686 0.31886 0.11229 0.61585
0.74782 0.56631 0.71307 0.90050
0.14009 0.82015 0.91052 0.63356
0.93247 0.75135 0.76749 0.62032
0.73777 0.10844 0.91743 0.94071
0.68253 0.97776 0.37998 0.79925
0.55341 0.62858 0.39977 0.32951
0.49886 0.79417 0.99778 0.75271
0.80402 0.89911 0.67716 0.27996
0.18849 0.07217 0.23536 0.02649
0.95892 0.45891 0.96328 0.59434
0.97227 0.34993 0.87391 0.61529
0.82739 0.71104 0.67910 0.38971
0.73942 0.79201 0.21456 0.21496
0.41991 0.13862 0.29271 0.15699
0.17378 0.63166 0.19368 0.00484
0.17221 0.00051 0.47217 0.82380
0.74471 0.50113 0.38214 0.89739
0.04471 0.73992 0.93741 0.98056
0.05867 0.09657 0.68221 0.06990
0.39846 0.32597 0.44924 0.03474
0.09734 0.41219 0.87435 0.01606
0.51789 0.67248 0.99140 0.07143
0.82453 0.63711 0.25944 0.16362
0.93619 0.61245 0.78140 0.58913
0.33469 0.27488 0.52276 0.19291
0.20897 0.16576 0.00111 0.86266
0.92946 0.53907 0.92173 0.14002
0.04461 0.14069 0.61465 0.21945
0.23035 0.42838 0.29851 0.29489
0.58082 0.02871 0.71738 0.98230
0.03989 0.11977 0.77558 0.96035
0.95869 0.64675 0.74815 0.30300
0.11680 0.38306 0.83616 0.07393
0.82548 0.35222 0.10189 0.05210
0.25425 0.52401 0.63088 0.49047
0.04196 0.67561 0.39238 0.33343
0.14699 0.83607 0.76276 0.29191
0.91923 0.54049 0.28751 0.41110
0.74974 0.93004 0.33093 0.44080
0.98207 0.86619 0.17307 0.12363
0.57859 0.28451 0.38135 0.29746
0.29780 0.11222 0.37784 0.95220
0.53093 0.45617 0.97506 0.31943
0.02686 0.11919 0.78404 0.35158
0.08180 0.47152 0.04801 0.62598
0.35305 0.79017 0.27623 0.48423
0.07656 0.07022 0.13958 0.51181
0.30600 0.31420 0.08621 0.72649
0.31128 0.20009 0.08809 0.61436
0.36155 0.70775 0.67148 0.12476
0.64632 0.45918 0.16696 0.73244
0.93632 0.16751 0.36550 0.08264
0.03313 0.47983 0.18266 0.57562
0.94687 0.67450 0.94895 0.36264
0.80978 0.62522 0.97718 0.71788
0.21559 0.66096 0.30569 0.44165
0.87189 0.61522 0.73189 0.59445
0.07961 0.35134 0.58432 0.88660
0.61469 0.66494 0.95256 0.50241
0.19863 0.35786 0.16688 0.53392
0.93132 0.31332 0.30981 0.37576
0.64470 0.76824 0.01810 0.50593
0.38555 0.60825 0.35447 0.89818
0.19314 0.47686 0.19297 0.40076
0.24895 0.89939 0.05820 0.54153
0.78547 0.15730 0.97792 0.15212
0.07486 0.79802 0.40181 0.95448
0.01811 0.68931 0.11432 0.09548
0.45506 0.57887 0.58799 0.38238
0.39310 0.89101 0.43521 0.13133
0.79880 0.29169 0.04769 0.86754
0.43189 0.76003 0.09734 0.41786
0.66141 0.69965 0.23785 0.71191
0.88809 0.60022 0.05980 0.17702
0.15934 0.76473 0.84264 0.43798
0.91694 0.26468 0.74863 0.70412
0.36225 0.38369 0.91945 0.48218
0.27543 0.61141 0.84613 0.52312
0.13528 0.47276 0.12021 0.74000
0.76950 0.79427 0.03552 0.42522
0.33475 0.82128 0.82166 0.91775
0.37715 0.48599 0.71727 0.35545
0.45886 0.79228 0.19764 0.42031
0.47900 0.76612 0.61503 0.01074
0.79279 0.38049 0.62237 0.46175
0.54967 0.82584 0.14313 0.94420
0.51536 0.68008 0.79704 0.52025
0.67397 0.28011 0.11415 0.56383
0.15780 0.25740 0.04289 0.47211
0.08189 0.25722 0.22991 0.50026
0.05487 0.27087 0.09556 0.03933
0.35649 0.65660 0.95424 0.15265
0.95466 0.82984 0.37884 0.12899
0.64085 0.52036 0.37766 0.29697
0.44133 0.56726 0.30167 0.96027
0.58479 0.57618 0.95626 0.26681
0.80113 0.28400 0.01774 0.13426
0.04495 0.33236 0.88010 0.68058
0.49510 0.60515 0.63713 0.99852
0.06162 0.55404 0.80781 0.29998
0.07212 0.92421 0.83161 0.30285
0.58871 0.17246 0.68178 0.05751
0.23273 0.18499 0.54070 0.21170
0.69300 0.64501 0.70872 0.80284
0.15440 0.05270 0.57885 0.32416
0.59074 0.88355 0.53517 0.14649
0.66683 0.86596 0.83356 0.40012
0.41536 0.38105 0.39933 0.20285
0.00755 0.64555 0.29203 0.92122
0.19267 0.22377 0.63139 0.09333
0.22990 0.16471 0.14887 0.08338
0.16691 0.08783 0.88845 0.84719
0.07096 0.57084 0.32822 0.39173
0.79292 0.25448 0.51658 0.11325
0.19767 0.10937 0.50849 0.85060
0.19073 0.08645 0.74363 0.45697
0.37174 0.13087 0.63059 0.14373
0.96369 0.93149 0.20073 0.09963
0.59215 0.28124 0.49271 0.51132
0.86719 0.15262 0.12549 0.48067
0.83660 0.50812 0.64722 0.70232
0.44116 0.18684 0.20710 0.36379
0.55838 0.74434 0.31216 0.77478
0.64087 0.22900 0.12237 0.45569
0.61088 0.52072 0.74393 0.26104
0.52234 0.74125 0.63568 0.02850
0.35365 0.62129 0.53846 0.95584
0.19895 0.88111 0.22854 0.97034
0.63838 0.27340 0.41731 0.00679
0.79219 0.52110 0.39085 0.55345
0.27766 0.45780 0.54476 0.00371
0.96363 0.31120 0.97087 0.02939
0.60286 0.26939 0.54463 0.39949
0.22678 0.55424 0.33172 0.34435
0.05816 0.46913 0.25278 0.95029
0.64212 0.62534 0.16898 0.14506
0.70286 0.04173 0.62819 0.86293
0.43563 0.34922 0.36694 0.51826
0.29678 0.95525 0.99968 0.02988
0.23142 0.55424 0.37124 0.83400
0.66106 0.09618 0.83946 0.92860
0.38668 0.26106 0.78879 0.34597
0.35329 0.88385 0.82488 0.07496
0.58541 0.13768 0.63118 0.21558
0.05806 0.11558 0.64128 0.03381
0.09379 0.29568 0.02300 0.79158
0.99911 0.95440 0.01487 0.10212
0.15814 0.31303 0.82655 0.26922
0.33599 0.25948 0.33968 0.90501
0.58549 0.21641 0.25091 0.31711
0.20260 0.36194 0.35243 0.24468
0.24173 0.30520 0.57010 0.68946
0.93620 0.58836 0.15297 0.21199
0.00890 0.44756 0.43304 0.89334
0.92481 0.60421 0.99610 0.16505
0.58290 0.65315 0.54430 0.13050
0.68304 0.14114 0.67871 0.56567
0.29275 0.73302 0.77075 0.03900
0.27340 0.43170 0.65756 0.04416
0.77945 0.13868 0.22828 0.59982
0.46684 0.02682 0.79448 0.20319
0.05870 0.05926 0.98883 0.24214
0.54847 0.71740 0.00880 0.52556
0.06193 0.03393 0.07680 0.86491
0.54035 0.89667 0.49049 0.84274
0.90176 0.81050 0.37239 0.25309
0.95846 0.52408 0.48036 0.38598
0.06038 0.87557 0.06312 0.98982
0.96127 0.36422 0.45900 0.40689
0.84013 0.81998 0.15611 0.57174
0.90176 0.92331 0.06859 0.31090
0.96295 0.88753 0.94024 0.21458
0.86893 0.33829 0.84894 0.08576
0.95455 0.71380 0.82990 0.70161
0.57817 0.48160 0.47334 0.81496
0.66965 0.46507 0.01078 0.26936
0.28356 0.60769 0.05817 0.95375
0.10541 0.57634 0.13927 0.39178
0.31969 0.50489 0.37493 0.30575
0.04661 0.19236 0.69022 0.33182
0.10571 0.18949 0.25633 0.58615
0.90119 0.52451 0.40162 0.76231
0.06158 0.38046 0.39447 0.11441
0.04140 0.46448 0.21493 0.74316
0.67769 0.22032 0.81634 0.75122
0.97514 0.71622 0.07036 0.28377
0.32982 0.38874 0.36662 0.53459
0.75049 0.60368 0.35797 0.19235
0.26866 0.90779 0.39325 0.30397
0.05677 0.22619 0.04040 0.83526
0.14885 0.80031 0.31452 0.98259
0.33917 0.58653 0.51282 0.42688
0.11301 0.79201 0.10544 0.63848
0.88861 0.27378 0.48174 0.61263
0.65305 0.33831 0.73683 0.07502
0.94210 0.07535 0.66346 0.24119
0.84424 0.77207 0.83262 0.34862
0.62511 0.88993 0.98885 0.17937
0.85923 0.43822 0.03088 0.46540
0.11018 0.59338 0.82809 0.06435
0.75750 0.52812 0.95549 0.63238
0.06900 0.88490 0.91051 0.50909
0.59658 0.62414 0.21428 0.27576
0.78879 0.62243 0.29578 0.48369
0.93565 0.56062 0.97345 0.28551
0.52028 0.22347 0.11230 0.44568
0.29170 0.26429 0.06127 0.31761
0.62045 0.57133 0.33277 0.10944
0.93897 0.98875 0.43105 0.93245
0.71060 0.50089 0.59136 0.53848
0.81406 0.95350 0.88444 0.76322
0.67850 0.42007 0.43448 0.52134
0.71236 0.20306 0.39961 0.77850
0.50005 0.54178 0.42923 0.95768
0.30997 0.18414 0.41978 0.38184
0.09059 0.93085 0.04025 0.32711
0.49311 0.03848 0.00457 0.66965
0.75182 0.74817 0.49786 0.88889
0.53440 0.31216 0.54600 0.05169
0.44663 0.46709 0.18360 0.36106
0.60185 0.64619 0.66465 0.06273
0.20438 0.49374 0.03253 0.29987
0.21106 0.05328 0.62579 0.88070
0.98457 0.28758 0.28949 0.66324
0.31450 0.85526 0.09517 0.91245
0.30089 0.98977 0.77659 0.36133
0.28740 0.28921 0.86638 0.11556
0.73028 0.62765 0.58789 0.40213
0.95851 0.70523 0.50128 0.67399
0.28916 0.87293 0.88394 0.77987
0.80884 0.14634 0.64715 0.65926
0.21230 0.89424 0.62120 0.23311
0.25904 0.74918 0.64068 0.63000
0.52313 0.25486 0.72210 0.60560
0.31165 0.28554 0.52725 0.14290
0.04231 0.55455 0.67902 0.15986
0.64871 0.40079 0.13675 0.09084
0.29022 0.30545 0.92165 0.68555
0.99199 0.35090 0.13754 0.77172
0.61267 0.37534 0.99531 0.83692
0.74094 0.05987 0.59605 0.18745
0.75821 0.36565 0.23060 0.77028
0.21916 0.91335 0.42775 0.29545
0.82494 0.27801 0.97301 0.31335
0.81769 0.08248 0.32133 0.06650
0.23494 0.99582 0.13868 0.86499
0.67286 0.02454 0.54444 0.50576
0.03083 0.70831 0.37488 0.57050
0.90498 0.23405 0.15495 0.44582
0.47218 0.42928 0.36926 0.39897
0.95390 0.99165 0.16658 0.22555
0.92537 0.28893 0.63067 0.56139
0.82238 0.27221 0.15328 0.41673
0.36895 0.14789 0.59530 0.49072
0.86984 0.05175 0.64755 0.22160
0.24951 0.02551 0.50733 0.95121
0.07603 0.11432 0.17638 0.53368
0.60340 0.42410 0.39135 0.67348
0.23692 0.98820 0.11663 0.12357
0.32475 0.67284 0.80279 0.29518
0.91384 0.94014 0.41974 0.39443
0.22554 0.27807 0.35549 0.29824
0.69293 0.10774 0.55803 0.93346
0.57470 0.48483 0.19954 0.41340
0.87731 0.35322 0.70852 0.80425
0.59627 0.04119 0.78249 0.38423
0.10772 0.61478 0.69601 0.74926
0.15877 0.19717 0.35478 0.32446
0.62694 0.58274 0.78268 0.39501
0.71424 0.31594 0.82048 0.59828
0.62193 0.80432 0.49795 0.49075
0.97768 0.54608 0.37980 0.43670
0.92767 0.11263 0.77996 0.14192
0.73889 0.10411 0.26018 0.75969
0.34080 0.48885 0.81312 0.11095
0.70269 0.98132 0.80433 0.41114
0.92393 0.87519 0.09911 0.76654
0.10801 0.58211 0.15656 0.08588
0.88108 0.54423 0.57616 0.78815
0.35495 0.61039 0.24605 0.78578
0.77994 0.72804 0.29063 0.77739
0.69998 0.14139 0.16930 0.85559
0.87359 0.92375 0.25451 0.78960
0.40447 0.85340 0.81061 0.26314
0.53319 0.09473 0.08834 0.83559
0.56664 0.62185 0.83865 0.71088
0.42100 0.84889 0.17659 0.86848
0.29501 0.82224 0.65980 0.42938
0.33851 0.14139 0.11962 0.04188
0.57469 0.09040 0.22163 0.94295
0.26975 0.06453 0.33562 0.62244
0.69671 0.31604 0.43303 0.64795
0.41041 0.67990 0.94922 0.56085
0.05483 0.88644 0.84954 0.06120
0.81575 0.27380 0.96785 0.24182
0.79719 0.39441 0.53357 0.37211
0.78771 0.18665 0.55981 0.80157
0.70465 0.11572 0.48034 0.18702
0.79788 0.63372 0.04164 0.41922
0.78130 0.94106 0.16884 0.60625
0.48680 0.40695 0.14495 0.96717
0.61428 0.49846 0.17457 0.54538
0.38691 0.07137 0.73933 0.55756
0.29814 0.93671 0.16653 0.09053
0.84973 0.68749 0.08769 0.70380
0.47342 0.31190 0.13629 0.92285
0.16625 0.25181 0.05959 0.10967
0.75891 0.94806 0.29257 0.42571
0.01631 0.87482 0.59674 0.85095
0.45975 0.10449 0.41346 0.31346
0.54057 0.74249 0.96841 0.11105
0.48051 0.09711 0.12982 0.28765
0.76002 0.16117 0.08013 0.33828
0.71912 0.69071 0.64556 0.02951
0.67544 0.19478 0.44559 0.25905
0.00914 0.42353 0.24968 0.48839
0.14614 0.58345 0.93797 0.82032
0.61421 0.35469 0.89460 0.45272
0.72565 0.90459 0.25645 0.47357
0.25998 0.96116 0.84696 0.85362
0.31075 0.81993 0.89063 0.19599
0.85549 0.15382 0.96940 0.59285
0.07857 0.47129 0.45570 0.48906
0.82624 0.63237 0.10448 0.08024
0.13178 0.01833 0.12027 0.00273
0.28547 0.66506 0.79745 0.71548
0.61536 0.84663 0.35066 0.39639
0.69994 0.68941 0.26666 0.13126
0.29217 0.16967 0.11236 0.57155
0.53725 0.36804 0.72740 0.76263
0.81564 0.11669 0.08620 0.10584
0.30804 0.01723 0.33483 0.70025
0.82624 0.71983 0.40062 0.69477
0.09299 0.45200 0.85056 0.70254
0.63187 0.75105 0.89136 0.00302
0.85613 0.27562 0.68122 0.06096
0.01633 0.90062 0.39354 0.35891
0.47482 0.24844 0.12617 0.83727
0.93044 0.89778 0.91963 0.02384
0.70650 0.54996 0.06357 0.11433
0.38503 0.52343 0.95605 0.95503
0.22617 0.84264 0.67279 0.53078
0.42790 0.39141 0.76891 0.22766
0.98138 0.42917 0.72273 0.24478
0.66345 0.67555 0.91658 0.10876
0.81838 0.45278 0.78503 0.81503
0.67310 0.60878 0.18422 0.77011
0.75554 0.74736 0.60112 0.06927
0.68862 0.63101 0.44790 0.50337
0.70744 0.17018 0.48522 0.40546
0.76325 0.24527 0.74415 0.01684
0.67873 0.62411 0.96449 0.77752
0.63472 0.04131 0.56770 0.90192
0.57424 0.01728 0.85273 0.56509
0.98099 0.16194 0.17961 0.75874
0.95154 0.50129 0.03171 0.81443
0.32581 0.01400 0.55828 0.04273
0.65820 0.74158 0.81876 0.99923
0.06464 0.21814 0.40257 0.60643
0.62498 0.72560 0.73022 0.22041
0.66266 0.48581 0.15800 0.75464
0.67732 0.60410 0.14092 0.38972
0.09912 0.19587 0.01906 0.40782
0.72236 0.72825 0.56898 0.38561
0.85829 0.92569 0.73752 0.12629
0.81097 0.35893 0.45021 0.69854
0.65782 0.56475 0.38550 0.46459
0.50764 0.69368 0.67001 0.89068
0.09725 0.26433 0.00530 0.67150
0.95937 0.07214 0.56135 0.72354
0.79134 0.37458 0.40738 0.50922
0.48824 0.61542 0.43324 0.17026
0.26889 0.74095 0.65768 0.13202
0.23085 0.82085 0.10597 0.80742
0.34158 0.32717 0.22551 0.18807
0.35541 0.36140 0.36912 0.74120
0.63218 0.15406 0.67441 0.26907
0.16470 0.93061 0.62803 0.93501
0.41239 0.83988 0.59124 0.82878
0.89587 0.14565 0.53007 0.68341
0.45118 0.00938 0.92602 0.83228
0.75751 0.37974 0.56025 0.48872
0.72534 0.30280 0.67616 0.52941
0.45777 0.30629 0.19974 0.14398
0.84240 0.04293 0.87254 0.17540
0.68715 0.00349 0.17588 0.56346
0.22720 0.24619 0.04427 0.67504
0.94822 0.57018 0.57225 0.12336
0.41416 0.24560 0.27521 0.77461
0.37931 0.23215 0.37930 0.69050
0.72412 0.05154 0.62151 0.13680
0.44972 0.90487 0.32710 0.59332
0.74326 0.52742 0.52464 0.81247
0.53846 0.82833 0.72843 0.82232
0.26727 0.72662 0.86288 0.40674
0.26955 0.14476 0.72382 0.63591
0.61539 0.55944 0.58270 0.60667
0.33478 0.45576 0.27926 0.48474
0.87353 0.86385 0.77359 0.95113
0.35809 0.06899 0.34873 0.71794
0.15356 0.35667 0.34692 0.56828
0.42385 0.88745 0.17945 0.44268
0.47585 0.44686 0.26286 0.15245
0.63613 0.60565 0.85201 0.26103
0.80444 0.02256 0.95384 0.76603
0.08033 0.00451 0.71155 0.27260
0.53766 0.06223 0.15934 0.26103
0.31445 0.82347 0.35381 0.44026
0.14683 0.02128 0.68021 0.42209
0.85128 0.05040 0.71659 0.63917
0.84812 0.92033 0.43083 0.37091
0.52063 0.36066 0.26629 0.73782
0.49952 0.87280 0.73501 0.63043
0.95068 0.56755 0.72865 0.86681
0.26949 0.23537 0.33584 0.45077
0.42022 0.94308 0.91921 0.86443
0.70432 0.67703 0.06649 0.03657
0.43338 0.88053 0.40470 0.64665
0.32505 0.82903 0.41035 0.15582
0.20257 0.62867 0.32682 0.16305
0.02371 0.21754 0.99713 0.63104
0.74593 0.79760 0.66588 0.29053
0.43792 0.40261 0.54385 0.93211
0.15956 0.64048 0.67231 0.05117
0.07312 0.06968 0.15646 0.55708
0.31131 0.25964 0.24470 0.66514
0.01294 0.14924 0.99862 0.31117
0.52966 0.34341 0.89770 0.87411
0.57853 0.59269 0.20786 0.43810
0.87635 0.67675 0.79134 0.20469
0.45692 0.23549 0.77744 0.16825
0.31726 0.44292 0.46081 0.63551
0.04328 0.60377 0.64904 0.86400
0.35697 0.81402 0.35288 0.87344
0.00059 0.64315 0.18055 0.47062
0.75847 0.15388 0.76320 0.58592
0.28071 0.12314 0.77013 0.82664
0.56785 0.72684 0.65971 0.85429
0.11551 0.99139 0.81797 0.68446
0.93880 0.72353 0.02103 0.93334
0.69123 0.76770 0.45202 0.46638
0.59659 0.68147 0.05510 0.79421
0.58020 0.93349 0.43036 0.56630
0.98989 0.26401 0.37617 0.31425
0.34958 0.86381 0.51084 0.98543
0.66192 0.98131 0.92929 0.63703
0.50857 0.13453 0.51235 0.41939
0.36011 0.96232 0.38111 0.43270
0.78324 0.33566 0.98709 0.36385
0.36002 0.17870 0.62713 0.08021
0.76621 0.58640 0.15233 0.00408
0.81897 0.37075 0.40208 0.61272
0.70191 0.61817 0.26433 0.25103
0.21785 0.60415 0.55987 0.07321
0.74913 0.87929 0.97139 0.29377
0.18758 0.17254 0.13083 0.34410
0.10352 0.56417 0.40517 0.89708
0.64900 0.05410 0.21629 0.20217
0.34082 0.23301 0.99632 0.78801
0.03421 0.61790 0.47150 0.19121
0.41786 0.32684 0.76421 0.04487
0.74928 0.16909 0.72440 0.71293
0.67221 0.24945 0.43257 0.26806
0.41199 0.50186 0.47996 0.40779
0.82965 0.56908 0.98788 0.42090
0.59732 0.13201 0.00869 0.96813
0.97975 0.16041 0.80073 0.72234
0.89022 0.42216 0.61604 0.53791
0.23399 0.68911 0.75918 0.33207
0.20765 0.73628 0.47736 0.92091
0.93089 0.70380 0.70680 0.96119
0.69488 0.10390 0.51394 0.56210
0.79029 0.16470 0.64111 0.40993
0.88399 0.43270 0.54063 0.49952
0.77284 0.58055 0.43460 0.76606
0.75544 0.19617 0.06940 0.62024
0.57606 0.03075 0.34216 0.83972
0.11030 0.29193 0.72656 0.91926
0.28649 0.59210 0.92450 0.49481
0.14761 0.97697 0.67864 0.92195
0.23060 0.50310 0.61112 0.76260
0.52558 0.09174 0.49388 0.41981
0.09065 0.36493 0.50604 0.54425
0.51661 0.22190 0.37550 0.90731
0.20831 0.23818 0.53431 0.17152
0.73354 0.26620 0.39800 0.06295
0.43244 0.85669 0.84558 0.43373
0.60515 0.19541 0.76055 0.21270
0.41564 0.12010 0.85474 0.03709
0.87115 0.88201 0.79176 0.85683
0.84151 0.35310 0.85034 0.39417
0.47118 0.21033 0.45377 0.24594
0.93174 0.31388 0.63895 0.52798
0.50161 0.02081 0.57403 0.76520
0.02684 0.92369 0.54180 0.94020
0.06011 0.34813 0.71304 0.40534
0.73776 0.06688 0.74011 0.79971
0.52741 0.31847 0.30846 0.97433
0.46365 0.49902 0.26847 0.71188
0.39538 0.64405 0.22106 0.81274
0.57629 0.44703 0.61092 0.19500
0.74747 0.12843 0.47319 0.70491
0.84244 0.91726 0.92192 0.49182
0.99935 0.23437 0.78654 0.33281
0.04129 0.61466 0.53328 0.68581
0.17501 0.16624 0.16351 0.59360
0.09628 0.20697 0.30645 0.07803
0.02225 0.54721 0.71015 0.58673
0.73686 0.37103 0.79799 0.65083
0.26151 0.50160 0.93998 0.67207
0.05594 0.93169 0.29843 0.25648
0.79448 0.59777 0.78603 0.36998
0.80087 0.97477 0.98234 0.91483
0.70879 0.37527 0.66651 0.44635
0.98976 0.80253 0.07249 0.41693
0.07970 0.45482 0.99125 0.36911
0.20511 0.18231 0.51149 0.53955
0.65910 0.21668 0.72805 0.89808
0.65660 0.23664 0.09324 0.61819
0.32949 0.45219 0.28839 0.19018
0.64661 0.97865 0.69538 0.58846
0.51684 0.91922 0.69963 0.02066
0.35965 0.11608 0.53268 0.63142
0.95836 0.22767 0.38332 0.13154
0.69698 0.08743 0.88518 0.97591
0.85886 0.74077 0.50967 0.04682
0.06749 0.46776 0.20539 0.06467
0.61229 0.67707 0.69779 0.13778
0.61541 0.71646 0.30028 0.41318
0.56383 0.69570 0.91500 0.20860
0.66220 0.02992 0.31398 0.42486
0.53971 0.61134 0.54716 0.30584
0.36843 0.64153 0.20155 0.96116
0.83760 0.17115 0.05298 0.37118
0.06306 0.32472 0.56189 0.71724
0.46454 0.00376 0.32532 0.87970
0.61412 0.73100 0.13662 0.56581
0.33089 0.72486 0.55712 0.94218
0.23011 0.19250 0.44006 0.91738
0.04544 0.56109 0.30326 0.15050
0.31282 0.64074 0.54426 0.39523
0.66188 0.47246 0.10411 0.77492
0.59918 0.72393 0.78981 0.05821
0.10866 0.20433 0.50422 0.76142
0.55981 0.42726 0.80344 0.55253
0.25032 0.60792 0.70786 0.66786
0.88882 0.83853 0.10317 0.14832
0.96439 0.99200 0.27413 0.41133
0.64633 0.35192 0.27404 0.05286
0.06427 0.08567 0.34412 0.58031
0.44928 0.44079 0.70884 0.24188
0.14004 0.42629 0.29084 0.73305
0.11605 0.75542 0.97495 0.58071
0.67855 0.34405 0.91124 0.36903
0.84301 0.09184 0.51325 0.25037
0.24636 0.05960 0.35528 0.20315
0.46834 0.11222 0.18387 0.03922
0.14902 0.22303 0.97823 0.75182
0.88129 0.09626 0.44540 0.58961
0.93956 0.81117 0.67937 0.56751
0.08567 0.50954 0.65990 0.13354
0.71354 0.47210 0.88244 0.70882
0.18838 0.22088 0.08131 0.00337
0.69478 0.82929 0.02165 0.01570
0.82296 0.33625 0.07438 0.95455
0.45084 0.88594 0.57044 0.54857
0.85848 0.06631 0.90310 0.06744
0.39922 0.12674 0.66614 0.78413
0.61202 0.28537 0.44517 0.11613
0.84352 0.24381 0.20086 0.03190
0.88981 0.33444 0.49872 0.62191
0.41173 0.49081 0.51717 0.04503
0.64089 0.91700 0.23563 0.77339
0.50445 0.63971 0.06616 0.81660
0.87884 0.54479 0.84880 0.27079
0.35028 0.52729 0.16398 0.42455
0.75924 0.66670 0.97031 0.97610
0.28676 0.59931 0.45909 0.25030
0.90826 0.42790 0.11139 0.28977
0.75331 0.31020 0.88013 0.39978
0.65315 0.47471 0.34289 0.35280
0.19195 0.65290 0.53907 0.10334
0.39328 0.30363 0.50057 0.36811
0.85608 0.38093 0.93861 0.35536
0.53650 0.78867 0.33878 0.19143
0.47812 0.03162 0.86511 0.16831
0.33939 0.41491 0.07956 0.32317
0.17307 0.22367 0.48561 0.00235
0.36625 0.24661 0.10657 0.65453
0.24962 0.48595 0.49357 0.10095
0.10402 0.35124 0.41100 0.33173
0.40260 0.80857 0.53390 0.33648
0.95158 0.85055 0.63865 0.73226
0.19408 0.28085 0.82947 0.13799
0.44073 0.52446 0.51369 0.14813
0.90878 0.08790 0.80182 0.01630
0.88654 0.63632 0.03783 0.31542
0.33282 0.23338 0.67813 0.70177
0.10466 0.02401 0.47103 0.28254
0.00655 0.56391 0.25286 0.92129
0.38632 0.36484 0.90832 0.69581
0.45228 0.20087 0.67727 0.89637
0.02024 0.56069 0.01546 0.68953
0.06836 0.50344 0.14278 0.25902
0.75547 0.74960 0.00874 0.12626
0.37308 0.70541 0.55634 0.71925
0.55007 0.31111 0.42702 0.22827
0.21375 0.94349 0.30913 0.56500
0.16710 0.83743 0.86427 0.74663
0.00306 0.95726 0.34755 0.27869
0.14500 0.71954 0.15653 0.50144
0.51307 0.28322 0.78481 0.31855
0.00916 0.42255 0.40123 0.04004
0.49202 0.48801 0.82689 0.49195
0.43082 0.64065 0.96318 0.14100
0.44071 0.22281 0.84417 0.87826
0.25663 0.72628 0.03853 0.89786
0.44291 0.79379 0.56479 0.92928
0.57408 0.48394 0.14248 0.17071
0.88085 0.80951 0.01329 0.99714
0.94190 0.47959 0.03686 0.46505
0.85445 0.73519 0.24061 0.51590
0.36694 0.64077 0.71789 0.34406
0.11719 0.69480 0.46250 0.36207
0.39898 0.38225 0.41100 0.93863
0.24439 0.72362 0.69187 0.86798
0.29241 0.19034 0.07976 0.94565
0.47611 0.12632 0.14018 0.65470
0.31143 0.55958 0.80544 0.84660
0.98082 0.57916 0.47935 0.49945
0.04864 0.30034 0.69785 0.84932
0.51949 0.12890 0.30873 0.53783
0.74420 0.77509 0.08434 0.90605
0.43824 0.05025 0.65869 0.41570
0.01350 0.30765 0.23318 0.16776
0.39037 0.32540 0.92175 0.19399
0.19418 0.89361 0.23106 0.81725
0.89057 0.46416 0.55828 0.35527
0.14915 0.20497 0.81999 0.60584
0.81669 0.14631 0.99465 0.07153
0.06671 0.59409 0.61726 0.48852
0.41073 0.52055 0.35722 0.24160
0.44779 0.16893 0.55185 0.72691
0.04893 0.88661 0.12909 0.09765
0.59578 0.68097 0.72285 0.92292
0.97885 0.07267 0.34133 0.44120
0.27959 0.59194 0.95203 0.44637
0.54097 0.53241 0.22120 0.15992
0.49983 0.25854 0.73967 0.90617
0.27465 0.55777 0.56257 0.09843
0.01835 0.33335 0.31546 0.65029
0.12142 0.07057 0.06773 0.46112
0.86124 0.49888 0.23416 0.65027
0.97782 0.16325 0.37438 0.64319
0.53436 0.40250 0.35766 0.21548
0.66130 0.47125 0.26827 0.09510
0.37988 0.50960 0.78734 0.95743
0.20776 0.33993 0.60859 0.31793
0.34160 0.33651 0.64767 0.84866
0.84853 0.64432 0.01287 0.25720
0.37105 0.98560 0.92498 0.59438
0.51857 0.92330 0.15320 0.48212
0.73228 0.61934 0.25029 0.85819
0.96280 0.40825 0.45092 0.62557
0.73076 0.40211 0.80876 0.25762
0.90950 0.38433 0.28044 0.67918
0.47581 0.56553 0.40625 0.27613
0.55842 0.76372 0.24865 0.00762
0.78652 0.67517 0.05140 0.49998
0.27687 0.28048 0.83598 0.75771
0.64295 0.10189 0.47233 0.77385
0.81666 0.41194 0.11532 0.07294
0.41093 0.27899 0.91080 0.54919
0.18585 0.79461 0.59415 0.92343
0.75808 0.99529 0.33880 0.54462
0.24511 0.78525 0.67148 0.20910
0.63850 0.63764 0.43610 0.53606
0.82341 0.37797 0.72260 0.51089
0.71833 0.43006 0.26857 0.75249
0.41967 0.67042 0.46133 0.94659
0.38075 0.56872 0.47367 0.98472
0.24902 0.68248 0.37153 0.53151
0.61871 0.33500 0.62484 0.90961
0.43548 0.25962 0.40853 0.08036
0.07283 0.95859 0.52410 0.59136
0.89945 0.06578 0.27374 0.71131
0.79913 0.95368 0.73593 0.73475
0.06765 0.50209 0.13964 0.16017
0.03353 0.85280 0.35481 0.53245
0.03615 0.06883 0.64547 0.61442
0.65963 0.29485 0.62858 0.66675
0.62624 0.64016 0.32750 0.23328
0.15892 0.64487 0.19142 0.97083
0.44221 0.34738 0.83464 0.12858
0.75496 0.16091 0.74725 0.91691
0.36580 0.50057 0.79305 0.92490
0.03256 0.04944 0.43624 0.16049
0.56685 0.27035 0.91472 0.35107
0.27376 0.11121 0.36705 0.61910
0.18981 0.70350 0.57441 0.98542
0.54041 0.91932 0.01192 0.32165
0.27262 0.60589 0.00493 0.09669
0.29848 0.53602 0.90964 0.18443
0.57408 0.01358 0.78877 0.50193
0.88070 0.85079 0.29272 0.61228
0.28999 0.07867 0.65467 0.29115
0.59956 0.94411 0.72825 0.54030
0.13787 0.26272 0.14816 0.74944
0.38324 0.67174 0.26367 0.33199
0.68057 0.82700 0.55471 0.93349
0.11345 0.73755 0.85087 0.19737
0.30843 0.32989 0.45303 0.05411
0.76846 0.04414 0.47494 0.06617
0.26570 0.86455 0.91658 0.24383
0.22790 0.51670 0.30690 0.28786
0.80414 0.23852 0.48438 0.43552
0.54750 0.08447 0.34007 0.59923
0.82985 0.91097 0.52997 0.53811
0.08914 0.96926 0.57115 0.71132
0.60503 0.84065 0.66399 0.74528
0.36541 0.11455 0.76215 0.51451
0.83058 0.71710 0.39111 0.26341
0.98369 0.19180 0.93601 0.37292
0.96885 0.21540 0.11087 0.07932
0.39364 0.72402 0.00097 0.25735
0.08866 0.50300 0.64069 0.59220
0.73773 0.01355 0.98645 0.23779
0.88753 0.46976 0.13365 0.18345
0.81211 0.71911 0.07478 0.27150
0.32999 0.31913 0.86513 0.03625
0.39353 0.54324 0.75240 0.16956
0.84390 0.81235 0.50840 0.56745
0.10822 0.19301 0.07363 0.19615
0.52490 0.61794 0.41197 0.98060
0.97092 0.11745 0.53253 0.91974
0.47635 0.81776 0.37789 0.60237
0.41889 0.23835 0.04503 0.02102
0.95124 0.62627 0.44010 0.90792
0.94944 0.08742 0.06408 0.71629
0.28575 0.50078 0.74732 0.02503
0.72128 0.97646 0.12499 0.45211
0.34472 0.68799 0.79314 0.87609
0.72102 0.09867 0.63326 0.34778
0.59921 0.51577 0.63089 0.71897
0.37270 0.36157 0.71054 0.71870
0.84925 0.82079 0.21761 0.85012
0.93473 0.54732 0.32467 0.60424
0.72055 0.63825 0.49944 0.20576
0.75148 0.73623 0.17197 0.32186
0.72514 0.08079 0.12865 0.12753
0.43184 0.98972 0.18067 0.66374
0.95717 0.84311 0.69935 0.58467
0.16967 0.44703 0.89241 0.07679
0.25398 0.78093 0.72465 0.50422
0.20975 0.05737 0.84213 0.89051
0.54185 0.98318 0.96620 0.47403
0.51499 0.57496 0.25449 0.06159
0.45600 0.52877 0.97590 0.34132
0.31270 0.33465 0.59944 0.26691
0.93692 0.95297 0.08423 0.32988
0.02069 0.86980 0.50492 0.92641
0.43302 0.28208 0.19429 0.41893
0.95029 0.62186 0.87250 0.79797
0.48274 0.93521 0.15749 0.12926
0.47163 0.20428 0.85211 0.15122
0.87529 0.22934 0.85221 0.57655
0.36662 0.56944 0.73813 0.05910
0.32196 0.82086 0.79525 0.71954
0.27162 0.99755 0.88198 0.89749
0.94749 0.38686 0.98464 0.25433
0.68706 0.86128 0.81002 0.44372
0.88600 0.29099 0.11982 0.35240
0.03708 0.83054 0.75917 0.95473
0.02132 0.80174 0.66970 0.47859
0.94757 0.09880 0.10622 0.32768
0.08778 0.16234 0.13542 0.50598
0.90956 0.39952 0.14704 0.88852
0.45150 0.22206 0.71989 0.42232
0.36957 0.14749 0.58060 0.72556
0.41352 0.52285 0.96967 0.61163
0.57811 0.29878 0.73754 0.62722
0.24029 0.13481 0.76390 0.78102
0.48118 0.16139 0.36216 0.50971
0.32200 0.99843 0.28342 0.51894
0.38756 0.37466 0.25307 0.10588
0.95922 0.46715 0.93527 0.71720
0.09729 0.62836 0.00419 0.73448
0.00047 0.16756 0.32938 0.21403
0.49885 0.46694 0.87464 0.72175
0.36313 0.92607 0.93261 0.96982
0.68735 0.25096 0.78986 0.20365
0.68096 0.94335 0.02419 0.26943
0.23729 0.23562 0.50357 0.82652
0.84252 0.38995 0.85292 0.29056
0.93602 0.05602 0.81625 0.21489
0.00520 0.73986 0.04551 0.48148
0.90121 0.83205 0.60060 0.41589
0.13381 0.16631 0.86566 0.54795
0.92685 0.18613 0.73600 0.30071
0.61949 0.74303 0.58240 0.18465
0.03859 0.29462 0.23711 0.95167
0.50429 0.12301 0.90187 0.74915
0.46939 0.71694 0.17177 0.88032
0.55351 0.86270 0.02303 0.09124
0.60378 0.10168 0.92002 0.37381
0.72160 0.16131 0.14895 0.48588
0.64666 0.43109 0.88260 0.96024
0.12669 0.43018 0.11523 0.91783
0.23187 0.29408 0.00329 0.61862
0.38346 0.12874 0.46222 0.04834
0.69270 0.76445 0.61278 0.09089
0.03665 0.93316 0.60698 0.56974
0.01573 0.65881 0.46532 0.58561
0.95689 0.51910 0.88509 0.26592
0.01640 0.12226 0.61029 0.17772
0.64145 0.06365 0.04115 0.00346
0.91445 0.20652 0.43140 0.68641
0.53248 0.31106 0.34282 0.60653
0.81402 0.92336 0.38385 0.52817
0.06919 0.57792 0.49982 0.38995
0.63540 0.62103 0.36335 0.84255
0.18022 0.37534 0.06644 0.57541
0.33616 0.37098 0.03441 0.51681
0.57491 0.87225 0.92650 0.91689
0.96325 0.67430 0.91803 0.86765
0.20280 0.33564 0.52709 0.89391
0.14609 0.26644 0.56539 0.79705
0.70062 0.97850 0.66756 0.25928
0.27649 0.59296 0.69876 0.75193
0.89891 0.94034 0.83636 0.73838
0.88710 0.39278 0.86875 0.96778
0.58687 0.63083 0.01497 0.81987
0.52112 0.86190 0.86452 0.46960
0.23980 0.53430 0.21873 0.52012
0.14791 0.01101 0.95517 0.76991
0.73688 0.03811 0.80981 0.33186
0.97482 0.14094 0.50222 0.63672
0.71273 0.47521 0.97861 0.66711
0.35348 0.60295 0.22798 0.87704
0.88579 0.81670 0.70897 0.46394
0.28681 0.93830 0.93082 0.33079
0.78928 0.98926 0.99190 0.85879
0.26874 0.90089 0.45464 0.45734
0.51894 0.66063 0.21642 0.61630
0.47415 0.82168 0.34555 0.35730
0.31563 0.46302 0.69751 0.17007
0.04929 0.51459 0.87612 0.51051
0.90866 0.63692 0.16622 0.58728
0.37236 0.66093 0.23332 0.46566
0.69358 0.63057 0.74010 0.65583
0.47488 0.39186 0.60869 0.58019
0.67624 0.75433 0.76052 0.98156
0.23103 0.08169 0.06187 0.55491
0.11273 0.69784 0.64428 0.56507
0.71901 0.47987 0.57154 0.37808
0.18141 0.76068 0.57517 0.86405
0.76366 0.31571 0.07608 0.76694
0.41127 0.28853 0.52658 0.52192
0.64664 0.71712 0.76042 0.69279
0.25636 0.10966 0.81069 0.39293
0.27118 0.83796 0.69217 0.88840
0.59972 0.12807 0.00788 0.39222
0.57826 0.11882 0.33979 0.71383
0.63186 0.43588 0.28651 0.68473
0.19638 0.15944 0.42262 0.93023
0.55633 0.02521 0.44180 0.98863
0.75702 0.94802 0.99618 0.21384
0.56207 0.50242 0.95180 0.59865
0.74038 0.44340 0.91998 0.37245
0.87723 0.86015 0.65872 0.34804
0.87857 0.29268 0.27473 0.64825
0.29625 0.98652 0.26404 0.79607
0.58565 0.37413 0.21109 0.60091
0.41336 0.66130 0.18146 0.15894
0.78757 0.87001 0.95076 0.04675
0.33833 0.08443 0.60727 0.62404
0.45211 0.19592 0.08916 0.36275
0.92434 0.26368 0.34119 0.04718
0.37242 0.64302 0.14848 0.14136
0.11103 0.71462 0.14616 0.92883
0.40899 0.97968 0.82979 0.14044
0.51292 0.60634 0.02659 0.02919
0.23772 0.88128 0.74391 0.71572
0.50395 0.95183 0.50737 0.58042
0.39150 0.42683 0.81657 0.45852
0.56098 0.31401 0.76454 0.77501
0.61156 0.47910 0.49742 0.94468
0.75492 0.18511 0.64311 0.78121
0.86648 0.65638 0.37169 0.85838
0.37028 0.46624 0.36182 0.68755
0.77432 0.59370 0.90181 0.32912
0.01707 0.56931 0.31911 0.50057
0.10301 0.91416 0.92051 0.15098
0.11176 0.95480 0.38996 0.47602
0.32301 0.16276 0.64765 0.24749
0.72737 0.17886 0.30171 0.45786
0.74751 0.47816 0.13404 0.90375
0.24347 0.91086 0.74190 0.42807
0.49489 0.40549 0.15534 0.65341
0.39894 0.82593 0.23818 0.39674
0.27165 0.62070 0.73821 0.56568
0.49436 0.66367 0.59855 0.28881
0.76762 0.03667 0.09356 0.75378
0.80170 0.32175 0.76966 0.20918
0.62118 0.93684 0.85561 0.88615
0.87812 0.45047 0.34193 0.44562
0.05381 0.24868 0.68417 0.01786
0.06920 0.21867 0.42474 0.18621
0.22751 0.89796 0.89143 0.91520
0.77461 0.09926 0.49662 0.61479
0.62697 0.13582 0.62973 0.82001
0.27771 0.36562 0.51156 0.01081
0.65475 0.86156 0.62849 0.68212
0.06328 0.08660 0.53244 0.57562
0.71646 0.98229 0.82448 0.49965
0.00886 0.34340 0.27084 0.25211
0.16735 0.33739 0.59606 0.40365
0.85675 0.77153 0.77136 0.47945
0.17323 0.85976 0.11523 0.05279
0.05597 0.87187 0.93812 0.98509
0.46031 0.20606 0.44684 0.80482
0.89056 0.06263 0.13762 0.77043
0.52236 0.58076 0.62197 0.48125
0.39042 0.34543 0.17478 0.82205
0.00391 0.70502 0.09912 0.90699
0.70098 0.22833 0.30543 0.67964
0.19938 0.88954 0.42791 0.26120
0.30081 0.88720 0.13222 0.03305
0.81974 0.67158 0.47299 0.16138
0.74661 0.23002 0.60423 0.28565
0.03872 0.96973 0.99000 0.37648
0.52079 0.38360 0.77011 0.98665
0.77365 0.09876 0.39178 0.98823
0.42394 0.92456 0.89141 0.22281
0.70749 0.82401 0.40072 0.84671
0.45583 0.29350 0.00772 0.83641
0.93576 0.79455 0.72739 0.58249
0.57631 0.07679 0.81866 0.27323
0.91129 0.33957 0.77180 0.66146
0.49658 0.55063 0.63070 0.31436
0.61853 0.15802 0.72483 0.28511
0.36747 0.79174 0.67096 0.10591
0.67287 0.04705 0.00911 0.66261
0.33756 0.66537 0.65701 0.54744
0.98521 0.20166 0.06851 0.91699
0.53544 0.51537 0.95750 0.63299
0.90688 0.31484 0.28485 0.33807
0.86570 0.19970 0.56182 0.76243
0.17366 0.87787 0.36228 0.60541
0.69633 0.39349 0.95709 0.75816
0.46395 0.19270 0.29758 0.04360
0.56845 0.95624 0.89337 0.53960
0.16767 0.14568 0.44096 0.52528
0.33160 0.53064 0.65314 0.23154
0.50689 0.09993 0.61849 0.04619
0.31779 0.13245 0.52665 0.46504
0.42047 0.45736 0.47207 0.00316
0.65214 0.27773 0.11911 0.02940
0.48764 0.48060 0.03041 0.99696
0.08336 0.70544 0.64049 0.35348
0.78484 0.75131 0.90297 0.26973
0.47432 0.47851 0.51081 0.15611
0.27362 0.17095 0.89277 0.40090
0.63624 0.67797 0.73486 0.82382
0.62591 0.22932 0.51074 0.14062
0.81336 0.48809 0.68430 0.00667
0.57695 0.90035 0.41655 0.07236
0.85953 0.14543 0.14160 0.56782
0.93845 0.26285 0.11846 0.89467
0.75778 0.14973 0.56132 0.17148
0.44154 0.95501 0.98375 0.23047
0.55694 0.01006 0.23504 0.79306
0.32352 0.35693 0.08277 0.77303
0.34228 0.09460 0.61486 0.21246
0.53280 0.69686 0.38592 0.98089
0.93532 0.47141 0.96264 0.84540
0.71346 0.33989 0.78018 0.45852
0.83191 0.54426 0.20653 0.48218
0.26374 0.41174 0.82172 0.29747
0.59153 0.86137 0.49622 0.85133
0.95864 0.85991 0.02483 0.09625
0.86486 0.80640 0.89542 0.46299
0.41590 0.18761 0.60348 0.75565
0.00510 0.30656 0.92058 0.00632
0.84438 0.67760 0.20571 0.48045
0.48902 0.95122 0.99869 0.69894
0.87379 0.24820 0.31133 0.05537
0.30572 0.81595 0.80164 0.27437
0.02031 0.14226 0.20102 0.03109
0.70800 0.17742 0.45130 0.45757
0.90010 0.19781 0.45979 0.29721
0.95890 0.14444 0.63075 0.19890
0.37039 0.46667 0.28448 0.24491
0.12087 0.31428 0.46601 0.88690
0.42896 0.90391 0.50849 0.36363
0.40161 0.87520 0.50966 0.64767
0.56764 0.97928 0.09687 0.93760
0.36188 0.17461 0.18017 0.57526
0.13586 0.44142 0.32857 0.99088
0.36907 0.26671 0.41661 0.00515
0.70578 0.24061 0.36916 0.54780
0.08300 0.66022 0.91870 0.81900
0.18758 0.03029 0.13294 0.74391
0.92378 0.26423 0.86911 0.58080
0.07822 0.42651 0.20018 0.00221
0.19001 0.40919 0.19422 0.96134
0.18243 0.82735 0.83580 0.60314
0.68841 0.87111 0.38869 0.36977
0.04275 0.62123 0.37268 0.30392
0.14306 0.35303 0.21134 0.49774
0.64959 0.25122 0.63491 0.98105
0.25733 0.48816 0.18202 0.55733
0.49596 0.11623 0.55954 0.80017
0.50819 0.93482 0.43750 0.06854
0.36554 0.87719 0.29454 0.67914
0.07905 0.26923 0.17936 0.05147
0.72864 0.37147 0.52391 0.35611
0.93003 0.49106 0.83286 0.61834
0.19832 0.77304 0.23860 0.30866
0.22252 0.00020 0.48536 0.84168
0.75844 0.54856 0.12875 0.64782
0.20997 0.84553 0.75648 0.10160
0.05763 0.11806 0.08119 0.88013
0.30928 0.88044 0.49648 0.26479
0.98484 0.27470 0.53146 0.84252
0.00021 0.26996 0.24556 0.81549
0.66899 0.72254 0.79874 0.25845
0.61513 0.25705 0.53812 0.66064
0.74916 0.47784 0.59873 0.27051
0.92346 0.95867 0.31443 0.41849
0.19749 0.75400 0.05070 0.62072
0.61757 0.06100 0.25847 0.89578
0.49214 0.63401 0.34270 0.41564
0.23954 0.37967 0.10787 0.63705
0.16852 0.02407 0.00400 0.32921
0.63041 0.67222 0.27942 0.06585
0.11161 0.50530 0.94664 0.39561
0.89001 0.62824 0.35850 0.19306
0.96034 0.30415 0.55472 0.55064
0.07996 0.93289 0.88085 0.61193
0.54011 0.87830 0.01029 0.77332
0.88679 0.57139 0.55254 0.42235
0.44183 0.08409 0.69867 0.87010
0.14560 0.38376 0.72905 0.36536
0.70940 0.25802 0.78241 0.18139
0.74568 0.89917 0.24849 0.29802
0.36936 0.14253 0.08707 0.62331
0.86753 0.01894 0.49150 0.06539
0.80357 0.33362 0.65791 0.53041
0.90589 0.88125 0.78868 0.81859
0.35644 0.67731 0.15325 0.61884
0.98194 0.34897 0.34790 0.99520
0.43666 0.50994 0.20053 0.40107
0.70446 0.36662 0.70008 0.51925
0.51055 0.80961 0.90471 0.77292
0.05841 0.03409 0.97505 0.02458
0.96458 0.47693 0.11441 0.71040
0.70452 0.79501 0.95334 0.82952
0.69317 0.19176 0.89214 0.53946
0.64356 0.81610 0.20875 0.39766
0.48552 0.63493 0.91528 0.92926
0.88641 0.25619 0.26957 0.80607
0.73127 0.89130 0.62836 0.95611
0.21974 0.21097 0.21458 0.68953
0.85982 0.20934 0.64022 0.11163
0.44334 0.80356 0.87117 0.65093
0.23323 0.03607 0.78911 0.15048
