0.35009
0.92105
0.19824
0.33182
0.18682
0.70373
0.43824
0.63800
-0.03472
0.34549
0.01012
0.43145
0.42414
0.09682
0.02998
0.58292
0.63583
0.14449
0.21033
1.04438
-0.02757
0.76491
0.38711
0.56771
0.24281
0.19877
0.10437
0.93716
0.54196
-0.00359
0.54211
0.36052
0.10795
0.07112
1.05568
0.09240
0.40136
0.07493
0.70090
0.88814
0.70360
0.47728
0.37062
0.87554
0.47409
0.47986
0.17076
0.40281
-0.02617
-0.08388
0.13824
0.18960
0.38134
1.09120
0.65210
0.20691
0.01138
0.50190
-0.09590
0.07322
0.38842
0.46599
0.27345
-0.05869
0.74622
0.48252
0.57342
0.14903
0.43903
0.74225
1.12644
0.62026
0.92912
0.15762
0.46747
0.44115
0.90178
1.00317
0.06032
0.69794
0.72562
0.31126
1.00638
1.00439
-0.10131
0.73226
0.31881
0.30660
0.60066
0.20532
0.01556
0.02919
0.98003
0.83356
0.77925
0.86580
0.63200
0.24192
0.28445
0.00577
0.58568
-0.03273
0.72179
0.02290
0.47744
0.31596
0.68387
0.59042
0.15011
0.61978
0.10612
0.51384
-0.05719
0.27693
0.32707
0.17173
-0.04205
0.81487
0.65002
0.75180
0.40727
0.09104
0.04601
0.18035
0.50156
0.42328
0.87205
0.07871
1.15297
0.15304
0.90382
1.07268
0.45415
0.91202
0.12586
0.10299
0.46584
0.19196
0.01168
0.48483
0.93917
0.91676
0.95007
0.38550
-0.04108
0.03939
0.83451
1.19240
0.54585
0.13899
0.19229
0.68755
0.46935
0.46886
1.03280
0.18454
0.59081
0.64266
0.12860
0.21567
0.40869
0.38121
0.90493
0.63892
-0.08064
0.23617
0.22748
0.10487
0.46301
0.58410
0.27841
0.44035
0.36717
0.53482
0.17891
0.28484
0.04626
0.06004
0.25605
0.31233
0.26816
0.72289
0.50803
0.06604
0.49379
0.77046
0.29034
0.17186
0.12108
0.15379
0.06945
0.95213
0.09835
0.22099
0.50506
-0.05090
0.36878
0.66223
-0.05489
0.40550
0.23131
0.06848
-0.00959
0.45624
0.58197
0.02980
0.91366
0.56988
1.02124
-0.02700
-0.07580
1.04214
0.95676
0.57284
0.11545
0.56462
0.74895
0.06254
0.10539
0.44058
0.28590
0.76411
0.54507
1.18040
0.64355
0.08245
0.16952
0.12050
0.92704
0.05474
0.11827
0.52810
0.23879
-0.03515
0.65573
0.87783
0.48986
0.65087
0.83760
0.85067
0.19053
0.83077
0.12801
0.44166
0.76886
1.01117
0.48955
0.73312
0.17095
0.18168
0.53642
-0.09492
0.59626
0.52993
0.28537
0.27345
0.11126
0.14300
0.46816
-0.07828
0.95422
0.89955
0.51929
0.83302
1.00552
-0.00604
0.93496
0.30083
0.68727
0.99073
0.65204
0.00170
0.95923
-0.15495
0.48788
0.35605
0.41830
0.48623
0.19373
0.03710
0.61006
0.41318
0.83599
-0.01790
0.23724
-0.03937
0.00479
0.14801
0.52725
0.95793
0.02614
-0.05126
0.94728
0.45821
0.10176
0.02651
0.18729
-0.03974
0.07013
0.61164
0.66711
0.29115
0.11543
1.12837
0.01158
0.52595
0.21788
0.27142
0.91457
0.00068
0.53412
0.42207
0.06711
0.04822
0.79595
0.30317
0.73304
0.60004
0.79400
0.41249
0.80122
0.79500
1.03441
1.08495
0.23153
0.67939
0.50339
0.67950
0.20155
0.22503
0.71742
0.22256
0.01871
0.43894
0.47135
0.48349
0.02492
0.14599
0.00664
-0.06250
0.36898
0.91568
0.77008
0.29828
-0.10699
-0.01633
0.00353
0.69757
0.42469
0.45761
0.63121
0.23506
0.05923
0.50211
0.57420
0.44292
0.04293
0.15348
0.03363
0.31647
0.37673
-0.15481
0.84861
0.61772
0.55482
0.25018
0.91453
-0.09822
0.11330
0.13876
0.88918
1.03872
0.41568
0.13757
0.14501
0.29525
0.25958
0.22819
0.57983
1.06289
0.07760
1.00088
0.93727
0.29073
0.75564
0.82052
0.06558
0.05378
1.07644
0.07125
0.41324
0.71845
0.91977
-0.00943
0.52570
0.52823
0.50549
0.11313
0.98699
1.04186
0.13149
0.05415
0.67693
0.85212
0.27252
0.39909
0.28508
0.33922
0.71204
0.27534
0.94580
0.08777
0.17559
-0.02265
0.57836
-0.04153
0.29651
0.75921
-0.02300
0.53939
0.68385
0.13384
0.08396
0.63160
0.09458
0.04616
0.13927
0.04689
0.36678
0.10047
0.65021
0.24689
0.24295
0.09721
0.58638
0.40521
0.25467
0.04700
0.98522
0.79789
0.41510
0.63029
0.77603
0.33576
0.07732
0.74511
0.62491
0.95610
0.19771
0.00757
-0.03112
0.53469
0.00752
0.26791
-0.04776
0.11234
0.20710
0.93595
0.33921
0.93376
0.68890
0.88763
0.01718
0.12766
0.48212
0.09685
0.41786
0.36223
0.68112
0.27043
-0.06251
0.55676
-0.09128
0.67592
1.02757
0.18415
0.26700
0.50771
0.51995
0.71571
0.45235
0.08316
0.86430
0.68446
0.23565
0.38493
0.06948
0.37318
0.63784
0.38412
-0.05411
0.92262
0.26297
0.33842
0.64253
0.94381
0.29170
0.19269
0.03692
0.56130
0.28873
1.01175
0.70179
0.99797
0.73117
0.04443
0.41931
0.23255
0.97418
0.84095
0.14732
0.29173
0.51009
0.42187
0.34809
-0.18004
0.19813
0.14088
0.39017
0.73822
0.66827
0.21061
0.89735
0.43011
0.02146
0.40082
0.50095
1.01573
0.09578
0.81475
0.29076
0.81465
0.09115
0.56753
-0.02095
0.35963
0.99869
0.24771
-0.03694
0.32313
0.71277
1.09436
0.37549
0.00612
0.02965
0.38146
0.67457
1.03925
0.87150
0.07516
0.47804
0.10494
0.26345
0.26465
0.97229
0.30763
0.58656
0.95579
-0.05177
-0.03076
0.23059
0.09207
0.03313
0.22240
0.48494
0.22946
0.34664
0.01177
0.09584
0.76859
0.31962
-0.06287
0.68032
0.24781
0.28779
0.81980
0.16143
1.12890
0.83397
0.98704
0.06434
0.91318
0.67596
0.55316
0.65762
0.91668
0.34287
0.31703
0.96766
0.92462
0.67384
1.03336
0.14511
-0.08522
0.13826
0.95821
0.02723
1.06756
0.61375
0.52032
0.89119
0.56650
0.52669
0.13541
0.34848
0.83835
-0.03681
0.73235
0.23264
0.33528
0.37506
-0.04141
0.02683
0.21856
0.58025
0.16024
0.09709
0.23218
0.02013
0.14014
0.25820
1.01024
0.43098
0.86896
0.52991
0.25057
0.68847
0.19645
0.12860
0.23799
-0.00336
0.08974
0.52119
0.42043
0.60343
0.40502
0.55636
-0.01072
0.09470
0.19299
0.05816
0.88960
0.02740
0.73935
0.45922
0.11631
0.96625
0.00001
0.83281
0.34514
0.60055
-0.05145
0.30675
0.14757
0.13487
0.09369
0.42621
0.83503
0.86028
0.09698
0.60630
0.06472
0.72576
0.61693
0.92894
0.94486
0.57102
0.52843
0.90549
0.07262
0.09758
0.37837
-0.04186
0.09142
-0.08696
0.19068
-0.01863
0.53548
0.50029
0.43982
-0.03346
-0.06012
0.50552
0.37910
0.73437
0.64220
0.12996
0.34281
-0.00517
1.05865
0.24558
0.00732
1.06258
0.12513
0.25054
0.91815
0.51225
0.40368
0.34956
0.07338
0.10458
0.11418
0.17909
0.88004
0.60703
-0.12964
0.61650
0.20853
0.19487
0.59318
0.59046
0.55143
1.13566
0.25085
0.36649
0.16968
1.00284
-0.05532
0.23456
1.04856
0.14745
0.47854
0.22087
0.71286
0.04668
0.05016
0.54518
0.09170
0.55282
-0.07293
0.69532
0.99845
0.85845
0.53879
1.01905
0.00611
0.01837
0.59025
-0.12064
0.66020
0.52832
0.28766
0.59210
-0.02156
0.17798
0.55845
0.22191
0.05796
0.44254
0.29512
0.57417
0.39983
0.45804
0.95805
0.53227
-0.09698
0.28160
0.42472
0.02458
0.67586
0.73580
0.70026
0.08384
0.40709
0.01300
0.18943
0.38591
0.28854
0.10027
-0.05314
-0.02903
0.15374
0.41987
0.39484
0.30395
0.46188
0.19097
0.45886
0.12532
1.07175
0.84389
0.49505
0.04221
0.38822
0.53256
0.38866
0.90581
0.62984
-0.09112
0.02087
0.52197
1.11923
0.68436
1.01806
0.44340
1.07940
0.03081
1.04561
0.39807
0.49955
0.21423
0.63940
0.77925
0.47285
-0.06871
0.18888
0.38609
0.51118
0.12025
0.60544
-0.09187
0.50752
0.38354
-0.13890
0.86077
-0.05870
0.41471
0.05911
0.50058
0.40852
0.06794
0.29783
0.50719
0.93411
0.58993
0.53750
0.90567
0.54614
0.95144
0.43650
0.14346
0.11707
0.28851
0.23122
0.26955
0.21090
0.28025
0.02047
0.09909
0.97172
0.43424
0.45175
0.37369
0.13994
0.28569
0.04058
-0.00988
0.33669
0.32861
-0.05121
0.91571
-0.05028
0.99737
0.59590
0.10883
0.41779
0.76458
-0.05264
0.99360
0.02477
0.34100
0.48680
0.59464
0.42448
0.01500
0.17322
0.74387
0.81331
0.46591
0.39955
-0.10085
0.99315
0.13177
0.09035
0.66639
0.03137
0.02360
0.95149
0.12424
0.93816
0.20724
0.29453
0.15234
0.86271
-0.00802
0.21147
0.80170
0.55259
0.14294
0.72631
0.27808
0.54459
0.58017
0.08733
0.83239
-0.02389
0.51706
-0.05162
0.37041
0.77745
0.63755
-0.03481
0.96050
0.69220
0.26614
0.52502
0.41421
0.29897
0.58453
-0.06842
0.82498
0.51629
0.73292
0.19725
0.39365
0.11384
0.09612
-0.16121
0.87907
0.28846
0.18191
0.27742
0.93584
0.02604
0.30990
0.01600
0.03441
0.70419
0.85650
0.80179
0.09647
1.04653
0.72684
0.22109
0.00200
0.59109
-0.01502
-0.06922
1.07740
0.84663
0.22318
0.16853
0.37425
0.01053
0.20260
1.12271
0.37401
0.25754
1.02052
1.11861
1.03092
0.57498
0.30762
0.44105
0.42987
0.03584
-0.05422
0.39413
-0.08421
-0.04884
0.36236
0.39384
0.39013
0.43073
0.43600
0.13815
0.21146
0.76131
0.47547
0.73679
1.00040
0.31245
0.93403
0.54609
0.93796
-0.23755
0.09683
0.56854
0.18119
0.02664
0.38204
0.14435
0.76158
0.08839
1.10908
0.54101
0.08782
0.48136
1.02124
0.02879
1.01323
0.31372
0.44110
0.57923
0.57775
0.89360
0.15885
0.87621
0.87630
0.36968
0.76267
1.02028
0.85783
0.74351
1.05488
0.50600
0.31470
1.15668
1.00655
0.31350
0.26358
1.02952
-0.04668
0.37505
0.23975
0.23981
0.35846
0.94326
0.20905
0.22016
0.69350
0.92430
0.23615
1.00300
0.40209
0.31748
0.95839
0.40535
0.36391
0.68787
0.31612
-0.04148
0.10300
-0.09245
1.05135
0.00792
0.59724
0.90468
0.03235
0.48565
1.07759
0.64807
0.90981
0.47243
0.32145
0.05819
0.57071
0.18653
0.14063
0.70681
0.30005
0.10741
0.54389
0.37969
0.66217
0.09099
1.08623
0.97545
0.05776
0.12635
0.17653
0.99126
0.61123
0.01903
0.19866
-0.00977
1.08024
0.47127
0.61553
0.96985
0.56167
0.40989
0.18452
0.57123
0.66451
0.14894
0.55909
0.46430
0.19952
0.52290
0.38507
0.03272
0.07723
0.88311
0.56573
0.64396
0.67067
0.95006
0.53968
0.14021
0.60413
1.08791
0.18357
0.25696
0.55878
0.58309
0.06154
0.32497
0.18366
0.24989
0.30570
0.20893
0.04936
0.87061
0.75959
0.38530
0.51062
-0.04341
0.57956
0.96104
0.20064
0.40961
0.57888
0.38251
0.21808
0.53293
0.38612
0.56554
0.44176
0.08308
0.22553
1.01397
0.59466
-0.00459
0.17324
1.05123
0.11064
0.03032
0.77040
0.04412
0.28936
-0.02247
0.26886
0.04257
0.38429
0.49786
0.51697
0.83176
0.08695
0.42648
0.55190
0.30648
0.97856
0.50506
0.87951
0.54218
0.13235
0.62027
0.10982
0.38835
0.32043
0.27120
0.91267
0.52787
0.28019
0.28431
0.43181
0.47707
0.40133
-0.02039
0.39732
0.34381
1.02951
0.62933
0.67239
0.46975
0.47201
0.57660
0.37378
0.43245
0.46036
0.04835
0.31802
0.01846
0.29851
0.53752
0.30869
0.08217
1.03708
0.89171
0.65575
0.27548
0.92690
0.89185
0.05599
0.63681
0.39300
1.05874
0.26746
0.38594
0.71547
0.55638
0.39217
0.52544
0.34181
0.54091
0.76113
0.88034
0.04693
1.00381
0.23728
0.08375
0.13438
0.06022
0.94924
0.01704
0.85218
0.06007
0.30563
0.73113
-0.20507
0.72447
0.65041
0.94791
0.52015
0.29205
-0.02706
0.36261
0.60095
0.31672
0.29396
1.07325
0.14141
0.10365
0.36036
-0.02716
0.84211
0.66544
0.94420
0.53844
-0.03595
0.53796
0.37110
0.04780
0.41318
0.52450
0.45460
0.40109
0.29668
0.32156
0.54967
0.66655
1.05044
0.26660
0.18112
0.82856
0.55002
0.49673
0.13111
0.18148
0.61701
1.01092
0.19780
0.51890
-0.08910
0.08244
0.54162
0.43529
0.39922
0.53346
0.39103
0.55426
0.54248
0.71160
0.13196
0.43933
0.39494
0.02376
0.42340
0.46318
0.79545
0.18627
0.60133
0.71631
0.02146
0.07117
0.20567
1.05181
0.88448
-0.08983
0.13514
0.14592
0.10529
-0.11736
0.41778
0.88631
0.45129
0.14264
0.24626
0.08938
0.64059
0.28373
0.31420
0.55390
0.01541
0.39242
0.41151
-0.02163
0.08003
0.14187
0.01398
0.72473
0.21165
0.58157
0.20626
0.52282
0.71583
0.33225
0.06685
0.11264
0.31963
0.81780
0.51721
0.50368
0.64586
1.15575
0.10448
0.59765
0.11927
0.58541
1.07922
-0.04349
0.16868
0.47024
1.02861
0.21495
0.16775
0.55045
0.82560
0.12604
0.82240
0.20007
0.20476
0.52554
0.95211
0.45001
0.02055
0.13806
0.81211
0.92824
0.51935
0.44187
0.13298
0.79141
0.83767
0.34182
0.10627
0.85500
1.02410
0.92713
0.22452
-0.08807
0.00852
-0.05587
0.27486
0.07604
0.65819
-0.07046
0.24472
0.70412
0.67008
0.37639
0.52664
0.30693
0.03320
0.79868
0.18277
0.98917
0.49027
0.45473
0.25472
0.10119
0.09929
0.06725
0.58846
0.24830
0.97396
0.75806
0.07202
0.64199
-0.03529
0.09991
0.83374
0.70620
0.43451
0.01276
0.60471
0.80429
0.11883
0.14079
0.12288
0.37805
-0.00880
0.48295
0.23507
0.50635
0.28608
0.63368
0.81957
1.00857
0.90566
0.06290
1.09163
0.60281
0.70881
-0.11909
0.68040
0.35554
0.87591
0.35218
0.51536
0.39519
0.19642
0.71476
0.23666
0.28640
0.18275
0.58073
0.37702
0.51043
0.11866
0.64442
0.84512
0.74176
0.50769
0.38106
-0.27459
0.82421
0.48435
0.82527
0.43988
0.18904
0.21357
0.42284
0.02579
0.72903
-0.05386
0.81041
-0.04354
1.11028
0.04955
0.95466
0.92053
0.05999
0.11170
0.97148
0.81543
0.59414
0.89194
0.50205
0.62848
0.13144
0.04945
0.38855
-0.05558
0.63574
0.92973
0.05915
-0.00270
0.00958
0.08615
0.51498
0.80138
0.08487
0.00593
0.72071
0.86135
0.12994
0.50694
0.33439
0.38665
0.97110
0.39021
0.62975
-0.03521
0.50054
0.50636
0.36396
0.78021
0.13397
0.23556
0.57925
1.06148
0.90272
-0.09224
0.82501
0.08951
0.51642
0.15172
0.68662
0.25462
0.51946
0.00369
0.48103
0.36286
0.13731
0.21680
0.04382
0.26176
0.13417
1.11968
0.71368
0.98651
0.19159
0.94314
0.62472
0.52126
0.30119
0.91112
0.88988
0.52563
1.10857
0.14562
0.30799
0.83629
0.34932
0.15863
0.58125
0.25578
0.87452
0.99844
0.70255
0.04787
0.11055
0.18810
0.64432
0.68178
0.05931
1.04229
0.51906
0.12757
0.07762
-0.06487
0.11661
0.07844
0.43482
-0.11552
0.57421
0.00884
-0.07086
0.60346
0.72406
-0.13827
0.52263
0.68704
0.26679
0.25260
0.81731
0.77913
0.84951
0.92075
0.41507
0.10826
0.03496
0.54880
0.90081
0.02745
0.10057
0.55981
0.38765
0.18590
0.80463
0.55371
0.86217
0.24850
0.42722
0.50740
0.33319
0.97179
0.71802
0.39182
1.04796
0.67088
-0.13280
0.64996
0.42578
0.86696
0.10847
0.53121
0.51819
0.44311
0.78236
0.20371
0.35416
0.04909
0.39669
0.16495
0.56196
0.95702
0.77973
-0.12721
0.61348
0.15457
0.14785
1.09407
-0.06100
0.57386
-0.01513
0.76801
0.34276
0.91669
0.44259
0.52794
0.53986
0.61484
0.36287
0.22057
0.00240
0.27039
0.46476
1.05148
0.58960
0.90345
0.09144
-0.02402
0.52834
1.00237
0.11108
0.18064
0.88312
0.30797
0.87216
1.10207
0.15779
0.90105
0.10664
1.19159
0.91524
0.48713
0.85067
0.03085
0.14123
0.30432
0.75936
0.41129
0.07933
0.85726
0.31803
0.69794
0.79733
0.20432
0.79031
0.33789
0.05619
0.71561
0.12833
0.07365
0.96169
-0.03246
0.82992
0.36640
-0.08753
-0.06053
0.57439
0.57652
0.22822
0.36375
0.23734
0.54001
0.32211
0.28557
0.93317
0.24552
0.13022
1.01242
0.22383
-0.02689
0.26756
0.48805
0.83925
0.41919
0.11143
0.27031
0.79369
0.73510
0.11923
0.53186
0.86514
0.21597
1.15275
0.89191
0.05883
0.06314
0.94282
0.72110
0.42043
0.45705
-0.10756
0.49999
0.05635
1.00092
0.22173
0.12755
0.48280
0.16800
0.65253
1.19447
0.23261
0.13604
0.50731
0.35845
-0.16549
1.01071
0.46818
0.56181
0.72044
-0.01152
0.48723
0.16908
0.43022
1.11426
0.44560
0.17441
0.06541
0.40099
0.56173
0.76286
0.37858
0.07435
0.76617
0.08267
0.56905
0.50794
0.15167
0.23492
0.03545
0.67045
1.02465
0.57141
0.11327
0.04999
0.52186
0.57620
0.14973
0.34702
0.62895
0.79475
0.31399
0.87597
0.27478
-0.08035
1.04716
0.08273
-0.06003
0.79329
-0.02301
0.30140
0.11721
0.89211
0.31033
0.21508
0.55337
1.01417
0.33120
0.38720
0.69131
0.52894
0.77562
-0.05834
0.20404
0.53573
0.38715
0.63408
0.35553
0.16639
0.00569
1.02775
0.10515
0.10291
-0.05336
-0.05786
0.84077
-0.08515
0.08691
0.21472
0.72398
0.78369
0.49750
0.33851
0.98708
0.25177
0.20141
0.12080
0.02133
0.01694
0.43090
0.30085
0.52509
0.30141
1.03360
0.43855
1.06897
0.17074
0.22689
0.08166
0.69923
0.01631
0.99210
0.20781
0.22706
0.94666
1.00315
0.76256
0.26422
0.92462
0.85971
0.48625
0.52811
0.47146
-0.03112
0.21449
0.15187
0.82948
0.04078
0.58386
-0.03187
0.56385
0.75086
0.13200
0.49348
0.28950
0.41518
0.37668
0.03501
0.50252
0.19364
0.98455
0.60213
0.32190
0.90814
0.98239
0.42092
0.42922
0.00461
0.20149
0.77533
0.09313
0.18245
0.38629
0.06418
0.23466
-0.06581
0.07370
0.16251
0.54356
0.10162
0.29395
0.63367
0.83457
0.09064
0.12078
0.26111
0.13977
0.53228
0.02771
0.27819
0.63904
0.73164
0.50624
0.07753
-0.05625
0.36495
0.34539
0.20946
0.47805
1.03067
0.86159
0.75461
0.65743
0.08162
0.21122
0.88795
0.93903
0.66595
0.97693
0.34352
0.56040
0.29076
0.39291
1.03527
0.58471
1.03989
0.47810
0.04487
0.77852
0.14482
0.39919
0.05166
0.33974
0.31607
0.76824
0.82480
1.02265
0.31305
0.08909
-0.05902
0.69121
0.02170
-0.07224
0.77801
1.03668
0.96641
1.04576
0.67022
1.14115
0.26442
0.21131
0.44016
1.00213
0.98285
0.50358
0.14584
-0.00772
0.33252
0.37671
0.15936
0.90064
0.32237
0.14878
0.45070
0.02229
0.04629
0.47567
1.08802
0.83053
0.86554
0.59231
0.47836
0.01850
0.13575
0.05348
0.16940
-0.09480
-0.07044
0.29777
0.00721
0.56495
0.20177
0.77091
1.05367
0.17134
1.03963
0.92637
0.07728
0.00028
0.01841
0.17008
0.30964
0.42429
0.58254
0.31766
0.95462
0.86106
0.98881
1.11534
0.38591
0.19972
0.53066
0.78558
0.40142
0.86184
0.77591
0.65952
0.21148
0.11507
0.36059
0.28416
0.67538
0.55570
0.89859
0.36342
-0.06617
0.20945
0.24261
-0.03410
1.03672
0.78319
0.27948
0.16505
0.96145
0.51937
0.56602
0.70878
0.36630
0.95485
0.15519
0.04092
0.50268
0.59514
0.40406
0.32327
0.12971
0.40115
0.04537
0.45202
-0.01836
0.19786
0.13938
0.35934
0.75636
0.71147
0.32443
0.55221
0.77713
0.82570
-0.06305
0.30572
0.05732
0.32118
0.85568
0.75347
0.12818
1.11739
0.14059
0.32995
-0.05995
0.79840
-0.07831
1.03373
0.41467
0.41971
0.50141
0.32441
0.33517
0.35476
0.55308
0.20670
0.94874
0.73572
0.31212
0.34078
0.16134
0.70473
0.98253
0.12774
1.17145
0.01585
0.92810
0.68791
0.45143
0.68983
0.36614
0.50534
0.15848
0.58766
0.30264
0.07191
0.23904
0.38190
0.98786
1.15361
-0.00282
-0.09015
0.51721
0.93107
0.79108
-0.03950
0.74997
0.98885
0.51720
0.18978
0.19033
0.35877
0.44977
-0.00484
0.24391
0.87697
0.65846
0.37412
0.07531
0.20807
0.23266
0.90127
0.63818
0.29909
0.24669
0.73417
0.35684
0.20818
0.06685
0.89030
0.07089
0.18285
0.01716
0.07378
0.09231
0.93697
-0.00536
0.22501
0.78208
0.94033
-0.01277
0.43335
0.31754
0.50483
0.10062
0.83499
0.57006
0.95733
0.41274
0.79617
-0.14212
-0.03152
0.74748
0.08610
0.08035
0.45054
0.95347
0.26620
0.04925
0.38904
0.00170
0.53799
0.62967
0.79582
0.40961
0.56234
0.13565
0.17863
1.14616
0.06549
0.84235
0.02980
0.35364
0.67474
0.68391
0.23134
0.84539
0.76343
0.59502
0.01445
0.26953
0.78751
0.27392
0.37921
0.20398
0.07143
-0.03245
0.97741
0.42143
0.01532
0.30180
0.24416
0.04475
0.40362
-0.03989
0.17344
0.63017
0.36957
0.55430
0.49725
0.78694
0.54965
0.95386
-0.05620
0.34801
0.98265
0.03305
0.06728
0.45099
0.38414
0.34735
0.57419
0.95556
-0.01504
0.86117
0.27127
0.32181
0.36427
-0.03448
0.01653
0.79868
0.61925
0.53357
-0.01957
-0.06043
0.10813
0.32412
0.12271
0.55992
0.86950
0.67241
0.62138
0.93030
0.10877
0.42347
0.23616
0.06883
0.48248
0.23884
1.06343
0.91075
-0.01316
0.35271
0.09088
0.45106
0.41772
0.71500
0.58257
0.57592
0.19579
-0.06025
0.12400
0.30085
0.24616
0.23323
0.78956
0.39697
-0.03378
0.21831
0.28304
-0.01481
0.46614
1.00700
0.80896
0.34343
0.09611
0.48170
0.06204
-0.11258
1.00359
0.56705
0.26419
0.75100
0.03285
0.21077
0.95193
0.75050
0.37470
0.50660
-0.12815
0.07232
0.57179
0.08771
-0.15242
0.92741
0.26069
0.62535
0.04199
0.40568
0.22692
0.58713
0.51133
0.49757
0.98887
0.42199
0.74916
0.49528
0.03243
0.47158
0.45611
0.82394
0.73377
0.30628
-0.05153
0.05887
0.41434
0.94222
0.47531
0.77803
0.93869
0.56876
1.01162
-0.01117
0.00471
0.38174
1.04826
0.29591
0.19345
0.05424
0.53906
0.07617
1.03208
0.12310
-0.06363
0.49920
0.10249
0.61832
0.13094
0.01941
0.83601
0.89006
0.40102
-0.16737
0.10054
0.61593
0.05455
0.07998
0.42284
0.66017
0.09774
0.81828
1.11548
0.48068
0.09158
0.29035
0.65058
0.41229
0.38693
0.27669
0.14732
0.39754
0.54019
0.25995
-0.11932
0.33913
0.64888
0.07789
0.50307
0.38320
0.58570
1.08861
0.03738
0.00826
0.71164
0.81392
0.25771
0.52441
0.50469
0.66415
-0.09922
0.55197
1.07992
-0.05371
0.95876
0.57196
0.37228
0.05045
0.54776
-0.02068
1.00153
0.35722
1.09454
0.33651
0.54649
0.59271
0.08294
0.93871
0.10573
0.19722
1.13457
0.71560
0.83496
1.04950
0.05111
-0.04110
0.79863
0.82921
0.13530
0.33183
0.50979
1.10239
0.31932
0.57366
0.45660
-0.04849
0.64150
0.37730
0.20087
0.51798
0.23734
1.00547
0.67064
0.48099
0.72893
0.27968
0.74337
0.96377
0.11468
-0.00842
0.20718
0.53167
0.80620
-0.05256
0.99568
0.35626
-0.14211
0.58172
0.02207
0.51685
0.36747
0.01626
0.53680
0.11173
0.51923
0.10709
0.29888
0.90320
0.56005
0.53784
0.73343
0.11977
0.30339
0.40170
0.99741
0.79466
0.22560
0.25014
0.92445
0.23711
0.51506
0.40091
0.85503
0.25359
-0.02455
0.10922
0.34575
0.16321
0.45135
0.05248
0.32083
0.25666
0.21746
0.73961
0.57704
0.71361
0.91577
0.42101
0.20181
0.15430
0.23359
0.07366
0.64332
0.65557
1.03910
0.92832
0.52997
-0.12191
0.52716
0.20926
0.60506
0.12268
1.11445
0.15431
0.01822
0.26758
0.03686
1.07751
0.46415
-0.06731
0.07948
0.67162
0.32914
-0.11900
0.18373
0.28892
0.15742
0.51577
0.02078
0.49556
-0.05937
0.52570
0.79855
0.12251
-0.03753
0.68932
0.49739
0.52073
0.78431
0.60134
0.20074
-0.11537
0.43958
0.34734
0.56901
0.88784
0.58007
0.97817
0.20414
0.09000
0.62054
0.49056
0.08209
0.85424
0.43578
0.75333
0.92234
0.72024
0.17650
0.17338
0.13732
0.45496
0.22502
0.52728
0.67385
0.50312
0.73427
0.51556
1.01949
0.85880
0.89502
0.75933
-0.01086
0.08675
0.65753
0.20787
0.65478
0.18951
0.02876
0.14614
0.61651
0.49177
0.28678
-0.05487
0.82545
0.41470
0.07759
0.70896
0.31474
0.17636
0.55979
0.15067
-0.01468
0.10121
0.32185
0.45331
0.66404
0.93578
-0.02982
0.58109
0.07954
0.84983
0.04762
0.71512
0.66642
-0.02656
0.42784
0.56044
-0.01184
-0.01863
-0.03560
-0.04008
0.18890
0.39175
-0.12237
0.03874
0.18184
-0.00340
0.58056
0.95860
0.82440
1.06033
0.29588
0.86758
-0.04452
0.05429
0.15648
-0.05085
0.26917
0.35969
0.02766
0.50047
0.03949
0.34151
0.93949
-0.03584
0.57886
0.61940
0.50055
0.94198
1.06238
0.14141
0.60773
0.04819
0.94599
0.10167
0.97687
0.42469
0.94128
0.60608
-0.03569
0.38612
0.72421
0.39893
0.35548
0.68809
0.14369
0.28824
-0.04881
0.03110
0.35608
-0.04324
0.44693
-0.04702
0.14323
0.42837
0.11057
0.14596
0.49125
0.95837
0.38519
0.84175
0.06942
0.72119
0.83596
0.31063
0.13007
-0.04730
0.96487
0.70753
0.02184
0.64159
0.89028
0.71381
0.73696
0.89743
0.17947
0.63852
0.45234
0.95885
0.18207
0.27835
0.24718
-0.12551
0.98392
-0.14348
0.84417
-0.04771
0.07141
0.11079
0.46986
0.38263
0.04702
0.06388
0.39812
0.37603
0.21649
1.00125
0.99693
0.83135
0.63439
0.33091
0.90956
0.81106
0.39530
0.61398
0.01781
0.17133
0.24262
0.79097
0.62305
0.05928
0.85358
0.86467
0.04098
0.12996
0.12838
0.33228
0.39676
0.42423
0.08371
0.36035
0.60499
0.46754
0.32794
0.66148
0.01204
0.15569
0.26173
0.35149
0.33630
0.88992
0.91743
0.61438
0.14684
0.12093
0.42472
0.34098
0.71561
0.41939
0.72571
0.08339
0.60776
0.96710
0.44788
0.31277
0.73544
0.54413
0.57382
-0.03510
0.69738
0.53306
0.29083
0.46392
0.49017
0.61402
0.86010
0.00961
0.96397
0.11314
0.36383
-0.07072
1.30829
-0.04430
0.47373
0.50223
1.17087
0.36624
0.50028
0.91399
0.36476
0.30546
0.61184
0.17494
0.33427
0.26396
0.46813
-0.07434
-0.03470
0.69395
0.90718
0.32355
0.77658
0.50824
0.63088
0.84297
0.54098
0.40396
0.63827
1.08635
0.26594
0.89578
0.95259
0.17906
0.53930
-0.05903
0.44844
1.02177
-0.00578
0.00449
0.93628
0.48788
0.35628
-0.06928
0.53778
0.70199
0.95812
0.48257
1.10767
-0.02230
1.06185
0.90087
0.09528
0.51404
0.31555
-0.13447
0.19333
0.93829
0.84773
0.77931
0.25151
0.88063
0.18283
0.08710
0.32878
0.24007
0.83932
0.03474
0.99226
0.52675
0.13517
0.07448
0.66226
0.22532
0.90473
0.57838
0.52738
0.64795
0.11914
0.87977
0.05750
0.96862
0.98106
-0.05034
0.69545
0.05043
0.20652
0.78369
1.02331
1.01415
0.14034
0.06733
0.15563
0.72663
0.57974
0.22782
0.42132
0.21372
0.40150
0.69751
0.75358
0.05276
0.50889
0.42036
0.64788
0.87597
0.08457
0.99662
0.93768
0.46068
0.54617
0.21713
0.05695
0.09844
-0.00450
0.36811
0.29801
0.70527
0.84771
0.50922
-0.10962
0.49539
0.01064
0.22799
0.67433
0.42248
0.56074
0.58564
0.41678
0.72430
0.55400
0.04435
0.70500
-0.01175
0.08435
0.64708
0.73955
0.85983
0.02795
-0.02115
-0.06924
0.31017
1.07158
0.04790
0.43343
0.35301
0.75128
0.58711
-0.09413
0.10058
0.99671
0.19405
0.70461
0.08413
0.03216
0.95664
0.41061
0.55523
0.03900
0.14461
0.67091
-0.16698
0.14906
0.55270
-0.10343
0.16038
0.21027
0.44611
0.28421
-0.08844
0.71360
0.99589
0.59427
-0.08367
0.06545
0.94978
0.94796
0.71883
0.79743
0.70574
0.00441
0.96071
0.36192
0.47867
0.58594
0.53111
0.47495
-0.00432
0.60753
0.56242
1.02227
0.95407
0.66265
0.24150
0.00194
0.66850
0.69706
0.66291
0.20029
0.14935
0.98461
0.80457
0.59431
0.42518
0.46213
-0.01606
0.63281
0.67504
0.20232
0.63445
0.83471
0.20263
0.29062
0.50767
0.35628
0.45479
0.45798
0.68196
0.22245
0.46548
0.97096
1.00203
0.81594
0.33803
0.89908
0.08044
0.54612
-0.03572
0.88426
-0.11775
0.20165
1.09637
0.63723
0.79847
-0.08961
0.00903
0.72517
0.72514
0.73219
-0.12468
0.29746
0.87589
-0.01190
0.51889
0.19237
1.19700
0.65807
0.95878
0.54428
0.86499
0.91908
0.88141
0.73568
0.45999
0.96608
0.11034
0.65067
0.64761
0.69685
0.91608
0.23600
0.00088
-0.04055
0.86972
0.88367
0.37678
0.48952
-0.12454
0.27316
0.33829
-0.03836
0.26032
0.52096
0.68604
0.40232
0.11698
0.51075
0.07167
0.83277
0.03959
0.36118
0.36484
-0.02997
0.98454
0.84075
0.72407
0.95378
0.40851
0.32961
0.55388
0.12985
0.25496
0.96325
0.63730
-0.04013
0.43781
0.95940
0.63215
0.64513
0.52243
0.07662
-0.02222
0.37811
0.23174
-0.09540
0.25574
-0.16365
0.93635
0.65106
0.93393
0.20557
-0.03863
1.03091
0.23611
0.00701
0.22213
0.76923
0.64696
-0.02153
0.06631
0.32587
0.70565
0.46515
0.55276
0.17380
0.96163
0.51592
0.03231
0.03817
0.09079
0.33765
0.44462
-0.07680
-0.05093
0.92069
0.15429
0.72179
0.52500
1.13148
0.41459
0.25668
0.44135
0.94282
0.64546
0.15336
0.34287
0.03844
0.64185
0.12647
0.94975
0.74170
0.91171
0.76641
0.28957
0.96115
0.23069
0.61846
0.03461
0.15461
0.23101
0.36139
0.38982
0.01683
-0.00074
0.37000
0.26555
0.53990
0.76455
0.64805
0.29564
0.99994
0.42216
0.29573
-0.07579
0.69422
0.06140
0.20872
1.09056
0.71095
0.24707
0.16245
0.22394
0.42525
0.35092
0.25674
0.07710
0.44687
0.54761
0.92161
0.05271
0.26485
0.57924
0.37144
0.94046
-0.01232
0.12928
0.09139
0.75441
0.79555
0.10321
0.20450
0.16638
0.10116
0.45163
0.86598
0.45350
0.31289
0.01680
0.43138
0.30447
0.35009
0.08390
0.70648
0.08903
0.12402
0.12644
0.75094
0.99242
0.77792
0.11453
0.15660
0.11835
0.76954
0.80996
0.33065
0.10877
0.42590
0.20241
0.14827
0.57739
0.58196
0.56686
0.10975
0.56235
0.85524
0.70255
0.33311
0.53435
0.13443
0.32147
-0.09927
0.99166
0.23988
0.37245
0.43258
0.23406
0.26258
0.81699
0.29496
0.02024
0.55987
0.17721
0.48446
0.39277
0.07040
0.52882
0.43548
0.03313
0.94686
0.14234
0.51546
-0.01664
0.81172
-0.05628
0.45217
0.75315
1.03886
0.07816
0.11858
0.43358
0.54704
0.89894
0.53077
0.12005
0.48855
0.16940
0.19366
0.16217
0.30767
0.39539
1.12091
0.14267
0.95736
0.14656
0.89949
0.19137
0.39236
0.84956
0.56050
0.42371
0.12400
-0.00051
0.38793
0.60050
0.96503
0.18121
0.28717
0.13406
0.06169
0.15868
-0.04932
0.37487
0.70756
0.86628
0.12708
0.09479
0.57797
0.20769
0.56837
0.87846
0.19859
0.87410
0.87578
0.86895
-0.05416
0.63370
0.33780
1.01878
0.53867
0.42029
0.52693
0.23490
0.54830
0.82743
0.01310
0.43694
0.71521
0.13120
-0.04949
0.51708
0.26643
0.85709
0.22247
0.34039
0.57376
0.01813
0.39882
0.23166
0.39608
0.36525
0.55960
0.58635
0.85559
0.29199
0.28060
0.61677
0.41850
0.92376
-0.05722
0.14905
0.32920
1.13467
0.57184
0.51021
-0.15955
0.49135
-0.05035
0.27218
0.13808
0.35846
0.58854
0.53146
0.07624
0.03673
0.96417
0.09465
0.20085
0.73294
1.07100
-0.02354
0.77100
0.55084
0.40829
-0.02339
1.01037
0.38982
0.63966
1.15724
1.07593
-0.02490
0.17075
0.10171
0.42699
0.24632
0.11019
0.32728
0.54950
0.72662
0.65917
0.22440
-0.21208
0.65192
1.01713
0.47069
0.17740
0.05254
1.02529
0.00875
-0.09164
1.07204
0.47390
0.54275
0.56733
0.73804
0.57937
0.17902
0.48386
0.91935
0.17589
0.68688
0.42247
0.73133
0.37275
0.41897
0.09727
0.36609
0.11847
0.30202
0.11140
-0.11099
0.06095
0.49737
0.01497
0.19964
0.53931
0.39356
1.18946
-0.03623
0.43059
0.95163
0.08628
0.21885
0.44842
0.68207
0.09021
0.18654
0.32488
0.47539
0.03435
0.30187
0.50170
0.47834
0.24622
1.03306
0.45070
0.89102
0.30536
0.66531
0.20515
0.91466
0.90864
0.23136
1.03530
0.25014
0.88658
0.42362
1.08529
0.23001
0.08415
0.48027
0.61279
0.95307
0.64799
0.63017
0.00536
1.05410
-0.11986
0.46911
0.39549
0.79658
1.06665
0.84113
0.60861
0.02681
1.05736
-0.08296
0.45214
0.04344
0.96020
0.59657
0.71123
0.36277
-0.06358
1.08424
0.50223
-0.08998
-0.05636
0.41185
0.04214
0.35011
0.35726
-0.07093
0.92680
0.10047
0.03093
-0.04781
0.89860
0.92052
0.91747
0.25662
0.55919
0.05269
0.28266
0.27399
0.08031
0.47469
-0.07904
-0.04579
0.25830
0.23210
-0.05182
0.88450
0.60681
1.06375
-0.04947
0.11882
0.68173
0.04393
0.68249
0.58750
0.57703
0.41368
1.09743
0.61909
0.22571
0.16780
0.91411
0.44118
0.80310
0.08044
0.65982
0.98784
-0.01294
0.37277
0.05501
0.73692
1.02288
1.07053
0.14501
0.00904
0.33830
0.45330
0.38380
0.34555
0.66197
0.43161
0.92057
0.05276
0.34146
-0.02227
0.59711
1.01646
0.49609
0.54407
1.06984
-0.09973
0.55338
1.01674
0.76769
1.14717
0.17347
-0.07540
0.92322
0.27553
0.53336
0.29094
0.41593
0.20293
0.15655
-0.01516
0.56562
0.22586
-0.02964
-0.02177
0.27161
0.11992
0.86475
0.08691
1.06035
0.93350
0.08879
0.31688
0.31998
-0.01947
0.41292
0.68239
0.22133
0.03873
0.89191
1.03789
0.63174
0.11377
0.64712
0.67175
0.48958
0.15872
0.36593
0.29961
0.40822
0.85556
0.62991
0.16220
0.04612
0.67487
0.77605
0.85668
0.42004
0.63104
0.13924
0.09995
0.27698
0.34588
0.85845
0.05200
0.19422
0.67754
0.13321
0.34299
0.67636
0.95353
0.36248
1.13572
0.34316
-0.01499
0.26137
0.66805
0.78239
1.02193
1.01313
0.47327
0.88385
0.58680
0.83048
1.23661
0.75938
0.32645
0.56042
0.42725
0.91382
0.02578
0.85079
0.02715
0.70489
0.05247
0.02571
0.93249
0.86795
0.04145
-0.02096
1.07119
0.83121
0.67792
0.83005
0.10770
0.62952
0.67683
0.74609
0.74040
0.64068
1.07934
-0.05779
0.88518
-0.09032
-0.03428
0.56321
0.62966
0.23622
0.04343
0.15198
0.85838
-0.03464
0.86757
0.36478
0.40008
0.45007
0.28281
0.59800
0.55534
0.58091
0.56596
0.24609
0.60447
0.37942
0.16172
0.45364
-0.03384
-0.05529
0.06037
0.05142
0.43798
0.52583
0.60538
-0.01249
0.17532
1.10740
0.73689
0.64278
0.06961
0.20690
-0.10254
1.05884
0.48696
0.21538
0.36487
0.15683
0.52691
-0.07118
0.88336
0.13795
-0.13225
0.48362
1.09976
0.32814
0.98717
0.62588
0.40043
0.24726
0.15952
-0.04752
0.53005
0.76876
0.74083
0.15115
0.64104
0.19627
0.85837
0.10673
0.94992
0.00079
0.52906
0.83614
0.68877
0.81194
0.05456
-0.19231
0.90840
0.43014
0.02789
0.87285
0.37088
1.14247
0.29543
0.20081
1.09920
0.36389
0.93897
0.32335
0.43203
0.20597
0.32013
0.74518
0.83595
0.26712
0.96411
0.68068
0.12853
0.31432
0.63647
0.83770
0.94681
0.33363
0.07959
0.11774
0.50328
0.08581
0.28594
0.66450
0.38361
-0.31473
0.82747
0.86928
0.52633
0.85278
0.55999
0.43817
0.41056
0.55477
0.09410
-0.13049
-0.04538
0.91867
0.34638
0.27638
0.90973
-0.00148
0.19961
-0.13790
0.62997
0.05626
0.89870
0.13969
1.03907
0.36163
0.89280
0.21627
0.80023
0.51203
0.11756
0.01945
0.65154
0.58295
0.18125
0.84697
0.20779
0.12188
0.48768
0.21598
0.34020
0.75798
0.18878
0.60506
0.04032
0.12358
0.28189
0.97633
-0.25934
0.05322
0.91399
0.37043
0.54373
0.46158
0.22408
1.01230
1.04246
0.74826
0.95022
0.48243
0.24542
0.83926
0.34883
0.24967
0.39859
-0.10981
0.58859
1.09529
0.67940
-0.08817
0.03072
0.55569
0.35321
0.88162
0.07573
0.37104
0.49446
0.85516
0.67165
0.65613
0.52795
0.19743
0.87806
0.75633
0.96888
0.00476
0.81717
0.17748
0.10506
0.22109
0.29834
0.79582
0.52102
-0.04127
0.44541
0.37473
0.16832
0.50078
0.57199
0.60872
0.01802
0.05538
0.79610
1.04600
0.87140
0.30742
0.52822
0.34992
-0.04089
0.02427
0.58263
0.84949
0.66544
0.47709
0.58446
0.44784
0.78751
0.78887
0.27771
0.51277
0.55696
0.05957
0.38934
0.19010
0.82792
0.13447
0.18149
0.61063
0.05034
0.02096
0.57315
0.65693
0.67911
0.56512
0.45167
0.07460
0.44389
0.05398
0.39621
-0.02695
0.72208
0.59863
0.91302
0.21835
0.98549
0.06194
0.74660
-0.01052
0.13200
0.22938
0.13998
0.97642
-0.02807
0.47593
0.10155
0.07778
0.33465
0.63602
0.09607
0.26292
0.52709
0.33702
0.67855
0.17809
0.51452
0.78047
0.73203
0.31179
0.07387
0.66847
1.06711
0.08119
-0.13931
0.41761
0.84707
0.70423
0.34874
0.38096
0.70187
-0.02627
0.21383
0.49653
1.05314
0.27350
0.26560
0.67148
0.77575
0.56194
0.12570
0.91909
0.17334
0.95751
0.36423
0.29759
0.33489
0.24741
0.88780
-0.02822
0.54204
0.77469
0.35518
0.70500
0.39431
0.05402
0.08865
0.55160
0.16781
0.50637
0.00386
0.21024
0.12526
0.16152
0.18522
0.29534
0.86152
0.85245
0.33338
0.71612
0.44316
0.65639
0.32664
0.66431
0.42075
0.49046
0.64120
0.54074
0.41279
0.36589
0.97315
0.33115
-0.10114
-0.10752
1.07555
0.52969
0.03196
0.22368
0.47779
0.51750
0.06575
0.63969
0.44933
-0.06241
0.62027
0.09215
0.45277
0.15939
0.36950
0.13764
-0.11324
-0.11413
0.15684
0.22419
0.64532
0.31590
-0.06186
-0.08781
0.10654
0.64011
0.88901
0.28054
-0.02654
0.42868
-0.05165
0.26387
0.93708
0.08405
0.99238
0.07991
0.44398
0.85664
0.96166
0.35455
0.54339
0.77705
0.96098
0.22023
0.68007
0.90169
0.51595
0.65659
0.51745
0.13513
0.14882
0.50395
0.08219
0.22204
-0.09007
0.74380
1.04150
0.10376
0.20907
0.44251
0.15348
0.51550
0.32523
-0.12123
0.79900
0.90064
-0.04975
0.82863
0.70087
0.87397
0.74520
0.75721
1.05076
0.89930
0.42346
-0.05408
0.86449
0.87512
-0.10427
0.72492
0.79614
1.04653
0.31103
0.86157
0.17347
0.87697
-0.03114
0.20186
-0.04305
0.57214
0.73133
0.81369
0.54431
0.34973
0.52194
0.80579
0.32732
0.87100
0.94268
0.40876
0.38137
0.08664
0.83617
1.06454
0.42323
0.12597
0.81713
0.09541
0.93647
0.86251
0.00361
0.96011
0.81227
0.16670
1.04483
0.54537
-0.04119
0.54132
0.51491
0.84070
-0.08044
0.58338
0.43818
0.11411
0.15408
0.52977
0.50464
0.22852
0.96122
0.77099
0.88177
0.25438
0.49328
0.42339
0.65180
0.63959
0.11208
0.54816
0.31302
0.64790
0.98358
0.53410
0.51773
0.64231
0.04978
0.20880
0.54671
0.26797
0.38141
0.49439
0.07154
0.02865
-0.02560
0.00385
1.11696
0.16000
0.12935
0.39156
0.12025
0.34671
-0.06582
0.52633
0.72473
0.05815
-0.12547
0.54975
0.12156
0.45747
1.02984
0.40588
0.43303
0.93355
0.21646
0.18796
0.05626
0.18369
0.58840
0.83005
0.18957
1.08293
0.07156
0.12978
0.42915
0.86489
0.64325
0.95024
0.09724
0.56424
0.15388
0.21404
0.05492
0.22969
0.34724
0.86443
0.59554
0.70753
0.14930
0.49534
0.13140
0.62244
0.28757
0.17701
0.17291
0.14363
0.63735
0.40654
0.53308
0.11815
0.07820
0.76906
0.06262
0.60556
0.87862
1.04886
0.25729
0.00395
0.58670
0.25593
0.35033
1.11864
0.15232
1.02352
0.33630
0.16258
0.47724
-0.01869
0.66087
0.87911
0.52005
0.25010
0.77537
0.29646
0.06988
-0.04524
0.39991
0.46367
0.31267
0.04732
0.40338
0.16238
0.42240
0.50668
0.70815
0.45013
0.47462
0.13037
0.69555
0.66753
0.37387
0.40664
0.07644
0.32131
-0.05829
-0.05682
0.51830
0.00707
-0.15728
0.96938
0.30437
0.02716
0.87278
0.28815
0.99490
0.80047
0.52638
0.83388
0.08003
0.41623
0.06501
0.88348
0.11232
0.14112
0.46243
0.51334
0.28741
0.71556
0.12745
0.62019
1.01187
0.72288
-0.06155
0.23513
-0.05796
0.04744
1.04685
0.43980
0.70538
0.31000
-0.08189
-0.03070
0.52358
0.65879
0.00180
0.18740
0.17119
0.27855
0.03118
0.65708
0.42017
0.18713
0.51143
0.51250
0.88974
0.38195
0.33730
-0.02737
0.28264
0.10562
0.99102
0.50234
-0.14655
0.14258
0.08417
0.41938
0.47809
-0.10550
0.24909
0.68703
-0.02978
-0.09334
0.42846
0.80103
0.72601
0.39055
0.33994
0.52669
-0.17172
0.90559
0.83587
0.39682
1.11593
0.46952
0.45333
0.36705
0.77708
0.16710
0.70966
-0.08912
0.04694
0.98545
0.33063
0.49804
0.17628
0.36331
0.06132
-0.13670
0.34414
0.08408
0.33784
0.63111
0.00365
0.45346
0.54439
0.52123
0.02488
0.44035
0.25224
0.23097
0.73616
0.92310
0.14183
0.24466
0.60132
0.22605
0.37322
0.94172
0.70404
0.15896
0.05341
0.08667
0.42986
0.19051
0.36415
0.27599
0.91095
0.86304
0.78615
0.49352
0.35442
0.02910
0.51188
-0.00210
0.15330
0.91871
1.04157
0.66938
0.74938
0.48963
0.32623
0.20810
0.02576
0.79223
1.00366
0.28777
0.04698
0.07574
0.51018
0.99324
0.15560
0.76703
1.14223
0.85364
0.79665
0.02441
0.80231
0.53391
0.38651
0.47599
-0.03736
0.07934
0.47032
0.05786
0.67054
0.47438
0.20079
0.40728
0.25338
-0.01492
-0.06289
0.17560
0.59064
0.50068
0.43013
0.94003
0.41857
0.67921
0.87333
0.27930
0.95848
-0.16328
0.98047
0.25386
0.95808
0.16447
0.16928
0.07245
0.12263
0.18370
1.04781
0.74057
0.57898
0.41716
0.06114
-0.05254
1.04940
-0.07645
0.98967
0.04021
0.47289
0.95949
0.69097
0.11562
1.16171
-0.04547
0.13300
0.14606
0.31778
0.28775
0.08406
-0.03023
0.10859
0.35321
0.15521
0.45779
0.76510
0.07345
0.19478
-0.03216
0.10454
0.57248
0.55890
0.07231
0.85604
0.14289
0.38363
0.04650
0.47583
0.31958
0.31028
0.07757
-0.10370
0.33382
0.58467
0.07576
1.09681
0.86711
0.97543
0.29059
0.54211
0.57713
0.69039
1.18507
0.55906
0.66422
-0.02168
0.41385
0.19684
-0.08437
1.10484
0.49974
0.50553
0.61486
1.00360
0.84727
0.19549
0.00803
-0.06755
0.12394
0.15520
0.20761
0.45211
0.26592
0.52188
0.15099
1.12305
0.69675
0.90482
0.64129
-0.15019
0.11841
0.10297
0.06823
0.01405
0.98248
1.01527
0.40992
0.27556
0.10908
1.08040
0.02094
0.86601
0.61410
0.19955
0.01244
0.04686
0.39083
0.15664
0.88949
0.70027
1.07286
0.19322
0.01614
0.40605
0.38653
0.52843
0.35952
0.41690
0.40733
0.90187
0.15457
0.38211
0.13634
0.73709
0.17458
0.19900
0.33381
0.56993
0.84450
0.08307
1.01542
0.61509
0.50390
0.34497
0.53610
0.32470
0.71499
0.26596
-0.08403
0.33615
0.13538
1.10369
0.29422
0.52599
0.97059
0.08982
0.94790
0.04960
0.49543
0.41294
0.78147
0.04318
0.31982
0.94829
0.15312
0.59940
0.12120
0.83299
0.48206
1.12236
0.46915
0.90326
0.61978
0.26199
1.03688
0.74015
0.07361
0.04202
0.24971
-0.09289
0.88699
0.23523
0.96619
0.58209
0.14607
0.11593
0.64186
0.14873
0.21040
0.57550
0.20738
0.25816
0.10291
0.81418
0.92561
0.06388
0.46076
0.79160
0.85532
0.51628
0.77821
1.22426
-0.14153
0.07795
0.13471
-0.07266
-0.04638
0.30609
-0.17538
0.42260
0.87176
0.65641
0.64604
-0.03483
0.12392
0.51932
0.30214
0.95285
0.68922
0.80994
-0.13459
0.27858
0.53564
0.07980
-0.05357
0.08367
0.86173
0.52829
-0.01722
0.00126
0.84926
0.56136
-0.18177
-0.00871
0.00174
0.35299
0.82476
1.00794
1.04732
0.34953
0.63983
0.11461
0.12070
0.05726
0.19643
0.20691
0.04217
1.06223
1.17523
0.32018
0.68058
0.48669
0.76731
0.46856
0.98879
0.60494
0.71252
-0.00180
-0.03347
-0.06027
0.07915
0.46646
0.48268
0.96190
1.00950
0.30519
-0.13871
0.76429
0.85890
0.33898
0.46926
0.40200
1.03724
0.17183
0.51806
0.52344
-0.01865
0.91734
0.95098
-0.05443
0.96926
0.52148
-0.06511
0.04351
0.07277
0.06830
0.16850
0.44715
0.68724
0.49485
0.53698
0.33757
0.23619
0.67300
0.87242
0.37772
0.44165
0.67953
0.13048
1.03754
0.07515
0.41618
0.89836
1.12028
0.64603
-0.09557
0.57153
-0.01899
0.07340
0.06762
0.13470
0.05480
0.47215
0.48617
0.84487
1.02218
0.41704
0.34940
-0.00894
0.17101
0.75702
0.59340
0.54255
0.90415
0.09284
0.55754
0.74920
0.79582
-0.09809
0.91222
0.43935
0.43407
-0.00622
0.86662
0.61361
0.49950
0.38827
0.32361
0.66203
0.45687
0.65192
0.03002
0.09200
0.12683
-0.03808
0.45084
0.35068
0.57663
0.91538
0.04649
0.88215
0.13017
0.40491
0.43409
0.21341
0.78049
0.62198
0.21893
0.86981
1.08016
0.47358
0.17905
0.07271
0.70431
0.94732
0.19082
0.49028
0.12406
0.48488
0.09197
0.18475
0.69225
0.17283
0.05589
0.11554
0.59455
0.61690
0.50113
0.72160
-0.01019
0.50197
0.38822
0.95226
0.78020
-0.00527
0.98290
0.05682
0.63731
0.58435
0.93299
0.48457
0.14407
0.11939
0.04443
0.61580
0.88561
1.07633
0.89625
-0.05959
0.65808
0.80542
0.03087
0.52333
0.91163
0.64897
0.91893
0.20157
0.19470
0.91629
0.23435
0.12021
0.35612
0.46922
0.52593
0.21249
-0.00037
-0.05258
0.50705
0.39049
0.57735
0.77487
0.69887
0.22639
0.34951
0.65084
0.34622
0.47915
0.21093
1.22488
0.45752
-0.05218
-0.09488
0.75047
0.24335
0.51539
0.24356
-0.06863
0.06392
0.57817
0.48842
1.12906
-0.13918
0.93049
0.13504
0.50642
0.26738
0.66351
0.20940
0.19901
-0.03999
0.49332
0.93714
0.76565
0.27464
0.06417
0.09701
-0.07860
1.03144
0.01989
0.63738
0.73403
0.27930
0.04589
0.41064
0.13061
1.02362
0.15065
0.69777
1.10253
0.55732
0.20679
-0.21054
0.48316
0.06340
1.10580
0.22812
0.43485
0.30559
0.22289
0.40188
0.56818
-0.07194
0.40974
0.21149
-0.00858
0.94787
0.64045
0.32516
0.40760
0.10513
0.58563
0.13633
0.44821
0.63734
0.14604
0.17495
-0.07399
0.18906
0.47049
0.38948
0.99509
1.03731
0.15178
0.17564
0.90024
0.61763
0.39802
-0.06328
0.30446
0.86900
0.38777
0.71399
0.82973
0.28769
0.98001
0.71353
0.04550
-0.12524
0.03201
0.67608
0.82033
0.20398
1.20184
0.36234
0.59072
1.10112
0.23067
0.34006
0.97347
0.48773
0.97108
0.42973
0.53606
0.38101
0.10560
0.37146
0.98878
0.64651
0.66144
0.58507
0.15656
-0.16112
0.45461
0.43034
0.60328
-0.05296
0.73820
0.51740
0.31464
0.47687
0.19803
0.58630
0.92659
-0.26321
0.74458
0.52545
0.08091
1.02212
0.03071
-0.00295
0.21830
0.98995
0.45471
0.99494
0.87417
0.12821
0.88810
0.00923
0.92366
0.07857
0.22300
0.95336
0.15577
0.96156
0.87336
0.97134
0.07129
0.11303
0.10406
0.47501
0.08550
0.37443
0.55395
1.00838
-0.15087
0.60141
0.81607
0.12581
0.91598
0.18553
1.17886
0.79388
0.33629
-0.02323
0.98459
0.26424
0.36498
0.81016
0.82095
0.18635
0.18558
0.56111
0.38124
-0.02257
0.05017
0.50686
0.83875
0.90578
-0.04154
0.79423
0.55374
0.86298
-0.06270
0.67823
0.34198
0.70934
0.60641
-0.01340
0.87889
-0.12142
0.32754
0.19719
0.23998
0.69417
0.11104
0.95434
-0.10180
0.44132
0.54624
0.86271
0.41892
0.26830
0.24599
0.70396
0.78587
0.33819
0.54164
0.48767
-0.03463
0.06393
0.36352
0.39348
0.22729
0.34455
0.68959
0.15901
0.74644
-0.07843
0.12391
-0.13156
0.94708
1.09891
0.89677
0.64092
0.90340
0.21067
0.84381
0.56469
0.75493
0.64021
0.00949
0.73117
0.41501
0.94813
0.60259
0.02638
-0.10810
0.88409
-0.04120
0.96973
1.03947
0.62394
0.50195
0.47349
0.47221
0.32910
0.74464
0.88127
0.00146
0.74455
0.78409
0.49215
0.00292
0.80094
0.54626
0.74247
0.05759
0.69088
0.70204
0.04357
0.33074
0.70023
1.02187
0.80526
0.90338
0.58113
0.13962
1.02310
1.12296
0.36927
0.40339
-0.07926
0.49212
0.45334
-0.18782
-0.15380
0.60794
0.21178
0.74038
0.05279
-0.07114
0.46176
0.53273
0.64323
0.69745
0.50502
0.63927
0.82923
0.86882
0.21375
1.01606
0.06745
0.61737
0.03203
-0.05410
0.60680
0.89590
0.81689
0.76269
-0.00074
0.72908
0.30949
0.18753
0.42849
0.36829
0.63441
0.87709
0.67475
0.42032
0.19073
-0.13039
0.33138
0.15407
0.90477
1.11526
-0.13533
0.08482
-0.01513
0.44924
0.61783
0.37793
0.14802
0.42100
0.57962
0.42576
0.10137
0.78422
0.52188
0.12978
0.05662
-0.00930
1.06911
0.83690
-0.04856
0.43999
0.59690
0.65390
0.69201
0.03553
0.81459
0.27186
0.65390
0.61573
0.32208
1.10636
0.42617
0.63904
0.02308
0.24884
0.08655
0.63654
0.47397
0.69980
-0.02142
0.22771
0.52349
0.92860
0.34850
0.04021
0.02945
0.49334
1.03786
0.56455
0.38765
0.91188
0.04437
0.73101
0.72549
-0.03968
0.57568
0.52712
0.08543
0.57335
0.26858
0.64720
0.36526
0.27161
0.94021
0.95500
0.13475
1.07246
0.76882
0.28734
0.29354
0.60841
0.39429
0.24274
0.56892
1.01853
0.83806
0.10453
0.02029
0.36113
0.68608
-0.11384
0.49248
0.26674
0.06852
-0.01301
0.63820
0.79381
0.27669
0.04947
0.85822
0.08072
0.37946
0.59828
0.27734
0.92189
0.72670
0.16887
0.88418
0.44035
0.10333
0.51245
0.10777
0.37805
0.72394
0.84617
0.67110
0.39257
1.04679
0.64235
0.76544
0.11687
0.61201
0.05925
0.68397
-0.06812
-0.04631
0.16464
0.86734
0.29251
0.53418
-0.11495
0.84248
0.68500
0.05635
0.48711
0.38013
1.03610
0.53737
0.49230
0.92131
0.59378
0.08695
0.31442
-0.13731
0.03110
1.02896
0.02838
0.08460
0.65128
0.16096
1.00464
0.07674
0.44737
0.39546
0.21212
0.39656
0.47144
0.36168
0.40258
0.08781
0.52328
0.63950
0.19353
0.81647
0.80825
-0.02895
0.82119
0.13715
-0.05573
-0.05919
0.19215
0.74695
0.72843
-0.05987
0.23118
0.19434
0.95661
0.63181
0.42032
0.24152
-0.04863
0.16252
-0.02304
0.02395
0.52257
0.60285
0.89700
0.48168
0.10503
0.38512
0.04898
0.34514
0.47473
0.59908
0.01703
0.03234
0.21604
0.46429
0.54865
-0.02865
0.42770
0.61348
-0.02542
0.99889
0.53816
0.45427
0.02967
0.41592
0.42254
0.88106
0.19642
0.88078
0.02580
0.00344
0.12912
0.24748
0.84451
0.51399
0.15234
-0.14075
0.66909
0.22614
0.18778
-0.00178
0.81314
0.03046
0.48756
0.45962
0.05106
0.43587
0.78348
0.25330
-0.00886
1.03366
0.21499
0.13602
0.39561
0.16141
0.12807
0.49957
0.63564
0.32660
0.20516
0.13255
0.13895
0.19840
0.87434
0.26347
0.66264
1.05115
-0.02794
0.12926
1.08762
0.11761
0.44850
0.61863
0.31880
0.67174
0.83179
0.45940
0.01869
0.79579
-0.21621
0.04223
0.00358
0.93054
0.48529
0.81556
0.41297
0.96950
0.69077
0.12434
0.08148
0.75054
0.17508
0.82983
0.69960
0.00105
1.01800
1.19630
0.21252
0.99737
0.61432
1.12896
0.12079
0.80115
0.31350
0.82926
0.29514
-0.07742
-0.01575
-0.11299
1.13669
0.23498
0.49675
0.13134
0.49005
0.04515
0.16339
0.10141
0.02327
0.62907
0.34134
-0.02939
0.47653
0.34826
0.82277
0.04402
0.35314
0.18174
0.57742
0.19316
0.67695
0.91580
0.65231
0.57977
0.33113
0.59237
-0.01051
0.88792
0.07567
0.63110
0.58231
0.88867
-0.05489
0.53656
0.07743
0.43506
0.82131
0.25584
0.56355
0.49846
-0.01567
0.81356
0.34625
0.80363
1.07728
0.41698
0.03523
0.31830
0.58379
0.83196
0.60200
0.67828
1.04188
0.16653
0.89056
-0.13140
-0.11418
0.67823
0.03828
0.53011
0.69995
0.51933
0.49910
0.16192
-0.01297
0.07378
-0.01781
-0.01914
0.18408
0.76526
0.22441
0.57396
0.05281
-0.10453
0.33852
0.28369
0.89052
0.00255
0.65671
0.26997
0.49599
0.53049
0.61819
0.84012
0.00235
-0.01921
0.55096
1.01469
0.26206
0.36422
0.20536
0.65079
0.35364
-0.12287
0.59925
0.24389
0.00312
-0.06518
0.46269
0.86234
0.90043
0.25223
0.74743
1.09824
0.19614
0.31869
0.83509
0.77920
0.63080
0.49742
0.20104
0.89376
0.51977
0.50109
0.43492
0.01524
0.47769
0.01228
0.17322
1.14219
0.46385
0.62937
0.02890
0.37675
0.09899
0.09624
0.10024
0.47562
0.33301
0.51851
0.81180
0.30581
0.61120
0.27737
-0.02994
0.25327
0.39589
0.54501
0.01893
-0.09791
1.03407
0.93336
-0.05965
0.55698
-0.15442
1.08975
0.72605
0.10581
0.97993
0.12272
0.24689
1.00331
-0.05150
1.23587
0.17037
0.63105
0.87791
0.10772
0.36554
1.00913
0.40057
0.13566
0.25316
0.96827
0.32077
-0.05419
0.04108
0.35198
0.45986
0.20506
0.70431
0.50198
0.01562
0.29601
-0.00228
0.79729
0.21805
0.23864
0.01392
1.03035
0.86966
0.16595
0.38111
0.42763
0.05824
0.98392
0.84903
0.46226
-0.15096
0.44161
1.01206
0.23593
0.75043
0.98468
-0.04948
0.93620
0.91480
1.04049
0.31219
0.30146
-0.02058
0.87908
0.76706
0.50936
0.14731
0.58691
0.78818
0.72501
0.38420
0.18321
0.19309
0.07969
0.31017
0.39305
0.35698
0.22794
0.67920
0.93563
0.14475
0.74460
0.11099
0.37018
0.93514
0.96005
1.01978
0.56866
1.03498
0.03336
0.53476
0.21807
1.04663
0.49971
0.45423
0.04514
0.57716
0.82246
-0.00595
0.53592
0.79563
0.05981
0.55567
0.60553
0.40665
0.60840
0.00657
0.36434
0.14578
0.29918
0.46099
0.39268
0.23319
0.32529
0.60669
0.48494
0.12950
0.44789
0.30584
0.57460
0.30938
0.39030
0.17850
0.26673
0.46736
0.61314
0.01121
0.24901
0.00500
0.23692
0.62776
0.25396
-0.09245
0.59675
0.69485
0.25323
0.74301
0.94980
0.11612
0.41816
0.57822
0.48533
0.99902
0.54969
0.97663
0.44183
0.48159
0.08750
0.39296
0.74063
0.75405
0.38149
-0.07942
0.12180
-0.07275
0.28277
-0.08798
0.80777
0.56799
0.77816
0.54874
0.83656
0.79443
0.36972
0.26976
0.97296
-0.12931
0.30313
0.69743
0.74034
0.14573
-0.02844
0.97728
0.29309
0.10316
0.57595
0.01437
0.05919
0.45817
-0.00800
-0.05044
0.62679
0.26340
0.00797
0.51010
0.13949
0.29692
0.20897
0.49420
0.01239
-0.03927
0.81067
0.39731
0.29061
1.00574
0.65947
0.30871
0.03788
0.60619
0.75530
0.60861
0.08311
0.30578
0.23450
0.35832
0.16219
0.29166
0.08045
0.95919
0.37243
0.88729
0.98744
0.86419
0.99054
0.16823
0.45547
0.13020
0.19375
0.07558
0.24705
-0.07321
0.47206
0.40692
0.94552
0.00109
0.06615
0.67646
0.37398
0.11601
0.31029
0.06574
0.56565
0.47645
1.11076
0.94881
0.07374
-0.04253
0.93920
-0.08595
0.87689
0.09209
0.45618
0.67612
0.11454
0.94848
0.83353
0.01406
1.08661
0.21327
0.86656
-0.09274
0.09124
0.13816
-0.06966
0.94106
0.41443
0.51050
0.12300
0.91618
0.36226
0.49249
0.35576
0.51162
-0.09688
0.33550
0.09067
0.70931
0.69564
0.10283
1.08969
0.83710
0.15644
-0.10341
0.46047
1.03743
0.84895
0.13050
0.30095
0.19254
0.52539
0.59940
0.97201
0.11167
0.44973
0.03930
0.53460
0.01595
-0.07392
0.17715
-0.05183
0.03243
0.37787
0.60189
0.46070
0.89362
0.84348
1.09268
-0.01484
-0.10811
0.52033
0.23401
0.15795
-0.01956
0.10275
0.96624
0.44764
0.56200
0.87742
1.03268
0.65776
0.74748
0.16554
0.76799
0.66741
0.38449
0.67967
-0.14604
0.72978
0.97663
0.06712
-0.03245
0.05264
1.13384
0.17913
0.47515
0.54033
0.03864
0.71588
0.61362
0.03713
0.63080
0.90362
0.18541
0.05741
0.88747
0.57383
0.42432
0.40673
0.71947
-0.08067
-0.04259
-0.01977
0.72113
0.66913
0.64051
0.45272
0.19562
0.41766
-0.10540
0.97079
0.11389
0.41943
-0.18367
0.13025
1.04697
0.16072
0.38565
0.33401
0.19235
0.97199
0.80130
0.84178
-0.02149
0.62613
0.54329
0.40087
0.16440
0.52864
0.21157
-0.19268
0.61806
0.11907
0.42819
0.88601
0.75900
0.92923
-0.11836
0.65019
0.04282
0.19498
-0.04840
0.70308
0.44720
1.11626
0.99650
0.58370
0.19826
0.71501
0.95799
0.91386
-0.10282
0.54893
0.44717
0.51903
0.28970
0.28561
0.31929
0.19987
0.99731
0.68240
0.57513
0.28626
-0.10200
0.98060
0.74596
0.19180
0.03270
0.44253
0.12778
0.32552
1.00147
0.34720
0.27134
0.15091
0.10931
0.98508
0.38970
1.07614
0.71831
0.50167
0.84756
0.18639
0.51659
0.04620
0.38289
0.25810
0.42197
0.56847
0.22458
0.57692
0.22749
0.69689
0.05690
0.04069
0.41978
0.17527
0.12390
0.43093
0.54971
0.83258
0.22101
0.50409
0.75090
1.08451
0.99019
0.15198
0.37859
0.48215
0.01510
0.98430
0.83365
0.38973
0.46787
0.60810
0.17697
0.15583
-0.00221
1.08244
-0.10081
0.16916
0.45715
1.11842
0.82921
0.67703
0.39819
-0.00941
0.69592
0.42225
0.64740
0.14026
0.13896
-0.01934
0.83458
0.33635
0.60717
0.01148
0.03131
-0.06043
0.27860
0.26218
0.27992
0.49905
1.03362
0.08980
0.56450
0.47196
0.17748
0.96538
0.41914
0.38957
0.14857
0.11850
-0.10289
0.47949
-0.07122
0.01744
1.07570
0.21149
0.45404
0.13912
0.84053
0.49363
0.80150
0.25098
0.97557
0.44315
0.22012
-0.13922
0.14412
0.04428
0.92194
0.03330
0.95409
0.22703
0.53205
0.85306
0.61202
0.10882
0.14417
0.44959
0.14931
0.31987
-0.04897
0.20854
0.77666
0.98119
0.87024
-0.02910
