0.14021
0.30328
0.91985
0.15007
0.50259
-0.01463
0.36223
0.37678
0.54648
0.59665
0.95824
0.26059
0.07926
0.77004
0.16093
0.34138
0.66847
0.69711
0.73682
0.63044
0.14985
0.94186
0.30538
0.96059
0.31624
0.09006
0.86728
0.92271
0.38234
0.72710
0.15557
0.56591
0.26389
-0.01713
0.63671
0.79476
0.37528
0.68035
0.18055
0.76766
0.04252
0.25831
0.80596
0.36822
0.05518
0.27559
0.22527
0.71070
0.37133
0.15949
0.60679
0.13976
0.19146
0.49147
0.25112
0.63817
0.81749
0.45678
0.26084
0.22612
0.89837
0.65580
0.76525
0.05449
0.41945
0.75889
0.33132
0.01596
0.19251
0.23941
0.84035
0.20957
0.30352
0.20512
0.23941
0.93074
0.31876
0.80304
0.78468
0.34228
0.25772
-0.00456
0.50439
0.32403
0.43848
0.14946
0.10713
0.95344
0.25767
0.29681
0.16282
0.28733
0.12121
0.18543
0.48063
0.14027
0.18417
0.99411
0.82217
0.94770
0.82876
0.21870
0.16310
0.14266
1.02577
0.37428
0.34994
0.12749
0.44520
0.23478
0.95569
0.85027
0.17733
0.36111
0.84803
0.51444
0.39477
0.56982
0.96536
0.71750
1.00808
0.25829
0.84773
0.26147
0.22479
0.34461
0.57974
0.35231
0.88417
0.17925
0.12976
0.29855
0.25676
0.13323
0.08183
0.27581
0.24922
0.33655
0.90076
0.74593
0.13910
0.21937
0.94093
0.20332
0.77886
0.17290
0.66812
0.33625
0.65055
0.48270
0.24052
0.14440
0.23693
0.24355
0.18950
0.01425
0.16682
0.35511
0.29314
0.54634
0.26600
0.96358
0.77713
-0.07447
0.04669
0.32858
0.13791
0.29758
0.05604
0.09712
0.27499
0.21605
0.25604
0.33638
0.38500
0.02347
0.37587
0.10425
0.38964
0.27192
0.18228
0.21658
0.17075
0.23911
0.03419
0.44240
0.21488
0.31791
0.72157
0.43668
0.32620
0.57893
0.70847
-0.01893
0.00979
0.60849
0.12547
0.51409
1.13823
0.19889
0.32643
0.83029
0.43664
0.25418
-0.04471
0.15998
0.64737
0.36342
0.21369
0.32074
0.29601
0.42227
0.05296
0.09672
0.29581
0.31972
0.20215
0.66301
0.47015
0.58391
0.78324
0.25792
0.60038
0.24206
0.65532
0.74464
0.46812
0.47441
0.10820
1.12678
0.13250
0.71668
0.19499
0.29837
0.50560
0.50175
0.64173
0.72085
0.07390
0.07810
0.33264
1.00062
0.24798
0.29053
0.41164
-0.02951
0.10205
0.27664
0.27309
0.42768
-0.22840
0.22964
0.11638
0.30132
1.04828
0.18813
0.08132
0.82605
0.67983
0.83646
0.10444
0.80711
-0.07829
0.17423
0.37000
0.04019
0.32384
0.64247
0.34495
0.70688
0.42859
0.11565
0.23135
0.09605
-0.08929
0.03094
0.22592
0.17413
0.06562
0.63954
0.14805
0.31643
-0.09111
1.02486
0.65829
0.27043
0.22722
0.72907
0.01224
0.08739
0.23463
0.87610
0.33763
0.09864
0.21233
0.20603
0.68428
0.03546
0.79505
0.25228
0.19799
1.10363
0.61647
0.50463
0.02962
0.95457
0.21472
-0.05255
0.21627
0.02910
0.42547
0.13592
0.40166
0.33470
0.79754
-0.01357
0.65547
0.84397
0.26500
0.84563
0.06383
0.21531
0.30490
1.03128
0.76569
0.29414
0.91266
0.27191
0.32414
0.09459
0.14767
0.79371
0.24815
0.11472
0.20690
0.09204
0.39633
0.32414
0.28391
0.15579
0.79467
0.68759
0.90836
0.95485
-0.02177
0.33322
0.30420
0.25564
0.28032
0.09169
0.72781
0.05673
0.07425
0.76271
0.80706
0.31888
0.04705
0.83908
0.97194
0.13049
0.20053
0.18825
0.13716
0.15694
0.33297
0.18575
0.33305
-0.09540
0.51891
0.22071
0.28807
0.19051
0.00750
0.29920
1.08226
0.09811
0.16954
0.70597
0.70753
0.27101
0.12513
0.35512
0.28640
0.20954
0.35255
0.30740
0.64532
0.01534
0.44269
0.94055
0.12126
0.34998
0.19003
0.29159
0.14656
0.97188
0.14907
0.34873
0.37016
0.50016
0.88581
0.58584
0.48721
0.87988
0.09932
0.04472
0.00871
1.00058
0.26029
0.96121
0.33473
0.25503
0.66951
0.20976
0.89593
0.08834
0.10592
0.16404
0.74954
0.59073
0.23492
0.19881
0.24854
0.82218
0.45268
0.09597
0.35380
0.22775
-0.15783
0.27838
0.30608
0.23635
0.16481
0.39508
-0.15738
0.35832
0.53752
0.83052
0.12290
0.20915
0.22434
0.83171
0.30600
0.81437
0.15177
0.08761
-0.04100
0.21870
0.16556
0.26937
0.22381
0.26067
0.81965
0.16991
0.35215
0.35720
0.05802
0.66131
0.27069
0.84896
0.77344
0.48365
0.19607
0.77027
0.17928
0.25060
0.85013
0.34407
0.08899
0.98682
0.56956
0.90884
0.12137
0.25415
0.22363
0.22031
0.79188
0.40827
0.06892
0.37986
0.82019
0.04447
-0.07196
0.65557
0.91533
0.36356
0.23493
0.32838
0.22103
0.10583
0.57491
-0.04082
0.04932
0.57188
0.26890
0.12069
0.39155
0.14340
0.63025
0.17434
0.74814
0.85298
0.21462
0.04675
0.84176
0.71901
0.14426
0.65481
0.12063
0.96669
0.26599
0.03866
0.37105
0.53141
0.96815
0.08353
0.16876
0.73349
0.33174
0.44585
0.20284
0.36674
0.90588
-0.02631
0.07310
0.47024
-0.21564
0.67245
0.15227
0.79453
0.30109
0.73131
0.15775
0.19578
0.41421
0.00173
0.29957
0.80295
0.21919
0.26274
0.84871
0.50519
0.32295
0.58893
0.40001
0.94562
0.22523
0.22067
0.72434
-0.06764
0.47808
0.08499
0.05603
0.20488
0.19483
0.64674
0.01837
0.39377
0.87764
0.29377
0.63170
0.28999
0.55392
0.14822
0.12315
0.35814
0.21218
0.37339
0.36421
0.25576
0.28231
0.44775
0.19261
0.05967
0.11151
0.45172
0.27894
0.11618
0.53763
0.37291
0.48048
0.30822
0.39720
0.55586
0.18295
0.08043
0.71602
0.18195
0.05966
0.09610
0.25495
0.71363
0.10580
0.83936
0.42254
0.11516
0.68884
0.93040
0.81447
0.27199
0.60342
0.24383
0.46427
0.28520
0.14838
0.36521
0.11174
0.26874
0.29767
0.44996
0.23833
0.34214
0.71511
0.28234
0.85757
0.31769
0.89777
0.37787
0.38817
0.16535
0.24160
0.59136
0.79057
0.17651
0.43696
0.51564
0.22496
0.07501
0.33671
0.10353
0.39541
0.49807
0.31876
0.79134
0.16063
0.75322
0.20330
1.04674
0.89522
0.12087
0.62119
0.40049
0.71171
0.29759
0.38772
0.04566
0.24258
0.71166
-0.09239
0.15650
-0.08070
0.15949
0.75195
0.93168
0.32842
-0.00292
0.12130
0.16573
0.14641
0.20031
0.17245
0.17833
0.75668
0.44353
0.80576
0.39571
0.93820
0.33313
0.17039
0.90777
0.17333
0.97993
0.28309
0.30516
0.25664
0.51831
0.47163
0.73031
0.09679
0.42572
0.51544
0.14399
0.14615
0.31842
0.36213
0.21413
0.20419
0.19375
0.11474
-0.07880
0.17604
0.21991
0.27702
0.98645
0.83135
0.82966
0.87535
0.14215
0.12509
0.35743
0.89962
0.33857
-0.01409
0.26419
0.61175
0.79017
0.99557
0.27112
0.22430
0.35823
1.00296
0.11258
0.30526
0.91778
0.28310
0.19792
0.28903
0.14822
-0.01348
0.70921
0.13881
0.43160
-0.02144
0.74850
0.35608
0.23379
0.31729
0.23459
0.10007
0.68209
0.67557
0.74726
0.30505
0.83678
0.12652
0.16142
0.67459
0.39132
0.01092
0.60378
0.62191
0.39360
1.02032
0.82200
0.91999
0.91029
0.42056
0.22560
0.45715
0.22729
0.75481
0.36700
0.18211
0.89475
0.12271
0.87395
0.86319
0.20708
0.33873
0.77373
-0.06533
0.27982
0.16330
0.26041
0.21622
0.35467
0.20069
0.70852
0.04047
0.48613
0.88154
0.28432
0.34710
0.39294
-0.04471
0.59057
0.92997
0.72086
0.24244
0.22283
1.03716
0.61099
0.41794
0.17570
0.47843
0.36569
0.19134
0.74210
0.02598
0.31690
0.73626
0.61174
0.31757
0.11143
0.84617
0.74039
0.31411
0.88783
0.29562
0.23026
0.28145
0.18185
0.92948
0.07067
0.40797
0.79709
0.32598
0.52172
0.25544
0.54672
0.12900
0.23001
0.17733
1.00039
0.26080
0.06971
0.05559
0.81213
0.25766
0.28390
0.49230
0.18645
0.34055
0.26817
0.49972
0.04549
0.19178
0.67296
0.22279
0.56258
0.08790
0.22002
0.40734
0.43609
0.15698
0.18993
0.74993
0.07098
0.26600
-0.05631
0.26846
-0.07314
0.83592
0.79854
0.61652
0.32691
0.23705
0.29506
0.41395
0.14929
0.32499
0.06156
1.02997
0.20728
0.17193
0.30774
0.22231
0.85006
0.15537
1.08273
0.49432
0.26521
-0.02663
1.01289
0.82424
0.30070
0.57618
0.31351
0.21832
0.32750
0.23397
0.18750
0.36602
0.79611
0.22882
0.95305
0.43282
0.09829
0.45838
0.71066
0.22065
0.33189
0.09005
0.50163
0.80295
1.10038
0.36528
0.35015
0.83218
0.72753
0.04034
0.73194
0.35434
0.05318
0.75132
0.23367
-0.00517
0.35184
0.40254
0.30942
0.28834
0.43075
0.86640
0.45731
0.37702
0.16889
0.80545
0.32347
0.26363
0.34110
0.09017
0.09844
0.17543
0.26670
0.17446
0.79411
0.04844
0.16280
0.81842
0.34866
0.57768
0.97306
0.27181
0.90057
0.17540
0.19227
0.89037
0.72588
0.83405
0.96098
0.72878
0.27931
0.98728
0.97294
0.12037
0.88060
0.92368
0.32102
0.29246
0.28275
0.57863
0.12881
1.02513
0.06881
0.21686
0.00884
0.38594
0.15447
0.10672
0.24581
0.25193
0.10352
0.69112
0.25674
0.07502
0.28637
0.96107
0.26231
0.53838
0.68588
0.55983
0.07922
0.54399
0.60183
0.17394
-0.02726
0.29252
0.87193
0.40092
0.07046
0.27230
0.50429
0.31254
0.36583
0.16283
0.32205
-0.01519
0.60756
0.31272
0.20327
0.77244
0.40545
-0.11688
0.30184
0.35648
0.85508
0.72221
0.78840
0.01444
0.40586
0.15954
0.62375
0.32249
0.37024
0.33468
-0.02760
0.14472
0.29247
0.29188
0.73595
0.24596
0.71660
0.19857
0.20584
0.22942
0.20685
0.83514
0.14066
0.38916
0.20896
0.30727
0.10449
0.51916
0.22437
0.98296
0.66053
0.19755
0.20575
0.85633
0.30156
0.34954
0.93970
0.34138
1.00380
0.20133
0.27367
0.03120
0.08582
0.15639
0.17072
0.31394
0.13975
0.17263
-0.02918
0.25794
0.30036
0.12230
-0.00766
0.09668
0.21840
0.16642
0.28315
0.21315
0.22142
0.48119
0.72366
0.21412
0.18518
0.20890
0.29831
0.77989
1.05315
0.79846
0.25140
0.30946
0.31973
0.22780
0.59736
0.87489
0.55778
0.08763
0.48836
0.31583
0.71520
0.17342
0.12746
0.17904
0.28665
0.05355
0.20952
0.01354
0.18785
0.20618
0.80138
0.81965
0.64649
0.78330
0.19986
0.30340
0.33676
0.87173
0.74962
0.86477
0.84272
0.34194
0.44257
0.33811
0.06344
0.51534
0.23615
0.06181
0.22477
0.82809
0.68965
0.48841
0.64586
0.21283
0.13065
0.19121
0.17975
0.87120
0.82219
0.29367
-0.01284
0.06944
0.87307
0.49491
0.96767
0.27626
0.52802
0.71339
0.63454
0.17437
0.19926
0.11106
0.19985
0.15207
0.94006
0.56120
0.79681
0.19776
0.20350
0.17198
0.24195
0.35865
0.76562
0.29199
0.70948
0.86830
0.28266
0.38162
0.33630
-0.02439
0.17543
0.56624
0.35900
0.23022
1.03594
0.66156
0.35369
0.84342
0.20313
0.19934
0.79748
0.69628
-0.05633
0.34870
0.85978
-0.03761
0.29601
0.11488
0.25453
-0.07472
0.16760
-0.06659
0.61524
0.42537
0.69599
0.34943
0.05846
0.22426
0.75238
0.31961
0.37649
0.15623
0.16867
0.18587
-0.07396
0.39792
0.22859
0.42410
0.27126
0.73173
0.90632
0.24591
0.35808
0.30423
0.05175
0.18511
0.20989
0.52791
0.03964
0.24384
0.52683
0.78543
0.64719
0.26726
0.77807
0.42647
0.12407
0.65427
0.66118
0.18158
0.63607
0.24327
0.13244
0.97827
0.36995
0.17636
0.23958
0.55648
0.34488
0.22738
0.28003
0.09283
0.17335
0.69586
0.86030
0.79114
-0.19735
1.10383
0.08900
0.30696
0.73346
0.93002
0.24439
0.75723
0.20700
0.87996
0.73081
0.12024
0.25451
0.21033
0.54564
0.16612
0.06404
0.56508
0.20962
0.26009
0.73774
-0.01407
0.26300
0.43153
0.23327
0.25124
0.24111
0.66741
0.36244
0.07686
0.78381
0.24331
0.32000
0.68479
0.99858
0.13238
0.12027
-0.12025
-0.07053
0.28768
0.12547
0.48793
0.76180
0.34794
0.91111
0.19022
0.26434
0.22698
0.37285
0.23180
0.13002
0.16753
0.14321
0.25940
0.41295
0.17438
0.61732
0.49777
0.85500
0.90713
0.80782
0.11272
0.34004
0.11451
0.21707
0.27417
0.06683
0.24448
0.94596
0.42694
0.28809
0.50756
0.33237
0.81955
0.16371
0.18441
0.71063
0.15817
0.23738
0.37452
0.11338
0.26806
0.14011
0.75992
0.70499
0.12104
0.98675
-0.07497
0.15887
0.10858
-0.07307
0.47001
0.26268
0.31564
0.26555
0.12461
0.43841
0.68196
0.63658
0.21575
0.18921
0.44821
0.13702
-0.23474
0.98226
0.42918
0.25175
1.01810
0.40619
0.86798
0.86926
-0.08663
0.80275
0.64665
0.20738
0.01725
0.29176
0.76243
0.78117
0.40134
0.73366
0.45302
0.74557
0.71192
-0.19348
0.04590
0.75889
1.03650
0.11551
0.19477
0.13511
0.36507
0.98877
0.29363
0.41127
0.80848
0.09371
0.86879
-0.12031
0.81316
0.32238
0.92064
0.98202
0.26880
0.88943
0.31580
0.80145
0.20512
0.44704
0.22648
0.17308
0.10739
0.89195
0.88822
0.78903
0.37180
0.16212
0.39759
0.28137
0.95399
0.36053
0.33613
0.27455
0.57459
0.74014
0.26228
0.13692
0.22969
0.26526
0.12009
0.08678
0.03515
0.75770
0.38887
0.18996
0.38687
0.64524
0.46155
0.08453
0.24694
0.28999
0.22899
0.21195
0.70275
0.20631
0.28083
0.28562
0.15232
0.36684
0.73591
0.53059
0.92008
0.91386
0.17751
0.93585
0.10343
0.77308
0.75687
0.25585
0.50859
0.15740
0.80971
0.23975
0.23302
0.10182
0.11860
0.34975
0.18013
0.32309
0.29381
0.47113
0.37261
0.72856
0.35769
0.35460
0.13864
1.00156
0.78139
-0.06957
0.27965
0.41920
0.10918
0.33196
0.19027
0.61232
0.13355
0.18509
0.74962
0.68659
0.26916
0.83890
0.53337
0.26194
0.82372
0.51330
0.09878
0.01710
0.15109
0.39299
0.32679
0.12009
0.65837
0.20129
0.30896
0.43929
0.86548
0.30426
0.80878
0.34499
0.23198
0.18359
0.27935
0.20908
1.05328
0.20612
0.40086
0.04271
0.08719
0.36823
0.83227
1.07058
0.13240
0.64998
0.23433
0.47671
0.19866
0.24412
0.70668
0.62197
0.13989
0.20062
0.41804
0.69311
0.14181
0.83129
0.25592
0.29719
0.02583
0.79273
0.13631
0.87918
0.34753
0.71489
0.92251
0.20951
0.40048
0.39684
0.63592
0.25680
1.05848
0.22158
0.27439
0.18223
0.49738
0.16451
0.35698
0.17981
0.10492
0.73847
0.75678
0.39770
0.75722
0.19506
0.16813
-0.05565
0.61890
0.30075
0.12680
0.12825
0.26600
0.22303
0.18288
0.88234
0.43619
0.49116
0.84880
0.28387
0.25978
0.41957
0.48317
0.35839
0.37467
0.51973
0.27961
0.89268
0.68605
0.36845
0.17816
0.26123
0.65821
0.13418
0.24514
0.31718
0.49017
0.58749
0.29601
0.08557
0.79051
0.21892
0.14018
0.63045
0.76746
0.89250
0.51919
0.39802
0.46294
0.08397
0.51346
0.37784
0.69954
0.21941
0.14016
0.16489
0.10798
0.33888
0.26156
0.63350
0.16324
0.15380
0.14633
0.20699
0.17716
0.80210
-0.03683
0.76315
0.91882
0.86647
0.73063
0.88086
0.60796
0.81287
0.70109
0.12897
0.61422
0.18352
0.51655
0.78766
0.59449
-0.03577
0.19363
0.30470
0.77127
0.14405
0.22156
0.57399
0.05565
0.09580
0.68228
0.87804
0.13626
0.83452
0.16612
1.01592
0.12733
0.23680
0.29829
0.21453
0.34092
0.71969
0.32506
0.17434
0.54521
0.24771
0.46493
0.75807
0.28273
0.20683
0.81806
0.73683
0.11563
0.83689
0.36181
0.77593
0.48234
0.21145
0.41250
0.74472
0.33415
0.15390
0.82587
0.98272
0.22382
0.13133
0.21019
0.14783
0.18270
0.40276
0.69640
0.32782
0.81515
0.30335
0.76814
0.03970
0.62357
0.35129
-0.07567
1.08279
0.08592
0.17038
0.21132
0.07316
0.17837
0.19974
0.37748
0.80305
0.60642
0.26694
0.62013
0.14922
0.89044
0.30286
0.01411
0.15525
0.22370
0.95391
0.16512
0.84230
0.35516
0.15233
0.97835
0.78523
0.73497
0.24839
0.32358
0.23921
1.00692
0.15851
0.18051
0.11381
0.04924
0.26418
0.36683
0.96626
0.01076
0.84440
0.98722
0.65100
0.14919
0.29504
0.84048
0.04968
0.24536
0.66791
0.42901
0.66944
0.50367
0.20085
0.30036
0.60436
0.22040
0.06651
0.15386
0.14196
0.38836
0.50969
-0.12223
0.22965
0.36746
-0.04481
0.10810
0.29736
0.09714
0.08714
0.47861
0.06720
0.30411
0.80978
0.08609
-0.01858
0.33990
0.78129
0.64599
0.64711
0.79487
0.17768
0.53055
0.10643
0.34340
0.15624
0.91449
0.45519
0.57271
0.20015
0.53280
0.97241
0.36222
0.17861
0.13002
0.12924
-0.10072
0.66757
0.28705
0.15555
0.46033
0.33664
0.18816
0.18067
0.33929
0.76827
0.40767
0.42533
0.18785
0.51744
0.12032
0.18003
0.15947
0.80026
0.08301
0.24324
0.76459
0.63443
0.71236
0.02424
0.35683
0.69115
0.17880
0.25969
0.22218
0.20294
0.13707
0.16814
0.64138
0.86548
0.07968
0.15889
0.31203
0.43834
0.18043
0.83813
0.11138
0.16775
0.65592
0.29679
0.02198
0.07861
0.79196
0.47577
0.15618
0.18513
0.27628
0.27936
0.18934
0.31426
0.84896
0.90520
-0.01023
0.78946
0.34832
0.11912
0.66145
0.21758
0.25248
1.00200
0.82310
0.39989
0.35628
0.18970
0.33414
0.45741
0.13224
0.76914
0.25163
0.82904
0.48568
0.32500
0.35267
0.15928
0.27748
0.31262
0.34334
0.22415
0.74633
0.25287
0.38612
0.82425
0.85817
0.22888
0.26872
0.42793
0.24584
-0.04888
0.71769
0.36797
0.21103
0.71243
0.37890
0.73432
0.31589
0.85755
0.35910
0.90972
0.23822
0.41353
0.17183
0.04635
0.24687
0.12150
0.22524
0.23450
0.80230
0.40671
0.26013
-0.01309
0.55568
0.20163
0.44409
0.04003
0.54600
0.29084
0.28953
0.15164
0.77987
0.19675
0.24894
0.25297
0.72427
0.23006
0.76333
0.50092
0.03694
0.41329
0.77778
0.53009
0.37992
0.32829
0.13618
0.04186
0.14999
-0.05039
0.80949
0.83476
0.15539
0.70869
-0.00725
0.53295
0.81173
0.82089
0.42350
0.06182
0.26337
0.36441
0.61850
0.18067
0.09919
0.09179
0.90834
0.07549
0.10680
0.24673
-0.03452
0.21798
0.36747
0.65645
0.22365
1.01298
0.22584
0.79796
0.70539
0.50357
0.98051
0.30052
0.14067
0.88044
0.13750
0.20244
0.82280
0.08304
0.94708
0.68711
0.23168
0.90874
0.49272
0.12817
0.09226
0.24641
0.72086
0.19013
0.64499
0.90016
0.27366
0.08143
0.10980
0.44421
0.76668
0.66522
0.22338
0.24607
0.17444
0.26402
0.64261
0.11260
0.83419
0.28638
0.25054
0.40294
0.30255
0.08236
0.35608
0.23564
0.34413
-0.02423
0.96999
0.25586
0.13170
0.19010
0.45609
0.80250
0.68386
0.69963
0.90043
0.82509
0.18828
0.26339
0.34231
0.35613
0.07829
0.16874
0.40885
0.30955
0.46422
0.31446
0.19712
-0.04541
0.38738
0.21212
0.19774
0.16094
0.28754
0.24329
0.20555
0.14619
0.26916
0.19603
0.98441
0.23407
0.82292
0.04223
0.35243
0.28309
0.41214
0.21568
0.27236
0.18823
0.23745
0.15910
0.88321
0.08761
0.75958
0.03845
0.06710
0.37769
0.63625
0.28687
0.29959
0.82117
0.93704
-0.01511
0.88725
0.32839
0.20223
0.23016
0.41678
0.22950
-0.10626
0.28081
0.30653
0.85210
0.13591
0.24106
0.39085
0.11185
0.22959
0.66912
0.51963
0.21328
0.33988
0.24050
0.81761
0.21260
0.39968
0.70251
0.45441
0.97412
0.07855
0.83526
0.83765
0.67431
0.32192
0.22773
0.31517
0.76217
0.80462
0.17368
0.94328
0.36550
0.01430
0.20342
0.13149
0.17001
0.25249
0.24046
0.24348
0.03172
0.36121
0.59556
0.21884
1.03000
0.94193
0.38812
0.17284
0.96213
0.25738
0.65004
0.91447
0.31513
0.93125
0.58975
0.84702
0.21710
0.96102
0.44347
0.61010
0.39116
0.33724
0.78721
0.10041
0.11077
0.03890
0.27469
0.31796
0.68732
0.19385
0.08376
0.38715
0.31009
0.45117
-0.11084
0.40410
0.12212
0.54558
0.77594
0.59498
0.27482
0.05363
0.86145
0.48908
0.06512
0.20956
0.13039
0.07088
1.03797
0.31676
0.68848
0.56150
0.85092
0.85341
0.26277
0.21459
0.20451
0.74878
0.23549
0.22065
1.04977
0.25422
0.34207
0.14112
0.11404
0.86464
0.11482
0.30630
0.38806
0.79158
0.18924
0.10058
0.20808
0.25590
0.23423
-0.12292
0.13451
0.98667
0.29272
0.01275
0.63573
0.36719
0.29068
0.94036
0.96087
0.50483
0.23202
-0.03550
0.06100
0.22606
0.21406
0.10491
0.35582
0.21500
0.20538
0.95160
0.78737
0.13006
0.18688
0.13829
0.44306
0.12031
0.88379
0.64164
0.74812
0.17473
0.29517
0.80508
0.84128
0.21525
0.85232
0.24277
0.20176
0.83986
0.31642
0.15878
0.17783
0.35138
0.94579
0.19759
0.72688
0.57690
0.95147
0.13993
0.30831
0.57118
0.48313
0.79451
0.95817
0.96638
0.02851
0.84800
0.08577
0.16202
0.29316
0.22970
0.30414
0.93502
0.04929
0.76866
0.40384
0.90392
0.14853
0.48107
0.16729
0.81414
0.26365
0.79263
0.65078
0.42158
0.22222
0.83752
0.91807
0.00306
0.40181
0.81305
0.97756
0.14063
0.30265
0.21031
0.76958
0.54841
0.15697
0.34851
0.82719
0.53129
0.15924
0.83665
0.14738
0.11770
0.89383
0.26844
0.20268
0.91937
0.15715
0.40060
0.20694
0.24046
0.56277
0.61047
0.30041
0.97268
0.70194
-0.05607
0.28028
0.35650
0.56694
0.20854
0.28648
0.00273
0.33967
0.68273
0.11876
0.75273
0.81863
0.39226
0.26925
0.35958
0.31712
0.24913
0.68902
0.84169
0.59754
0.49652
0.65791
0.84718
0.24563
0.64846
0.27401
0.92251
0.66700
0.22966
0.19696
0.61340
0.82780
0.22527
1.01077
0.27756
0.82892
1.05936
0.16318
0.27849
0.93745
0.28322
0.82806
0.26579
0.11799
0.09228
0.23794
0.27019
0.39166
0.28489
0.29935
0.11663
0.93983
0.29668
0.21814
0.38744
0.39884
0.15938
0.42394
-0.08366
0.29669
1.02034
0.24139
0.37643
0.36316
0.17241
0.79633
0.92134
0.82673
0.62829
0.15498
0.31704
0.59449
0.70743
0.24017
1.02939
0.03798
0.19953
0.92511
0.11320
0.86086
0.84397
0.78378
0.40916
0.25114
0.21822
0.29796
0.17374
0.46051
0.23088
0.16147
0.43791
0.19612
0.84596
0.74374
0.28027
0.53314
0.15003
-0.03405
0.51194
0.42418
0.27267
0.24465
0.71492
0.32183
0.18522
0.13919
0.07191
0.77760
1.10660
0.13730
0.38890
0.36672
0.30357
0.48443
0.02489
0.90885
0.80078
0.97367
0.09788
0.27591
0.05647
0.29227
0.30253
0.11875
0.10730
0.50023
0.19253
0.02871
0.11577
0.79436
0.02252
0.17033
0.68697
0.82942
0.61064
0.10774
0.65580
0.85450
0.10769
0.22484
0.39949
0.48551
0.17517
0.30752
0.38533
0.39829
0.09410
0.24667
0.50148
0.38113
0.17305
0.40801
0.00121
0.88972
-0.01079
1.04508
0.37311
0.20455
0.40670
-0.05411
0.21091
0.11525
0.26117
0.22119
0.30633
0.21587
0.87498
0.32646
0.79358
0.20959
-0.03492
0.36594
0.27018
0.21923
0.10723
0.22342
0.02092
0.74180
0.10300
0.37993
0.29028
0.82381
0.40982
0.18642
0.51335
0.17132
0.29816
0.40295
0.31975
0.69700
0.75378
0.39703
0.16958
0.30529
0.22918
0.80092
0.96216
0.04036
0.16944
0.66098
0.43151
0.74246
-0.04780
0.15804
0.04159
0.41675
0.78852
0.26072
0.39708
0.23542
0.09121
0.18351
0.40937
0.19453
0.18279
0.10620
0.17237
0.73031
0.23361
0.24936
1.00821
0.12043
0.19984
0.35166
0.28732
0.19687
0.78066
0.25451
0.13840
1.06775
0.28953
0.01329
0.45749
0.18572
0.20061
1.15059
0.19680
0.22186
0.23622
0.30865
0.38128
0.21132
0.40477
0.69624
0.26416
0.31430
0.18359
0.88853
0.34203
0.61725
0.33931
0.74852
0.32225
0.27331
0.20918
0.07678
0.90155
1.05158
0.27115
0.15845
0.18976
0.11018
0.39386
0.80673
0.11594
0.83384
0.34555
0.33639
0.15352
0.23418
0.37197
0.90600
0.14684
0.31468
0.32522
0.24051
0.80772
0.64279
0.11418
0.15687
0.37427
0.36699
0.38741
0.68592
0.14261
-0.04439
0.30873
0.21356
0.58439
0.14351
0.01337
0.16001
0.06063
0.76739
0.18788
0.26720
0.43463
0.39759
0.27962
0.94036
0.53315
0.14913
0.25531
0.08179
0.86597
0.76895
0.64600
0.38248
0.43595
0.59024
0.10313
0.62734
0.31039
0.19590
0.27175
0.81771
-0.19256
0.21072
0.57697
0.17564
0.04798
0.29919
0.18812
0.80862
0.36519
-0.00903
0.73145
0.85175
0.28872
0.86117
0.18042
0.43246
0.67511
0.11446
0.26426
0.23458
0.07478
-0.09342
0.96970
0.05446
0.36609
0.35643
0.27390
0.29133
0.27136
0.13519
0.75838
0.81835
0.69414
0.15942
0.84421
0.28379
1.08302
0.62953
0.90595
0.33684
0.22092
0.89373
0.14502
0.13642
0.75012
0.30286
0.41264
0.10281
0.84537
0.24471
0.28729
0.70891
0.22671
0.25996
0.69682
0.62573
0.25942
0.82865
0.29366
0.10204
0.84408
0.34731
0.81937
0.31193
0.43066
0.20312
0.37485
0.58914
0.37789
0.15055
0.68436
0.15340
0.87334
0.21135
0.05498
0.29813
0.39542
0.57999
0.12252
0.03635
0.04018
0.22306
1.02759
0.25019
0.00884
0.27056
0.16815
0.27159
0.86103
0.55487
0.46419
0.21099
0.83818
0.17877
0.04289
0.10399
0.91118
0.88170
0.22049
0.88971
-0.29073
0.68720
0.26720
0.35876
0.47634
0.33979
0.19697
0.39802
0.21214
0.55210
0.85814
0.22691
0.38917
0.36419
0.63206
0.15260
0.24138
0.81348
0.19958
0.11858
0.17899
0.68063
0.28641
0.42738
0.52800
-0.04253
0.09152
0.79964
0.16291
0.80880
0.38554
0.17506
0.89082
0.74958
0.17593
0.96841
0.49124
0.33399
0.57347
0.69139
0.98517
0.28529
0.21396
0.48312
0.28270
0.27161
0.78440
0.26679
0.10668
0.93880
1.01072
0.29879
0.40144
-0.05543
0.43841
0.31309
0.21744
0.37894
0.27445
0.00214
0.35775
0.74073
-0.11747
0.20011
0.35094
0.52813
0.12535
0.40879
0.03104
0.45102
0.35197
0.63536
0.39411
0.35189
0.17705
0.31161
0.24418
0.30495
0.65689
0.26100
0.13086
0.85338
0.12002
0.02199
0.98271
0.71472
0.25909
0.16502
0.90774
0.91480
0.34288
0.76201
0.10637
0.18728
0.56598
0.06764
0.70619
0.82223
0.19097
0.07543
0.19734
0.51606
0.17189
0.10628
0.17180
0.23267
0.63763
0.16509
0.16455
0.61291
0.60241
0.30639
0.90247
0.11311
0.03744
0.70904
0.25313
0.22991
0.26012
0.60864
0.12124
0.05995
0.10302
0.97326
0.75336
0.26821
-0.00015
0.32222
-0.01370
0.36784
0.09264
0.32417
0.72321
0.31050
0.25531
0.61214
0.86373
0.86424
0.34100
0.35279
0.02551
0.25536
0.21026
0.82940
0.29602
0.24963
0.36302
0.46343
0.20001
0.09843
0.36492
0.19774
0.09358
0.08662
0.17147
0.34866
0.38702
0.73677
0.82377
0.37268
0.39474
0.28161
0.67761
0.27844
0.29446
0.15376
0.60299
0.29230
0.25594
0.45076
0.43492
-0.15140
0.13441
0.79849
0.40891
0.76039
0.40570
0.38951
0.22972
0.75975
0.98853
0.52103
-0.17232
0.79614
0.11931
0.75261
0.26747
0.10771
0.32969
0.19950
0.40185
0.20047
0.08007
0.27179
0.12414
0.35686
0.20704
0.02692
0.22721
0.33960
0.74579
0.75927
0.75925
0.83704
0.29729
0.03569
0.25924
0.25212
0.09762
0.19849
0.96978
0.11685
0.63855
0.19097
0.15002
0.44092
0.13027
0.71673
0.16535
0.08996
0.07213
0.66730
-0.01516
0.89144
0.32474
0.18024
0.54106
0.30491
0.32945
0.11825
0.25702
0.06502
0.86602
0.02416
0.31967
0.28703
0.19546
0.14285
0.37919
0.46577
0.86783
0.05350
0.15004
0.57338
0.19994
0.23789
0.81705
0.09166
0.23896
0.47940
0.14262
0.09958
0.72701
0.73766
-0.00570
0.83190
0.28883
0.28474
0.44454
0.77355
0.02918
1.02543
-0.04445
0.19605
0.59916
0.38616
0.23954
0.14285
0.94493
0.19358
0.71745
0.15409
0.88096
0.80391
0.21046
0.80943
0.72586
0.12847
0.38166
0.19842
0.79557
0.10467
0.99752
0.02041
0.05800
0.31384
0.89685
0.77682
0.18864
0.28095
0.75213
0.30979
0.58190
0.43196
0.17279
0.15134
0.34768
0.33436
0.60151
0.24125
0.78447
0.12131
0.84570
0.16662
0.40478
0.13882
0.23223
0.30049
0.74667
0.46232
0.88306
0.25795
0.89926
0.99848
0.17905
0.31408
0.27428
0.73780
0.00618
0.30417
0.18903
0.42612
0.20751
-0.10833
0.07582
0.04388
0.43326
0.18206
0.32842
0.28631
0.11034
0.07087
0.15324
-0.02953
0.61519
0.89982
0.16357
0.34529
0.25920
0.28538
0.57029
0.46378
0.43111
0.18748
0.05382
0.27196
0.31833
0.14953
0.44103
0.46698
0.15648
0.31519
0.89638
0.35296
0.91267
0.13336
0.95178
0.28851
0.89750
0.89680
0.38171
0.33775
0.11046
0.23938
0.79881
0.35939
0.07680
0.24091
0.22599
0.16170
0.30886
0.26036
0.56614
0.80947
0.15790
0.34818
0.26600
0.28167
0.76140
0.71301
0.14696
0.29124
0.23176
0.09847
0.05774
0.61273
0.17354
-0.03520
0.24989
0.33442
0.76595
0.27641
0.04822
0.14077
0.10049
0.31888
0.25968
1.02002
0.97083
0.42336
0.94877
0.35365
0.26829
0.71491
0.17105
0.25341
0.26350
1.09627
0.01517
0.22278
0.39527
0.17562
0.73828
0.63384
0.18662
0.18710
0.78059
0.90918
0.42383
0.18623
0.23850
0.72112
0.29181
0.15354
1.02642
0.81163
-0.08561
0.39821
0.85124
0.83140
0.32383
0.77662
0.15303
0.17846
0.15876
0.06962
0.91961
0.03884
0.71345
0.57001
-0.11288
0.36418
0.20786
0.26918
0.26386
0.29070
0.17928
0.81448
0.25786
0.38976
0.16878
0.90884
0.23068
0.39797
0.41343
0.29655
0.27117
0.51712
0.61147
0.32430
0.06203
0.18051
0.42380
0.96966
0.24560
0.15554
0.25475
0.85846
0.34925
0.67681
0.24870
0.24467
0.45773
0.72318
-0.11219
0.16243
0.68118
0.02798
0.83997
0.51061
0.24845
0.45213
0.20870
0.20880
0.35661
0.05445
0.41977
0.11956
0.03799
0.09905
0.23092
0.94552
0.83152
-0.03706
0.19681
0.56410
0.18793
0.14879
0.38615
0.83510
0.51707
0.15805
0.19785
0.18164
0.24823
0.93028
0.72815
0.58799
0.09016
0.35211
0.27956
0.08049
-0.16628
0.33493
0.18104
0.65696
0.13855
0.47732
0.19709
0.12635
1.05782
0.82437
0.37730
0.96686
0.15020
0.10905
0.47726
0.13423
0.19403
0.17094
0.48410
0.68455
0.89708
0.87416
0.26540
0.41744
0.58914
0.23993
0.90396
0.29774
0.28868
0.81326
0.24628
0.13959
0.20164
0.68154
0.33271
0.33238
0.29988
0.46126
0.43688
0.96353
0.78371
0.83478
0.47266
0.27438
0.20946
0.23946
0.36226
0.20121
0.57840
0.20502
0.01672
0.52561
0.18132
0.03244
0.27122
0.72669
0.06669
0.24923
0.19142
0.13366
0.87920
0.21441
0.40108
0.78250
0.33524
1.09499
0.19502
0.79052
0.23252
0.26003
0.54315
0.38934
0.27585
0.75945
0.28604
0.40026
0.19596
0.17006
0.69937
0.09755
0.16228
0.36786
0.54104
0.13267
0.72010
0.83965
0.24286
0.74663
0.81483
0.07851
-0.01887
0.28123
0.28237
0.22476
0.08757
0.24802
0.73321
0.12702
0.17626
0.29316
0.47717
0.25173
0.76739
0.92850
0.15201
0.20690
0.26366
0.15681
0.74853
0.21645
0.86389
0.22777
0.23725
0.40823
-0.13822
-0.12575
0.14429
0.07855
0.10493
0.10596
0.17653
0.82059
0.97380
0.13030
0.26378
0.27093
0.39247
0.23579
0.64555
0.30065
0.32761
0.41324
0.02649
0.03012
0.68440
0.40999
0.39434
0.00512
0.16466
0.05326
0.17572
0.32363
0.26001
0.17322
0.23601
0.94284
0.11092
-0.09836
0.32466
0.69752
0.23204
0.37463
0.08528
0.89088
-0.05176
0.08283
0.16242
0.05790
0.30208
0.85652
0.35987
0.14441
0.41752
0.20165
0.03396
0.19304
0.89016
0.13393
0.02075
0.56327
0.02664
0.28583
0.72689
0.80034
0.01534
0.71992
0.20916
1.10388
0.37629
0.38760
0.19525
0.08195
0.25971
0.20322
0.29640
0.14849
0.36783
0.31531
0.37196
0.42251
0.44691
0.81620
0.20070
0.18048
0.13410
0.66409
0.12842
0.13972
0.41723
0.13993
0.89351
0.15366
0.29780
0.04357
0.68757
0.79860
0.14646
0.45096
0.23555
0.80767
0.22797
0.17262
0.99614
0.17357
0.30265
0.99320
0.10744
0.76780
0.16262
0.89337
0.51656
1.02341
0.35758
-0.07551
0.67525
0.22553
0.39180
0.68892
1.01520
0.78362
0.62799
0.46899
0.30298
-0.01094
0.09483
0.84682
0.22809
0.29642
0.84320
0.16840
0.45161
0.35239
0.31688
-0.04276
0.22468
0.61652
0.87997
0.08407
0.97975
0.13153
0.30126
0.34115
0.34652
0.03281
0.47900
0.20768
0.19258
0.24869
0.20070
0.06978
0.54007
0.22880
0.24042
0.38212
-0.04621
0.90015
0.18616
0.25909
0.27468
0.88630
0.24041
0.61198
0.74734
0.33908
0.80735
0.33258
0.72442
0.57823
0.97041
0.80016
0.16667
0.30740
0.69531
0.75256
0.22118
0.87633
0.76850
-0.00593
0.23338
0.17944
0.22603
0.08736
0.20107
0.21099
0.29368
0.06737
0.37790
0.77081
0.37323
0.73222
0.64008
0.04281
0.71283
0.44041
0.57603
0.18699
0.14911
0.04972
0.24711
0.66509
0.30143
0.22251
0.27918
0.88853
0.33239
0.43965
0.33704
0.13619
0.62562
0.12804
0.86112
0.35560
0.33545
0.70162
0.18781
0.13027
0.22065
0.20156
0.15670
0.08714
0.39328
0.69794
0.81632
0.27296
0.28440
0.21108
0.03041
0.03003
0.31535
0.91126
0.17169
0.04119
0.08328
0.71952
0.50359
0.22776
0.40657
0.93107
0.23134
0.47105
0.19249
0.20644
0.22430
0.31092
0.16721
0.46141
0.27672
0.39932
0.21835
0.83034
0.71769
0.69673
-0.03506
-0.02772
0.24388
0.39440
0.20302
0.79057
0.27581
0.11024
0.64478
0.01907
0.26577
0.36251
0.73399
0.63638
0.57246
0.91181
0.21870
0.33707
0.82815
0.22127
0.24449
0.81154
0.39502
0.14332
0.73149
0.42523
0.40559
-0.09527
0.30945
0.46452
0.45852
0.48540
0.32491
0.26412
0.21796
0.30998
0.15283
0.08050
0.26515
0.21549
0.36633
0.87593
0.87280
0.80743
0.82263
0.94891
0.13048
0.34574
0.95094
0.97160
0.33826
0.25738
-0.00997
0.82331
1.10356
0.31787
0.22246
0.11159
0.00956
0.48465
0.49312
0.36477
1.07181
0.27158
0.22494
0.15462
0.11364
0.22182
0.27626
0.22406
0.97998
0.29480
0.54849
0.59322
0.58379
0.53160
0.32388
0.53892
0.19265
0.06749
0.11800
0.36703
0.28512
0.25846
0.70654
0.86358
0.12691
0.23404
0.40590
0.29147
0.33116
0.70780
0.53995
0.63355
0.88501
0.31302
0.16501
0.26409
0.25995
0.76742
0.02967
0.33957
0.48853
0.21345
0.23739
0.18105
0.21626
0.22346
-0.15000
0.39481
0.37465
0.25308
0.75473
0.48217
0.36616
0.02732
0.16338
0.98162
0.47876
0.62023
0.27318
0.25930
0.31145
-0.14689
0.80700
0.87227
0.71001
0.88370
0.72331
0.20082
0.29182
0.11481
0.08661
0.17242
0.16386
-0.07559
0.32039
0.28597
0.89719
0.09912
0.89344
0.85782
0.34161
0.22505
1.03109
0.83996
0.42782
0.35446
1.03198
0.94844
0.83220
0.38377
0.31048
0.20426
0.54054
0.14203
0.01414
0.18506
0.12071
0.31908
0.80517
0.19665
0.08191
0.35215
0.84419
-0.11198
0.40935
0.00111
0.95389
0.91093
0.26387
0.37915
0.34053
0.21678
0.26015
0.29937
0.40992
0.09694
0.87234
0.58258
0.23314
0.10102
0.11191
0.36666
0.12270
0.86794
0.43207
0.39509
0.75973
0.81117
0.87268
0.13368
0.14499
0.32965
0.31476
0.08148
-0.12625
0.73585
0.73347
0.01619
0.29746
0.74348
0.05226
0.22494
0.28989
0.08250
0.24070
0.47851
0.57992
0.31853
0.43550
0.10481
0.42598
0.92685
0.19869
0.13659
0.45789
0.08509
0.18143
0.73005
0.12730
0.15643
0.22046
0.50943
0.32205
0.09018
0.17209
0.47529
0.17398
0.74030
0.21505
0.29949
1.00459
0.13342
0.33714
0.17238
0.18998
0.92578
0.16407
0.13030
0.55893
0.28144
0.46084
0.21699
0.77923
0.46848
0.02517
0.37330
0.79719
0.79537
0.16055
0.21167
0.71485
-0.00606
0.29779
0.07678
0.37492
0.74110
0.00136
0.41479
-0.07069
0.28849
0.18277
0.01346
0.36969
0.14213
0.34379
0.24220
0.98675
0.71554
0.19629
0.25074
0.26726
0.23272
0.05980
0.24335
0.13720
0.19553
0.87243
0.82253
0.85954
0.25946
0.18460
0.36293
0.43320
0.85714
-0.01913
0.06432
0.63449
0.44502
0.08743
0.47805
0.85979
0.74818
0.30413
-0.01264
0.38941
0.30467
0.20462
0.13242
0.32960
0.35251
0.65189
0.51820
0.25863
0.18884
0.89206
0.25799
0.98375
0.78597
0.02613
0.41474
0.22053
0.20294
0.20918
0.02437
0.34691
0.34891
0.74199
0.34978
0.12752
0.91616
0.42202
0.31670
0.10141
0.69365
0.37054
0.91864
0.32394
0.41254
-0.16571
0.85355
0.20844
0.11677
0.76373
0.29983
0.46744
0.23240
0.34621
0.13770
0.18867
0.36556
0.44596
0.81957
0.11032
0.07998
0.17729
-0.01425
0.17005
0.32354
0.40077
0.52314
0.46931
0.16470
0.07769
0.55558
0.30226
0.37831
0.39534
0.31390
0.10422
0.95759
0.13216
0.15073
0.21442
0.93591
0.72086
0.33548
0.93329
0.03597
0.13050
0.25361
0.22332
0.20428
0.28881
0.34342
0.14623
0.23771
0.27528
0.08115
0.45837
0.09451
0.90051
0.44903
0.30585
0.29892
0.87252
0.79046
0.41330
0.05397
0.30732
0.27026
0.40209
0.66842
0.24791
0.14828
0.15392
0.51891
0.14768
0.67379
-0.04103
0.89441
0.29369
0.87185
0.96234
0.23210
0.35852
0.27839
0.16224
0.90221
0.17802
0.13012
0.96953
0.86014
0.02428
0.40292
0.83381
0.03679
0.35503
0.12396
0.03048
0.14560
0.18115
0.93036
0.21499
0.87369
0.67470
0.00883
-0.06828
0.66725
0.06258
0.62691
0.03773
0.20516
0.80368
0.82179
0.25723
0.18245
0.72073
0.71239
0.70958
0.62667
0.27993
0.09095
0.35031
0.30954
0.83526
0.92414
0.27210
0.23404
0.26796
0.13036
0.20877
0.51837
0.27929
0.92128
0.38008
0.20520
0.82592
0.41962
0.30882
0.39742
0.86290
0.72669
0.90414
0.29987
0.34568
0.26519
0.85554
0.04064
0.26031
0.53545
0.23574
0.14859
0.91759
0.70924
0.08712
0.18243
0.98930
0.34048
0.04188
0.57891
0.77744
0.15811
0.26544
0.21063
0.83045
0.15207
0.22305
0.16902
0.28627
0.24235
0.92856
0.06803
0.35680
0.56068
0.64252
0.14192
0.43164
0.24000
0.32538
0.41846
0.36895
0.32351
0.37969
0.30118
0.83683
0.84747
1.09539
0.84280
0.37650
0.42683
0.16956
0.52472
0.48628
0.11614
0.71233
0.66602
0.06456
0.90587
0.28655
0.21599
0.64338
0.55472
0.59437
0.36736
0.43777
0.28355
0.17395
0.76360
0.42624
0.06607
0.20458
0.29125
0.43421
0.12200
1.05673
1.03145
0.22373
0.96187
0.28147
0.32612
0.36357
0.07591
0.91270
0.22696
0.68683
0.35625
0.22993
0.37525
0.21202
0.57029
0.72707
0.55895
-0.00363
0.33876
-0.12880
0.28179
0.82809
0.41227
0.25044
0.09473
0.19328
0.26952
0.57511
0.30439
0.89421
0.79607
0.12845
0.30718
0.35877
0.59828
0.40544
0.35411
0.63730
0.76412
0.65200
0.13161
0.74921
0.42312
0.30322
0.80530
0.09985
0.22098
0.86615
1.03976
0.66222
0.21676
0.08122
0.48314
0.77449
0.42565
0.26784
-0.04439
0.79209
0.04338
0.62319
0.17756
0.31182
0.03834
0.19052
0.17991
0.20308
0.97681
0.45264
0.24006
0.98280
0.27616
0.18942
0.92418
0.74133
0.61363
0.19811
0.25194
0.16174
0.08458
0.27255
0.38003
0.93306
0.16495
0.12745
0.05876
0.26631
0.40688
0.29488
0.16570
0.14973
0.89997
0.90806
0.39070
0.48767
0.86396
0.56972
0.24243
0.43750
0.32120
0.07679
0.08199
0.37596
0.30108
0.15639
0.16279
-0.03276
0.53695
0.89126
0.83829
0.71198
0.10749
0.64322
0.94166
0.05601
0.17631
0.29161
0.77053
0.72237
0.62884
0.18778
0.63344
0.36548
0.18028
0.22306
0.58273
0.39460
0.37036
0.14624
0.77562
0.12105
0.88994
0.90153
0.24756
0.19056
0.93348
0.21859
0.25906
0.71032
0.14455
0.54816
0.60249
0.71759
0.17083
0.89774
0.83941
0.84506
0.84133
0.40559
0.22819
0.03955
0.22222
0.66466
0.21939
0.12620
0.86113
0.81782
0.09612
0.83152
0.53351
0.86839
0.32936
0.25361
0.17366
0.08479
0.78253
0.76999
0.77982
0.17399
0.29073
-0.10075
0.28664
0.27125
1.04604
0.22318
0.65276
0.33003
0.24382
0.79364
0.77317
0.26580
0.24448
0.36164
0.15078
0.54682
0.63695
0.14252
0.18663
0.42480
0.42111
0.67795
0.26508
0.13561
0.83849
0.58115
0.87627
0.86532
0.18353
0.01354
0.09128
0.47915
-0.04043
0.21632
0.08212
0.34990
0.00279
0.05503
-0.01525
0.78483
0.81928
0.31962
0.23139
0.27121
0.26203
0.12752
0.08371
0.72797
0.10537
0.27249
0.87599
0.86685
0.23578
0.26522
0.39602
0.27164
0.15848
0.93096
0.93087
0.26249
0.75771
0.31885
0.07921
0.37087
0.55852
0.75247
0.77763
0.69384
0.17740
0.09203
0.15784
0.17128
0.42542
0.22734
0.17945
0.28729
0.25767
0.81181
0.27276
0.38665
0.36812
0.65223
0.27880
0.27083
0.09471
0.17238
0.23277
0.23810
0.06421
0.23458
0.86955
0.11542
0.10051
0.16642
0.70103
0.34879
0.73278
0.33470
0.26377
0.00384
0.24881
0.80131
0.32393
0.11969
-0.00053
-0.06134
0.19055
0.12658
0.39641
0.23926
0.18908
0.24077
0.29183
0.33191
0.83410
0.31060
0.29402
0.56363
0.78258
0.41619
0.27776
0.43585
0.09063
0.19230
0.15612
0.90330
0.41278
0.49697
0.26776
0.83404
0.76292
0.21970
0.36089
0.28046
0.62949
0.44595
0.25096
0.83729
0.07726
0.37196
0.26368
0.26258
0.14217
0.88160
0.29372
0.19751
0.78287
0.78406
0.72648
0.47821
0.43626
0.78468
0.11087
0.97858
0.80010
0.45226
-0.06940
0.74994
0.35899
0.26276
0.75208
0.38400
0.91916
0.00257
0.77505
0.74669
0.28112
0.00333
0.87564
0.98742
0.96851
0.86034
0.21210
0.19202
1.06115
0.86803
0.76624
-0.03174
0.52932
0.25095
0.43512
0.15987
0.29629
0.10429
0.04212
0.69700
0.38828
0.62184
0.74089
0.99604
0.27595
0.81959
0.24774
0.71280
0.12322
0.08616
0.10102
0.04481
0.15789
0.54405
0.30671
-0.06511
-0.05782
0.94624
0.06100
0.09967
0.24783
1.02959
0.27773
0.31418
0.33489
0.26130
0.13162
-0.02749
0.17251
0.34442
0.26493
0.32849
0.43864
0.18432
0.01887
0.51363
0.22749
0.75272
0.69069
0.79043
1.02441
0.26596
0.12868
0.32310
0.07520
0.24731
0.22735
0.26887
0.18205
0.67683
0.25003
0.89894
0.60665
0.26525
0.03058
0.06162
0.33659
0.77350
0.78657
0.27063
0.77210
0.30463
0.07405
0.74510
0.21125
0.18411
0.38938
0.84270
0.16447
0.18836
0.33185
0.28590
0.80071
0.84706
0.22364
0.19179
0.09545
0.32767
0.15642
0.27698
0.10110
0.14226
0.69431
0.41692
0.25525
0.44204
-0.12667
0.84416
0.10576
0.44539
0.10891
0.08756
0.26376
0.02137
0.08217
0.03454
0.81426
0.25427
0.06027
0.44061
0.67664
0.66207
0.26339
0.17585
0.33484
0.33018
0.71110
0.05856
0.16793
0.26816
0.86012
0.18290
0.16411
0.70497
0.21796
0.79914
0.83362
0.50179
0.78295
0.61008
0.23582
0.19965
0.02167
-0.09531
0.83814
0.47950
0.35433
0.45747
0.45783
0.28962
0.40108
0.30469
0.22902
0.22779
0.70021
0.27168
0.41821
0.76195
0.34230
0.24323
-0.05970
0.29385
0.69681
0.99402
0.36397
0.81631
0.60125
0.98987
0.25925
0.34455
0.12217
0.03917
0.65982
0.30803
0.93386
0.05264
0.84980
0.83804
-0.13098
0.54650
0.01127
0.05102
0.52638
0.20558
0.90761
0.23271
0.08053
0.30363
0.59538
0.66276
0.22726
0.10816
1.04091
0.99117
0.33924
0.66314
0.08416
0.80036
0.26370
0.27510
0.42305
0.62008
0.52454
1.00422
0.34425
0.76339
0.82138
0.05561
0.60540
0.18454
0.71044
0.28867
0.10717
0.04696
0.20152
0.30966
0.53158
0.45022
0.82714
0.11309
0.36874
0.76659
0.90256
0.14550
1.02361
0.48842
0.72510
0.70599
0.25078
0.28528
0.74051
0.31833
0.09767
0.65014
0.73925
0.04807
0.86488
0.35419
0.41478
0.44388
0.03757
0.78387
0.24046
0.36780
0.09398
0.30559
0.44454
0.79075
0.41774
0.42033
0.39935
0.05925
0.21528
0.37440
0.14045
0.38155
0.64613
0.50157
0.82321
0.35886
0.74980
0.12877
0.47648
0.15319
0.28930
0.25271
0.18833
0.41267
0.28376
0.70451
0.06315
0.80049
0.05838
-0.07883
0.29493
0.19845
0.09177
0.87415
0.63315
0.73186
0.15904
0.15151
1.01385
0.32117
0.47520
0.87730
0.18817
0.08035
0.79607
0.86735
0.37582
0.17919
0.32384
0.38200
0.58821
0.79166
0.18627
0.33252
0.33180
0.34463
0.05029
0.33990
0.15114
0.36024
0.53694
0.06860
0.36716
0.33204
0.24658
0.75426
1.06224
0.29202
0.26754
0.19858
0.21992
0.13586
0.05771
0.36144
0.12282
0.36632
-0.07027
0.67263
0.26288
0.34194
-0.14368
0.14346
0.18618
0.72356
0.07706
0.77986
0.27715
0.67288
0.16227
0.48666
0.56405
-0.06502
0.24381
0.32403
0.09177
0.41719
0.18346
0.20797
0.07787
0.11744
0.45799
-0.00574
0.51483
0.78482
0.69748
0.55907
0.20059
0.08528
0.69229
0.06401
0.00946
0.89057
0.21537
0.36394
0.40735
0.80315
0.15186
0.40296
0.84265
0.42756
0.24628
0.28145
0.17427
0.05956
0.96787
0.33054
0.71903
0.18031
0.25299
0.17681
0.93514
0.20593
0.41562
0.03899
0.86278
0.18461
0.37190
0.64398
0.37460
0.11189
0.36560
0.61299
0.77210
0.64971
0.23593
0.18793
-0.05860
0.89394
0.80161
0.81328
0.32555
0.93580
0.14753
0.27520
0.60532
0.46671
0.70661
0.19904
0.07759
0.21290
0.81814
0.11278
0.21694
0.02278
0.44955
0.46763
0.61476
0.70950
0.21970
0.33345
0.99988
0.40392
0.88080
0.91023
0.84992
0.26639
1.02316
0.33340
0.35280
0.13685
0.17679
0.32179
0.29121
0.06025
0.92598
0.11198
0.21530
0.84587
0.70546
0.35661
0.41825
0.11601
0.14830
0.89354
0.15736
0.88840
0.07624
0.28768
0.15231
0.26449
0.17763
0.20184
0.78781
0.09765
0.36195
0.69235
0.13334
0.11883
0.24569
0.11777
0.10735
0.40547
0.24071
0.09149
0.55993
0.13703
0.00747
0.75059
0.27010
0.30769
0.15707
0.65221
0.29007
0.20177
0.01175
0.24302
0.39985
0.19948
0.62681
0.66003
0.22163
0.29681
0.37611
0.31443
0.10701
0.40522
0.22061
0.25351
0.72433
0.11464
0.65875
0.01589
0.18183
0.16151
0.69178
0.37631
0.89838
0.21615
0.32308
0.27692
0.83028
0.21789
0.09691
0.91563
0.86121
0.67386
0.27309
0.25527
0.09303
0.10104
0.67916
0.55387
0.91238
0.87785
0.20352
0.26930
0.15203
0.15729
0.32443
0.86076
0.93433
0.32193
0.28781
0.10722
0.19808
0.47991
1.08662
0.78860
0.86327
0.64181
0.40431
0.09831
0.85620
0.28805
0.20434
0.96576
0.25154
0.24037
0.33163
0.90420
0.28926
0.97016
0.88109
0.27706
0.63002
1.05575
-0.01022
0.29582
0.32264
0.92112
0.53173
0.89803
0.42050
0.78222
0.62345
0.32121
0.99803
0.05432
0.78319
0.18688
0.73613
0.09064
0.34096
0.03395
0.18047
0.15662
0.24773
0.75205
0.84297
0.54990
0.57978
0.81508
0.38545
0.14743
0.07094
0.68707
0.23522
0.86720
0.17653
0.38231
0.78440
0.26650
0.20661
0.22078
0.34718
-0.02380
0.32771
0.32935
0.04375
0.67145
0.10304
0.82909
0.71862
0.43269
0.44315
0.74441
0.42858
0.29763
0.50055
0.23979
0.84035
0.15777
0.26252
0.68385
0.57740
0.17185
0.97503
0.29524
0.24861
0.33237
0.32042
0.90037
0.51426
0.25728
0.93775
0.70611
0.17770
0.02121
0.28309
0.24603
0.44817
0.34527
0.28372
0.20467
-0.07503
0.12304
0.18081
0.07947
0.68011
0.38060
0.18577
0.16845
0.15461
0.31023
0.85677
0.27234
0.50509
0.27690
0.88300
0.32405
0.29763
0.05018
0.68555
0.11572
0.26806
0.14621
0.73649
0.09048
0.19601
0.09766
0.84988
0.91871
0.58764
0.15890
0.73054
0.10427
0.33826
1.05063
0.09098
0.22532
0.13911
0.45055
0.20208
0.13425
0.06421
0.74424
0.34287
0.04019
0.30278
0.13727
0.90991
0.39671
0.45170
0.09388
0.33348
0.16010
0.26760
0.79021
0.77297
0.37619
0.51653
0.86822
0.87062
-0.05962
0.17190
0.76266
0.19774
0.01086
0.28502
0.72257
0.29849
0.28671
1.04635
0.74205
0.12093
0.30810
0.82895
0.76489
0.98125
0.36226
0.23757
0.22260
0.13700
0.12315
0.84443
0.16595
0.12245
0.76863
0.84682
0.59268
0.30859
0.34261
0.21033
0.85701
0.25207
0.04681
0.35639
0.12689
0.42270
0.71120
0.29209
0.72291
-0.02588
0.26596
0.15255
0.10940
0.34294
0.34201
0.77154
0.99961
0.78089
0.27699
0.38692
0.81059
0.92483
0.35970
0.47853
0.72524
-0.00045
0.20836
0.56437
0.25288
0.91392
0.13935
-0.23298
0.89963
0.93126
0.08696
0.26794
0.50203
0.26338
0.19879
0.42143
0.35115
0.00244
0.37496
0.32465
0.19221
0.06129
0.23646
0.25127
0.69431
0.25742
0.34040
0.17859
0.24379
0.32317
0.84122
0.95609
0.30492
0.65447
0.31245
0.67272
0.53589
1.04556
0.22076
1.07683
0.27177
0.37251
0.94787
-0.05539
0.12996
0.09432
0.84098
0.40479
0.31213
0.13030
0.25423
0.98716
0.03220
0.67375
0.37365
0.78766
0.70235
0.61555
0.33259
0.09944
0.21429
0.17287
0.08623
0.48695
0.43332
0.70709
0.28623
-0.06925
0.12526
-0.04850
0.49034
0.84433
0.27569
-0.05952
0.86519
-0.00914
0.75358
0.24086
0.21984
0.48781
0.14473
0.27936
0.34232
1.00334
0.43853
0.32864
0.91792
0.09108
0.01284
0.64532
0.40075
0.98800
0.28438
0.16316
0.08082
0.14280
0.84060
0.16145
0.26224
0.14152
0.07383
0.17847
1.04662
0.29939
0.52432
0.85308
0.26366
0.28995
0.21000
0.42241
0.98207
0.59143
0.69660
0.69405
0.76603
0.73577
0.19569
0.48146
0.07459
0.78398
0.13412
0.23426
0.98787
0.29729
0.41583
0.30333
0.35796
-0.05448
-0.00664
0.34712
0.01205
0.41409
0.27849
0.11686
0.83188
1.00739
0.11194
0.30734
0.00127
0.81308
0.85340
0.02303
0.08685
0.94855
0.27139
0.30347
0.28041
0.10563
0.13395
0.36849
0.91242
0.89352
0.20864
-0.03171
0.23881
0.41840
0.31298
0.17220
0.87807
0.03771
0.41843
0.76754
0.27583
0.52703
0.60630
0.73197
0.19495
0.08220
0.25737
0.38482
1.02734
0.35318
0.86829
0.28646
0.32144
0.70362
0.30077
0.77993
0.32761
0.40408
0.63961
0.22635
0.17838
0.76920
0.28405
0.23050
0.40594
0.23108
0.36041
0.19185
0.35436
0.20011
0.80806
0.29152
0.33531
0.57697
0.24861
0.49930
0.22014
0.29679
0.34236
0.00945
0.44426
0.10042
0.14687
0.23708
0.33932
0.34221
0.16091
0.88200
0.09835
0.01348
0.98609
0.19576
0.19646
0.53645
0.17885
0.25844
0.40234
0.27952
0.22061
0.18955
0.19456
-0.00037
0.20129
-0.12851
0.23966
0.21580
0.36061
0.54285
0.64078
0.57480
0.23947
0.04510
-0.06559
1.04643
-0.09732
0.17293
0.21995
0.07911
0.92885
0.26082
0.07989
0.21724
0.37221
0.32208
0.85017
0.47141
0.80287
0.16426
0.20029
0.35594
0.37723
0.44544
0.37707
0.33365
0.24865
0.06141
-0.05427
0.53201
0.32242
0.17459
0.29526
0.24074
0.89669
0.14815
0.28197
0.23663
0.16157
0.24166
0.36886
0.34517
-0.08443
0.27970
0.23596
0.34094
0.81890
0.19855
0.35584
0.25967
0.79831
0.61328
0.82962
0.10871
0.79154
0.25007
0.22898
0.65256
0.29070
0.26853
0.23294
0.83297
0.19205
0.26312
0.92826
0.13456
0.25996
0.20120
0.59747
0.31011
0.75816
0.58360
0.95807
0.47281
0.05041
0.67459
0.97461
0.28458
0.61390
0.82603
0.87636
0.40972
0.16299
1.19362
0.21622
0.12790
0.44651
0.29835
0.24210
0.28484
0.38189
0.83069
0.55660
0.57394
0.60515
0.26377
0.33848
0.33086
0.42463
0.72837
0.43352
0.33730
0.33004
0.37145
1.09226
0.14305
0.23933
0.32062
0.96847
0.25680
0.47963
0.13808
0.29476
0.32707
0.44396
0.31125
0.90552
0.34747
1.01540
0.12950
0.59459
0.45674
0.77121
0.46009
-0.02366
0.61234
0.81108
0.54903
0.81091
0.41562
0.51185
0.07880
0.40009
0.05747
0.15829
0.20069
0.56672
0.28105
0.88993
0.15737
0.45030
0.93916
0.18930
0.84765
0.25769
0.73869
0.88619
0.89235
0.16821
0.40705
0.72382
0.26671
0.25397
0.17914
0.21052
0.85489
0.34236
0.25201
0.28953
0.06790
0.19492
0.51338
0.16716
0.31546
0.22940
0.27263
0.15977
0.22608
0.95513
0.12779
0.40056
-0.06153
0.13012
-0.03978
0.83034
0.10182
0.97311
0.16873
0.70219
0.02409
0.14318
0.11952
0.25247
0.09976
0.20148
0.60470
0.18337
0.31395
0.80475
0.35479
0.19551
0.39792
0.52872
0.28229
0.30921
0.18824
0.75726
0.39405
0.78700
0.32736
0.24343
0.77788
-0.02065
0.15689
0.15387
0.70466
0.36735
0.29119
0.89062
0.37316
0.15742
0.09019
0.34494
0.18994
0.90592
0.18942
0.28560
0.16594
0.33994
0.38639
0.11935
1.03355
-0.07159
0.07662
0.32818
0.19442
0.06757
0.94835
0.09286
0.76167
0.32868
0.60024
0.56800
0.64384
0.08058
0.48348
0.22121
0.14648
0.56006
0.78849
0.24936
0.76987
0.21292
0.17737
0.25734
0.91178
0.23732
0.52229
0.42796
0.05784
0.22683
0.38245
0.42714
1.14245
0.15670
0.20909
0.28683
0.90323
0.80050
0.65467
0.38928
0.19694
0.10072
0.24535
0.62579
0.75566
0.12874
0.15423
0.32474
0.03019
0.01706
0.18090
0.25823
0.29576
0.75764
0.26055
0.25816
0.15548
0.36789
0.29967
0.25084
0.31801
0.39008
0.21373
0.36699
0.24234
0.27645
0.26043
-0.02605
0.35289
0.31186
0.61886
0.78098
0.11209
0.73553
0.41487
0.78884
-0.03843
0.29552
0.57970
0.84357
0.75784
0.77856
0.40803
0.30636
0.68248
0.15599
0.43882
0.50685
0.25053
0.37120
0.29046
0.90512
0.18194
0.84733
0.93559
0.55268
0.76677
-0.07721
0.22831
0.31886
0.17535
0.11739
0.10714
0.28581
0.39956
0.30339
0.03766
0.92186
0.38691
0.39384
0.52517
1.01920
1.08632
0.26774
0.58658
0.20431
0.35561
0.53548
0.65047
0.16334
0.12326
0.34870
0.67766
-0.11761
0.48675
0.64608
1.10080
0.11691
0.20893
0.35585
0.52735
0.08960
0.46398
0.93244
0.80729
0.19702
1.00089
0.70692
0.22739
0.20976
0.03164
0.21898
-0.03155
0.10219
0.65620
0.91266
0.54421
0.36116
0.16468
0.32385
0.97565
0.78837
0.29869
0.13633
0.16430
0.88677
0.32676
1.10759
0.39709
0.78450
0.28016
0.23863
0.13319
0.77926
0.08950
0.67006
0.45102
0.11331
0.24868
0.16629
0.09939
0.89030
0.78883
0.23192
0.86720
0.74136
0.26175
0.32547
0.56474
0.33413
0.26193
0.88657
0.24869
0.98423
0.88578
0.29015
0.39928
0.29631
0.47350
0.50964
0.26236
0.80665
1.06905
0.29074
0.34868
0.37960
0.24525
0.53047
-0.00327
0.28730
0.04389
0.37945
1.06561
0.79657
0.21813
0.88248
0.21941
0.24667
0.82013
-0.01557
0.44021
0.19612
0.58680
0.99144
0.43790
0.15139
0.30243
0.42611
0.02310
0.21706
0.36847
0.25270
0.46718
0.44362
0.25961
0.90731
0.19673
0.23845
0.90714
0.86034
0.11737
0.18373
0.09892
0.26180
0.00854
0.26284
0.44190
0.20822
0.75074
0.80086
0.19533
0.01693
0.75052
0.18568
0.72079
0.67240
0.95600
0.28359
0.06632
0.42900
0.31289
0.72871
0.30266
0.01713
0.84655
0.29299
0.22120
0.62991
-0.13402
0.06679
0.86443
0.26490
0.81867
0.42518
0.19026
0.36044
0.75619
0.15172
0.25100
0.29064
0.56976
0.33302
0.09193
0.25560
0.98955
0.20444
0.23831
0.53662
-0.07474
0.91754
0.26610
0.26411
0.25901
0.71800
0.21162
0.19842
0.09564
0.52716
0.20238
0.81954
0.25517
0.02639
0.13036
0.10383
0.21020
0.28578
0.29848
0.83331
0.09148
0.92979
0.85215
0.17519
0.43218
0.23563
0.18987
0.53127
0.03292
0.43485
0.40031
0.18505
0.74970
0.72544
0.28505
0.47137
0.41441
0.24278
0.60358
0.45575
0.21854
0.18973
0.23830
0.54591
0.34094
0.37408
0.71516
0.38417
0.29096
0.70193
0.29988
0.10873
0.33481
-0.11309
0.36393
0.67261
0.09947
0.83654
0.23088
0.54692
0.32708
0.35808
0.71944
0.23281
0.03795
0.17097
0.13766
0.17939
0.22272
0.82590
0.76428
0.83033
0.21130
0.41869
0.58496
0.22215
0.69197
0.18362
0.81258
0.37580
0.83325
0.28487
0.69156
0.25958
0.27561
0.74897
0.41283
0.94183
0.23175
0.06014
0.25479
0.53661
0.12677
0.11929
0.03176
0.99216
0.28093
0.34816
0.22157
0.71274
0.31235
0.22669
0.83847
0.10502
0.86210
0.30946
0.11044
0.29118
0.24030
0.16999
0.78133
0.32418
0.47562
0.12804
0.41757
0.43864
0.46849
0.13312
0.45659
0.55047
0.24936
0.16594
0.07511
0.20174
0.22604
0.58686
0.25375
0.61596
0.27494
0.14441
0.25013
0.71537
-0.03651
0.72227
0.91034
0.07743
0.39121
0.15658
0.14885
0.15134
0.14610
0.21109
0.12003
0.06889
0.21652
