0.33824
0.88021
0.71498
0.73048
0.10159
0.06925
0.79030
0.54232
0.69677
0.22191
0.74977
0.52658
0.26700
0.08741
0.34674
0.10355
0.74327
0.89000
0.79952
0.14740
0.55075
0.50423
0.67666
0.05640
0.67810
0.31907
0.80976
0.76552
0.32425
0.44871
0.24448
0.92401
0.53149
0.57404
0.08414
0.47241
0.10335
0.15487
0.90911
0.56847
0.05384
0.37821
0.63771
0.98888
0.09927
0.65387
0.18036
0.67426
0.30374
0.13720
0.06816
0.61934
0.50159
0.36214
0.78282
0.91636
0.72015
0.89121
0.77520
0.30844
0.63625
0.05192
0.58116
0.85567
0.21555
0.52865
0.96237
0.91408
0.28535
0.35578
0.41833
0.11145
0.33352
0.03071
0.78478
0.12646
0.53509
0.27830
0.89422
0.10444
0.11132
0.77032
0.12870
0.90210
0.23800
0.39810
0.92668
0.37330
0.01466
0.49601
0.39006
0.43566
0.45415
0.98364
0.24788
0.09655
0.27427
0.69070
0.08434
0.21206
0.43491
0.81763
0.31154
0.72952
0.08845
0.31973
0.14458
0.98896
0.85088
0.79459
0.46130
0.75025
0.38686
0.62528
0.61985
0.19385
0.51590
0.35918
0.08912
0.11152
0.61948
0.85166
0.55114
0.85059
0.59325
0.18030
0.35042
0.29302
0.42801
0.18613
0.05124
0.58356
0.61831
0.21820
0.17269
0.87253
0.53891
0.21312
0.36281
0.22191
0.29858
0.04315
0.74059
0.12718
0.17051
0.51140
0.78652
0.19636
0.82053
0.52116
0.63280
0.05276
0.69813
0.27457
0.72964
0.08401
0.99997
0.28844
0.21604
0.20892
0.13414
0.78182
0.45999
0.59802
0.30240
0.14979
0.93673
0.56568
0.11725
0.68280
0.53594
0.43060
0.95659
0.88592
0.54058
0.86181
0.86872
0.01755
0.39123
0.77719
0.54328
0.36036
0.53403
0.95161
0.31771
0.81409
0.77528
0.84405
0.97752
0.75552
0.27510
0.77782
0.14876
0.29868
0.59917
0.53027
0.36991
0.11814
0.85943
0.35734
0.28226
0.28455
0.74863
0.81407
0.88426
0.44452
0.72291
0.32411
0.79068
0.78579
0.41394
0.59452
0.82492
0.38488
0.11132
0.18534
0.50139
0.54060
0.52482
0.18625
0.79725
0.93881
0.07642
0.50309
0.42234
0.46940
0.88106
0.44118
0.64641
0.42600
0.74534
0.15521
0.21330
0.38928
0.58011
0.33804
0.84389
0.32260
0.58720
0.97149
0.39788
0.80611
0.65177
0.92085
0.27707
0.56369
0.38900
0.12410
0.46528
0.01720
0.46259
0.01235
0.61451
0.09382
0.23113
0.46462
0.68312
0.58867
0.33569
0.02500
0.90578
0.56848
0.07357
0.44542
0.41166
0.92869
0.38573
0.31726
0.23716
0.49359
0.69203
0.57653
0.64808
0.11773
0.96802
0.88860
0.72090
0.14727
0.15682
0.20726
0.96160
0.02539
0.39249
0.57032
0.69961
0.43749
0.78907
0.01274
0.74564
0.54380
0.55190
0.72477
0.41391
0.69956
0.76724
0.79491
0.81184
0.80578
0.79490
0.65449
0.38371
0.69002
0.21446
0.15118
0.44555
0.71513
0.04146
0.68963
0.20874
0.84050
0.36202
0.35644
0.81513
0.75803
0.50980
0.32999
0.55158
0.63565
0.43841
0.81931
0.16934
0.52728
0.45233
0.42828
0.76065
0.57109
0.48620
0.81128
0.52735
0.94570
0.90798
0.74348
0.37169
0.23168
0.10865
0.82394
0.16710
0.67420
0.23104
0.47520
0.53325
0.81246
0.18379
0.27754
0.69159
0.99226
0.13298
0.95934
0.64029
0.16957
0.59327
0.99658
0.26110
0.95498
0.04586
0.78927
0.97585
0.40713
0.11760
0.42617
0.85534
0.91221
0.46918
0.75219
0.75427
0.37880
0.42367
0.56414
0.50645
0.58019
0.85851
0.82567
0.58489
0.41439
0.78872
0.13701
0.61537
0.78632
0.04577
0.75186
0.29725
0.25762
0.03774
0.75950
0.01879
0.58814
0.62649
0.26267
0.05892
0.17652
0.96929
0.16176
0.63161
0.55205
0.97870
0.81496
0.93297
0.69515
0.72502
0.82130
0.44504
0.59886
0.38773
0.12903
0.94636
0.33195
0.79821
0.81691
0.37711
0.48204
0.45177
0.95417
0.36086
0.25340
0.27175
0.38479
0.91832
0.06502
0.20248
0.70108
0.64088
0.85554
0.79385
0.04014
0.55684
0.03743
0.92110
0.82113
0.78923
0.84517
0.77687
0.26089
0.46967
0.02407
0.36424
0.60185
0.96588
0.43654
0.92823
0.96551
0.81570
0.08907
0.86251
0.73374
0.25294
0.20268
0.50923
0.98627
0.66915
0.25451
0.33306
0.51033
0.62277
0.40890
0.16549
0.77246
0.72480
0.92157
0.82739
0.52162
0.01433
0.28335
0.51670
0.24891
0.08422
0.14820
0.01059
0.71809
0.30457
0.46335
0.94333
0.05206
0.35376
0.40667
0.69341
0.54119
0.03977
0.75472
0.90700
0.51987
0.03746
0.77970
0.77019
0.60342
0.56923
0.41318
0.90966
0.24413
0.79459
0.58815
0.95843
0.36987
0.18658
0.74980
0.54845
0.62553
0.93070
0.34647
0.82770
0.02550
0.69814
0.28609
0.76730
0.36938
0.64812
0.45437
0.92197
0.70454
0.64079
0.48610
0.96901
0.66062
0.84788
0.79029
0.37429
0.84705
0.14197
0.45973
0.75410
0.81277
0.86573
0.54384
0.95881
0.04702
0.64213
0.49924
0.28222
0.15863
0.12068
0.65137
0.84827
0.81336
0.88215
0.60885
0.22321
0.81332
0.76925
0.45704
0.25226
0.01952
0.14605
0.60359
0.26212
0.33402
0.37784
0.85703
0.19708
0.66957
0.74967
0.88157
0.68104
0.05700
0.08718
0.73968
0.26449
0.25375
0.43033
0.67702
0.14291
0.92174
0.69553
0.74371
0.26435
0.02303
0.75099
0.81163
0.57485
0.47868
0.79830
0.77382
0.41433
0.82849
0.35415
0.28926
0.88538
0.69795
0.00487
0.90244
0.15053
0.61714
0.52958
0.00541
0.07812
0.47640
0.56932
0.14358
0.57818
0.66591
0.44610
0.04497
0.61800
0.46643
0.20411
0.93502
0.42422
0.26538
0.05665
0.65198
0.78618
0.72332
0.22284
0.06975
0.35232
0.17168
0.37655
0.53566
0.79769
0.70604
0.80270
0.52730
0.19504
0.88343
0.73077
0.06171
0.79368
0.05002
0.33662
0.11311
0.30288
0.86636
0.50354
0.34632
0.31229
0.14023
0.93917
0.42532
0.36254
0.00058
0.25475
0.70471
0.67673
0.74435
0.47111
0.31686
0.87396
0.48028
0.31880
0.96501
0.59150
0.51824
0.00344
0.76986
0.38228
0.29148
0.80210
0.18684
0.24032
0.79761
0.96278
0.16435
0.45448
0.34115
0.53008
0.55599
0.66601
0.25628
0.04577
0.54762
0.00822
0.44449
0.66075
0.12738
0.12550
0.79231
0.93311
0.15657
0.24561
0.70065
0.24968
0.67275
0.11137
0.75608
0.73061
0.37734
0.77252
0.46826
0.38918
0.88792
0.60910
0.21409
0.64328
0.22502
0.89480
0.66405
0.91276
0.05032
0.49160
0.48412
0.22324
0.42297
0.32269
0.45434
0.53061
0.59194
0.16363
0.01969
0.01012
0.42100
0.57511
0.71720
0.92380
0.47728
0.05342
0.75223
0.59629
0.74774
0.31041
0.36546
0.85525
0.24819
0.07052
0.03876
0.85787
0.67294
0.30197
0.58945
0.66047
0.55496
0.38178
0.78618
0.60315
0.12270
0.36540
0.78840
0.06273
0.09860
0.54854
0.65260
0.17575
0.72728
0.42228
0.03164
0.02050
0.38647
0.02321
0.80528
0.09440
0.20287
0.36643
0.79006
0.73877
0.97632
0.32911
0.55196
0.77673
0.62056
0.18874
0.40791
0.86197
0.51950
0.63417
0.04745
0.92767
0.10001
0.09941
0.06060
0.60695
0.80156
0.23021
0.78226
0.61626
0.65829
0.30256
0.22883
0.62492
0.78166
0.79816
0.73446
0.12124
0.88944
0.76748
0.06669
0.85698
0.67623
0.80050
0.08842
0.24343
0.31772
0.10330
0.99363
0.95372
0.95430
0.03940
0.12664
0.98094
0.91646
0.95128
0.59506
0.97948
0.52616
0.54960
0.24151
0.50196
0.95231
0.17223
0.54007
0.24064
0.70672
0.04272
0.29699
0.61539
0.67936
0.78365
0.24629
0.36608
0.40392
0.94755
0.11476
0.50936
0.18171
0.75102
0.21589
0.63239
0.75113
0.90650
0.03096
0.02581
0.43444
0.60448
0.06453
0.14602
0.82579
0.55225
0.61791
0.93241
0.55364
0.07794
0.90591
0.91642
0.49958
0.20866
0.23668
0.20440
0.88805
0.87785
0.29625
0.82132
0.21407
0.50171
0.78564
0.67253
0.20980
0.17953
0.61747
0.28426
0.23748
0.44774
0.42925
0.62668
0.88614
0.50664
0.38179
0.96999
0.44052
0.10271
0.68686
0.67256
0.86708
0.62837
0.61993
0.85846
0.19391
0.60608
0.96004
0.98473
0.21464
0.46470
0.02604
0.51693
0.60376
0.25889
0.61100
0.14716
0.15796
0.47452
0.65227
0.59452
0.28649
0.37619
0.03757
0.82347
0.83940
0.47079
0.88378
0.11703
0.34729
0.12631
0.49502
0.17561
0.31298
0.13540
0.27867
0.82858
0.58946
0.26457
0.04577
0.67947
0.06101
0.95976
0.29538
0.58308
0.96512
0.74406
0.92307
0.15818
0.73236
0.79772
0.69611
0.65418
0.61734
0.59947
0.92428
0.41272
0.52507
0.18641
0.18947
0.44399
0.82060
0.97264
0.97954
0.17756
0.88915
0.46177
0.31606
0.97308
0.41210
0.83413
0.82316
0.14218
0.05910
0.38887
0.37852
0.27383
0.47455
0.83570
0.33073
0.54563
0.54142
0.26114
0.05808
0.12250
0.72352
0.46637
0.84164
0.48330
0.78261
0.79909
0.37839
0.01199
0.89991
0.76231
0.27355
0.68935
0.74943
0.23131
0.68771
0.65148
0.43343
0.39131
0.99109
0.81422
0.28168
0.51824
0.68321
0.31257
0.43731
0.75972
0.07550
0.08331
0.29897
0.17662
0.77905
0.69579
0.38604
0.57378
0.40328
0.75987
0.38329
0.00563
0.44125
0.50665
0.37349
0.35343
0.01503
0.83875
0.10682
0.56326
0.18992
0.05796
0.98836
0.57181
0.82007
0.06648
0.84235
0.88866
0.01739
0.46204
0.98502
0.28836
0.44371
0.66943
0.17540
0.05996
0.19003
0.85413
0.43489
0.06358
0.91454
0.48233
0.62890
0.84051
0.92128
0.43827
0.06977
0.14202
0.29357
0.21377
0.51993
0.52553
0.05880
0.32155
0.05424
0.02097
0.30768
0.00645
0.99838
0.83552
0.64803
0.13610
0.09793
0.22240
0.19040
0.08689
0.50935
0.15200
0.21398
0.78781
0.81553
0.12125
0.83251
0.74260
0.75336
0.27768
0.40053
0.47733
0.64173
0.10344
0.89557
0.12663
0.74640
0.74911
0.00266
0.39997
0.51994
0.77650
0.68886
0.98453
0.68102
0.04584
0.76972
0.55694
0.80508
0.61352
0.75411
0.83254
0.39578
0.30615
0.02676
0.27654
0.71111
0.20890
0.00891
0.24288
0.43716
0.12928
0.30359
0.15710
0.44541
0.92439
0.10889
0.72229
0.30274
0.44193
0.27906
0.03546
0.43420
0.55295
0.32644
0.86580
0.37268
0.27051
0.15804
0.67470
0.69261
0.27891
0.67013
0.05827
0.97482
0.48883
0.24251
0.70558
0.05535
0.45249
0.53217
0.28415
0.76623
0.63696
0.34842
0.25137
0.20575
0.39956
0.62941
0.54200
0.26868
0.49020
0.12472
0.71903
0.58812
0.53736
0.90254
0.87698
0.00429
0.34649
0.78026
0.60719
0.69580
0.43744
0.77292
0.39819
0.95597
0.36996
0.97560
0.65281
0.30923
0.19058
0.56573
0.19372
0.94927
0.13691
0.18064
0.16328
0.76869
0.90847
0.74413
0.80226
0.17628
0.12454
0.65633
0.48967
0.89488
0.40077
0.89552
0.85560
0.05211
0.72661
0.20936
0.17885
0.26998
0.25548
0.62534
0.61735
0.63808
0.72063
0.24169
0.55311
0.23397
0.57522
0.54897
0.26857
0.13359
0.65390
0.48354
0.61482
0.54153
0.51694
0.58885
0.03062
0.71793
0.29244
0.03400
0.43528
0.92484
0.25194
0.85206
0.67405
0.41879
0.29631
0.81876
0.72898
0.69492
0.71293
0.04815
0.52312
0.73580
0.13126
0.27283
0.01168
0.03382
0.38117
0.42198
0.26342
0.49668
0.76408
0.84853
0.76498
0.96120
0.71910
0.79802
0.96806
0.52449
0.57872
0.68854
0.53801
0.52379
0.76953
0.92650
0.84860
0.84321
0.13011
0.78848
0.16039
0.98852
0.52200
0.28620
0.67354
0.02109
0.59466
0.50915
0.76307
0.95280
0.86921
0.97039
0.44751
0.71569
0.61438
0.42831
0.60131
0.10528
0.92520
0.98852
0.91509
0.08288
0.68569
0.21425
0.82467
0.64376
0.37647
0.99754
0.45676
0.77824
0.01074
0.89426
0.70800
0.73641
0.10993
0.09951
0.90600
0.29899
0.62811
0.34982
0.63814
0.20382
0.92847
0.31006
0.22983
0.90007
0.39824
0.11863
0.94896
0.38242
0.16976
0.06910
0.39390
0.93416
0.54715
0.89809
0.40961
0.80646
0.97981
0.82864
0.84837
0.30705
0.47785
0.06749
0.59870
0.32890
0.70515
0.40407
0.23215
0.01586
0.92161
0.90573
0.91354
0.02518
0.27623
0.50618
0.06688
0.23207
0.32365
0.31049
0.20329
0.00726
0.08247
0.68714
0.61152
0.64754
0.12148
0.49405
0.23168
0.76206
0.59202
0.31632
0.94452
0.10567
0.80502
0.48351
0.54069
0.96358
0.35930
0.32885
0.45305
0.18593
0.64370
0.78939
0.71059
0.04114
0.25840
0.10330
0.58358
0.12622
0.71913
0.06244
0.71821
0.33554
0.75601
0.04600
0.28144
0.04478
0.72690
0.62059
0.26045
0.74821
0.34575
0.90347
0.67475
0.04145
0.84854
0.62106
0.38458
0.56939
0.32051
0.22566
0.72455
0.16809
0.01799
0.92997
0.02454
0.20336
0.24622
0.88806
0.43397
0.25899
0.88216
0.05994
0.32755
0.43694
0.47800
0.83831
0.85039
0.34172
0.61430
0.92292
0.26116
0.86960
0.14249
0.66567
0.79991
0.64243
0.54283
0.23347
0.64134
0.30414
0.01459
0.67589
0.75206
0.27848
0.55019
0.90233
0.98314
0.57375
0.01365
0.47899
0.82002
0.61763
0.12465
0.28549
0.27660
0.70319
0.46855
0.97653
0.28565
0.83870
0.89721
0.41446
0.90021
0.74792
0.83875
0.70726
0.80453
0.96913
0.01018
0.53355
0.05707
0.18237
0.05315
0.50253
0.49426
0.08440
0.81469
0.42093
0.54834
0.40023
0.38946
0.28926
0.23134
0.80921
0.84249
0.81746
0.03657
0.21360
0.81411
0.28672
0.99697
0.39556
0.19497
0.15867
0.04589
0.13565
0.44196
0.00394
0.34515
0.94690
0.13112
0.00026
0.10807
0.70961
0.90661
0.17084
0.09573
0.34202
0.76533
0.97050
0.56284
0.44416
0.40712
0.98768
0.20007
0.16353
0.52435
0.29196
0.50490
0.74477
0.87790
0.33500
0.23454
0.77432
0.05626
0.88259
0.49849
0.07669
0.75896
0.87439
0.14186
0.94880
0.17293
0.94576
0.87809
0.51198
0.29544
0.40579
0.03381
0.83126
0.80788
0.70870
0.33422
0.54524
0.52742
0.47896
0.22615
0.22907
0.03722
0.22394
0.19109
0.59769
0.61377
0.19027
0.02077
0.06331
0.39276
0.12221
0.40024
0.24877
0.56447
0.25707
0.96684
0.19168
0.49671
0.60613
0.68902
0.15522
0.55540
0.41879
0.85403
0.88656
0.39449
0.39868
0.58122
0.87576
0.47031
0.82271
0.81478
0.43688
0.42634
0.72042
0.84001
0.71966
0.33588
0.48789
0.33996
0.29463
0.14955
0.24401
0.01245
0.00557
0.50872
0.59710
0.68565
0.88559
0.24795
0.13671
0.11036
0.18130
0.70564
0.74299
0.46876
0.00826
0.89910
0.80066
0.81619
0.61949
0.09204
0.90368
0.81122
0.37970
0.11920
0.15586
0.88348
0.22265
0.22786
0.37595
0.43744
0.22935
0.55130
0.20142
0.30141
0.64546
0.79440
0.50625
0.58042
0.83885
0.10951
0.40856
0.10207
0.87332
0.26760
0.42573
0.08688
0.54153
0.12495
0.26807
0.63794
0.79782
0.18314
0.24799
0.15588
0.30440
0.72899
0.59239
0.50622
0.92000
0.60427
0.35709
0.79422
0.36148
0.22088
0.78810
0.55689
0.11193
0.78353
0.78124
0.42645
0.31212
0.70042
0.90789
0.33098
0.87618
0.21858
0.63189
0.78983
0.53572
0.89112
0.30948
0.08279
0.59185
0.45797
0.88312
0.50445
0.14621
0.49980
0.87577
0.04892
0.16625
0.94904
0.55632
0.79354
0.73153
0.94463
0.91620
0.71048
0.09562
0.16313
0.67760
0.03134
0.21936
0.85853
0.22040
0.89752
0.62952
0.48337
0.54851
0.86895
0.45757
0.21502
0.62785
0.72811
0.91745
0.19216
0.84620
0.19144
0.87080
0.43336
0.41066
0.62455
0.31835
0.46669
0.16348
0.21964
0.86777
0.52691
0.67083
0.69447
0.91060
0.81098
0.93674
0.61038
0.30558
0.93331
0.82216
0.76551
0.16227
0.36756
0.90853
0.92407
0.89000
0.71544
0.79581
0.06245
0.51433
0.04216
0.88577
0.82438
0.88979
0.95664
0.98537
0.19938
0.63718
0.67467
0.44874
0.62897
0.45687
0.29665
0.00237
0.82686
0.79336
0.64288
0.91505
0.46174
0.65086
0.95812
0.12398
0.81590
0.33517
0.15470
0.44364
0.24333
0.57325
0.65539
0.94767
0.94267
0.46960
0.54079
0.86893
0.34893
0.02949
0.15408
0.02157
0.91938
0.90037
0.58619
0.01277
0.37522
0.31620
0.52753
0.43746
0.68032
0.63715
0.73440
0.46564
0.74230
0.24127
0.46398
0.72552
0.14277
0.34514
0.25100
0.54765
0.28783
0.98958
0.45364
0.13627
0.14059
0.37312
0.86852
0.62412
0.24465
0.78925
0.75320
0.23926
0.42846
0.94064
0.18469
0.19039
0.59176
0.41458
0.40239
0.29660
0.95778
0.32402
0.47206
0.27281
0.96936
0.44299
0.03196
0.11366
0.25970
0.53228
0.69824
0.53175
0.83155
0.91784
0.19527
0.83710
0.72101
0.07359
0.11531
0.84068
0.83311
0.94366
0.49397
0.95480
0.08870
0.79369
0.73504
0.94733
0.18381
0.90278
0.43010
0.48969
0.12834
0.38114
0.16330
0.21717
0.94938
0.69528
0.87203
0.41668
0.86495
0.34210
0.49897
0.91905
0.82071
0.62389
0.17174
0.12519
0.93351
0.59862
0.40310
0.52090
0.83249
0.19461
0.99902
0.67973
0.92461
0.48299
0.72685
0.29702
0.41140
0.63312
0.40724
0.84200
0.14404
0.32097
0.09100
0.61990
0.43143
0.29674
0.81959
0.04741
0.45530
0.51938
0.00723
0.88675
0.97106
0.83878
0.43234
0.62897
0.58048
0.96535
0.15165
0.13851
0.89116
0.63677
0.54215
0.14685
0.80869
0.89997
0.16082
0.60476
0.71611
0.07662
0.74282
0.33046
0.63931
0.63503
0.82687
0.51254
0.57413
0.40736
0.14733
0.91126
0.44119
0.46400
0.15502
0.20834
0.68948
0.65422
0.36658
0.33664
0.26750
0.85458
0.26233
0.72498
0.27836
0.29708
0.69059
0.72137
0.08753
0.03558
0.32597
0.61894
0.25288
0.27023
0.53264
0.85424
0.67897
0.00777
0.63047
0.06919
0.89834
0.47327
0.10502
0.86459
0.96528
0.17810
0.28482
0.15946
0.70366
0.35728
0.20399
0.27657
0.46373
0.33044
0.78453
0.35093
0.10332
0.57786
0.87146
0.46352
0.38639
0.82568
0.48472
0.98878
0.66749
0.23300
0.14737
0.70690
0.59930
0.74491
0.21479
0.62194
0.40227
0.53139
0.96385
0.07574
0.77238
0.74099
0.21229
0.81487
0.10761
0.81530
0.45466
0.23077
0.79049
0.53935
0.41820
0.79826
0.25847
0.15766
0.48599
0.56040
0.51051
0.03440
0.40901
0.45018
0.72162
0.89614
0.78602
0.69850
0.00919
0.51095
0.67315
0.02387
0.02061
0.12004
0.64885
0.68249
0.03907
0.20910
0.37237
0.18726
0.38435
0.86972
0.53994
0.93312
0.66506
0.86456
0.37208
0.10097
0.77681
0.99159
0.73362
0.33129
0.79460
0.64726
0.05370
0.79443
0.50326
0.43312
0.27802
0.11838
0.54475
0.80916
0.70822
0.26911
0.44324
0.07692
0.08570
0.44031
0.07157
0.24205
0.83503
0.79215
0.72924
0.29324
0.06592
0.96020
0.60342
0.02640
0.38469
0.72112
