0.65339
0.28436
0.01678
0.94529
0.87310
0.03158
0.08130
0.81480
0.02294
0.90276
0.44237
0.87437
0.40893
0.63734
0.81385
0.38183
0.92692
0.57947
0.46142
0.10048
0.01611
0.33526
0.55692
0.84375
0.16710
0.74275
0.23812
0.24604
0.69718
0.69302
0.75088
0.54080
0.64298
0.47727
0.12640
0.30636
0.67656
0.57139
0.09220
0.27682
0.72522
0.36597
0.70565
0.20423
0.25701
0.01480
0.34424
0.72982
0.30059
0.62300
0.04919
0.54282
0.32755
0.62419
0.13268
0.04511
0.35692
0.96048
0.27238
0.06079
0.00985
0.89178
0.35038
0.84772
0.40278
0.60100
0.63558
0.43819
0.63616
0.72307
0.53551
0.35996
0.14648
0.05824
0.36783
0.65572
0.81181
0.84846
0.82786
0.02530
0.89720
0.49509
0.54601
0.61183
0.52057
0.40432
0.96898
0.20375
0.31512
0.34938
0.87330
0.44771
0.23588
0.41493
0.64118
0.07382
0.43193
0.76063
0.22720
0.39535
0.58089
0.06986
0.55061
0.42912
0.00217
0.46275
0.34127
0.31583
0.84565
0.78849
0.52503
0.01838
0.31128
0.75201
0.50832
0.65903
0.73994
0.81477
0.35951
0.24382
0.01764
0.89071
0.98142
0.15823
0.36478
0.10464
0.19737
0.25504
0.57393
0.31981
0.49785
0.26415
0.75570
0.64229
0.94774
0.83466
0.09847
0.03815
0.71163
0.60179
0.53797
0.49398
0.08239
0.33150
0.72762
0.62616
0.07008
0.10856
0.38535
0.20297
0.85161
0.68413
0.15995
0.64171
0.96309
0.21617
0.60466
0.86613
0.93009
0.62457
0.67798
0.56274
0.06532
0.20758
0.33974
0.96540
0.51208
0.68061
0.03190
0.27570
0.65935
0.07391
0.07539
0.35837
0.02359
0.96565
0.03441
0.92364
0.66581
0.34864
0.06579
0.80402
0.35367
0.40497
0.25035
0.06251
0.31106
0.15966
0.40810
0.44503
0.33152
0.28242
0.96149
0.72957
0.39985
0.76655
0.36802
0.93506
0.38817
0.46174
0.96947
0.58845
0.30415
0.15000
0.65278
0.77033
0.13485
0.05959
0.79563
0.28539
0.01080
0.53429
0.57884
0.37790
0.68321
0.81120
0.97683
0.74336
0.97289
0.90687
0.56648
0.71403
0.21356
0.47287
0.06799
0.37557
0.49377
0.41334
0.80788
0.07695
0.77057
0.78101
0.50459
0.13009
0.37643
0.36532
0.71607
0.34046
0.36771
0.66018
0.97611
0.87942
0.03660
0.32759
0.90094
0.05808
0.82379
0.28789
0.02200
0.10267
0.65003
0.89281
0.83327
0.44412
0.99075
0.25176
0.16618
0.41808
0.53630
0.70025
0.70383
0.37186
0.72230
0.70043
0.67236
0.11451
0.30502
0.34423
0.55424
0.18365
0.98041
0.54745
0.95816
0.87644
0.93377
0.16335
0.23708
0.67733
0.74613
0.16545
0.02427
0.76121
0.99939
0.60794
0.94908
0.66412
0.92356
0.83955
0.74733
0.57693
0.33544
0.13655
0.65831
0.84079
0.17544
0.17373
0.71822
0.20162
0.04655
0.73175
0.03863
0.62208
0.71146
0.51042
0.81815
0.92743
0.87766
0.61672
0.70062
0.29139
0.09423
0.88705
0.21661
0.21928
0.96961
0.03660
0.34599
0.01880
0.09408
0.52220
0.92597
0.18022
0.82089
0.66938
0.67738
0.45581
0.89510
0.26272
0.91295
0.40260
0.54849
0.44712
0.54911
0.27033
0.95548
0.46458
0.07925
0.98983
0.09368
0.55970
0.32468
0.77545
0.08505
0.61012
0.68561
0.90560
0.95137
0.12452
0.81870
0.82849
0.36892
0.58354
0.27646
0.61436
0.95697
0.18879
0.10793
0.13108
0.89004
0.75912
0.49568
0.98192
0.60364
0.06874
0.76894
0.48038
0.81030
0.80390
0.94692
0.45458
0.72056
0.75122
0.68374
0.18247
0.64028
0.78906
0.87255
0.55062
0.63034
0.03104
0.47215
0.05979
0.09386
0.66195
0.45406
0.14219
0.51112
0.12937
0.22539
0.07967
0.89517
0.80042
0.78574
0.38340
0.33413
0.19296
0.56025
0.17695
0.37513
0.59456
0.27774
0.73355
0.89571
0.14930
0.25802
0.80974
0.24218
0.15244
0.04799
0.95947
0.61245
0.02451
0.62974
0.31321
0.75282
0.76052
0.91961
0.51739
0.16384
0.15236
0.18315
0.81598
0.74896
0.88627
0.92348
0.39804
0.34746
0.49264
0.23568
0.11983
0.57929
0.98844
0.32926
0.45015
0.13723
0.25838
0.25355
0.62838
0.07845
0.72127
0.21794
0.80651
0.88178
0.44658
0.88667
0.41952
0.36532
0.91269
0.72841
0.52313
0.20298
0.19865
0.56858
0.09920
0.37771
0.42939
0.65075
0.48541
0.08938
0.45385
0.97821
0.49301
0.83993
0.46954
0.24486
0.81069
0.10592
0.70696
0.50030
0.72418
0.02626
0.88703
0.09240
0.09832
0.98678
0.92492
0.27659
0.74552
0.38884
0.20100
0.23227
0.11806
0.23857
0.66010
0.03458
0.99550
0.32905
0.00094
0.06483
0.94970
0.07295
0.38016
0.82784
0.82229
0.27714
0.97282
0.22316
0.34062
0.52998
0.83793
0.12258
0.48901
0.38869
0.21162
0.82893
0.71568
0.01864
0.98478
0.65567
0.01894
0.74134
0.81748
0.12091
0.01363
0.42330
0.88561
0.58517
0.72658
0.29680
0.02214
0.92982
0.67035
0.25062
0.68301
0.51649
0.21976
0.34791
0.73389
0.86729
0.50316
0.93422
0.24445
0.45976
0.27682
0.76341
0.78351
0.54165
0.97170
0.83956
0.83433
0.59299
0.94469
0.37519
0.82210
0.59489
0.67063
0.80897
0.32846
0.57287
0.67930
0.66586
0.37976
0.55468
0.98986
0.84586
0.12563
0.75758
0.93695
0.95398
0.71598
0.39224
0.52842
0.33645
0.62397
0.23846
0.80553
0.60865
0.21586
0.25242
0.81614
0.38114
0.18266
0.86134
0.70060
0.95699
0.03104
0.56433
0.91575
0.65742
0.68946
0.98045
0.37464
0.23324
0.57979
0.92035
0.33632
0.50988
0.15500
0.94638
0.63314
0.16950
0.70345
0.14929
0.28096
0.57168
0.95318
0.13497
0.10582
0.29327
0.27388
0.98602
0.39269
0.05154
0.27548
0.42019
0.37611
0.40125
0.36089
0.68034
0.07111
0.77721
0.48260
0.01932
0.96278
0.72514
0.77479
0.56498
0.17185
0.44841
0.53976
0.64767
0.53183
0.75081
0.80212
0.86637
0.99070
0.65464
0.58293
0.89723
0.28802
0.22090
0.11860
0.17569
0.47583
0.48999
0.60786
0.93074
0.98114
0.14693
0.09245
0.32872
0.35830
0.17004
0.74179
0.35220
0.16984
0.97048
0.38735
0.11054
0.13063
0.90455
0.74793
0.78731
0.98730
0.96736
0.62413
0.68259
0.12537
0.59496
0.43778
0.20992
0.59694
0.56507
0.96868
0.96899
0.74358
0.52158
0.42668
0.62942
0.55488
0.96700
0.75876
0.08490
0.34161
0.97609
0.37508
0.12700
0.03212
0.86817
0.61126
0.62803
0.74515
0.01898
0.54351
0.74260
0.68493
0.58898
0.12047
0.47211
0.70736
0.86009
0.44141
0.68013
0.43641
0.38899
0.34457
0.48743
0.84633
0.14910
0.44492
0.79887
0.26027
0.45546
0.90379
0.28387
0.09181
0.46865
0.60348
0.34072
0.07986
0.64780
0.22794
0.85091
0.30573
0.91594
0.10139
0.75599
0.84486
0.38802
0.41764
0.48758
0.00452
0.57085
0.69022
0.36195
0.14319
0.08870
0.72240
0.27793
0.57099
0.03755
0.36538
0.46627
0.31665
0.96490
0.74171
0.53332
0.06535
0.58439
0.89888
0.35066
0.38683
0.32959
0.20431
0.40770
0.60848
0.50381
0.47176
0.32325
0.06778
0.10280
0.01598
0.32123
0.44329
0.51786
0.61343
0.60606
0.53154
0.81235
0.19758
0.79102
0.71755
0.52945
0.83379
0.26233
0.90749
0.77281
0.97566
0.23469
0.92323
0.23852
0.79882
0.37701
0.80743
0.58616
0.79271
0.93689
0.38018
0.27459
0.43751
0.17936
0.49447
0.84098
0.88672
0.14658
0.99190
0.92095
0.29961
0.16479
0.60782
0.91475
0.47467
0.41842
0.12929
0.06468
0.97726
0.54867
0.62305
0.51139
0.98162
0.47055
0.83653
0.65523
0.61527
0.25777
0.50092
0.58538
0.74498
0.39577
0.62351
0.59385
0.36593
0.39616
0.38783
0.47940
0.21608
0.02642
0.33204
0.93987
0.89009
0.60905
0.91725
0.44419
0.84720
0.15141
0.06746
0.28687
0.13395
0.22494
0.94232
0.57131
0.08709
0.22740
0.56822
0.23168
0.59171
0.40502
0.67754
0.78067
0.13104
0.37096
0.04673
0.68912
0.50831
0.27226
0.70142
0.87904
0.62553
0.31042
0.02109
0.46217
0.63620
0.84955
0.93791
0.75763
0.80924
0.21130
0.79680
0.03837
0.31923
0.84877
0.98728
0.03524
0.15764
0.98660
0.79757
0.23336
0.22073
0.91242
0.34631
0.68884
0.32203
0.08409
0.93834
0.80966
0.22675
0.43695
0.82440
0.63786
0.84338
0.94118
0.72598
0.36952
0.85804
0.02685
0.85086
0.24706
0.09423
0.69553
0.00268
0.80383
0.87967
0.07643
0.26156
0.25346
0.98600
0.96361
0.42143
0.96651
0.26136
0.43902
0.41187
0.24174
0.51620
0.10723
0.06036
0.08992
0.19043
0.76243
0.26578
0.03134
0.58130
0.91157
0.27403
0.83780
0.00230
0.92588
0.97440
0.19962
0.05876
0.26408
0.13708
0.35553
0.73987
0.98737
0.03579
0.38251
0.13758
0.54653
0.11989
0.79310
0.00938
0.44342
0.88175
0.77476
0.05224
0.81506
0.11760
0.53260
0.15817
0.01588
0.21160
0.55361
0.22954
0.53412
0.39544
0.59548
0.61341
0.47524
0.83000
0.54896
0.54387
0.12875
0.41867
0.61410
0.11890
0.88090
0.87787
0.82816
0.56161
0.97575
0.36322
0.19228
0.95630
0.88413
0.90508
0.96622
0.09903
0.16564
0.92549
0.82680
0.35967
0.78128
0.47127
0.32167
0.75591
0.90270
0.69521
0.11457
0.84439
0.60440
0.13001
0.03761
0.02856
0.50863
0.60248
0.19870
0.53284
0.48427
0.08653
0.76649
0.96627
0.09983
0.55255
0.26995
0.56334
0.22725
0.22841
0.19730
0.37335
0.25847
0.23559
0.62084
0.07308
0.17696
0.29871
0.34379
0.26629
0.68526
0.36516
0.55733
0.60813
0.24709
0.07886
0.08710
0.17294
0.53277
0.34395
0.06854
0.66836
0.72734
0.65422
0.68577
0.52466
0.06849
0.45680
0.89521
0.60101
0.11164
0.28639
0.35524
0.22078
0.81844
0.00626
0.16981
0.94200
0.89178
0.98931
0.13522
0.71616
0.64117
0.97875
0.82868
0.02090
0.88832
0.21641
0.84710
0.02899
0.98799
0.79750
0.11162
0.78277
0.72508
0.84896
0.96768
0.97934
0.00605
0.49331
0.17041
0.39555
0.13207
0.45360
0.24152
0.59382
0.47445
0.89015
0.74243
0.99485
0.43187
0.45969
0.97168
0.61762
0.77225
0.70262
0.23505
0.44054
0.00847
0.39705
0.48379
0.27618
0.74115
0.18472
0.78043
0.65952
0.95292
0.69343
0.80648
0.71147
0.54618
0.83043
0.65017
0.37451
0.75886
0.36064
0.66405
0.42912
0.03102
0.37899
0.57867
0.39133
0.83214
0.57580
0.24751
0.32755
0.50253
0.66868
0.97225
0.81969
0.51701
0.21643
0.46776
0.93363
0.14785
0.58547
0.34306
0.92624
0.61697
0.52523
0.91648
0.13778
0.52034
0.27219
0.33772
0.58748
0.03399
0.67043
0.26637
0.51434
0.43072
0.63212
0.18123
0.84474
0.20960
0.57449
0.06123
0.34613
0.88351
0.81313
0.71740
0.78940
0.17052
0.29544
0.74431
0.54541
0.21946
0.50678
0.39795
0.99370
0.13391
0.92094
0.80847
0.66527
0.95154
0.12171
0.15189
0.30603
0.64507
0.69424
0.33600
0.07739
0.02745
0.79152
0.77058
0.60281
0.63454
0.01748
0.75947
0.68836
0.38325
0.05347
0.10316
0.46538
0.23526
0.61983
0.58068
0.07266
0.35349
0.79613
0.35993
0.97027
0.07000
0.60418
0.47573
0.71725
0.96860
0.36218
0.51160
0.25059
0.96922
0.75762
0.69973
0.35113
0.44856
0.11955
0.24472
0.36190
0.64472
0.70260
0.71640
0.58140
0.39507
0.50648
0.79204
0.87243
0.51995
0.81586
0.76109
0.00430
0.38429
0.17699
0.77718
0.71917
0.68559
0.92368
0.34746
0.41963
0.07880
0.79941
0.55217
0.16432
0.82965
0.10856
0.25466
0.44891
0.64160
0.12794
0.72496
0.01303
0.09756
0.41159
0.80433
0.99635
0.27639
0.95501
0.07360
0.91760
0.32266
0.03361
0.78379
0.23985
0.23101
0.75581
0.54151
0.34153
0.21418
0.66195
0.34843
0.66110
0.33706
0.60447
0.89721
0.15523
0.18567
0.17681
0.85299
0.03614
0.23397
0.97757
0.49866
0.97905
0.32960
0.98064
0.34287
0.42427
0.47772
0.55514
0.49099
0.57331
0.34285
0.17145
0.58700
0.59041
0.22337
0.67600
0.81014
0.83235
0.35676
0.73390
0.63037
0.26606
0.09583
0.36146
0.15615
0.29954
0.19421
0.32381
0.17974
0.77821
0.88917
0.93191
0.62749
0.85796
0.92755
0.99259
0.49521
0.96171
0.14171
0.07836
0.78532
0.51418
0.15932
0.90317
0.41013
0.64729
0.58880
0.43915
0.56295
0.61831
0.81544
0.18205
0.98134
0.69777
0.49723
0.20719
0.89439
0.74671
0.24068
0.72216
0.13237
0.95986
0.32339
0.07256
0.29594
0.60111
0.83909
0.64746
0.62923
0.33066
0.51229
0.71331
0.91177
0.70092
0.80672
0.60966
0.38730
0.75613
0.42421
0.41253
0.66026
0.70989
0.35193
0.57731
0.18825
0.23933
0.76653
0.12349
0.04447
0.78865
0.36742
0.95155
0.25323
0.32874
0.61535
0.58087
0.15193
0.06190
0.13847
0.62059
0.80111
0.75067
0.18842
0.76851
0.27137
0.60232
0.81007
0.95725
0.22385
0.53503
0.59766
0.04512
0.37454
0.96852
0.92738
0.99800
0.88209
0.84747
0.01469
0.67578
0.98683
0.35111
0.45750
0.74211
0.45924
0.06245
0.00796
0.21054
0.20959
0.39909
0.24791
0.54723
0.15468
0.44780
0.07925
0.68031
0.62182
0.90445
0.17947
0.78375
0.72205
0.64637
0.18256
0.11326
0.89329
0.22774
0.18207
0.49578
0.92807
0.74965
0.85596
0.90577
0.63268
0.71293
0.12908
0.67958
0.72863
0.18470
0.97845
0.89992
0.73964
0.20777
0.96733
0.23071
0.98913
0.58281
0.44043
0.98063
0.97465
0.18150
0.82294
0.43895
0.43281
0.53887
0.71774
0.57275
0.25042
0.81676
0.85641
0.51467
0.22561
0.82841
0.12804
0.44333
0.40293
0.02073
0.96014
0.76697
0.66387
0.11982
0.65472
0.38224
0.24369
0.54336
0.29794
0.96213
0.39192
0.05297
0.38477
0.37481
0.84567
0.29063
0.30417
0.03874
0.13347
0.72677
0.02893
0.97205
0.37121
0.99861
0.89652
0.56505
0.57417
0.55567
0.54569
0.40922
0.21851
0.51621
0.35219
0.40849
0.78134
0.36127
0.09668
0.65950
0.19473
0.22184
0.30060
0.45391
0.80448
0.20101
0.99193
0.49031
0.83337
0.77005
0.28412
0.47716
0.79779
0.33110
0.06040
0.95967
0.96277
0.74097
0.58777
0.52202
0.07907
0.26789
0.83698
0.16262
0.74181
0.01951
0.72030
0.23075
0.85747
0.95664
0.26287
0.36386
0.33032
0.12289
0.37915
0.01905
0.70138
0.74617
0.24193
0.04573
0.56729
0.79299
0.88914
0.02355
0.91877
0.82752
0.77681
0.34344
0.24390
0.09734
0.85283
0.51705
0.32057
0.89941
0.80984
0.27009
0.01677
0.91823
0.74227
0.01274
0.51022
0.28459
0.75435
0.02022
0.81800
0.06218
0.11254
0.15807
0.08256
0.31103
0.91720
0.67740
0.74656
0.00619
0.41350
0.75329
0.59288
0.43121
0.50636
0.07006
0.09903
0.59104
0.68418
0.90260
0.15339
0.54928
0.13160
0.46661
0.98002
0.50462
0.81543
0.69264
0.63992
0.00455
0.94886
0.18268
0.54972
0.66482
0.16205
0.40799
0.93492
0.40400
0.07443
0.69819
0.24807
0.44698
0.88634
0.34136
0.09986
0.05940
0.02233
0.73005
0.69290
0.34768
0.24313
0.12838
0.51539
0.33058
0.64632
0.76894
0.91259
0.15293
0.52192
0.35164
0.78435
0.93470
0.35639
0.77655
0.69736
0.59490
0.96253
0.60674
0.81584
0.03650
0.56563
0.95447
0.69387
0.43924
0.60140
0.25689
0.55593
0.56498
0.90155
0.59401
0.65556
0.36037
0.23037
0.75246
0.33139
0.91023
0.27369
0.51096
0.75765
0.93568
0.01960
0.90609
0.24030
0.97536
0.47892
0.85706
0.22457
0.79999
0.80972
0.21659
0.22315
0.35526
0.15254
0.22087
0.04417
0.23600
0.79495
0.93411
0.50281
0.61268
0.79883
0.88927
0.71130
0.84704
0.53315
0.82292
0.42614
0.26308
0.18018
0.99171
0.04846
0.60463
0.03307
0.84151
0.49112
0.14157
0.04708
0.53305
0.80379
0.07338
0.22920
0.48907
0.16851
0.34386
0.07056
0.07825
0.57635
0.82320
0.84533
0.18625
0.95877
0.19038
0.42712
0.23511
0.26585
0.43018
0.06386
0.29674
0.02290
0.89132
0.32497
0.40957
0.02949
0.99887
0.02201
0.44935
0.34863
0.72688
0.53621
0.04935
0.59444
0.14911
0.56211
0.16576
0.25171
0.15048
0.02719
0.53289
0.84273
0.10746
0.48493
0.55397
0.64343
0.17132
0.48626
0.87812
0.91471
0.21536
0.20482
0.45473
0.80011
0.77335
0.85843
0.52988
0.90169
0.11215
0.37523
0.14997
0.51868
0.69160
0.92965
0.73394
0.73978
0.10038
0.35169
0.80918
0.31013
0.46303
0.50839
0.99004
0.35793
0.82400
0.66620
0.56337
0.96520
0.61080
0.63903
0.69524
0.11721
0.02160
0.46541
0.77690
0.36623
0.87118
0.07456
0.53792
0.02534
0.66420
0.22751
0.73054
0.66830
0.25931
0.65802
0.06501
0.21713
0.42999
0.48449
0.52064
0.34896
0.70180
0.36999
0.80679
0.40894
0.98183
0.04185
0.95465
0.59483
0.24899
0.85359
0.11646
0.70356
0.67009
0.44537
0.63400
0.92992
0.57049
0.72042
0.01570
0.13133
0.37951
0.34772
0.28579
0.62750
0.90708
0.34933
0.69569
0.97517
0.65387
0.98900
0.17923
0.10465
0.58925
0.38889
0.15240
0.06129
0.70497
0.44578
0.51226
0.92326
0.99172
0.42529
0.62926
0.45867
0.33511
0.36755
0.37970
0.46318
0.72124
0.14788
0.92147
0.09711
0.65893
0.80528
0.13398
0.68580
0.37100
0.82676
0.08627
0.42617
0.95162
0.05782
0.08890
0.06241
0.51283
0.80315
0.04447
0.27563
0.02298
0.82610
0.30988
0.90442
0.79163
0.76252
0.22365
0.99300
0.96745
0.68878
0.68018
0.93752
0.19696
0.84968
0.59129
0.04332
0.66358
0.35592
0.93082
0.85824
0.73704
0.69624
0.68461
0.90650
0.97027
0.94354
0.55300
0.25115
0.83628
0.91478
0.12667
0.82010
0.67384
0.79877
0.51051
0.56069
0.36896
0.52594
0.40040
0.56394
0.96521
0.25922
0.75480
0.81570
0.77662
0.64127
0.61925
0.54398
0.76052
0.14470
0.30729
0.02274
0.07274
0.38014
0.07921
0.29689
0.72268
0.17239
0.90954
0.69798
0.30436
0.49747
0.27740
0.51197
0.14368
0.09005
0.31123
0.51149
0.53461
0.01515
0.94878
0.04554
0.24906
0.47976
0.76305
0.69304
0.61169
0.96165
0.53760
0.49889
0.25930
0.22429
0.60552
0.59371
0.98923
0.75633
0.32775
0.91686
0.52191
0.63135
0.79338
0.00179
0.04834
0.10290
0.91129
0.86002
0.88248
0.33161
0.47342
0.04771
0.67491
0.70561
0.26803
0.71166
0.47062
0.80784
0.64711
0.08519
0.13342
0.52287
0.39404
0.86077
0.99971
0.49160
0.30303
0.46999
0.69571
0.06296
0.61527
0.31963
0.05203
0.22666
0.75001
0.24485
0.71628
0.80686
0.49086
0.68092
0.48426
0.94677
0.72174
0.27817
0.15134
0.92696
0.26768
0.83254
0.82737
0.37588
0.89632
0.38386
0.89583
0.01711
0.55640
0.26755
0.57509
0.30966
0.89574
0.68325
0.47877
0.00370
0.72404
0.12012
0.75239
0.73006
0.00071
0.70175
0.77733
