0.10145 0.31866 0.95471
0.46458 0.50318 0.63274
0.38834 0.08151 1.04723
0.32041 0.60695 0.27892
0.49175 0.12644 0.87026
0.54170 0.51473 0.40130
0.38700 0.28933 0.16670
0.15545 0.15531 0.33862
0.04978 -0.09503 0.82063
0.30453 0.48551 0.94753
0.23695 -0.04838 0.27246
0.39506 -0.01533 0.56293
0.23738 0.14298 0.37733
0.32651 0.51259 0.82653
0.35509 -0.00183 1.06876
0.35460 -0.01607 0.53115
0.71978 1.02457 0.11616
0.54683 0.52559 0.30161
0.60013 0.02451 0.08939
0.44264 0.30911 0.49318
0.27298 0.57844 0.80864
0.50611 0.78042 0.86786
0.54127 0.54657 0.80096
0.64027 -0.07472 0.67539
0.41735 0.49443 0.46941
0.43675 0.65087 0.04833
0.22824 0.05280 0.30138
0.17413 0.03698 0.62297
0.52233 0.72665 0.77701
0.67249 0.58369 0.79167
0.48109 0.15687 0.47357
0.40762 0.30905 0.81608
0.18019 0.14345 0.60134
0.17918 0.14917 0.71687
0.25009 0.37251 0.79054
0.37360 0.19801 0.23350
0.23099 0.82345 1.01798
0.19686 -0.02785 0.15106
0.27125 0.68838 -0.01664
0.22979 0.27865 0.78118
0.58991 0.11272 0.48110
0.03466 0.18618 0.54137
0.59406 0.59645 0.46074
0.26737 0.44241 0.94243
0.44761 0.62200 0.59874
0.03675 0.04206 0.24836
0.28314 0.64139 0.86366
0.48890 0.83936 0.89447
0.32323 0.41300 0.02692
0.59106 0.02820 0.71448
0.41505 0.67245 0.86883
0.64446 0.45896 0.24125
0.19804 0.63478 0.12847
0.48307 0.03856 0.57128
0.56394 0.74678 0.45193
0.50369 0.42214 0.97020
0.41916 0.04515 1.10694
0.25364 -0.14115 0.34000
0.44660 0.07930 0.22781
0.50163 0.28108 0.41383
0.74213 0.52888 0.62683
0.31667 0.32361 0.86279
0.34507 0.81864 0.78490
0.50532 0.69359 0.39358
0.32831 0.10153 0.54311
0.02206 0.21323 0.69032
0.97275 -0.08674 0.91881
0.54623 0.33951 0.48378
0.33325 0.70488 0.93402
0.27453 0.43711 1.10513
0.15914 -0.01408 0.41026
0.16286 0.38021 0.59693
0.52664 0.02057 0.30574
0.10378 0.50385 0.97033
0.57215 0.55168 0.41979
0.41752 0.21762 0.55914
0.44637 0.09045 1.15311
0.27937 0.99558 0.95782
0.50650 0.05157 1.11017
0.49708 0.62730 -0.02697
0.70193 0.68012 0.51848
0.36532 0.24475 0.64117
0.43187 -0.14199 0.59283
0.43966 0.13433 0.90969
0.15384 0.35792 0.33454
0.15295 0.07252 0.23391
0.80465 0.04195 0.77031
0.49667 0.08831 0.57114
0.70964 0.59143 0.45169
0.41132 0.59344 0.98489
0.53481 0.37587 0.31910
0.12528 0.14256 0.32209
0.06234 -0.06767 0.36624
0.50280 0.53443 0.57896
0.58459 0.59362 0.51531
0.95674 0.80802 0.15513
0.28474 0.56974 -0.02057
0.19296 0.07393 0.85662
0.10039 0.17639 0.72777
0.27752 0.08471 0.78119
0.46926 0.52984 0.53754
1.01300 0.93894 0.33553
0.62750 0.98504 -0.10451
0.19576 0.22746 0.46115
0.34596 1.03304 0.88439
0.44689 0.58473 0.82500
0.66915 0.71416 0.37142
0.30021 0.09043 0.61825
0.75322 0.91294 0.43085
0.32614 0.13505 0.77805
0.47089 0.06906 0.40337
0.09997 0.06153 0.54663
0.40192 0.19825 0.88886
0.24876 -0.04793 0.73801
0.36748 0.15022 1.04082
0.85553 -0.03344 0.76737
0.29568 -0.13181 1.04957
0.52467 0.85838 0.86836
0.29567 -0.09647 0.56756
0.34071 0.27870 1.03671
0.48922 -0.07798 0.53561
0.86580 0.02743 0.86631
0.29635 0.50162 0.95477
0.57634 0.04403 0.29340
0.43907 0.54774 0.36166
0.95113 0.02875 0.81736
0.79511 -0.13329 0.18503
0.47923 0.37058 1.23573
0.46694 0.02805 0.56002
0.55367 0.39030 0.40981
0.34141 0.02237 0.52458
0.17198 0.32154 0.43726
0.19921 0.45910 0.98185
0.31262 0.71321 0.76622
0.51500 0.86832 0.83188
0.44452 0.81656 0.67194
0.45428 0.20781 0.70560
0.66922 0.86063 0.08295
0.61296 0.34389 0.47710
0.37624 0.00342 0.57952
0.90062 0.05453 0.73667
0.25443 -0.08869 0.76785
0.18602 0.00694 0.67000
0.23280 0.36493 0.85724
0.59903 0.41325 0.38071
0.33957 0.78897 0.91804
0.57791 0.36871 0.40696
0.06899 -0.00766 0.44487
0.10689 0.11267 0.12624
0.37237 -0.14417 0.86166
0.47018 0.90636 0.80529
0.44348 0.39904 1.07212
0.15244 0.17577 0.54279
0.27987 0.31711 0.95835
0.20750 0.12850 0.54440
0.46456 0.80988 0.76101
0.62733 0.48578 0.39305
0.76892 0.47398 0.44602
0.28819 0.19024 0.82107
0.28484 0.24379 0.87681
0.72452 0.96262 0.00828
0.46700 0.62836 0.46430
0.92628 0.13833 0.81131
0.25935 0.35853 0.97182
0.19665 0.28235 0.49041
0.00326 0.07652 0.50789
0.88253 0.04095 0.84298
0.47250 0.56401 0.50814
0.45530 0.56768 0.90486
0.79354 0.02217 0.29343
0.31431 0.28229 0.82868
0.38853 0.81687 0.95854
0.38834 0.65481 0.73995
0.25660 0.31824 0.47609
0.64433 0.32367 0.78569
0.23262 0.25517 1.08538
0.37663 0.77270 0.94774
0.48418 0.09336 0.31681
0.22990 0.10489 1.00800
0.14682 -0.04715 0.63872
0.32102 0.33522 1.01675
0.00714 0.17235 0.30708
0.62378 0.64340 0.78370
0.19437 0.19214 0.26710
0.77859 0.79431 0.15591
1.08993 0.95184 0.36281
0.73294 0.07199 0.89164
0.19486 0.40649 1.02395
0.41077 0.88071 0.80055
0.56040 1.12511 1.00407
0.32283 0.14186 1.09705
0.48795 0.68325 0.94093
0.10289 0.53504 0.77078
1.02699 1.01628 0.39209
0.01071 0.27384 0.35860
0.08186 0.30850 0.52392
0.38540 0.55903 0.18003
0.81093 0.11933 0.76374
0.35369 0.55253 0.06920
0.57608 0.67320 0.53434
0.59349 0.52590 0.93342
0.08439 0.16281 0.71986
0.25641 0.08043 0.29608
0.11210 0.21814 0.65125
0.27836 0.47809 0.75612
0.88281 0.10935 0.93047
0.04454 0.44374 0.80502
0.41569 0.40695 0.18490
0.42485 0.90071 0.90145
0.15475 0.28489 0.66758
0.53168 0.16144 1.03386
0.12098 0.20044 0.43717
0.40698 0.76162 0.92635
0.19829 0.34029 0.60923
0.35247 0.82276 0.68920
0.78198 -0.08511 0.84616
0.44423 0.58114 0.10072
0.74748 0.93534 0.95308
0.09865 -0.08154 0.30520
0.71977 0.94990 0.10137
0.39243 0.75934 1.01015
0.81491 0.03471 0.76366
0.07995 0.16286 0.58991
0.39601 0.37851 0.89445
0.22109 0.61704 1.06196
0.03626 0.07928 0.22378
0.61741 0.98904 0.01483
0.26214 0.46921 0.91877
0.60366 0.41559 0.75168
0.17690 0.00482 0.51551
0.22989 0.09365 0.87166
0.12286 0.11452 0.62706
0.20499 0.23858 0.53986
0.59179 0.33053 0.69686
0.31105 0.35039 0.60467
0.56912 0.83481 0.83037
0.35529 0.71434 0.82301
0.06107 0.01103 0.70872
-0.02381 0.10570 0.25676
0.64811 0.76812 0.87051
0.33527 0.57540 0.72112
0.90454 0.98250 0.29830
0.61363 0.06042 0.24156
0.67475 0.40317 0.47219
0.23700 0.08009 0.63845
0.25942 0.11345 0.60736
0.82353 0.23623 0.54246
0.40477 0.31165 0.49618
0.39876 0.94963 0.77605
0.18172 0.29021 0.45478
0.83946 0.90247 0.23996
0.05544 0.17003 0.58853
0.78999 0.93655 0.33654
0.17840 -0.12033 1.02476
0.38026 0.10863 0.89610
0.35320 0.46329 0.93932
0.80687 0.09427 0.81441
0.07399 -0.02308 0.42831
1.29914 0.78758 0.37462
0.51206 0.33587 0.60712
0.75498 0.08747 0.63200
0.35342 0.66044 0.90326
0.21101 0.17492 0.57322
0.21922 0.08298 0.94711
0.28471 0.53223 0.10943
0.43030 1.00211 0.65726
0.61289 0.58216 0.60427
0.42893 0.42515 1.09771
0.27549 0.68079 0.92135
0.20515 0.03295 0.66215
0.41436 0.88118 0.95601
0.42416 0.13139 0.99586
0.31304 0.62628 0.07443
0.18740 0.42223 0.93224
0.50606 0.82630 1.00404
0.29974 0.00503 0.96554
0.45310 0.42769 0.64344
0.15077 0.22623 0.62925
0.37231 0.17981 0.90212
0.48837 0.08086 0.62739
0.40720 0.59368 0.11969
0.08342 0.33646 1.03379
0.24608 0.45735 0.69514
0.93158 0.11345 0.77485
0.50405 0.52486 0.26218
0.51095 0.69216 1.03817
0.76843 1.12026 -0.07619
0.54588 0.39887 0.72615
0.99687 0.07928 0.74867
0.39260 0.20869 0.88434
0.37132 -0.01708 0.59037
0.41826 0.68243 -0.08868
0.23287 -0.11928 0.76964
0.94277 0.16609 0.82779
0.30939 0.59480 0.04311
1.01016 0.86760 0.33934
0.54233 0.33363 0.33271
0.34566 0.61973 0.86717
0.63311 0.15459 0.22475
0.33144 0.69598 0.79744
0.32542 0.43733 0.57204
0.53234 0.01521 0.12841
0.75470 0.88715 -0.06554
0.31164 0.08423 0.82483
0.40684 -0.02811 0.33918
0.94914 0.86964 0.21846
0.57080 0.95309 -0.14278
0.34821 0.53242 0.14038
0.63566 -0.03541 0.22879
0.56209 0.22882 0.23115
0.45548 0.73056 0.59692
0.53571 0.00043 0.13955
0.94347 0.69850 0.30159
0.06988 0.00506 0.28544
0.64277 0.87162 -0.07354
0.49627 0.73374 0.96199
0.17189 0.75682 0.76317
0.31261 0.17749 0.33018
0.26743 0.05294 0.97757
0.05979 0.09224 0.42695
0.11946 0.06637 0.46146
0.13879 0.08285 0.50773
0.79402 -0.19033 0.81929
0.22153 0.68294 0.84527
0.29148 0.01363 0.46811
1.13478 0.01767 0.73096
0.25334 -0.06222 0.43823
0.38774 0.14165 0.61612
0.26251 0.39840 0.87405
0.00973 0.05082 0.37288
0.92054 0.98437 0.20622
0.23162 0.15487 0.58252
0.26756 0.15699 0.50568
0.81865 0.71206 0.01285
0.33752 0.34295 0.81426
0.57433 -0.05112 0.54817
0.38957 0.29886 0.72641
0.58236 0.33970 0.63194
0.19491 0.30262 0.68724
0.38624 0.88512 0.76319
0.74248 1.05014 0.05400
0.14415 0.31738 0.44962
0.45967 0.84351 0.85738
0.64259 0.10697 0.17796
0.61862 0.21075 0.68202
0.43021 0.98004 0.91913
0.53955 0.94850 0.25740
0.31392 -0.11380 0.82742
0.67120 0.03814 0.31936
0.08731 0.26495 0.52126
1.06489 0.95530 0.15375
0.33694 0.33927 0.95472
0.71094 0.64186 0.58973
0.17314 0.31390 0.49728
0.46608 0.46596 0.26804
0.50905 0.45047 0.38868
0.84833 0.02594 0.44813
0.39440 -0.02125 0.51271
0.28931 0.27972 0.51141
0.40581 0.82401 0.95255
0.48130 0.72079 0.83727
0.99014 -0.02252 0.77629
0.69446 0.59286 0.32170
0.23370 0.30948 0.69324
0.11501 0.13317 0.49370
0.58163 0.67507 0.83079
1.12488 1.03621 0.24066
0.19575 0.35944 0.65065
0.33644 -0.07874 0.27828
0.36841 0.45363 0.70304
0.53669 0.34536 0.22258
0.50703 0.33402 0.61018
0.51438 0.75681 0.76932
0.09542 -0.03703 0.35926
0.66043 0.93071 0.08230
0.08272 0.02352 0.26559
0.08019 0.11782 0.89522
0.29541 -0.01136 0.50626
0.57196 0.97244 0.90831
0.29498 0.60323 0.91594
0.65534 0.10687 0.24551
0.23021 0.44630 0.56831
0.90385 0.85467 0.50084
0.73885 0.35283 0.50540
0.16309 0.12768 0.58434
0.40115 0.71505 0.80635
0.35799 0.19411 0.67396
0.52291 0.57372 0.45787
0.17065 0.60131 0.95796
0.22136 -0.04940 0.46741
0.69513 0.70044 0.32341
0.69076 0.80190 1.03394
0.52621 0.36901 0.65016
0.12549 0.01372 0.53850
0.32254 0.13756 0.71172
0.04395 -0.05934 0.38647
1.10086 1.13623 0.32249
0.18213 0.32530 0.57193
0.23398 0.38088 0.47134
0.52493 0.34702 0.93199
0.92313 0.06854 0.91392
0.31741 0.26556 0.82259
0.09450 0.20464 0.39140
0.30943 0.52709 0.21033
0.30571 0.14126 1.12761
0.10537 -0.01354 0.78779
0.99492 0.84556 0.16892
0.15578 0.00038 0.47832
0.02708 -0.00711 0.27090
0.62438 0.89116 -0.07270
0.52316 0.33757 0.44135
0.28401 0.40619 1.00241
0.25889 0.01796 0.44311
0.47436 0.13318 0.74910
0.34861 0.17615 0.56226
0.42293 0.74368 0.97558
0.51087 0.54798 0.37811
0.21813 0.23632 0.81089
0.42971 0.59328 0.06357
0.45069 0.84845 0.93537
0.71099 0.92116 0.90291
0.86224 -0.01539 0.69448
0.39219 0.11902 0.74169
0.24042 0.27606 0.60698
0.86194 0.19154 0.78382
0.41292 0.95289 0.79778
0.68040 0.57493 0.80161
0.42852 0.72346 0.12609
0.46375 0.71691 0.84572
0.42259 0.15289 1.09983
0.36806 0.33323 0.23786
0.31915 0.54085 0.10042
0.65554 1.08839 0.17515
0.62322 0.92340 0.03346
0.51132 0.13966 0.19194
0.28891 0.66537 0.87791
0.09617 -0.01331 0.85420
0.69407 0.98625 -0.07916
0.82033 0.05883 0.65702
0.62565 0.88935 0.89424
0.36790 0.66525 1.00348
0.29875 0.20425 0.97741
0.32024 0.03368 0.61561
0.22707 0.02832 0.67627
0.75601 0.62603 0.27816
0.17742 0.22496 0.80862
0.44605 0.93178 0.96412
0.87910 0.19742 0.66971
0.50065 0.74778 0.82898
0.43181 0.05257 0.23637
0.58623 0.03560 0.24176
0.22147 0.59873 -0.02332
0.43436 0.61652 -0.01507
0.08211 0.03845 0.18215
0.49742 0.05159 0.65683
0.27852 0.43773 0.90779
0.09215 -0.05186 0.44483
0.19851 0.07136 1.11186
0.26691 0.58532 0.77609
0.47755 0.43908 0.29172
0.64312 -0.06133 0.21484
0.42078 0.91080 0.90321
0.55955 0.95802 -0.01822
0.56835 0.81691 0.44615
0.93903 0.16777 0.83636
0.60121 0.08060 0.40655
0.40432 0.80934 1.04438
0.79731 0.56657 0.37840
-0.13785 0.07818 0.46011
0.37236 0.28013 0.71305
0.70731 0.99683 0.02573
0.48855 0.24178 0.28273
0.23258 0.56516 0.87950
0.50578 0.96634 1.00164
0.45551 0.22195 0.45503
0.66579 0.43377 0.85912
0.10883 0.60851 0.49814
0.01232 0.01734 0.53449
0.75574 0.61212 0.54487
0.13195 0.06015 0.38716
0.17066 -0.05848 0.65836
0.70311 0.75916 -0.01577
0.96509 1.14027 0.31600
0.74638 0.73969 0.51939
0.23554 0.04274 0.88211
0.26409 0.07396 0.48861
0.09001 0.14000 0.35696
0.21644 0.75928 0.72852
0.73404 0.26112 0.64426
0.82466 -0.01511 0.76274
0.14007 0.17567 0.31909
0.20277 0.02860 0.49984
0.38028 -0.04365 0.72669
0.53605 0.29920 0.79997
0.39460 0.00916 0.20856
0.16693 0.09400 0.95127
0.64062 -0.10068 0.59854
0.39123 0.11458 0.26359
0.24822 0.28203 0.49390
0.15904 0.09911 0.54493
0.04718 0.74129 0.95666
0.29970 0.47398 0.07925
0.56694 0.15163 0.81051
0.56526 0.48464 0.57630
0.57672 0.13802 0.19434
0.40270 0.68844 0.11982
0.78386 0.90849 0.05783
0.11820 0.09055 0.53370
0.09921 -0.07292 0.65312
0.09282 -0.07184 0.25902
0.65716 -0.16447 0.49917
1.07411 -0.08748 0.67067
0.94819 0.07342 0.78587
0.47949 0.11462 0.68824
0.17446 0.57037 1.11769
0.37094 0.57729 0.93002
0.51651 0.77440 0.73201
0.65159 0.87095 1.00820
1.13291 0.94166 0.29966
0.21392 0.06701 0.65352
0.51565 0.39967 0.45157
0.55842 0.57188 0.45880
0.48875 0.63002 0.50014
0.22479 -0.12176 0.55976
0.43497 0.58161 0.38605
0.64229 0.71311 0.35759
0.68311 0.21355 0.17927
0.16734 0.82176 0.83269
0.41908 0.68327 -0.01012
0.20225 0.44617 1.01102
0.53439 -0.08693 0.10378
0.02543 0.16597 0.56566
0.19072 0.53956 -0.12641
0.32936 0.26316 0.67398
0.31540 0.15353 0.33835
0.24399 0.07491 0.76348
0.22719 0.12288 0.63483
0.33530 0.78522 0.70091
0.30434 0.20743 0.72616
0.10255 0.09612 0.80973
0.47268 0.03612 0.45570
0.45342 0.49206 0.31932
0.27984 0.53010 0.99518
0.33149 0.12484 0.92753
0.69199 0.84584 0.99303
0.58815 0.33038 0.70346
0.57357 0.67921 0.48709
0.40762 0.77455 0.97534
0.60179 0.34354 0.56677
0.35316 -0.14449 0.69520
0.32699 0.11724 0.74828
0.43609 0.13314 0.15530
0.95102 0.83315 0.35027
1.02264 0.90223 0.31538
0.14213 -0.10660 0.93443
0.23420 0.47345 0.76049
0.10963 0.27730 0.60924
0.38433 0.26904 0.77012
0.28836 0.27680 0.59251
0.22754 0.40201 0.93781
0.53915 0.05319 0.52530
0.30306 0.22526 0.46958
0.28149 0.04976 0.90205
0.66084 0.31364 0.26862
0.55295 0.30441 0.23711
0.36385 0.39096 0.92575
0.58403 0.07724 0.10461
1.04573 0.89556 0.28185
0.31674 0.59905 0.97174
0.80713 0.22683 0.16911
0.93587 0.98720 0.32853
0.44279 0.05411 0.39133
0.37597 0.89895 0.93334
0.32012 0.20856 0.54015
0.78865 0.90261 -0.00640
0.19219 -0.03060 0.85015
0.42782 0.75152 0.98943
0.84145 0.05092 0.70976
0.97658 0.96968 0.20098
0.01746 0.26505 0.75798
0.11169 0.05385 0.65505
0.39941 0.73286 0.89360
0.53858 -0.14657 0.32095
0.36362 0.69962 0.92533
0.11929 0.36347 0.79721
1.00544 -0.01632 0.84924
0.21194 0.10886 0.42833
0.15620 0.37479 0.88379
0.34972 -0.18935 0.65031
0.20043 0.06251 0.89250
0.62682 0.92632 0.11492
0.14552 0.16227 0.82123
0.49360 0.07395 0.75380
0.37061 0.28035 1.05899
1.24341 0.82056 0.14514
0.24526 0.49022 1.00704
1.05302 0.07339 0.91102
0.57253 0.03115 0.67323
0.68537 0.43062 0.55373
0.10147 0.19652 0.45212
0.10272 0.19384 0.83237
0.41971 0.81789 0.87922
0.49874 0.82768 0.87769
0.40557 0.85208 0.94434
0.94731 0.92903 0.33666
0.30610 0.50929 1.02648
0.50332 0.68934 0.84813
0.15132 0.28504 0.50104
0.25239 0.44101 1.01532
0.24625 0.19369 0.81301
0.12828 0.32243 0.84655
0.41897 0.64007 0.90408
0.37308 0.11270 0.75772
0.85334 0.93324 0.33870
0.52834 0.38343 0.39829
0.62315 1.12029 0.75621
0.40707 0.72972 0.85307
0.33562 0.22874 0.52147
0.29326 0.28185 0.73057
0.82004 0.02435 0.67416
0.05124 0.27287 0.82244
0.70547 -0.03757 0.76254
0.88332 0.90460 0.40696
0.48516 0.05271 0.56741
0.45694 -0.04112 0.01224
0.56071 0.35209 0.75753
0.09760 -0.09335 0.74874
0.97696 0.81422 0.30145
0.82849 0.88652 0.38310
0.20869 0.73704 0.91516
0.68949 0.17336 0.58655
0.64005 0.71295 0.95274
0.71474 0.04626 0.70779
0.39163 0.10397 0.87886
0.57031 0.38831 0.66974
0.91771 0.24008 0.76543
0.60254 0.47819 0.83971
0.53416 0.29234 1.03293
0.57719 0.60523 0.95657
0.20340 0.20634 0.83953
0.17909 0.43846 0.68653
0.51916 0.00769 0.39369
0.39596 0.61556 0.87650
0.23929 0.77308 0.96628
0.54198 0.63066 0.82346
0.87271 -0.04434 0.77650
0.39885 0.10377 0.57819
0.72756 1.00654 0.04493
0.26928 0.15011 0.52007
0.30769 0.47083 -0.03046
0.14949 0.20046 0.44460
0.31495 -0.05876 0.66721
0.27065 0.11281 0.97975
0.68259 0.56911 0.41188
0.51436 1.00957 0.91966
0.36106 0.64994 0.99000
0.08367 0.46430 0.79414
0.90210 1.22318 0.20680
0.27093 0.14234 0.65736
0.36374 0.32334 0.71575
0.42274 0.44759 1.10534
0.36542 0.49743 0.79296
0.51073 0.65557 0.82567
0.23582 0.30416 0.72787
0.30938 -0.09130 0.40662
0.21090 0.41782 0.85336
0.08015 0.38404 0.64936
0.26336 0.17032 0.29722
0.21023 0.60562 0.92148
0.16888 -0.02984 0.74729
0.06512 0.11972 0.40107
0.46085 -0.11178 0.54615
0.65878 0.01250 0.38621
0.62189 0.76621 0.92143
0.23712 -0.13078 0.50349
0.38209 0.58156 0.07529
0.14599 -0.00734 0.63005
0.15875 0.06969 0.31699
0.13905 0.08387 0.75791
0.87939 0.54961 0.42271
0.27841 0.17247 0.42028
0.30611 0.29092 0.88266
0.47357 0.57771 1.03412
0.35203 0.44523 0.31435
0.29885 0.68641 0.94982
0.10493 0.03948 0.22667
0.34272 0.20271 1.21429
0.47427 0.50598 -0.27101
0.51526 0.57982 0.61874
0.61144 1.00456 0.03894
0.47876 0.56265 0.53795
0.37267 0.63796 0.17136
0.26361 0.51428 1.03213
0.26363 0.31338 0.91455
0.18495 -0.00318 0.64539
0.83955 0.78253 -0.15652
0.49688 0.74710 1.02211
0.55973 0.36884 0.25537
0.49640 0.02246 0.64832
0.62016 0.83621 0.92427
0.49453 0.28056 0.84108
0.44733 0.40799 0.60909
0.18174 0.03763 0.52062
0.17529 0.45368 1.06052
0.23337 0.93242 0.92487
0.32715 0.06541 1.04038
0.44909 0.59167 0.91711
0.25224 0.48362 0.80689
0.41215 0.29525 1.04484
0.20601 0.13207 0.99573
0.77069 0.48557 0.46996
1.02077 0.94899 0.28693
0.61151 0.71658 0.32012
0.16808 0.02608 0.88480
0.32312 0.21594 0.96799
0.40621 0.46378 0.88942
0.69254 0.88619 -0.09686
0.42732 0.72593 0.95365
0.32740 0.70666 0.06552
0.12601 -0.02686 0.53173
0.37179 0.36970 0.82485
0.21646 0.03375 0.77385
0.47851 0.73281 0.78604
0.44806 0.86449 0.86670
0.78765 0.64197 0.58525
0.52744 0.56246 0.71584
0.52658 0.71947 0.64992
0.38562 0.14476 1.12703
0.20311 0.12411 0.77343
0.32565 0.65932 -0.13563
1.04958 1.04367 0.30648
0.53546 0.92276 0.86495
0.59939 0.72647 0.98896
0.33816 0.19685 0.38002
0.53994 -0.05015 0.21670
0.29537 0.23120 0.66594
0.43487 0.26755 0.55446
1.02352 0.92990 0.26619
0.75349 1.06936 -0.04827
0.45512 0.09347 0.48160
0.49083 0.74302 0.88099
0.33982 0.19555 0.37426
0.22181 0.22179 1.04204
0.70924 0.95968 0.00178
0.16895 0.11124 0.74246
0.24516 0.39703 0.77775
0.54099 0.40409 0.81545
0.47836 0.87731 0.99143
0.67920 0.63526 0.80214
0.60006 0.86614 0.91986
0.03599 0.46992 0.30407
0.10522 0.83286 0.99338
0.31233 0.03738 0.53138
0.23349 0.62855 1.01008
0.58986 0.16180 1.02020
0.09141 0.10738 0.69058
0.63997 0.55942 0.36781
0.36638 0.06549 0.93372
0.12106 0.42874 -0.02868
0.22725 0.30322 0.71736
0.92640 -0.12592 0.73822
0.10873 -0.08512 0.55358
0.43740 0.96360 0.89114
0.27415 0.46136 0.95541
0.12394 0.01721 0.17429
0.34154 0.51958 1.04691
0.21351 -0.10556 0.11592
0.69937 0.45037 0.29255
0.87770 0.18166 0.91450
0.60382 0.03885 0.34544
0.28148 0.23684 0.78328
0.24638 0.51050 0.90098
0.36617 0.00684 0.76095
0.63764 0.65574 0.27434
0.21831 0.04284 1.11109
0.55756 0.99602 0.17897
0.52533 0.17181 0.94533
0.39275 0.55896 0.94707
0.63099 0.89344 0.10307
0.40709 0.49913 0.96288
0.79058 0.05087 0.66937
0.80467 0.88912 0.21872
0.19480 0.08419 0.56786
0.23727 0.12629 0.54317
0.53586 0.49919 0.56109
0.56356 0.07986 0.57687
0.74210 0.73680 0.14692
0.20444 0.33003 0.64959
0.23509 0.22812 0.46760
0.87819 0.56858 0.43473
0.22802 0.35974 0.83925
0.88411 0.92142 0.20441
0.54584 0.25337 0.73787
0.65571 0.03153 0.11839
0.28953 0.04634 0.86514
0.33205 0.41120 0.00972
0.82642 0.93968 -0.06518
0.37238 0.80312 0.49343
0.27815 0.09803 0.74115
0.25200 0.60079 0.87021
0.60703 0.56465 0.76882
0.49031 0.30773 1.11882
0.15097 0.05976 0.86316
0.28524 0.60120 0.20351
0.26562 0.72244 0.02527
0.50341 0.94739 0.87856
0.09705 0.22680 0.66746
0.34397 -0.00741 0.65289
0.36622 0.36263 0.60017
0.68416 0.97858 0.05748
0.76505 0.61253 0.35869
0.36433 0.42177 0.94360
0.15524 0.04943 0.64901
0.27044 -0.25733 0.77609
0.66459 -0.02558 0.29394
0.26550 -0.05396 0.75775
0.40604 -0.11493 0.48997
0.56603 0.37805 0.84207
0.22894 0.00060 0.37149
0.25164 0.38347 1.02234
0.25699 0.16873 0.52894
0.71240 0.85006 0.08806
0.52321 0.42484 0.78851
0.49801 0.93882 0.96147
0.19913 0.01518 0.69179
1.00059 0.77398 0.29911
0.39737 0.33304 0.01451
0.18256 -0.00931 0.55952
0.15649 0.02558 0.76058
0.41905 0.63627 0.94581
0.30028 0.44027 0.86291
0.11549 -0.05603 0.50585
0.23911 0.66765 1.00140
0.13377 -0.03238 0.39475
0.69139 0.51681 0.56666
0.13781 0.00811 0.22650
0.86445 0.11959 0.86320
0.24744 0.54985 0.92305
0.13176 -0.01416 0.45063
1.14124 1.07141 0.20591
0.71255 0.86956 0.89341
0.42684 0.03444 0.48841
0.83128 0.91871 0.20975
0.55879 0.20181 1.04840
0.28725 0.13072 0.76075
0.54738 0.93131 0.95724
0.48867 0.06944 0.32689
0.15801 -0.04584 0.67507
0.40571 0.71310 1.05706
0.39786 0.68113 0.84939
-0.01229 0.01554 0.42277
0.45061 0.12736 1.03079
0.75203 0.97292 -0.11699
0.54065 0.26205 0.40057
0.09713 0.24043 0.66036
0.39509 0.25906 0.69849
0.04141 0.14232 0.29297
0.23466 0.48002 0.99753
0.30900 0.46326 0.82713
0.56001 0.43752 0.56842
0.32007 0.29686 0.99028
0.28238 0.65773 0.03475
0.59590 0.56607 0.38246
0.53826 0.76271 0.71636
0.24709 0.83352 0.83835
0.19518 0.84625 0.72328
0.30184 0.85351 0.82723
0.95370 0.95506 0.33431
0.50951 0.64111 1.06550
0.20618 0.32848 0.34421
0.31026 0.48384 0.95376
0.28807 0.43983 0.60886
0.65290 0.72384 1.00474
0.11505 0.50625 0.74237
0.49167 0.22831 0.47627
0.62024 0.68663 0.82831
0.71462 0.56084 0.54791
0.85294 0.90782 0.35749
0.61412 0.57509 0.99381
0.49933 0.13117 0.68011
0.25522 0.42112 0.10692
0.18336 0.23991 1.00348
0.63064 0.09332 0.12243
0.23753 0.05538 0.81923
0.03260 0.15837 0.53078
0.18067 0.06936 0.36772
0.49549 1.02154 -0.03548
0.83051 1.13227 0.01627
0.13007 0.14909 0.91131
0.97146 1.10573 0.33033
0.53040 0.63899 0.90747
0.41778 0.29010 0.27083
0.27599 0.67586 0.85643
0.13990 -0.01792 0.49228
0.54536 0.26102 0.27800
0.47627 0.90407 0.85394
0.23498 0.04694 0.44763
0.48045 0.91220 0.81058
0.62063 0.44657 0.70943
0.17208 0.38136 0.59461
0.43779 0.33959 0.42058
0.59765 0.90861 0.81589
0.20712 0.12838 0.52153
0.48071 0.97838 0.71953
0.24154 0.02253 0.70466
0.22298 -0.09228 0.74846
0.83924 0.36366 0.45885
0.51608 0.02398 0.70782
0.33749 0.57443 0.17176
0.28584 -0.02028 0.74935
0.13471 0.01885 0.33579
0.04055 0.19363 0.46687
0.29754 0.37685 0.77948
0.96987 1.08461 0.30645
0.56020 0.16478 0.24321
0.64893 0.39704 0.47034
0.67760 0.06455 0.20507
0.41507 0.94289 0.86878
0.55803 0.32114 0.20521
0.47360 0.34626 0.41746
0.47580 0.17484 0.88912
0.44708 0.19829 0.61657
0.46844 0.67354 0.89640
0.58175 0.34600 0.54232
0.64150 0.18293 0.62296
0.45874 0.38254 1.09316
0.14001 0.37513 0.94608
0.88515 1.03162 0.24637
0.32951 0.08091 0.69699
0.32318 0.45651 0.24051
0.28555 0.48507 1.00746
0.43788 0.67256 0.81779
0.82193 1.00036 -0.02248
0.40497 0.79132 0.81745
0.47797 0.35254 0.98544
0.62754 0.00832 0.22400
0.56481 0.53886 0.94027
0.76768 0.97205 0.05103
0.54053 0.67672 0.70708
0.77843 0.84176 -0.10184
1.03051 1.04991 0.30331
0.44863 0.36607 0.22948
0.47931 0.57493 1.03730
0.69921 0.80909 0.88927
0.38357 0.71879 0.73980
0.54526 0.59967 0.71886
0.71376 0.31672 0.56551
0.06613 0.13353 0.58432
0.56412 0.55424 0.41610
0.33043 0.87495 0.86004
0.92276 0.91260 0.35961
0.32573 0.71482 0.83787
0.52918 0.59674 0.82989
0.28513 0.34722 0.97514
0.53639 0.18957 0.71433
0.46478 0.14233 0.29502
0.17702 0.07867 0.74838
0.50890 1.00864 0.08520
0.16889 -0.15382 0.88687
0.12999 -0.03378 0.28479
0.61510 -0.02566 0.19650
0.26502 0.19782 1.03301
0.34492 0.46554 0.80999
0.57306 1.03577 0.09832
0.50761 0.13721 0.63487
0.44049 0.24971 0.79861
0.67194 0.74938 0.88371
0.43776 0.30501 0.15247
0.53829 0.37707 0.27599
0.51375 0.05311 0.44182
0.20027 -0.04868 0.65327
0.83724 0.07038 0.78794
0.54663 0.66676 0.42561
0.41341 0.29300 0.93335
0.24525 0.50169 1.14004
0.03129 0.13681 0.66130
0.19736 0.72210 1.02868
0.32508 0.60648 0.00140
0.42213 0.43133 0.76464
0.31518 0.57764 -0.04777
0.13745 0.03930 0.69179
1.01587 0.11075 0.74815
0.62671 0.05983 0.28625
0.12781 0.37639 0.81819
0.59118 0.67232 0.54867
0.61127 0.94301 0.07454
0.25073 0.58724 0.99673
0.22236 0.10243 0.50255
0.15500 0.02057 0.71206
0.48395 -0.09431 0.61913
0.33065 0.05699 0.72010
0.62944 0.79426 0.84325
0.29965 -0.05806 0.53401
0.09938 0.43331 0.96185
0.03448 0.09517 0.69513
0.36941 0.93255 0.93046
0.28927 0.14048 0.40362
1.00944 0.66714 0.29604
0.12816 0.06723 0.69858
0.55506 -0.12080 0.64179
0.37728 0.70908 0.95788
0.30780 0.33062 0.51658
0.34663 0.21258 0.61742
0.05849 -0.04840 0.29423
0.31988 0.33927 1.00064
0.50016 0.88352 0.66066
0.09985 0.07745 0.73274
0.69111 0.96070 -0.00460
0.28992 0.75702 1.00061
0.39726 0.71524 0.90877
0.53270 0.79985 1.02573
0.14012 0.29484 0.86635
0.62047 0.46234 0.56745
1.03024 -0.00089 0.79566
0.55151 0.61484 0.55378
0.57514 0.40218 0.33281
0.13348 0.08751 0.26404
0.58399 0.80937 -0.04701
0.72829 0.50221 0.57686
0.61544 0.37778 0.73098
0.31877 0.50560 1.19498
0.25958 0.79240 0.84568
0.57118 0.73843 0.43773
0.42497 0.44659 0.99909
0.26055 0.32004 1.07082
0.59779 0.14326 0.21171
0.79370 0.10209 0.58529
0.03196 0.04006 0.43120
0.18064 0.50294 -0.09954
0.88349 -0.06874 0.76634
0.80796 1.12106 -0.01123
0.56938 0.69287 0.35924
0.36206 0.31481 1.04750
1.05254 1.04000 0.32531
0.87087 1.03714 0.08013
0.69189 -0.01271 0.86924
0.47887 0.69400 0.84954
1.14562 0.12019 0.81941
0.31620 0.36238 0.02278
0.47762 0.59259 0.04392
0.63684 0.01697 0.17156
0.63856 0.73350 1.01562
0.23366 0.24569 0.62913
0.47827 0.31064 0.65630
0.32914 0.14010 0.67237
0.53687 0.74553 0.87217
0.38465 0.28877 0.89854
0.15692 0.23504 0.75588
0.35554 -0.00748 0.40280
0.12190 -0.01391 0.64262
0.84462 -0.07189 0.94222
0.65717 0.56904 0.48957
0.20951 0.53227 1.01323
0.40764 0.33291 0.44767
0.17012 0.57783 0.80137
0.25462 -0.19612 1.01252
0.89748 0.93566 0.25325
0.38151 0.23523 0.83594
0.57720 0.24005 0.99970
0.43557 0.34607 0.73613
0.10891 0.04200 0.33829
1.09104 0.83000 0.26992
0.16001 0.64918 0.99474
0.41067 0.41857 0.16636
0.18546 0.00278 0.23944
0.20342 0.10719 0.73719
0.42507 -0.12927 0.56325
0.36003 0.20929 0.76314
0.26620 0.74207 0.84559
0.65026 0.41584 0.69962
0.08827 0.07713 0.07708
0.67971 0.77437 0.88232
0.19761 0.38097 0.81213
0.65623 0.90667 0.00891
0.15776 -0.04730 0.70592
0.43924 0.02796 0.43143
0.72742 1.07779 0.06463
0.33349 0.35943 0.87817
0.17175 0.27585 0.59054
0.93728 1.06032 0.39543
0.16648 0.72740 0.95615
0.14752 0.39152 1.01073
0.61133 0.40683 0.31969
0.65387 0.54797 0.44173
0.19584 0.52499 0.97380
0.67597 0.82377 0.80095
0.27206 0.33522 0.94404
0.23896 0.13805 0.70562
0.38498 0.41770 1.11121
0.30010 0.43685 -0.09318
0.37908 1.07302 0.92439
0.21825 0.29126 1.05858
0.69906 0.08748 0.55337
0.36069 0.55218 -0.05703
0.51844 0.82407 0.86153
0.67529 0.79377 -0.01170
0.38087 0.42220 0.06856
0.51507 0.16336 0.72019
0.37921 0.07373 0.62842
0.33312 0.89665 0.85812
0.86799 0.05278 0.78804
0.70160 0.15005 0.48175
0.08899 0.01192 0.33758
0.77038 0.05470 0.29264
0.04419 0.32921 0.81448
0.56790 -0.18926 0.22965
0.38802 0.90214 0.90366
0.09159 -0.11807 0.45536
0.89470 1.03112 0.33421
0.34544 0.22971 1.01887
0.73319 1.10424 -0.06902
0.39475 0.86021 0.77080
0.16148 0.03270 0.62920
0.39295 0.09548 1.01081
0.84945 0.07208 0.95073
0.54265 0.04219 0.45572
0.22237 0.46624 0.10749
0.60329 0.06836 0.44722
0.38221 0.30644 0.96448
-0.11665 -0.17361 0.76236
0.60421 0.61988 0.92355
0.72409 0.39856 0.50570
0.34401 0.68538 0.71477
0.68292 -0.11537 0.47192
0.91578 0.98507 0.21095
0.36654 0.49413 0.89415
0.09259 0.21366 0.83941
0.20184 0.10133 0.74326
0.36143 0.59245 0.10899
0.45359 0.64617 -0.04885
0.31983 0.34332 0.66220
0.45398 0.51942 0.37502
0.82414 0.92214 0.11834
0.42213 0.14830 0.59562
0.60506 1.16570 0.11065
0.10383 0.35079 0.48517
0.60428 0.09229 0.21042
0.70354 0.92537 0.06845
-0.00531 0.01023 0.68379
0.36881 0.13568 0.69774
0.52858 0.43120 0.30198
0.44033 0.64844 0.72961
0.17697 0.33341 0.87469
0.41688 0.49910 0.89014
0.58678 0.64042 0.96497
0.20491 0.05200 0.84801
0.75422 -0.05081 0.29221
0.66882 0.11829 0.46042
0.81888 0.84901 0.49561
0.59195 0.38650 0.37111
0.60814 0.06285 0.19660
0.94314 0.05820 0.69694
0.43257 0.00592 0.65305
0.38590 0.37582 1.14240
0.10064 0.15173 0.32298
0.52597 0.57307 0.45276
0.33779 0.24415 1.05170
0.27923 0.88029 1.10728
0.50017 0.31028 0.65077
0.23758 0.65772 1.00528
0.56458 0.63553 0.50961
0.21509 0.44537 0.91688
0.42999 0.69321 0.73179
0.41434 0.97817 0.73853
0.24149 0.55179 1.08775
0.70992 0.56255 0.40339
0.34537 0.29757 0.90473
0.80792 0.25745 0.70341
0.90558 -0.09748 0.78916
0.37980 -0.04812 0.63031
0.27027 -0.09297 0.74386
0.51670 -0.03844 0.56842
1.04705 -0.09243 0.75889
0.29596 0.50812 0.07799
0.44281 0.62135 0.55972
0.21418 0.66633 0.98246
0.90947 1.15204 0.32431
0.08853 0.16561 0.93685
-0.03983 -0.05633 0.71115
0.57911 -0.01889 0.80310
0.49068 -0.13256 0.31086
0.45653 0.28338 0.54041
0.50800 0.68459 0.85312
0.09628 0.01587 0.14312
0.45332 0.38202 0.12829
0.35236 0.10012 0.58689
0.80673 0.75360 -0.04646
0.27891 0.35791 0.92087
0.35913 0.62207 0.08974
0.28452 0.17198 0.94050
0.15075 0.52279 0.94867
0.61483 -0.09293 0.32806
0.29844 0.58153 0.85610
0.39000 -0.01877 0.85492
0.41920 0.29777 0.79893
0.61390 0.02752 0.17033
0.32908 0.29618 0.96089
0.46906 -0.15776 0.56660
0.36804 0.06234 0.91036
0.84547 0.07037 0.76429
0.58015 -0.07052 0.33287
0.95246 0.09754 0.72849
0.93548 0.16351 0.74529
0.34042 0.11979 0.63340
0.57911 0.86692 -0.09932
0.82617 0.17318 0.89428
0.72803 0.14252 0.85640
0.50225 0.29273 0.89587
0.64662 0.56258 0.64940
0.63150 0.09325 0.17058
0.28538 0.48221 -0.09990
0.89928 0.81936 0.32305
0.56737 0.90651 -0.07191
0.31353 0.58632 0.03185
0.31655 0.52388 -0.00233
0.25081 0.55711 0.95744
0.39117 -0.03157 1.00168
0.17163 0.59843 1.04009
0.32856 0.78383 1.07790
0.59470 0.73401 1.01558
0.11938 0.23371 0.57920
0.60244 0.42764 0.40339
0.58833 0.78150 0.80419
0.44731 0.09907 0.49148
0.31617 0.72044 0.93700
0.14894 -0.07137 0.38186
0.31337 0.32787 0.93351
0.52497 -0.27133 0.34528
0.79763 0.97672 0.01403
0.40285 0.39792 0.89023
0.14141 0.34662 0.65192
0.53149 0.11694 0.64146
0.76446 0.01117 0.36334
0.45809 0.34390 0.73933
0.54853 0.22383 0.80698
0.38755 0.93604 0.71456
0.07676 -0.02987 0.68950
0.17388 0.52721 0.14602
0.08875 0.13546 0.76385
0.57759 0.42217 0.45282
0.54653 0.07697 0.09302
0.18713 0.31351 1.05431
0.33407 0.58224 0.95545
0.24617 0.07056 0.61819
0.86625 0.06987 0.81400
0.78667 0.59248 0.31783
0.28176 0.78423 0.90239
0.42707 1.15624 0.84133
0.67630 0.98926 0.09891
0.34423 0.63290 0.03164
0.22098 0.50220 1.08906
0.20220 0.09293 0.24039
0.58463 0.40592 0.50660
0.12277 0.09618 0.48848
0.53816 -0.11028 0.08447
0.15649 0.40257 0.70626
0.54710 0.07023 0.29808
0.23858 0.43199 1.13946
0.95203 0.10571 0.77672
0.55060 0.05445 -0.09083
0.07957 0.29536 0.94625
0.62673 0.23729 0.79786
0.38905 0.59120 0.12034
0.46582 0.10298 0.97221
0.88698 1.16354 -0.16294
0.71885 1.02347 0.12812
0.06608 0.39046 0.61266
0.33891 0.58809 0.41145
-0.00287 0.12124 0.61908
0.29836 0.33340 0.92788
0.16038 0.12783 0.67035
0.99745 0.17667 0.84570
0.19661 0.53295 -0.13086
0.08028 0.02888 0.49958
0.47790 0.23831 0.63736
0.73609 0.33685 0.65039
0.90746 1.00672 0.32593
0.14545 0.75782 0.95245
0.41151 0.49002 0.40556
0.91310 0.05690 0.76930
0.81464 0.88400 0.03011
1.12815 0.92983 0.38497
0.35690 0.03093 0.87093
0.34887 0.51238 0.97479
0.21478 0.10130 0.66817
0.44620 0.30891 1.01804
0.15898 0.22855 0.42746
0.41419 0.60643 0.08522
0.31140 0.40959 0.99491
0.13736 0.20555 0.79318
0.15210 0.09102 0.50590
0.25273 0.47458 0.65938
0.62553 0.77982 0.58580
0.31390 0.78982 0.89969
0.56798 1.11876 -0.04623
0.31549 0.44438 0.92298
0.55135 0.35299 0.57918
0.32990 0.28700 1.18359
0.29530 0.29199 0.45770
0.19906 0.76796 -0.10335
0.11289 0.57496 0.01118
0.36839 0.22820 0.90597
0.28346 -0.03951 0.27284
0.46446 -0.09610 0.53929
0.26091 0.16234 0.46117
0.43099 0.59116 0.96531
0.39999 0.33838 0.27920
0.58531 0.27348 0.69767
0.76321 0.26468 0.66172
0.38495 0.64177 0.76902
0.35161 0.11687 0.90807
0.77738 1.10363 0.09381
0.49872 0.08720 0.29211
0.38828 0.57192 0.24617
0.79824 0.20315 0.88716
-0.02448 0.19499 0.54135
0.39581 0.17648 0.74381
0.54975 0.37965 0.58754
0.98413 0.82418 0.33972
0.22260 0.03363 0.53441
0.31696 0.17237 0.69609
0.15960 0.13597 0.60156
0.30373 0.04666 0.58213
0.45710 0.71941 0.95813
-0.03711 0.11952 0.74771
0.23127 0.11194 0.65316
0.74992 0.12295 0.21871
0.94793 0.02023 0.82312
0.26246 0.15436 0.95328
0.21817 0.21641 0.45636
0.89140 -0.04278 1.00186
-0.01796 -0.12797 0.49787
1.02931 0.76179 0.21813
0.91438 0.80643 0.32379
0.62762 -0.04860 0.28998
0.36883 0.23487 0.55937
0.41257 0.27870 0.71435
0.62891 0.55284 0.63660
0.62378 0.70166 0.39905
0.69908 0.11388 0.19840
0.52209 0.99266 1.04209
0.98071 0.95949 0.21373
0.94228 0.00404 0.86771
0.87659 -0.06432 0.76874
0.28163 0.34936 0.79834
0.60222 0.17244 0.28981
0.51648 0.10286 1.14884
0.51991 0.31527 0.44382
0.55449 0.34324 1.00385
0.09650 0.03734 0.36616
0.06652 0.07244 0.80616
0.06264 -0.08587 0.74420
1.02806 0.92386 0.37706
0.15917 0.09137 0.55415
0.39033 0.28419 0.11530
0.58368 0.82649 -0.05359
1.06840 0.89798 0.31168
0.20285 0.50403 1.06316
0.57695 0.80743 0.80578
0.92263 0.10067 0.62197
0.64139 0.46313 0.44435
0.38040 0.33578 1.00452
0.44006 0.23261 0.90196
0.29268 0.22112 0.90253
0.60334 0.54889 0.56622
0.52179 0.41066 0.57867
0.28102 0.50427 -0.06513
0.37638 0.76670 0.98746
0.55646 -0.04489 0.28400
0.16773 0.20916 0.81433
0.41436 0.41589 1.13179
0.35329 0.54669 0.13216
0.47938 0.01092 0.33573
0.07578 0.52610 0.10223
0.29033 0.24425 0.75201
0.24590 0.22850 0.70988
0.27033 0.15259 0.97548
0.73214 0.62749 0.41365
0.21137 0.21889 0.56250
0.15091 0.05017 0.83427
0.80661 1.18923 0.20781
0.33378 0.16690 0.80835
0.12354 -0.04529 0.41382
0.52685 0.37290 0.42031
0.26530 0.42716 0.95717
0.37618 0.50594 0.02471
0.46527 0.36546 0.91043
0.92020 0.86314 0.16355
0.44893 0.53446 0.09746
0.40833 0.07136 0.55755
0.89618 -0.01975 0.90170
0.43680 0.42018 0.99932
0.57961 0.68890 0.86865
0.33751 0.48391 0.88966
0.71709 -0.01285 0.65064
0.46630 0.72926 0.80988
0.39795 0.86755 0.87935
0.36142 0.69630 -0.09383
0.68166 0.06778 0.36188
0.51791 -0.05584 0.57605
0.53029 0.09071 0.13452
0.70206 0.73315 0.74881
0.30276 0.11470 0.97086
0.16217 0.11260 0.43636
0.23292 0.50088 0.99148
0.70472 -0.06757 0.15443
0.43899 0.87149 0.87327
1.07842 0.15213 0.96047
0.30038 0.14054 0.99646
0.67831 0.92971 0.03368
0.41523 1.01027 0.85730
0.51387 0.90168 1.02021
0.44100 0.26225 0.88147
0.61641 0.59241 0.40705
0.46956 0.89303 0.80793
0.84604 0.18647 0.75764
0.58890 0.49007 0.44365
0.32674 0.58159 1.13386
0.40610 0.57278 0.61015
0.58424 0.29012 0.68149
0.14221 0.29032 0.42969
0.25692 0.26257 0.39318
0.81597 1.04745 -0.11224
0.27848 0.07721 0.80065
0.55113 0.51439 0.35688
0.49314 0.83539 0.88283
0.72761 0.75288 0.90570
0.34194 0.27194 0.92064
0.40967 0.34805 0.93903
0.52062 0.07771 0.15684
0.36296 0.08228 0.65870
0.54491 0.64919 0.48082
0.22892 0.23985 0.50111
0.32905 0.26466 0.43406
0.27386 -0.14093 0.28288
0.67157 0.67917 0.23152
0.24907 0.79858 0.60258
0.27392 0.73019 0.84919
0.22816 0.13587 0.58622
0.27858 0.42027 0.86374
0.45826 0.17116 0.61585
0.24250 0.58768 0.97989
0.28460 0.27904 0.84528
0.35578 0.05291 0.68008
0.21642 -0.06708 0.86253
0.42978 0.66662 0.33377
0.65666 0.49069 0.81129
0.37779 0.42948 0.28531
0.32929 0.32378 1.09304
0.55796 1.18118 -0.02099
0.09493 0.18517 0.62154
0.35313 0.76742 0.80694
0.10944 0.23551 0.77632
0.59249 0.45446 0.34547
0.36703 0.40151 0.35335
0.37154 0.63562 0.78770
0.52466 0.09218 0.30170
0.20246 0.17147 0.60473
0.56883 0.92609 0.91347
0.36797 0.32228 1.05822
0.25642 0.05181 0.79073
0.34753 0.34638 0.67198
0.39420 0.13764 0.43083
0.67234 0.83742 0.04804
0.64041 0.90755 0.85157
0.74786 1.06060 0.09805
0.24291 0.28397 0.99811
0.36443 0.49115 0.45868
0.39372 0.40629 1.04174
0.28264 0.66877 0.18276
0.58954 0.80411 0.75059
0.41276 0.21684 0.94169
0.35364 0.75609 0.91362
0.52879 0.05470 0.44731
0.34934 0.49783 0.92715
0.29044 0.62078 0.87723
0.92249 0.72013 0.18779
0.00248 0.05738 0.38742
0.18963 0.75678 1.01565
0.75945 0.80244 0.40311
0.41193 0.76667 0.84382
0.38882 0.01744 0.64765
0.25105 -0.05775 0.74226
0.30435 0.09326 0.68854
0.37467 0.49119 1.03018
0.58781 0.91632 0.75458
0.25529 0.07996 0.69517
0.55812 0.66590 0.86900
0.23582 0.23118 0.46821
0.14747 0.59411 1.11122
0.45818 0.20496 0.31121
0.46829 0.32614 0.57654
0.56018 0.45868 -0.02895
0.54223 0.47106 0.48583
0.18001 0.32952 1.11701
0.24030 0.18395 0.38662
0.59081 0.16563 0.79084
0.25389 0.16625 1.04447
0.28180 0.51392 0.82593
0.15073 0.23719 0.78877
0.56598 0.62844 0.37621
0.37556 0.55033 0.97307
0.49660 0.26105 0.86513
0.37100 0.47998 0.08744
0.69477 1.05290 -0.06437
0.95994 0.94493 0.31790
0.63121 0.64648 0.57404
0.47865 0.01698 0.46200
0.29942 0.33165 0.40978
0.32675 0.41207 0.84948
0.75229 0.75769 -0.07287
0.87011 0.22842 0.66711
0.59954 -0.07787 0.09750
0.21050 0.05198 0.32651
0.21931 0.18714 0.50069
0.04112 0.19895 0.45728
0.58481 0.26179 0.45405
0.47153 0.33237 0.53210
0.06319 0.28346 0.49381
0.23967 0.36462 0.94025
0.48687 0.32684 0.62178
0.49831 0.86120 0.85134
0.44434 0.39613 0.85954
0.56193 0.78198 0.85629
0.46663 0.96911 0.84028
0.58944 0.94169 0.90243
0.68637 0.51448 0.49557
0.02017 0.31841 0.52647
0.27907 0.42101 0.82150
0.30687 -0.09884 0.15849
0.37924 0.82710 1.00956
0.22253 0.65584 1.00892
0.42056 0.45069 1.00693
0.99877 -0.01256 0.85081
0.55027 0.44235 0.40373
0.55788 0.87527 -0.15788
0.40847 0.29767 1.05681
0.52106 0.22374 0.75923
0.27164 0.27139 0.64054
-0.13310 0.16002 0.24087
0.51666 1.00352 0.91516
0.38650 -0.00864 0.87890
1.05846 0.85289 0.34071
0.02187 0.09128 0.82197
0.72233 0.88975 -0.00525
0.38527 0.35793 0.30159
0.05356 0.11843 0.75500
0.08947 0.16858 0.35102
0.19582 0.34568 0.77449
0.39405 0.37154 0.24308
0.44292 -0.12936 0.35456
0.32328 0.58164 0.92333
0.46394 0.83134 0.92422
0.46529 0.22322 0.77152
0.23317 0.33950 0.94452
0.58031 0.89585 0.05984
0.39906 0.21313 0.89335
0.28258 0.36115 0.91532
0.25913 0.57314 -0.07855
0.50792 0.20043 0.27341
0.67497 -0.09715 0.23021
0.22438 0.49820 0.05636
0.67774 0.90300 -0.08017
0.28329 0.15288 0.98101
0.64833 0.86781 0.03499
0.21886 0.13773 0.84799
0.22403 -0.00176 0.36193
0.97230 0.81157 0.26603
0.45401 0.58904 -0.04606
1.11094 0.78327 0.33245
0.22771 0.21200 0.88113
0.44330 0.47963 0.79680
0.36899 0.51273 1.14105
0.55558 0.97504 0.92116
0.34938 0.31363 0.80370
0.25780 0.02560 0.30129
0.10836 0.06585 0.55112
-0.02777 0.00370 0.27706
0.43997 0.58591 0.83774
0.41555 0.10920 0.67511
0.55966 0.10349 0.98091
0.43231 0.61433 0.11381
0.56092 -0.11881 0.47053
0.33331 0.27231 0.56511
0.56552 0.61994 0.39311
0.34073 0.54758 0.07368
0.07250 0.04693 0.57238
0.43441 0.34364 0.71337
0.26346 0.06466 0.16543
0.64199 0.80887 -0.05576
0.48523 0.41500 0.12676
0.99540 0.04446 0.76934
0.15727 0.00640 0.21021
0.21324 0.01539 0.92332
0.29222 0.39442 0.88598
0.50128 0.35019 0.95708
0.53498 0.67223 0.75491
0.46382 0.50418 1.03886
0.30075 0.14803 0.64880
0.59702 0.00099 0.42649
0.59500 0.93747 0.45088
0.53284 0.59493 0.34589
0.36262 0.49882 0.91421
0.31758 0.41952 1.06495
0.22886 0.54007 1.06379
0.45635 -0.12544 0.00178
0.33696 0.67505 0.87030
0.11577 0.27261 0.82746
0.24120 -0.07668 0.28947
0.90439 0.01529 0.82323
0.77852 1.02813 0.27186
0.69583 0.87140 0.96969
0.36915 0.13549 1.00544
-0.05362 -0.20186 0.54827
0.73054 0.33990 0.38136
0.29081 -0.03826 0.83376
0.27540 0.21644 0.84215
0.30392 0.44124 0.32500
0.94956 0.86936 0.10450
0.46186 0.01327 0.69317
0.05282 0.10035 0.35985
1.13213 0.93880 0.29931
0.22526 0.38422 0.36587
0.27272 0.30233 0.85299
0.69350 0.66526 1.04657
0.85348 1.04249 0.32982
0.33080 0.16583 0.72587
1.17959 0.95934 0.30422
0.26840 0.39203 0.98687
0.08125 0.05679 0.90110
0.36307 0.36423 0.94002
0.12828 0.05552 0.58263
0.68268 0.74370 0.74291
0.66117 0.64922 1.04518
0.56504 0.27841 0.41776
0.18631 0.15957 0.59733
0.93612 0.24539 0.72985
0.49120 1.02179 0.86379
0.66121 0.98060 0.01214
0.38971 0.04397 0.93020
0.00063 -0.11319 0.39355
0.65502 0.88553 1.00168
0.52120 0.90999 0.91506
0.90641 0.72945 0.31823
1.01414 0.92034 0.53032
0.58258 0.90154 0.96718
1.08195 0.95150 0.32146
1.10854 0.76926 0.31575
0.99442 -0.05077 0.74743
0.23654 0.37510 1.14002
0.49872 0.69061 0.90630
0.37097 0.53535 1.01066
0.68716 1.22496 0.12315
0.42012 0.48637 0.97070
0.67904 0.61581 0.63626
0.12978 0.57056 0.18521
1.08583 0.92494 0.22528
0.29507 0.35477 0.95384
0.62062 0.46570 0.31142
0.61590 0.14730 0.48842
0.81059 0.97153 -0.05810
0.25136 0.44336 0.89283
0.78497 0.08760 0.65976
0.86845 0.82853 0.32215
0.54047 0.07007 0.11142
0.48073 0.42038 0.78655
0.72449 -0.05941 0.26914
1.12108 0.88469 0.26454
0.27291 0.34345 0.89368
0.37125 0.03225 0.65247
0.76530 0.16689 0.79569
0.62056 0.79234 -0.01281
0.15678 0.66680 0.82731
0.32552 0.52596 0.11152
0.24095 0.16268 0.81858
0.67077 0.60464 0.22395
0.78262 0.08441 0.68777
0.31328 0.20879 0.50085
0.46359 0.35215 0.65079
0.45936 0.55267 1.05657
0.32810 0.26020 0.29399
0.81285 0.77034 0.50168
0.19147 -0.06525 0.30538
0.09217 -0.21996 0.29118
0.57029 0.26324 0.43821
0.66851 1.06652 -0.09711
0.49425 0.86089 0.82702
0.76721 0.64269 0.42065
0.54874 0.85402 0.76044
0.56458 0.38472 0.20382
0.40594 -0.07793 0.71582
0.59108 0.17555 0.72731
0.96172 1.08198 0.35983
0.35683 0.39843 1.11551
0.16327 0.31224 0.75742
0.48971 0.86394 0.87062
0.87341 0.02827 0.73362
0.28506 -0.06939 0.33893
0.18403 0.19406 0.50587
0.71706 0.08656 0.93084
0.91314 -0.00772 0.72677
0.16899 0.48723 0.58102
0.32564 0.10152 0.99199
0.71441 0.13993 0.15310
0.67407 0.34615 0.69225
0.36006 0.20841 0.99826
0.00504 -0.03468 0.38612
0.31881 0.43500 0.37901
0.59446 0.36744 0.57263
0.18950 0.20437 0.87649
0.50588 0.46294 0.44413
0.77591 0.98803 0.10406
0.38793 0.52593 0.16521
0.25220 0.63056 0.84180
0.64617 0.61332 0.40920
0.39119 0.27221 0.83424
-0.03307 0.10845 0.33345
0.34439 0.21204 0.56694
0.23870 -0.05536 0.38709
0.13424 0.25028 0.41671
0.59335 0.74220 1.01611
0.71517 0.89378 -0.14707
0.90989 1.00556 0.03088
0.47414 1.00251 0.72073
0.23586 0.14113 0.86667
0.24939 0.30470 0.47973
0.28196 0.23254 0.45693
0.08827 0.12578 0.48146
0.58600 0.63704 0.41191
0.31602 0.47694 1.02181
0.50504 0.80920 0.97576
0.27706 0.43112 0.71261
0.79762 -0.14587 0.67364
0.67958 0.91009 0.17979
0.32810 0.74845 0.00289
0.31140 -0.10453 0.51615
0.30411 0.29021 0.95095
0.46262 0.09314 0.47635
0.32084 0.10410 0.74754
0.38961 0.17697 0.71016
0.06402 0.13971 0.68783
0.92106 1.08440 0.34991
0.04947 -0.05280 0.54838
0.36855 0.65042 -0.13679
0.30550 0.33152 0.81275
0.49083 0.51566 0.30871
0.34673 0.12460 1.08538
0.43525 0.69900 1.04080
0.69545 0.68795 0.40277
0.18558 0.88877 0.96436
0.61340 0.24807 0.32245
0.56924 1.00821 0.93467
0.40244 0.42117 0.79436
0.08639 0.14955 0.74455
0.54844 0.60760 0.39826
0.39190 0.18851 0.69279
0.20651 0.22866 0.63728
0.26682 0.45144 0.94543
0.65234 -0.08768 0.28708
0.33323 0.72801 0.89640
0.34005 0.45172 1.06630
0.11674 0.21794 0.84769
0.55172 0.78927 0.86045
0.20115 0.33320 0.88927
0.28901 0.53307 0.86371
0.32066 0.59020 0.85867
0.32283 0.39404 1.01784
0.37392 0.72915 0.65555
0.17518 0.65091 0.86582
1.01356 0.95246 0.38701
0.64800 0.60445 0.47880
0.47329 1.01737 0.93980
-0.01196 0.11935 0.40369
0.60692 0.13752 0.21189
0.43921 0.05876 1.06077
0.18786 0.17026 0.89458
0.26600 0.37529 0.64559
1.02193 -0.03311 0.75728
0.75053 1.01700 0.21698
0.27598 0.02203 0.25630
0.34058 0.55204 0.31783
0.82776 0.99835 0.29631
0.26591 0.13687 0.50735
0.26843 0.30180 0.52149
0.62178 0.07942 0.83979
0.48342 0.52285 0.97207
0.37944 0.63708 0.17686
0.45598 1.05527 0.94925
0.36858 0.36464 0.34206
0.30665 0.00365 0.51029
0.18373 0.25132 0.56507
0.17003 0.73154 0.95933
0.28500 0.53329 0.60053
0.45529 0.41692 0.78515
0.91642 0.22150 0.70892
0.63333 0.72533 0.58279
0.13318 0.12059 0.42109
0.66932 0.11483 0.20045
-0.01298 0.21963 0.70529
0.23494 0.44322 0.88315
0.47050 0.88246 1.06986
0.29560 0.95162 0.94683
0.67440 0.82112 0.71296
0.25018 0.05811 0.98025
0.37274 0.51132 0.99827
0.29787 0.50283 1.01624
1.02433 0.19955 0.80115
0.68514 1.04062 -0.14169
0.90255 0.97490 0.28598
0.80041 0.17776 0.72862
0.29133 -0.04156 0.56925
0.48065 0.68830 0.80702
0.36998 0.01588 0.71315
0.29923 0.59449 0.23460
0.21199 0.44802 0.91020
0.58839 0.23004 0.38784
0.43071 0.11495 1.10053
0.23755 0.24220 0.69514
0.32384 0.87377 0.79076
0.50632 0.33900 0.95455
0.38010 0.31348 0.51548
0.13681 -0.07045 0.49671
0.50291 0.26959 0.61677
0.29695 0.29228 0.66937
0.13499 0.18621 0.49825
0.71319 0.61621 0.44141
0.52870 0.51864 0.62978
1.22176 0.06753 0.77556
0.94185 -0.01793 0.98539
0.42525 0.77542 0.83136
0.48812 -0.03146 0.38528
0.52681 0.21748 0.69599
0.29461 0.96926 1.02989
0.24445 0.36552 0.83411
0.76286 0.11345 0.69248
0.47462 0.70994 0.98139
0.43558 0.61555 1.02547
0.20680 0.74245 0.81565
0.21228 -0.05483 0.50425
0.18820 0.19066 0.74963
1.06334 1.06776 0.29907
0.35383 0.29365 0.67561
0.89774 0.76706 0.05291
0.60564 0.60905 0.23740
0.29825 0.03778 0.53757
0.55847 -0.00142 0.98929
0.98537 -0.02087 0.80581
0.14783 0.03480 0.36404
0.38311 -0.07597 0.57674
0.01559 0.13607 0.51106
0.33961 0.13368 0.24031
0.60397 -0.06470 0.50510
0.67606 0.67976 0.44542
0.23424 0.02397 0.79724
0.50532 0.22835 1.02861
0.06546 0.41786 0.82095
0.01946 -0.01180 0.26610
0.58919 0.88889 0.92063
0.53709 0.17937 0.85183
0.56346 -0.11784 0.62927
0.16977 0.19672 0.44985
0.36897 0.81240 1.00026
0.29875 0.57369 0.95006
0.85203 1.02598 0.13787
0.20126 0.32302 -0.05992
0.25581 0.23030 0.94189
0.86661 0.76226 -0.06659
0.31761 0.04945 0.65492
0.15852 -0.04251 0.33490
0.48545 -0.02943 0.52150
0.42742 0.05223 1.03531
0.52087 0.76399 0.80188
0.45603 0.53782 1.02182
0.28715 0.33515 0.99065
0.54491 0.22344 0.36528
0.42700 0.12190 1.03216
0.92393 1.01442 0.35489
0.81874 1.04683 0.05737
0.27277 0.33355 0.66698
0.94006 0.88200 0.30085
0.41240 0.55027 1.05959
0.49921 0.72419 0.76182
0.36553 0.57180 0.14438
0.50361 1.04043 0.97249
0.90490 -0.05106 0.76630
0.57927 0.67137 0.91776
0.45088 0.38542 0.94309
0.70176 0.79054 0.02666
0.65811 -0.20252 0.23722
0.52187 0.18260 0.64791
0.44916 0.30000 0.52525
0.46118 0.40016 0.34294
0.64111 0.99442 0.81553
0.36162 0.06129 0.54722
0.12814 0.12861 0.41353
0.34982 0.26386 0.88081
0.50425 0.05340 0.46269
0.20549 0.07564 0.36475
0.78679 0.57232 0.52445
0.67582 0.92278 -0.08204
0.62752 0.71810 0.63760
0.26744 0.24980 0.52018
0.55109 -0.14525 0.55709
0.41885 0.33105 0.59108
0.60204 0.93151 0.11445
0.11317 0.31473 0.49718
0.25306 0.57462 0.04774
0.30428 0.31769 0.77970
1.01613 0.07003 0.69033
0.92541 0.98891 0.14348
0.52756 0.81616 0.99775
0.39985 0.24101 0.07847
0.30156 0.68559 0.91966
0.46251 0.50382 0.29865
0.51489 0.69194 0.93779
0.54721 0.47038 0.89272
0.34245 0.45225 0.93360
0.17649 0.06523 0.37116
0.41494 0.00605 0.82827
0.31399 0.15236 0.79980
0.35717 0.79667 0.83154
0.37412 0.78330 0.82084
0.60025 1.00969 0.07142
0.55475 -0.04056 0.50245
0.48484 0.46163 0.66744
0.25114 0.31243 0.86321
1.06339 0.86755 0.38648
0.38651 0.76388 0.45972
0.11824 0.16423 0.22231
0.63948 -0.06143 0.10609
0.50336 0.56578 0.22034
0.40926 0.46626 0.89112
0.46257 0.26133 0.67993
0.17805 0.66962 0.55400
0.41338 0.46577 0.11790
0.76381 1.06355 -0.03499
0.30886 0.21482 0.78098
0.37731 0.09315 0.53395
0.39285 0.02298 0.41567
0.52984 0.37740 0.38717
0.24046 -0.04131 0.90704
0.32939 0.15920 0.62265
0.61753 0.54500 1.08931
0.58684 0.28464 0.51996
0.62781 0.44488 0.80037
0.59694 0.05345 0.44455
0.43287 0.31189 0.28699
0.16115 0.81563 0.86497
0.15146 0.07332 0.51478
0.60550 0.59689 0.37127
0.32295 0.34841 0.12420
0.35148 0.23641 0.59837
0.19417 0.47083 0.92290
0.19278 0.63028 -0.05033
0.71047 0.57679 0.35047
0.61418 0.36522 0.70720
0.81650 0.03331 0.77527
0.63293 0.27655 0.56603
0.57033 0.08203 0.13253
0.61516 0.36846 0.38175
0.36144 0.12187 1.09502
0.52765 0.47090 0.84584
0.95720 0.95657 0.33366
0.29711 0.40920 0.98182
0.44255 0.01297 0.66285
0.66277 0.99388 0.01080
0.26482 0.22273 0.77640
0.94677 0.15865 0.90665
0.43515 0.56620 0.96045
0.28991 0.17734 0.54254
0.83638 0.44029 0.89081
0.31328 0.72195 0.99880
0.43843 0.16377 0.21127
0.21568 0.20400 0.49520
0.54331 1.05479 0.86429
0.42900 -0.06021 1.14827
0.15444 0.43272 0.68002
0.45573 0.09021 0.22393
0.43153 0.41567 0.54772
0.58602 0.73946 0.91063
0.77744 0.99903 0.01266
0.21392 -0.04579 0.47219
0.91850 0.96254 0.37055
0.57784 0.23879 0.88732
0.14663 0.12319 0.67715
-0.03358 0.09885 0.63418
0.89816 0.22597 0.85205
0.66182 0.68274 0.31360
0.19705 0.47202 -0.04972
0.31288 0.55753 0.21752
0.96980 1.08537 0.26540
0.55085 0.94161 0.88845
0.75901 0.77375 -0.21215
0.28651 0.41616 0.77079
0.40799 0.82440 0.94465
0.30255 0.30819 0.96332
0.16010 0.15544 0.31105
0.29697 0.64562 1.06667
0.48155 0.07174 0.59447
0.39336 0.35348 0.78015
