0.81395 0.19881 0.14853
0.85037 0.19273 0.26116
0.95723 0.15250 0.83805
1.06829 0.18015 0.98054
0.62182 0.34043 0.14762
0.57061 0.01356 0.86319
0.77284 0.21339 0.56395
0.95735 0.69679 0.39385
0.65332 0.14484 0.64800
0.40959 0.10576 0.22983
0.61650 0.10818 0.33902
0.16806 0.22006 0.35051
0.74053 0.28198 1.00203
0.32852 0.66082 0.00535
0.39065 0.24991 0.67868
0.85224 0.03782 0.35823
0.41159 0.49757 0.20550
0.09845 0.05705 0.28669
0.96303 0.89149 0.71408
0.67920 -0.07328 0.85573
0.72739 0.67051 0.36967
0.77923 0.57697 0.35589
0.27382 0.37529 0.54451
0.57022 0.08304 0.49152
0.48023 0.20567 0.55481
0.62471 1.00390 0.25896
0.54224 0.17855 0.61956
0.83066 0.25098 0.48138
0.92452 0.25229 0.89401
0.77762 0.17929 0.10700
0.13882 0.19185 0.36747
0.79729 0.07132 0.63689
0.41421 0.44681 0.43447
0.32007 0.00225 0.63660
0.96027 0.49780 0.11790
0.99504 0.01731 0.40289
0.26995 0.11202 0.30054
1.00595 0.23569 0.10562
0.42264 0.25380 0.18961
0.63337 0.05314 0.66529
0.48548 0.04075 0.25968
0.57147 0.21793 0.93002
0.52265 0.48165 0.64275
0.59806 0.48740 0.56504
0.66531 0.48202 0.35222
0.74445 0.26321 0.19895
0.87545 0.88076 0.60501
0.35165 1.05913 0.16250
1.04123 0.35902 1.05707
1.14629 0.56307 0.16918
0.49471 0.17929 0.82287
0.95802 0.76280 0.55205
0.12165 0.16202 0.30477
0.37719 0.95900 0.16706
0.62326 0.15024 0.53389
0.40263 0.41212 0.53334
0.99932 0.74393 0.76271
0.47355 1.11728 0.14631
0.64973 1.06594 0.28709
0.28651 0.32770 0.67140
0.48372 0.18535 0.28162
0.29394 0.27494 0.13526
0.92287 0.33656 0.98087
0.69147 0.34663 0.53385
0.12485 0.57412 0.49275
1.02741 0.82831 0.64910
0.61832 0.18728 0.61566
0.32499 0.31345 0.34241
1.18027 0.96914 0.87103
0.66243 0.01346 0.58950
1.13511 0.94542 0.80942
0.22547 0.54384 0.49530
0.51646 0.09454 0.84492
1.06517 0.51563 -0.07460
1.01581 0.22864 -0.01813
0.83763 0.37992 -0.08406
0.25614 0.17438 0.30375
0.35918 0.20739 0.64814
0.82864 0.03151 0.76711
0.76147 0.53804 0.55542
0.77270 0.27592 0.73702
0.69140 0.97864 0.23372
0.48171 0.55242 0.32635
0.48248 0.89441 0.19799
0.59574 0.21337 0.42517
0.53890 0.57264 0.27762
0.54387 0.40000 0.57968
0.52454 0.27740 0.92973
0.65928 0.16967 0.63418
0.67717 0.06758 1.07517
0.65124 0.29108 0.58624
1.07886 0.28215 -0.07710
0.61950 0.03019 0.96832
0.73661 0.08467 0.66108
0.20488 0.06700 0.30419
0.84632 0.23340 0.29153
0.33841 0.36721 0.73921
0.72763 0.91018 0.20839
0.68587 0.29638 0.39533
0.42496 0.04023 0.77126
0.64614 0.05112 1.12635
1.07676 0.62747 0.82213
0.77011 0.23736 0.19463
0.75086 0.08016 0.52814
0.92226 0.52092 -0.21831
0.44716 0.10777 0.51338
0.14116 0.16737 0.43217
0.90323 0.14796 0.85443
0.47547 0.22169 0.76403
0.32104 0.16420 0.42449
0.55047 0.17715 0.19902
1.04972 0.75592 0.63447
0.72061 -0.01941 0.55978
1.08190 0.27308 1.03317
0.79295 0.16525 0.42928
0.49595 1.10326 0.04276
0.52565 0.26663 0.38851
0.71176 0.19889 0.45878
0.50553 0.27832 0.50910
0.20312 0.34629 0.31372
0.76963 0.10895 0.85876
0.54059 0.19456 0.72517
0.45650 0.18212 0.58390
0.36023 0.03033 0.65574
0.78854 0.11644 0.86289
0.42896 0.09073 0.27960
0.44774 -0.08240 1.05965
0.56873 0.01418 0.90076
0.67445 0.10971 0.59190
0.33974 0.07698 0.86250
0.86791 0.09564 0.52696
0.26593 0.25626 0.47060
0.59020 0.51630 0.64927
0.50684 0.18641 0.59361
0.29235 0.00949 0.70052
0.25289 0.61889 0.50611
0.24993 0.20772 0.54928
0.48965 0.30589 0.29509
0.59836 0.24426 0.47809
0.91991 0.65830 0.03952
1.13016 0.10893 0.88944
0.65745 0.92588 -0.01919
0.39453 0.14945 0.35897
0.36727 0.42754 0.77713
0.18031 0.20082 0.33914
0.66886 -0.00149 0.54346
0.78208 0.68779 0.39748
0.48052 1.02940 0.12475
1.11048 0.52423 -0.01305
0.28222 0.24143 0.45801
0.51688 0.23086 0.35327
0.63417 0.61363 0.38351
0.83184 0.15798 0.81635
1.02741 0.38903 -0.00376
0.76700 0.14301 0.46316
0.51007 0.15770 0.59067
0.48745 0.87501 0.14794
0.07248 0.46253 0.35560
0.31277 0.20594 0.16735
0.70068 1.02665 0.26882
0.65341 0.27502 0.74978
0.76796 0.34328 0.05419
0.77115 0.06835 0.57649
0.43100 0.24057 0.20339
0.38711 0.00849 0.60654
0.68092 0.06850 0.94400
0.86636 0.78954 0.56973
1.02698 0.39960 0.86771
0.34011 0.08732 0.65108
0.85834 0.06742 0.27439
0.73692 0.62039 0.74405
0.51145 0.16509 1.02217
0.52335 0.18401 0.76122
0.72136 0.27406 0.97889
0.39919 0.32931 0.30648
0.86304 0.71697 0.60097
1.02032 0.89801 0.70406
0.61247 0.09437 0.47780
0.33229 0.19615 0.27446
0.67962 -0.06630 0.92012
0.62943 -0.03940 0.77067
0.41062 0.30921 0.53379
0.77468 0.09708 0.82386
0.32770 0.33230 0.17202
0.45495 0.35796 0.59694
0.63415 0.00015 0.52558
0.59042 0.30581 0.39023
1.02524 0.77685 0.88928
0.49858 0.25025 0.67132
0.83999 0.00601 1.10342
0.96190 0.23085 0.86382
0.46810 0.52236 0.15974
0.95158 0.36457 0.08716
0.29333 0.11461 0.68273
0.89443 0.13328 0.57227
0.72698 0.22532 0.57256
0.85397 0.10228 0.93904
0.28470 0.55160 0.37465
0.45210 0.13620 0.62997
0.63263 0.03159 0.82039
0.38082 0.32766 0.36109
0.30686 0.05177 0.63288
0.87115 0.52454 0.01334
1.07979 0.59234 0.21301
0.81187 0.22037 1.09096
0.91396 0.81397 -0.05573
0.44162 -0.03258 0.58762
0.73123 0.16177 1.17181
0.58280 0.20944 0.71399
0.41532 0.01306 0.51004
0.85789 0.24943 0.51449
0.79839 0.21507 0.73088
0.25153 0.10167 0.71945
0.69790 -0.08967 0.62785
0.04819 0.57936 0.50114
0.54713 0.18579 0.13560
0.72867 0.61486 0.38904
0.19927 0.72636 0.34979
0.15216 0.66393 0.37786
0.63002 0.26416 0.22513
0.88612 0.04736 -0.04287
0.98820 0.49202 -0.02997
0.27352 0.31312 0.44202
0.33058 0.10466 0.23147
0.81518 0.51853 0.36226
0.71155 0.64940 0.44637
0.99728 0.46106 0.10135
0.32240 0.15694 0.36739
0.89494 0.88655 0.85209
0.47005 0.35390 0.37040
0.90359 0.24385 0.60138
0.59016 0.12486 0.64575
0.27112 0.09178 0.24793
0.68687 0.21286 0.67179
0.55322 0.26666 0.19347
0.52599 0.34267 0.52991
1.09888 0.52223 0.07277
0.51472 0.20699 0.94071
0.90707 -0.01710 0.05341
0.66563 1.10480 0.13429
0.64287 0.60076 0.71777
0.76828 0.07420 0.98942
0.41507 0.06090 0.29987
0.54331 0.35180 0.68002
0.89607 0.21097 0.07660
0.97603 0.76082 0.55707
0.62445 0.21915 0.83260
1.00418 0.41334 -0.01743
0.43049 0.38577 0.20211
0.53052 0.65875 0.11920
0.30379 0.00555 0.70063
0.22536 0.38056 0.50194
1.09048 0.83756 0.77763
0.98528 0.11927 0.89788
0.34649 0.26645 0.93742
0.31358 0.37995 0.31518
0.25876 0.05117 0.79380
0.58930 0.56152 0.51849
0.18642 0.19791 0.10439
0.42747 0.10722 0.36287
0.55143 0.12730 0.87307
0.82387 0.58907 0.46317
0.93071 -0.08002 0.62674
0.87337 0.16782 0.22712
1.11755 0.41607 -0.09320
0.73633 0.44444 0.61571
0.69769 0.13747 1.14903
0.50632 -0.04952 0.71864
1.05502 0.66562 -0.14643
0.66520 -0.00587 0.95154
0.81831 0.88244 0.74004
0.66796 0.06385 0.73132
0.84451 0.23850 0.84506
0.59154 0.23080 1.02190
0.45019 0.41150 0.20153
0.89594 0.25371 0.10327
0.32335 0.14306 0.22240
0.18051 0.09140 0.23322
0.78039 0.20941 0.29776
0.71303 0.08951 0.81665
0.49035 0.32964 0.19016
0.29325 -0.01235 0.39906
0.87804 -0.01426 0.50438
0.84794 0.63736 0.32140
0.99024 0.72953 0.82068
0.12453 0.15011 0.21931
0.41145 0.12045 0.43894
0.69174 0.46556 0.14008
0.30068 -0.08704 0.60321
0.80285 0.42780 0.69018
1.02318 0.57444 -0.27317
0.36678 0.29407 0.16640
0.59370 0.27793 0.64321
0.35793 0.09885 0.78267
0.44166 0.13697 0.60535
0.43204 0.08416 0.60590
0.82883 0.45752 0.47913
0.64643 0.09060 0.77885
0.80530 0.19464 0.12734
1.06053 0.67889 0.96240
0.48218 0.12583 0.64914
0.69341 0.11358 0.47467
0.51085 0.16094 0.17995
0.47832 0.22861 0.22271
0.92093 0.79550 0.06134
0.76122 0.13082 0.89090
0.71057 0.18143 0.64129
0.87311 0.91813 0.72348
0.64601 -0.00335 1.02583
0.67486 0.27513 0.45237
0.08817 0.02100 0.69339
0.46682 0.22653 0.69644
0.38550 -0.02519 0.17210
0.63378 0.13894 1.13660
0.79097 0.30791 0.43780
0.93865 0.27560 0.88508
1.03204 0.64686 0.76164
0.84757 0.41231 0.09679
0.44206 0.16954 0.65569
0.62519 0.23652 0.81418
0.65346 0.18834 0.81285
0.78731 0.66030 0.45977
0.01276 0.60542 0.52907
0.28969 0.38308 0.41923
0.11882 0.45806 0.42549
0.49286 0.15540 0.72375
0.65084 0.56656 0.42462
0.39741 0.99586 0.08650
0.44229 -0.07681 0.59839
0.58913 -0.11068 0.72951
0.58180 0.01768 0.70090
-0.02371 0.48927 0.46320
0.42511 0.06821 0.63107
0.26502 0.45510 0.50934
0.57651 0.99522 0.19804
0.83214 0.12709 0.43254
0.83294 0.66019 0.64465
0.28955 0.28828 0.43118
0.47223 0.31366 0.17825
0.72585 0.21634 1.06257
0.26812 1.09316 0.20890
0.84561 0.21036 0.96210
0.19229 0.10265 0.48453
0.06239 0.43548 0.35925
0.72684 -0.28163 0.38132
0.49531 0.01939 0.71969
0.52734 0.02908 0.56125
0.48621 -0.07517 0.58561
0.16503 0.40760 0.48056
0.81735 0.50054 0.48128
0.39108 0.22150 0.89302
0.40517 0.33169 0.69676
0.38367 0.51930 0.05115
0.87128 0.30183 0.18170
1.10638 0.56388 -0.02248
0.59846 0.28472 0.67917
0.58907 0.92995 0.30197
0.31193 0.18389 0.27760
0.33224 0.93610 0.35190
0.57509 0.23831 0.58119
0.39164 0.21535 0.47775
0.55605 0.12455 1.20731
0.89434 0.18040 1.04639
0.26388 0.56154 0.34925
0.65604 0.94254 0.09794
0.53696 0.31992 0.64047
1.04416 0.80879 0.69307
0.36480 0.22692 0.40919
0.97689 0.49401 -0.11279
0.23203 0.06844 0.40448
0.71964 0.06691 0.70894
0.38004 0.08200 0.64220
0.45340 0.24975 0.22073
0.03365 0.47149 0.51395
0.35051 0.34055 0.63025
0.36302 0.60764 0.12963
0.34245 0.17113 0.66378
0.38278 1.07184 0.12970
0.67364 0.72054 0.29431
0.23584 0.78769 0.28198
0.74481 0.20808 1.03504
0.13064 0.21170 0.13999
0.24958 0.24261 0.23243
0.04474 0.69346 0.54942
0.31879 0.23902 0.25187
0.75079 0.62787 0.40213
0.84035 0.13587 0.26478
1.00653 0.54646 0.01473
0.53192 0.95111 0.08328
0.12376 0.45341 0.43706
0.43954 0.31381 0.52429
1.04743 0.57858 0.04836
0.40700 1.23260 0.18701
0.66163 0.29904 0.70425
0.82592 0.25224 1.03586
0.63189 0.34084 0.54619
0.68938 0.29944 0.33084
0.49504 0.30886 0.49036
0.99776 0.60383 0.07545
0.46294 0.26933 0.90364
0.63822 0.10075 0.99205
0.91848 0.30330 0.80698
0.21115 0.11936 0.17540
0.49837 0.05451 0.96590
0.92558 0.09060 0.71723
0.10803 0.47984 0.44847
0.74486 0.56458 0.44584
0.47623 0.06477 0.39709
0.70016 0.57755 0.30296
0.67665 -0.07428 0.77792
0.52612 1.04020 0.12365
0.98885 0.74855 0.60573
0.32757 0.19472 0.63664
0.63065 0.14316 0.40069
0.43174 0.55673 0.25437
0.49488 0.33966 0.56942
0.62873 0.24828 0.30717
0.64252 -0.03080 0.73995
0.45841 0.02181 0.46271
0.53571 0.37320 0.28851
0.53396 0.14124 0.24071
0.58425 0.03120 0.59353
0.11997 0.70078 0.42959
0.71086 0.04059 0.75678
0.08361 0.08304 0.29484
0.32319 0.20584 0.23150
1.09877 0.38358 0.01824
0.64586 1.12317 0.20283
0.48142 0.43613 0.70973
1.09540 0.96358 0.63609
0.07778 0.36397 0.29682
1.00514 0.12054 0.83654
0.53469 0.18510 0.75864
0.51991 0.14654 0.98232
0.53275 0.09490 0.81981
0.98876 0.28778 0.05825
0.15623 0.54888 0.41866
0.48471 0.62070 0.01388
0.56955 0.14249 0.29217
0.88549 0.22577 0.25381
0.18911 0.06220 0.51210
0.28483 0.20511 0.57041
0.78788 0.00749 0.45949
0.41775 0.60765 0.35676
0.84007 0.12656 0.08741
1.07352 0.21328 0.92032
0.57236 -0.11711 0.38185
0.61100 0.17916 0.42286
0.69665 0.03675 0.96292
0.34367 0.76262 0.23937
0.79241 0.13781 0.53900
0.50458 0.00422 0.75670
0.53136 0.10908 0.44701
0.45318 0.17019 0.47306
0.94171 0.04746 0.02907
0.26247 0.07346 0.62940
0.34589 0.52873 0.22702
0.91588 0.26616 0.77998
0.00191 0.54535 0.51479
0.86201 0.17987 0.57923
0.69791 0.38330 0.56089
0.93109 0.48451 -0.23438
0.39942 0.12227 0.70454
0.63055 0.23288 0.99072
0.96566 0.34971 0.01661
0.56431 0.20386 0.53304
0.24578 0.35779 0.36922
0.29332 0.16079 0.56296
0.80070 0.76548 0.37021
0.64383 0.12040 0.68506
0.04664 0.71946 0.40689
0.58628 0.22633 0.66976
0.46563 0.44329 0.45428
0.27298 0.16065 0.52726
0.91461 0.14741 0.32060
0.70712 0.12390 0.62310
0.15318 0.34388 0.27278
0.69992 0.71218 0.42089
0.66947 0.03446 0.54348
0.60370 0.15727 0.59822
0.93710 0.77317 0.57570
0.66800 0.59481 0.42917
0.20624 0.26055 0.35827
0.74997 0.48012 -0.15764
0.85108 0.77050 0.88575
0.58818 0.27177 0.69228
0.03831 0.05140 0.17020
0.51569 0.10012 0.57763
1.00158 0.83808 0.73162
0.48050 -0.05697 0.35001
0.68129 0.06022 0.68348
0.70990 0.09762 0.36362
0.59534 0.60185 0.41448
0.39949 0.21510 0.17596
0.31401 0.21335 0.31826
0.58764 0.13003 0.99104
0.67471 0.46838 0.42261
0.54816 0.54212 0.17659
0.52882 0.18470 0.70178
0.71968 0.09505 0.28614
0.86205 0.04390 0.34925
0.22269 0.18185 0.46419
0.71917 -0.01514 0.86011
0.63021 0.10314 0.94919
0.22022 0.29614 0.56040
0.33161 0.04981 0.15549
0.42558 0.17290 0.63341
0.59535 0.13998 0.82235
1.04294 0.24979 1.03361
0.80596 0.02143 0.55183
0.80696 0.17045 0.50217
0.59242 0.33500 0.96195
0.43881 0.33627 0.63290
0.58238 0.20509 0.97108
0.74426 1.07174 -0.04808
0.31025 -0.03800 0.66358
0.53736 0.20498 0.61981
0.61088 -0.12487 0.98435
0.70354 0.12434 0.43798
0.75316 0.49552 0.53618
0.46065 0.01421 0.33756
0.69763 0.11176 0.50343
0.52195 0.41724 0.62956
0.61485 0.87687 0.13226
0.14424 0.15946 0.35539
0.35657 0.26090 0.78330
0.44555 0.26285 0.30530
0.40661 0.30353 0.42870
0.56139 0.30556 0.45617
0.60100 0.26158 0.67726
0.03806 0.33844 0.22488
0.37497 0.12765 0.42614
0.41407 0.16842 0.90841
0.40264 0.14118 0.47422
1.05959 0.11366 0.28254
0.98431 0.44847 0.36736
0.61583 0.51069 0.10108
0.91170 0.16040 0.18580
0.11506 0.31552 0.33770
0.60835 0.67605 0.41936
0.31485 0.52067 0.21286
0.40475 0.66583 0.24251
0.17934 0.19909 0.26974
0.57608 0.10073 0.33002
0.71487 0.06852 0.11227
0.66745 0.10096 0.78360
0.81460 -0.13590 0.82935
0.63639 -0.09082 0.81379
0.07438 0.60650 0.32146
0.73862 -0.01299 0.82668
0.97994 0.09186 0.97131
0.95607 0.38407 0.28532
0.77337 0.27887 0.31940
0.74077 0.00499 0.49914
0.61600 0.47032 -0.03723
0.41136 0.18173 0.32169
0.83520 0.36477 0.55169
0.48597 0.14987 0.75722
0.67922 0.54245 0.34697
0.54050 0.00216 0.61823
0.30068 0.01454 0.37475
0.21435 0.50400 0.49962
0.94146 0.22537 0.84753
0.59921 1.01183 0.15357
0.66063 0.00407 0.55808
1.00796 0.32764 0.86315
0.35377 -0.06873 0.46919
0.90557 0.72786 0.70998
0.46381 0.58471 0.34681
0.67640 0.20324 0.45088
0.53280 0.14033 0.92919
-0.00917 0.63198 0.33109
0.87561 0.76635 0.68230
0.16346 0.04277 0.66733
0.33045 0.07598 0.69368
0.80008 0.64394 0.06328
0.98805 0.29857 0.94710
-0.03096 0.33987 0.51967
0.41272 -0.09213 0.68531
0.26876 0.30670 0.61846
0.27825 0.12000 0.58122
0.44988 0.14330 0.66715
0.61563 0.25054 0.36386
0.00921 0.50203 0.46481
0.55011 0.33826 0.18463
0.39593 0.25906 1.00520
0.69464 0.60699 0.72524
0.55004 0.21327 0.68745
0.73100 0.12962 0.53407
0.62322 0.32080 0.83277
0.21118 0.42136 0.29892
0.42778 0.56119 0.21577
0.65064 0.08361 0.35873
0.03631 0.57223 0.47467
0.84800 0.02187 0.58756
0.79678 0.03896 0.67920
0.90338 0.02211 0.33185
0.12329 0.54913 0.25652
0.69572 0.14573 0.64957
0.78868 0.82118 0.75861
0.49407 0.31236 0.67538
0.42687 0.26023 0.31630
0.74455 0.55371 0.39037
0.66806 0.09902 0.58625
0.51774 0.68680 0.19744
0.78948 0.00990 0.46174
0.91827 0.36149 0.09602
0.65828 0.22408 0.98076
0.61867 0.55206 0.23574
0.51228 0.10429 0.69757
0.48256 1.14046 0.18192
0.52684 0.83872 0.20281
0.87402 0.12224 0.06274
0.52041 0.52560 0.12906
1.05116 0.34197 0.87479
0.54076 0.99815 0.08719
0.59313 0.13580 0.17157
0.39182 0.09728 0.87074
0.78058 -0.05931 0.67860
0.80875 0.30160 0.45002
0.54080 1.02132 0.14605
0.94193 0.23567 0.94079
0.84163 0.56521 0.42720
0.89321 0.37005 -0.01947
1.00893 0.54018 -0.04281
0.60549 0.27575 0.25445
0.42712 1.11251 0.11453
0.10569 0.62015 0.39459
0.61509 0.99142 0.02709
0.62812 0.18070 0.16722
0.48208 0.93349 0.26476
0.50907 0.87136 0.19382
0.58800 0.42109 0.61335
0.60252 0.35500 0.58466
0.45742 0.11977 0.70679
0.67969 0.68265 0.40124
0.56841 0.46445 0.59086
0.22533 0.40597 0.49977
0.42881 0.06614 0.66128
0.20232 0.36864 0.31182
0.69535 0.67872 0.55286
0.72085 0.07501 0.47549
0.39635 -0.10121 0.71874
0.08436 0.59352 0.49196
0.64872 -0.03641 0.78963
0.53306 0.07225 0.72761
0.96086 0.39188 -0.01252
0.47259 0.93272 0.07787
0.31699 0.10055 0.67636
0.61858 -0.14060 1.00678
0.86303 0.07800 0.92310
0.38358 0.18756 0.84958
1.11760 0.91330 0.95175
0.63985 0.54383 0.47368
0.39461 0.16683 0.27025
0.80288 0.13239 0.69293
0.72342 0.65003 0.54964
0.60150 0.33239 0.78742
0.51860 0.06685 1.00211
0.86230 0.20726 0.38324
0.51399 0.11206 0.55686
0.06574 0.43643 0.50048
0.84106 0.10736 0.11872
0.15821 0.02720 0.82286
0.51314 0.10061 0.83610
0.94218 0.22813 0.75695
0.23472 0.50076 0.42237
0.81613 0.10223 0.61028
0.61337 0.18067 0.61671
0.58059 0.08819 0.84056
0.69887 0.13842 0.97614
0.22624 0.33270 0.33511
0.11351 0.19749 0.22690
0.79467 0.27278 0.48084
0.40133 0.39337 0.70961
0.31184 0.04089 0.64186
0.74264 0.50900 0.12208
1.04084 0.50513 0.28604
0.62289 0.12643 0.38386
1.04157 0.05229 0.81562
0.32720 0.15872 0.62766
0.65594 -0.02068 0.68988
0.44729 0.96796 0.14166
0.66309 0.11494 -0.00385
0.54978 0.55249 0.12385
0.44663 0.14031 0.36134
1.02073 0.52510 -0.03807
0.32914 0.14737 0.36410
0.86575 0.17026 0.69327
0.66674 0.05207 0.88777
0.43364 0.62436 0.24312
1.11138 0.63324 0.61381
0.35481 -0.00980 0.63254
0.21118 0.04494 0.23865
0.90287 0.12092 -0.02015
0.47199 0.22090 0.31520
1.01853 0.24776 0.21329
0.53154 0.16889 0.33405
0.52651 0.07179 0.56511
0.57635 0.25473 0.88002
0.74763 0.40819 0.39567
0.12808 0.15241 0.40633
1.09505 0.55252 0.10346
0.47798 0.27745 0.14095
1.08595 0.64004 -0.17916
1.01861 0.90561 0.68494
0.55359 0.39797 0.82252
0.50540 0.90846 0.19291
0.66258 1.19892 0.19436
0.28001 0.15298 0.68179
0.33564 0.54561 0.55419
1.04527 0.54086 0.04203
0.56415 0.57174 0.13241
0.87677 0.22812 0.89534
0.56039 0.20726 0.58711
0.82651 0.55455 0.02472
0.83054 0.08997 0.97353
0.37610 0.07739 0.47538
0.82467 0.11858 0.50248
0.20074 0.18160 0.21384
1.01561 0.44468 0.06756
0.49034 0.17618 0.29609
0.46841 0.29989 0.49693
0.69632 0.18384 0.55714
0.95483 1.07195 0.66302
0.57559 0.06907 0.87762
0.39304 0.16952 0.31557
0.60494 0.11689 0.94924
0.35843 0.02592 0.67411
0.42158 0.32218 0.54395
0.84901 0.55890 0.30265
0.69457 0.18656 0.68076
0.85960 0.58504 0.36141
0.72299 0.14433 0.43743
0.88630 0.13307 0.96511
0.66433 0.58884 0.50504
0.91909 0.13008 -0.08545
-0.10996 0.48395 0.43681
0.60800 0.29277 0.44471
0.83980 0.17585 0.56936
0.46298 0.26522 0.85974
0.78153 0.42559 0.51858
0.98870 0.31221 0.19153
0.41981 0.36398 0.32280
0.71455 0.02082 0.47995
0.39910 0.25699 0.54187
0.24612 0.00866 0.20131
0.82819 0.59320 0.00093
0.26586 0.21708 0.29707
0.86405 0.18335 0.70769
0.71324 0.14125 0.19772
0.44470 0.04560 0.72323
0.57416 0.09314 1.14483
-0.01287 0.64919 0.32701
0.43839 0.21839 0.72588
0.42170 -0.00353 0.70041
0.39955 0.61347 0.31146
1.10836 0.39526 0.10857
0.78299 0.18019 0.19242
0.23461 0.74161 0.32224
0.39329 1.17825 0.10600
0.39812 0.13918 0.30614
0.75391 0.12471 0.43616
0.53285 0.48104 0.19465
0.59869 1.02511 0.22844
0.52943 0.34011 0.80753
0.88879 0.68618 0.91731
1.02966 0.52818 -0.12024
0.53105 -0.01447 0.92765
0.47435 0.10841 0.49540
0.69145 0.13407 0.51510
0.54193 0.44352 0.56463
0.24564 0.19725 0.41862
0.28282 0.03616 0.20225
0.36037 0.20446 0.23892
0.25139 0.25316 0.46115
0.66144 0.14324 0.71063
0.89227 0.42856 0.08425
0.63738 -0.10246 0.95344
0.77662 0.55746 0.39063
0.46594 -0.06380 0.42249
0.56228 0.11122 0.77618
0.65563 0.27627 0.89349
0.26037 0.41696 0.41298
0.62870 0.14251 1.11945
0.54958 0.11942 0.40572
0.92074 0.84853 0.74074
0.55111 0.23805 0.28880
0.74780 0.16451 0.79492
0.93419 0.18809 0.09774
0.21277 0.23520 0.30678
0.47186 0.25843 0.68736
0.60411 0.13445 0.93930
0.40704 0.49311 0.12703
0.44097 0.65781 0.03114
0.96342 0.56932 -0.03398
0.38852 0.55689 0.10525
0.58581 0.53713 0.19235
0.05015 0.61354 0.32350
0.81649 0.23295 0.34658
0.82738 0.06695 0.85837
0.40793 0.27320 0.57793
0.34177 0.10719 0.34217
0.09005 0.25023 0.42099
0.37207 0.24386 0.67596
0.64053 0.18438 0.51400
0.79928 0.25499 0.34407
0.61782 0.01330 0.50247
0.45874 0.63134 0.10619
0.22252 0.10730 0.33746
0.52146 0.23795 0.96317
0.39360 0.14276 0.59903
0.44439 0.21108 0.61530
0.95248 0.72952 0.88648
0.30751 0.13597 0.45669
0.86165 0.13004 1.18313
0.19783 0.59588 0.57979
0.49401 0.15846 0.94421
0.97635 0.04030 1.07969
0.94307 0.50366 0.01186
0.49191 0.15328 0.69489
0.34853 0.38677 0.59978
0.40331 -0.00462 0.64540
1.21318 0.51769 -0.19875
0.74422 0.01052 0.85845
0.75428 0.16374 1.14299
0.37698 0.47842 0.42030
0.52321 0.12756 1.02442
0.53830 0.12381 0.90310
0.77946 0.31843 0.94375
0.94898 0.23938 0.89672
0.30274 0.27116 0.47145
0.63837 0.11849 0.96865
0.37070 0.08953 0.55204
0.86889 0.88384 0.65725
0.86547 0.16313 1.16617
0.38795 0.54909 0.01358
0.44885 0.13245 0.66297
0.22518 0.13384 0.56870
0.67529 -0.03097 0.86069
0.98743 0.68233 0.05482
0.42274 0.35516 0.63656
0.45401 0.53954 0.13373
0.11271 0.23756 0.32842
0.62043 0.14278 0.57988
0.56252 -0.08329 0.57651
0.40915 0.97601 0.27268
0.94350 0.51149 -0.14658
0.50017 0.28432 0.56344
0.72149 0.63887 0.22343
0.69330 0.04309 0.78321
0.23266 0.76412 0.65975
0.91658 0.35768 -0.03941
0.41704 0.03610 0.20727
0.63311 -0.03867 1.11240
1.08647 0.60501 0.81305
0.79022 0.08086 0.29537
0.72267 0.62181 -0.07161
0.51451 0.55407 0.25789
0.52323 0.19247 1.21616
0.49889 -0.12065 0.88604
0.95148 0.09999 0.99726
0.88095 0.30319 0.13009
0.24133 0.17899 0.35745
1.04691 0.12179 0.87929
0.67415 0.01232 0.76693
0.82355 0.96474 0.87689
0.97709 0.28996 0.04951
0.66979 0.07516 0.78430
0.68198 0.06665 0.64040
0.87320 0.28535 0.22006
0.63063 0.14765 0.93499
0.59844 0.03999 0.70407
0.11618 0.22664 0.24472
0.57767 -0.04627 0.91157
0.45261 0.16867 0.81188
0.19738 0.35658 0.58945
0.96600 0.10374 1.01261
0.65733 0.27555 0.24225
0.35786 0.05882 0.51638
0.50205 1.00469 0.23152
0.71712 0.28183 1.01333
0.26692 0.17658 0.59297
0.28205 0.17611 0.35614
0.31811 0.34187 0.49144
0.53243 0.08170 0.89709
1.02469 0.34721 0.91215
0.68655 0.13951 0.94426
0.90946 0.41869 0.22966
0.22426 0.60583 0.39611
0.16733 0.49747 0.48281
1.03344 0.61648 0.02942
0.93193 0.84115 0.67383
0.56239 0.23408 0.93515
1.08289 0.17110 0.70234
0.79459 0.18074 0.97418
0.49869 0.10467 0.97512
0.56896 0.19953 0.38421
0.39202 0.17282 0.12971
0.80627 0.22197 0.91227
0.73478 0.20513 0.23262
0.48050 0.19608 0.53178
1.06365 0.69767 0.94354
0.60240 0.28078 0.70566
0.49337 0.21074 0.27081
0.38885 0.03637 0.71082
0.73451 0.06297 0.01884
1.03162 0.10360 0.97816
0.13338 0.09679 0.76202
0.86472 0.20304 0.88150
0.39927 0.37694 0.18671
0.87867 0.13102 0.83079
0.35976 0.20119 0.59408
0.72413 0.15185 0.84553
0.27104 -0.03218 0.54423
0.79762 0.60324 0.45588
0.67331 0.03614 0.41283
0.38737 0.12419 0.55988
0.34415 0.16527 0.84876
0.69342 0.61299 0.42792
0.97946 0.15607 0.03665
0.87156 0.17061 0.75664
0.67658 0.00727 0.77066
0.57676 0.21235 0.68170
0.75385 0.70679 0.65835
0.79353 0.15186 0.54661
0.55542 0.15717 1.00909
0.88212 0.48259 -0.08252
1.05582 0.24137 0.84971
0.63118 0.28886 0.58406
0.70786 1.02155 0.10948
1.08658 0.15234 0.96347
0.28357 0.00285 0.29329
0.74829 0.00519 0.79183
0.88284 0.65412 0.61522
0.42689 -0.03024 0.58835
0.38415 0.18290 0.94230
0.90943 0.25080 0.50138
0.58528 0.01153 0.74710
0.28210 0.20524 0.55247
0.44413 0.91840 0.25990
0.57750 0.94191 0.09464
0.87681 0.75014 0.84765
0.60709 0.45969 0.58134
0.63326 0.28405 0.95411
0.58522 -0.09798 0.75919
0.87376 0.26250 0.18465
0.76999 -0.05571 1.02312
0.55415 0.50296 0.08393
0.49980 0.34399 0.53831
0.42123 1.01811 0.16304
0.42282 0.07453 0.20236
1.06567 0.21558 0.09387
0.43505 0.62955 0.26697
0.52307 0.18299 0.81524
0.63060 0.13800 0.31149
0.55917 -0.05155 1.05139
0.59541 0.29996 0.34267
0.82091 0.04927 0.60953
0.75552 0.66077 0.55206
0.31254 0.04803 0.32568
0.84096 0.29052 0.29239
0.54809 0.18806 0.27401
0.93196 0.38279 0.84170
0.68457 -0.05007 0.78999
0.68245 0.04405 0.50691
0.32094 0.44851 0.48904
0.58529 0.29658 1.00349
0.58325 0.03186 0.78167
0.16213 0.21384 0.15190
0.58449 0.21944 0.95163
0.94206 0.21553 0.20910
0.47143 0.36086 0.49213
0.83362 0.17063 -0.02995
0.26444 0.14961 0.50258
0.49943 0.16847 0.42447
0.03723 0.51711 0.23760
0.59594 0.16821 0.55400
0.83428 0.53586 0.46319
0.65950 0.57236 0.34504
0.41461 -0.05287 0.34309
0.12242 0.23783 0.33848
0.26847 0.08813 0.45018
0.61648 0.99861 0.01319
0.35258 0.06299 0.43493
0.87844 0.03510 0.04471
0.30399 0.23296 0.18079
0.91926 0.25711 0.46021
0.56031 0.26322 0.57689
0.60604 -0.00732 0.89047
0.15254 0.12186 0.26958
0.46852 0.61079 0.18849
0.56119 0.28626 0.53323
0.73347 0.56042 0.52375
0.87550 0.27465 0.92628
0.53234 0.13412 0.30449
0.63225 0.29618 0.70494
0.46827 0.20491 0.69090
0.91475 0.73671 0.82417
0.44824 0.33871 0.91134
0.15417 0.34785 0.63519
0.59294 0.38048 0.73595
0.70393 0.03845 0.97527
1.01503 0.73533 0.71333
0.86419 0.62787 0.03726
0.41423 0.96422 0.05318
0.94665 0.13146 0.46538
0.49155 0.21277 0.85546
0.54555 0.24790 0.83463
0.45472 0.11110 0.83771
0.61626 0.26229 0.65079
0.07656 0.61209 0.44127
0.68211 0.31665 0.46514
0.55221 0.43147 0.23047
1.07021 0.69128 0.84544
0.68902 0.00077 0.75199
0.95987 0.93386 0.73038
0.84214 0.22631 1.08912
1.02748 0.20097 1.00105
0.16973 0.51373 0.42680
0.53189 0.78901 0.21978
0.49352 0.12735 0.67662
0.81087 0.15821 0.19348
0.66675 0.12674 0.34244
0.03652 0.71279 0.39805
0.42902 -0.01056 0.63390
0.98128 0.20232 1.01106
0.66222 0.05580 0.71381
0.16996 0.10457 0.21940
0.44403 -0.03842 0.60425
0.53985 0.17996 0.83703
0.93709 0.27643 1.09930
0.62712 1.03839 0.14140
0.16062 0.18418 0.38592
0.98818 0.83517 1.02380
0.31015 0.38957 0.39211
0.87185 0.06676 0.89773
1.00205 0.44391 0.08785
0.58686 0.16067 0.72494
0.86993 0.39332 0.15521
1.06252 0.42576 1.05457
1.03453 0.76547 0.53885
0.30112 0.06967 0.59191
0.57032 0.16097 0.21982
1.09203 0.14324 1.05835
0.31431 0.01167 0.68740
0.50359 0.16193 0.51271
0.56551 0.34319 0.70423
0.46093 0.52729 0.15556
0.27433 -0.00243 0.21555
0.19116 0.15316 0.70321
0.68168 0.07021 1.07223
0.23457 -0.04576 0.60554
0.34765 -0.09392 0.18561
0.99373 0.41225 0.10148
0.53354 0.27147 0.26909
0.71817 0.22488 0.30736
0.30492 0.45116 0.52836
0.61130 0.40264 0.57652
0.41298 0.04399 0.22354
0.58191 0.18158 0.30481
0.59045 -0.06178 0.73079
0.50167 0.19079 0.35549
0.94377 0.75121 0.72915
0.68395 -0.03785 0.51381
0.91031 0.13728 0.54286
0.79785 0.10106 0.49497
0.35975 0.25613 0.54917
0.38005 0.29389 0.57931
0.75736 0.45774 0.10870
0.63708 1.10141 0.06507
0.96218 0.62998 0.00986
0.35625 0.25473 0.89888
0.05149 0.52876 0.46814
0.48454 0.39395 0.39978
0.76245 -0.03159 0.91517
0.41577 0.15818 0.29724
0.32411 -0.03584 0.58942
0.47939 0.97070 0.03466
0.25170 0.28012 0.41011
0.96952 0.41144 -0.10083
0.44679 0.33351 0.83080
0.72080 0.05763 0.90996
1.00853 0.80017 0.83493
0.73821 0.48881 0.45915
0.62086 0.27858 0.50520
0.73641 0.25086 0.64950
0.29522 0.32935 0.60252
0.18749 -0.00683 0.27846
0.21352 0.26095 0.46921
0.47760 1.08374 0.09531
0.96439 0.17394 0.84115
0.44097 0.63273 0.20119
0.20624 0.21287 0.33313
0.31207 0.23045 0.59819
0.85561 0.01333 0.56365
0.23181 0.15435 0.20711
0.38444 0.53189 0.22171
0.35704 0.66752 0.26942
0.47483 0.00127 0.23539
0.87685 0.19153 1.05744
0.53671 -0.00041 0.64052
0.05650 0.69561 0.44775
0.42932 0.09274 0.37749
0.76818 0.69265 0.35091
0.53472 0.09615 0.32508
0.45639 0.26162 0.76529
0.39651 0.53591 0.02926
0.89718 -0.04431 0.48722
0.90303 0.80433 0.78578
1.09334 0.16230 0.88276
0.37710 0.22429 0.53796
0.31728 0.09588 0.68390
0.45949 0.35147 0.39123
0.65128 0.04018 1.06775
0.44005 0.14609 0.27627
0.51023 0.07506 1.03080
0.59117 0.08833 0.07453
0.52030 0.17600 0.24912
0.50077 0.02981 0.73751
0.64395 0.14637 0.84912
0.88613 0.36682 0.10461
0.77775 0.07520 0.50257
0.78699 0.21362 0.40060
1.04234 0.19213 0.86893
0.79579 0.09329 0.41040
0.84713 0.50314 0.02739
0.39640 0.28548 0.68380
0.64590 0.25074 0.46450
0.96577 0.21650 0.12933
0.51780 0.09760 0.58783
0.37402 0.08230 0.61785
0.27272 0.13615 0.37962
0.64793 0.11885 0.83814
0.85898 0.15892 0.53358
0.48253 0.11466 0.52376
0.57017 -0.05869 0.99711
0.45501 0.20573 0.16419
0.55122 0.11395 1.13599
0.83039 0.80911 0.77220
0.83781 0.32406 0.11186
0.55740 0.78955 0.08683
0.67577 0.11983 0.84443
0.60298 0.02884 0.79281
0.76018 0.11554 0.91533
0.67928 0.04683 0.53737
0.47108 0.31788 0.57228
0.22908 0.22118 0.52179
0.70158 0.72561 0.48607
0.66395 -0.06880 0.60884
0.37094 0.59809 0.26473
0.61307 0.19622 0.90115
0.91879 0.15722 0.99996
0.88976 0.87638 0.89669
0.37850 0.24665 0.48999
0.64552 0.31352 0.30463
0.45032 0.47484 0.47332
0.80793 0.15785 -0.01802
0.52142 0.05389 1.10809
0.86612 -0.04966 0.16493
0.79281 0.83578 0.36492
0.90290 0.07230 0.02785
0.83924 0.08757 0.42625
0.37660 0.51462 0.64040
0.74981 -0.13509 0.65997
0.78364 0.24605 0.09073
0.67702 0.10032 0.83717
0.89826 0.02821 0.59040
0.71807 0.21958 0.41664
0.26229 0.52535 0.16321
0.68135 -0.04598 0.61225
0.43255 0.03360 0.52629
0.89017 0.39972 -0.04621
-0.06725 0.40397 0.41346
0.96981 0.35887 0.15117
0.74367 0.53752 0.46071
0.83669 0.25020 0.29607
0.46636 0.05736 0.54866
0.22101 0.28548 0.34488
0.54924 0.13537 0.75697
0.78022 0.25632 0.48391
0.52361 1.23588 0.17168
0.76557 0.43555 0.03509
0.62079 0.04071 0.48396
0.38502 0.05034 0.09667
0.22150 0.20028 0.66736
0.79728 -0.00803 0.27422
0.98622 0.11599 0.80540
0.50223 0.14665 0.81181
0.04489 0.64083 0.50686
0.69573 0.30114 0.11403
0.41162 0.53850 0.30935
0.13370 0.02268 0.58155
0.01130 0.61361 0.49861
0.45451 0.16750 0.83546
0.62442 0.02779 1.17747
0.86098 0.26658 0.42352
0.69442 -0.03791 0.86498
0.52780 0.22880 0.80654
-0.08760 0.30765 0.30857
0.50906 0.53735 0.25136
0.61352 0.07503 1.01069
0.74010 -0.02077 0.64071
0.53305 0.22387 0.26633
1.08772 0.20958 0.25025
0.69636 0.52330 0.31151
0.75795 0.47320 0.41126
0.50663 0.90076 0.19536
0.43972 0.64742 0.13300
0.78739 0.38944 0.19331
0.58244 0.23908 0.16615
0.65309 0.02490 1.08042
0.85495 -0.25488 0.85628
0.69451 0.57667 0.49958
0.56189 1.13968 0.09301
0.06346 0.11050 0.36216
0.71479 0.26348 0.63928
0.28137 0.22535 0.61170
0.58495 0.17217 0.93458
0.97993 0.09047 0.60931
0.76408 0.03132 0.53007
0.78804 -0.00106 0.56806
0.49196 0.31212 0.50808
0.51269 0.58724 0.13992
0.39337 0.03554 0.60307
0.40063 1.16731 0.36902
0.13946 0.22747 0.18744
0.08043 0.41028 0.28812
0.53112 0.99024 0.10582
0.32474 0.21550 0.33613
0.49320 0.26821 1.06880
0.73012 -0.08376 0.77577
1.07092 0.32209 -0.04520
0.53129 0.11021 1.07727
0.92839 0.42692 0.08384
0.56549 -0.11883 0.80045
0.77803 0.47291 0.06396
0.30025 0.33144 0.55677
0.22903 0.70262 0.42833
0.44480 0.12147 0.32553
0.97775 0.71909 0.62482
0.96832 0.67998 0.70526
0.57020 0.16102 0.60007
0.47506 0.25739 0.34025
0.29098 0.08006 0.32432
0.28729 0.31186 0.04959
0.78541 0.52643 0.27830
0.46344 0.01706 0.69895
0.93469 0.72132 0.90314
0.28743 0.12449 0.27921
0.74797 0.47426 0.52836
-0.06962 0.63871 0.28528
0.98985 0.84864 0.55889
0.34083 -0.09369 0.58184
0.69279 0.35045 0.55931
0.51139 0.15439 0.71914
0.69134 -0.17860 0.69751
0.09583 0.62079 0.48333
0.30323 0.14150 0.26087
0.65004 0.07403 0.66041
0.60890 0.11253 0.36127
0.63968 0.29780 0.66795
0.96053 0.41234 0.08476
0.95044 0.02043 0.65902
0.61978 0.35197 0.56704
-0.01089 0.46917 0.53499
0.42420 -0.03699 0.27634
0.40306 0.18763 0.21094
0.55946 0.54105 0.07531
0.70454 0.29567 0.47545
0.65563 0.52052 0.37597
0.89835 0.06492 0.74997
0.74308 0.64935 0.45209
0.63634 0.60276 -0.08138
0.52491 0.01004 0.34512
0.24839 0.13253 0.58235
0.89581 0.32246 0.92379
0.11670 0.43394 0.33644
0.35395 -0.03309 0.52695
0.74810 0.58550 0.39796
0.48055 0.42199 0.27154
0.87941 0.80754 0.94300
0.31681 -0.00017 0.74136
0.65507 0.67463 0.60342
0.33908 0.26572 0.39383
0.30160 0.33652 0.62904
0.64771 0.17701 0.90108
0.20836 0.43791 0.36117
0.34312 0.26904 0.29112
0.24882 0.24344 0.23838
0.35863 0.37587 0.33146
0.24432 0.15741 0.32394
0.46756 0.19142 0.84463
0.62007 0.23720 0.99986
0.64964 0.18595 0.87971
0.37343 0.19243 0.44184
0.27733 0.21321 0.20815
0.35535 0.08681 0.20317
0.17012 0.13483 0.47684
0.71644 -0.09122 1.13969
0.40824 0.51914 0.49812
0.73763 0.19964 0.92299
0.75897 0.04206 0.67543
0.84560 0.24038 1.06810
0.81318 0.04527 0.46321
0.63463 0.10771 0.61802
0.64935 0.05858 0.66717
0.72784 0.44136 0.52552
0.90270 0.80261 0.75092
0.59319 0.25297 1.03392
0.84676 0.18834 0.81223
1.01292 0.79570 0.78113
0.45737 0.23828 0.49705
0.72190 0.04749 0.57941
0.97722 0.73852 0.74302
0.76328 0.12276 0.60149
0.47866 0.19839 0.81489
0.32372 0.28479 0.66386
0.39691 0.60794 0.22512
0.46571 0.13216 1.08906
0.28906 0.32761 0.80565
0.07519 0.44024 0.19929
0.60570 0.91166 0.13187
0.57700 0.21158 0.70695
0.37233 0.55668 0.39956
0.90627 0.97362 0.55945
0.74043 -0.20273 0.84615
0.37453 0.54033 0.25535
0.74305 0.20017 0.37664
0.25551 0.38601 0.23556
0.60660 0.84277 -0.05400
0.90489 0.77812 0.77135
0.69757 -0.01030 0.86935
0.71752 0.26283 0.99131
0.22035 0.21210 0.46489
0.21187 -0.06312 0.61213
0.59464 -0.12268 0.54652
0.93211 0.01040 0.70387
1.01658 0.85910 0.87443
0.61326 0.09598 0.62738
0.47247 0.41696 0.21895
0.57339 0.24342 0.16014
0.48898 0.11976 0.19667
0.66257 0.33568 0.83655
0.63325 0.19394 0.40321
0.59241 0.36891 0.32706
0.32415 0.12178 0.67317
0.77039 0.11982 0.54638
0.41133 0.00922 0.65886
0.74726 0.17877 0.39508
0.42861 0.18823 0.23091
0.88401 0.15664 0.48144
0.60476 0.19781 0.59758
0.82011 0.35764 0.89935
0.41889 0.25991 0.44916
0.55566 0.44973 0.18075
0.29489 0.15531 0.44639
0.73098 0.01529 0.88501
1.03660 0.16328 0.87886
0.60087 0.59160 0.24393
0.72124 -0.13538 0.82138
0.35766 0.05776 0.14687
0.73411 0.21054 0.64780
0.48281 1.12518 0.02369
0.80490 0.24081 0.44316
0.91178 0.04544 0.41890
0.01913 0.65616 0.51236
0.74925 0.31821 0.53888
0.56898 0.10247 0.99946
0.38611 0.37521 0.68079
0.53171 0.21064 1.03571
0.79804 -0.01539 0.47040
0.81994 0.43262 0.34286
0.58910 0.50605 0.26820
0.05115 0.46288 0.54849
0.54116 0.96226 0.26776
0.45943 0.14594 0.72185
0.16201 0.25719 0.23428
0.55788 0.07877 0.32641
0.54269 -0.01743 0.73899
0.86945 1.08984 0.69796
0.67098 0.36788 0.40470
0.64186 0.17639 0.78403
0.84820 0.59040 -0.04848
0.43144 -0.08184 0.49780
0.59757 0.05121 0.89230
0.50573 0.12722 0.28269
0.72227 -0.23687 0.59263
0.52760 0.63206 0.28928
0.40983 0.23893 0.60200
0.52073 0.62546 0.25013
0.79941 0.17207 0.65369
0.04053 0.55333 0.41946
0.22355 0.33484 0.49930
0.42914 0.28594 0.32768
0.13041 0.42793 0.50900
0.82052 0.20744 0.47972
0.16679 0.73331 0.66711
0.72309 0.05363 0.54961
0.36279 0.20091 0.64331
0.67595 0.19379 0.31975
0.53226 0.18732 0.75776
0.10800 0.24303 0.33628
1.16339 0.62027 0.14804
0.71664 0.52096 0.49067
0.53526 0.56383 0.23787
0.59308 1.03679 0.17278
0.84670 0.77637 0.62139
1.14109 0.35218 0.85881
0.21570 0.77809 0.06571
0.91303 0.81467 0.70274
0.38783 0.32741 0.94434
0.21423 0.78522 0.32208
0.48144 0.17824 0.27656
0.56643 1.03922 0.01048
0.73064 -0.05895 0.59838
0.60855 0.23844 0.78773
0.90977 0.27508 0.19854
0.86119 0.08027 0.56953
0.58645 0.31487 0.55839
0.15934 0.49992 0.54736
0.65725 0.39126 0.47110
0.53090 0.54182 0.14683
0.86925 0.39273 -0.07891
0.80068 0.68877 0.39879
0.64580 0.34562 0.36192
0.61717 0.11570 0.64358
0.36541 0.41781 0.48769
0.75767 0.26238 0.20391
0.84977 0.32768 0.02633
0.24956 0.11957 0.37601
0.65143 0.06344 0.55739
0.42158 0.66477 0.07232
0.94776 0.11189 0.12614
0.35666 0.11213 0.59708
0.32838 0.31739 0.58216
0.69412 -0.00788 0.54765
0.68544 0.02204 0.84109
0.68609 0.14229 0.78294
0.28517 0.32096 0.37768
0.22300 0.16620 0.53192
0.74587 0.03287 0.92989
0.94341 0.14896 0.98477
0.43882 0.43671 0.41943
0.94475 0.95488 0.77757
0.28948 -0.05496 0.83720
0.95032 0.07941 0.89733
0.47596 0.24166 0.22218
0.65700 0.24349 0.52465
0.70687 0.46321 0.63191
0.41736 0.22159 0.70800
0.43094 0.52429 0.23953
0.25692 0.05884 0.44019
0.39082 0.12714 0.61517
0.17393 0.20023 0.35195
0.88468 0.15551 0.07892
0.71616 0.19190 0.90439
0.54498 1.10219 0.17522
1.06462 0.40695 -0.07902
0.67135 0.63611 0.35357
0.90672 0.06940 0.26177
0.87743 0.81578 0.65165
0.50975 0.43851 0.64725
0.37330 0.66192 0.10860
0.75304 -0.00663 0.61443
0.79991 0.33706 0.48623
0.86647 0.88850 0.73913
0.66561 0.10342 0.65913
0.22633 0.58025 0.41384
0.57477 0.20522 0.28669
0.66309 1.00341 0.16643
0.86500 0.43498 0.33174
0.33471 0.13969 0.72980
-0.00679 0.58070 0.34409
0.63899 0.50609 0.48340
0.66533 0.13083 1.03405
0.73660 0.87197 0.81854
0.71570 0.26576 0.35462
1.04879 0.18949 0.90797
1.18441 0.14435 1.00365
1.03884 0.45828 0.13428
1.00459 0.58910 -0.02752
0.52293 -0.05395 0.55942
0.79004 0.20594 0.47503
0.64820 0.16513 1.00864
0.72326 0.32363 0.19469
0.54864 0.22256 0.53101
0.51473 0.44943 0.17842
0.43499 0.38475 0.56141
0.59927 0.53612 0.24653
0.24780 0.72148 0.29634
0.32294 0.36440 0.49596
0.23490 0.24112 0.65103
0.43060 1.05268 0.13504
0.48344 0.21184 0.29972
0.27628 0.44112 0.32421
0.43493 0.11887 0.47134
0.82858 0.14847 0.52195
0.75621 -0.00882 0.99746
0.45343 0.93131 0.09456
0.92871 0.17306 1.09905
0.57736 0.25209 0.49791
0.59441 0.06103 0.23089
0.77493 -0.00530 0.74991
0.85659 0.11915 0.09995
0.91557 0.23422 0.60377
0.48017 0.16289 0.12108
0.62684 0.11800 0.58067
0.49872 0.25480 0.65671
0.52700 0.43640 0.39758
0.80607 0.77229 0.50659
0.40948 0.19559 0.88060
0.66048 0.03933 0.83320
0.49523 0.34266 0.53087
0.66444 0.55028 0.59422
0.68799 0.08948 1.13856
0.58317 0.34261 0.48933
0.35456 0.17331 0.13468
1.03946 0.11451 0.97990
0.47158 -0.03299 0.43517
-0.03243 0.59644 0.34636
0.65120 0.01808 0.72936
0.35212 0.34102 0.64863
0.85136 0.33535 0.01348
0.69107 0.17031 1.01363
0.23470 0.00861 0.53578
0.71348 0.14234 1.06192
0.94494 0.68203 0.77363
0.84567 0.17848 0.18363
0.85777 0.27390 -0.01817
0.49696 0.23144 0.78081
0.66756 0.11962 0.93045
0.84482 0.31033 0.87694
0.49141 0.53360 0.41118
0.42603 0.21099 0.50181
0.89291 0.52303 0.52147
0.58099 0.28941 0.84311
0.70902 0.19072 0.95507
0.77044 0.38523 0.00392
0.73868 0.66770 0.55172
0.54277 0.36181 0.57526
0.58417 -0.21031 0.63916
0.48231 0.04809 0.17798
0.54966 -0.01268 0.77676
0.69061 0.38185 0.66478
0.46703 0.57691 0.17512
0.44034 0.76826 0.10743
0.49708 0.12948 0.87951
0.54137 0.13183 0.81511
0.83493 -0.05102 0.72560
0.20599 0.16699 0.43721
0.07274 0.27594 0.33331
0.25772 0.56721 0.37854
0.25970 0.45639 0.35575
0.41311 0.54438 0.20008
0.20750 0.33917 0.47082
1.00251 0.16967 0.81257
0.26263 0.18726 0.27365
0.49444 0.93601 0.17413
0.77893 0.21493 0.54451
0.51888 0.17383 0.39529
0.98099 0.79167 0.54092
0.40390 0.28347 0.30118
1.05426 0.94095 0.89332
0.42170 0.37535 0.00363
0.59461 0.96903 0.03440
0.60102 0.28653 0.68568
0.66070 0.15886 0.71820
0.50225 0.08624 0.31493
0.65785 0.95310 0.11482
1.11260 0.61751 0.67091
0.74980 0.21468 0.74961
0.09586 0.57945 0.36821
0.79505 -0.04482 0.47030
0.92903 0.17768 0.21219
0.98581 0.47339 0.41483
0.29621 0.14630 0.55446
0.30640 0.24238 0.48176
0.24049 0.16292 0.38214
0.53481 0.99125 0.25049
0.39256 0.28501 0.43486
0.43966 0.08059 0.63802
0.62877 0.05802 0.54003
0.65376 0.35844 0.57679
0.45299 0.59475 0.32659
0.48323 0.09624 0.33087
0.42319 0.31507 0.41513
0.33561 0.31561 0.39642
-0.03327 0.47911 0.51117
0.87630 0.19011 0.12559
0.72886 0.04069 0.84869
0.64341 0.22995 0.99351
0.48670 0.94508 0.08307
0.78849 0.02672 0.95711
0.32913 0.01295 0.16061
0.68541 0.14565 1.05521
0.71181 0.55468 0.40933
0.50238 1.00916 0.13483
0.90901 0.16096 0.82037
0.12623 0.61234 0.40960
0.23552 0.21817 0.65401
0.85959 0.58915 0.28228
0.83579 0.10447 0.36341
0.57891 0.29186 0.76897
0.51478 0.08396 0.40199
0.69647 0.20439 0.57188
0.91584 0.94419 0.68622
0.69123 0.37889 0.30032
0.42492 0.10544 0.60294
0.95626 0.47623 0.13631
0.50144 -0.09139 0.69130
0.74229 0.51464 0.33851
0.87467 0.24612 1.09776
0.19518 0.21283 0.70023
0.83770 0.20699 0.05127
0.56196 0.39812 0.09106
0.81124 0.63599 0.49070
0.14038 0.21920 0.40308
0.94288 0.73834 0.73167
0.25548 0.31116 0.39815
0.37981 0.51964 0.16996
0.84048 0.23424 0.59144
0.35234 0.07835 0.49627
0.77385 0.35039 0.58863
0.66962 0.03981 0.98854
0.86396 0.12094 0.64855
0.82216 0.44015 0.40382
0.93089 0.28237 0.26234
0.75587 0.21161 0.55645
0.64620 0.02165 0.37058
0.53963 0.09733 0.72860
0.92148 0.17895 0.13278
0.97656 0.76909 0.55814
0.56480 0.99278 0.20695
0.93128 0.61963 0.05332
0.39608 0.11730 0.57002
0.61230 -0.08936 0.84353
0.57972 0.12013 0.49209
0.36718 0.08609 0.31285
0.82393 0.10502 0.32764
0.24183 0.10022 0.52781
0.58482 0.14971 1.05471
0.78111 0.93380 0.72531
0.75856 -0.00213 0.78486
0.62038 0.09434 0.37436
0.69109 -0.03116 0.81927
0.51047 0.29320 0.17239
1.12842 0.87369 0.56615
0.68046 0.20719 0.58803
0.33360 0.26595 0.43637
0.79821 0.53174 -0.05766
0.96528 -0.03469 0.55896
0.03475 0.45624 0.44889
0.67901 0.25389 0.78766
0.97402 0.25955 0.23961
0.64927 0.26042 0.65835
0.58829 0.06286 1.08062
-0.09395 0.65626 0.43742
0.99189 0.25846 0.84834
0.09447 0.09699 0.35969
0.95110 0.29843 0.12963
0.25282 0.16103 0.40522
0.71389 0.04800 0.71044
0.44933 0.27067 0.81568
0.48322 0.06609 0.81348
0.90156 0.19659 0.37773
0.30227 0.25555 0.54325
0.51350 0.50560 0.18406
0.60181 0.36225 0.71279
0.10659 0.17625 0.49249
0.32502 0.16380 0.63059
0.56066 0.14503 0.87160
0.37636 0.19115 0.71085
0.93368 0.39522 -0.11626
0.32610 0.07355 0.78456
0.42429 0.17288 0.36389
0.86240 0.16128 0.27547
0.68952 0.10520 0.33613
0.87813 0.93924 0.67469
0.48812 0.51430 0.21225
1.01619 0.23968 0.87922
0.58190 0.13368 0.27511
1.08362 0.40719 -0.04302
0.47188 0.16754 0.64796
0.44406 0.85290 0.27068
0.81292 0.49162 -0.05642
0.50147 0.51004 0.17803
0.24316 0.19801 0.55904
0.60557 0.63302 0.10901
0.45203 0.52728 0.22189
1.18320 0.87745 0.65221
0.43961 0.00491 0.69260
-0.05377 0.41744 0.47555
0.65055 0.41911 0.34834
1.03222 0.43364 -0.06294
0.35214 0.14243 0.69008
0.90040 0.64335 0.27546
0.72868 0.64418 0.45235
0.24190 0.11150 0.11965
0.89978 0.02068 0.92194
0.74559 0.33103 0.99503
0.32234 0.13607 0.85578
0.53204 0.34469 0.70573
1.05817 -0.06670 0.84895
0.38589 0.27460 0.46160
0.62133 0.16154 0.72472
0.33853 -0.07714 0.38362
0.37875 0.68966 0.10596
0.41831 0.14752 0.08091
0.89051 0.28254 0.95466
0.30045 0.11853 0.57578
0.57176 0.00177 0.55461
0.41235 0.53576 0.38216
0.50649 0.25299 0.25659
0.86280 0.45176 -0.11126
0.85705 0.01157 0.44486
0.39561 0.31594 0.32929
0.54458 0.92122 0.07673
0.71194 0.51464 0.63320
1.02086 0.68724 0.79519
0.47105 0.16499 0.66514
0.24677 0.12288 0.32432
0.45946 0.11449 0.28876
0.48013 0.98234 0.20419
0.55816 0.27269 0.60585
0.29532 0.18031 0.49923
0.18541 0.15268 0.30804
0.96395 0.89547 0.75614
0.41636 0.62766 0.30157
0.60602 0.39215 0.44180
0.51889 0.19382 0.95065
0.82840 0.02735 0.03478
0.70021 0.58963 0.24352
0.43201 0.13641 0.39167
0.62051 0.22723 0.64447
0.65951 1.16149 0.19704
0.84622 0.56204 0.55275
0.62463 -0.07082 0.70154
0.95075 0.47240 0.04338
1.00307 0.12874 0.02419
0.40911 0.71286 0.16235
0.09109 0.57824 0.35550
0.53059 0.19444 0.65591
0.37011 -0.17151 0.60910
0.44020 0.06653 0.73448
0.86635 1.07157 0.80071
0.79323 0.00254 0.88502
0.80859 0.75561 0.57942
0.52422 0.14733 0.86410
0.61442 0.34431 0.34819
0.79415 0.90200 0.65562
0.86083 0.05859 0.11073
1.18062 0.85117 0.74718
0.75349 0.14887 0.94080
0.50775 1.21448 0.03531
0.62695 0.33933 0.71387
0.60899 0.57965 0.89336
0.19478 0.12870 0.32023
0.32186 0.07968 0.22524
0.73940 0.19269 0.49855
0.69874 0.58959 0.51669
0.65729 0.22972 1.05762
0.99620 0.87492 0.67436
0.66025 0.07784 0.51419
0.87288 0.39627 0.54851
0.49511 0.27012 0.46601
0.32135 -0.00351 0.43876
0.48238 0.31799 0.82810
1.01137 0.81223 0.80370
0.45760 0.94090 0.16720
0.40133 0.11006 0.79300
0.45654 0.46361 0.56756
0.88718 0.10204 0.45681
0.45358 0.21319 0.28352
0.88362 0.16165 0.92347
0.66695 0.02451 0.88823
0.15011 0.59289 0.64276
0.05893 0.22900 0.22106
0.30794 0.28386 0.40591
0.86558 0.13269 0.55109
0.82129 0.36122 0.01346
0.66974 0.27824 0.67766
0.24233 0.08215 0.56220
0.47402 0.37529 0.59436
0.55095 0.61772 0.19462
0.58894 1.15779 0.13794
0.70670 0.06946 0.73350
0.35570 0.15519 0.06756
0.55976 0.10598 0.31274
0.62434 -0.09689 0.88484
0.39597 0.09269 0.60589
0.86038 0.54753 -0.08298
0.27184 -0.03258 0.66491
0.96388 0.47229 0.16188
1.15993 0.23509 0.83832
0.66635 0.04229 0.95392
0.19040 -0.03496 0.23684
0.75729 0.06001 0.82065
0.95169 0.62234 0.83819
0.56922 -0.06603 0.61076
0.44144 0.58366 0.15390
0.25729 0.22467 0.51846
0.51727 1.18795 0.29951
0.76941 0.18620 0.60161
0.62713 0.23710 0.65330
0.59366 -0.03951 0.66868
0.56860 0.22769 0.38070
0.51439 0.86859 0.06643
0.72391 -0.08841 0.93623
-0.08416 0.63970 0.50625
0.69873 0.79553 0.33428
0.85794 0.18467 0.12457
0.79040 0.20249 0.54820
0.63585 0.60997 0.65431
0.36681 0.22432 0.42310
0.49964 1.12763 0.22824
0.68371 0.06457 1.05094
0.74599 0.04533 1.12909
0.70889 0.05536 0.56009
0.03700 0.24480 0.42145
0.78135 0.29756 0.43781
0.17648 0.53932 0.73180
0.59115 0.45089 0.32883
0.78115 0.31252 0.84042
0.49595 -0.00508 1.12530
0.09005 0.49744 0.49323
0.66874 0.87429 0.18156
0.55998 -0.11785 0.63713
0.30779 0.02629 0.82047
0.84764 0.35287 0.06074
1.07686 0.29771 0.13476
0.43669 0.23824 0.48359
0.32534 0.21192 0.54268
0.64958 0.16242 0.88607
0.94539 0.30753 -0.03380
0.12972 0.10677 0.45184
0.60505 0.44874 0.67471
0.82795 0.20287 1.05095
0.60370 0.01629 0.75965
1.09081 0.54435 0.05723
0.37032 0.02304 0.45731
0.14104 0.22618 0.44054
0.77416 0.27513 0.48756
0.76374 0.22947 0.47499
0.83031 0.19267 0.57388
0.71320 0.23438 0.37390
0.32852 0.02640 0.67993
1.02494 0.18168 0.31202
0.61578 0.11396 0.52457
0.27100 0.33972 0.28552
0.56181 0.18873 0.65331
0.56994 0.94393 0.12079
0.98453 0.61793 -0.21487
0.42045 0.39121 0.47528
-0.01778 0.50936 0.49582
0.48746 0.47337 0.26816
0.32575 0.17943 0.40408
0.93430 -0.06716 0.75604
0.37608 0.23171 0.57770
0.85245 0.15975 0.29084
0.53005 0.27661 0.28733
0.42098 0.00010 0.14332
0.46483 0.09832 0.15337
0.16590 0.55580 0.64903
0.10442 0.57191 0.60349
0.61903 0.25009 0.46839
0.95240 0.47915 -0.04257
0.79850 0.07374 1.09437
0.59876 0.15486 0.43643
0.52381 0.13819 0.38048
0.59896 0.22920 0.32315
0.74121 -0.09164 0.70604
0.49855 0.14249 0.61946
1.06390 0.73475 0.93310
0.51861 0.37444 0.66843
1.06127 0.12216 0.19146
0.47245 0.92492 0.17432
1.13908 0.58205 0.03036
0.45626 0.13127 0.69650
0.82283 0.40728 0.37902
0.30687 0.29077 0.30069
0.08827 0.37561 0.53967
0.59585 0.01202 0.96231
0.71865 0.05177 0.96758
0.90164 0.17752 0.75805
0.80273 0.22933 0.40492
0.58332 0.21701 0.78270
0.92759 0.53800 -0.00808
0.87518 0.60814 0.39804
0.57694 1.27192 0.11852
0.50499 0.16179 0.71809
1.09712 0.49881 0.05218
0.71512 -0.01725 0.67337
0.42450 0.08600 0.27188
0.79624 0.27431 0.56973
0.98953 0.96722 0.71250
1.01279 -0.02729 1.07511
0.26469 0.15767 0.27041
1.01586 0.61517 0.11474
0.57696 0.07787 0.67187
0.50955 -0.01405 0.63204
0.98045 0.62837 -0.09120
0.74326 0.16905 0.05396
0.55886 0.29941 0.47635
0.25291 -0.03546 0.25062
0.40070 0.00506 0.80422
0.69387 0.88476 0.81127
0.34163 0.01787 0.24724
0.70207 0.52565 0.42648
0.65305 0.25133 0.34657
0.65922 0.14663 0.60639
0.28696 0.13317 0.20474
1.00778 0.95870 0.65291
0.53266 0.47771 0.48924
0.44961 -0.01721 0.89680
0.57852 0.01835 0.86363
0.92694 0.40318 -0.09561
0.60345 1.00159 0.11892
0.21505 0.26702 0.32586
0.60551 0.04657 1.08515
0.40112 0.26825 0.63999
0.72375 0.05553 0.66554
0.58444 0.13431 0.84176
0.98297 0.42364 0.15913
0.30319 0.24836 0.51155
0.72062 0.45506 0.53900
0.45870 0.10192 0.37323
0.42498 0.21446 0.47559
0.85609 0.85673 0.80022
0.41630 1.02435 -0.14782
0.62789 0.85387 0.18493
0.50575 0.26831 0.71615
0.89141 0.27127 0.47754
0.62133 0.04645 0.65388
0.97282 0.47902 -0.11225
0.77631 0.51286 0.54814
0.76682 0.13138 0.21171
0.84012 0.75827 0.75376
0.44056 0.16134 0.24461
0.14054 0.53523 0.50857
0.37738 0.15859 0.69024
0.76843 0.16287 0.58596
0.84380 0.06697 1.04456
0.59790 0.07305 0.51268
0.57857 0.03167 0.13324
-0.03947 0.53661 0.38248
0.96253 1.02455 0.75256
0.43197 0.09494 0.71190
0.30056 0.18940 0.36138
0.99418 0.14567 0.34319
0.69883 0.18945 0.72512
0.11807 0.13057 0.32488
0.95133 0.55854 -0.12483
0.23565 0.17266 0.44126
0.05012 0.56797 0.41868
0.89060 0.29086 0.27212
0.52680 0.05923 0.84332
0.78184 0.24581 -0.03350
0.66697 0.10220 0.41160
0.92094 -0.06383 0.84230
0.49969 0.50993 0.34815
1.10290 0.80300 0.58980
1.04465 0.25834 0.30649
0.87715 0.11250 -0.00765
0.13543 0.57114 0.45972
0.90422 0.15018 0.19666
0.26228 0.21087 0.75234
0.60752 0.02951 1.00028
0.18118 0.53201 0.32787
0.96360 0.72347 0.68624
0.36294 -0.05959 0.71164
0.43588 1.01398 0.05805
0.68678 0.93131 0.08224
0.62215 0.68072 0.16271
1.09091 0.61501 0.02973
0.26977 0.36244 0.56355
0.76414 0.61515 0.55754
0.32133 0.59686 0.11658
0.72336 -0.06935 0.11475
0.64501 1.04903 0.04762
0.79554 0.82580 0.39025
0.71462 0.13159 0.64508
0.15953 0.29346 0.22478
0.33753 0.02471 0.32175
0.04284 0.58028 0.39862
0.63973 0.20725 0.30915
0.47681 0.12562 0.51233
0.68266 0.18623 0.51496
0.31319 0.19790 0.41591
0.36208 0.03287 0.11743
0.69548 0.21262 0.88755
0.14768 0.61536 0.30765
0.17397 0.37580 0.53919
0.63740 0.92059 0.31674
0.92446 -0.01799 0.59041
0.52547 0.61057 0.19874
0.79495 0.65466 0.44954
0.16368 0.54818 0.19682
0.55508 0.12163 0.76668
1.00322 0.16786 0.88043
