0.30604
0.67926
0.16158
0.44839
0.29871
0.33979
0.18212
0.08669
0.94766
0.42201
0.79791
0.27148
0.03605
0.83011
0.35923
0.13465
0.04822
0.36604
0.80302
0.76407
0.88534
0.85073
0.24194
0.71019
0.05398
0.98358
0.52269
0.96289
0.32847
0.94842
0.00620
0.99573
0.31861
0.62832
0.32118
0.58193
0.04595
0.18715
0.44660
0.59310
0.06792
0.99313
0.66429
0.20670
0.46600
0.39314
0.46774
0.09770
0.36208
0.81789
0.48085
0.23173
0.80238
0.52357
0.96556
0.13175
0.86058
0.56202
0.93993
0.77876
0.42368
0.45907
0.75314
0.24324
0.63953
0.62411
0.32376
0.92519
0.23481
0.61889
0.35730
0.06461
0.13213
0.60460
0.20956
0.21934
0.14085
0.41431
0.55888
0.51814
0.10267
0.37916
0.61589
0.68291
0.23675
0.77042
0.87406
0.13883
0.57755
0.94944
0.78746
0.47725
0.38534
0.47292
0.01615
0.15195
0.38512
0.14102
0.52537
0.42196
0.23315
0.52527
0.17856
0.05351
0.05522
0.01583
0.70611
0.41135
0.01385
0.90916
0.86804
0.68500
0.59755
0.33606
0.91617
0.53166
0.11143
0.28179
0.03518
0.39972
0.89174
0.32571
0.51449
0.81868
0.57403
0.22230
0.80331
0.30746
0.38996
0.83930
0.84512
0.42009
0.10673
0.70822
0.18840
0.13154
0.36935
0.90023
0.91407
0.30884
0.97380
0.11271
0.20951
0.36596
0.81801
0.42385
0.29652
0.49266
0.70353
0.10783
0.78110
0.09352
0.78445
0.83426
0.40879
0.78594
0.18588
0.39213
0.10233
0.83837
0.29938
0.60501
0.90607
0.06946
0.39368
0.66834
0.28832
0.66221
0.91830
0.21770
0.90518
0.48235
0.92200
0.91752
0.38250
0.66354
0.58202
0.32853
0.23822
0.32814
0.67151
0.46361
0.99743
0.64716
0.02517
0.47189
0.20474
0.66335
0.17738
0.58075
0.71460
0.25408
0.01770
0.89339
0.63006
0.49919
0.72418
0.53032
0.83623
0.48535
0.49754
0.58610
0.24737
0.80354
0.57630
0.87268
0.42512
0.94068
0.18223
0.85769
0.41878
0.97141
0.08585
0.33848
0.77709
0.91039
0.39461
0.54113
0.01788
0.76202
0.95529
0.94732
0.15482
0.20674
0.79540
0.61394
0.27690
0.27264
0.88169
0.70444
0.32616
0.80541
0.88072
0.87846
0.67260
0.69244
0.42709
0.97714
0.34062
0.57432
0.37147
0.85949
0.08644
0.71952
0.04278
0.81592
0.81799
0.97248
0.93877
0.90135
0.89789
0.86046
0.24295
0.38141
0.87471
0.54198
0.84793
0.57866
0.49544
0.73783
0.36405
0.04954
0.49108
0.03430
0.75135
0.78236
0.59433
0.92953
0.76136
0.52765
0.17178
0.03459
0.56530
0.59572
0.76728
0.19264
0.03658
0.58897
0.76684
0.19806
0.14908
0.71018
0.79390
0.31957
0.51629
0.06440
0.04275
0.38715
0.38733
0.02080
0.26079
0.60220
0.67388
0.06642
0.98772
0.74140
0.02763
0.70473
0.36195
0.77203
0.28874
0.42452
0.33799
0.42353
0.19557
0.19239
0.89274
0.31666
0.26069
0.14957
0.85514
0.77267
0.72320
0.32651
0.56269
0.90893
0.89154
0.45110
0.58038
0.98891
0.02167
0.21057
0.77172
0.97742
0.86619
0.51966
0.92469
0.26821
0.41999
0.75646
0.49529
0.92960
0.96406
0.44383
0.89208
0.57452
0.82073
0.02133
0.48560
0.89084
0.75843
0.84578
0.85294
0.60491
0.98617
0.41771
0.18616
0.43860
0.30296
0.33854
0.99148
0.16529
0.16948
0.43982
0.95011
0.79296
0.03362
0.30932
0.96721
0.68328
0.71170
0.02671
0.42692
0.37304
0.34217
0.85879
0.82524
0.18527
0.01175
0.21794
0.28667
0.36267
0.30678
0.24996
0.98558
0.32749
0.40919
0.63955
0.34976
0.46522
0.46693
0.00555
0.28258
0.26038
0.72397
0.34192
0.44325
0.71409
0.38861
0.00911
0.41392
0.51748
0.64820
0.29647
0.78408
0.89068
0.80920
0.62765
0.72186
0.53133
0.09511
0.14374
0.08752
0.91050
0.04738
0.26373
0.32887
0.20772
0.15242
0.77868
0.56010
0.61658
0.34534
0.74660
0.74713
0.59213
0.93917
0.81697
0.42649
0.24478
0.03507
0.07823
0.34944
0.81082
0.81990
0.65584
0.95165
0.30838
0.11494
0.05622
0.05427
0.44858
0.12462
0.63844
0.28003
0.22092
0.73170
0.34928
0.57092
0.04260
0.75420
0.92214
0.11455
0.21064
0.72680
0.45131
0.03560
0.04125
0.18636
0.38906
0.11687
0.22783
0.92896
0.26497
0.07582
0.23871
0.41507
0.93613
0.35545
0.28359
0.22587
0.75111
0.23368
0.18897
0.71284
0.73373
0.14406
0.10348
0.48556
0.05817
0.72667
0.97396
0.91551
0.62611
0.02922
0.37313
0.18987
0.61052
0.78391
0.23124
0.65360
0.64603
0.23533
0.31192
0.22311
0.43495
0.65716
0.73042
0.57825
0.99263
0.14718
0.92874
0.54908
0.39302
0.68908
0.91546
0.98002
0.93600
0.76418
0.88420
0.29842
0.86484
0.04486
0.35778
0.13014
0.05791
0.78253
0.86359
0.13264
0.24077
0.31739
0.96318
0.13587
0.25739
0.86424
0.09326
0.40841
0.35138
0.66498
0.05275
0.81473
0.44183
0.79188
0.58581
0.56820
0.06041
0.63819
0.59510
0.61456
0.12615
0.13345
0.76689
0.33216
0.90909
0.08149
0.54674
0.74158
0.91823
0.80959
0.77780
0.70046
0.72854
0.85711
0.52460
0.25802
0.47459
0.70858
0.12584
0.40557
0.17882
0.97916
0.28534
0.23053
0.71795
0.16920
0.83225
0.98263
0.04290
0.27468
0.50712
0.22291
0.03827
0.21081
0.80842
0.31438
0.25443
0.63986
0.33175
0.27886
0.06831
0.07920
0.13363
0.44515
0.86376
0.56090
0.64739
0.10007
0.12719
0.70162
0.66345
0.89498
0.27807
0.77228
0.36499
0.62011
0.18991
0.12706
0.16612
0.53379
0.12626
0.87323
0.62844
0.26639
0.17682
0.19390
0.09850
0.58638
0.98877
0.70898
0.02760
0.77414
0.42147
0.42697
0.96755
0.44641
0.60841
0.83677
0.55519
0.33745
0.71135
0.00456
0.19906
0.64107
0.14638
0.03178
0.78661
0.82713
0.75596
0.05178
0.76162
0.05432
0.27633
0.68432
0.06666
0.98167
0.41346
0.57487
0.65154
0.78453
0.05921
0.22731
0.30354
0.97428
0.23495
0.97691
0.87479
0.37921
0.87826
0.50182
0.95496
0.15182
0.84820
0.48747
0.03681
0.97293
0.45707
0.30791
0.98768
0.86430
0.45221
0.30588
0.42966
0.43720
0.66360
0.76703
0.57269
0.94192
0.88660
0.15779
0.64684
0.99844
0.26201
0.23160
0.79522
0.60280
0.27674
0.44743
0.46051
0.39300
0.09031
0.22340
0.84581
0.33410
0.54646
0.14520
0.33111
0.56961
0.10287
0.30815
0.03492
0.31113
0.55884
0.97146
0.99552
0.33060
0.81509
0.79698
0.12409
0.85864
0.80750
0.72971
0.35866
0.88191
0.28271
0.70610
0.67361
0.81522
0.29669
0.68235
0.18465
0.40321
0.95741
0.11149
0.46626
0.21399
0.18879
0.38031
0.14269
0.75102
0.88583
0.66852
0.29876
0.95644
0.56755
0.60356
0.49916
0.91806
0.95415
0.54679
0.85506
0.56246
0.25647
0.03529
0.11710
0.94877
0.37422
0.82941
0.83241
0.92210
0.84885
0.61335
0.57118
0.17878
0.10185
0.32411
0.03823
0.19132
0.45932
0.47022
0.73467
0.74986
0.75023
0.79636
0.85428
0.49549
0.43483
0.46894
0.27967
0.09651
0.61467
0.56673
0.77493
0.97779
0.88479
0.37083
0.99601
0.71235
0.11867
0.52359
0.25888
0.75324
0.58312
0.94198
0.83430
0.82832
0.30845
0.99231
0.19710
0.02157
0.34383
0.21670
0.53103
0.19834
0.00597
0.40787
0.87218
0.03392
0.76518
0.56669
0.27456
0.55389
0.89704
0.25995
0.15890
0.64275
0.50708
0.71421
0.27275
0.69974
0.26701
0.51806
0.13774
0.36480
0.68272
0.01555
0.85859
0.94292
0.35080
0.23368
0.94462
0.33666
0.94911
0.88374
0.71607
0.84532
0.28399
0.99710
0.05873
0.59378
0.33361
0.33477
0.37836
0.05966
0.86529
0.42489
0.09434
0.79469
0.27980
0.85257
0.92229
0.95059
0.84332
0.12597
0.72792
0.38285
0.57082
0.28565
0.94015
0.12176
0.66987
0.98822
0.20014
0.78375
0.60584
0.00741
0.94010
0.05675
0.93554
0.45171
0.66585
0.33883
0.88031
0.58764
0.33213
0.89884
0.45954
0.18244
0.13172
0.39002
0.95045
0.38853
0.45070
0.32369
0.79038
0.83701
0.02956
0.86083
0.04412
0.54642
0.81272
0.26092
0.71052
0.46341
0.99278
0.01358
0.04125
0.52014
0.25183
0.54997
0.07759
0.90442
0.24322
0.45013
0.17293
0.05266
0.25512
0.82320
0.48992
0.74852
0.21673
0.43279
0.40538
0.64994
0.67557
0.65319
0.24638
0.34074
0.94890
0.80191
0.72220
0.73551
0.65915
0.94032
0.73100
0.65710
0.61738
0.01113
0.71343
0.46547
0.83350
0.73349
0.76081
0.03247
0.78411
0.96038
0.06616
0.90866
0.68331
0.44514
0.24590
0.13082
0.44473
0.47008
0.73740
0.48849
0.70159
0.67460
0.86812
0.49867
0.85378
0.11639
0.46158
0.15244
0.89979
0.42392
0.86681
0.22458
0.05072
0.13988
0.68159
0.56205
0.03545
0.96589
0.21758
0.47254
0.54794
0.08361
0.15514
0.85259
0.81695
0.80052
0.17148
0.02465
0.63123
0.17983
0.45854
0.28368
0.91840
0.94436
0.84348
0.89698
0.26461
0.57359
0.31562
0.77054
0.98535
0.22161
0.86552
0.86974
0.06719
0.46961
0.20314
0.16406
0.20994
0.15417
0.36477
0.25898
0.66850
0.72387
0.45534
0.40842
0.94094
0.93747
0.11940
0.36163
0.29590
0.05100
0.40652
0.48532
0.01095
0.18161
0.43900
0.99970
0.00351
0.65926
0.33678
0.68767
0.55194
0.51134
0.02690
0.01613
0.92217
0.97527
0.60798
0.12723
0.27308
0.47746
0.50052
0.95744
0.30249
0.49288
0.00817
0.67234
0.75792
0.28314
0.03821
0.14712
0.62439
0.30396
0.45493
0.98375
0.27810
0.00209
0.48569
0.10764
0.21531
0.47172
0.29611
0.12972
0.16801
0.62712
0.04478
0.60111
0.68531
0.85395
0.02902
0.62606
0.75253
0.86985
0.32849
0.33840
0.75843
0.43953
0.21885
0.74091
0.73829
0.64053
0.19243
0.21129
0.13244
0.92824
0.38207
0.60288
0.41543
0.93438
0.34546
0.29344
0.27041
0.76549
0.38545
0.47052
0.00739
0.13242
0.19281
0.15883
0.87216
0.79707
0.59498
0.86159
0.14656
0.44990
0.39410
0.42754
0.05102
0.70458
0.09697
0.42592
0.59559
0.44298
0.65851
0.94206
0.96553
0.53964
0.55020
0.95184
0.54100
0.15037
0.67677
0.98159
0.01709
0.99131
0.86031
0.39974
0.35022
0.01006
0.63482
0.49912
0.72183
0.16181
0.44281
0.45589
0.36941
0.29706
0.78022
0.83805
0.43697
0.08952
0.75832
0.60173
0.67763
0.01596
0.29922
0.62309
0.93151
0.56988
0.28521
0.87033
0.38142
0.95065
0.93039
0.35597
0.22666
0.22280
0.27883
0.47138
0.12790
0.25603
0.75747
0.41665
0.74217
0.84610
0.40864
0.91493
0.28325
0.57767
0.24440
0.75851
0.72060
0.26620
0.44185
0.22506
0.53855
0.42559
0.70606
0.01731
0.47504
0.76913
0.85064
0.75726
0.25146
0.67594
0.44983
0.70929
0.32633
0.29455
0.01752
0.23191
0.04270
0.65547
0.48200
0.43874
0.70012
0.79684
0.88710
0.13394
0.46263
0.30228
0.58486
0.35378
0.21927
0.27456
0.78207
0.03124
0.19126
0.09906
0.78866
0.54372
0.59324
0.58813
0.75475
0.18309
0.92818
0.65930
0.49659
0.46506
0.32366
0.56678
0.26650
0.26053
0.79810
0.75071
0.48084
0.73220
0.17348
0.22642
0.71054
0.94324
0.98956
0.73465
0.35375
0.36086
0.90264
0.14740
0.79684
0.60828
0.56131
0.89981
0.42442
0.99630
0.87341
0.80045
0.81207
0.96494
0.61170
0.98142
0.53443
0.98624
0.16013
0.96776
0.89519
0.30426
0.95055
0.38300
0.44633
0.50065
0.08694
0.19215
0.47559
0.54377
0.23983
0.87600
0.33745
0.16003
0.44973
0.89599
0.38835
0.71020
0.70963
0.07503
0.76963
0.13543
0.95421
0.70091
0.60685
0.25028
0.53141
0.84840
0.16254
0.48642
0.18651
0.87157
0.41369
0.90930
0.52680
0.81105
0.83408
0.59632
0.58573
0.21119
0.52766
0.42052
0.77005
0.91542
0.12021
0.70168
0.98232
0.73436
0.27426
0.62600
0.16712
0.29579
0.94327
0.82041
0.59456
0.91298
0.10526
0.29137
0.28414
0.06637
0.94840
0.58722
0.61658
0.21252
0.97389
0.44054
0.09759
0.45000
0.95136
0.25457
0.57013
0.20268
0.55453
0.15598
0.21485
0.91646
0.11399
0.56899
0.89463
0.47150
0.72680
0.94597
0.57386
0.72685
0.59851
0.03980
0.97703
0.53606
0.16177
0.58599
0.31396
0.03160
0.42912
0.56232
0.20507
0.42942
0.27690
0.63024
0.55920
0.99900
0.24082
0.46433
0.71929
0.08812
0.51326
0.16122
0.48519
0.45161
0.54866
0.82553
0.31173
0.57984
0.08670
0.86968
0.43989
0.92209
0.36574
0.69527
0.07135
0.08814
0.00944
0.11431
0.97070
0.95265
0.84758
0.55413
0.16142
0.69906
0.27828
0.58650
0.33695
0.74535
0.43607
0.19385
0.40485
0.36605
0.80726
0.85824
0.71868
0.02501
0.58205
0.50377
0.10863
0.23723
0.08079
0.23331
0.10708
0.34437
0.80105
0.29296
0.86915
0.13264
0.88313
0.67990
0.74238
0.23395
0.77921
0.89157
0.04732
0.79899
0.53886
0.94751
0.97223
0.03116
0.03807
0.78234
0.84934
0.47341
0.46118
0.64964
0.68520
0.40136
0.09999
0.52003
0.89290
0.51545
0.75485
0.85902
0.98044
0.63245
0.91440
0.91008
0.05612
0.91323
0.46563
0.74513
0.97131
0.01494
0.92495
0.87053
0.59433
0.15220
0.51230
0.80920
0.21432
0.32619
0.26308
0.96177
0.92840
0.50002
0.25772
0.36886
0.26301
0.98122
0.58971
0.65839
0.55015
0.04231
0.37018
0.76248
0.06515
0.62553
0.28910
0.39940
0.21715
0.68103
0.42218
0.31213
0.94904
0.30833
0.36007
0.59701
0.08896
0.11118
0.18204
0.09443
0.90788
0.97195
0.59302
0.66234
0.17317
0.09182
0.77896
0.90259
0.77465
0.14096
0.64105
0.87286
0.00389
0.17375
0.33602
0.51892
0.22762
0.92533
0.02966
0.66902
0.33387
0.94731
0.37599
0.20835
0.27654
0.98938
0.80514
0.30009
0.19691
0.18877
0.51788
0.55174
0.45800
0.28361
0.39857
0.08123
0.79484
0.84027
0.59084
0.42524
0.68424
0.55480
0.97032
0.66986
0.85000
0.38024
0.08012
0.40041
0.02893
0.83600
0.49129
0.86715
0.24212
0.68187
0.41938
0.72403
0.40809
0.58947
0.44968
0.15926
0.87092
0.09790
0.57843
0.99349
0.50365
0.81325
0.33389
0.77915
0.78315
0.80778
0.60217
0.13580
0.51111
0.90975
0.35732
0.94610
0.88775
0.72925
0.77725
0.57548
0.08868
0.22200
0.70156
0.63830
0.03311
0.23895
0.26218
0.40769
0.79698
0.70849
0.72597
0.00465
0.90696
0.28744
0.41081
0.70372
0.85888
0.77076
0.38189
0.92655
0.17879
0.63527
0.71787
0.63097
0.16613
0.54100
0.43815
0.71298
0.02538
0.99724
0.72898
0.40444
0.35538
0.30635
0.77988
0.88077
0.13188
0.53082
0.27629
0.60431
0.02608
0.80918
0.00112
0.16834
0.52540
0.19368
0.50344
0.47789
0.15173
0.50594
0.48511
0.90521
0.50556
0.47986
0.65732
0.28826
0.57892
0.41819
0.14043
0.38024
0.71968
0.91829
0.61499
0.34607
0.86398
0.06997
0.97247
0.08229
0.81092
0.60163
0.67785
0.31613
0.72980
0.63019
0.97368
0.52600
0.85343
0.17018
0.19590
0.43567
0.81940
0.88490
0.96440
0.46670
0.84352
0.08676
0.00258
0.33538
0.45688
0.13677
0.57841
0.97665
0.75347
0.24796
0.22232
0.31779
0.18277
0.40824
0.54896
0.21090
0.88460
0.80956
0.51490
0.60974
0.84938
0.23654
0.68866
0.88034
0.73518
0.38266
0.08089
0.12264
0.26592
0.94553
0.19060
0.24959
0.34008
0.72205
0.86605
0.82848
0.45771
0.35723
0.50574
0.85251
0.70546
0.36147
0.26867
0.90357
0.44615
0.45980
0.63894
0.71893
0.56698
0.50620
0.90762
0.54360
0.99594
0.40047
0.66516
0.98100
0.09516
0.74150
0.75089
0.05198
0.27622
0.17204
0.27101
0.05998
0.11348
0.56068
0.62682
0.03531
0.75138
0.10725
0.45104
0.69780
0.38710
0.71167
0.20245
0.34872
0.65134
0.14145
0.62573
0.81685
0.45349
0.21763
0.94868
0.66090
0.40687
0.55579
0.11508
0.88190
0.97108
0.26076
0.44613
0.65538
0.19048
0.47355
0.26833
0.81938
0.76582
0.39375
0.88172
0.54096
0.04819
0.61932
0.76294
0.85422
0.13400
0.67729
0.51150
0.08715
0.96533
0.38894
0.63650
0.46030
0.26597
0.73777
0.50976
0.23135
0.45702
0.47607
0.79677
0.13371
0.01974
0.91964
0.05877
0.57117
0.00229
0.23348
0.26613
0.21756
0.59679
0.90320
0.91309
0.03811
0.23027
0.27802
0.09854
0.17413
0.36506
0.66244
0.26580
0.88761
0.43051
0.40837
0.89166
0.14719
0.24204
0.67662
0.45730
0.06991
0.78930
0.87043
0.03311
0.40948
0.63424
0.83869
0.47009
0.28247
0.49086
0.97930
0.35973
0.01603
0.81474
0.85693
0.99976
0.54939
0.61880
0.76123
0.44265
0.87984
0.05069
0.02363
0.87160
0.68083
0.29187
0.18611
0.32368
0.91211
0.76806
0.10257
0.51670
0.88951
0.93686
0.22238
0.68966
0.18575
0.31538
0.40895
0.95370
0.01054
0.15031
0.08852
0.24688
0.91362
0.61604
0.46345
0.25399
0.11341
0.00806
0.06368
0.38159
0.45243
0.15929
0.95991
0.71719
0.44504
0.34083
0.97655
0.32009
0.97547
0.96716
0.53104
0.09618
0.88615
0.24795
0.21705
0.47099
0.58092
0.70760
0.26005
0.54736
0.87652
0.66616
0.51688
0.13344
0.96067
0.49592
0.21066
0.86159
0.59173
0.02788
0.74744
0.28808
0.35784
0.89492
0.99687
0.35812
0.81533
0.87835
0.56457
0.72952
0.03143
0.52804
0.42654
0.91807
0.39754
0.39933
0.74574
0.92205
0.27329
0.93752
0.58690
0.29970
0.63909
0.91018
0.68877
0.88246
0.39174
0.11195
0.27561
0.47470
0.93859
0.32785
0.11640
0.23827
0.22465
0.06642
0.83410
0.47906
0.53576
0.44969
0.38881
0.31834
0.85011
0.63208
0.27868
0.70756
0.15899
0.53743
0.43244
0.32587
0.94216
0.34832
0.46944
0.56556
0.34107
0.96908
0.50541
0.83180
0.18478
0.12603
0.41835
0.78086
0.82643
0.69474
0.14894
0.09380
0.58639
0.63504
0.39033
0.98990
0.10900
0.22533
0.72595
0.77235
0.06688
0.52011
0.15043
0.66043
0.73664
0.71410
0.68676
0.74257
0.29622
0.26288
0.25367
0.69070
0.14078
0.76988
0.92881
0.47453
0.33684
0.02995
0.18644
0.94403
0.99105
0.04731
0.48626
0.10582
0.58924
0.61220
0.60507
0.68851
0.71827
0.19401
0.36208
0.77235
0.01828
0.33332
0.75518
0.68866
0.03460
0.92402
0.59681
0.78495
0.09130
0.13983
0.53898
0.14450
0.19026
0.75939
0.63615
0.14074
0.08966
0.11924
0.16047
0.94768
0.04280
0.23923
0.31865
0.66623
0.77525
0.40130
0.33957
0.56593
0.98075
0.76790
0.84629
0.89658
0.31763
0.20539
0.26709
0.64895
0.12182
0.20125
0.28535
0.45954
0.80931
0.98018
0.91931
0.53636
0.67635
0.32985
0.69595
0.64088
0.55524
0.76024
0.68624
0.72599
0.34145
0.41324
0.82190
0.25979
0.04355
0.60162
0.25856
0.56413
0.21327
0.35534
0.48159
0.74191
0.35083
0.42086
0.88882
0.37899
0.77882
0.97929
0.96689
0.16326
0.23149
0.98991
0.72693
0.41562
0.81995
0.39400
0.87172
0.13547
0.36096
0.35113
0.13319
0.32821
0.34325
0.16009
0.40121
0.92062
0.22525
0.48645
0.54190
0.56725
0.40050
0.31479
0.10987
0.56685
0.14443
0.42722
0.44080
0.50501
0.02668
0.87490
0.41650
0.70463
0.71002
0.52423
0.64995
0.16456
0.44545
0.78398
0.35350
0.16269
0.87603
0.52941
0.31024
0.18007
0.28487
0.67262
0.62607
0.23847
0.07586
0.17413
0.25174
0.13872
0.30605
0.43216
0.17636
0.45913
0.74299
0.00978
0.02667
0.26521
0.37714
0.96363
0.04725
0.55416
0.92145
0.06453
0.59266
0.85694
0.57318
0.42711
0.68345
0.44055
0.47713
0.08464
0.51117
0.21974
0.96880
0.69557
0.72091
0.05510
0.90744
0.34652
0.12524
0.80147
0.47955
0.24951
0.80660
0.28819
0.35899
0.14407
0.45149
0.03254
0.96525
0.19525
0.64248
0.72278
0.35722
0.94956
0.12198
0.61996
0.62015
0.92736
0.52138
0.64635
0.15232
0.47282
0.68388
0.29244
0.07409
0.32831
0.86183
0.21602
0.07110
0.85670
0.94083
0.74935
0.07597
0.14651
0.31225
0.94477
0.92291
0.55556
0.49579
0.66822
0.32520
0.79737
0.75944
0.57746
0.65990
0.99204
0.21589
0.79673
0.62349
0.99199
0.32001
0.80002
0.97086
0.83373
0.27004
0.41398
0.07786
0.28278
0.59444
0.61158
0.80926
0.31244
0.73062
0.96348
0.62554
0.86241
0.40892
0.45145
0.56061
0.40426
0.27405
0.46365
0.83890
0.65695
0.00760
0.72809
0.43988
0.08209
0.33333
0.58856
0.69006
0.51083
0.06675
0.48858
0.29303
0.27906
0.32039
0.29690
0.19221
0.61372
0.39598
0.31825
0.31558
0.21343
0.11839
0.71047
0.11121
0.96195
0.11975
0.88375
0.65778
0.99312
0.07893
0.12062
0.93667
0.70455
0.33386
0.98615
0.98934
0.68743
0.08365
0.67104
0.86530
0.07285
0.75054
0.77571
0.48148
0.22050
0.43631
0.52521
0.51230
0.30858
0.01066
0.87669
0.42342
0.10472
0.01886
0.82636
0.70211
0.39361
0.34933
0.45423
0.77024
0.21852
0.50816
0.26373
0.73586
0.43369
0.30319
0.31573
0.43956
0.94458
0.09406
0.81538
0.07052
0.53342
0.51353
0.01268
0.29033
0.04797
0.64706
0.45974
0.80776
0.71644
0.22374
0.64997
0.07945
0.56654
0.60861
0.15674
0.74578
0.99389
0.62008
0.43577
0.65679
0.76912
0.94286
0.57066
0.50323
0.07008
0.25115
0.77637
0.81785
0.37245
0.65592
0.06534
0.20233
0.59524
0.68355
0.15169
0.86323
0.47685
0.69935
0.59694
0.95056
0.68648
0.06486
0.57767
0.86177
0.10413
0.83964
0.30411
0.98477
0.37812
0.04779
0.41889
0.41605
0.62691
0.73744
0.31094
0.92282
0.73880
0.24820
0.70546
0.61011
0.28774
0.91766
0.59591
0.42343
0.07325
0.57975
0.68509
0.34383
0.21518
0.76149
0.60838
0.88281
0.86236
0.96931
0.70075
0.80840
0.34496
0.03294
0.81193
0.68275
0.19227
0.10803
0.54401
0.06943
0.54013
0.08024
0.28960
0.33803
0.44330
0.06549
0.61545
0.12507
0.34335
0.02715
0.60344
0.22068
0.48656
0.23511
0.31662
0.32747
0.02806
0.41621
0.67512
0.24987
0.73644
0.70950
0.12157
0.75308
0.93439
0.89308
0.35812
0.33902
0.89991
0.30347
0.97214
0.36326
0.54730
0.04731
0.79025
0.40410
0.30337
0.58991
0.74175
0.78921
0.12624
0.36401
0.24356
0.86107
0.15269
0.49718
0.06445
0.11440
0.74530
0.84404
0.60655
0.12286
0.67318
0.55305
0.95650
0.33409
0.44132
0.22462
0.41768
0.58188
0.20972
0.74023
0.19532
0.46226
0.88171
0.74316
0.25772
0.19329
0.40440
0.66539
0.59489
0.93677
0.49281
0.51745
0.23957
0.76729
0.31804
0.43542
0.60306
0.52458
0.49291
0.45074
0.64272
0.64709
0.13525
0.47835
0.79131
0.34052
0.16236
0.43551
0.82977
0.98200
0.92202
0.80681
0.25276
0.19700
0.93455
0.46119
0.04027
0.46487
0.18430
0.06690
0.79240
0.17134
0.09610
0.54008
0.93819
0.62892
0.64198
0.93222
0.11451
0.16918
0.52758
0.30665
0.45278
0.23650
0.85912
0.00994
0.51864
0.46867
0.74128
0.31957
0.68001
0.62432
0.30031
0.07029
0.71066
0.84273
0.93149
0.83656
0.79967
0.07948
0.73414
0.43742
0.77880
0.74161
0.37363
0.61923
0.46313
0.08604
0.04580
0.56988
0.52704
0.93572
0.62151
0.22784
0.46167
0.68003
0.39349
0.81243
0.69381
0.46879
0.50329
0.98776
0.81560
0.10410
0.91933
0.76718
0.87483
0.28673
0.07717
0.60143
0.64222
0.09517
0.32897
0.04674
0.01088
0.09276
0.26229
0.55493
0.31925
0.03632
0.20393
0.10841
0.82590
0.63695
0.23961
0.30318
0.59159
0.28592
0.09872
0.98969
0.49048
0.55505
0.37008
0.50704
0.28942
0.01078
0.89091
0.85786
0.24371
0.97764
0.26652
0.33178
0.78195
0.36562
0.89703
0.29733
0.26728
0.22395
0.48868
0.46798
0.47257
0.55121
0.64806
0.26739
0.75564
0.49687
0.84368
0.35445
0.58159
0.77638
0.11066
0.79459
0.11382
0.43073
0.59205
0.24776
0.00765
0.03586
0.64815
0.78343
0.04155
0.54065
0.09648
0.85575
0.06571
0.45549
0.66264
0.81864
0.86305
0.29904
0.04567
0.65671
0.48455
0.89727
0.15511
0.08517
0.93340
0.43171
0.15929
0.03489
0.39201
0.71669
0.76608
0.70626
0.22599
0.24745
0.12622
0.00223
0.16518
0.03982
0.65516
0.23481
0.59192
0.69108
0.46372
0.35027
0.44541
0.36440
0.90296
0.81413
0.93068
0.44891
0.49753
0.53322
0.72945
0.61782
0.29906
0.03971
0.19518
0.32968
0.39387
0.17951
0.72526
0.75070
0.49165
0.40209
0.48419
0.70594
0.53865
0.90601
0.82805
0.99476
0.90965
0.96499
0.11882
0.57681
0.40830
0.27041
0.04753
0.14956
0.15205
0.68924
0.87214
0.62850
0.07377
0.82604
0.00158
0.91575
0.03692
0.19166
0.41147
0.17649
0.81733
0.32687
0.46310
0.71499
0.46630
0.91564
0.07706
0.72003
0.69431
0.93608
0.43398
0.78524
0.47100
0.98294
0.72413
0.17448
0.89515
0.68286
0.41892
0.89492
0.67115
0.59849
0.06931
0.76918
0.80262
0.90252
0.29807
0.08373
0.41570
0.04143
0.35068
0.33945
0.21340
0.82344
0.15470
0.25403
0.46644
0.64060
0.68490
0.66860
0.47913
0.00087
0.85541
0.48100
0.34148
0.80290
0.63222
0.85760
0.19231
0.61190
0.62415
0.28582
0.77476
0.25664
0.87939
0.23067
0.27352
0.18966
0.92480
0.36310
0.37145
0.44558
0.07022
0.57632
0.87378
0.67670
0.48417
0.32936
0.17805
0.59533
0.42052
0.39734
0.11998
0.32944
0.01054
0.86176
0.10505
0.52813
0.74693
0.57862
0.74407
0.71811
0.48180
0.28432
0.41309
0.24733
0.91674
0.25524
0.85271
0.87652
0.80067
0.37264
0.97388
0.32256
0.82999
0.92272
0.46541
0.05793
0.27565
0.16750
0.96763
0.54826
0.55743
0.83457
0.65861
0.65384
0.64621
0.39435
0.33515
0.25534
0.55188
0.20234
0.54696
0.76060
0.18165
0.94613
0.46692
0.03806
0.16732
0.59569
0.62275
0.60508
0.51389
0.34770
0.23272
0.53425
0.71184
0.59138
0.79572
0.17666
0.91405
0.57077
0.43768
0.48629
0.52380
0.79515
0.11610
0.43477
0.86284
0.60094
0.23167
0.35951
0.44491
0.74312
0.72956
0.59343
0.48116
0.91138
0.51382
0.00242
0.68883
0.70537
0.45075
0.61288
0.08216
0.03464
0.06345
0.38979
0.87924
0.18482
0.26766
0.22093
0.72233
0.50696
0.64771
0.23759
0.07244
0.36583
0.25686
0.07037
0.37983
0.34939
0.90618
0.89554
0.50648
0.28760
0.30759
0.96161
0.54702
0.70946
0.90149
0.66601
0.87575
0.87122
0.68145
0.61903
0.97779
0.48648
0.09825
0.79657
0.27507
0.05612
0.29655
0.50518
0.57320
0.62907
0.07868
0.89604
0.01304
0.17791
0.27016
0.17536
0.54106
0.49772
0.11103
0.26837
0.89119
0.22315
0.00858
0.65115
0.80172
0.67055
0.77566
0.94840
0.68795
0.28602
0.40735
0.32114
0.36087
0.26609
0.18979
0.41946
0.30142
0.09492
0.26105
0.53835
0.46586
0.84617
0.83798
0.77901
0.16620
0.45081
0.51557
0.15077
0.22167
0.69080
0.33534
0.97196
0.02817
0.40008
0.22836
0.00929
0.15874
0.65077
0.15488
0.33625
0.24925
0.61451
0.60195
0.22162
0.25474
0.04711
0.73860
0.69932
0.84923
0.97036
0.68509
0.59864
0.45126
0.25610
0.69108
0.71522
0.04149
0.02457
0.19248
0.95330
0.60878
0.58578
0.37711
0.96272
0.88278
0.93020
0.31558
0.96938
0.10926
0.89572
0.59318
0.41667
0.86728
0.50678
0.55094
0.40135
0.40804
0.98594
0.38292
0.90781
0.88412
0.23396
0.45865
0.61429
0.43619
0.43569
0.35413
0.76741
0.74329
0.47495
0.94302
0.41943
0.43748
0.59098
0.10599
0.90917
0.07622
0.59985
0.48152
0.52848
0.06489
0.48532
0.56946
0.53618
0.55442
0.63269
0.41633
0.96511
0.82685
0.02057
0.14854
0.15595
0.56828
0.18505
0.99278
0.29318
0.53556
0.54796
0.58065
0.67356
0.38726
0.85318
0.73144
0.93550
0.34779
0.34674
0.11104
0.73571
0.55280
0.23436
0.11812
0.84891
0.65039
0.04332
0.69251
0.98162
0.28387
0.04952
0.80382
0.84912
0.00931
0.04674
0.53572
0.56395
0.39917
0.81760
0.14237
0.91904
0.67256
0.75250
0.40951
0.11781
0.80245
0.70192
0.15058
0.14035
0.07106
0.06220
0.41636
0.41462
0.37506
0.70704
0.24877
0.85487
0.07332
0.89844
0.12238
0.20268
0.44500
0.90625
0.68355
0.51908
0.16222
0.52612
0.85725
0.26350
0.62874
0.61850
0.75424
0.02774
0.70063
0.86586
0.45189
0.31970
0.36732
0.83207
0.17896
0.76348
0.89344
0.37384
0.10216
0.95548
0.21442
0.45775
0.04937
0.05429
0.64470
0.32372
0.69849
0.90609
0.78186
0.33537
0.28524
0.97334
0.32335
0.29452
0.12085
0.89569
0.43863
0.33499
0.10983
0.35392
0.20049
0.12518
0.83584
0.60177
0.44228
0.23332
0.82140
0.93401
0.36170
0.49375
0.34451
0.82643
0.34192
0.62738
0.83976
0.20351
0.20776
0.61444
0.19074
0.24304
0.55364
0.64120
0.72741
0.89269
0.75750
0.67888
0.48496
0.25493
0.61088
0.41885
0.45491
0.34378
0.17482
0.43870
0.04986
0.63677
0.39393
0.90388
0.39228
0.91943
0.57721
0.69671
0.54254
0.55517
0.07491
0.21879
0.87356
0.32578
0.33188
0.90649
0.58370
0.17041
0.23074
0.78451
0.00358
0.94775
0.04090
0.38325
0.67849
0.90023
0.14147
0.41349
0.76432
0.17508
0.93467
0.08592
0.04552
0.52497
0.91736
0.35347
0.75177
0.47746
0.78207
0.54602
0.63003
0.29715
0.07044
0.72481
0.71813
0.72473
0.19089
0.66785
0.59608
0.73643
0.10543
0.98254
0.47373
0.94513
0.27283
0.75839
0.87791
0.92726
0.78551
0.11361
0.49320
0.70435
0.58523
0.25423
0.52276
0.52825
0.83601
0.76628
0.70719
0.43967
0.46913
0.67444
0.88370
0.94501
0.26267
0.98978
0.75204
0.86170
0.65765
0.35169
0.92319
0.27565
0.28052
0.92425
0.90091
0.32467
0.15682
0.29161
0.06820
0.15012
0.02940
0.18652
0.59286
0.58249
0.82691
0.51672
0.36250
0.18487
0.63960
0.67372
0.49448
0.82118
0.41689
0.20115
0.60052
0.19403
0.65994
0.69440
0.92464
0.80753
0.87597
0.17560
0.38264
0.15337
0.47531
0.63161
0.16567
0.45714
0.51942
0.15205
0.39043
0.22356
0.62628
0.32231
0.73978
0.27015
0.41405
0.88139
0.70210
0.67089
0.96123
0.99482
0.71278
0.57718
0.01196
0.27410
0.01668
0.96689
0.62133
0.14111
0.31597
0.10702
0.71734
0.69442
0.89453
0.45358
0.55200
0.77070
0.63021
0.62233
0.93300
0.24865
0.69276
0.84980
0.47239
0.88072
0.70646
0.13893
0.69525
0.74702
0.04147
0.46986
0.79915
0.59054
0.51495
0.52630
0.95893
0.36128
0.47942
0.24294
0.36530
0.27194
0.28814
0.89496
0.04217
0.87648
0.16248
0.74852
0.29568
0.51337
0.21745
0.45522
0.88909
0.60976
0.43404
0.97822
0.79391
0.66863
0.11489
0.35071
0.19276
0.99422
0.75356
0.30489
0.32617
0.52958
0.43759
0.23051
0.90755
0.36643
0.93645
0.47798
0.59538
0.40429
0.73834
0.13794
0.27731
0.28608
0.87334
0.32804
0.37622
0.37616
0.57334
0.51431
0.55033
0.86961
0.73725
0.02955
0.77125
0.07819
0.23512
0.98751
0.50008
0.31334
0.52034
0.39021
0.34029
0.91024
0.04952
0.88482
0.59840
0.31243
0.50714
0.60191
0.07356
0.52865
0.33442
0.74514
0.13617
0.04135
0.57669
0.76082
0.58276
0.73318
0.69974
0.04638
0.30659
0.08403
0.54209
0.11004
0.38948
0.04608
0.04518
0.64366
0.56649
0.74923
0.92254
0.60425
0.58826
0.11192
0.96933
0.29973
0.75646
0.60094
0.44491
0.20966
0.16294
0.42687
0.31607
0.12571
0.53496
0.25593
0.62174
0.88999
0.35837
0.49877
0.36316
0.05520
0.44441
0.94169
0.32699
0.04413
0.24533
0.88078
0.30834
0.72232
0.63324
0.33072
0.14634
0.79146
0.56920
0.40776
0.16899
0.50265
0.57188
0.15824
0.98707
0.65603
0.60274
0.77863
0.65071
0.88881
0.27821
0.65064
0.66365
0.63156
0.98880
0.87997
0.63053
0.53227
0.09095
0.89440
0.63515
0.71949
0.41893
0.01327
0.12138
0.72952
0.84434
0.45710
0.75815
0.95079
0.23396
0.66601
0.03320
0.32665
0.34862
0.49804
0.38984
0.27661
0.48675
0.32439
0.22381
0.99513
0.12048
0.65459
0.24722
0.06208
0.82788
0.11731
0.57679
0.89701
0.21666
0.54674
0.26253
0.48104
0.61957
0.59736
0.02138
0.28777
0.17779
0.44065
0.72907
0.67977
0.90658
0.49101
0.54574
0.11760
0.77058
0.61981
0.96591
0.96896
0.05503
0.08401
0.29101
0.14676
0.70473
0.79713
0.46339
0.82249
0.17155
0.37217
0.83508
0.03819
0.38258
0.50428
0.52944
0.39790
0.68999
0.17387
0.71010
0.15890
0.17561
0.24533
0.27068
0.80466
0.02991
0.25829
0.11626
0.81887
0.79232
0.02660
0.71796
0.38701
0.94587
0.54479
0.52889
0.96595
0.43481
0.09971
0.94032
0.26780
0.22386
0.44351
0.49075
0.71325
0.58339
0.09841
0.20735
0.52177
0.74238
0.11976
0.64692
0.20399
0.84756
0.66539
0.76555
0.53320
0.76415
0.59552
0.81552
0.64748
0.95405
0.09384
0.73827
0.56984
0.31361
0.39245
0.55948
0.06354
0.23791
0.48085
0.74736
0.67688
0.05465
0.75954
0.41792
0.02500
0.76860
0.81029
0.88612
0.98875
0.82275
0.01824
0.37432
0.97820
0.67679
0.00007
0.97408
0.16828
0.24076
0.97771
0.86295
0.06100
0.18633
0.09039
0.18380
0.13663
0.86868
0.76324
0.01663
0.28737
0.36422
0.21777
0.79219
0.49440
0.06078
0.77857
0.64530
0.60746
0.21248
0.31270
0.62412
0.30750
0.29431
0.36508
0.64045
0.30079
0.14510
0.75296
0.84404
0.30651
0.01270
0.01959
0.83690
0.02473
0.07171
0.55652
0.44760
0.77939
0.69531
0.19325
0.49162
0.06860
0.69920
0.28258
0.27868
0.99676
0.34843
0.07980
0.15757
0.21204
0.82989
0.90246
0.54566
0.33116
0.19289
0.04760
0.60222
0.75990
0.56474
0.46360
0.29735
0.81816
0.31466
0.02048
0.28417
0.63318
0.31425
0.70311
0.20423
0.81774
0.09364
0.88161
0.00508
0.18544
0.61187
0.19586
0.44260
0.16615
0.36028
0.83617
0.60277
0.96422
0.17670
0.46679
0.02937
0.76639
0.47020
0.82046
0.73279
0.39993
0.97476
0.38110
0.46048
0.05060
0.85362
0.92116
0.18730
0.00598
0.94304
0.23285
0.71270
0.79981
0.44583
0.41827
0.04026
0.25515
0.75265
0.25413
0.48991
0.09415
0.33927
0.03853
0.43835
0.58008
0.78680
0.88286
0.18267
0.74883
0.00870
0.14442
0.53333
0.73405
0.64384
0.09293
0.85336
0.74673
0.23957
0.65772
0.82144
0.09297
0.06893
0.59196
0.24615
0.04452
0.61280
0.92115
0.54801
0.09475
0.74486
0.87234
0.96724
0.66077
0.78763
0.11665
0.39542
0.23363
0.48029
0.84950
0.11625
0.37457
0.90289
0.95971
0.47394
0.15131
0.77723
0.41512
0.64022
0.02511
0.43632
0.46425
0.61085
0.66009
0.09894
0.12247
0.19499
0.96502
0.52323
0.80687
0.93834
0.66907
0.89773
0.64553
0.08435
0.54090
0.49804
0.43869
0.58130
0.80239
0.17152
0.16234
0.52819
0.67055
0.95397
0.91707
0.07664
0.03930
0.77112
0.24381
0.22404
0.84784
0.43158
0.71944
0.76258
0.97823
0.01981
0.54510
0.56569
0.75655
0.22928
0.95378
0.23538
0.41427
0.51001
0.46441
0.83301
0.15151
0.27941
0.42948
0.16060
0.87486
0.18519
0.31211
0.22783
0.02798
0.13141
0.30402
0.13954
0.61275
0.87790
0.07787
0.24155
0.60172
0.90978
0.35498
0.54747
0.74083
0.05031
0.95868
0.79400
0.08125
0.24587
0.99342
0.75831
0.66809
0.18771
0.96116
0.65146
0.96147
0.23898
0.74942
0.94121
0.30206
0.91580
0.61079
0.05933
0.72681
0.60862
0.55133
0.17359
0.48829
0.76077
0.69199
0.59486
0.31509
0.46030
0.60646
0.79719
0.53185
0.43304
0.50469
0.98423
0.97527
0.97959
0.75083
0.07494
0.61835
0.67383
0.67656
0.80377
0.31466
0.36638
0.64554
0.62682
0.51643
0.21893
0.83318
0.53006
0.44065
0.54358
0.11693
0.01285
0.71240
0.06609
0.03938
0.88860
0.12572
0.60311
0.85326
0.71922
0.81129
0.23975
0.37888
0.52061
0.79616
0.83345
0.50172
0.63958
0.58705
0.06245
0.92739
0.53578
0.70615
0.24923
0.34424
0.66309
0.38678
0.40600
0.08731
0.45609
0.11368
0.64611
0.84855
0.87932
0.84273
0.25519
0.78072
0.46624
0.19853
0.47344
0.05677
0.13001
0.35007
0.68423
0.16862
0.78841
0.26073
0.78490
0.17953
0.29974
0.07412
0.92156
0.86936
0.82376
0.37960
0.04390
0.48439
0.41004
0.50461
0.58031
0.23368
0.46356
0.16412
0.03745
0.09024
0.85450
0.77910
0.39950
0.74505
0.84897
0.41372
0.72740
0.10953
0.94211
0.02132
0.62033
0.04347
0.09727
0.72836
0.90831
0.17992
0.19420
0.34754
0.32366
0.49377
0.12686
0.12272
0.64797
0.82688
0.33176
0.53805
0.01326
0.64455
0.99347
0.85721
0.00952
0.94794
0.66748
0.32829
0.30851
0.30752
0.97922
0.69685
0.09741
0.49794
0.54868
0.96540
0.37026
0.19060
0.20139
0.92618
0.16599
0.96882
0.98702
0.29405
0.54982
0.99133
0.82973
0.10180
0.30817
0.85763
0.98200
0.28802
0.12388
0.03862
0.82655
0.38217
0.33582
0.74472
0.28261
0.61522
0.27388
0.30675
0.95062
0.65797
0.43400
0.38466
0.12738
0.67477
0.84015
0.14933
0.74235
0.89953
0.20212
0.71727
0.59627
0.99406
0.07603
0.55208
0.79307
0.48354
0.60294
0.96433
0.29811
0.92274
0.97213
0.90523
0.84032
0.46828
0.70614
0.29966
0.21236
0.11370
0.15753
0.65569
0.29271
0.51590
0.83298
0.76091
0.56077
0.55496
0.03647
0.93233
0.28773
0.46214
0.79348
0.13708
0.83626
0.36824
0.68454
0.36334
0.26022
0.57823
0.60669
0.88465
0.11029
0.24074
0.73205
0.68850
0.77523
0.50166
0.13347
0.06587
0.09302
