0.56834
0.21540
0.17298
0.85329
0.57029
0.72218
0.45656
0.73805
0.25721
0.97251
0.99472
0.48141
0.02474
0.96130
0.57328
0.98824
0.89485
0.89519
0.49649
0.01914
0.30513
0.85993
0.84690
0.95173
0.05667
0.79941
0.53078
0.29259
0.10087
0.36615
0.08595
0.22579
0.98447
0.74852
0.21863
0.61936
0.20070
0.72298
0.37546
0.50243
0.91538
0.86157
0.51279
0.65175
0.23573
0.83482
0.23290
0.43357
0.28741
0.54675
0.59051
0.37790
0.11006
0.57537
0.13209
0.97538
0.62529
0.79803
0.06697
0.91471
0.54531
0.63573
0.97256
0.35991
0.38893
0.18728
0.64326
0.13950
0.55854
0.90638
0.26952
0.24676
0.08639
0.27276
0.01667
0.67588
0.85098
0.17817
0.16085
0.59299
0.30168
0.34592
0.48140
0.27975
0.20652
0.45994
0.09421
0.41306
0.86221
0.59786
0.99667
0.95388
0.98705
0.08851
0.52900
0.10834
0.80037
0.06973
0.85829
0.58979
0.07112
0.47864
0.39001
0.60590
0.17274
0.70305
0.24875
0.85310
0.12280
0.99035
0.19047
0.56006
0.47032
0.88925
0.60167
0.83849
0.02030
0.66327
0.03440
0.94357
0.03963
0.00751
0.90731
0.71650
0.59990
0.82861
0.44057
0.49015
0.00556
0.69860
0.28341
0.57709
0.97550
0.79623
0.10963
0.32979
0.51481
0.83062
0.10220
0.70883
0.22910
0.51175
0.06200
0.96027
0.73704
0.17106
0.06359
0.50360
0.27166
0.39512
0.71204
0.43940
0.56469
0.40552
0.08030
0.83577
0.74830
0.83686
0.90082
0.08975
0.14159
0.86377
0.40481
0.42729
0.55581
0.99722
0.66737
0.76812
0.95444
0.47770
0.00284
0.58858
0.54607
0.06471
0.44740
0.03555
0.82914
0.57515
0.77818
0.74795
0.53536
0.98434
0.02825
0.38844
0.86988
0.23890
0.16170
0.50943
0.53627
0.89755
0.02882
0.14767
0.56767
0.96906
0.13504
0.09888
0.08707
0.61637
0.34299
0.11072
0.16614
0.96533
0.29069
0.69047
0.92063
0.71076
0.73836
0.18297
0.23248
0.38591
0.88857
0.22765
0.08206
0.78334
0.36674
0.02195
0.21705
0.19444
0.24816
0.21862
0.74268
0.64527
0.15937
0.14335
0.81857
0.60686
0.04980
0.13158
0.74841
0.84205
0.02649
0.68046
0.74636
0.47518
0.93697
0.60603
0.13321
0.12123
0.95830
0.99842
0.32430
0.91076
0.84225
0.17940
0.07345
0.62322
0.95208
0.35881
0.63235
0.83270
0.29984
0.20736
0.70072
0.12362
0.65980
0.66251
0.03253
0.72742
0.56984
0.21559
0.75553
0.40465
0.37493
0.25153
0.19889
0.06651
0.17117
0.31918
0.76884
0.48785
0.30714
0.82842
0.05986
0.90705
0.32330
0.76686
0.06871
0.19277
0.63990
0.81432
0.05809
0.73196
0.11963
0.51554
0.97813
0.60466
0.67241
0.49398
0.92430
0.60104
0.04577
0.70804
0.98335
0.15903
0.99691
0.99029
0.52649
0.79253
0.21571
0.72610
0.06607
0.85893
0.80555
0.21945
0.56082
0.26095
0.38080
0.26077
0.58127
0.63571
0.37264
0.68045
0.35653
0.23827
0.36726
0.24582
0.07517
0.71167
0.97646
0.05957
0.14883
0.80236
0.69256
0.53476
0.81600
0.15035
0.36240
0.89870
0.55359
0.44882
0.00098
0.29305
0.76185
0.23959
0.91212
0.41845
0.38712
0.55429
0.02598
0.24134
0.65031
0.29623
0.71972
0.08016
0.40316
0.59381
0.53982
0.62676
0.89931
0.15294
0.95553
0.76989
0.41707
0.58637
0.75609
0.91655
0.17257
0.04430
0.30213
0.12201
0.68375
0.20277
0.95897
0.68822
0.56378
0.96813
0.44485
0.49377
0.52764
0.92038
0.75000
0.95492
0.40145
0.34051
0.62402
0.76296
0.23038
0.65113
0.66312
0.43101
0.34698
0.33830
0.53621
0.67873
0.21496
0.55057
0.68353
0.42515
0.07451
0.42353
0.50249
0.70456
0.72794
0.27361
0.04134
0.53745
0.51150
0.88309
0.04493
0.27947
0.58632
0.46384
0.70756
0.04811
0.93245
0.91029
0.49986
0.71483
0.56632
0.84081
0.81648
0.67344
0.59192
0.54407
0.78704
0.28103
0.01805
0.46322
0.50510
0.97316
0.75245
0.27595
0.62011
0.91209
0.63674
0.53300
0.99791
0.59201
0.85403
0.43508
0.69451
0.27706
0.83578
0.11302
0.34273
0.49200
0.83792
0.09072
0.44437
0.12706
0.89507
0.87295
0.33097
0.49859
0.38201
0.17931
0.86847
0.47471
0.48412
0.11510
0.32556
0.53770
0.53774
0.72004
0.50367
0.67398
0.76664
0.72548
0.92552
0.60440
0.44743
0.79567
0.24412
0.71475
0.31174
0.43138
0.53005
0.27625
0.16985
0.89917
0.32929
0.61406
0.97155
0.00503
0.91504
0.10493
0.44927
0.77656
0.15888
0.23219
0.44982
0.92830
0.19798
0.67445
0.30451
0.04737
0.07049
0.37232
0.09884
0.07111
0.40016
0.91995
0.94739
0.43249
0.39983
0.27975
0.31549
0.17284
0.21879
0.78329
0.50776
0.29094
0.77847
0.22090
0.93235
0.48840
0.79412
0.92046
0.36318
0.00203
0.89557
0.09964
0.84314
0.27738
0.20352
0.39763
0.61448
0.40452
0.02943
0.76812
0.99441
0.96329
0.68960
0.04051
0.77634
0.35970
0.12332
0.85692
0.27085
0.35496
0.76470
0.28965
0.87204
0.03642
0.97314
0.21134
0.93432
0.79766
0.98892
0.54037
0.31393
0.31894
0.67274
0.32176
0.66136
0.22818
0.59549
0.96036
0.04739
0.74594
0.24851
0.91306
0.71475
0.05518
0.53722
0.16185
0.18450
0.75425
0.73751
0.84562
0.56410
0.19623
0.08624
0.98533
0.43241
0.24773
0.06855
0.40717
0.82975
0.82076
0.12633
0.52805
0.35593
0.35177
0.40408
0.09405
0.12700
0.53478
0.57861
0.04732
0.04363
0.74927
0.50036
0.65962
0.94803
0.65015
0.51475
0.52149
0.71568
0.68069
0.86889
0.44232
0.51338
0.91770
0.55583
0.91762
0.96096
0.82530
0.55930
0.30560
0.70432
0.97327
0.93606
0.61672
0.58914
0.57534
0.22948
0.72244
0.12765
0.99630
0.23687
0.74940
0.16747
0.68174
0.90811
0.18015
0.77734
0.25373
0.22677
0.45716
0.07660
0.83309
0.24502
0.29320
0.06237
0.47167
0.23472
0.82518
0.11228
0.36931
0.43844
0.64267
0.23678
0.16232
0.50539
0.31120
0.33651
0.75166
0.75298
0.79264
0.79620
0.94464
0.40465
0.80086
0.00388
0.27317
0.93254
0.98756
0.08998
0.20625
0.12713
0.03353
0.44793
0.19015
0.15216
0.63789
0.79491
0.78926
0.57282
0.33468
0.36608
0.98035
0.41498
0.62585
0.92093
0.23384
0.85998
0.89335
0.30753
0.18850
0.86716
0.15110
0.10548
0.67431
0.87817
0.55436
0.70867
0.70850
0.42816
0.35731
0.94931
0.61240
0.90707
0.54923
0.89677
0.46490
0.53740
0.87376
0.23392
0.32217
0.70620
0.33239
0.11752
0.81011
0.63092
0.31659
0.03180
0.23433
0.31734
0.86418
0.76109
0.57601
0.16286
0.51038
0.77645
0.55060
0.11955
0.37922
0.39086
0.14420
0.35107
0.34253
0.23755
0.50974
0.11633
0.37995
0.65685
0.85312
0.46367
0.05652
0.93636
0.50529
0.97072
0.35986
0.89551
0.36863
0.66759
0.71962
0.74426
0.76706
0.75466
0.67401
0.20573
0.19795
0.33346
0.03469
0.02782
0.41347
0.99955
0.77524
0.11980
0.57401
0.52475
0.56981
0.59298
0.76982
0.44858
0.10577
0.98208
0.06218
0.53781
0.91749
0.36147
0.53507
0.05448
0.33792
0.43057
0.41245
0.89728
0.30207
0.33165
0.50402
0.97787
0.28263
0.76427
0.60600
0.48100
0.36123
0.73697
0.83562
0.18021
0.05469
0.35438
0.28236
0.31499
0.98699
0.05726
0.11954
0.58266
0.75892
0.69563
0.80792
0.94762
0.50877
0.00191
0.66013
0.67934
0.64669
0.75790
0.34910
0.71204
0.11397
0.84813
0.37350
0.32980
0.29089
0.57270
0.02296
0.25703
0.69165
0.54513
0.19480
0.90124
0.90906
0.87352
0.13117
0.33871
0.81388
0.69148
0.27453
0.35829
0.35853
0.71601
0.77898
0.91861
0.07500
0.42228
0.36762
0.01021
0.20281
0.91720
0.56726
0.34321
0.74578
0.23982
0.19579
0.28184
0.45837
0.86159
0.65386
0.05502
0.19104
0.71562
0.06171
0.06393
0.55163
0.34643
0.06064
0.61656
0.41864
0.90400
0.05528
0.59530
0.78336
0.01229
0.90107
0.98245
0.44134
0.24948
0.34513
0.95482
0.77857
0.82340
0.71698
0.15442
0.99919
0.01127
0.23232
0.23187
0.85548
0.68221
0.87637
0.62287
0.31606
0.58584
0.18146
0.22690
0.59419
0.45310
0.17627
0.38220
0.08667
0.61502
0.89078
0.58278
0.41229
0.11749
0.89341
0.47514
0.98029
0.08044
0.97524
0.05961
0.71910
0.95480
0.82052
0.66491
0.20781
0.69532
0.79752
0.18992
0.05575
0.49562
0.89393
0.53717
0.24937
0.00575
0.27999
0.91972
0.50175
0.73016
0.43785
0.92289
0.61326
0.94667
0.05989
0.33746
0.56324
0.40379
0.23357
0.58775
0.44300
0.69847
0.36179
0.24210
0.97055
0.65950
0.55389
0.60730
0.81226
0.95297
0.08981
0.58294
0.22418
0.46973
0.42435
0.17696
0.79954
0.52578
0.67104
0.44590
0.44113
0.90521
0.28261
0.61403
0.53028
0.27227
0.26536
0.92552
0.18169
0.87487
0.67946
0.61364
0.98032
0.52435
0.32630
0.16140
0.26238
0.86658
0.72515
0.60554
0.83487
0.91073
0.34781
0.16744
0.18704
0.47685
0.85838
0.31655
0.45890
0.46196
0.01496
0.85442
0.55021
0.00933
0.82348
0.90741
0.29033
0.02240
0.11426
0.48873
0.94662
0.37096
0.09199
0.32336
0.81889
0.07841
0.40317
0.32488
0.15147
0.95220
0.81555
0.55790
0.42014
0.81473
0.61598
0.87064
0.84605
0.65822
0.12074
0.20792
0.81942
0.03792
0.31246
0.17002
0.24008
0.52506
0.10863
0.89488
0.65412
0.87811
0.74768
0.84469
0.53433
0.57423
0.31567
0.90979
0.08807
0.47355
0.55855
0.79784
0.19706
0.72806
0.34965
0.12132
0.94675
0.63477
0.17515
0.54802
0.75099
0.60561
0.53300
0.83840
0.16227
0.59168
0.89788
0.16990
0.37943
0.27651
0.57524
0.11693
0.58501
0.19069
0.98801
0.28087
0.06353
0.36715
0.36812
0.04411
0.89965
0.34218
0.45748
0.00308
0.70041
0.34802
0.89930
0.01688
0.54295
0.19556
0.97994
0.37276
0.22532
0.19783
0.43499
0.98213
0.17214
0.43189
0.08060
0.04454
0.93225
0.35356
0.99546
0.81105
0.30366
0.96223
0.32572
0.46103
0.69422
0.12749
0.03114
0.60962
0.26553
0.36954
0.56836
0.87033
0.38293
0.36339
0.88433
0.38876
0.05072
0.50769
0.78531
0.34493
0.70648
0.94145
0.95356
0.63141
0.13668
0.79150
0.55127
0.51282
0.23819
0.42533
0.81150
0.92088
0.58762
0.53028
0.93398
0.38675
0.21992
0.42320
0.83793
0.91876
0.97918
0.94651
0.04338
0.13366
0.43414
0.63082
0.23110
0.28548
0.52465
0.34049
0.02569
0.34189
0.21433
0.16391
0.87570
0.24671
0.37412
0.46002
0.51028
0.76760
0.64353
0.54535
0.40751
0.66398
0.82520
0.61266
0.52028
0.83239
0.20065
0.51186
0.86003
0.43928
0.58036
0.84982
0.35446
0.20534
0.66108
0.17293
0.42168
0.38351
0.47079
0.59236
0.77520
0.22554
0.34620
0.26214
0.42793
0.49222
0.32618
0.60268
0.36382
0.05578
0.49536
0.09029
0.07216
0.03238
0.12669
0.33115
0.05232
0.52801
0.87629
0.92558
0.06604
0.29415
0.57448
0.63754
0.93601
0.44824
0.46370
0.58690
0.98412
0.43264
0.96231
0.80865
0.41135
0.35440
0.76675
0.15217
0.88015
0.29254
0.07583
0.40220
0.19536
0.06896
0.68119
0.53050
0.18400
0.24388
0.28467
0.86598
0.74892
0.59509
0.89628
0.87781
0.84228
0.65882
0.36385
0.24978
0.81241
0.41202
0.59788
0.30010
0.53003
0.20298
0.88408
0.39689
0.57971
0.32568
0.16451
0.39590
0.37584
0.26560
0.77238
0.24409
0.58230
0.44952
0.03715
0.60826
0.83678
0.09792
0.14692
0.25071
0.40288
0.33966
0.42712
0.58476
0.70936
0.47147
0.06676
0.87975
0.96212
0.46927
0.32413
0.36883
0.79933
0.95168
0.72223
0.30539
0.22845
0.19847
0.99983
0.04766
0.41691
0.10586
0.89236
0.70393
0.18459
0.77132
0.87274
0.69282
0.11281
0.50517
0.92540
0.41366
0.22317
0.76369
0.80914
0.40065
0.52299
0.27158
0.91057
0.18023
0.51719
0.44050
0.24226
0.75564
0.56064
0.15889
0.47065
0.53418
0.63920
0.41536
0.83106
0.40605
0.84043
0.06226
0.53986
0.00296
0.64578
0.25738
0.05591
0.47954
0.12330
0.57479
0.61271
0.02669
0.32300
0.25683
0.00336
0.51740
0.79779
0.22600
0.82142
0.87478
0.86200
0.06688
0.40743
0.44486
0.58418
0.80009
0.75018
0.55224
0.77525
0.51245
0.81600
0.66344
0.73497
0.83963
0.29411
0.15524
0.64287
0.53867
0.50942
0.27214
0.75811
0.19929
0.93083
0.63316
0.76823
0.68749
0.56083
0.32151
0.53479
0.95454
0.99153
0.06050
0.23768
0.60734
0.38427
0.65844
0.92601
0.79841
0.80642
0.83622
0.26079
0.60565
0.86054
0.49671
0.00617
0.86626
0.69228
0.53403
0.37862
0.54347
0.08131
0.96633
0.62537
0.01084
0.93373
0.25355
0.27756
0.52966
0.70731
0.11511
0.92010
0.85078
0.01920
0.61911
0.48220
0.07600
0.75236
0.93593
0.27976
0.83459
0.80092
0.08988
0.15605
0.17064
0.01952
0.65077
0.04878
0.77947
0.30716
0.96610
0.16072
0.42557
0.87383
0.25651
0.44745
0.94167
0.73246
0.56279
0.22065
0.37573
0.11550
0.94916
0.11772
0.04357
0.87977
0.26036
0.84290
0.85657
0.84441
0.40243
0.79545
0.00196
0.08773
0.67542
0.55918
0.10424
0.50600
0.96132
0.94609
0.55655
0.61980
0.24064
0.02410
0.07889
0.78379
0.25839
0.42535
0.95051
0.04196
0.18908
0.53873
0.80895
0.59001
0.85883
0.09093
0.64326
0.13519
0.93451
0.41729
0.20908
0.54372
0.82613
0.11797
0.35753
0.54157
0.52007
0.87160
0.98147
0.34792
0.94386
0.56983
0.99545
0.78507
0.35125
0.55041
0.30122
0.46430
0.94775
0.31627
0.44444
0.74322
0.42521
0.01467
0.27114
0.28359
0.99856
0.16316
0.66363
0.60822
0.60357
0.68007
0.61682
0.11477
0.33350
0.60849
0.65999
0.80943
0.61200
0.61890
0.39051
0.52049
0.36724
0.96664
0.53911
0.59838
0.37435
0.49825
0.08344
0.60502
0.99648
0.93017
0.33949
0.11967
0.06799
0.24104
0.15822
0.08402
0.97545
0.91876
0.82164
0.75578
0.72510
0.96664
0.73577
0.46494
0.22070
0.22125
0.23794
0.47566
0.15993
0.47852
0.42630
0.41581
0.16282
0.59882
0.71755
0.67493
0.77519
0.06092
0.89252
0.45791
0.92394
0.00967
0.88960
0.97489
0.97649
0.44871
0.36521
0.70267
0.32129
0.72237
0.10232
0.08770
0.69940
0.35215
0.19253
0.32660
0.04286
0.13882
0.48410
0.32953
0.54230
0.31410
0.26233
0.64527
0.75207
0.48273
0.55443
0.75622
0.04398
0.30591
0.41646
0.26088
0.52288
0.29400
0.20520
0.50627
0.15935
0.73858
0.70721
0.80494
0.68383
0.41330
0.05123
0.28158
0.57385
0.45808
0.25661
0.98783
0.08169
0.10690
0.64694
0.19899
0.88558
0.05642
0.58007
0.65164
0.77777
0.88414
0.34508
0.05673
0.25194
0.73240
0.64156
0.03756
0.39692
0.53275
0.94179
0.54062
0.42386
0.31296
0.43503
0.59920
0.75593
0.76833
0.07086
0.08101
0.34381
0.54259
0.84291
0.58121
0.82717
0.46699
0.88817
0.65701
0.69802
0.52526
0.55210
0.78605
0.05582
0.04207
0.03679
0.07176
0.60795
0.83692
0.80201
0.10922
0.49771
0.41548
0.21419
0.28356
0.18638
0.35561
0.53535
0.01368
0.07440
0.48146
0.25198
0.42207
0.53424
0.52709
0.08662
0.97601
0.38596
0.37572
0.27562
0.97369
0.00784
0.98229
0.19752
0.08579
0.00319
0.96844
0.24644
0.27687
0.06961
0.59648
0.24845
0.32126
0.67040
0.22679
0.05703
0.91567
0.57189
0.20158
0.83908
0.91013
0.52768
0.22930
0.96123
0.95322
0.64400
0.53534
0.01522
0.65397
0.51759
0.79336
0.50247
0.55314
0.73300
0.62064
0.94900
0.36460
0.94712
0.04790
0.75824
0.80750
0.88162
0.48817
0.93873
0.03770
0.26568
0.38298
0.74535
0.89080
0.61602
0.23728
0.01336
0.81214
0.76067
0.88943
0.97481
0.79433
0.51757
0.98656
0.44580
0.32607
0.79025
0.62075
0.80567
0.10162
0.28476
0.79258
0.81669
0.95040
0.90655
0.19278
0.25317
0.55621
0.24713
0.99221
0.66550
0.89173
0.96731
0.70912
0.88368
0.95613
0.56710
0.79832
0.30405
0.11136
0.45454
0.67116
0.58969
0.07588
0.55613
0.97421
0.76178
0.87331
0.62270
0.97910
0.83942
0.44367
0.85779
0.38251
0.01859
0.46856
0.93361
0.39816
0.48004
0.29191
0.22138
0.96389
0.67505
0.92896
0.73541
0.65281
0.68658
0.17106
0.14333
0.41609
0.83814
0.20637
0.07338
0.95681
0.39472
0.37028
0.20359
0.17709
0.00846
0.06663
0.69944
0.45361
0.36046
0.23915
0.86553
0.72434
0.27149
0.10690
0.60190
0.54893
0.26306
0.31447
0.18199
0.95709
0.86122
0.36160
0.70355
0.44672
0.44579
0.19714
0.81977
0.38329
0.85010
0.83051
0.45114
0.85802
0.00299
0.59632
0.00340
0.45776
0.69714
0.21692
0.07932
0.16674
0.03418
0.96791
0.99994
0.89787
0.30271
0.44003
0.44142
0.43847
0.23197
0.15304
0.00052
0.32060
0.68350
0.61596
0.03516
0.84861
0.76608
0.71139
0.06748
0.63073
0.42592
0.01029
0.81274
0.91828
0.90078
0.35017
0.94881
0.50546
0.62519
0.60890
0.13834
0.75094
0.12950
0.94636
0.08521
0.97227
0.50091
0.57585
0.84477
0.77343
0.90303
0.01230
0.81020
0.07325
0.58735
0.65693
0.42174
0.62985
0.11920
0.33464
0.12183
0.56835
0.80482
0.91810
0.54290
0.83571
0.80209
0.90559
0.23841
0.76302
0.74679
0.26409
0.23811
0.84408
0.65232
0.02792
0.60847
0.74150
0.45707
0.33462
0.27720
0.74312
0.80771
0.27930
0.98930
0.72663
0.03642
0.54213
0.84613
0.63327
0.24298
0.38926
0.52397
0.42156
0.04426
0.18504
0.00349
0.12518
0.41515
0.26127
0.17677
0.44171
0.17325
0.90667
0.83684
0.33164
0.23791
0.77473
0.92109
0.46744
0.03658
0.46400
0.32302
0.85164
0.74426
0.20852
0.32065
0.51139
0.67301
0.39826
0.41454
0.03455
0.75169
0.81323
0.47431
0.66796
0.44885
0.56813
0.46443
0.03049
0.61238
0.12270
0.95530
0.21384
0.28797
0.20083
0.33834
0.13669
0.43137
0.49959
0.87213
0.36723
0.20447
0.94317
0.38807
0.80745
0.31244
0.13924
0.52576
0.95059
0.71052
0.52756
0.85018
0.65097
0.19289
0.25198
0.95559
0.45206
0.85043
0.27731
0.86189
0.14769
0.01594
0.03351
0.13423
0.48444
0.01043
0.24687
0.45053
0.80542
0.91869
0.23471
0.00516
0.29933
0.09884
0.18771
0.20520
0.78234
0.33470
0.06326
0.82160
0.06617
0.87547
0.59251
0.16164
0.78651
0.38354
0.83245
0.34834
0.35799
0.15019
0.92724
0.28671
0.70691
0.24896
0.18997
0.13150
0.56133
0.00859
0.82180
0.21228
0.70481
0.93661
0.06516
0.92697
0.04748
0.85804
0.29881
0.58803
0.37287
0.36370
0.30370
0.35737
0.93418
0.39611
0.40694
0.51968
0.99349
0.90299
0.47531
0.83853
0.71907
0.41998
0.73375
0.52230
0.77568
0.59626
0.68750
0.82240
0.51550
0.99375
0.83530
0.24135
0.54479
0.09118
0.09547
0.43343
0.66372
0.57191
0.49268
0.81915
0.43821
0.66813
0.30654
0.18362
0.86537
0.02153
0.11973
0.01693
0.77260
0.75274
0.50930
0.94500
0.01900
0.17449
0.32907
0.93252
0.89930
0.98085
0.37883
0.41889
0.67102
0.00859
0.55113
0.70680
0.81067
0.04261
0.55774
0.65566
0.39456
0.35884
0.80634
0.87123
0.49831
0.04063
0.52647
0.77560
0.40689
0.00069
0.19321
0.72876
0.07018
0.29557
0.90251
0.47084
0.81146
0.28395
0.78714
0.50419
0.78506
0.85549
0.83654
0.60313
0.80349
0.16839
0.48237
0.19464
0.06269
0.95386
0.13128
0.64455
0.89040
0.55852
0.04816
0.42748
0.97173
0.96544
0.81768
0.77959
0.09826
0.14031
0.58044
0.34571
0.75629
0.92442
0.78882
0.80284
0.33132
0.95131
0.44437
0.51529
0.58601
0.37380
0.40405
0.87885
0.28636
0.19245
0.03355
0.80027
0.62766
0.97593
0.80968
0.80378
0.09409
0.24026
0.78888
0.90555
0.86076
0.98419
0.29617
0.20042
0.35524
0.68706
0.52852
0.94277
0.78991
0.73774
0.33739
0.86691
0.26743
0.09723
0.92898
0.51478
0.87023
0.08259
0.25199
0.74345
0.21214
0.72010
0.87406
0.73997
0.50859
0.48937
0.29718
0.40355
0.36830
0.68745
0.79364
0.39030
0.26947
0.59771
0.15203
0.71012
0.51400
0.37862
0.10796
0.37002
0.44997
0.87151
0.19264
0.86462
0.84764
0.87682
0.91841
0.20712
0.79321
0.02783
0.24273
0.53083
0.65258
0.87608
0.63069
0.46728
0.43563
0.14273
0.12391
0.26336
0.96149
0.22449
0.13676
0.84084
0.52424
0.68239
0.82423
0.12145
0.80159
0.07239
0.13845
0.66859
0.85735
0.31292
0.05744
0.93003
0.34987
0.85103
0.08004
0.81641
0.48733
0.29286
0.04009
0.86991
0.96175
0.16143
0.38608
0.39017
0.06460
0.45318
0.21796
0.12140
0.59762
0.92428
0.26053
0.57470
0.85707
0.32329
0.83263
0.58306
0.61696
0.63489
0.42763
0.70086
0.76445
0.31700
0.24340
0.08357
0.72647
0.15367
0.55352
0.91091
0.44284
0.57878
0.90357
0.20582
0.95589
0.85489
0.67437
0.80935
0.32581
0.95486
0.75545
0.46600
0.86042
0.60035
0.27104
0.65389
0.62990
0.34798
0.09825
0.17956
0.52075
0.60114
0.59550
0.65348
0.78495
0.47944
0.44130
0.90555
0.97048
0.20286
0.31702
0.45287
0.40285
0.60469
0.03416
0.94377
0.60810
0.59789
0.66753
0.24700
0.97131
0.75920
0.59879
0.88492
0.91674
0.48472
0.35654
0.37421
0.52761
0.10202
0.51873
0.09279
0.52473
0.29018
0.91690
0.42889
0.83711
0.73069
0.73112
0.62316
0.40501
0.81906
0.96688
0.55641
0.88240
0.36484
0.19542
0.90727
0.15996
0.72307
0.89434
0.63306
0.18139
0.04164
0.84163
0.91713
0.99793
0.20645
0.94841
0.72207
0.81715
0.63353
0.57860
0.75939
0.64106
0.18329
0.42633
0.13455
0.83071
0.79359
0.00972
0.65876
0.06338
0.49240
0.54819
0.00050
0.28807
0.07135
0.75668
0.58387
0.28010
0.15468
0.65948
0.97051
0.57308
0.83738
0.66740
0.51097
0.43291
0.34253
0.92083
0.90553
0.69961
0.14949
0.82797
0.85274
0.16208
0.14573
0.74506
0.42198
0.48263
0.97950
0.34446
0.22951
0.25901
0.33123
0.69837
0.40918
0.20461
0.47891
0.14191
0.30268
0.86156
0.79270
0.33680
0.46091
0.06280
0.92040
0.72097
0.76968
0.60472
0.09771
0.88530
0.55357
0.11488
0.94118
0.58444
0.39162
0.90171
0.82835
0.53276
0.28495
0.59959
0.21963
0.10284
0.28514
0.12432
0.59220
0.87712
0.10526
0.00533
0.40500
0.18657
0.40130
0.07263
0.52481
0.61204
0.80388
0.49436
0.47291
0.25229
0.73719
0.78303
0.01772
0.12937
0.80558
0.88288
0.28594
0.21503
0.86474
0.10024
0.19183
0.62652
0.53195
0.80793
0.29880
0.56886
0.26117
0.28070
0.84128
0.74381
0.13944
0.50081
0.90430
0.70217
0.14920
0.00125
0.24421
0.07723
0.64890
0.63541
0.68542
0.73133
0.54318
0.00039
0.36228
0.92175
0.12227
0.04261
0.92543
0.66251
0.21085
0.00919
0.32675
0.04027
0.50463
0.55931
0.21230
0.72885
0.45279
0.80114
0.73935
0.24022
0.29875
0.14503
0.78809
0.26228
0.84074
0.79866
0.58991
0.98568
0.49799
0.70462
0.38423
0.86949
0.40145
0.56372
0.60370
0.88976
0.05229
0.36959
0.75815
0.84670
0.89179
0.96671
0.81770
0.13914
0.66804
0.17812
0.29275
0.16637
0.41863
0.11247
0.98950
0.42583
0.44025
0.09756
0.30990
0.66946
0.93886
0.99421
0.79331
0.31764
0.54051
0.64622
0.97847
0.20720
0.28306
0.58249
0.41293
0.28413
0.19694
0.43520
0.54448
0.71642
0.89063
0.54201
0.78967
0.97161
0.92443
0.83353
0.23376
0.93099
0.21667
0.39400
0.41055
0.60216
0.47996
0.51653
0.49581
0.99543
0.17316
0.89864
0.81110
0.25463
0.98144
0.83755
0.02421
0.90246
0.44701
0.01633
0.59267
0.97061
0.81651
0.93427
0.02217
0.51458
0.57388
0.68757
0.07779
0.54228
0.32141
0.02254
0.86563
0.58041
0.26877
0.90864
0.32629
0.13770
0.23200
0.48801
0.04502
0.55370
0.28281
0.26169
0.07709
0.48108
0.25245
0.74781
0.34093
0.32356
0.09459
0.68181
0.51583
0.12135
0.59075
0.29512
0.08227
0.10484
0.86356
0.23874
0.37816
0.87105
0.42424
0.67051
0.76880
0.91381
0.84218
0.95925
0.55711
0.67458
0.74693
0.67231
0.02894
0.48712
0.22159
0.95637
0.49715
0.37543
0.37832
0.76324
0.69376
0.27728
0.80820
0.41073
0.03670
0.02596
0.83325
0.89124
0.67844
0.78342
0.29793
0.23888
0.23988
0.10520
0.23371
0.45790
0.39874
0.74517
0.59764
0.79491
0.88940
0.51975
0.97840
0.10272
0.86620
0.62754
0.88343
0.93518
0.05509
0.36923
0.58901
0.38493
0.05841
0.13320
0.30983
0.73208
0.97879
0.72943
0.04779
0.75888
0.18392
0.00648
0.42604
0.99322
0.69555
0.65312
0.92894
0.12867
0.13741
0.63632
0.35271
0.79092
0.21772
0.13746
0.62135
0.27351
0.25293
0.78548
0.88268
0.94450
0.99201
0.79151
0.66137
0.80873
0.19348
0.84189
0.99590
0.53824
0.12482
0.18591
0.62716
0.07500
0.44573
0.64466
0.82983
0.33280
0.05753
0.22893
0.24775
0.14267
0.68427
0.64240
0.67821
0.75480
0.33365
0.07574
0.20891
0.68019
0.31312
0.03090
0.13462
0.53212
0.42991
0.13332
0.34568
0.78555
0.27092
0.46043
0.93542
0.79364
0.62747
0.84794
0.80715
0.84591
0.94291
0.02818
0.68965
0.92713
0.51925
0.29316
0.55329
0.67136
0.83552
0.96793
0.96483
0.53793
0.55700
0.25344
0.05741
0.21006
0.61538
0.92143
0.17469
0.33593
0.01559
0.65787
0.52031
0.47667
0.26997
0.01772
0.49258
0.96876
0.65788
0.56178
0.91211
0.52457
0.72729
0.23742
0.16859
0.66634
0.46495
0.94799
0.46437
0.60985
0.26137
0.87729
0.03744
0.82417
0.57620
0.05954
0.75026
0.35605
0.26246
0.88802
0.94869
0.58352
0.35497
0.60352
0.28890
0.81200
0.21294
0.23225
0.21750
0.01003
0.16575
0.56985
0.20628
0.62123
0.82726
0.10708
0.42464
0.81629
0.77531
0.29306
0.38590
0.30768
0.64318
0.80974
0.00402
0.02522
0.40326
0.92244
0.10970
0.34750
0.53538
0.88255
0.68133
0.01725
0.72069
0.46861
0.66873
0.38161
0.56201
0.34349
0.69295
0.61543
0.60485
0.95342
0.68414
0.29336
0.18021
0.16751
0.43155
0.31016
0.68170
0.84274
0.10316
0.40875
0.76036
0.64427
0.16535
0.99156
0.87648
0.80035
0.19041
0.34965
0.15245
0.80061
0.83370
0.86902
0.79414
0.00223
0.96365
0.05624
0.51249
0.13442
0.67030
0.74822
0.89929
0.02037
0.93740
0.29906
0.55557
0.01620
0.42044
0.16836
0.94195
0.43153
0.01350
0.40404
0.50394
0.78514
0.42395
0.30402
0.36678
0.75016
0.02349
0.82185
0.73039
0.60583
0.33837
0.52527
0.14789
0.58249
0.44268
0.27849
0.92458
0.19296
0.20067
0.64636
0.82258
0.80884
0.60537
0.05939
0.06162
0.68372
0.88606
0.09556
0.29598
0.48175
0.71435
0.31107
0.74659
0.93738
0.54508
0.89413
0.65103
0.08750
0.89098
0.03918
0.26512
0.33086
0.39132
0.55142
0.07689
0.14085
0.08368
0.23733
0.08013
0.94735
0.12668
0.81519
0.24892
0.33085
0.50245
0.19894
0.26342
0.36823
0.25865
0.41019
0.50324
0.04018
0.42372
0.22589
0.96096
0.43492
0.22998
0.02693
0.16411
0.28036
0.36595
0.81255
0.00245
0.36782
0.51793
0.83898
0.35657
0.96849
0.48910
0.93258
0.08200
0.94191
0.57406
0.31443
0.07686
0.70518
0.13334
0.21102
0.97430
0.35592
0.45423
0.08102
0.19406
0.98541
0.06024
0.77599
0.49922
0.79231
0.94859
0.63560
0.46825
0.09793
0.95903
0.76365
0.92412
0.71309
0.88258
0.21000
0.62235
0.42390
0.46679
0.45602
0.71411
0.89670
0.03322
0.34088
0.82524
0.68803
0.83000
0.13270
0.15947
0.86588
0.59403
0.38243
0.46110
0.46358
0.59189
0.69848
0.15067
0.79909
0.57606
0.04128
0.43688
0.74374
0.59195
0.13812
0.53091
0.36150
0.60784
0.64366
0.31321
0.15405
0.59374
0.69947
0.83584
0.45848
0.83110
0.95513
0.20839
0.03914
0.41436
0.88143
0.49175
0.37107
0.27587
0.42120
0.10468
0.11637
0.55247
0.64330
0.64616
0.81451
0.59577
0.47585
0.39122
0.27455
0.42142
0.65673
0.42301
0.49466
0.40984
0.43125
0.06085
0.40918
0.42424
0.35010
0.00483
0.98524
0.72074
0.75504
0.21986
0.18206
0.93125
0.84366
0.17273
0.84455
0.57490
0.17990
0.49464
0.40285
0.38637
0.05506
0.87591
0.72215
0.02138
0.67217
0.11687
0.46159
0.76255
0.18685
0.83059
0.83183
0.21329
0.18029
0.15972
0.40580
0.80157
0.52963
0.46864
0.46329
0.13714
0.65644
0.46809
0.27031
0.39578
0.08993
0.50106
0.89541
0.01200
0.89482
0.33997
0.04136
0.29884
0.85851
0.40038
0.71040
0.39371
0.82871
0.53779
0.50371
0.19005
0.64071
0.23544
0.86778
0.93350
0.80307
0.32279
0.34930
0.99288
0.09508
0.33856
0.15104
0.54048
0.71568
0.17397
0.30476
0.93352
0.58922
0.79641
0.65334
0.17852
0.48598
0.02460
0.66001
0.54509
0.28362
0.38580
0.60776
0.83967
0.74134
0.70006
0.24816
0.79969
0.95820
0.83176
0.28849
0.02952
0.19278
0.29665
0.09267
0.11079
0.06740
0.52489
0.88954
0.16019
0.92970
0.46238
0.31023
0.57468
0.87556
0.75404
0.44775
0.69328
0.31369
0.24918
0.07664
0.25880
0.33901
0.30748
0.42707
0.30309
0.41967
0.57377
0.37284
0.00573
0.08153
0.34074
0.31080
0.05114
0.77592
0.07871
0.44730
0.33067
0.21998
0.21471
0.16179
0.27040
0.07619
0.49596
0.90158
0.85896
0.91362
0.82763
0.75186
0.80054
0.35753
0.82294
0.61202
0.94118
0.58953
0.43595
0.10199
0.93009
0.85995
0.89434
0.84787
0.17327
0.81732
0.11179
0.37710
0.05068
0.93599
0.56148
0.87360
0.72948
0.38353
0.22521
0.37743
0.30696
0.36243
0.02421
0.27804
0.88116
0.36014
0.80058
0.96218
0.24480
0.76631
0.02540
0.99306
0.76660
0.96649
0.38836
0.64993
0.61293
0.92303
0.31351
0.82612
0.82289
0.32190
0.57999
0.42858
0.66887
0.53917
0.50283
0.35405
0.49271
0.06265
0.19129
0.60276
0.79621
0.82028
0.37497
0.82175
0.35313
0.61985
0.13933
0.26156
0.40975
0.05953
0.60031
0.61404
0.90001
0.88778
0.59580
0.63853
0.69219
0.19009
0.79860
0.12741
0.67488
0.61785
0.25802
0.94122
0.83094
0.62560
0.60852
0.47307
0.84948
0.77527
0.84842
0.52902
0.01556
0.07828
0.51528
0.47597
0.95571
0.54853
0.59177
0.66643
0.40104
0.00294
0.59568
0.14373
0.90713
0.17291
0.42775
0.79040
0.27831
0.03028
0.78874
0.19314
0.96292
0.30556
0.92327
0.22632
0.34379
0.17251
0.11614
0.00057
0.27004
0.50489
0.52588
0.55984
0.09082
0.35338
0.62038
0.98794
0.30731
0.03734
0.54596
0.42525
0.27924
0.66717
0.68375
0.66793
0.39140
0.12920
0.10287
0.53707
0.07850
0.11641
0.17822
0.38990
0.87991
0.03210
0.13381
0.44877
0.38778
0.11823
0.31658
0.70831
0.97430
0.45244
0.39174
0.20669
0.09987
0.13732
0.02259
0.07274
0.52938
0.17199
0.25431
0.55199
0.96580
0.09056
0.25827
0.16257
0.45884
0.14749
0.35891
0.55984
0.33693
0.25816
0.07821
0.22526
0.48010
0.61414
0.65019
0.61685
0.06641
0.44163
0.29468
0.00104
0.89014
0.37943
0.50296
0.06329
0.02742
0.44818
0.83783
0.44768
0.02400
0.48162
0.88623
0.87095
0.24311
0.28747
0.56515
0.39451
0.65467
0.39730
0.66217
0.14735
0.89050
0.13030
0.07042
0.22610
0.20737
0.18567
0.82065
0.53905
0.83415
0.11130
0.49820
0.14387
0.30747
0.79530
0.42390
0.81243
0.79872
0.58053
0.43836
0.45890
0.86749
0.45378
0.84476
0.28412
0.27918
0.12368
0.50727
0.14633
0.28829
0.23736
0.74200
0.98269
0.73624
0.74815
0.67412
0.94026
0.13356
0.32075
0.17401
0.87323
0.49612
0.65721
0.37451
0.51067
0.77101
0.43069
0.75518
0.33699
0.89175
0.35243
0.56848
0.16728
0.67390
0.95055
0.94708
0.23429
0.89802
0.11889
0.25948
0.76664
0.47184
0.99687
0.56789
0.15701
0.19985
0.40546
0.18172
0.13289
0.19276
0.45742
0.24463
0.83824
0.73190
0.85145
0.34746
0.24741
0.68111
0.35464
0.42910
0.27254
0.87985
0.59238
0.42009
0.14735
0.74276
0.17972
0.01355
0.19558
0.34936
0.29678
0.49965
0.84034
0.23473
0.06521
0.59723
0.12413
0.20303
0.55513
0.12673
0.49152
0.10781
0.53892
0.03629
0.97305
0.56943
0.78762
0.88060
0.64743
0.26395
0.12734
0.67070
0.72481
0.13467
0.18091
0.66297
0.04019
0.95279
0.59432
0.80658
0.61795
0.16706
0.03554
0.00559
0.51165
0.38832
0.81582
0.77815
0.56016
0.22155
0.97337
0.80562
0.24829
0.30809
0.40324
0.05995
0.04418
0.25787
0.93866
0.78665
0.27588
0.88312
0.13848
0.59887
0.43212
0.57212
0.32243
0.34403
0.31503
0.42899
0.55642
0.96188
0.69940
0.46757
0.92249
0.51604
0.93882
0.99834
0.37425
0.89531
0.47845
0.82565
0.62727
0.64993
0.69480
0.09949
0.78150
0.38265
0.39850
0.68316
0.73319
0.72652
0.81735
0.43486
0.21182
0.58564
0.06079
0.62133
0.02913
0.83857
0.72556
0.01369
0.06248
0.15474
0.70030
0.28585
0.44460
0.83991
0.75753
0.51798
0.61202
0.33147
0.35111
0.65992
0.35219
0.71526
0.83627
0.11081
0.33041
0.27196
0.10631
0.42040
0.13977
0.60430
0.87837
0.62298
0.42629
0.16677
0.76247
0.30244
0.43382
0.98801
0.08202
0.00424
0.49147
0.40534
0.74431
0.06461
0.14025
0.97973
0.09726
0.56025
0.08583
0.14999
0.47811
0.67055
0.34272
0.39797
0.53122
0.51338
0.03343
0.65321
0.14935
0.99988
0.35487
0.83965
0.98855
0.01453
0.97005
0.31117
0.25707
0.14517
0.81991
0.10567
0.04390
0.17130
0.37782
0.24238
0.93999
0.86886
0.62116
0.25090
0.45013
0.98327
0.28762
0.12519
0.21289
0.29587
0.66962
0.29198
0.29349
0.71923
0.92826
0.81532
0.38897
0.20219
0.52179
0.45048
0.63864
0.01151
0.26312
0.51024
0.14160
0.99494
0.32183
0.70521
0.46865
0.23012
0.04016
0.23633
0.76486
0.08464
0.30871
0.15523
0.41277
0.98893
0.87232
0.89938
0.64816
0.70527
0.82454
0.00830
0.38561
0.83801
0.19688
0.48766
0.64674
0.69437
0.76357
0.86802
0.86086
0.13451
0.79409
0.23940
0.71250
0.32235
0.62509
0.83582
0.18022
0.56206
0.31730
0.27144
0.27513
0.10299
0.45073
0.64602
0.45593
0.98866
0.71147
0.10269
0.65936
0.49059
0.73614
0.84163
0.81094
0.36759
0.26304
0.42696
0.54912
0.14158
0.96327
0.54833
0.32734
0.37124
0.95395
0.93451
0.22702
0.61986
0.49939
0.79367
0.28556
0.97372
0.46630
0.99324
0.58381
0.02080
0.84407
0.06033
0.06497
0.98335
0.87008
0.15820
0.51960
0.29137
0.68741
0.14824
0.73011
0.87260
0.31044
0.84987
0.33496
0.57397
0.55936
0.29730
0.47733
0.57388
0.12091
0.45313
0.79347
0.71903
0.00690
0.21757
0.73048
0.73689
0.42274
0.24736
0.49348
0.69177
0.23591
0.71049
0.63516
0.47955
0.51100
0.22926
0.64788
0.43149
0.85340
0.45629
0.82365
0.53803
0.37512
0.78786
0.73949
0.20658
0.41938
0.46147
0.46567
0.61221
0.49392
0.64217
0.97688
0.90057
0.41695
0.83806
0.24816
0.24172
0.81658
0.72348
0.62893
0.66583
0.55635
0.07953
0.61547
0.46651
0.08877
0.36393
0.08968
0.57158
0.93358
0.39356
0.86696
0.69457
0.58474
0.16181
0.64770
0.29508
0.40361
0.08710
0.42006
0.20807
0.56479
0.16411
0.13219
0.74659
0.57116
0.47176
0.27114
0.79265
0.67591
0.28249
0.38379
0.76702
0.46312
0.47519
0.66669
0.11393
0.83700
0.09906
0.85179
0.78762
0.58455
0.88563
0.82043
0.50822
0.99058
0.20819
0.79013
0.35711
0.74282
0.98518
0.12283
0.10569
0.22682
0.72578
0.46621
0.42244
0.33537
0.38528
0.09758
0.93093
0.72674
0.78625
0.01797
0.44663
0.90968
0.28856
0.47987
0.76351
0.10282
0.12576
0.69158
0.41366
0.48856
0.98735
0.29084
0.56877
0.74529
0.63803
0.65570
0.31589
0.67488
0.47710
0.60466
0.09034
0.97029
0.27221
0.21264
0.21450
0.10114
0.46078
0.23848
0.58022
0.27205
0.49554
0.62074
0.94006
0.61930
0.02762
0.67863
0.90229
0.78430
0.44319
0.11009
0.52844
0.38517
0.33435
0.48654
0.97709
0.25423
0.26535
0.91113
0.37563
0.94447
0.82085
0.92530
0.80591
0.11102
0.52668
0.86173
0.42884
0.62356
0.75146
0.81338
0.43151
0.68386
0.13791
0.81635
0.76371
0.21518
0.34001
0.84708
0.77743
0.40801
0.65785
0.55445
0.85827
0.19181
0.13202
0.18967
0.69094
0.36687
0.39938
0.29870
0.04282
0.75445
0.03530
0.47065
0.12449
0.42232
0.31983
0.85354
0.62465
0.79791
0.62261
0.82137
0.71964
0.61260
0.64234
0.18818
0.85508
0.11684
0.89114
0.03541
0.46331
0.05872
0.27178
0.86112
0.69126
0.81037
0.60385
0.81097
0.71774
0.66517
0.28023
0.62660
0.56035
0.19305
0.94995
0.31027
0.43794
0.13400
0.10583
0.16550
0.56857
0.67136
0.88430
0.11440
0.75121
0.23870
0.14648
0.43089
0.01164
0.04626
0.85973
0.77855
0.14711
0.08547
0.13166
0.36145
0.92186
0.18352
0.06663
0.13247
0.10420
0.54644
0.59723
0.35667
0.53456
0.61805
0.73669
0.72563
0.76789
0.20391
0.32640
0.30724
0.56820
0.04130
0.03732
0.69426
0.08442
0.85825
0.82750
0.37981
0.30355
0.96028
0.77861
0.38092
0.37279
0.34756
0.21815
0.26470
0.60158
0.16041
0.38300
0.34836
0.72335
0.34082
0.35788
0.37153
0.58925
0.14139
0.90417
0.73977
0.24931
0.37368
0.51731
0.56633
0.20268
0.17904
0.74643
0.06322
0.53824
0.25558
0.45218
0.64950
