0.90874 0.96728
0.00213 0.92065
0.43349 0.94754
0.19758 0.30825
0.40914 0.19122
0.78717 0.35552
0.00863 0.38775
0.43839 0.35357
0.30922 0.73058
0.51073 0.49230
0.68268 0.01658
0.08420 0.18214
0.81020 0.96759
0.54258 0.97177
0.60700 0.51973
0.31851 0.52042
0.91326 0.98706
0.67250 0.03211
0.90502 0.19543
0.52131 0.43197
0.58356 0.60255
0.22225 0.25072
0.87775 0.70095
0.17489 0.96371
0.26339 0.38888
0.46495 0.60541
0.90135 0.44810
0.02068 0.17323
0.07554 0.18543
0.43780 0.71749
0.40478 0.01853
0.49763 0.24567
0.02058 0.97208
0.89825 0.96168
0.07940 0.39390
0.16131 0.28359
0.46543 0.26916
0.50613 0.90857
0.77127 0.02923
0.74213 0.40987
0.70721 0.81639
0.57771 0.36380
0.30407 0.60496
0.14215 0.55741
0.98139 0.90163
0.06548 0.82070
0.83184 0.69994
0.61276 0.08006
0.20408 0.07329
0.12905 0.93819
0.39419 0.17319
0.56839 0.03351
0.44947 0.30773
0.80233 0.19497
0.09054 0.74481
0.09436 0.03356
0.63370 0.09430
0.95009 0.47127
0.37072 0.51076
0.72574 0.96533
0.87039 0.27939
0.16593 0.26828
0.28132 0.38540
0.35479 0.29596
0.02398 0.82542
0.39498 0.97211
0.02963 0.25513
0.70528 0.70294
0.35310 0.04118
0.86419 0.58286
0.17398 0.83454
0.39090 0.13304
0.40468 0.56033
0.62745 0.33402
0.04677 0.73567
0.15061 0.14455
0.04477 0.93833
0.32772 0.23978
0.04891 0.91039
0.58315 0.23597
0.80900 0.68194
0.97201 0.75387
0.44382 0.08050
0.81878 0.10662
0.69461 0.73855
0.52774 0.38143
0.99172 0.26275
0.70355 0.47493
0.07160 0.19128
0.15524 0.77146
0.10840 0.03344
0.58364 0.09563
0.15862 0.76502
0.35961 0.52383
0.88368 0.09665
0.99228 0.06582
0.50785 0.56653
0.19010 0.10001
0.15749 0.98129
0.19065 0.27769
0.86526 0.60075
0.02169 0.70919
0.46118 0.89715
0.24828 0.51345
0.77292 0.63457
0.90983 0.96868
0.76869 0.79712
0.53695 0.32018
0.87972 0.53667
0.49845 0.24785
0.78377 0.54357
0.89922 0.09084
0.13906 0.69038
0.33595 0.95088
0.42269 0.66919
0.54004 0.72180
0.34845 0.80842
0.52735 0.65873
0.05044 0.50866
0.12968 0.63258
0.29503 0.14526
0.51216 0.55782
0.02392 0.06514
0.24773 0.07072
0.16885 0.64158
0.64420 0.23079
0.43320 0.78905
0.49823 0.99727
0.10467 0.98978
0.25899 0.86790
0.86336 0.81449
0.16736 0.11389
0.70506 0.51058
0.00608 0.69104
0.99422 0.24156
0.21125 0.51545
0.44778 0.89388
0.53059 0.32414
0.21421 0.45104
0.58810 0.99096
0.11415 0.66275
0.24541 0.95075
0.19280 0.41140
0.75508 0.12232
0.32065 0.31764
0.67878 0.45234
0.80540 0.30963
0.34727 0.20438
0.45789 0.81571
0.90460 0.24688
0.23610 0.98906
0.60690 0.14183
0.14415 0.71928
0.99655 0.41650
0.70843 0.37433
0.24803 0.63817
0.92710 0.30067
0.31138 0.88149
0.68023 0.27039
0.03781 0.37610
0.11593 0.03544
0.34367 0.86625
0.24162 0.23003
0.06702 0.92800
0.63832 0.76533
0.26805 0.36555
0.21161 0.90011
0.39557 0.06868
0.00533 0.46205
0.16932 0.27261
0.69331 0.19861
0.26658 0.80502
0.32086 0.47354
0.97932 0.37029
0.08742 0.66251
0.48239 0.04072
0.86748 0.09480
0.84834 0.20609
0.94722 0.92441
0.35563 0.04685
0.42798 0.01153
0.71115 0.22554
0.69503 0.12134
0.08978 0.22643
0.10039 0.35220
0.10445 0.90945
0.35187 0.00999
0.17646 0.24389
0.28100 0.72352
0.01616 0.77887
0.31595 0.77193
0.15683 0.60971
0.89658 0.59703
0.12175 0.89225
0.70880 0.21954
0.72131 0.19580
0.25824 0.88360
0.49871 0.18344
0.69172 0.47670
0.10074 0.42536
0.69944 0.44125
0.45469 0.30576
0.63774 0.48527
0.65682 0.70505
0.33787 0.13833
0.92325 0.14054
0.29213 0.99184
0.11046 0.31289
0.67370 0.26602
0.42061 0.40072
0.79390 0.47533
0.77849 0.62746
0.78271 0.87476
0.97462 0.15858
0.32613 0.32483
0.90867 0.65557
0.91273 0.57179
0.34336 0.28334
0.94138 0.13027
0.35858 0.58839
0.14347 0.54298
0.68759 0.83081
0.41238 0.14539
0.85029 0.95143
0.17137 0.63518
0.81889 0.93306
0.05905 0.00541
0.11763 0.27821
0.13563 0.26483
0.20840 0.75787
0.18911 0.16648
0.70707 0.16913
0.63096 0.85082
0.91972 0.28638
0.86078 0.30686
0.53651 0.08468
0.46303 0.16465
0.86802 0.03067
0.36711 0.48490
0.53371 0.46178
0.76857 0.87776
0.63122 0.27951
0.63723 0.35144
0.29646 0.94643
0.75163 0.24190
0.22971 0.95429
0.19297 0.53585
0.77573 0.36481
0.03394 0.54152
0.92646 0.19070
0.11980 0.14159
0.78181 0.80238
0.06292 0.59449
0.02934 0.02352
0.46943 0.14168
0.33742 0.03867
0.79396 0.61229
0.76118 0.35375
0.67674 0.21420
0.51997 0.58472
0.72557 0.69225
0.97255 0.49953
0.34511 0.58165
0.75506 0.00909
0.44876 0.61825
0.52262 0.19654
0.71536 0.91758
0.28631 0.33705
0.15310 0.06343
0.56340 0.70220
0.24546 0.21835
0.97191 0.10366
0.65223 0.62480
0.51692 0.21450
0.86935 0.82349
0.47539 0.35000
0.36473 0.45486
0.33762 0.60821
0.57312 0.92832
0.49277 0.37705
0.33303 0.45606
0.88195 0.62704
0.03771 0.37873
0.53414 0.28291
0.27390 0.86024
0.44410 0.26644
0.79526 0.27841
0.21932 0.29674
0.59673 0.24301
0.77104 0.51548
0.26791 0.89255
0.49160 0.19888
0.78498 0.49308
0.21192 0.86790
0.26849 0.50279
0.28489 0.82024
0.72622 0.72108
0.78570 0.25986
0.90911 0.93525
0.35367 0.33298
0.73000 0.14991
0.96315 0.19353
0.15332 0.80310
0.44186 0.99380
0.59408 0.77832
0.98347 0.20489
0.93852 0.87663
0.96819 0.89668
0.45040 0.05709
0.66435 0.89502
0.32668 0.02189
0.91760 0.21019
0.72689 0.02518
0.11315 0.86691
0.56546 0.99572
0.87646 0.81441
0.45554 0.22807
0.24328 0.18460
0.09031 0.38997
0.49045 0.31970
0.87005 0.74620
0.46360 0.25813
0.03063 0.43274
0.46690 0.46539
0.08352 0.36453
0.24172 0.62951
0.32831 0.35364
0.48960 0.43310
0.49477 0.42045
0.44473 0.61952
0.28730 0.01612
0.27059 0.73541
0.18716 0.39036
0.50510 0.70383
0.30501 0.03538
0.39773 0.60883
0.06094 0.06087
0.59013 0.51199
0.77595 0.52948
0.39386 0.37449
0.84023 0.86292
0.90300 0.68686
0.63627 0.47646
0.44556 0.00898
0.41321 0.20602
0.15487 0.10238
0.80896 0.00762
0.83462 0.28245
0.79796 0.65297
0.15113 0.47688
0.47289 0.91528
0.76731 0.13455
0.61038 0.53017
0.30190 0.87866
0.87174 0.25796
0.39079 0.08977
0.63995 0.61916
0.16063 0.61228
0.73180 0.44361
0.94310 0.03279
0.41556 0.69403
0.61792 0.13133
0.95864 0.92549
0.27828 0.01047
0.21769 0.84128
0.52257 0.23935
0.62061 0.35866
0.34757 0.42275
0.53804 0.22181
0.84048 0.04612
0.82298 0.87716
0.23230 0.45362
0.73595 0.45570
0.93976 0.01921
0.77647 0.47948
0.30932 0.27549
0.80996 0.16771
0.42619 0.87558
0.77810 0.47966
0.33409 0.41921
0.30775 0.84628
0.60580 0.67331
0.22613 0.85974
0.13714 0.11051
0.51435 0.44931
0.98551 0.42304
0.05957 0.11365
0.73792 0.86443
0.95135 0.38349
0.95780 0.24738
0.66295 0.47486
0.03187 0.35355
0.86363 0.34898
0.29471 0.77242
0.62249 0.43155
0.55798 0.33757
0.28511 0.79962
0.67674 0.00399
0.32863 0.23708
0.33801 0.46357
0.48310 0.58707
0.58119 0.29555
0.40159 0.13929
0.68083 0.30301
0.22852 0.92427
0.72978 0.00530
0.58746 0.42189
0.27085 0.72678
0.67841 0.14180
0.06719 0.75413
0.05665 0.62193
0.45175 0.19640
0.15168 0.78781
0.94338 0.84911
0.49096 0.55267
0.52887 0.32043
0.26931 0.63253
0.14610 0.87493
0.39438 0.59592
0.94267 0.40874
0.48922 0.95178
0.14647 0.55950
0.37089 0.86641
0.10679 0.96896
0.24403 0.54152
0.66669 0.64286
0.79817 0.69112
0.85234 0.95824
0.54505 0.04691
0.36013 0.43086
0.41227 0.50413
0.22000 0.84533
0.42175 0.27819
0.70015 0.75604
0.35064 0.26400
0.56628 0.85937
0.14914 0.84273
0.69036 0.50436
0.04919 0.01912
0.66264 0.28589
0.77152 0.07003
0.04912 0.90361
0.22042 0.48582
0.18740 0.91140
0.46212 0.92659
0.07928 0.96965
0.86634 0.69948
0.65587 0.12226
0.32472 0.31969
0.04520 0.76404
0.75682 0.55863
0.68682 0.19593
0.17488 0.14459
0.05047 0.64672
0.82340 0.57374
0.63924 0.08272
0.06988 0.46649
0.49669 0.95066
0.92932 0.57731
0.50387 0.23406
0.10506 0.27528
0.21265 0.04175
0.15473 0.93932
0.46281 0.45669
0.99558 0.23999
0.98730 0.88773
0.43468 0.79226
0.09394 0.36570
0.46211 0.53398
0.77638 0.10837
0.19769 0.01819
0.55915 0.97207
0.42113 0.91785
0.43945 0.12236
0.85697 0.76726
0.67214 0.42745
0.30283 0.52475
0.81183 0.92117
0.09038 0.62686
0.68615 0.90229
0.60667 0.62839
0.25008 0.50391
0.01286 0.70575
0.25721 0.42017
0.02333 0.24876
0.95413 0.90924
0.03536 0.39657
0.88452 0.50549
0.55077 0.14092
0.01641 0.88948
0.37348 0.60779
0.98177 0.55899
0.25514 0.36985
0.36694 0.91683
0.20797 0.46778
0.94956 0.29312
0.94583 0.21623
0.64866 0.76479
0.54540 0.33654
0.95629 0.56010
0.52085 0.74966
0.71228 0.00060
0.41006 0.62649
0.52006 0.81441
0.02904 0.51942
0.18159 0.76994
0.48118 0.38165
0.34710 0.99946
0.48842 0.88114
0.32844 0.36140
0.01264 0.53758
0.99093 0.57662
0.19817 0.91128
0.13380 0.76627
0.14528 0.98595
0.93336 0.46098
0.17095 0.08357
0.60016 0.32068
0.66230 0.95619
0.17110 0.98640
0.38562 0.45482
0.67176 0.80812
0.58296 0.40787
0.85610 0.59836
0.06937 0.70979
0.87983 0.26833
0.44723 0.68792
0.16966 0.15235
0.88438 0.54822
0.52460 0.10106
0.91723 0.78159
0.08355 0.14455
0.00097 0.53787
0.11141 0.92065
0.97610 0.30385
0.45599 0.89499
0.60839 0.64765
0.98321 0.96684
0.75192 0.89777
0.11968 0.88667
0.85391 0.45877
0.11797 0.05318
0.83792 0.90573
0.04425 0.87898
0.91977 0.28772
0.05830 0.41839
0.84033 0.21514
0.73910 0.98757
0.36066 0.39003
0.93197 0.32387
0.06551 0.74916
0.29536 0.53950
0.87062 0.22703
0.43857 0.68794
0.45918 0.40190
0.71918 0.20642
0.90778 0.38172
0.05568 0.17830
0.58945 0.46437
0.22054 0.82452
0.00713 0.61432
0.04472 0.51962
0.36705 0.05167
0.53181 0.27466
0.80585 0.86355
0.72350 0.81836
0.50727 0.90478
0.79247 0.97556
0.52659 0.21192
0.06650 0.29257
0.46805 0.07269
0.39842 0.55170
0.39868 0.25512
0.16160 0.78727
0.16712 0.77172
0.38239 0.20616
0.30623 0.02682
0.86585 0.16754
0.27937 0.65896
0.58166 0.70761
0.74598 0.37262
0.38378 0.45632
0.38859 0.68226
0.86359 0.64701
0.69795 0.40782
0.85277 0.29448
0.74067 0.02300
0.73320 0.92257
0.18561 0.79620
0.74813 0.82074
0.47895 0.54662
0.35122 0.42623
0.17524 0.51955
0.72983 0.17348
0.00887 0.46845
0.37596 0.09047
0.53742 0.13091
0.29524 0.49759
0.69034 0.46565
0.47967 0.19362
0.44268 0.83073
0.41334 0.24065
0.51241 0.09896
0.37808 0.87380
0.41017 0.69032
0.49412 0.33300
0.67594 0.26700
0.22794 0.14071
0.01937 0.36335
0.42004 0.45499
0.50204 0.17183
0.17027 0.70498
0.24419 0.90623
0.50988 0.83801
0.21663 0.64956
0.40461 0.49894
0.16884 0.05578
0.62496 0.25670
0.51586 0.07855
0.05260 0.34229
0.26836 0.20148
0.21269 0.23596
0.34884 0.26436
0.11597 0.10720
0.29911 0.49622
0.84272 0.20693
0.80603 0.67872
0.13545 0.29537
0.05596 0.54368
0.66905 0.33927
0.31277 0.49638
0.09815 0.57409
0.22090 0.29519
0.08922 0.83532
0.74478 0.31486
0.04178 0.18221
0.50914 0.22945
0.73804 0.74557
0.55179 0.00948
0.93801 0.70517
0.31269 0.16981
0.72634 0.34057
0.28549 0.35580
0.93067 0.97830
0.28575 0.70905
0.79590 0.13670
0.06235 0.42817
0.30383 0.75952
0.15786 0.80979
0.42791 0.83696
0.01856 0.21865
0.90500 0.73538
0.29498 0.68901
0.54129 0.72923
0.72750 0.55688
0.64170 0.64042
0.67809 0.22272
0.24901 0.24019
0.92924 0.19508
0.22497 0.92923
0.33214 0.65087
0.61496 0.89058
0.17426 0.04931
0.22913 0.62477
0.58544 0.51483
0.86982 0.45142
0.38733 0.78581
0.24963 0.48897
0.43747 0.19470
0.71988 0.92718
0.22834 0.20069
0.85662 0.61931
0.36295 0.88234
0.00645 0.80947
0.43953 0.07228
0.49932 0.21754
0.10632 0.89257
0.21055 0.19965
0.15812 0.31692
0.07409 0.88561
0.61402 0.37991
0.18649 0.68140
0.46510 0.91652
0.07097 0.75313
0.97459 0.04473
0.62477 0.16024
0.33865 0.41246
0.97421 0.83523
0.95304 0.74923
0.78076 0.22268
0.52800 0.42552
0.09467 0.99938
0.62477 0.17079
0.86967 0.55623
0.83282 0.35676
0.41515 0.80479
0.22887 0.49132
0.47952 0.58406
0.33592 0.11356
0.35760 0.27320
0.87357 0.27725
0.47546 0.90654
0.74327 0.31721
0.78959 0.42956
0.15278 0.94521
0.81995 0.30789
0.53471 0.28164
0.81330 0.42663
0.49930 0.75460
0.74447 0.21686
0.82405 0.93771
0.81704 0.23658
0.02472 0.36196
0.88653 0.89135
0.52286 0.31784
0.94590 0.87884
0.79995 0.43374
0.31859 0.02390
0.51681 0.08322
0.61454 0.85234
0.62650 0.87994
0.73617 0.04885
0.28722 0.74833
0.20773 0.26789
0.44246 0.38172
0.61768 0.97505
0.87470 0.34763
0.81130 0.28067
0.92830 0.51280
0.37622 0.57747
0.98743 0.36102
0.12140 0.77772
0.64758 0.70777
0.38000 0.00959
0.71314 0.98607
0.00105 0.51816
0.56791 0.20296
0.75666 0.72843
0.86424 0.59306
0.53694 0.84203
0.46819 0.33069
0.92050 0.70249
0.85946 0.58063
0.95793 0.99546
0.47830 0.41347
0.51884 0.12316
0.77102 0.58153
0.07552 0.62599
0.51119 0.10793
0.01245 0.91918
0.32100 0.22755
0.62761 0.54885
0.92078 0.32249
0.06667 0.49975
0.79358 0.45979
0.75438 0.52482
0.36040 0.87180
0.47825 0.49909
0.56785 0.56266
0.57643 0.07488
0.70559 0.25279
0.29008 0.46274
0.67495 0.64085
0.10010 0.06076
0.44846 0.13673
0.09451 0.46754
0.33755 0.16170
0.73257 0.53992
0.93496 0.23835
0.96683 0.46990
0.91023 0.10639
0.98343 0.90370
0.72176 0.34931
0.55379 0.24724
0.80450 0.06416
0.59854 0.54947
0.60502 0.97458
0.08626 0.71308
0.25447 0.49131
0.79204 0.66262
0.39289 0.83539
0.06521 0.54796
0.61006 0.21619
0.77179 0.28187
0.07501 0.00249
0.52924 0.34209
0.73078 0.61339
0.83055 0.26380
0.15450 0.09054
0.02199 0.57921
0.03449 0.88669
0.96793 0.02494
0.39349 0.31822
0.18891 0.65713
0.82837 0.84146
0.50920 0.13949
0.29588 0.54807
0.82905 0.45365
0.13018 0.24272
0.80634 0.33631
0.32496 0.08681
0.22877 0.17684
0.84587 0.53804
0.19422 0.04765
0.96609 0.71360
0.84594 0.00087
0.34156 0.69495
0.62180 0.74504
0.42831 0.98659
0.97382 0.19258
0.99432 0.17370
0.68440 0.59444
0.11622 0.21900
0.86684 0.03893
0.28655 0.87401
0.92037 0.53112
0.76944 0.76125
0.16890 0.23234
0.75407 0.40062
0.73633 0.59148
0.94379 0.28913
0.72063 0.99446
0.76620 0.83385
0.40502 0.55607
0.85165 0.19020
0.53882 0.86124
0.77457 0.88680
0.07317 0.42021
0.87321 0.03358
0.78141 0.90964
0.25168 0.17588
0.11315 0.93332
0.41467 0.02731
0.75413 0.13577
0.69768 0.64427
0.69077 0.62013
0.00825 0.53521
0.17206 0.64931
0.43649 0.33078
0.15066 0.49261
0.06547 0.67323
0.18520 0.26222
0.93850 0.91695
0.47257 0.82846
0.27523 0.43501
0.05751 0.88617
0.09821 0.26255
0.84300 0.62736
0.94157 0.52731
0.98998 0.49844
0.28047 0.40679
0.86298 0.79186
0.97607 0.77983
0.14380 0.29897
0.93514 0.46887
0.03254 0.57085
0.83014 0.61445
0.12374 0.76040
0.17154 0.95626
0.06356 0.29627
0.76865 0.04768
0.13203 0.29855
0.71999 0.82458
0.53875 0.74197
0.87562 0.25142
0.68547 0.97860
0.66626 0.46399
0.32248 0.88539
0.83362 0.98258
0.81856 0.22485
0.26974 0.86808
0.63511 0.63411
0.34956 0.11003
0.80461 0.65810
0.20004 0.33479
0.24630 0.09915
0.22147 0.17172
0.18087 0.84233
0.25034 0.05903
0.46154 0.64025
0.94197 0.91271
0.40752 0.50273
0.47383 0.05774
0.66662 0.15905
0.77454 0.69499
0.86281 0.99071
0.67240 0.89233
0.00896 0.66497
0.95135 0.83024
0.81255 0.76104
0.13524 0.55279
0.05726 0.14891
0.72282 0.11028
0.78317 0.69454
0.20411 0.27147
0.93684 0.47643
0.12804 0.01501
0.91949 0.99804
0.77985 0.87089
0.41298 0.08576
0.55228 0.28298
0.59331 0.80479
0.44684 0.71213
0.07401 0.44132
0.97237 0.84265
0.06872 0.35466
0.66974 0.81129
0.64671 0.08087
0.43577 0.05884
0.56561 0.07112
0.07396 0.50304
0.86787 0.75050
0.43172 0.61997
0.21636 0.77371
0.89645 0.43824
0.62354 0.49203
0.68327 0.24508
0.38141 0.77757
0.54925 0.12549
0.24000 0.55297
0.89124 0.06892
0.42483 0.45582
0.74805 0.88725
0.69617 0.42315
0.60175 0.15207
0.26948 0.00936
0.15165 0.03644
0.87966 0.01797
0.78758 0.40700
0.04265 0.98489
0.69197 0.95120
0.98963 0.21702
0.19610 0.59989
0.19032 0.45401
0.13326 0.08702
0.33597 0.39907
0.44847 0.18760
0.13474 0.98217
0.40039 0.77876
0.25302 0.89467
0.29475 0.65336
0.46637 0.66955
0.88422 0.33768
0.50901 0.04887
0.15226 0.42314
0.09818 0.06047
0.46822 0.16628
0.01411 0.07801
0.14492 0.22695
0.20753 0.05685
0.42247 0.63350
0.21502 0.32820
0.04451 0.23387
0.24248 0.68917
0.67903 0.86950
0.78527 0.81095
0.26402 0.22633
0.68156 0.68788
0.13363 0.70822
0.36087 0.59284
0.94803 0.78010
0.03818 0.06842
0.37059 0.78207
0.92259 0.73513
0.25071 0.24221
0.97375 0.27186
0.51424 0.03771
0.51711 0.90914
0.63192 0.88912
0.44713 0.09682
0.38888 0.11609
0.36087 0.39829
0.73555 0.10390
0.79364 0.06335
0.53851 0.79902
0.99912 0.29916
0.89041 0.65826
0.59636 0.58429
0.44433 0.46130
0.05700 0.64368
0.90774 0.59886
0.50185 0.75772
0.08117 0.84940
0.10563 0.33907
0.26984 0.64879
0.73549 0.90522
0.07411 0.65743
0.46378 0.17207
0.21963 0.99489
0.09094 0.09592
0.09713 0.67789
0.98106 0.77032
0.04551 0.87634
0.34113 0.69872
0.76466 0.76382
0.36920 0.54682
0.60553 0.70831
0.67944 0.36125
0.47272 0.95371
0.70671 0.60087
0.26641 0.88940
0.11099 0.61998
0.21989 0.75793
0.61015 0.45435
0.40541 0.30236
0.95635 0.58681
0.13774 0.61983
0.18819 0.31119
0.24411 0.70204
0.16629 0.78693
0.99761 0.46382
0.81838 0.83120
0.77606 0.49813
0.63591 0.81855
0.49545 0.80503
0.87795 0.89484
0.18263 0.42445
0.85077 0.23053
0.00960 0.67892
0.87446 0.91564
0.42901 0.44171
0.73192 0.97461
0.24740 0.05105
0.59704 0.90486
0.22400 0.62386
0.79217 0.97908
0.99348 0.36107
0.86803 0.63962
0.83370 0.89923
0.65047 0.21629
0.87750 0.64463
0.54667 0.21851
0.74419 0.65876
0.45742 0.65761
0.15621 0.65301
0.73067 0.97161
0.37640 0.93283
0.92386 0.19516
0.79240 0.35814
0.00928 0.42332
0.84416 0.91587
0.43711 0.76062
0.67472 0.99925
0.29259 0.79602
0.11971 0.07077
0.14232 0.73521
0.92203 0.49079
0.80127 0.86729
0.49318 0.65208
0.99047 0.86453
0.14374 0.75383
0.03580 0.70347
0.46523 0.16461
0.50384 0.50399
0.89229 0.21330
0.27845 0.35045
0.09762 0.78042
0.37161 0.56337
0.34285 0.46756
0.15690 0.87373
0.60780 0.10860
0.75558 0.88617
0.68411 0.91622
0.69268 0.94388
0.84148 0.73964
0.55768 0.55232
0.83325 0.74071
0.19650 0.60872
0.96438 0.69781
0.78108 0.12171
0.05258 0.57473
0.51993 0.15653
0.00445 0.95541
0.83816 0.70524
0.91384 0.91459
0.95230 0.27042
0.26655 0.27146
0.06167 0.90709
0.56237 0.07764
0.88271 0.56916
0.37440 0.71416
0.31286 0.68172
0.28056 0.58350
0.12560 0.54799
0.71903 0.42288
0.06369 0.96240
0.13195 0.75773
0.76449 0.13379
0.97927 0.56666
0.20638 0.82072
0.96491 0.53373
0.33257 0.65490
0.46481 0.18300
0.82975 0.01838
0.96919 0.16505
0.19513 0.06559
0.16680 0.59447
0.48129 0.32395
0.41820 0.54949
0.33927 0.62096
0.48298 0.75913
0.29993 0.11801
0.53517 0.41408
0.34585 0.20983
0.56825 0.26817
0.87653 0.16425
0.96078 0.01588
0.77894 0.87695
0.64265 0.49273
0.86090 0.41050
0.34706 0.66866
0.70071 0.04994
0.54629 0.59619
0.90280 0.97769
0.70773 0.60683
0.69057 0.26771
0.95974 0.59296
0.23342 0.63533
0.42187 0.96415
0.71691 0.94329
0.01522 0.21128
0.49205 0.80672
0.60975 0.86183
0.74982 0.27636
0.68857 0.90161
0.73182 0.90244
0.42047 0.27322
0.57673 0.87859
0.08846 0.39384
0.34755 0.70060
0.77699 0.73516
0.83082 0.54961
0.30927 0.22226
0.36551 0.81100
0.64479 0.84539
0.38711 0.45511
0.63658 0.14553
0.45313 0.32186
0.36345 0.68180
0.68309 0.01530
0.02239 0.32048
0.12045 0.88784
0.97993 0.45176
0.42522 0.61345
0.86903 0.92382
0.58064 0.29929
0.68903 0.96356
0.58900 0.34594
0.44780 0.99894
0.89494 0.95431
0.60109 0.90714
0.45071 0.99499
0.51634 0.71825
0.24882 0.27572
0.11183 0.17724
0.82309 0.17753
0.21459 0.26247
0.58662 0.82500
0.41706 0.14321
0.17340 0.03936
0.42098 0.24103
0.88302 0.66378
0.49366 0.40038
0.32492 0.79692
0.55292 0.33661
0.92933 0.18756
0.22407 0.97856
0.63637 0.37437
0.98656 0.04815
0.60588 0.94170
0.35159 0.12636
0.11056 0.24992
0.75726 0.22257
0.37575 0.07751
0.51401 0.17216
0.12046 0.36225
0.14533 0.89943
0.00466 0.51994
0.27764 0.50418
0.88833 0.39918
0.74221 0.74700
0.51108 0.55648
0.76227 0.53545
0.10183 0.01825
0.42213 0.65615
0.00513 0.86575
0.92981 0.12202
0.87060 0.82599
0.28173 0.75273
0.28810 0.33540
0.96433 0.70424
0.51990 0.08727
0.19919 0.16990
0.43719 0.20736
0.59985 0.49259
0.62553 0.02427
0.01356 0.77455
0.85780 0.58875
0.85634 0.36914
0.32721 0.46280
0.10059 0.54168
0.16629 0.20358
0.49225 0.35810
0.95044 0.41226
0.41023 0.50853
0.14447 0.44052
0.19309 0.13649
0.19344 0.75282
0.47366 0.72021
0.04446 0.64322
0.75565 0.54748
0.39456 0.62018
0.90928 0.36543
0.25168 0.44749
0.34087 0.67836
0.21475 0.03354
0.26301 0.89061
0.53966 0.16246
0.08113 0.45536
0.53880 0.95378
0.26442 0.70817
0.99347 0.44741
0.62258 0.74763
0.73466 0.57161
0.13306 0.42600
0.13861 0.92925
0.58256 0.73119
0.36618 0.37322
0.45066 0.93473
0.67069 0.32741
0.37877 0.09847
0.88491 0.68329
0.34116 0.05572
0.86717 0.51264
0.56265 0.01900
0.03850 0.74737
0.56649 0.46690
0.61578 0.12323
0.07194 0.42053
0.32679 0.43120
0.21912 0.81611
0.03423 0.08819
0.02249 0.21416
0.91876 0.40380
0.34911 0.99023
0.72670 0.05762
0.08105 0.98624
0.52225 0.90430
0.90897 0.54637
0.42794 0.10727
0.70724 0.40191
0.99037 0.24906
0.78458 0.76782
0.36680 0.64368
0.10688 0.74510
0.60002 0.55385
0.79705 0.47739
0.25230 0.61871
0.15461 0.64705
0.95565 0.46813
0.97761 0.02955
0.67154 0.61448
0.71857 0.30218
0.60189 0.03182
0.18718 0.80958
0.04652 0.73345
0.54786 0.73130
0.17647 0.40370
0.93020 0.53607
0.13761 0.79884
0.37746 0.80403
0.72906 0.90901
0.25655 0.81126
0.28256 0.94814
0.25361 0.96266
0.94641 0.64333
0.84286 0.00432
0.60597 0.12822
0.95288 0.08081
0.90017 0.48395
0.90953 0.34771
0.67218 0.30411
0.36470 0.80119
0.74500 0.77559
0.20582 0.62869
0.13239 0.34526
0.69296 0.33807
0.62413 0.96299
0.37408 0.38637
0.63298 0.87352
0.49125 0.34484
0.25501 0.73467
0.94071 0.13632
0.54609 0.12231
0.78638 0.39392
0.21948 0.47637
0.73588 0.63574
0.96755 0.74608
0.36647 0.77069
0.34146 0.37669
0.35125 0.46958
0.09075 0.07930
0.26438 0.39811
0.79414 0.05377
0.01399 0.05979
0.65551 0.30978
0.58451 0.65929
0.54402 0.50087
0.72030 0.60273
0.50416 0.08552
0.86877 0.06479
0.58678 0.40296
0.07158 0.84598
0.61433 0.75462
0.74522 0.27346
0.10588 0.08553
0.60610 0.06382
0.75769 0.15053
0.50000 0.57337
0.33371 0.83831
0.18583 0.26881
0.53828 0.80154
0.94862 0.18471
0.14220 0.74779
0.35883 0.39335
0.14875 0.42364
0.82111 0.50976
0.13513 0.93992
0.81495 0.82704
0.16131 0.17592
0.40540 0.64401
0.38863 0.72125
0.86073 0.10091
0.42345 0.09106
0.07914 0.07912
0.70946 0.14036
0.14333 0.06713
0.07818 0.76520
0.99614 0.50619
0.40055 0.73774
0.14112 0.10757
0.31226 0.28320
0.23273 0.72052
0.88000 0.70119
0.42796 0.82210
0.91978 0.26866
0.38487 0.61430
0.90002 0.75634
0.16492 0.28182
0.79934 0.21200
0.19245 0.73209
0.15529 0.04379
0.65289 0.82263
0.61426 0.71421
0.44860 0.34026
0.70409 0.57433
0.92987 0.93974
0.22000 0.19569
0.22874 0.62791
0.94198 0.83272
0.48295 0.36227
0.89564 0.39088
0.67561 0.14346
0.30443 0.44278
0.20605 0.86427
0.06062 0.07270
0.43191 0.29164
0.61958 0.80125
0.44056 0.39325
0.19411 0.14354
0.02082 0.97488
0.56221 0.32302
0.19745 0.92377
0.53595 0.80655
0.36561 0.89907
0.41300 0.02037
0.62776 0.33759
0.37018 0.48256
0.73714 0.31888
0.51934 0.16694
0.48352 0.93365
0.95161 0.35954
0.61265 0.06480
0.48669 0.31839
0.08242 0.62213
0.15893 0.23947
0.09743 0.84361
0.90620 0.19980
0.82058 0.73078
0.15753 0.92080
0.30963 0.99114
0.58039 0.36901
0.41649 0.21274
0.92022 0.39271
0.59983 0.65379
0.24452 0.94085
0.14880 0.53505
0.44955 0.26434
0.11738 0.49206
0.95036 0.26658
0.35834 0.78594
0.34046 0.49643
0.00998 0.09645
0.03862 0.42999
0.14311 0.30257
0.95614 0.78357
0.71475 0.76140
0.60209 0.14738
0.65680 0.14791
0.90382 0.07921
0.40974 0.77671
0.93352 0.74664
0.47202 0.08906
0.75149 0.49514
0.64137 0.02681
0.38228 0.53655
0.45083 0.90105
0.44046 0.47058
0.26507 0.42910
0.79975 0.47570
0.81456 0.20045
0.36702 0.51402
0.52309 0.06183
0.10681 0.57155
0.59581 0.85394
0.79659 0.07437
0.58860 0.80754
0.92706 0.79390
0.99544 0.17894
0.71527 0.94244
0.63345 0.41920
0.24856 0.42231
0.41526 0.86184
0.45403 0.32775
0.44676 0.78692
0.03696 0.18807
0.78651 0.64786
0.52407 0.31584
0.51100 0.11046
0.69610 0.41510
0.84339 0.41662
0.90483 0.58703
0.06095 0.20845
0.83491 0.35584
0.39961 0.71759
0.26461 0.19514
0.73319 0.60678
0.56573 0.78431
0.27538 0.53553
0.11412 0.86147
0.96074 0.13375
0.50151 0.42887
0.36543 0.26078
0.12627 0.50620
0.80607 0.45926
0.42412 0.58120
0.24767 0.69539
0.59941 0.99698
0.45531 0.85917
0.65541 0.15266
0.85242 0.29892
0.83219 0.79330
0.03545 0.68583
0.48304 0.02006
0.16541 0.76117
0.15653 0.83067
0.81450 0.86580
0.77979 0.64457
0.42733 0.75048
0.22651 0.87718
0.37911 0.55781
0.52974 0.05952
0.56052 0.59532
0.43040 0.74052
0.87983 0.93592
0.41277 0.31228
0.92873 0.83841
0.21484 0.79099
0.64714 0.87990
0.97953 0.30762
0.49622 0.02785
0.77962 0.51569
0.91707 0.46327
0.76768 0.64875
0.72956 0.72686
0.28908 0.61604
0.21279 0.76026
0.30839 0.50712
0.79310 0.05402
0.96130 0.84255
0.78445 0.53835
0.75635 0.75188
0.18029 0.39499
0.86600 0.54514
0.23253 0.34082
0.46805 0.34620
0.28737 0.55504
0.92555 0.89961
0.11339 0.39729
0.87685 0.46955
0.98995 0.31030
0.98463 0.97106
0.73537 0.61500
0.28444 0.32047
0.94956 0.52015
0.23791 0.42808
0.51810 0.56542
0.75737 0.50228
0.68132 0.00157
0.50674 0.78767
0.69889 0.58335
0.66993 0.69654
0.35346 0.79219
0.97302 0.52521
0.76671 0.45751
0.08150 0.98931
0.37670 0.87090
0.52229 0.36674
0.91124 0.72568
0.29517 0.68500
0.30635 0.13026
0.03597 0.62222
0.65475 0.20839
0.67124 0.17906
0.75221 0.64556
0.80305 0.70083
0.92106 0.61098
0.29173 0.22434
0.22545 0.85647
0.93462 0.99203
0.61689 0.91923
0.79359 0.46135
0.76559 0.01349
0.17662 0.67957
0.58274 0.01300
0.90117 0.95339
0.91461 0.63366
0.10001 0.41232
0.03054 0.73313
0.61121 0.18661
0.91673 0.35911
0.81299 0.30130
0.57024 0.41060
0.91461 0.93159
0.95613 0.58179
0.89616 0.88816
0.83332 0.95979
0.30091 0.15035
0.23786 0.11319
0.08560 0.35293
0.75804 0.72454
0.65950 0.90753
0.74905 0.03482
0.36235 0.38251
0.35479 0.17150
0.24630 0.01778
0.36230 0.45222
0.75940 0.04584
0.40598 0.37680
0.29290 0.57744
0.11258 0.05456
0.94654 0.53369
0.09772 0.51409
0.91739 0.73878
0.08815 0.32874
0.70327 0.18718
0.42676 0.57514
0.12176 0.69008
0.47793 0.84502
0.28250 0.77022
0.82706 0.31175
0.81326 0.57065
0.11991 0.82861
0.76752 0.31535
0.55087 0.90151
0.71009 0.80771
0.96009 0.37739
0.27681 0.22839
0.53153 0.78330
0.72710 0.56534
0.24043 0.51882
0.02168 0.61703
0.49138 0.35658
0.71893 0.34617
0.98250 0.40613
0.87278 0.02751
0.10350 0.16144
0.60851 0.01741
0.61795 0.81281
0.20740 0.07934
0.58665 0.91618
0.42943 0.47473
0.30502 0.60301
0.06070 0.51350
0.70951 0.87288
0.56450 0.47751
0.50211 0.42064
0.27437 0.18203
0.79150 0.86547
0.13273 0.62932
0.80196 0.63504
0.60840 0.30076
0.69793 0.00181
0.22790 0.68874
0.29467 0.25006
0.02041 0.29415
0.70042 0.16895
0.57870 0.02849
0.98910 0.81939
0.33650 0.39755
0.30171 0.96690
0.92697 0.13422
0.24161 0.08917
0.63397 0.56173
0.97994 0.33454
0.21597 0.94173
0.63185 0.55780
0.60048 0.52515
0.23990 0.37133
0.21535 0.69527
0.61584 0.17917
0.74877 0.73697
0.45173 0.19182
0.87199 0.91336
0.94626 0.52677
0.24625 0.38521
0.28387 0.93000
0.63368 0.83607
0.50718 0.28524
0.53079 0.76209
0.69009 0.73204
0.26838 0.26679
0.84020 0.10828
0.46392 0.00837
0.23027 0.77516
0.37598 0.15113
0.16532 0.94909
0.36280 0.36938
0.15948 0.04806
0.51794 0.02189
0.46272 0.30464
0.88730 0.78131
0.74703 0.34149
0.05247 0.71376
0.84855 0.64902
0.53873 0.68383
0.13273 0.94915
0.65742 0.36871
0.59734 0.65129
0.96137 0.71639
0.89205 0.86985
0.59792 0.42121
0.36343 0.16284
0.94087 0.28050
0.34566 0.19284
0.62620 0.74650
0.39712 0.32734
0.69983 0.05764
0.36980 0.74878
0.40180 0.20997
0.41512 0.04120
0.20043 0.71905
0.93775 0.21118
0.86912 0.63708
0.26471 0.52513
0.86979 0.24294
0.00026 0.61560
0.42818 0.62175
0.38002 0.62348
0.65407 0.29553
0.46267 0.38217
0.99881 0.46226
0.32029 0.09320
0.66685 0.94557
0.24465 0.54321
0.60954 0.82479
0.90975 0.46971
0.60603 0.19648
0.18146 0.05455
0.36768 0.61847
0.14086 0.67562
0.65270 0.42508
0.97378 0.34244
0.93900 0.90445
0.59499 0.34159
0.92210 0.74105
0.12995 0.21914
0.41952 0.37957
0.49849 0.80790
0.06797 0.80098
0.67393 0.61790
0.55980 0.52144
0.91884 0.32325
0.31578 0.87376
0.66898 0.48798
0.08519 0.36977
0.04010 0.03448
0.99772 0.98798
0.11438 0.97981
0.72075 0.81054
0.71217 0.72348
0.25397 0.52506
0.96444 0.38457
0.86815 0.52626
0.44197 0.77708
0.90296 0.88831
0.38760 0.46001
0.53444 0.18877
0.07336 0.77376
0.91210 0.19639
0.11120 0.71439
0.03157 0.75357
0.46316 0.18036
0.85975 0.26352
0.87824 0.34224
0.48304 0.07253
0.05286 0.37083
0.28295 0.58405
0.86376 0.00436
0.37703 0.25332
0.58057 0.05571
0.76079 0.68529
0.58268 0.51449
0.62226 0.84129
0.73966 0.34719
0.31854 0.38364
0.25957 0.97952
0.50466 0.81292
0.09081 0.77516
0.67322 0.05890
0.48571 0.01045
0.61512 0.08885
0.36213 0.43094
0.01345 0.23313
0.87288 0.65260
0.98251 0.56601
0.25911 0.00251
0.95678 0.03764
0.86199 0.76675
0.92140 0.41434
0.19279 0.72648
0.51017 0.44437
0.72605 0.92743
0.46547 0.93722
0.63455 0.07582
0.90709 0.00743
0.56616 0.56131
0.07800 0.61259
0.82491 0.55059
0.77572 0.12191
0.03576 0.29490
0.50199 0.07142
0.46730 0.65386
0.59679 0.39820
0.50714 0.67952
0.26055 0.73308
0.12791 0.04217
0.19402 0.62219
0.37849 0.35123
0.70255 0.00830
0.14579 0.41657
0.89493 0.29082
0.93436 0.01415
0.45798 0.65837
0.26701 0.73251
0.26727 0.95260
0.93214 0.98902
0.76035 0.95058
0.12289 0.44651
0.97908 0.85796
0.26378 0.05868
0.40045 0.80580
0.22479 0.09728
0.59900 0.24866
0.31372 0.99817
0.09850 0.47598
0.81375 0.77489
0.71142 0.97605
0.07493 0.40017
0.23113 0.77843
0.13233 0.42640
0.73974 0.78071
0.17284 0.82649
0.10071 0.14105
0.86673 0.07958
0.17417 0.84192
0.88331 0.35472
0.39010 0.50297
0.03862 0.53461
0.74943 0.80543
0.81127 0.64180
0.95171 0.93363
0.43017 0.31619
0.63249 0.97176
0.31288 0.15427
0.37833 0.69114
0.20831 0.92264
0.37479 0.76842
0.81296 0.88656
0.34703 0.36471
0.39327 0.71197
0.22203 0.10582
0.92865 0.48821
0.51748 0.05273
0.03029 0.71325
0.57206 0.88990
0.66645 0.31044
0.21975 0.00087
0.99630 0.20408
0.77750 0.69859
0.49339 0.48564
0.70678 0.23663
0.00201 0.71787
0.73153 0.59860
0.51571 0.41046
0.32688 0.72707
0.61476 0.28481
0.59749 0.47934
0.07684 0.13731
0.21205 0.81889
0.50344 0.48570
0.29988 0.27289
0.73837 0.00972
0.90741 0.18647
0.70412 0.26832
0.85199 0.54121
0.18737 0.20464
0.15349 0.12442
0.35066 0.12320
0.78422 0.26763
0.59843 0.30582
0.67873 0.46004
0.28903 0.84192
0.24133 0.85512
0.38159 0.44567
0.14565 0.74102
0.96840 0.04895
0.78218 0.89298
0.61986 0.33029
0.75993 0.03608
0.64006 0.89552
0.63010 0.85988
0.80799 0.85477
0.96875 0.47010
0.75701 0.86042
0.70478 0.18047
0.96780 0.50399
0.95424 0.92496
0.89505 0.94474
0.17532 0.33682
0.07369 0.18727
0.56420 0.55269
0.08122 0.01296
0.43204 0.82707
0.33089 0.98131
0.80384 0.80861
0.46717 0.45007
0.50852 0.29602
0.42729 0.13977
0.94473 0.10613
0.68061 0.79610
0.86465 0.02985
0.07854 0.71642
0.92014 0.62503
0.33227 0.29626
0.92091 0.31264
0.61430 0.30558
0.95603 0.40642
0.69470 0.35694
0.38560 0.53259
0.17321 0.02802
0.52910 0.64063
0.49241 0.45523
0.91712 0.61596
0.69662 0.72407
0.82306 0.14163
0.75616 0.35086
0.44162 0.42723
0.30040 0.54474
0.15863 0.89670
0.13534 0.15959
0.07998 0.13839
0.46294 0.35957
0.03015 0.36764
0.32850 0.49112
0.28578 0.46852
0.44394 0.01655
0.62546 0.98900
0.63401 0.42763
0.25817 0.82900
0.90019 0.69006
0.05448 0.49426
0.55078 0.39673
0.03359 0.19716
0.20295 0.25082
0.68262 0.12545
0.33894 0.52289
0.60418 0.56682
0.43260 0.28089
0.49645 0.48664
0.42550 0.18641
0.18763 0.23071
0.15643 0.41413
0.84921 0.76215
0.82152 0.25899
0.73789 0.08184
0.40268 0.05509
0.76238 0.03520
0.05983 0.16722
0.30293 0.08739
0.57395 0.88474
0.27952 0.51949
0.81467 0.28991
0.75737 0.71677
0.49797 0.99820
0.80674 0.48715
0.88432 0.04151
0.98526 0.68928
0.13444 0.02081
0.68262 0.20731
0.92573 0.27926
0.52798 0.82471
0.10786 0.26794
0.00603 0.50696
0.00217 0.44127
0.21587 0.93327
0.68339 0.01970
0.18474 0.85229
0.52643 0.97835
0.88325 0.24935
0.23736 0.45161
0.42982 0.90845
0.15519 0.79795
0.10272 0.08294
0.35747 0.32563
0.10725 0.93305
0.23995 0.81372
0.90559 0.40248
0.75201 0.05674
0.30143 0.40545
0.74110 0.12711
0.61461 0.94679
0.07534 0.66866
0.08500 0.87139
0.65414 0.27796
0.86954 0.63571
0.57586 0.97412
0.93109 0.51545
0.72257 0.43543
0.96503 0.19363
0.41509 0.94873
0.59074 0.14232
0.59958 0.90275
0.89325 0.81146
0.23468 0.54046
0.17615 0.19750
0.87538 0.08863
0.62080 0.94323
0.05067 0.20361
0.13837 0.06544
0.52917 0.46874
0.76186 0.71616
0.17536 0.78344
0.22346 0.76022
0.91460 0.06817
0.33367 0.69838
0.17772 0.28435
0.45721 0.93488
0.30601 0.15442
0.35021 0.69953
0.42513 0.18668
0.09104 0.58597
0.72649 0.30499
0.30998 0.93656
0.17359 0.30397
0.24660 0.83441
0.45905 0.64579
0.43075 0.13984
0.01472 0.05798
0.74692 0.60043
0.18096 0.05496
0.95293 0.36793
0.30464 0.94587
0.62128 0.94490
0.22833 0.97153
0.21323 0.87560
0.48073 0.51658
0.74468 0.15248
0.66033 0.26344
0.37368 0.33416
0.49205 0.22403
0.24404 0.19110
0.89637 0.29598
0.08774 0.33193
0.16295 0.32003
0.81020 0.47641
0.97869 0.80604
0.57216 0.89025
0.48213 0.08841
0.00696 0.97858
0.95898 0.20990
0.34634 0.86154
0.46590 0.60306
0.31280 0.84405
0.20182 0.13300
0.39335 0.04666
0.51140 0.66736
0.24965 0.87412
0.22902 0.23758
0.60387 0.27264
0.37955 0.66149
0.88463 0.12770
0.81968 0.76322
0.30260 0.23825
0.12583 0.34145
0.60017 0.27314
0.96326 0.66589
0.50737 0.55421
0.24045 0.42580
0.36028 0.76502
0.80410 0.69717
0.05162 0.00604
0.50802 0.26739
0.81734 0.43083
0.31406 0.33317
0.13263 0.74279
0.38397 0.46776
0.83525 0.52563
0.91472 0.47528
0.48808 0.22788
0.46183 0.97568
0.76744 0.02804
0.06071 0.50380
0.11170 0.08758
0.12223 0.50558
0.68922 0.17290
0.09724 0.31274
0.66769 0.95020
0.21492 0.95557
0.58378 0.03096
0.85593 0.06086
0.45306 0.32311
0.84187 0.54659
0.82778 0.71523
0.62496 0.33784
0.57713 0.22573
0.39898 0.13873
0.25096 0.52870
0.66519 0.31673
0.85038 0.96279
0.04099 0.80055
0.34497 0.68561
0.81616 0.97718
0.38710 0.00830
0.00537 0.21759
0.02580 0.77831
0.54556 0.76249
0.32585 0.71237
0.64856 0.58256
0.67589 0.45274
0.53150 0.12957
0.50269 0.72639
0.80013 0.44992
0.63910 0.74752
0.43421 0.80001
0.45653 0.02307
0.00738 0.17269
0.74476 0.84394
0.61808 0.28015
0.24402 0.18631
0.78076 0.27891
0.64697 0.94952
0.42378 0.99514
0.58316 0.61760
0.83048 0.66707
0.68633 0.88064
0.12754 0.97156
0.35923 0.47115
0.98474 0.44733
0.20994 0.04587
0.47697 0.69217
0.00879 0.67809
0.89995 0.91499
0.39583 0.85749
0.25872 0.55349
0.97531 0.25604
0.67505 0.98376
0.83839 0.37439
0.99208 0.46150
0.09938 0.47651
0.15864 0.37296
0.90048 0.66379
0.95013 0.03438
0.65141 0.54074
0.87856 0.31010
0.96988 0.34417
0.17860 0.91432
0.63154 0.16317
0.87293 0.78160
0.81179 0.06859
0.93510 0.87913
0.93603 0.80865
0.74440 0.60878
0.17834 0.91996
0.12612 0.77230
0.42432 0.76655
0.32089 0.95183
0.14018 0.86196
0.34389 0.09220
0.86941 0.17638
0.89549 0.12305
0.54827 0.60140
0.09632 0.09476
0.06533 0.72933
0.18920 0.59546
0.81624 0.90911
0.55171 0.24385
0.92351 0.94667
0.15585 0.75733
0.30454 0.62871
0.37110 0.42208
0.10042 0.73226
0.28927 0.69904
0.73015 0.47639
0.13525 0.81752
0.20093 0.18124
0.77810 0.32092
0.80379 0.70061
0.66496 0.30088
0.94804 0.33197
0.73950 0.42013
0.68930 0.55762
0.33851 0.83407
0.80717 0.56768
0.08329 0.74667
0.83640 0.58771
0.85558 0.02868
0.23162 0.50770
0.46896 0.33418
0.98108 0.91110
0.78626 0.36184
0.05756 0.06728
0.67338 0.34122
0.22712 0.15889
0.92503 0.43638
0.14996 0.20476
0.70034 0.22322
0.40991 0.67362
0.26963 0.98100
0.97937 0.14771
0.25154 0.56733
0.65751 0.84026
0.99583 0.39518
0.98223 0.19210
0.49696 0.48715
0.84660 0.52708
0.69619 0.81121
0.52985 0.53490
0.40327 0.31546
0.22509 0.13078
0.82659 0.30885
0.96726 0.76888
0.13595 0.61273
0.47485 0.39505
0.52363 0.57590
0.81489 0.90102
0.70577 0.97270
0.67831 0.70366
0.07134 0.65687
0.19725 0.02102
0.79189 0.77330
0.33815 0.95792
0.69191 0.13865
0.83813 0.12051
0.79592 0.00995
0.06382 0.38206
0.53545 0.07300
0.17751 0.47073
0.65612 0.62052
0.07255 0.30491
0.72352 0.75489
0.84013 0.83249
0.49188 0.96200
0.18987 0.91444
0.51651 0.04674
0.67397 0.34212
0.25104 0.48275
0.63117 0.51839
0.40523 0.00618
0.24645 0.68678
0.24353 0.40563
0.21232 0.29153
0.17885 0.53535
0.76056 0.98264
0.76897 0.52454
0.59760 0.25741
0.88611 0.26493
0.80905 0.14846
0.28252 0.52591
0.09014 0.63576
0.13028 0.07912
0.30695 0.65887
0.44029 0.24878
0.08593 0.12382
0.13415 0.20318
0.42560 0.45529
0.46478 0.70000
0.60390 0.65209
0.01892 0.07455
0.95465 0.96821
0.24784 0.74183
0.61062 0.18461
0.40932 0.06572
0.00757 0.02442
0.98002 0.48483
0.94187 0.30649
0.46552 0.35052
0.64590 0.41362
0.82161 0.69510
0.05921 0.24638
0.68970 0.76030
0.45783 0.86336
0.70568 0.72686
0.91771 0.44467
0.07317 0.13136
0.02433 0.41401
0.68002 0.44609
0.40772 0.23740
0.36006 0.63726
0.82369 0.10219
0.37925 0.16051
0.02610 0.34274
0.93056 0.28168
0.43826 0.53390
0.40168 0.99982
0.06659 0.87127
0.14266 0.56146
0.77875 0.47265
0.20672 0.17915
0.99277 0.28343
0.94277 0.50688
0.98433 0.69674
0.16307 0.61649
0.47301 0.83123
0.62580 0.13710
0.46383 0.55494
0.16001 0.00579
0.75049 0.80494
0.18329 0.57668
0.04928 0.00879
0.68020 0.49967
0.23962 0.34238
0.51299 0.70196
0.81010 0.47706
0.06608 0.17861
0.23692 0.55789
0.15875 0.71229
0.00979 0.46931
0.74414 0.94459
0.66432 0.64640
0.15143 0.73027
0.01360 0.22269
0.40578 0.90146
0.72066 0.99950
0.41454 0.90465
0.55102 0.13054
0.29572 0.88182
0.78241 0.98208
0.37663 0.38293
0.81022 0.88610
0.04478 0.37406
0.70388 0.43284
0.73215 0.41988
0.69453 0.24300
0.32492 0.02939
0.54660 0.90986
0.03990 0.09545
0.46858 0.69905
0.44537 0.54049
0.72807 0.75120
0.28759 0.37581
0.19088 0.65557
0.40384 0.48157
0.43912 0.47384
0.65019 0.33885
0.05462 0.12744
0.79842 0.24134
0.12298 0.50990
0.87273 0.03356
0.98978 0.76571
0.61011 0.00478
0.09783 0.01468
0.35202 0.52314
0.57954 0.76320
0.30390 0.69574
0.84703 0.66885
0.49425 0.83312
0.62579 0.06151
0.14815 0.67368
0.40854 0.51415
0.55168 0.53674
0.97623 0.92030
0.22197 0.82994
0.65112 0.66214
0.34429 0.78286
0.73991 0.09248
0.18085 0.85083
0.44303 0.44890
0.18390 0.24452
0.16946 0.23093
0.30519 0.13744
0.09734 0.29849
0.06528 0.70687
0.18001 0.95264
0.42847 0.92168
0.84733 0.80350
0.35255 0.11406
0.85332 0.32352
0.25176 0.56295
0.43850 0.53080
0.87158 0.45285
0.19679 0.19164
0.07384 0.67891
0.66287 0.33420
0.70590 0.00068
0.02741 0.53748
0.57564 0.60510
0.93549 0.71157
0.43188 0.89054
0.28690 0.92062
0.70500 0.82518
0.79261 0.95149
0.36899 0.20981
0.21306 0.93134
0.14227 0.30227
0.86113 0.21106
0.50703 0.49785
0.11463 0.69941
0.76294 0.92645
0.70413 0.38651
0.37401 0.59471
0.86410 0.80369
0.14349 0.52174
0.12970 0.59253
0.14021 0.24651
0.27374 0.91643
0.17463 0.85924
0.74215 0.96616
0.20969 0.10717
0.56566 0.80813
0.53773 0.47675
0.72842 0.32133
0.91649 0.99463
0.10303 0.54742
0.40154 0.99599
0.18237 0.01820
0.94937 0.74732
0.02614 0.69737
0.76131 0.58380
0.59236 0.01699
0.94433 0.09423
0.85317 0.76887
0.45660 0.97245
0.88293 0.78864
0.41250 0.22179
0.41495 0.75096
0.24597 0.92289
0.33967 0.29474
0.98721 0.03294
0.18214 0.09903
0.29744 0.90523
0.13043 0.57983
0.51242 0.06660
0.13938 0.76626
0.10652 0.16258
0.32720 0.68380
0.50935 0.94279
0.77547 0.22641
0.31368 0.44876
0.59098 0.01914
0.22530 0.73424
0.51190 0.28901
0.37051 0.15138
0.56515 0.01114
0.88332 0.14744
0.97484 0.88503
0.78930 0.66181
0.91456 0.17550
0.81577 0.22477
0.84600 0.77037
0.11710 0.82786
0.12777 0.73689
0.03377 0.12836
0.75678 0.19912
0.36419 0.99744
0.90265 0.47985
0.37828 0.15985
0.46865 0.51867
0.81704 0.86276
0.54743 0.74851
0.64558 0.51371
0.62125 0.18804
0.82670 0.52314
0.36232 0.31016
0.64674 0.11414
0.75734 0.42397
0.69350 0.70036
0.53889 0.61072
0.27397 0.52911
0.30424 0.88176
0.26095 0.09831
0.35149 0.65116
0.04562 0.81727
0.73747 0.43713
0.33820 0.90807
0.54301 0.53384
0.90685 0.18434
0.04122 0.85950
0.92374 0.12002
0.81245 0.70928
0.34493 0.79425
0.69467 0.57664
0.10917 0.45836
0.92175 0.84870
0.51827 0.32370
0.63546 0.45709
0.52762 0.64035
0.50773 0.72851
0.82742 0.77950
0.69574 0.74061
0.12438 0.36766
0.86269 0.57270
0.35770 0.51816
0.30980 0.08321
0.12974 0.30295
0.79063 0.02723
0.69801 0.10324
0.38897 0.86189
0.68953 0.88429
0.04111 0.83706
0.53137 0.01747
0.70027 0.02401
0.20629 0.20214
0.11635 0.25576
0.20297 0.18188
0.51022 0.63878
0.96784 0.32437
0.09926 0.40041
0.84668 0.33781
0.87246 0.32711
0.06301 0.64582
0.64836 0.39940
0.79494 0.86566
0.95350 0.80770
0.21346 0.78631
0.07120 0.82784
0.64373 0.64086
0.81128 0.09438
0.14188 0.49414
0.44077 0.98032
0.99580 0.36789
0.99259 0.13498
0.82252 0.54696
0.31122 0.36958
0.14078 0.29646
0.60752 0.94478
0.12534 0.98115
0.80441 0.06395
0.56311 0.91011
0.14899 0.75564
0.79044 0.93763
0.19772 0.43732
0.73882 0.31716
0.31014 0.40545
0.47606 0.00394
0.80495 0.61078
0.75951 0.02171
0.21738 0.35455
0.38090 0.83979
0.60237 0.07331
0.51517 0.64083
0.68555 0.31808
0.66274 0.28477
0.00182 0.03991
0.26912 0.54186
0.95539 0.87994
0.91098 0.26437
0.03272 0.51936
0.64910 0.70144
0.28310 0.71481
0.92301 0.28745
0.32879 0.17921
0.85132 0.41236
0.53305 0.24705
0.65125 0.47804
0.30277 0.43503
0.75072 0.48545
0.02678 0.27505
0.14660 0.39963
0.30832 0.73087
0.86392 0.28550
0.91529 0.37443
0.10301 0.42110
0.23162 0.43477
0.15962 0.13405
0.20619 0.70880
0.68706 0.01362
0.59867 0.85121
0.07378 0.32552
0.89594 0.08085
0.12589 0.06520
0.12877 0.36093
0.63645 0.97771
0.04201 0.92053
0.63418 0.03622
0.94982 0.25583
0.24960 0.60347
0.84601 0.30549
0.83816 0.87603
0.76074 0.33078
0.93650 0.44076
0.61538 0.07662
0.34847 0.05086
0.76336 0.23848
0.31482 0.35000
0.35305 0.79632
0.45085 0.75985
0.43725 0.57299
0.42027 0.03302
0.46966 0.36836
0.38562 0.68280
0.99344 0.84175
0.97652 0.36742
0.70976 0.47557
0.23361 0.42219
0.26533 0.96007
0.51047 0.73773
0.64506 0.58779
0.32033 0.08828
0.80775 0.44285
0.31835 0.47922
0.70411 0.07780
0.19474 0.33963
0.88448 0.95094
0.11070 0.22139
0.60315 0.66169
0.89107 0.98605
0.33705 0.98809
0.59925 0.44853
0.66094 0.65965
0.08999 0.59336
0.97132 0.76396
0.15538 0.93799
0.02528 0.68488
0.86788 0.91326
0.50901 0.54006
0.62435 0.78304
0.50855 0.78400
0.93467 0.39250
0.36468 0.00239
0.46549 0.14044
0.10724 0.55592
0.46957 0.21895
0.98315 0.43856
0.54529 0.15375
0.46552 0.77182
0.76996 0.02008
0.07416 0.17733
0.72351 0.88752
0.49618 0.51252
0.23455 0.33532
0.43766 0.86713
0.41420 0.89529
0.88278 0.64907
0.04735 0.24631
0.80001 0.95813
0.54394 0.47071
0.36055 0.96951
0.90756 0.79075
0.53200 0.19488
0.74841 0.74479
0.04244 0.67753
0.86157 0.70545
0.75995 0.36304
0.70345 0.71143
0.02137 0.62326
0.87473 0.95599
0.15471 0.89668
0.09716 0.30085
0.96826 0.05136
0.94936 0.95649
0.45897 0.28049
0.77212 0.82946
0.09819 0.69370
0.56374 0.86547
0.26490 0.93687
0.27418 0.44370
0.49278 0.20131
0.79444 0.65038
0.34855 0.47442
0.74489 0.67724
0.51601 0.18044
0.89548 0.05942
0.71532 0.30625
0.40960 0.67618
0.30081 0.40042
0.44428 0.91977
0.30639 0.11509
0.96947 0.20228
0.46686 0.17092
0.68628 0.55455
0.64812 0.55709
0.16143 0.82717
0.97269 0.47202
0.89074 0.18411
0.82302 0.80645
0.06675 0.15138
0.92535 0.94860
0.25762 0.23008
0.24460 0.74491
0.16308 0.02807
0.95419 0.87500
0.28354 0.34351
0.03024 0.38171
0.35051 0.82872
0.23085 0.64917
0.37991 0.12174
0.42589 0.11191
0.52039 0.61174
0.70926 0.71222
0.60674 0.36302
0.66536 0.18530
0.19085 0.64283
0.93623 0.36027
0.91938 0.29724
0.74729 0.10323
0.78022 0.53806
0.50389 0.61872
0.42750 0.88882
0.32027 0.50719
0.90942 0.45556
0.00720 0.82858
0.33899 0.88533
0.33304 0.46997
0.74348 0.76155
0.23863 0.91032
0.17499 0.88567
0.79268 0.02431
0.79738 0.98464
0.53913 0.04713
0.38170 0.02288
0.33366 0.24106
0.67485 0.31342
0.04753 0.05201
0.94277 0.12727
0.24316 0.08459
0.47584 0.79773
0.07092 0.69276
0.31865 0.07048
0.34006 0.57679
0.16859 0.70317
0.31852 0.93940
0.35234 0.78677
0.99064 0.81290
0.18780 0.40887
0.51103 0.98412
0.75096 0.86172
0.68585 0.12812
0.86419 0.54931
0.62012 0.94505
0.69484 0.73504
0.98955 0.95227
0.71563 0.72592
0.01544 0.06443
0.36894 0.10375
0.17952 0.94919
0.28497 0.95278
0.97587 0.31972
0.30942 0.84709
0.93430 0.01969
0.78936 0.67319
0.21085 0.68955
0.70773 0.60328
0.68522 0.59837
0.48687 0.88753
0.79045 0.47191
0.55710 0.87028
0.66702 0.43772
0.49803 0.87366
0.88213 0.69602
0.10152 0.65279
0.87601 0.65507
0.29136 0.93492
0.79423 0.12797
0.37107 0.02759
0.13343 0.43878
0.45374 0.59679
0.36424 0.93575
0.16137 0.33792
0.45613 0.66651
0.55598 0.56722
0.31612 0.78165
0.19179 0.66403
0.97592 0.02545
0.38787 0.22807
0.33529 0.69199
0.23763 0.69110
0.52562 0.37445
0.76577 0.19635
0.99743 0.95877
0.36138 0.19965
0.58105 0.34183
0.44918 0.24787
0.78439 0.48821
0.08810 0.92109
0.90210 0.98952
0.12657 0.09377
0.44154 0.33245
0.79837 0.40742
0.38642 0.94328
0.21200 0.44135
0.87220 0.17388
0.37761 0.19630
0.64507 0.35767
0.11608 0.56336
0.00927 0.97555
0.92595 0.97622
0.79127 0.93316
0.18393 0.37926
0.27248 0.51031
0.97752 0.71045
0.38098 0.27629
0.73592 0.77876
0.33518 0.34959
0.68982 0.54648
0.22260 0.54878
0.19139 0.47543
0.76721 0.48126
0.03336 0.61988
0.05795 0.98484
0.03421 0.66445
0.53358 0.04058
0.29000 0.37821
0.97813 0.54329
0.68421 0.53787
0.59268 0.07043
0.33523 0.60464
0.48377 0.38621
0.92968 0.62253
0.93126 0.09891
0.17585 0.71948
0.96627 0.95818
0.49109 0.83027
0.01099 0.32327
0.34409 0.12876
0.81673 0.29398
0.26984 0.95511
0.98120 0.35566
0.00340 0.55366
0.34301 0.12545
0.71170 0.77088
0.69186 0.67306
0.84225 0.60833
0.32063 0.80139
0.24918 0.05489
0.93756 0.99407
0.85061 0.89487
0.59696 0.78401
0.47198 0.67269
0.11850 0.45295
0.17056 0.57740
0.84521 0.82717
0.32617 0.97961
0.35958 0.12160
0.77158 0.58265
0.67920 0.79468
0.13411 0.19301
0.68946 0.26809
0.84648 0.19669
0.85695 0.66083
0.67920 0.12070
0.40248 0.44586
0.41223 0.95387
0.18838 0.74904
0.49584 0.75122
0.68170 0.47731
0.57243 0.90968
0.20927 0.45082
0.12680 0.80048
0.00124 0.08251
0.53082 0.47895
0.03779 0.24853
0.71821 0.49350
0.19650 0.93316
0.98578 0.46174
0.15433 0.77706
0.69779 0.52561
0.84553 0.92378
0.20212 0.65146
0.89588 0.54499
0.54386 0.69862
0.22269 0.46813
0.16333 0.96611
0.58626 0.24165
0.15043 0.51372
0.27837 0.69657
0.53234 0.04380
0.76121 0.86318
0.86302 0.75116
0.85309 0.27473
0.83171 0.25832
0.97112 0.59836
0.13149 0.60013
0.17693 0.62156
0.70622 0.09018
0.46127 0.25643
0.98643 0.87081
0.41458 0.56929
0.22855 0.89922
0.17479 0.09802
0.18061 0.47523
0.65710 0.98249
0.22646 0.81471
0.14676 0.12085
0.18392 0.98362
0.59364 0.88694
0.06996 0.13673
0.55418 0.90024
0.02959 0.94844
0.12719 0.39956
0.50442 0.93696
0.61622 0.56366
0.32040 0.14314
0.60716 0.01874
0.15647 0.81878
0.63931 0.51222
0.36404 0.04337
0.88145 0.53572
0.40016 0.81553
0.36804 0.04291
0.19476 0.27523
0.71609 0.42780
0.81514 0.52092
0.17087 0.38914
0.15889 0.13328
0.80992 0.97978
0.16293 0.95474
0.43413 0.49187
0.71308 0.95943
0.35181 0.04259
0.19550 0.82051
0.62179 0.99535
0.12475 0.70097
0.11811 0.97829
0.82885 0.74910
0.14276 0.60347
0.40952 0.20357
0.56971 0.59704
0.97173 0.57510
0.38509 0.76898
0.52686 0.78810
0.90240 0.62896
0.67511 0.51671
0.58031 0.75113
0.86856 0.33817
0.19703 0.22927
0.11576 0.71809
0.60448 0.87847
0.52286 0.74088
0.87472 0.23124
0.77515 0.02746
0.41124 0.07581
0.10705 0.81548
0.70355 0.20074
0.99988 0.40397
0.66973 0.11255
0.90317 0.77545
0.48450 0.55527
0.76850 0.31643
0.44172 0.96599
0.92907 0.44966
0.10484 0.60858
0.38332 0.39392
0.59829 0.54374
0.17618 0.56976
0.16071 0.23663
0.60731 0.05632
0.13632 0.30156
0.88469 0.15016
0.36162 0.43301
0.30318 0.53216
0.07616 0.38864
0.44882 0.68021
0.62910 0.34571
0.12994 0.15006
0.15247 0.59710
0.73287 0.16264
0.83485 0.29163
0.13211 0.11415
0.12309 0.18340
0.12406 0.04280
0.75312 0.19259
0.84466 0.60442
0.33249 0.38190
0.88917 0.23343
0.60454 0.08638
0.48517 0.16343
0.56100 0.04727
0.65109 0.11670
0.23246 0.28169
0.31770 0.33072
0.53230 0.62566
0.50757 0.17246
0.32083 0.92983
0.73103 0.95530
0.76638 0.36801
0.46407 0.53387
0.14141 0.54737
0.58578 0.43208
0.65739 0.95564
0.70587 0.15750
0.44519 0.04774
0.79834 0.34802
0.63558 0.73440
0.11857 0.36838
0.99892 0.92237
0.75885 0.95826
0.74881 0.25296
0.07151 0.46647
0.79840 0.06391
0.81656 0.28252
0.99560 0.63040
0.60018 0.17402
0.78645 0.90432
0.80875 0.37893
0.33697 0.62004
0.13121 0.50065
0.48501 0.39300
0.08533 0.50694
0.76617 0.92964
0.61256 0.82416
0.38729 0.58918
0.77457 0.53004
0.98642 0.23927
0.82845 0.34418
0.49308 0.67683
0.28410 0.68107
0.32831 0.90841
0.72235 0.69342
0.62650 0.43654
0.15618 0.18482
0.72231 0.12342
0.74277 0.41157
0.00879 0.77955
0.16583 0.40366
0.05463 0.69215
0.96119 0.16657
0.34328 0.56559
0.33762 0.84288
0.62608 0.63347
0.43972 0.48644
0.13184 0.66652
0.06834 0.44437
0.31798 0.96273
0.54729 0.73450
0.28489 0.18438
0.07732 0.64687
0.29666 0.80237
0.57362 0.38988
0.32317 0.53459
0.51560 0.81862
0.24685 0.21923
0.06413 0.79205
0.21799 0.52986
0.20557 0.36050
0.65203 0.31113
0.82798 0.20959
0.88664 0.01963
0.26164 0.76726
0.35996 0.93324
0.99858 0.32443
0.51544 0.64514
0.22885 0.79198
0.53969 0.42026
0.50379 0.17593
0.23706 0.52126
0.68581 0.84452
0.78226 0.32520
0.01793 0.18675
0.62067 0.25519
0.32836 0.53202
0.39744 0.24233
0.83538 0.09281
0.16326 0.81874
0.99531 0.32511
0.17543 0.17245
0.84456 0.00097
0.97712 0.04971
0.64010 0.94392
0.75040 0.88522
0.44507 0.84397
0.84527 0.01752
0.10203 0.52040
0.92191 0.56889
0.00273 0.37822
0.85935 0.10833
0.57406 0.63710
0.74168 0.93364
0.72455 0.00993
0.80832 0.14592
0.57655 0.67079
0.56131 0.85652
0.59132 0.54893
0.99062 0.97506
0.23065 0.94322
0.36702 0.89042
0.12684 0.68659
0.93079 0.48780
0.19971 0.72918
0.68220 0.89908
0.19234 0.40472
0.76313 0.40453
0.56663 0.42992
0.46305 0.78753
0.52339 0.09031
0.94233 0.06685
0.40797 0.92148
0.10586 0.92863
0.18899 0.90917
0.01957 0.94589
0.71552 0.38301
0.69352 0.61796
0.17207 0.77529
0.52469 0.57778
0.75075 0.06397
0.97878 0.25361
0.98218 0.71469
0.40996 0.57448
0.41011 0.41535
0.06466 0.58236
0.28304 0.01919
0.51423 0.13119
0.01349 0.26130
0.09969 0.41467
0.33269 0.81102
0.26275 0.84987
0.98982 0.90604
0.67359 0.03612
0.10707 0.21952
0.94802 0.60163
0.85571 0.76696
0.22348 0.98848
0.88656 0.13150
0.03802 0.61076
0.04370 0.03722
0.38763 0.32407
0.33642 0.23746
0.70831 0.83964
0.90493 0.29467
0.54966 0.44607
0.62611 0.02865
0.53913 0.23819
0.96236 0.13212
0.73827 0.03808
0.86374 0.93424
0.07103 0.06768
0.66119 0.30997
0.34672 0.31658
0.22732 0.59624
0.83054 0.33583
0.64155 0.70070
0.52483 0.56477
0.88249 0.28685
0.43187 0.96525
0.89253 0.49388
0.23312 0.09088
0.63338 0.92840
0.07721 0.21687
0.58568 0.87771
0.21703 0.68523
0.41791 0.36081
0.15660 0.14812
0.69592 0.00864
0.30954 0.54252
0.35049 0.35771
0.11663 0.50151
0.14299 0.32702
0.79050 0.63826
0.56353 0.66313
0.69128 0.21086
0.28826 0.54548
0.60025 0.75006
0.78744 0.16497
0.68155 0.81399
0.99291 0.25783
0.61496 0.13316
0.44457 0.77313
0.18985 0.54852
0.19891 0.23393
0.66791 0.17288
0.32821 0.19319
0.57914 0.43924
0.64962 0.82845
0.44344 0.14970
0.15933 0.49063
0.28258 0.88250
0.15822 0.37700
0.58245 0.84900
0.69670 0.32953
0.94548 0.13522
0.13332 0.62903
0.07479 0.34738
0.62685 0.61804
0.69581 0.66584
0.54621 0.54076
0.18352 0.09738
0.80829 0.29272
0.29117 0.55031
0.12371 0.33456
0.60002 0.23498
0.00956 0.39844
0.74617 0.79718
0.32104 0.46651
0.54499 0.92127
0.20125 0.40602
0.50665 0.90176
0.93845 0.13421
0.82835 0.85146
0.73396 0.82452
0.81626 0.04243
0.59136 0.82870
0.93622 0.67636
0.82097 0.24017
0.79207 0.40653
0.81375 0.97594
0.80057 0.45143
0.17869 0.71695
0.58440 0.58196
0.05212 0.28826
0.46632 0.23966
0.52512 0.05731
0.17247 0.55060
0.63468 0.20079
0.03160 0.14424
0.13649 0.05755
0.77804 0.48128
0.25048 0.48036
0.44883 0.39249
0.84150 0.77281
0.93503 0.38027
0.99042 0.86708
0.42787 0.62595
0.30272 0.93974
0.93768 0.84244
0.79970 0.20744
0.07130 0.52199
0.49922 0.39043
0.44202 0.24866
0.21045 0.27481
0.57401 0.30254
0.45186 0.01227
0.43341 0.63442
0.54713 0.12939
0.76422 0.71096
0.50342 0.70090
0.06459 0.60374
0.71283 0.12361
0.16678 0.77822
0.94880 0.33591
0.79453 0.30937
0.83766 0.51430
0.13566 0.11661
0.87985 0.68479
0.77359 0.18071
0.38865 0.94287
0.06647 0.33824
0.73145 0.33874
0.75863 0.64319
0.15288 0.23877
0.27545 0.91753
0.13503 0.68723
0.58533 0.23234
0.35847 0.43387
0.02723 0.67307
0.68645 0.21958
0.94156 0.23408
0.93731 0.95025
0.95308 0.47113
0.18423 0.93602
0.66774 0.54132
0.31013 0.40176
0.93557 0.43271
0.66149 0.89271
0.64978 0.94578
0.60938 0.38352
0.32671 0.37171
0.91614 0.52089
0.86414 0.61598
0.08128 0.68561
0.98088 0.88294
0.75940 0.05797
0.00822 0.83354
0.72039 0.28145
0.35445 0.82234
0.78701 0.41308
0.35928 0.01355
0.16960 0.82905
0.43630 0.44786
0.91710 0.82709
0.54418 0.19507
0.80411 0.08445
0.41922 0.52849
0.73976 0.10543
0.12198 0.61021
0.21135 0.46167
0.85338 0.71321
0.45902 0.69987
0.04018 0.82489
0.01450 0.61748
0.16148 0.18853
0.50513 0.23618
0.95514 0.34622
0.41957 0.27058
0.72003 0.12665
0.77682 0.85825
0.54340 0.19158
0.45687 0.33319
0.17077 0.41713
0.34221 0.02080
0.88183 0.40558
0.23963 0.86797
0.99009 0.85002
0.82161 0.23310
0.68986 0.31812
0.69493 0.03840
0.34207 0.80643
0.25447 0.96359
0.14973 0.59892
0.12568 0.30739
0.39388 0.48985
0.33173 0.68014
0.49693 0.40674
0.39821 0.88921
0.92197 0.71212
0.22514 0.38511
0.95473 0.08596
0.70741 0.08522
0.46800 0.13257
0.80956 0.81569
0.52793 0.26323
0.55896 0.05440
0.46257 0.79663
0.84767 0.42298
0.79081 0.72682
0.85995 0.68963
0.41264 0.72620
0.76424 0.76103
0.45494 0.24974
0.06006 0.92125
0.75385 0.11406
0.23985 0.47611
0.35195 0.38461
0.93757 0.31873
0.45941 0.19942
0.56784 0.10890
0.85019 0.72961
0.32441 0.47051
0.05812 0.81528
0.69929 0.81129
0.92818 0.40411
0.70241 0.49811
0.72444 0.59506
0.05252 0.08461
0.97705 0.42616
0.54321 0.21968
0.86389 0.26226
0.10474 0.34508
0.80540 0.37715
0.66235 0.88493
0.02125 0.22868
0.43051 0.06595
0.11011 0.83301
0.43515 0.12303
0.03434 0.37116
0.81232 0.45185
0.84617 0.70085
0.57157 0.54172
0.56880 0.85177
0.28158 0.07468
0.73847 0.05680
0.03956 0.10500
0.97045 0.02228
0.72949 0.61754
0.08706 0.18244
0.37782 0.98938
0.93361 0.26459
0.97168 0.04879
0.07415 0.13863
0.06082 0.86607
0.70783 0.77303
0.59374 0.51215
0.79520 0.89587
0.18913 0.19512
0.95876 0.30881
0.14056 0.42236
0.92434 0.00075
0.08757 0.59940
0.68350 0.46189
0.55370 0.16672
0.43881 0.43058
0.59601 0.93652
0.02613 0.10069
0.75044 0.18908
0.80020 0.70621
0.55852 0.15399
0.61599 0.53763
0.01910 0.16484
0.53085 0.37620
0.34584 0.67975
0.76174 0.95705
0.19966 0.17613
0.00075 0.09438
0.01719 0.19511
0.27179 0.64672
0.78674 0.49618
0.84367 0.99892
0.96513 0.08859
0.72169 0.85825
0.41426 0.88747
0.21004 0.45387
0.54055 0.78591
0.72677 0.94013
0.76753 0.73723
0.16708 0.44991
0.50275 0.66960
0.41850 0.73216
0.17607 0.23888
0.92822 0.79426
0.86440 0.16340
0.50181 0.44449
0.40182 0.79179
0.24889 0.86403
0.74450 0.52745
0.72038 0.76349
0.93813 0.34286
0.73863 0.05377
0.94363 0.60181
0.85261 0.49239
0.39676 0.23323
0.85923 0.78784
0.50566 0.66330
0.63673 0.23172
0.90763 0.96029
0.85437 0.24848
0.20960 0.09597
0.01533 0.12730
0.24940 0.07952
0.82620 0.22200
0.12763 0.51105
0.13588 0.53874
0.15452 0.38470
0.66881 0.49403
0.54761 0.32891
0.52328 0.10750
0.07725 0.45615
0.24991 0.42303
0.93569 0.34526
0.59097 0.95995
0.80920 0.68857
0.38070 0.32011
0.24959 0.34880
0.22244 0.27655
0.72250 0.65216
0.79933 0.99110
0.35192 0.91855
0.03393 0.79729
0.20087 0.89333
0.01962 0.98037
0.50040 0.24960
0.48202 0.99531
0.92556 0.55828
0.46755 0.28015
0.15411 0.28317
0.94275 0.63249
0.02429 0.35909
0.77474 0.86340
0.68674 0.81995
0.93596 0.22742
0.37734 0.83673
0.94663 0.80663
0.88893 0.19451
0.55667 0.55594
0.60827 0.83118
0.46294 0.50484
0.57228 0.03420
0.67164 0.85846
0.53946 0.99762
0.03917 0.28784
0.78253 0.07976
0.73218 0.09877
0.77104 0.96065
0.92559 0.65804
0.09782 0.36476
0.50183 0.66953
0.26731 0.06891
0.64543 0.96431
0.25561 0.13829
0.12729 0.86513
0.37269 0.24883
0.56061 0.02163
0.77035 0.24347
0.23521 0.42614
0.07887 0.61584
0.20299 0.16943
0.89444 0.08820
0.50834 0.59632
0.78170 0.30296
0.83171 0.26285
0.98508 0.64822
0.49182 0.15736
0.88234 0.18723
0.81001 0.43080
0.46548 0.11575
0.81501 0.10898
0.47204 0.25837
0.93962 0.54498
0.98514 0.97770
0.41304 0.69695
0.48092 0.66822
0.40773 0.86652
0.64211 0.96199
0.12985 0.74567
0.15405 0.20096
0.89943 0.12274
0.36538 0.52222
0.65816 0.04808
0.74593 0.76512
0.38666 0.96533
0.00098 0.60454
0.58602 0.12991
0.92421 0.57305
0.99944 0.90637
0.79807 0.90729
0.22646 0.92064
0.47958 0.84307
0.79704 0.81532
0.46314 0.06171
0.14391 0.72059
0.23145 0.71768
0.11588 0.10540
0.41409 0.23885
0.04999 0.32701
0.05204 0.90445
0.23170 0.13492
0.41358 0.45752
0.93409 0.07905
0.66455 0.95408
0.09700 0.72196
0.19328 0.55666
0.47535 0.96460
0.52710 0.82083
0.79030 0.26387
0.55446 0.84357
0.56642 0.10321
0.11373 0.85500
0.87961 0.28649
0.57530 0.21061
0.84899 0.54661
0.54553 0.93374
0.62715 0.23402
0.21373 0.14114
0.40391 0.68138
0.75130 0.53019
0.33319 0.67463
0.41333 0.81505
0.09375 0.58285
0.26127 0.22768
0.03922 0.08877
0.63402 0.93565
0.45832 0.98322
0.78330 0.54000
0.28585 0.97855
0.89808 0.49007
0.86935 0.06654
0.65155 0.83068
0.47184 0.10309
0.61661 0.43283
0.57543 0.37988
0.93789 0.43944
0.67211 0.60664
0.74586 0.07926
0.04061 0.66696
0.12185 0.83392
0.24308 0.09646
0.32543 0.34677
0.54421 0.35134
0.01149 0.44830
0.87177 0.65952
0.93093 0.17768
0.38090 0.18870
0.29308 0.03063
0.28904 0.25137
0.76524 0.34092
0.79447 0.28347
0.54600 0.51277
0.01887 0.97991
0.67784 0.48722
0.31773 0.34063
0.65270 0.52317
0.05178 0.58323
0.75888 0.78367
0.03259 0.04289
0.03036 0.03923
0.95690 0.51213
0.69881 0.88631
0.19580 0.24526
0.70902 0.54507
0.69757 0.19412
0.73030 0.98179
0.29916 0.85706
0.06199 0.38662
0.23150 0.94853
0.19540 0.59084
0.14770 0.61364
0.68749 0.34610
0.91682 0.19843
0.61571 0.12277
0.14838 0.09328
0.24252 0.91106
0.49189 0.66301
0.26001 0.20592
0.84443 0.40610
0.97593 0.40855
0.79785 0.05634
0.18237 0.14881
0.91040 0.49072
0.57160 0.85496
0.40849 0.54892
0.12049 0.61581
0.98925 0.03168
0.02519 0.23584
0.01245 0.57030
0.93964 0.54961
0.60385 0.74982
0.04174 0.81790
0.54307 0.39679
0.17483 0.08763
0.21884 0.23994
0.30067 0.71976
0.82546 0.38463
0.63267 0.96355
0.63317 0.40431
0.95277 0.65372
0.22559 0.22612
0.43406 0.04309
0.95953 0.90798
0.91530 0.48495
0.63021 0.69931
0.33966 0.05799
0.89557 0.32258
0.44567 0.10912
0.47740 0.25700
0.39255 0.82536
0.79085 0.25968
0.64749 0.18213
0.81792 0.56408
0.42009 0.01887
0.95449 0.61688
0.05461 0.91390
0.22101 0.36896
0.76573 0.96789
0.50018 0.78346
0.33219 0.44599
0.74829 0.63903
0.57635 0.64919
0.28664 0.57919
0.88307 0.41780
0.27902 0.42284
0.64946 0.41334
0.68290 0.21975
0.01524 0.54989
0.24219 0.55936
0.79087 0.69916
0.94413 0.37776
0.23424 0.09532
0.63693 0.49229
0.65950 0.76865
0.59654 0.27855
0.20468 0.77612
0.99745 0.89598
0.96700 0.18721
0.87670 0.44510
0.28572 0.97668
0.44555 0.35048
0.81594 0.91673
0.23117 0.98219
0.84325 0.60410
0.01199 0.09000
0.67134 0.22854
0.40520 0.40346
0.04310 0.67254
0.98155 0.46706
0.13860 0.93920
0.42454 0.09984
0.25496 0.36772
0.62541 0.11775
0.84844 0.69215
0.82870 0.65319
0.81443 0.14017
0.09177 0.38169
0.22499 0.92317
0.02591 0.51817
0.20424 0.95173
0.82307 0.62648
0.67077 0.34836
0.15889 0.03826
0.89644 0.66299
0.37087 0.72857
0.80614 0.58176
0.48696 0.45144
0.39297 0.24195
0.13239 0.47191
0.88308 0.36101
0.30450 0.57983
0.39839 0.22017
0.23053 0.91048
0.01387 0.34531
0.24921 0.47698
0.12262 0.29001
0.44552 0.25012
0.73276 0.17394
0.50786 0.79217
0.97710 0.43596
0.97287 0.77353
0.41929 0.96821
0.69145 0.24987
0.52910 0.71968
0.37586 0.25381
0.26475 0.82703
0.80847 0.04851
0.41786 0.92772
0.99274 0.71920
0.27165 0.07244
0.60180 0.79162
0.48176 0.13452
0.03411 0.43769
0.10851 0.82815
0.01675 0.58955
0.65662 0.01496
0.33567 0.28388
0.09590 0.54294
0.33012 0.57713
0.30677 0.71413
0.17997 0.68642
0.62325 0.01225
0.09261 0.50095
0.73327 0.90423
0.87389 0.20423
0.98523 0.48781
0.05761 0.71096
0.89202 0.85059
0.15117 0.64313
0.20082 0.92993
0.69596 0.22795
0.07612 0.41120
0.68411 0.51348
0.87318 0.82657
0.91298 0.58766
0.07551 0.28609
0.67141 0.51260
0.71227 0.07481
0.72019 0.18398
0.40326 0.99527
0.66824 0.17388
0.60905 0.45713
0.11455 0.84591
0.13519 0.24472
0.34848 0.02729
0.47230 0.45948
0.01350 0.65562
0.48469 0.20023
0.51650 0.94021
0.58699 0.04411
0.10626 0.94267
0.81824 0.84194
0.39204 0.51683
0.71724 0.10000
0.01365 0.33784
0.29670 0.48888
0.52714 0.57850
0.07846 0.74337
0.73166 0.20594
0.07104 0.79119
0.02718 0.01162
0.82856 0.49922
0.02881 0.86274
0.22073 0.42726
0.63172 0.99667
0.83635 0.59585
0.85328 0.99661
0.29919 0.66228
0.31256 0.42093
0.98029 0.86468
0.40677 0.59889
0.26213 0.66172
0.49479 0.04786
0.69914 0.80051
0.49148 0.35089
0.87145 0.62170
0.16348 0.70250
0.77424 0.79685
0.69834 0.15205
0.21681 0.06843
0.40166 0.29461
0.73880 0.46990
0.21257 0.23887
0.56939 0.74606
0.74927 0.38451
0.83953 0.32425
0.43267 0.73906
0.56368 0.93210
0.02291 0.84785
0.32105 0.81708
0.42704 0.35329
0.94547 0.72074
0.87462 0.90377
0.85525 0.81201
0.15236 0.94251
0.23840 0.48292
0.01560 0.25111
0.50036 0.30587
0.26912 0.04852
0.43462 0.34973
0.87195 0.44156
0.17858 0.91737
0.90180 0.42283
0.58038 0.14972
0.26668 0.82237
0.94481 0.24945
0.85354 0.14389
0.41242 0.33997
0.27987 0.91097
0.37404 0.84481
0.16410 0.72820
0.19728 0.60960
0.92245 0.30830
0.69108 0.19437
0.93335 0.10082
0.79546 0.61823
0.54015 0.45486
0.55022 0.68834
0.34937 0.67450
0.80395 0.36975
0.49844 0.82005
0.25918 0.44096
0.94607 0.91900
0.07299 0.98304
0.87786 0.64092
0.56512 0.60013
0.03965 0.87802
0.90064 0.37393
0.13538 0.94955
0.97058 0.34154
0.33391 0.15517
0.34870 0.10992
0.11327 0.49072
0.65302 0.03326
0.98434 0.61317
0.05518 0.58131
0.29003 0.87164
0.86637 0.81219
0.04805 0.32529
0.85171 0.93774
0.72749 0.69517
0.52190 0.25814
0.89220 0.00509
0.95471 0.63405
0.96485 0.38552
0.47439 0.07955
0.78829 0.04448
0.81226 0.49575
0.29587 0.37716
0.54266 0.87758
0.43962 0.15840
0.68911 0.85035
0.34965 0.97595
0.36574 0.19690
0.87776 0.50330
0.89746 0.55986
0.34175 0.78985
0.03756 0.84227
0.08907 0.84438
0.95277 0.20555
0.41925 0.37129
0.92210 0.57841
0.26008 0.85667
0.76164 0.37827
0.36538 0.28280
0.40783 0.97219
0.16273 0.35728
0.44132 0.53550
0.70698 0.05131
0.80538 0.14534
0.24792 0.00232
0.50586 0.01279
0.92206 0.20854
0.15984 0.76105
0.11285 0.23995
0.81508 0.37931
0.88513 0.44737
0.27845 0.10672
0.59286 0.25871
0.29166 0.14664
0.84271 0.07580
0.96865 0.79094
0.17644 0.22159
0.14425 0.68784
0.58298 0.26616
0.91442 0.87321
0.09156 0.31310
0.72526 0.16090
0.56745 0.55839
0.67404 0.57141
0.69864 0.55178
0.46439 0.89979
0.69408 0.85604
0.63356 0.57530
0.24245 0.62762
0.60856 0.57404
0.23268 0.76938
0.17894 0.54535
0.11455 0.65596
0.80382 0.74296
0.21323 0.27818
0.01431 0.10347
0.70200 0.74502
0.31091 0.32157
0.60911 0.22752
0.57808 0.05846
0.08196 0.56170
0.85480 0.87818
0.59021 0.84767
0.73172 0.41075
0.06871 0.80465
0.24401 0.82445
0.36838 0.02894
0.73334 0.12721
0.87130 0.42722
0.54033 0.87185
0.53798 0.53919
0.30731 0.24028
0.21904 0.82155
0.78570 0.53224
0.08773 0.80087
0.45128 0.04472
0.34314 0.86183
0.35034 0.44570
0.94336 0.89628
0.41719 0.73718
0.16822 0.59096
0.33572 0.93729
0.21358 0.51094
0.34411 0.32295
0.71652 0.90777
0.50639 0.88898
0.87719 0.57722
0.13111 0.29361
0.26798 0.59141
0.35469 0.05953
0.31743 0.53201
0.29449 0.98858
0.77773 0.44910
0.32203 0.03039
0.20968 0.91828
0.26970 0.06084
0.88214 0.69416
0.36287 0.26100
0.08329 0.84898
0.20545 0.89593
0.23127 0.62481
0.25694 0.32064
0.11504 0.07858
0.92177 0.59812
0.05873 0.12839
0.86079 0.52458
0.25778 0.83050
0.61534 0.28083
0.14381 0.07138
0.69102 0.45530
0.20350 0.29222
0.08647 0.10264
0.62846 0.16498
0.09257 0.69294
0.28012 0.22788
0.67528 0.03721
0.04593 0.58757
0.52009 0.54609
0.33419 0.33336
0.14610 0.22721
0.71839 0.67126
0.41142 0.27257
0.58861 0.13155
0.23014 0.94338
0.95019 0.18058
0.79864 0.17841
0.06017 0.56052
0.43540 0.22185
0.22194 0.59777
0.67095 0.26119
0.23021 0.81262
0.59859 0.84410
0.60825 0.35798
0.76339 0.32093
0.65971 0.85934
0.06294 0.82727
0.97032 0.53330
0.21091 0.30083
0.45795 0.21717
0.52574 0.39048
0.13034 0.10174
0.47214 0.98742
0.94303 0.75824
0.97632 0.40316
0.36358 0.69620
0.73200 0.64310
0.03997 0.79273
0.82968 0.63918
0.57385 0.29225
0.36829 0.66132
0.89576 0.24786
0.15116 0.39465
0.39881 0.95981
0.06401 0.25610
0.59430 0.98563
0.29859 0.19011
0.46506 0.16698
0.92295 0.23955
0.79925 0.08513
0.30915 0.00485
0.40149 0.67387
0.26440 0.08817
0.45027 0.78604
0.85036 0.09947
0.73454 0.82737
0.23457 0.47727
0.59045 0.51628
0.08335 0.01328
0.37911 0.40301
0.25866 0.88429
0.17413 0.90450
0.78616 0.04400
0.91792 0.41195
0.94184 0.57775
0.46638 0.75497
0.42402 0.55082
0.17483 0.76344
0.68487 0.57009
0.96415 0.22489
0.66343 0.93714
0.32387 0.03683
0.22627 0.66917
0.30898 0.32292
0.76240 0.86327
0.62628 0.37036
0.75400 0.60698
0.41289 0.92783
0.46775 0.29696
0.15614 0.34125
0.44080 0.29886
0.35198 0.28354
0.41099 0.18732
0.07869 0.75051
0.90202 0.86133
0.40064 0.71395
0.71228 0.54786
0.02808 0.84231
0.68364 0.85658
0.79507 0.79523
0.12883 0.61934
0.31463 0.60505
0.91375 0.29038
0.19103 0.05611
0.55357 0.90843
0.35225 0.60281
0.01349 0.52414
0.41010 0.53762
0.30049 0.28557
0.10003 0.67727
0.73458 0.58879
0.10121 0.37907
0.60388 0.44672
0.55326 0.84957
0.84699 0.72112
0.34264 0.01126
0.87629 0.50895
0.91161 0.83454
0.77744 0.62795
0.30973 0.80536
0.16247 0.85706
0.75374 0.47228
