0.56480 0.20197
0.72931 0.09705
0.66712 0.93058
0.09988 0.58655
0.61675 0.78856
0.98188 0.71187
0.43123 0.81294
0.99943 0.19509
0.65756 0.88937
0.25432 0.52172
0.39782 0.87232
0.48778 0.47597
0.47689 0.78030
0.38312 0.92827
0.86406 0.02183
0.16402 0.92144
0.74960 0.79722
0.34570 0.40646
0.09868 0.63150
0.79784 0.49113
0.35704 0.87630
0.04471 0.57605
0.37671 0.89808
0.84639 0.73645
0.99062 0.90175
0.26267 0.46190
0.17149 0.50246
0.63313 0.86588
0.06540 0.74943
0.70035 0.06924
0.23490 0.52988
0.29241 0.75729
0.05934 0.83337
0.15674 0.96361
0.91801 0.04119
0.29155 0.09970
0.10291 0.89210
0.29518 0.50127
0.76957 0.46043
0.18116 0.62780
0.59737 0.43756
0.69848 0.97573
0.57987 0.66805
0.20075 0.30460
0.01538 0.70487
0.64812 0.95390
0.47338 0.00219
0.77340 0.35150
0.58920 0.01033
0.45859 0.84502
0.96973 0.47104
0.61199 0.81566
0.69903 0.78366
0.26428 0.01093
0.99472 0.68703
0.72578 0.98261
0.18452 0.94197
0.99206 0.13299
0.62807 0.84264
0.11067 0.53016
0.05662 0.62763
0.53384 0.30823
0.99372 0.50843
0.06422 0.68430
0.76055 0.61147
0.57871 0.83543
0.34877 0.03912
0.57069 0.33637
0.17869 0.01371
0.50305 0.13335
0.26362 0.62738
0.86090 0.23202
0.73840 0.45982
0.24846 0.52307
0.59585 0.72981
0.55684 0.73868
0.29384 0.33815
0.03754 0.80053
0.67649 0.80572
0.53433 0.26896
0.86672 0.80715
0.30248 0.49708
0.19707 0.29865
0.47551 0.03156
0.62373 0.45981
0.43025 0.90483
0.07660 0.99788
0.93919 0.62479
0.62859 0.73575
0.34982 0.67864
0.00681 0.72478
0.29088 0.54063
0.39899 0.51521
0.59754 0.74616
0.01071 0.57861
0.16709 0.49427
0.12374 0.11969
0.63018 0.05294
0.72862 0.41626
0.97322 0.64765
0.58992 0.25786
0.75623 0.45108
0.76853 0.43994
0.21501 0.17338
0.32871 0.06513
0.37746 0.02378
0.67911 0.23782
0.46215 0.53026
0.39877 0.66592
0.40654 0.51703
0.09398 0.52393
0.41213 0.65324
0.17485 0.67659
0.94851 0.81347
0.92819 0.91509
0.23758 0.58287
0.23180 0.57995
0.74682 0.28657
0.77296 0.23629
0.85642 0.63271
0.19343 0.17537
0.03841 0.57974
0.09756 0.61343
0.59042 0.52385
0.43840 0.24985
0.56136 0.91075
0.50505 0.86763
0.54477 0.21468
0.47346 0.04045
0.63084 0.52495
0.89817 0.97362
0.01743 0.96794
0.43937 0.70960
0.06711 0.69060
0.03294 0.40555
0.73942 0.96591
0.15085 0.40240
0.76545 0.97852
0.31630 0.79339
0.24352 0.24080
0.69826 0.97447
0.09431 0.88057
0.33025 0.70679
0.07393 0.61492
0.64835 0.76109
0.80234 0.19891
0.80881 0.47985
0.35111 0.99027
0.21755 0.22332
0.60182 0.41601
0.57431 0.27402
0.59018 0.51146
0.22351 0.65553
0.07163 0.47340
0.90843 0.71050
0.67797 0.61609
0.57357 0.82296
0.82766 0.44852
0.19390 0.66396
0.90198 0.58153
0.94144 0.51805
0.59451 0.70733
0.11924 0.35272
0.93593 0.78059
0.78988 0.22609
0.88061 0.27314
0.52638 0.62502
0.70961 0.55143
0.89265 0.37663
0.97245 0.88601
0.88210 0.88520
0.61796 0.20093
0.68803 0.92260
0.11977 0.35587
0.24346 0.54976
0.49692 0.65697
0.11102 0.63642
0.29695 0.47389
0.32416 0.45565
0.75669 0.57703
0.76065 0.90323
0.90638 0.82782
0.85165 0.15382
0.72476 0.86341
0.72381 0.28689
0.87893 0.09984
0.40639 0.37673
0.67740 0.45052
0.13925 0.35795
0.37992 0.97709
0.59408 0.48693
0.62787 0.20701
0.23796 0.69859
0.07893 0.48238
0.88604 0.29563
0.27735 0.52146
0.12808 0.26083
0.17363 0.90882
0.78054 0.15946
0.47243 0.64719
0.06428 0.99919
0.49159 0.86812
0.59105 0.42270
0.35517 0.64398
0.35201 0.53351
0.36258 0.39499
0.14457 0.41633
0.54254 0.22467
0.18989 0.02278
0.80930 0.92279
0.50497 0.58556
0.63967 0.08666
0.22721 0.11791
0.62175 0.88165
0.17923 0.42656
0.37156 0.91130
0.74940 0.76678
0.44282 0.96376
0.50780 0.32842
0.29642 0.96080
0.20250 0.68121
0.55133 0.20592
0.72441 0.41924
0.49903 0.11548
0.35632 0.90302
0.55079 0.08390
0.36361 0.48823
0.84681 0.98752
0.76784 0.92836
0.40432 0.01583
0.15189 0.66978
0.14233 0.58915
0.86329 0.52765
0.04111 0.08195
0.76863 0.59712
0.29160 0.29056
0.74741 0.52839
0.02050 0.40683
0.42200 0.10102
0.90474 0.66987
0.65923 0.04168
0.05649 0.08289
0.21611 0.16795
0.92892 0.40917
0.25852 0.41559
0.13799 0.10458
0.48700 0.17992
0.68022 0.87437
0.61558 0.01406
0.78093 0.57254
0.52057 0.06901
0.41976 0.30962
0.96536 0.13258
0.43220 0.58208
0.79927 0.59941
0.77661 0.84309
0.50143 0.87697
0.22562 0.97133
0.83718 0.32250
0.78567 0.08141
0.84589 0.95578
0.54086 0.23055
0.07418 0.85165
0.06588 0.29211
0.24015 0.34567
0.31322 0.20256
0.25174 0.56603
0.86459 0.85328
0.83270 0.41256
0.88990 0.31360
0.55960 0.76089
0.98791 0.96811
0.28860 0.88635
0.38850 0.94152
0.65087 0.46380
0.09866 0.50911
0.30483 0.09264
0.95137 0.94086
0.33493 0.40269
0.91353 0.65690
0.98367 0.31095
0.18836 0.88030
0.35891 0.60623
0.65991 0.41007
0.93841 0.96509
0.24662 0.35264
0.86822 0.94963
0.88829 0.30713
0.23674 0.90996
0.55767 0.53943
0.34855 0.48309
0.91935 0.80643
0.00072 0.10534
0.41087 0.49875
0.47498 0.36087
0.52201 0.52078
0.32924 0.40349
0.15067 0.80830
0.48860 0.99946
0.51875 0.82334
0.65016 0.89975
0.25793 0.82867
0.34512 0.20608
0.43793 0.07924
0.21541 0.32615
0.40821 0.07671
0.87308 0.01670
0.25350 0.44567
0.09698 0.30806
0.36587 0.67289
0.68447 0.45079
0.69945 0.09431
0.52434 0.36637
0.56054 0.21902
0.92031 0.69143
0.70568 0.05025
0.19308 0.84002
0.73365 0.77227
0.50740 0.24531
0.51910 0.09159
0.45112 0.79948
0.60165 0.14220
0.09385 0.57233
0.21287 0.32998
0.32481 0.40746
0.92238 0.56396
0.78475 0.47929
0.94892 0.77893
0.81652 0.78299
0.54768 0.35105
0.10353 0.14977
0.72006 0.94279
0.77547 0.64385
0.24731 0.80312
0.74788 0.54363
0.90257 0.10896
0.00140 0.05734
0.38252 0.87584
0.94101 0.40534
0.35460 0.11565
0.12122 0.04077
0.03126 0.92324
0.59356 0.22066
0.80762 0.88393
0.34696 0.41037
0.84995 0.96694
0.33781 0.51935
0.08392 0.86369
0.35815 0.26643
0.94720 0.79959
0.58834 0.18053
0.41581 0.85157
0.15278 0.67950
0.58487 0.53915
0.38047 0.48021
0.30487 0.15603
0.08788 0.27836
0.42647 0.12839
0.73360 0.45209
0.12644 0.73503
0.37457 0.49105
0.35781 0.50519
0.85741 0.08609
0.89247 0.33082
0.47602 0.07965
0.13809 0.85665
0.15382 0.03086
0.21812 0.11642
0.26069 0.57398
0.11304 0.60920
0.00707 0.74227
0.16958 0.81727
0.92451 0.04711
0.39728 0.55271
0.06243 0.45377
0.53593 0.91380
0.16083 0.86868
0.10465 0.60482
0.49839 0.77308
0.13032 0.45231
0.54671 0.88040
0.36674 0.18245
0.04112 0.39638
0.18704 0.63977
0.76747 0.88056
0.33589 0.26788
0.72084 0.76934
0.99085 0.49090
0.83932 0.16813
0.18711 0.00447
0.81433 0.78092
0.79549 0.71511
0.87364 0.84857
0.39651 0.58186
0.24591 0.17474
0.10862 0.16214
0.64480 0.88488
0.19233 0.00187
0.02750 0.76140
0.47039 0.09285
0.08164 0.17896
0.14649 0.13685
0.92599 0.87971
0.21909 0.57801
0.07653 0.54869
0.69464 0.51374
0.46551 0.79334
0.27108 0.43146
0.22677 0.55733
0.54162 0.12534
0.86142 0.80453
0.07738 0.03658
0.00508 0.83497
0.09487 0.95001
0.08811 0.55780
0.75665 0.84811
0.13054 0.93012
0.65868 0.48930
0.90098 0.09804
0.14911 0.58645
0.27483 0.14937
0.55780 0.58126
0.90700 0.01129
0.93741 0.12980
0.10864 0.79554
0.15825 0.59147
0.23089 0.50097
0.42221 0.87589
0.01873 0.60355
0.72390 0.68751
0.39059 0.39804
0.23335 0.56526
0.11223 0.34946
0.46994 0.73646
0.36728 0.68222
0.89604 0.98620
0.30444 0.84075
0.90092 0.24449
0.33433 0.35757
0.77513 0.60635
0.92277 0.46802
0.37866 0.36496
0.75631 0.48813
0.07997 0.58220
0.13692 0.11989
0.61315 0.00708
0.29916 0.33750
0.61090 0.80772
0.91015 0.09997
0.95314 0.42337
0.58294 0.27037
0.13771 0.15328
0.60410 0.28633
0.86249 0.57203
0.89676 0.30812
0.79332 0.21046
0.47452 0.87756
0.14876 0.76289
0.63583 0.10828
0.75341 0.14754
0.87956 0.12023
0.26979 0.41609
0.45751 0.51547
0.23282 0.19344
0.99143 0.71117
0.64424 0.33509
0.02876 0.78542
0.53124 0.84003
0.04897 0.34313
0.45674 0.23807
0.34766 0.01136
0.26063 0.38679
0.33977 0.81072
0.46354 0.10654
0.80503 0.06157
0.42747 0.38632
0.96987 0.27797
0.66275 0.41500
0.63706 0.79426
0.41615 0.59493
0.60745 0.23080
0.77364 0.38097
0.92960 0.54191
0.04855 0.15641
0.27637 0.46375
0.46423 0.16247
0.24759 0.62336
0.91806 0.89759
0.01208 0.56043
0.99946 0.68877
0.28806 0.68311
0.96787 0.07813
0.48786 0.45948
0.03541 0.49934
0.70451 0.77979
0.07538 0.48858
0.13261 0.49311
0.38529 0.38594
0.07853 0.59054
0.68958 0.97339
0.70442 0.11452
0.00116 0.84323
0.72652 0.39802
0.89185 0.76530
0.44620 0.74187
0.89316 0.22684
0.52017 0.04723
0.93610 0.79907
0.65239 0.02453
0.13501 0.14593
0.72071 0.57973
0.13004 0.08861
0.45745 0.18678
0.25550 0.13740
0.16476 0.85091
0.94771 0.87790
0.33240 0.44933
0.12334 0.08936
0.94325 0.51696
0.09525 0.16906
0.40258 0.84755
0.99179 0.78976
0.58838 0.79818
0.08581 0.46304
0.02314 0.92665
0.87067 0.00678
0.92342 0.72862
0.67915 0.42631
0.78330 0.77611
0.40369 0.54136
0.13498 0.78698
0.00841 0.65790
0.10212 0.45180
0.36098 0.66972
0.86083 0.13919
0.13491 0.03216
0.42727 0.50889
0.97143 0.88945
0.59204 0.33773
0.21576 0.33324
0.93386 0.67143
0.59629 0.50759
0.25996 0.96173
0.00495 0.50623
0.27025 0.61619
0.22670 0.97012
0.67520 0.68136
0.94660 0.04680
0.92728 0.20765
0.76510 0.57771
0.30865 0.52477
0.38376 0.04878
0.90211 0.52218
0.28354 0.09967
0.06896 0.57058
0.30661 0.65267
0.70934 0.86257
0.45233 0.20590
0.99530 0.01887
0.44879 0.04336
0.05125 0.95540
0.50534 0.40005
0.43959 0.74332
0.72314 0.26124
0.75604 0.89822
0.66852 0.84270
0.62227 0.58668
0.63458 0.55081
0.17231 0.90425
0.78026 0.58318
0.26626 0.67433
0.54481 0.94600
0.28057 0.15171
0.20111 0.39132
0.63211 0.93411
0.51891 0.52065
0.92775 0.38255
0.92846 0.46851
0.28744 0.41498
0.37249 0.30927
0.43984 0.24639
0.92854 0.45981
0.17641 0.16568
0.08053 0.54012
0.45256 0.80698
0.98644 0.13838
0.47696 0.51714
0.09170 0.76439
0.93936 0.27355
0.67237 0.33737
0.17678 0.07439
0.48495 0.86940
0.56647 0.53503
0.95285 0.74718
0.14756 0.58580
0.71528 0.36139
0.97370 0.68505
0.66332 0.70271
0.06200 0.73232
0.92511 0.43163
0.66511 0.72094
0.62795 0.89940
0.98846 0.51361
0.84528 0.11264
0.49139 0.94869
0.54707 0.71684
0.37862 0.05220
0.31144 0.94565
0.83481 0.37421
0.02345 0.76484
0.72076 0.86368
0.71193 0.14033
0.65232 0.00900
0.27299 0.68873
0.83145 0.25085
0.51497 0.51344
0.84196 0.36665
0.72599 0.74856
0.98206 0.02368
0.86434 0.42723
0.09790 0.11539
0.76437 0.08186
0.35031 0.74123
0.60218 0.89189
0.55351 0.77703
0.77235 0.14213
0.56580 0.61107
0.30164 0.12865
0.77208 0.99694
0.04460 0.38720
0.43380 0.25149
0.95186 0.09411
0.56343 0.56070
0.65288 0.68208
0.81890 0.29780
0.94898 0.73064
0.41065 0.64271
0.26482 0.27548
0.32841 0.61957
0.94959 0.64877
0.73939 0.68858
0.23448 0.69412
0.95400 0.01514
0.51556 0.50254
0.35901 0.34027
0.20259 0.83894
0.93439 0.95090
0.79140 0.87796
0.97298 0.44871
0.44710 0.88737
0.88110 0.74337
0.57606 0.50748
0.42106 0.95931
0.48746 0.59948
0.83861 0.63129
0.62990 0.78787
0.54540 0.09654
0.69729 0.60397
0.77004 0.43379
0.06612 0.57915
0.76900 0.67901
0.92320 0.70435
0.98536 0.82097
0.23429 0.16243
0.02944 0.57076
0.96117 0.42849
0.88848 0.01615
0.29088 0.59793
0.86592 0.02567
0.66046 0.83221
0.49564 0.48802
0.55904 0.48800
0.35784 0.11411
0.28167 0.52219
0.12875 0.11812
0.63095 0.34163
0.08882 0.82231
0.51034 0.50820
0.36923 0.22593
0.58385 0.28025
0.54024 0.10799
0.59384 0.50396
0.10349 0.79725
0.15396 0.60257
0.54604 0.41917
0.97836 0.77092
0.26522 0.77471
0.69039 0.06183
0.22037 0.93477
0.71636 0.07772
0.29193 0.45807
0.16236 0.08023
0.15123 0.09097
0.56606 0.96660
0.66133 0.90772
0.29289 0.97805
0.69539 0.18890
0.37532 0.88691
0.61158 0.73903
0.76657 0.74344
0.45847 0.22096
0.51666 0.68139
0.92077 0.92739
0.47641 0.08042
0.65339 0.60968
0.93115 0.31914
0.33866 0.25488
0.90797 0.76153
0.50942 0.04627
0.78830 0.52044
0.25658 0.34888
0.69015 0.08693
0.67692 0.96083
0.47427 0.41143
0.91870 0.15379
0.72232 0.11339
0.37939 0.06409
0.64504 0.43207
0.54796 0.30725
0.81578 0.79272
0.76484 0.98141
0.65666 0.68934
0.13034 0.52007
0.61067 0.50128
0.90900 0.27891
0.51150 0.00519
0.81200 0.44596
0.14933 0.85964
0.56856 0.77506
0.55908 0.38069
0.71556 0.07613
0.34316 0.26213
0.57551 0.69566
0.67674 0.08867
0.28422 0.06532
0.83910 0.76315
0.57073 0.98966
0.28530 0.83042
0.65770 0.89551
0.83637 0.97679
0.12878 0.19318
0.49975 0.25238
0.97367 0.01417
0.70987 0.26889
0.65960 0.91320
0.63750 0.06640
0.28843 0.65313
0.53467 0.75980
0.73047 0.68211
0.72496 0.39968
0.96506 0.09893
0.62815 0.45284
0.34399 0.33708
0.59538 0.03829
0.00195 0.40772
0.01316 0.75638
0.71737 0.02527
0.98908 0.50817
0.44037 0.94712
0.25098 0.34962
0.30792 0.66803
0.57547 0.01516
0.88607 0.72947
0.32610 0.36340
0.65074 0.96282
0.88046 0.06951
0.60513 0.42794
0.72141 0.63670
0.65102 0.80911
0.56185 0.34322
0.06185 0.05641
0.15226 0.38764
0.25290 0.88337
0.33180 0.28002
0.05598 0.64192
0.78932 0.05796
0.73407 0.25681
0.15158 0.11851
0.08926 0.02123
0.11515 0.63166
0.94238 0.88264
0.48881 0.43725
0.44127 0.07006
0.99235 0.76638
0.18717 0.04214
0.54067 0.67507
0.98038 0.66711
0.71934 0.18398
0.55103 0.21168
0.41633 0.78453
0.15439 0.16674
0.22141 0.03016
0.49089 0.75390
0.47636 0.53301
0.46620 0.23746
0.02087 0.61505
0.43563 0.40889
0.64802 0.45178
0.61042 0.05095
0.11663 0.19542
0.15259 0.12433
0.42889 0.24142
0.90799 0.89250
0.84659 0.93227
0.62219 0.35444
0.92684 0.26782
0.34050 0.67021
0.19146 0.97537
0.37292 0.35610
0.01774 0.92812
0.41723 0.35331
0.80542 0.93039
0.59473 0.50534
0.86906 0.00264
0.57317 0.38754
0.71513 0.23492
0.50366 0.76411
0.32475 0.09141
0.83985 0.77474
0.60616 0.30510
0.83221 0.71189
0.38780 0.35744
0.18534 0.24781
0.25628 0.40893
0.55290 0.62255
0.97715 0.15054
0.37623 0.71243
0.06162 0.89855
0.28560 0.06217
0.47045 0.46507
0.42378 0.02154
0.27341 0.34862
0.34394 0.77417
0.62457 0.85396
0.19727 0.66152
0.10641 0.62370
0.86920 0.69532
0.48048 0.35266
0.12574 0.58848
0.78989 0.60234
0.41678 0.33462
0.44302 0.61352
0.10789 0.91041
0.64866 0.10971
0.72245 0.08195
0.99390 0.41957
0.88972 0.78723
0.45116 0.45024
0.78133 0.86427
0.34403 0.04495
0.52592 0.40144
0.27328 0.44709
0.47870 0.13619
0.18975 0.25469
0.68392 0.36787
0.29902 0.30776
0.11653 0.27600
0.97793 0.43527
0.37652 0.08701
0.94726 0.69723
0.88781 0.11483
0.94290 0.99460
0.40061 0.90575
0.98539 0.43179
0.26955 0.77788
0.83654 0.72126
0.63791 0.01199
0.19946 0.33842
0.92796 0.21957
0.05586 0.12181
0.33348 0.88178
0.24563 0.94854
0.84349 0.51242
0.28358 0.05981
0.75260 0.32818
0.37044 0.38426
0.07807 0.81252
0.93722 0.20116
0.49811 0.14733
0.37338 0.24683
0.52983 0.28587
0.06475 0.22732
0.38477 0.89958
0.64077 0.01273
0.10863 0.77507
0.56301 0.86613
0.17207 0.11279
0.92906 0.09072
0.15351 0.67970
0.22613 0.84177
0.11564 0.40757
0.01424 0.04422
0.58292 0.18037
0.06402 0.70356
0.03397 0.87120
0.05234 0.89135
0.70269 0.72597
0.03559 0.39702
0.91115 0.26445
0.06792 0.68039
0.92148 0.56232
0.13338 0.72075
0.43277 0.75814
0.24538 0.27345
0.95928 0.48912
0.28751 0.64164
0.06981 0.21882
0.11412 0.84938
0.82487 0.18748
0.28238 0.43382
0.87054 0.27973
0.45449 0.99119
0.82666 0.92450
0.46581 0.18241
0.12249 0.36737
0.75816 0.23948
0.80368 0.53890
0.74976 0.57428
0.36499 0.58478
0.43654 0.22213
0.76132 0.26335
0.27052 0.21083
0.35408 0.72282
0.70585 0.27302
0.26524 0.21280
0.02011 0.33421
0.18971 0.38921
0.95769 0.63072
0.60607 0.93823
0.94060 0.21284
0.18085 0.78692
0.07014 0.05937
0.20595 0.21880
0.92574 0.11304
0.17330 0.57392
0.03986 0.91490
0.54867 0.85698
0.42570 0.76360
0.25990 0.92202
0.74231 0.50662
0.82808 0.05343
0.13277 0.95067
0.30915 0.61939
0.70571 0.70724
0.37842 0.71253
0.08146 0.43837
0.41594 0.92673
0.22904 0.84259
0.87542 0.14749
0.34477 0.37890
0.96354 0.13890
0.17270 0.15529
0.46773 0.44166
0.47666 0.36725
0.45383 0.10335
0.40071 0.57276
0.92170 0.63566
0.46410 0.57986
0.41297 0.63149
0.45034 0.84067
0.03265 0.18203
0.09373 0.64515
0.97348 0.20318
0.49768 0.62875
0.10352 0.35046
0.44965 0.68377
0.61225 0.33215
0.55290 0.57002
0.27235 0.85138
0.54746 0.64853
0.67746 0.05062
0.58288 0.79281
0.38768 0.64020
0.60832 0.18265
0.77275 0.39780
0.48167 0.00002
0.00130 0.41062
0.10820 0.26739
0.11610 0.53836
0.35560 0.68865
0.43525 0.36488
0.51577 0.66887
0.27621 0.47420
0.76977 0.21188
0.29792 0.88616
0.33434 0.21385
0.95074 0.46662
0.12582 0.39670
0.20460 0.35055
0.60163 0.01410
0.92876 0.83724
0.36036 0.16274
0.12219 0.56272
0.25693 0.20669
0.06205 0.12040
0.99606 0.66845
0.70839 0.99974
0.54580 0.43078
0.47750 0.75623
0.32928 0.45215
0.71647 0.21131
0.16557 0.05754
0.34746 0.04283
0.55531 0.73359
0.64034 0.12747
0.86339 0.19290
0.54875 0.55159
0.08706 0.91657
0.58359 0.34293
0.42101 0.46845
0.35165 0.66299
0.13666 0.76527
0.92364 0.60979
0.82584 0.11910
0.96093 0.52874
0.77146 0.69643
0.35319 0.08349
0.30107 0.02877
0.07570 0.06025
0.71212 0.93622
0.21072 0.89028
0.56084 0.11374
0.13093 0.27982
0.80484 0.91996
0.53030 0.05648
0.54542 0.65604
0.05953 0.26761
0.39948 0.42435
0.18124 0.66503
0.14113 0.66197
0.75396 0.57537
0.33665 0.84598
0.46966 0.74447
0.68069 0.38994
0.53710 0.25457
0.40368 0.88575
0.87069 0.16467
0.21555 0.77059
0.43115 0.76506
0.95719 0.62077
0.62564 0.28204
0.27653 0.33945
0.70326 0.87808
0.26159 0.42695
0.77185 0.59666
0.21730 0.70643
0.02225 0.16192
0.06271 0.66193
0.68621 0.82526
0.43097 0.32713
0.29095 0.82737
0.57827 0.18213
0.43542 0.95569
0.75382 0.20957
0.20409 0.97975
0.62029 0.22703
0.86491 0.34443
0.17132 0.29385
0.69171 0.45068
0.81768 0.85370
0.63516 0.30995
0.48713 0.27996
0.80499 0.32150
0.00347 0.72151
0.28406 0.97164
0.54039 0.06383
0.85441 0.79787
0.82060 0.41606
0.39414 0.38596
0.10152 0.57422
0.67372 0.24899
0.38322 0.27932
0.20990 0.37494
0.20498 0.90467
0.10714 0.80376
0.59416 0.40929
0.19216 0.71348
0.74187 0.07857
0.17209 0.25254
0.78756 0.41765
0.75107 0.31687
0.84235 0.09175
0.19786 0.83602
0.06981 0.81341
0.18828 0.38944
0.55497 0.93627
0.27584 0.32831
0.67637 0.29342
0.71675 0.31708
0.39132 0.65136
0.09335 0.80840
0.71048 0.79602
0.66019 0.47793
0.98394 0.50312
0.48487 0.57158
0.42362 0.45026
0.83913 0.85683
0.80696 0.01670
0.02353 0.44742
0.87863 0.04226
0.02939 0.49691
0.25344 0.02577
0.42397 0.45135
0.34486 0.67316
0.22030 0.14809
0.42835 0.14667
0.98301 0.90807
0.34943 0.14912
0.66818 0.10845
0.36431 0.37208
0.39548 0.64363
0.97262 0.33035
0.40125 0.39292
0.05470 0.56980
0.19638 0.61483
0.08344 0.57768
0.35728 0.56841
0.68526 0.80643
0.98120 0.85771
0.13671 0.64183
0.96399 0.43593
0.83406 0.15985
0.44747 0.78768
0.43084 0.46191
0.46112 0.31883
0.72931 0.10444
0.23553 0.29654
0.80882 0.00472
0.72770 0.12742
0.86513 0.11232
0.24219 0.93500
0.88758 0.88742
0.06593 0.74818
0.88272 0.85156
0.55193 0.71922
0.49323 0.71251
0.84284 0.26380
0.88681 0.74720
0.61885 0.84581
0.33108 0.19247
0.79634 0.42634
0.03906 0.79143
0.27498 0.19405
0.96828 0.42177
0.03207 0.46256
0.45365 0.18781
0.85753 0.13223
0.83730 0.02105
0.25134 0.89457
0.28692 0.03099
0.98549 0.64609
0.22887 0.12819
0.09073 0.05278
0.30922 0.55216
0.00905 0.92601
0.86666 0.66269
0.04930 0.55158
0.56695 0.32474
0.61032 0.90034
0.18308 0.75339
0.16144 0.76918
0.19700 0.40941
0.04467 0.48812
0.33370 0.28633
0.12538 0.94265
0.95684 0.09360
0.92946 0.19128
0.15005 0.51498
0.30494 0.10817
0.92692 0.07976
0.05534 0.36245
0.83961 0.09999
0.37016 0.36800
0.46589 0.42617
0.47769 0.27242
0.18976 0.64410
0.80607 0.84155
0.26163 0.43786
0.17571 0.58926
0.70012 0.60113
0.44881 0.79857
0.16466 0.57680
0.21032 0.00027
0.04967 0.99800
0.27898 0.02380
0.33908 0.88314
0.59908 0.29071
0.63055 0.50335
0.92790 0.46168
0.23866 0.76285
0.21221 0.69378
0.32579 0.87317
0.93582 0.51906
0.69982 0.29462
0.22452 0.98101
0.96023 0.00014
0.31363 0.98748
0.74517 0.40341
0.59115 0.21462
0.33101 0.05835
0.98886 0.76077
0.10201 0.10613
0.24673 0.80943
0.30481 0.46552
0.57015 0.64699
0.47215 0.12307
0.01679 0.89987
0.27233 0.21054
0.55995 0.79228
0.73361 0.43102
0.36160 0.08805
0.33203 0.57846
0.54333 0.93472
0.59672 0.70161
0.68354 0.58197
0.68885 0.68870
0.50088 0.09427
0.35171 0.09587
0.35228 0.39925
0.20128 0.93328
0.78065 0.75802
0.00660 0.69475
0.20506 0.09341
0.81101 0.67394
0.86524 0.24713
0.76586 0.67589
0.70053 0.94666
0.22460 0.72945
0.80820 0.24585
0.03214 0.25052
0.82329 0.91045
0.42497 0.52631
0.28168 0.40834
0.79558 0.56748
0.24333 0.75187
0.88895 0.65244
0.55015 0.41661
0.15220 0.09270
0.81407 0.70884
0.14778 0.94626
0.17506 0.66060
0.90751 0.26635
0.22339 0.60099
0.40021 0.64719
0.82156 0.01271
0.14657 0.08679
0.93468 0.40035
0.16020 0.78481
0.14916 0.91594
0.34278 0.62914
0.79155 0.11829
0.59543 0.28819
0.68227 0.07945
0.84546 0.89018
0.46579 0.78630
0.16620 0.16815
0.50729 0.97440
0.70451 0.09779
0.96758 0.25028
0.91513 0.35838
0.67023 0.76106
0.62928 0.94946
0.84265 0.92245
0.39381 0.81079
0.18670 0.17305
0.92396 0.72250
0.84070 0.14502
0.97015 0.17762
0.13628 0.93311
0.49579 0.83478
0.83867 0.17490
0.64964 0.35195
0.50559 0.96847
0.12099 0.33390
0.04948 0.20785
0.41582 0.09073
0.05410 0.30325
0.23484 0.32304
0.88800 0.62637
0.47330 0.54289
0.93274 0.94990
0.21310 0.82547
0.16352 0.53435
0.32679 0.61988
0.39115 0.71475
0.88424 0.48796
0.51596 0.93179
0.07298 0.68609
0.28657 0.99036
0.36277 0.88233
0.72001 0.20015
0.72362 0.27294
0.89493 0.93672
0.91695 0.54925
0.25219 0.34371
0.75566 0.45681
0.52704 0.64819
0.05248 0.16422
0.72265 0.77527
0.28034 0.37322
0.85318 0.55371
0.84922 0.00053
0.72657 0.03311
0.27672 0.21614
0.41674 0.41743
0.36265 0.87891
0.12107 0.05082
0.53501 0.69414
0.57428 0.31924
0.44865 0.04205
0.40633 0.81339
0.85269 0.65103
0.18106 0.89331
0.66629 0.30337
0.91345 0.49754
0.44213 0.71700
0.69076 0.14237
0.59447 0.20048
0.30065 0.25441
0.85787 0.77786
0.69760 0.95029
0.81331 0.65583
0.86528 0.12304
0.73190 0.99465
0.01733 0.70993
0.63753 0.94558
0.93326 0.53635
0.07977 0.71795
0.40114 0.04351
0.19253 0.57615
0.25085 0.97058
0.06177 0.45852
0.14507 0.58170
0.66714 0.25887
0.25393 0.44525
0.33412 0.51311
0.74703 0.45766
0.52596 0.75585
0.23601 0.47028
0.74216 0.94981
0.77448 0.87971
0.69327 0.08970
0.91293 0.03394
0.27951 0.41366
0.86443 0.94403
0.47055 0.40591
0.17005 0.73756
0.97045 0.63944
0.12914 0.20950
0.67915 0.29364
0.80632 0.50654
0.84317 0.69122
0.07840 0.99285
0.73199 0.62539
0.07117 0.77658
0.36088 0.58867
0.96244 0.87149
0.85059 0.26317
0.79266 0.51241
0.97789 0.49599
0.98062 0.22697
0.82763 0.63729
0.13236 0.51537
0.18848 0.03948
0.75107 0.24626
0.38789 0.81798
0.64363 0.79272
0.37404 0.02783
0.83037 0.37000
0.63518 0.38397
0.50875 0.51349
0.24909 0.05809
0.94805 0.29325
0.36214 0.76965
0.23460 0.82011
0.86235 0.63746
0.43244 0.93607
0.56740 0.10169
0.72565 0.92628
0.79845 0.61207
0.93879 0.11566
0.42317 0.47725
0.32335 0.04570
0.60807 0.32719
0.50486 0.46806
0.80492 0.65238
0.44354 0.24691
0.11658 0.96997
0.35480 0.92979
0.35895 0.24465
0.77921 0.35573
0.43900 0.92500
0.70785 0.31066
0.36572 0.71296
0.50155 0.18203
0.58676 0.64722
0.44551 0.54523
0.02469 0.41196
0.64054 0.81690
0.28809 0.26926
0.51254 0.08821
0.70085 0.41042
0.34271 0.70259
0.17032 0.02678
0.10829 0.96432
0.83768 0.68680
0.79453 0.27077
0.21665 0.92382
0.27717 0.12881
0.27241 0.38204
0.05195 0.27357
0.68179 0.14134
0.10591 0.51272
0.66024 0.95712
0.82761 0.92011
0.08920 0.41532
0.71224 0.60037
0.32138 0.13388
0.95166 0.78297
0.80828 0.23098
0.57959 0.64955
0.84915 0.17301
0.71015 0.50659
0.61830 0.20332
0.16634 0.96330
0.70318 0.65727
0.05251 0.11700
0.41917 0.31269
0.15203 0.98195
0.47152 0.49749
0.88943 0.59041
0.07245 0.42729
0.19899 0.27939
0.34867 0.65756
0.70371 0.88528
0.83925 0.17023
0.23811 0.15129
0.85646 0.11001
0.74284 0.61886
0.48196 0.09942
0.34411 0.84696
0.51245 0.21596
0.27848 0.54837
0.76809 0.27684
0.41468 0.65566
0.61762 0.83985
0.35066 0.77746
0.22625 0.95855
0.59023 0.22143
0.16877 0.94239
0.59152 0.93802
0.81508 0.83342
0.01715 0.39805
0.86753 0.92750
0.02164 0.70227
0.45774 0.67810
0.07176 0.40271
0.13452 0.55231
0.17440 0.65355
0.62858 0.46337
0.39688 0.26463
0.03340 0.71878
0.61337 0.67553
0.34420 0.08438
0.16877 0.29696
0.39549 0.94329
0.19842 0.77385
0.15191 0.02045
0.10332 0.17054
0.56169 0.95277
0.44814 0.66101
0.13949 0.98820
0.25012 0.26852
0.88120 0.86239
0.75665 0.60178
0.93602 0.61868
0.08570 0.54776
0.54687 0.07548
0.27541 0.21428
0.13624 0.92218
0.00028 0.46498
0.67490 0.66412
0.87846 0.98294
0.37206 0.56818
0.32155 0.05944
0.29660 0.94148
0.38349 0.88261
0.12924 0.76941
0.44376 0.64598
0.23466 0.36575
0.98754 0.37876
0.32664 0.09597
0.44821 0.16974
0.24505 0.60288
0.04878 0.47401
0.47096 0.41920
0.71250 0.43474
0.48216 0.12413
0.85503 0.12053
0.29043 0.09885
0.56815 0.92745
0.98032 0.68035
0.37852 0.04306
0.90558 0.69247
0.38389 0.94718
0.51641 0.16581
0.48092 0.94607
0.34055 0.85395
0.43067 0.04918
0.53092 0.70465
0.29515 0.81346
0.08358 0.80740
0.94880 0.18934
0.46795 0.11815
0.40414 0.96259
0.93571 0.68574
0.67321 0.81926
0.33916 0.64370
0.49161 0.28582
0.71384 0.54595
0.73390 0.23369
0.97376 0.86693
0.57656 0.24142
0.50314 0.13068
0.30533 0.21973
0.07558 0.37781
0.55595 0.75890
0.07648 0.68709
0.50715 0.08384
0.07052 0.98297
0.97567 0.90616
0.03568 0.06533
0.21507 0.32517
0.12765 0.57532
0.25556 0.21890
0.99346 0.45768
0.54897 0.35848
0.27146 0.11546
0.26582 0.15677
0.41305 0.31146
0.61535 0.01443
0.16299 0.88633
0.40672 0.94470
0.71750 0.94231
0.10506 0.01977
0.63613 0.85099
0.93696 0.51274
0.33140 0.57929
0.61645 0.16009
0.72985 0.04275
0.35154 0.43592
0.91689 0.30257
0.42183 0.43405
0.66538 0.29071
0.08464 0.92971
0.16772 0.00066
0.33183 0.72240
0.05812 0.81233
0.69776 0.87677
0.59713 0.28954
0.30444 0.27584
0.82519 0.71571
0.91282 0.99589
0.81653 0.82079
0.16530 0.70024
0.12381 0.71134
0.56253 0.21822
0.64255 0.97217
0.86964 0.94133
0.10484 0.37718
0.09782 0.88857
0.21078 0.50896
0.93591 0.53970
0.09285 0.24126
0.93753 0.33498
0.05867 0.36996
0.19581 0.67835
0.96150 0.84340
0.86519 0.35881
0.84959 0.40039
0.89421 0.56116
0.00578 0.37515
0.49699 0.94875
0.61466 0.69515
0.24232 0.21040
0.27700 0.30988
0.48179 0.83221
0.81630 0.04856
0.49521 0.20002
0.07515 0.41845
0.48454 0.66425
0.77860 0.52377
0.12247 0.69275
0.63192 0.59742
0.44642 0.74089
0.73795 0.78324
0.13583 0.32008
0.58907 0.50468
0.69960 0.00924
0.07026 0.76374
0.42750 0.77419
0.99737 0.81994
0.92566 0.33864
0.24333 0.19213
0.12808 0.00395
0.99998 0.51204
0.68395 0.00211
0.69086 0.89622
0.77968 0.11892
0.58921 0.28526
0.88427 0.11631
0.23438 0.02767
0.47944 0.17901
0.36192 0.15658
0.71336 0.06365
0.89758 0.67890
0.58987 0.91020
0.40638 0.45412
0.98647 0.28880
0.24378 0.89084
0.65465 0.28529
0.93848 0.70874
0.64953 0.67847
0.11867 0.39418
0.60887 0.51553
0.20666 0.26058
0.44633 0.13714
0.42546 0.01040
0.01834 0.92058
0.62744 0.24656
0.34721 0.10613
0.10873 0.46237
0.82580 0.28912
0.29179 0.25919
0.30175 0.16291
0.35529 0.29891
0.77264 0.77718
0.49493 0.05061
0.93463 0.32606
0.83707 0.14881
0.73771 0.85053
0.93892 0.29852
0.56753 0.38053
0.49946 0.17652
0.06575 0.36019
0.83685 0.37243
0.56610 0.85344
0.09802 0.30931
0.74149 0.14184
0.51335 0.60881
0.76571 0.99400
0.05121 0.32472
0.10626 0.65266
0.12656 0.04616
0.13275 0.00854
0.29551 0.35083
0.91795 0.36381
0.02797 0.82346
0.46664 0.36559
0.79843 0.26454
0.39192 0.63729
0.86279 0.13276
0.11318 0.87952
0.87784 0.04961
0.85758 0.33532
0.06492 0.55219
0.37666 0.90431
0.04060 0.95302
0.34546 0.71235
0.64164 0.22572
0.42930 0.96204
0.34398 0.26304
0.30613 0.15818
0.25727 0.06240
0.57107 0.14469
0.67241 0.77273
0.30322 0.03909
0.40413 0.25038
0.39756 0.45621
0.31494 0.80457
0.42879 0.01630
0.11625 0.43360
0.50187 0.53771
0.32152 0.39512
0.78523 0.46514
0.11467 0.93264
0.24923 0.03883
0.74315 0.99469
0.02044 0.49920
0.81147 0.26894
0.92750 0.96680
0.08986 0.03181
0.94192 0.96774
0.88153 0.33609
0.04939 0.29360
0.45557 0.48676
0.30737 0.00107
0.95718 0.88196
0.78687 0.22988
0.89931 0.70166
0.94222 0.44376
0.88105 0.04370
0.94953 0.97020
0.35558 0.53882
0.53111 0.99810
0.25366 0.24979
0.26374 0.11108
0.63227 0.13848
0.44128 0.13501
0.52023 0.65311
0.17348 0.80262
0.90215 0.48393
0.02441 0.76034
0.93617 0.60384
0.62502 0.41654
0.94884 0.42575
0.92460 0.04026
0.19277 0.07623
0.34465 0.69755
0.18251 0.65599
0.10792 0.65777
0.88949 0.35940
0.63001 0.48712
0.65503 0.47874
0.74572 0.01476
0.48614 0.26189
0.03959 0.39920
0.57400 0.86013
0.94049 0.18100
0.49643 0.24043
0.21039 0.25867
0.38276 0.46136
0.45712 0.63714
0.55472 0.77653
0.34874 0.54779
0.25975 0.52284
0.81156 0.60288
0.97287 0.81505
0.16417 0.13811
0.55535 0.29547
0.98907 0.42133
0.93975 0.00406
0.15423 0.67264
0.51889 0.01185
0.69997 0.85686
0.70870 0.37472
0.28597 0.44681
0.77160 0.27431
0.10228 0.90257
0.01008 0.35366
0.54302 0.43778
0.88141 0.98603
0.49170 0.76427
0.47651 0.09348
0.16581 0.85519
0.17346 0.08920
0.79593 0.95615
0.60491 0.42943
0.50699 0.75941
0.10362 0.00755
0.55484 0.73606
0.72155 0.74354
0.28130 0.40867
0.87615 0.33305
0.94773 0.71602
0.16707 0.19994
0.66889 0.32743
0.10599 0.40826
0.80287 0.00605
0.26811 0.13649
0.14507 0.71482
0.12547 0.28510
0.95858 0.36530
0.06143 0.11136
0.68928 0.75755
0.88660 0.98501
0.72389 0.76816
0.20748 0.22246
0.66908 0.81748
0.54517 0.70314
0.65034 0.56078
0.63577 0.36015
0.22797 0.18431
0.50981 0.19175
0.26283 0.47305
0.79103 0.35251
0.43009 0.99293
0.24886 0.60938
0.10246 0.29300
0.11931 0.54070
0.79489 0.75021
0.95178 0.45431
0.80337 0.99843
0.03523 0.84452
0.35746 0.74808
0.61595 0.11035
0.94870 0.46549
0.99230 0.62397
0.06085 0.90648
0.01693 0.16980
0.34424 0.37466
0.83589 0.63295
0.54915 0.80298
0.35756 0.91805
0.51296 0.91467
0.90117 0.75685
0.01439 0.21224
0.42107 0.37862
0.87695 0.06008
0.19496 0.49631
0.34008 0.68687
0.68771 0.45515
0.88941 0.98807
0.50769 0.76575
0.70020 0.34672
0.67129 0.08898
0.19274 0.31628
0.59931 0.52737
0.34148 0.15007
0.46918 0.27432
0.39707 0.44181
0.37805 0.40069
0.07904 0.59349
0.72380 0.43957
0.33632 0.23372
0.36284 0.53099
0.89536 0.43342
0.46571 0.32901
0.10216 0.20670
0.24474 0.46816
0.49045 0.08752
0.39868 0.46767
0.90291 0.54116
0.15584 0.50710
0.23869 0.98301
0.48079 0.22486
0.87426 0.88784
0.11111 0.32499
0.66844 0.17915
0.69970 0.18922
0.15512 0.73832
0.13274 0.05134
0.00125 0.00903
0.04216 0.28699
0.54607 0.06698
0.73801 0.59103
0.01712 0.73755
0.90028 0.46217
0.64219 0.08780
0.62890 0.02373
0.39587 0.96339
0.95903 0.76750
0.36595 0.69682
0.58714 0.78183
0.89392 0.25993
0.42972 0.01885
0.15479 0.12146
0.76917 0.15854
0.17751 0.36521
0.90227 0.74197
0.87031 0.25612
0.70056 0.20929
0.56070 0.11511
0.52271 0.55938
0.51675 0.26645
0.95210 0.22380
0.69718 0.42493
0.25099 0.44290
0.64618 0.80863
0.51413 0.94589
0.49860 0.27991
0.55909 0.15592
0.26815 0.85606
0.95099 0.79428
0.19975 0.31226
0.23288 0.91922
0.83590 0.76921
0.18717 0.00439
0.97464 0.53701
0.41459 0.34106
0.71103 0.65034
0.19786 0.63574
0.57211 0.08541
0.55247 0.49562
0.48797 0.52712
0.09873 0.20979
0.85854 0.36903
0.97266 0.76857
0.80372 0.69728
0.66325 0.20278
0.22606 0.30385
0.21870 0.47193
0.64525 0.85580
0.38356 0.89263
0.40001 0.03097
0.23443 0.42290
0.25302 0.47550
0.35370 0.45243
0.13875 0.72521
0.94499 0.86971
0.35757 0.30174
0.91452 0.57496
0.31412 0.57399
0.64202 0.14164
0.08967 0.97718
0.91985 0.91882
0.10262 0.41255
0.09902 0.03901
0.44077 0.82068
0.99469 0.92821
0.07055 0.08248
0.97260 0.68134
0.72466 0.57979
0.65995 0.25541
0.51747 0.56613
0.33180 0.65368
0.35052 0.46588
0.78011 0.86606
0.53680 0.53980
0.22763 0.59991
0.55981 0.29363
0.65400 0.08345
0.78387 0.18412
0.19429 0.33676
0.94225 0.26615
0.92499 0.37150
0.52264 0.45123
0.81729 0.58140
0.68016 0.99864
0.71333 0.27215
0.10276 0.97200
0.45930 0.44948
0.11656 0.89782
0.75640 0.20198
0.50061 0.60133
0.27642 0.35065
0.68916 0.41094
0.70412 0.21289
0.07118 0.31239
0.00167 0.11086
0.02711 0.28698
0.36013 0.01121
0.47100 0.47414
0.63392 0.91520
0.15206 0.20952
0.56440 0.79331
0.50162 0.59232
0.02825 0.37497
0.58234 0.80433
0.82925 0.10044
0.64802 0.17132
0.68818 0.55482
0.73825 0.42613
0.57253 0.46761
0.73169 0.47700
0.70270 0.99577
0.09247 0.34429
0.18870 0.31057
0.47154 0.12305
0.75949 0.01157
0.05779 0.84924
0.10567 0.11793
0.10584 0.18677
0.30877 0.53324
0.51220 0.47369
0.62581 0.13193
0.05549 0.19065
0.70500 0.00157
0.53741 0.48215
0.88848 0.55881
0.09556 0.74802
0.07919 0.70931
0.45053 0.31431
0.68311 0.96035
0.42081 0.53791
0.99427 0.71776
0.63933 0.73495
0.33550 0.07009
0.36908 0.50765
0.31614 0.17447
0.90209 0.08479
0.74033 0.41561
0.06034 0.05033
0.61023 0.30471
0.98787 0.24777
0.90138 0.55366
0.60230 0.11797
0.08306 0.24654
0.07004 0.95241
0.45329 0.59951
0.94622 0.63121
0.67483 0.98329
0.12139 0.43475
0.75672 0.89424
0.07270 0.96351
0.32342 0.20165
0.21703 0.26785
0.91687 0.00694
0.18972 0.69791
0.61159 0.01738
0.27734 0.45896
0.72005 0.80996
0.58588 0.84162
0.60054 0.13411
0.15196 0.53444
0.06499 0.93533
0.29882 0.41295
0.87372 0.57337
0.60734 0.77011
0.27604 0.40805
0.24827 0.59045
0.14322 0.68979
0.22750 0.91604
0.90872 0.65003
0.42401 0.58594
0.50925 0.83265
0.93811 0.17874
0.48796 0.93320
0.67549 0.47331
0.94618 0.77852
0.50964 0.09283
0.29886 0.87759
0.22902 0.96795
0.72906 0.83713
0.75865 0.99970
0.99437 0.10838
0.59071 0.93415
0.64006 0.90193
0.64134 0.74978
0.92699 0.45266
0.25368 0.71154
0.62985 0.73054
0.21815 0.98177
0.46640 0.28045
0.73661 0.87968
0.94107 0.42236
0.53021 0.76369
0.30540 0.67728
0.17345 0.50632
0.92279 0.25093
0.80371 0.06795
0.39618 0.13111
0.69528 0.32816
0.38273 0.96969
0.73945 0.46281
0.35716 0.39660
0.80329 0.51094
0.13858 0.80320
0.19493 0.65261
0.46329 0.75533
0.27338 0.74202
0.27456 0.33996
0.93457 0.33915
0.24561 0.54921
0.15375 0.72545
0.76610 0.25672
0.97274 0.16662
0.01444 0.93146
0.05236 0.50235
0.09338 0.20428
0.49731 0.70826
0.52351 0.46874
0.39168 0.22559
0.46940 0.34258
0.31693 0.88524
0.03972 0.13863
0.30754 0.75756
0.68521 0.95805
0.27780 0.97997
0.99060 0.68114
0.10313 0.63110
0.76121 0.73625
0.89180 0.31328
0.25547 0.93136
0.11665 0.25346
0.19945 0.25277
0.55557 0.56370
0.86117 0.04280
0.88557 0.28925
0.52384 0.80214
0.56985 0.47324
0.06686 0.97855
0.63429 0.57486
0.64821 0.41477
0.34993 0.38940
0.26982 0.69294
0.34671 0.77656
0.44634 0.05324
0.69649 0.07148
0.20337 0.18383
0.87404 0.86512
0.47351 0.56392
0.89332 0.36527
0.86431 0.01211
0.97209 0.44233
0.93060 0.34083
0.82885 0.04482
0.70985 0.57775
0.96598 0.68213
0.87303 0.99550
0.66831 0.54671
0.43765 0.34852
0.37326 0.78279
0.57600 0.68835
0.12248 0.46083
0.71392 0.00837
0.26226 0.18845
0.13929 0.01375
0.78628 0.03279
0.41118 0.11451
0.17407 0.84142
0.75084 0.24514
0.52746 0.86717
0.80419 0.83101
0.43668 0.48769
0.27814 0.18973
0.06714 0.23502
0.64501 0.14701
0.06438 0.90374
0.61534 0.26304
0.64505 0.74301
0.44362 0.86227
0.27196 0.40169
0.76061 0.02061
0.74144 0.35736
0.71579 0.64190
0.39041 0.98617
0.61795 0.15814
0.49696 0.26738
0.40820 0.03466
0.20762 0.50267
0.50042 0.51681
0.64617 0.60346
0.47472 0.02816
0.76140 0.11620
0.46282 0.80146
0.34430 0.99519
0.61325 0.72549
0.96392 0.52268
0.14619 0.72426
0.73475 0.92719
0.66124 0.77630
0.00218 0.00109
0.29160 0.30448
0.86259 0.47402
0.36827 0.40857
0.90429 0.03626
0.09586 0.03737
0.38527 0.57135
0.17906 0.39260
0.06877 0.04184
0.60429 0.15899
0.56399 0.28056
0.50047 0.36820
0.24756 0.48484
0.72045 0.63165
0.07200 0.19445
0.41095 0.60412
0.00753 0.87647
0.77192 0.09053
0.34198 0.49846
0.93408 0.49367
0.53740 0.17520
0.10471 0.51789
0.54505 0.00598
0.30857 0.36506
0.27771 0.71488
0.15956 0.32866
0.02503 0.29014
0.76582 0.54326
0.03582 0.16938
0.56176 0.28664
0.70257 0.74433
0.49665 0.32691
0.06874 0.84455
0.65737 0.08214
0.47865 0.33704
0.98925 0.02186
0.64268 0.66899
0.86164 0.88456
0.76048 0.88764
0.59060 0.06453
0.31704 0.52844
0.40271 0.26410
0.36177 0.68046
0.83861 0.39682
0.10407 0.48067
0.81888 0.03297
0.07042 0.45785
0.90082 0.73345
0.74312 0.34784
0.05017 0.71016
0.85636 0.51427
0.14053 0.77649
0.46884 0.89348
0.08618 0.14092
0.55906 0.55145
0.01132 0.25118
0.56955 0.62521
0.07671 0.93219
0.09625 0.05526
0.90041 0.63764
0.58707 0.75041
0.63971 0.06902
0.75259 0.62634
0.55267 0.22343
0.69676 0.04569
0.91884 0.95482
0.45608 0.02157
0.59179 0.90473
0.42650 0.37429
0.94445 0.00890
0.33431 0.70588
0.43012 0.86704
0.51086 0.43945
0.91316 0.55518
0.68757 0.36116
0.18288 0.68762
0.40160 0.54574
0.85830 0.16120
0.11691 0.67889
0.01794 0.35993
0.21980 0.48033
0.76749 0.35512
0.09087 0.59460
0.63326 0.70578
0.38732 0.55447
0.42320 0.40378
0.55278 0.36738
0.56440 0.54336
0.67011 0.24351
0.40702 0.34529
0.27771 0.61270
0.13183 0.99642
0.27085 0.57721
0.10786 0.69400
0.85860 0.14410
0.94213 0.02049
0.17452 0.48686
0.16706 0.46554
0.40407 0.90120
0.15770 0.90441
0.87332 0.92692
0.53023 0.28396
0.70350 0.57215
0.71519 0.47487
0.77442 0.85943
0.51121 0.25583
0.09372 0.01612
0.45415 0.51308
0.92356 0.78210
0.67363 0.30750
0.13007 0.34329
0.60162 0.88029
0.77613 0.62904
0.14071 0.25572
0.15888 0.41965
0.33748 0.24002
0.38939 0.46765
0.77295 0.43614
0.50127 0.62732
0.65582 0.58533
0.07642 0.65981
0.97639 0.46920
0.09684 0.10670
0.83282 0.69821
0.15440 0.00410
0.23730 0.97106
0.10875 0.66208
0.95994 0.97525
0.74800 0.87137
0.98556 0.13642
0.86271 0.55129
0.84048 0.30740
0.30285 0.02784
0.98780 0.60592
0.32013 0.34799
0.16194 0.21669
0.19525 0.99780
0.80907 0.48295
0.25519 0.18673
0.69642 0.36174
0.96354 0.01763
0.75471 0.85476
0.71922 0.70968
0.99199 0.28262
0.03526 0.09745
0.61416 0.71914
0.47321 0.21879
0.31759 0.47532
0.28213 0.18197
0.14133 0.64772
0.69318 0.45787
0.55399 0.75751
0.35895 0.52095
0.07142 0.85862
0.37778 0.19154
0.92303 0.54682
0.71200 0.47448
0.04468 0.60358
0.30984 0.84164
0.59186 0.31918
0.50944 0.99688
0.49606 0.85525
0.49990 0.81990
0.98607 0.91870
0.47666 0.68081
0.51162 0.05835
0.26016 0.09208
0.34377 0.99235
0.73713 0.84346
0.68763 0.38339
0.23009 0.85421
0.86823 0.98393
0.62064 0.97438
0.26320 0.46234
0.29354 0.16254
0.40604 0.95948
0.77200 0.10301
0.75498 0.31634
0.58160 0.94890
0.47225 0.30145
0.23974 0.91482
0.38191 0.06001
0.16703 0.97290
0.23595 0.79676
0.84677 0.96259
0.46487 0.47764
0.91240 0.62505
0.25795 0.34778
0.19563 0.48789
0.02737 0.89275
0.41438 0.85825
0.39468 0.44976
0.03986 0.02646
0.73504 0.88648
0.97335 0.92136
0.95252 0.18959
0.62074 0.61954
0.96512 0.30923
0.37525 0.08228
0.28641 0.95556
0.16200 0.87045
0.88561 0.93960
0.83283 0.85450
0.82466 0.40958
0.56336 0.68150
0.48049 0.63663
0.44943 0.33359
0.39300 0.37648
0.63040 0.31726
0.59370 0.13264
0.76944 0.72652
0.12977 0.53789
0.35793 0.69122
0.99287 0.63797
0.49349 0.31472
0.49387 0.42152
0.12623 0.29972
0.69344 0.73357
0.39173 0.79294
0.82313 0.27324
0.35908 0.25413
0.38425 0.75995
0.95723 0.89792
0.35482 0.48357
0.77581 0.63909
0.11048 0.15764
0.74471 0.70036
0.56463 0.41995
0.43427 0.89508
0.55292 0.84630
0.98728 0.83115
0.29001 0.27948
0.23186 0.76746
0.62419 0.17345
0.69931 0.64421
0.69459 0.86741
0.23584 0.28638
0.69202 0.91647
0.77576 0.00905
0.72711 0.98474
0.93889 0.96375
0.47347 0.07252
0.43818 0.77586
0.30388 0.92757
0.82704 0.35954
0.66096 0.82698
0.72505 0.40130
0.38493 0.45912
0.83422 0.99606
0.68186 0.77045
0.82488 0.73529
0.96743 0.83404
0.73403 0.52140
0.03633 0.59450
0.73551 0.99963
0.03860 0.37194
0.99351 0.07030
0.45464 0.14426
0.64551 0.07012
0.17201 0.44420
0.26449 0.92350
0.78381 0.54317
0.80299 0.28316
0.17536 0.37281
0.15446 0.36725
0.49364 0.81874
0.97964 0.79760
0.48298 0.35623
0.25827 0.69999
0.47922 0.12418
0.97051 0.76257
0.75535 0.17905
0.92547 0.40542
0.96356 0.99639
0.48830 0.09538
0.18733 0.47690
0.10896 0.87044
0.68053 0.98053
0.80731 0.39070
0.22739 0.62610
0.42824 0.32213
0.30251 0.93211
0.11022 0.75491
0.68945 0.92027
0.62654 0.66429
0.18059 0.48654
0.00961 0.41424
0.29379 0.01900
0.98887 0.13358
0.12295 0.54702
0.93026 0.45635
0.67583 0.77073
0.81120 0.32612
0.57701 0.44122
0.44934 0.55143
0.04999 0.90699
0.96741 0.36773
0.97522 0.15302
0.98674 0.72667
0.87725 0.95393
0.77266 0.59333
0.68230 0.83407
0.12593 0.99632
0.32569 0.29082
0.21504 0.66952
0.79088 0.50302
0.13554 0.34207
0.66148 0.91384
0.66486 0.39327
0.50079 0.19737
0.68220 0.86749
0.88762 0.21755
0.48047 0.01811
0.52334 0.18407
0.42395 0.11151
0.71387 0.21158
0.43232 0.58394
0.84897 0.47159
0.45717 0.10576
0.12854 0.25995
0.93640 0.20796
0.88572 0.97109
0.47626 0.12322
0.72875 0.68446
0.48096 0.63148
0.97043 0.80763
0.65495 0.81186
0.99170 0.33893
0.48868 0.79417
0.82110 0.72625
0.08819 0.31668
0.67760 0.37766
0.73690 0.54698
0.99520 0.21225
0.20043 0.84113
0.41887 0.35486
0.35002 0.04956
0.06573 0.47712
0.37635 0.75572
0.17812 0.56011
0.74873 0.16877
0.78377 0.41732
0.16179 0.76485
0.06784 0.29773
0.07832 0.43789
0.67807 0.06831
0.20339 0.09185
0.33967 0.55870
0.36349 0.90128
0.47980 0.65243
0.90411 0.45719
0.39119 0.24271
0.35169 0.51583
0.33031 0.63704
0.30498 0.45921
0.76960 0.41337
0.04247 0.82998
0.90764 0.07696
0.13924 0.23702
0.47635 0.15325
0.84534 0.69161
0.43182 0.58660
0.65340 0.96903
0.40466 0.42449
0.17641 0.91530
0.71134 0.18034
0.86818 0.36693
0.30615 0.91614
0.58352 0.00175
0.92648 0.00600
0.52295 0.60842
0.07807 0.21342
0.63602 0.27015
0.25083 0.63747
0.98757 0.89487
0.98188 0.13564
0.42960 0.29476
0.23987 0.63610
0.46221 0.81567
0.83156 0.64078
0.10559 0.70464
0.29293 0.18086
0.80555 0.42121
0.35369 0.86862
0.98076 0.57832
0.44457 0.39915
0.03495 0.62624
0.40124 0.97105
0.16067 0.09758
0.72953 0.06818
0.32080 0.38441
0.23491 0.25104
0.87868 0.42763
0.83608 0.15745
0.83097 0.97384
0.70647 0.07518
0.81795 0.75329
0.23306 0.12244
0.69463 0.69259
0.98490 0.38477
0.75552 0.07176
0.60258 0.47273
0.72091 0.97218
0.70076 0.15525
0.94971 0.91902
0.91262 0.65234
0.83655 0.65672
0.68523 0.68886
0.05126 0.28656
0.51356 0.44266
0.32142 0.09235
0.88165 0.95710
0.30023 0.69330
0.62369 0.83819
0.53320 0.17809
0.60016 0.67251
0.98208 0.20712
0.01958 0.95949
0.79059 0.97872
0.28403 0.11905
0.78370 0.74961
0.02548 0.40647
0.82482 0.78371
0.62676 0.48150
0.56627 0.62600
0.59770 0.81464
0.84077 0.67650
0.58727 0.79526
0.15497 0.44072
0.48151 0.08477
0.00737 0.17301
0.79373 0.24977
0.58495 0.48635
0.82405 0.19940
0.43723 0.12776
0.19902 0.97396
0.02878 0.65719
0.73988 0.10863
0.45892 0.02317
0.26666 0.10843
0.09986 0.10979
0.07843 0.92563
0.23737 0.29159
0.82838 0.85844
0.27518 0.77468
0.74071 0.95388
0.28059 0.75440
0.89458 0.85318
0.37333 0.31460
0.68557 0.02836
0.77446 0.40493
0.45402 0.88484
0.85905 0.06997
0.76806 0.08176
0.19666 0.20812
0.09302 0.53926
0.17517 0.39388
0.94431 0.37988
0.54527 0.26766
0.58270 0.56029
0.28979 0.56188
0.50690 0.74887
0.09139 0.57861
0.53837 0.90647
0.72702 0.86405
0.62272 0.71262
0.34779 0.92504
0.20005 0.49524
0.34216 0.92718
0.80023 0.29322
0.68972 0.38287
0.11296 0.21158
0.34843 0.85811
0.13945 0.75060
0.38549 0.18768
0.77045 0.20304
0.88701 0.92105
0.88272 0.71082
0.00785 0.27631
0.54517 0.83221
0.81523 0.20338
0.14862 0.06925
0.65615 0.87329
0.13599 0.75711
0.02501 0.56818
0.28383 0.80965
0.89294 0.38153
0.88734 0.09083
0.46804 0.40899
0.12528 0.25943
0.73882 0.17464
0.95337 0.57247
0.07666 0.70936
0.16042 0.14232
0.89097 0.11827
0.13180 0.68733
0.12769 0.30398
0.96276 0.95013
0.02486 0.47459
0.42803 0.16870
0.46749 0.05287
0.24529 0.44780
0.56034 0.22584
0.50609 0.39921
0.58697 0.30252
0.69655 0.30218
0.03824 0.31868
0.35136 0.02475
0.32162 0.60962
0.60664 0.42629
0.79652 0.96133
0.33293 0.89702
0.57180 0.96505
0.66868 0.39030
0.05960 0.05242
0.67670 0.00712
0.46505 0.41917
0.21058 0.13969
0.75220 0.74311
0.32587 0.18171
0.72748 0.20104
0.65013 0.49100
0.71939 0.67519
0.03055 0.52110
0.88522 0.10818
0.79645 0.23019
0.93034 0.77932
0.75009 0.47717
0.92655 0.37431
0.58603 0.42178
0.47014 0.77787
0.30552 0.72960
0.20593 0.32222
0.21913 0.90402
0.96542 0.71204
0.99153 0.77884
0.59748 0.16374
0.90533 0.44748
0.99131 0.16071
0.27320 0.12482
0.82491 0.73151
0.80253 0.26158
0.62839 0.92641
0.52729 0.71266
0.53527 0.79978
0.60173 0.84154
0.07872 0.14520
0.24998 0.23908
0.48830 0.96962
0.42648 0.35404
0.33071 0.00359
0.39947 0.23521
0.00221 0.19769
0.49515 0.13219
0.31312 0.45789
0.00721 0.79655
0.40795 0.96905
0.82057 0.13500
0.51141 0.24385
0.70899 0.79845
0.36887 0.33738
0.93832 0.27021
0.06166 0.97790
0.53249 0.82224
0.64460 0.90180
0.89860 0.97403
0.15734 0.46088
0.85684 0.93644
0.19503 0.07887
0.45508 0.05874
0.98884 0.71999
0.63591 0.38838
0.24581 0.76326
0.71566 0.50229
0.31497 0.88957
0.31498 0.97864
0.09232 0.88274
0.19087 0.13174
0.79390 0.54004
0.30070 0.07416
0.20222 0.99390
0.70728 0.79587
0.14507 0.86763
0.82550 0.08126
0.00239 0.18552
0.92631 0.12085
0.21030 0.59502
0.60961 0.17528
0.66434 0.00600
0.30906 0.93933
0.68650 0.23626
0.59248 0.23987
0.41504 0.72797
0.45988 0.14487
0.13018 0.57889
0.54871 0.40481
0.54478 0.60185
0.71150 0.88675
0.60394 0.90640
0.06279 0.15579
0.47856 0.48967
0.67361 0.03606
0.95550 0.35825
0.43601 0.17678
0.34139 0.26891
0.04199 0.72007
0.51455 0.27555
0.45049 0.43291
0.58083 0.62747
0.70735 0.36310
0.44962 0.58124
0.76621 0.07665
0.69099 0.39594
0.65840 0.19756
0.77833 0.99760
0.73269 0.54073
0.39195 0.99301
0.20845 0.34778
0.02446 0.60776
0.77095 0.53094
0.70139 0.90293
0.48132 0.51578
0.32193 0.40866
0.62866 0.37382
0.10988 0.73245
0.10011 0.05828
0.66403 0.70020
0.06062 0.65850
0.44765 0.04719
0.75841 0.32557
0.20985 0.53068
0.64310 0.82682
0.25390 0.31927
0.89566 0.76103
0.54853 0.34635
0.97077 0.04343
0.72040 0.26709
0.09249 0.38739
0.39755 0.57097
0.97072 0.53703
0.03904 0.43294
0.60728 0.38725
0.08470 0.79060
0.17287 0.32273
0.01222 0.23211
0.43728 0.36715
0.76888 0.31716
0.34745 0.94788
0.18239 0.64844
0.62271 0.07162
0.85500 0.20391
0.98186 0.97752
0.63685 0.85711
0.03972 0.45202
0.02376 0.93240
0.85950 0.59729
0.26733 0.43749
0.74380 0.24004
0.29146 0.46564
0.91676 0.02944
0.32744 0.02879
0.96987 0.75457
0.83042 0.13290
0.21551 0.47408
0.16777 0.51331
0.95110 0.25291
0.29003 0.91967
0.63382 0.43771
0.00666 0.41633
0.58244 0.66057
0.00486 0.96152
0.59722 0.21652
0.83070 0.35501
0.57370 0.16143
0.30167 0.80262
0.07751 0.86371
0.50627 0.56780
0.53948 0.62842
0.31394 0.27113
0.61495 0.77031
0.25332 0.54022
0.40758 0.82879
0.95637 0.04583
0.12192 0.14230
0.44147 0.12050
0.79168 0.00599
0.51648 0.84948
0.18208 0.83631
0.88800 0.70016
0.01271 0.12412
0.27973 0.36191
0.12802 0.37699
0.80486 0.96143
0.77297 0.71260
0.24184 0.32404
0.33745 0.90682
0.05803 0.11327
0.23847 0.14099
0.40617 0.43651
0.66393 0.75608
0.86120 0.31356
0.29187 0.53849
0.33102 0.75381
0.42258 0.87825
0.23749 0.08253
0.48714 0.38329
0.09524 0.98282
0.34111 0.80625
0.79062 0.19033
0.49506 0.11494
0.21189 0.38800
0.74676 0.86450
0.68715 0.92986
0.61640 0.22055
0.00971 0.04790
0.45882 0.05075
0.16709 0.34441
0.05854 0.00171
0.55305 0.26879
0.43720 0.28764
0.98320 0.53326
0.44855 0.74185
0.21009 0.43451
0.68665 0.47922
0.56055 0.88236
0.86732 0.50803
0.72491 0.72188
0.96068 0.10257
0.46006 0.08997
0.36714 0.09309
0.13811 0.67725
0.68720 0.60036
0.90643 0.61831
0.15558 0.77018
0.28171 0.48097
0.06223 0.02608
0.63654 0.33790
0.13058 0.41757
0.33218 0.98597
0.92534 0.71773
0.50675 0.02650
0.59809 0.94215
0.89724 0.32086
0.08173 0.92795
0.05273 0.30938
0.40175 0.51271
0.58803 0.43658
0.54769 0.79113
0.60432 0.45850
0.81267 0.69490
0.65052 0.30608
0.50109 0.34563
0.36264 0.57603
0.24230 0.19384
0.82980 0.47347
0.10148 0.74549
0.01064 0.42563
0.40187 0.69777
0.05871 0.45117
0.69780 0.20308
0.27035 0.11821
0.46912 0.98858
0.40088 0.33936
0.09991 0.17432
0.84589 0.60137
0.47549 0.36693
0.97148 0.82275
0.22659 0.39262
0.32029 0.76185
0.51533 0.16095
0.95524 0.61680
0.22455 0.41247
0.64381 0.36321
0.10649 0.48996
0.02516 0.96077
0.26986 0.00693
0.92916 0.73041
0.16331 0.27785
0.06390 0.81888
0.98514 0.86467
0.99741 0.06844
0.78157 0.43953
0.57156 0.41896
0.60704 0.87403
0.17506 0.61413
0.72947 0.54417
0.80558 0.46484
0.75564 0.88816
0.07498 0.21094
0.39146 0.94361
0.90841 0.09505
0.78364 0.34582
0.13715 0.47583
0.62528 0.12812
0.94817 0.32407
0.97308 0.16846
0.79964 0.91888
0.70314 0.07403
0.52280 0.58468
0.18345 0.13840
0.57614 0.88570
0.64840 0.02954
0.08116 0.49761
0.47962 0.62119
0.81254 0.18571
0.28067 0.46488
0.12338 0.72023
0.42100 0.60639
0.02906 0.38855
0.92896 0.69601
0.14486 0.52156
0.38204 0.40243
0.13153 0.68272
0.49319 0.79184
0.35900 0.22694
0.94040 0.21924
0.15694 0.68820
0.36740 0.03928
0.48564 0.69646
0.69821 0.26654
0.01288 0.25383
0.54429 0.21717
0.72153 0.32668
0.83029 0.04355
0.56307 0.79230
0.69368 0.38963
0.40230 0.93161
0.24840 0.97168
0.04775 0.70762
0.87723 0.19808
0.21342 0.02249
0.09064 0.31866
0.13906 0.49982
0.05749 0.39500
0.97166 0.60601
0.34320 0.90735
0.77003 0.71275
0.93535 0.39760
0.72498 0.72777
0.33525 0.07893
0.29590 0.48771
0.07870 0.64396
0.47682 0.54276
0.54778 0.43726
0.01882 0.41725
0.47861 0.17378
0.72802 0.49846
0.69742 0.28742
0.75746 0.29098
0.73599 0.98381
0.59261 0.99927
0.69865 0.64945
0.15748 0.37308
0.39918 0.82591
0.13805 0.54378
0.42772 0.29857
0.90144 0.58111
0.23801 0.11502
0.55390 0.87378
0.31116 0.84320
0.92363 0.98687
0.99219 0.39895
0.12758 0.32615
0.22806 0.47100
0.09872 0.05958
0.88914 0.66744
0.26521 0.00483
0.75124 0.39528
0.05980 0.61804
0.90676 0.76596
0.54803 0.19527
0.36716 0.59978
0.27828 0.46034
0.68666 0.00807
0.92994 0.61409
0.92518 0.70025
0.03832 0.42602
0.87481 0.97981
0.83784 0.98331
0.92375 0.89147
0.00047 0.18389
0.11309 0.72536
0.59374 0.02479
0.82447 0.99662
0.81631 0.63899
0.59910 0.22235
0.36882 0.39596
0.95234 0.67192
0.49847 0.08008
0.94229 0.38257
0.74587 0.50488
0.42506 0.96438
0.10450 0.28245
0.98226 0.30002
0.52751 0.16106
0.34089 0.10748
0.34910 0.06407
0.02573 0.36577
0.15584 0.71300
0.26386 0.25272
0.57110 0.95398
0.73466 0.28000
0.57600 0.73850
0.76862 0.37699
0.69722 0.01007
0.52053 0.07051
0.96263 0.16803
0.36889 0.44368
0.55634 0.06618
0.91633 0.30105
0.00869 0.11563
0.52004 0.44978
0.36884 0.86736
0.46784 0.22210
0.12826 0.51144
0.54509 0.47698
0.91274 0.35946
0.84905 0.50502
0.99859 0.27708
0.26162 0.11369
0.84814 0.58309
0.58350 0.88786
0.70142 0.00219
0.45378 0.13155
0.59114 0.72624
0.95697 0.50313
0.10426 0.29285
0.00159 0.87960
0.86105 0.52070
0.36545 0.34537
0.12289 0.74041
0.30141 0.81473
0.58924 0.28931
0.26400 0.18733
0.27442 0.28874
0.13796 0.52752
0.75244 0.11560
0.31075 0.79982
0.35555 0.35319
0.56273 0.23561
0.24738 0.94439
0.85536 0.38617
0.51075 0.14907
0.09254 0.87558
0.61130 0.85985
0.46119 0.80831
0.68309 0.38512
0.64539 0.95944
0.49223 0.89744
0.24158 0.74024
0.15688 0.75672
0.66943 0.99735
0.81567 0.42296
0.40239 0.54106
0.90304 0.53865
0.76949 0.66047
0.73456 0.00319
0.34954 0.57997
0.73463 0.41134
0.58973 0.68785
0.49761 0.33616
0.73972 0.00947
0.91960 0.37435
0.29119 0.02070
0.92134 0.68927
0.68931 0.62147
0.54435 0.09837
0.22948 0.81776
0.27288 0.05868
0.81256 0.27610
0.77727 0.41047
0.71306 0.99230
0.66347 0.34335
0.37785 0.11796
0.63285 0.44932
0.09728 0.29151
0.27379 0.62387
0.31561 0.82064
0.36214 0.24944
0.29515 0.61809
0.46506 0.87307
0.09989 0.13032
0.69170 0.72090
0.92606 0.55291
0.54693 0.91433
0.14112 0.97427
0.49913 0.32791
0.02977 0.05304
0.03595 0.68969
0.72528 0.21622
0.91116 0.79575
0.61082 0.09724
0.61075 0.92985
0.91662 0.71111
0.71007 0.54926
0.92097 0.14230
0.00571 0.93083
0.92055 0.38519
0.91945 0.24817
0.57254 0.11354
0.33847 0.71099
0.01017 0.63484
0.00800 0.14073
0.84163 0.87037
0.91543 0.79637
0.77087 0.45180
0.14102 0.52695
0.59607 0.48275
0.62351 0.92012
0.01807 0.36672
0.56288 0.80642
0.56588 0.87806
0.37482 0.20901
0.59972 0.42384
0.76904 0.10993
0.23638 0.55403
0.08133 0.21982
0.48780 0.73656
0.68098 0.18356
0.03260 0.56503
0.75256 0.12845
0.81112 0.93453
0.60931 0.29321
0.20179 0.30754
0.09023 0.04081
0.19039 0.42533
0.59224 0.90225
0.58267 0.27541
0.54131 0.88278
0.70141 0.82123
0.32028 0.69326
0.50785 0.29045
0.59297 0.55360
0.90624 0.93711
0.02131 0.88799
0.17936 0.37129
0.80877 0.61061
0.51340 0.47654
0.81036 0.18745
0.89613 0.82059
0.17228 0.30405
0.73025 0.50896
0.02330 0.91930
0.39936 0.66408
0.39433 0.00798
0.10405 0.32839
0.56217 0.85990
0.93209 0.19183
0.15065 0.57684
0.95634 0.55868
0.04270 0.90961
0.08358 0.65723
0.81018 0.84239
0.87982 0.18279
0.70913 0.73486
0.55307 0.06230
0.20368 0.95411
0.36798 0.68535
0.91764 0.55031
0.44657 0.35542
0.73862 0.50857
0.10528 0.10727
0.52972 0.16490
0.32464 0.25193
0.99233 0.99530
0.31912 0.89956
0.06836 0.48074
0.06400 0.97154
0.41064 0.48563
0.58677 0.21366
0.68401 0.02143
0.93008 0.33127
0.32215 0.74944
0.16434 0.29860
0.64861 0.51289
0.40984 0.78568
0.93757 0.83667
0.13530 0.36185
0.79151 0.51677
0.09573 0.41791
0.13955 0.40160
0.90699 0.13785
0.87589 0.21371
0.43718 0.98375
0.67770 0.97887
0.13677 0.71552
0.98935 0.14838
0.04537 0.93329
0.07907 0.69494
0.10811 0.19235
0.18190 0.52344
0.30487 0.59820
0.13051 0.42984
0.05621 0.01190
0.89472 0.72440
0.18123 0.70905
0.49521 0.94188
0.86933 0.58672
0.09681 0.64661
0.80163 0.57841
0.60379 0.70822
0.20926 0.46218
0.59290 0.08580
0.53018 0.36904
0.75225 0.15505
0.00740 0.42047
0.08980 0.90384
0.61400 0.97005
0.07414 0.69437
0.06299 0.31282
0.95945 0.56311
0.69442 0.00278
0.49599 0.44484
0.18439 0.21905
0.51794 0.63101
0.02296 0.35428
0.10015 0.28052
0.63410 0.17712
0.68510 0.80170
0.82575 0.43470
0.15421 0.23000
0.76785 0.91410
0.36768 0.80530
0.05261 0.82187
0.15016 0.52219
0.88237 0.52999
0.78817 0.39898
0.05310 0.10630
0.98224 0.08669
0.21591 0.74690
0.01860 0.06144
0.54896 0.23876
0.97487 0.01338
0.81028 0.17388
0.97342 0.69821
0.98810 0.36455
0.95646 0.69369
0.85797 0.40914
0.51399 0.80121
0.15153 0.74861
0.99601 0.07955
0.66260 0.54600
0.60073 0.67707
0.60210 0.85591
0.20819 0.63136
0.46322 0.54998
0.37522 0.97333
0.98234 0.84629
0.86163 0.02451
0.00882 0.20672
0.44467 0.71644
0.72004 0.39651
0.82744 0.78643
0.84755 0.30248
0.32003 0.31099
0.04552 0.94870
0.75579 0.88394
0.82084 0.34665
0.46990 0.36122
0.67354 0.15122
0.61535 0.56538
0.41739 0.42646
0.06966 0.97536
0.61225 0.54816
0.32047 0.99956
0.93891 0.00753
0.56616 0.55213
0.19320 0.78970
0.05368 0.80910
0.84154 0.40090
0.60596 0.41887
0.04085 0.99211
0.53303 0.44048
0.35611 0.70351
0.60610 0.21222
0.01893 0.32458
0.79578 0.05740
0.08712 0.44665
0.16809 0.02860
0.85312 0.59330
0.33167 0.74089
0.13249 0.82684
0.86137 0.47326
0.09258 0.63155
0.87298 0.39453
0.93386 0.47634
0.45429 0.42699
0.65267 0.49491
0.68993 0.04543
0.97156 0.31614
0.79742 0.38898
0.16190 0.48745
0.48257 0.43228
0.28423 0.57366
0.75165 0.27114
0.32859 0.85272
0.69241 0.17048
0.83426 0.99950
0.16422 0.23069
0.31275 0.30842
0.81490 0.61589
0.48676 0.80164
0.04619 0.33469
0.63580 0.15903
0.23164 0.62448
0.38602 0.40381
0.77559 0.32026
0.18531 0.85586
0.63819 0.46140
0.21595 0.03837
0.38842 0.24479
0.21510 0.63270
0.26024 0.82955
0.96762 0.82834
0.64097 0.30833
0.37390 0.00435
0.10704 0.35698
0.00928 0.33704
0.27259 0.54727
0.68145 0.96375
0.18192 0.54685
0.29621 0.70305
0.97791 0.92560
0.77450 0.14209
0.90386 0.45832
0.98240 0.89679
0.41921 0.05803
0.03767 0.54783
0.36563 0.60040
0.53250 0.19974
0.17145 0.49574
0.49690 0.13553
0.76520 0.23242
0.25591 0.01293
0.59433 0.83159
0.91102 0.10221
0.57774 0.81979
0.57238 0.94570
0.58851 0.56509
0.51793 0.43927
0.09693 0.15095
0.70520 0.53212
0.59743 0.44830
0.19000 0.75411
0.34039 0.67336
0.14384 0.63039
0.76339 0.66493
0.86498 0.62618
0.50237 0.95913
0.68245 0.24280
0.44319 0.35322
0.53973 0.48764
0.84535 0.27110
0.42946 0.25108
0.55445 0.12818
0.86077 0.94019
0.54810 0.94784
0.62952 0.07595
0.95161 0.93403
0.37995 0.58330
0.77839 0.54701
0.37901 0.57501
0.24410 0.91948
0.68873 0.03024
0.55627 0.84670
0.70322 0.00410
0.30598 0.13335
0.15703 0.64884
0.28411 0.55670
0.54059 0.80078
0.24369 0.86308
0.87537 0.83991
0.03841 0.45021
0.84838 0.24640
0.73347 0.05936
0.65314 0.08509
0.79119 0.05373
0.85237 0.83846
0.79700 0.11463
0.71950 0.35574
0.08940 0.37461
0.27734 0.84249
0.13920 0.56387
0.39401 0.44369
0.35638 0.45262
0.44642 0.66456
0.95247 0.08295
0.33090 0.54549
0.65984 0.45309
0.40320 0.52947
0.41523 0.93407
0.13799 0.63005
0.30865 0.56332
0.58091 0.00976
0.01241 0.98838
0.16545 0.90178
0.68502 0.91386
0.42251 0.25434
0.62583 0.59645
0.30558 0.53754
0.61110 0.96604
0.84443 0.79620
0.83913 0.90305
0.05065 0.87174
0.50061 0.72561
0.13729 0.52120
0.34431 0.72349
0.12503 0.13695
0.39343 0.45711
0.12496 0.28067
0.52105 0.16671
0.94795 0.24927
0.72206 0.86433
0.36876 0.82371
0.72314 0.12853
0.48533 0.30869
0.23186 0.42365
0.44920 0.60869
0.75693 0.85129
0.66705 0.74458
0.20420 0.27267
0.85386 0.27835
0.88215 0.70031
0.77433 0.78255
0.62189 0.14439
0.71655 0.92929
0.03782 0.31371
0.19887 0.46180
0.36559 0.68721
0.73911 0.24650
0.36220 0.08854
0.44986 0.40155
0.15411 0.05254
0.76038 0.24109
0.92569 0.56056
0.48254 0.34892
0.55892 0.52082
0.16396 0.50303
0.60282 0.08450
0.20253 0.88245
0.35709 0.69539
0.15098 0.54577
0.55970 0.80020
0.84335 0.32898
0.33098 0.51401
0.84229 0.86989
0.70406 0.29986
0.07913 0.40775
0.44353 0.62398
0.02885 0.93546
0.97064 0.29744
0.40369 0.33180
0.85579 0.32375
0.53184 0.52600
0.82018 0.19313
0.80823 0.60906
0.91296 0.63579
0.87394 0.51094
0.32956 0.06193
0.17532 0.09014
0.44159 0.80802
0.45861 0.24661
0.42250 0.62603
0.89470 0.33886
0.56524 0.00692
0.95500 0.34105
0.10014 0.81803
0.73179 0.21467
0.34410 0.22779
0.98175 0.03728
0.35190 0.84786
0.06731 0.34742
0.71844 0.67513
0.27337 0.36663
0.18761 0.10379
0.90559 0.68035
0.93811 0.33335
0.09992 0.52674
0.41783 0.68394
0.95260 0.49770
0.78245 0.45233
0.99603 0.30881
0.12323 0.90356
0.01916 0.00914
0.08527 0.27491
0.93101 0.97191
0.71446 0.68005
0.54340 0.76428
0.81713 0.23712
0.37572 0.40366
0.05867 0.40252
0.46533 0.69885
0.29950 0.78574
0.19755 0.84012
0.74117 0.85868
0.39737 0.86743
0.33157 0.34752
0.59298 0.41760
0.35445 0.10740
0.11945 0.87018
0.61063 0.59496
0.30545 0.87904
0.30284 0.06481
0.64363 0.78248
0.96899 0.72034
0.79197 0.33696
0.28251 0.12809
0.85682 0.41373
0.89221 0.02498
0.28625 0.58657
0.66115 0.80237
0.83914 0.37314
0.23652 0.19998
0.85907 0.59796
0.35042 0.86790
0.20179 0.15125
0.63960 0.37695
0.37996 0.50789
0.98963 0.80695
0.34719 0.37836
0.20987 0.12657
0.47014 0.91342
0.26910 0.82567
0.63223 0.83580
0.91054 0.69913
0.44339 0.53220
0.17754 0.93230
0.74659 0.61848
0.77753 0.25470
0.52545 0.63168
0.85377 0.67782
0.36595 0.93888
0.50261 0.34538
0.35312 0.91155
0.31102 0.57521
0.53204 0.91982
0.93967 0.84986
0.97692 0.15099
0.43637 0.73137
0.72722 0.88544
0.80709 0.70289
0.49505 0.01627
0.56815 0.42126
0.00710 0.85172
0.03850 0.89281
0.23656 0.26671
0.43943 0.82414
0.84099 0.09494
0.44304 0.63896
0.52481 0.91397
0.92875 0.35552
0.73939 0.16799
0.10982 0.84803
0.03558 0.30868
0.30585 0.72398
0.50745 0.16500
0.59206 0.49226
0.02469 0.01566
0.13087 0.36040
0.70566 0.17254
0.16026 0.83661
0.82719 0.00614
0.74289 0.34060
0.22415 0.38491
0.10560 0.29599
0.72964 0.03544
0.47308 0.15075
0.62355 0.18223
0.61366 0.38407
0.35470 0.85029
0.99053 0.17683
0.05185 0.46727
0.20525 0.93643
0.90243 0.22150
0.70349 0.02346
0.36489 0.35117
0.36400 0.29053
0.68135 0.64008
0.12232 0.46649
0.51390 0.15163
0.11600 0.12551
0.36075 0.85085
0.66016 0.99833
0.37662 0.54487
0.69546 0.21528
0.23362 0.11552
0.76854 0.02970
0.77948 0.56256
0.26628 0.34356
0.87242 0.52580
0.99420 0.83498
0.21896 0.13344
0.95064 0.04619
0.12967 0.83336
0.29853 0.96017
0.12719 0.43523
0.82413 0.70891
0.56758 0.92169
0.04025 0.22525
0.57492 0.06773
0.05933 0.23405
0.16824 0.39029
0.70241 0.20342
0.89367 0.70576
0.33083 0.25242
0.36171 0.98112
0.41222 0.63914
0.55526 0.68976
0.19527 0.97901
0.06228 0.58629
0.90119 0.49831
0.88259 0.55789
0.00444 0.93233
0.29941 0.68650
0.27727 0.12016
0.98007 0.06311
0.42145 0.45195
0.64334 0.35952
0.68215 0.44026
0.04908 0.47825
0.59436 0.83150
0.62636 0.86296
0.70731 0.45327
0.54464 0.05387
0.57557 0.62896
0.05677 0.23371
0.64437 0.81484
0.35494 0.33217
0.56863 0.22198
0.64203 0.65429
0.08303 0.25033
0.44857 0.53387
0.43639 0.84690
0.40284 0.26523
0.59878 0.94261
0.89096 0.71663
0.96205 0.55464
0.39363 0.33394
0.15783 0.94642
0.70950 0.10288
0.60027 0.02764
0.97717 0.28869
0.28705 0.26645
0.20705 0.36425
0.83355 0.19510
0.04115 0.90656
0.87829 0.71005
0.02052 0.95031
0.41344 0.64565
0.39291 0.20919
0.42996 0.75698
0.98877 0.26666
0.99137 0.24548
0.92131 0.92759
0.15901 0.73636
0.23711 0.70551
0.50759 0.68257
0.56984 0.25658
0.60711 0.64480
0.86633 0.73684
0.90710 0.32515
0.48562 0.59543
0.56292 0.29260
0.05723 0.65364
0.35409 0.51814
0.95781 0.43601
0.88914 0.91241
0.92138 0.56633
0.81494 0.71875
0.74446 0.24749
0.81039 0.02550
0.98959 0.27069
0.31281 0.79693
0.48217 0.30837
0.75517 0.34325
0.31719 0.90185
0.55103 0.73870
0.29785 0.71133
0.06641 0.28216
0.99632 0.29538
0.51493 0.09679
0.72954 0.97630
0.61980 0.68774
0.22414 0.08614
0.29925 0.10808
0.23424 0.39442
0.65440 0.82948
0.92766 0.03117
0.46546 0.83816
0.64982 0.35460
0.01986 0.68055
0.26558 0.24560
0.47496 0.08318
0.90573 0.36486
0.03753 0.59313
0.20390 0.16181
0.25865 0.09982
0.27225 0.22043
0.35892 0.27978
0.62303 0.48043
0.91977 0.69823
0.42660 0.36388
0.40291 0.22561
0.58842 0.06781
0.62754 0.24332
0.21115 0.90887
0.78140 0.19343
0.12101 0.19748
0.46532 0.00719
0.53291 0.43590
0.89293 0.00602
0.41148 0.99123
0.30655 0.97847
0.42920 0.26712
0.28350 0.45174
0.80159 0.79803
0.19336 0.85462
0.54816 0.84156
0.21694 0.06872
0.78560 0.60581
0.52346 0.16226
0.23303 0.48451
0.16498 0.09370
0.00601 0.63383
0.36171 0.05576
0.07879 0.49487
0.17717 0.44493
0.10677 0.55809
0.56592 0.77004
0.92509 0.34369
0.11889 0.85528
0.28940 0.68635
0.14487 0.05269
0.61005 0.61374
0.48035 0.98930
0.57909 0.62216
0.11381 0.73673
0.96957 0.44233
0.27546 0.55168
0.65132 0.54163
0.37088 0.04254
0.18276 0.59642
0.92669 0.75214
0.63192 0.83821
0.69999 0.11577
0.50062 0.18332
0.99435 0.89105
0.49008 0.07257
0.50693 0.55499
0.80225 0.43580
0.28552 0.34921
0.33315 0.15609
0.00770 0.29640
0.25068 0.42504
0.52427 0.02027
0.52663 0.42517
0.38959 0.77021
0.24492 0.48653
0.48097 0.01216
0.39088 0.99164
0.27891 0.82377
0.97813 0.29932
0.71307 0.96111
0.27805 0.17230
0.77503 0.43570
0.27259 0.53524
0.86739 0.01328
0.80751 0.68833
0.07575 0.78691
0.51887 0.03378
0.17180 0.55340
0.43394 0.37910
0.10014 0.73572
0.63236 0.55970
0.80642 0.01657
0.88553 0.44482
0.48499 0.22735
0.55528 0.84306
0.89670 0.73858
0.26789 0.31828
0.76901 0.50925
0.26854 0.20784
0.90115 0.11167
0.25496 0.35257
0.61428 0.13530
0.98535 0.46013
0.84070 0.80810
0.09721 0.35284
0.52715 0.90569
0.25026 0.17660
0.28728 0.67579
0.25996 0.04178
0.80767 0.93816
0.12716 0.43671
0.06955 0.79602
0.96763 0.33925
0.99117 0.71215
0.77971 0.21370
0.81468 0.07037
0.06968 0.30952
0.47994 0.46558
0.45272 0.00892
0.91734 0.55172
0.85926 0.80144
0.62602 0.25306
0.11618 0.08097
0.36274 0.63479
0.94819 0.51674
0.91955 0.17203
0.22104 0.95895
0.25469 0.23502
0.20742 0.37884
0.67352 0.54668
0.09917 0.20521
0.66565 0.44663
0.87687 0.24526
0.67071 0.39609
0.64531 0.11021
0.58028 0.38779
0.14365 0.34090
0.91355 0.73325
0.45138 0.50109
0.94912 0.02480
0.50852 0.64463
0.67299 0.06269
0.10752 0.71009
0.25293 0.91980
0.88818 0.36829
0.69900 0.29154
0.67882 0.95161
0.21040 0.42083
0.64615 0.20990
0.43256 0.66474
0.05285 0.78809
0.76705 0.60201
0.75732 0.10402
0.55940 0.36284
0.11060 0.36967
0.22296 0.23830
0.79935 0.50901
0.21003 0.65960
0.08914 0.21343
0.82402 0.93949
0.05398 0.11498
0.23273 0.50747
0.76930 0.86300
0.28207 0.68886
0.62625 0.44265
0.65921 0.23074
0.91095 0.87331
0.13018 0.39090
0.89657 0.31849
0.17832 0.91734
0.90934 0.39964
0.71793 0.31914
0.85912 0.82863
0.28140 0.90229
0.56445 0.10186
0.51344 0.61519
0.25377 0.88827
0.44210 0.79394
0.67906 0.61720
0.99104 0.54960
0.86036 0.89608
0.83722 0.38449
0.99468 0.23162
0.66727 0.07568
0.56228 0.77176
0.19734 0.03334
0.60297 0.62860
0.39621 0.73794
0.52609 0.33460
0.73303 0.99926
0.47597 0.13813
0.24402 0.12288
0.02396 0.29929
0.14520 0.93717
0.82336 0.49567
0.38393 0.94983
0.19191 0.75434
0.15620 0.80544
0.00517 0.22422
0.58727 0.89794
0.18602 0.12538
0.19581 0.72614
0.49476 0.83509
0.90209 0.52414
0.22045 0.17613
0.52963 0.27109
0.71150 0.89539
0.71891 0.86291
0.20667 0.61462
0.64235 0.73248
0.98052 0.04372
0.35350 0.30843
0.10762 0.84472
0.56834 0.22766
0.05819 0.20310
0.94681 0.83698
0.58498 0.86730
0.52738 0.00728
0.53199 0.91978
0.00369 0.65584
0.33196 0.20182
0.26353 0.57793
0.27270 0.80622
0.54070 0.39252
0.34997 0.06300
0.77655 0.22227
0.77024 0.45511
0.60897 0.89676
0.14054 0.30404
0.91999 0.14952
0.42744 0.68653
0.23083 0.04553
0.51111 0.88431
0.68142 0.93193
0.22002 0.48066
0.77227 0.13833
0.61665 0.09076
0.59723 0.78109
0.88249 0.78710
0.89326 0.96183
0.08240 0.56735
0.95868 0.45396
0.89993 0.96891
0.32329 0.04568
0.15256 0.13390
0.16885 0.97210
0.86199 0.36101
0.65171 0.67435
0.06786 0.03687
0.45329 0.32752
0.50985 0.22225
0.85173 0.07773
0.65150 0.39744
0.62707 0.12658
0.07760 0.03906
0.46655 0.46034
0.77075 0.90210
0.55052 0.53251
0.36473 0.00806
0.69954 0.40349
0.51891 0.39410
0.48523 0.37627
0.57451 0.89112
0.76816 0.57228
0.68028 0.76623
0.98482 0.76040
0.75132 0.95008
0.20216 0.07696
0.96371 0.52742
0.68231 0.40453
0.12511 0.45866
0.45462 0.67815
0.83363 0.67731
0.57556 0.22299
0.42319 0.20845
