0.00522 0.19268
0.03516 0.82252
0.92764 0.68754
0.65541 0.50603
0.12196 0.90036
0.63881 0.45372
0.66787 0.99584
0.90695 0.69926
0.35063 0.22836
0.31164 0.99002
0.57868 0.98901
0.63793 0.97518
0.47735 0.83296
0.68608 0.12341
0.51583 0.18404
0.16306 0.13636
0.33947 0.99352
0.26615 0.72158
0.82051 0.14753
0.63812 0.31810
0.59679 0.86324
0.38601 0.79915
0.24806 0.13563
0.91138 0.60736
0.54701 0.52831
0.71842 0.82737
0.99291 0.12868
0.09290 0.40606
0.58427 0.44780
0.20761 0.88338
0.62740 0.59003
0.19720 0.70223
0.60277 0.71094
0.13915 0.79775
0.78998 0.67337
0.23918 0.55909
0.50191 0.56844
0.10160 0.32261
0.41467 0.91363
0.44678 0.06388
0.11934 0.33616
0.73717 0.83437
0.95629 0.89569
0.69535 0.23655
0.43074 0.55757
0.35446 0.45606
0.26895 0.03026
0.72311 0.58883
0.69958 0.35095
0.52780 0.76332
0.94450 0.45386
0.06281 0.07370
0.13367 0.20703
0.23424 0.05374
0.12590 0.15638
0.06567 0.70115
0.69832 0.69287
0.44112 0.37184
0.40628 0.34407
0.44762 0.34170
0.74362 0.98316
0.34054 0.31645
0.10358 0.54486
0.52196 0.81208
0.97904 0.30571
0.70885 0.21366
0.86748 0.92429
0.77555 0.42251
0.33105 0.92983
0.91376 0.71469
0.14397 0.72919
0.45090 0.35261
0.03709 0.79813
0.69577 0.32464
0.61092 0.01501
0.11748 0.80997
0.48842 0.04673
0.66113 0.13630
0.53830 0.73351
0.56198 0.43787
0.35397 0.90857
0.69907 0.46606
0.83851 0.19223
0.31556 0.84234
0.98235 0.86591
0.54330 0.85540
0.22189 0.09818
0.10833 0.97676
0.05988 0.38350
0.29452 0.91967
0.85961 0.66819
0.69971 0.18865
0.93097 0.77121
0.19003 0.10627
0.31862 0.30374
0.58058 0.93820
0.23922 0.27370
0.96863 0.70948
0.54289 0.08688
0.34069 0.15734
0.60384 0.49791
0.01816 0.54723
0.87746 0.22758
0.01942 0.18387
0.92897 0.42150
0.81135 0.39622
0.40114 0.32212
0.03876 0.18577
0.59959 0.36519
0.51604 0.20688
0.08421 0.54849
0.12755 0.43016
0.39272 0.45046
0.01717 0.77143
0.54938 0.68705
0.09275 0.79640
0.86779 0.62909
0.26156 0.28741
0.84187 0.52221
0.32818 0.45088
0.28624 0.39287
0.07612 0.13082
0.06496 0.27378
0.81745 0.91660
0.00632 0.78782
0.69993 0.69727
0.63144 0.80026
0.70523 0.07483
0.93198 0.33284
0.55833 0.00481
0.75325 0.26240
0.47652 0.37738
0.06528 0.03824
0.39128 0.39297
0.20023 0.01939
0.22276 0.54979
0.24523 0.49212
0.41980 0.02964
0.10624 0.39579
0.29592 0.41226
0.43030 0.31506
0.27181 0.85117
0.44385 0.29384
0.29604 0.24773
0.38550 0.92350
0.92082 0.62970
0.81040 0.45527
0.43991 0.56608
0.55471 0.30183
0.29413 0.82348
0.89187 0.01112
0.59328 0.55959
0.70848 0.50101
0.20975 0.64708
0.05433 0.64043
0.61190 0.02127
0.07339 0.53095
0.04645 0.19891
0.62700 0.55699
0.78358 0.08056
0.84746 0.00048
0.01894 0.40715
0.11242 0.80059
0.76301 0.87491
0.06903 0.49560
0.66187 0.13498
0.46278 0.08650
0.23999 0.71407
0.75409 0.77689
0.45962 0.58772
0.75871 0.18783
0.13446 0.70435
0.62324 0.27707
0.25531 0.23684
0.46315 0.95743
0.65911 0.80950
0.41308 0.89547
0.27592 0.84047
0.42936 0.66993
0.39086 0.58264
0.69222 0.42197
0.96532 0.13821
0.47435 0.82922
0.40041 0.06700
0.36228 0.19215
0.34043 0.43070
0.64336 0.91228
0.88658 0.57551
0.22335 0.12913
0.51242 0.89099
0.42949 0.92391
0.01928 0.91350
0.99693 0.10431
0.48103 0.49778
0.05965 0.46662
0.87217 0.63149
0.11081 0.00053
0.32724 0.95728
0.66478 0.27797
0.31548 0.29117
0.39505 0.97272
0.87897 0.51883
0.23061 0.39703
0.86333 0.47587
0.86079 0.02031
0.71691 0.81966
0.68521 0.27907
0.32743 0.40245
0.54074 0.75561
0.79469 0.48961
0.06305 0.30826
0.73144 0.07529
0.82504 0.56434
0.40257 0.23649
0.73679 0.90983
0.01087 0.89343
0.93977 0.49828
0.50857 0.34412
0.91103 0.57513
0.19954 0.15449
0.06024 0.02224
0.23306 0.64050
0.30118 0.58980
0.39796 0.13123
0.55104 0.95709
0.46387 0.02875
0.95948 0.97619
0.63587 0.07086
0.11686 0.92780
0.78177 0.09280
0.33249 0.28479
0.91421 0.41607
0.28685 0.15124
0.15701 0.10986
0.71375 0.44860
0.70660 0.32001
0.18686 0.58874
0.39509 0.56762
0.70916 0.52634
0.73332 0.27906
0.55515 0.43706
0.86449 0.21586
0.21286 0.47054
0.49799 0.40851
0.41921 0.92531
0.38230 0.24541
0.24697 0.26660
0.09155 0.38696
0.15556 0.07795
0.34548 0.69374
0.52910 0.35986
0.28646 0.68321
0.88424 0.04933
0.05287 0.07595
0.23809 0.67096
0.90540 0.45304
0.73503 0.98404
0.56130 0.28764
0.17691 0.23031
0.24876 0.01178
0.63330 0.79057
0.62244 0.41667
0.87655 0.32612
0.45202 0.54797
0.21007 0.76647
0.04751 0.45121
0.27474 0.43677
0.07026 0.07430
0.84964 0.12170
0.29860 0.77128
0.85413 0.89470
0.77823 0.26438
0.29119 0.22001
0.21090 0.49062
0.15737 0.16040
0.88978 0.19594
0.06118 0.08733
0.16638 0.83145
0.30980 0.55434
0.03814 0.65738
0.36129 0.57127
0.64298 0.13709
0.88115 0.00850
0.04592 0.18596
0.62002 0.91724
0.92016 0.07520
0.41828 0.95098
0.23088 0.60954
0.65275 0.93322
0.60698 0.17190
0.67706 0.28213
0.17998 0.80565
0.85480 0.20374
0.55861 0.21932
0.26019 0.72759
0.66258 0.94005
0.84212 0.97543
0.08974 0.77522
0.62441 0.80886
0.13692 0.11042
0.17391 0.84456
0.02236 0.81177
0.90013 0.20123
0.12100 0.87530
0.74824 0.51548
0.77931 0.26882
0.64444 0.84698
0.40240 0.54735
0.58459 0.17594
0.46176 0.41298
0.59447 0.38608
0.34337 0.78392
0.95652 0.80984
0.34211 0.94657
0.38001 0.54173
0.30470 0.65132
0.74610 0.72744
0.87534 0.20101
0.40865 0.51444
0.72589 0.57804
0.66245 0.38573
0.89157 0.84838
0.21217 0.72386
0.70596 0.62310
0.10707 0.30734
0.79964 0.27132
0.68496 0.48795
0.71350 0.37331
0.44550 0.87059
0.20317 0.86251
0.83709 0.45866
0.60884 0.20169
0.19511 0.41339
0.87053 0.79231
0.40668 0.86957
0.16896 0.23916
0.99424 0.45495
0.28916 0.97660
0.60059 0.89853
0.19385 0.64221
0.19847 0.18281
0.87426 0.64132
0.04803 0.40111
0.64154 0.18841
0.76626 0.88693
0.83963 0.77330
0.17866 0.40978
0.13056 0.08089
0.88417 0.97795
0.97691 0.00955
0.24053 0.76937
0.49452 0.71159
0.42975 0.09012
0.55373 0.19658
0.23337 0.56655
0.89198 0.04031
0.92653 0.24942
0.94084 0.72294
0.85608 0.25654
0.30120 0.51105
0.30768 0.88475
0.48023 0.32290
0.07869 0.21103
0.71329 0.61512
0.58683 0.73638
0.80831 0.23633
0.38005 0.58535
0.56517 0.96180
0.10585 0.71511
0.27124 0.47587
0.16264 0.38263
0.38213 0.94981
0.67442 0.20294
0.06095 0.86243
0.81073 0.20577
0.10506 0.64200
0.04299 0.94995
0.39704 0.33367
0.27892 0.54504
0.98055 0.52000
0.33248 0.54519
0.01116 0.80995
0.01488 0.53632
0.41664 0.07252
0.72596 0.72788
0.84452 0.57108
0.49849 0.99618
0.88303 0.72535
0.92360 0.08922
0.32662 0.73153
0.11371 0.67468
0.61952 0.83486
0.15299 0.78394
0.84057 0.07336
0.12336 0.12683
0.07203 0.62492
0.92771 0.33476
0.93256 0.60159
0.86861 0.11922
0.13266 0.26433
0.31791 0.33666
0.32779 0.26704
0.29228 0.51721
0.90399 0.40280
0.48676 0.00030
0.47496 0.78944
0.57235 0.38312
0.73475 0.49502
0.98752 0.39737
0.98115 0.47188
0.88354 0.69527
0.76827 0.97346
0.17744 0.81838
0.41757 0.58073
0.45827 0.78062
0.21223 0.15888
0.98899 0.52790
0.34201 0.57524
0.19657 0.38493
0.68055 0.89305
0.45775 0.17669
0.77185 0.15944
0.59722 0.81647
0.79111 0.43807
0.31257 0.75946
0.45649 0.91264
0.82899 0.45703
0.63463 0.58994
0.12137 0.81568
0.59790 0.55762
0.74697 0.56684
0.66206 0.48131
0.45721 0.20130
0.27107 0.18500
0.00474 0.17979
0.31511 0.32752
0.09019 0.67555
0.37619 0.72879
0.13263 0.52616
0.24134 0.71315
0.94320 0.23338
0.94340 0.18340
0.34152 0.32646
0.42618 0.71058
0.08760 0.62964
0.39345 0.69679
0.58519 0.83674
0.66535 0.51196
0.27866 0.83031
0.77450 0.92786
0.69258 0.97478
0.47734 0.23720
0.41774 0.76634
0.58120 0.69949
0.17403 0.71420
0.38262 0.37059
0.83766 0.04972
0.45859 0.79178
0.58332 0.03270
0.36982 0.29923
0.96897 0.36855
0.73642 0.93337
0.94261 0.29133
0.12219 0.23348
0.87546 0.41999
0.95685 0.28975
0.80938 0.94765
0.01737 0.13542
0.79825 0.66065
0.52417 0.79367
0.59098 0.62625
0.19926 0.20396
0.40145 0.05322
0.40851 0.15935
0.82510 0.20606
0.58160 0.20139
0.87686 0.70025
0.22234 0.72350
0.11923 0.99840
0.21527 0.38981
0.50675 0.00233
0.38404 0.27512
0.82043 0.35149
0.01940 0.19906
0.69429 0.15219
0.48652 0.29910
0.31136 0.87174
0.84432 0.69931
0.57508 0.71425
0.60697 0.99794
0.32462 0.78379
0.71292 0.32910
0.27213 0.62157
0.41497 0.51096
0.90450 0.59044
0.83157 0.44733
0.38207 0.86191
0.04822 0.38857
0.64938 0.51890
0.97427 0.34062
0.74692 0.64210
0.85948 0.38554
0.39942 0.78148
0.92468 0.63618
0.49054 0.44327
0.73718 0.45233
0.14727 0.09183
0.66750 0.77757
0.46760 0.24578
0.73695 0.90409
0.84224 0.57202
0.87466 0.15408
0.38145 0.66050
0.74539 0.61188
0.95701 0.60834
0.10203 0.78036
0.78543 0.76641
0.38649 0.04711
0.28523 0.31999
0.88949 0.38252
0.72187 0.10344
0.06445 0.11340
0.43669 0.34602
0.97529 0.27018
0.19411 0.55870
0.01700 0.31943
0.45847 0.05479
0.88113 0.11698
0.84459 0.35214
0.44287 0.51571
0.05798 0.10409
0.30082 0.62683
0.54143 0.73695
0.53407 0.57190
0.40445 0.64758
0.76751 0.12218
0.66424 0.93237
0.74011 0.69606
0.13423 0.01914
0.79981 0.44812
0.64894 0.89382
0.06256 0.58073
0.95750 0.02885
0.74839 0.25993
0.34651 0.17601
0.99448 0.12684
0.28183 0.47868
0.58227 0.77119
0.47268 0.16180
0.63553 0.30500
0.64711 0.62220
0.05987 0.19432
0.73823 0.65015
0.70908 0.88832
0.83591 0.79053
0.32612 0.53625
0.92310 0.91918
0.77189 0.62120
0.16329 0.76595
0.87534 0.60997
0.39096 0.84094
0.72990 0.36010
0.43856 0.10532
0.59411 0.84935
0.42844 0.63776
0.94590 0.12839
0.44425 0.20826
0.10642 0.17946
0.15204 0.30631
0.52544 0.06592
0.01345 0.36438
0.43735 0.43630
0.85628 0.78338
0.68512 0.61695
0.29195 0.35870
0.50560 0.74237
0.06885 0.67984
0.60824 0.60707
0.39952 0.47999
0.40124 0.51278
0.17748 0.96709
0.71799 0.39567
0.49051 0.82064
0.45213 0.99001
0.11705 0.29024
0.57392 0.28282
0.44464 0.33871
0.96160 0.73264
0.07933 0.88599
0.26279 0.75339
0.68741 0.24367
0.95649 0.19763
0.61124 0.81304
0.05684 0.81566
0.00465 0.46471
0.37219 0.42373
0.54658 0.61264
0.64501 0.67608
0.91049 0.29083
0.72254 0.57120
0.02100 0.89983
0.16222 0.59344
0.28820 0.17266
0.34761 0.97760
0.69386 0.91836
0.65053 0.83697
0.61200 0.76203
0.91523 0.08951
0.45246 0.43749
0.35937 0.14456
0.32414 0.87373
0.30540 0.54098
0.21608 0.58003
0.63262 0.97973
0.71415 0.29111
0.07430 0.23499
0.54949 0.53855
0.05083 0.79448
0.08577 0.48107
0.86561 0.20340
0.47191 0.55712
0.37641 0.43168
0.72406 0.98306
0.05144 0.53155
0.35377 0.31343
0.30602 0.22874
0.05751 0.35871
0.12898 0.93251
0.78105 0.64243
0.41457 0.70750
0.79548 0.02753
0.09738 0.89608
0.31780 0.21159
0.32144 0.40500
0.03725 0.23471
0.34474 0.30088
0.10434 0.53114
0.41093 0.54865
0.20172 0.45021
0.68550 0.42571
0.48115 0.89173
0.03905 0.59855
0.06093 0.51980
0.75712 0.37457
0.37603 0.60358
0.03138 0.75285
0.01608 0.11204
0.83585 0.68710
0.60962 0.70536
0.84758 0.94805
0.75123 0.20444
0.35773 0.10740
0.59580 0.18660
0.55021 0.85139
0.97402 0.37033
0.50681 0.32951
0.03276 0.04491
0.50697 0.22479
0.60093 0.21885
0.60021 0.67603
0.52598 0.98400
0.87201 0.22983
0.01221 0.88136
0.11005 0.36831
0.34112 0.01045
0.21549 0.49129
0.70253 0.82947
0.48237 0.05743
0.70220 0.87610
0.87245 0.34651
0.04211 0.74730
0.92002 0.64304
0.92166 0.66539
0.48994 0.40688
0.59372 0.17442
0.32167 0.71556
0.66568 0.53792
0.77510 0.20614
0.33468 0.19728
0.09281 0.78178
0.48769 0.00842
0.30976 0.87312
0.95363 0.20446
0.28107 0.83266
0.41338 0.30546
0.09900 0.69934
0.93536 0.52230
0.56580 0.79717
0.86978 0.14247
0.04359 0.22264
0.81115 0.26943
0.66576 0.94599
0.06865 0.75340
0.89231 0.92633
0.14732 0.11881
0.11327 0.20394
0.29239 0.25974
0.47740 0.73801
0.56894 0.33389
0.68806 0.12332
0.26709 0.10295
0.41550 0.69092
0.56177 0.45026
0.40929 0.41663
0.62159 0.82511
0.64091 0.56000
0.81389 0.68972
0.28205 0.70023
0.70784 0.47000
0.55308 0.36870
0.17853 0.12505
0.62236 0.80791
0.48237 0.95573
0.29560 0.42263
0.41421 0.82476
0.22770 0.12281
0.97213 0.28533
0.45210 0.17802
0.59309 0.06389
0.58230 0.02749
0.62609 0.29765
0.61822 0.22102
0.26596 0.33518
0.44180 0.67898
0.07019 0.18546
0.32539 0.33794
0.49776 0.26627
0.27168 0.15863
0.98852 0.05224
0.90778 0.32675
0.71615 0.96309
0.29245 0.00296
0.33077 0.79526
0.50198 0.25773
0.59342 0.99719
0.43402 0.63581
0.95634 0.22832
0.61537 0.02262
0.15188 0.74171
0.66958 0.51033
0.27162 0.39467
0.51762 0.46899
0.91425 0.64864
0.91236 0.11703
0.65922 0.97532
0.96092 0.80093
0.52564 0.70965
0.41497 0.82595
0.25958 0.01466
0.18816 0.34864
0.48487 0.13268
0.34069 0.26060
0.88410 0.77572
0.83672 0.35647
0.38586 0.45583
0.10600 0.60977
0.61510 0.59988
0.79859 0.48171
0.35568 0.24115
0.20392 0.35803
0.19556 0.76298
0.71111 0.19684
0.36313 0.34874
0.76236 0.10090
0.28618 0.10105
0.43510 0.96640
0.34765 0.02319
0.58176 0.36209
0.08493 0.00342
0.52672 0.68330
0.28711 0.85884
0.44219 0.60453
0.79494 0.37281
0.21031 0.41855
0.14295 0.94941
0.77812 0.13868
0.44471 0.26768
0.03330 0.78968
0.43178 0.46296
0.89427 0.43776
0.93901 0.53701
0.56758 0.36468
0.73306 0.33535
0.01443 0.47881
0.77564 0.45812
0.67465 0.49495
0.01104 0.38126
0.50610 0.84653
0.75698 0.51870
0.16421 0.48360
0.66459 0.70928
0.11137 0.10768
0.82628 0.44571
0.08590 0.47211
0.43482 0.40464
0.16537 0.29303
0.34647 0.18809
0.62096 0.98129
0.60136 0.52793
0.00719 0.31742
0.91731 0.86245
0.17260 0.19316
0.79657 0.67804
0.16448 0.76883
0.56211 0.62747
0.60926 0.26280
0.78679 0.58174
0.92465 0.65295
0.14062 0.64232
0.71348 0.61641
0.03229 0.43037
0.18530 0.41089
0.73177 0.43727
0.68923 0.03557
0.09246 0.22175
0.57552 0.23585
0.44716 0.50657
0.37249 0.17175
0.14393 0.18010
0.75833 0.98675
0.52843 0.21815
0.04836 0.19774
0.74951 0.17515
0.64768 0.89580
0.10407 0.57894
0.18109 0.68116
0.00700 0.99284
0.36369 0.81766
0.91594 0.52543
0.04732 0.87807
0.85599 0.83645
0.58228 0.50495
0.90516 0.82940
0.83023 0.49081
0.91348 0.79619
0.93961 0.29976
0.65722 0.19561
0.08122 0.76486
0.75538 0.18118
0.51957 0.74171
0.91740 0.37032
0.82768 0.88125
0.93433 0.25674
0.88359 0.96976
0.39254 0.07202
0.81459 0.90981
0.46333 0.19829
0.27384 0.32262
0.12295 0.39207
0.20347 0.29274
0.10052 0.82058
0.90515 0.69677
0.31132 0.76589
0.01245 0.09070
0.86991 0.98392
0.14276 0.32802
0.98508 0.84305
0.06619 0.09364
0.26563 0.25514
0.52100 0.07477
0.63368 0.45293
0.23160 0.31699
0.59252 0.06845
0.14516 0.26231
0.10626 0.33450
0.18917 0.90075
0.30340 0.23704
0.79693 0.93982
0.54921 0.91126
0.86275 0.66038
0.09464 0.31525
0.50101 0.00854
0.57525 0.25841
0.00917 0.89907
0.37988 0.07971
0.99261 0.06822
0.35840 0.84977
0.04849 0.68699
0.47826 0.17258
0.38657 0.94273
0.22023 0.63738
0.77795 0.33983
0.44936 0.25146
0.61943 0.16634
0.12708 0.63690
0.29706 0.92942
0.89854 0.65311
0.13478 0.08289
0.68380 0.85318
0.19594 0.02650
0.01197 0.67220
0.86426 0.36561
0.92591 0.44612
0.99114 0.73108
0.35442 0.57170
0.91666 0.67102
0.12585 0.38126
0.97802 0.06804
0.36698 0.63946
0.40614 0.17244
0.09181 0.68598
0.32835 0.23593
0.75762 0.29282
0.02222 0.13565
0.23541 0.13308
0.23123 0.57618
0.65235 0.90031
0.44433 0.59053
0.13806 0.95792
0.47489 0.51301
0.20664 0.16272
0.97363 0.24950
0.44509 0.37808
0.10836 0.98716
0.38286 0.87787
0.35823 0.26027
0.21674 0.45488
0.61386 0.71876
0.43745 0.06914
0.75610 0.71653
0.46708 0.20572
0.58084 0.62029
0.40661 0.25448
0.95586 0.72934
0.91896 0.56420
0.96351 0.96806
0.37098 0.78224
0.01936 0.35490
0.15470 0.11821
0.66266 0.86450
0.39925 0.60134
0.41375 0.73560
0.06032 0.52927
0.46137 0.77441
0.75841 0.48510
0.81430 0.63237
0.68907 0.14952
0.30216 0.66471
0.11679 0.86964
0.80643 0.04733
0.61652 0.96231
0.33162 0.87343
0.36914 0.96248
0.95293 0.48291
0.75137 0.87878
0.28870 0.19755
0.92624 0.02214
0.42584 0.19260
0.64119 0.80101
0.30022 0.79699
0.89959 0.94232
0.37414 0.36733
0.25689 0.17657
0.40517 0.25644
0.54688 0.54248
0.86493 0.65077
0.42199 0.63942
0.80337 0.93845
0.88550 0.28950
0.67914 0.47228
0.69721 0.64975
0.44976 0.11554
0.70268 0.80619
0.35586 0.76710
0.80255 0.71225
0.87453 0.58243
0.73397 0.36464
0.76636 0.27788
0.99569 0.08513
0.70027 0.48944
0.21700 0.98505
0.29096 0.88924
0.56458 0.95595
0.67290 0.09433
0.97750 0.05431
0.87102 0.77785
0.39656 0.42551
0.47133 0.93713
0.58374 0.32700
0.10662 0.27013
0.04638 0.02715
0.72623 0.70949
0.95670 0.33835
0.01574 0.49710
0.43211 0.54641
0.15933 0.00543
0.90075 0.04449
0.47950 0.55840
0.68010 0.52068
0.39022 0.24756
0.26714 0.23020
0.16676 0.34660
0.68935 0.00679
0.10129 0.68340
0.41859 0.01418
0.22520 0.93790
0.59101 0.14856
0.45192 0.93704
0.44742 0.95841
0.81667 0.11021
0.49893 0.33311
0.42706 0.28490
0.83622 0.51297
0.32368 0.61043
0.23563 0.92577
0.42189 0.86711
0.97523 0.47599
0.32380 0.46696
0.35229 0.74509
0.49244 0.82166
0.62313 0.48833
0.45223 0.17672
0.06113 0.32198
0.52931 0.75651
0.98552 0.10903
0.62989 0.65975
0.51046 0.26853
0.34819 0.80144
0.77707 0.55273
0.99381 0.40620
0.69832 0.61770
0.51321 0.47246
0.50996 0.28556
0.84834 0.01008
0.45617 0.41446
0.95834 0.36327
0.10536 0.82749
0.62144 0.97338
0.68936 0.16521
0.59477 0.60596
0.92198 0.75122
0.81980 0.07460
0.04544 0.04977
0.18216 0.69124
0.19687 0.00442
0.39477 0.57927
0.32750 0.23601
0.59814 0.17087
0.47454 0.90673
0.38774 0.27086
0.51312 0.37046
0.43691 0.89282
0.75458 0.91771
0.28572 0.15640
0.38529 0.01508
0.31547 0.67799
0.30989 0.81850
0.48143 0.32159
0.29230 0.08232
0.68213 0.92448
0.15226 0.38259
0.56738 0.21416
0.68386 0.52302
0.93380 0.67309
0.49833 0.24095
0.88093 0.28714
0.10892 0.90396
0.78227 0.79267
0.94653 0.82200
0.91712 0.74646
0.80851 0.59949
0.64223 0.99535
0.01424 0.35135
0.34225 0.72171
0.00675 0.45450
0.50925 0.88358
0.71727 0.31055
0.45952 0.52467
0.84804 0.00220
0.54440 0.37772
0.16437 0.25605
0.61010 0.21884
0.19488 0.11050
0.17817 0.99415
0.43613 0.83357
0.78153 0.35771
0.38258 0.48157
0.68885 0.97457
0.84620 0.78965
0.34915 0.30542
0.36706 0.34643
0.71182 0.72176
0.35335 0.21873
0.27533 0.23330
0.68381 0.62258
0.60597 0.15821
0.48974 0.62073
0.53981 0.80725
0.96330 0.11423
0.30315 0.93169
0.80357 0.57885
0.03653 0.85457
0.41359 0.30527
0.67030 0.18265
0.76256 0.79641
0.21135 0.49946
0.40484 0.81587
0.24701 0.44211
0.48563 0.30964
0.64231 0.99233
0.52289 0.14262
0.49773 0.60126
0.28188 0.48043
0.64906 0.78403
0.99405 0.81087
0.83443 0.07043
0.83859 0.25835
0.39212 0.32652
0.73800 0.51556
0.66649 0.20963
0.71442 0.98253
0.92403 0.00178
0.93845 0.12300
0.55636 0.09198
0.50567 0.00195
0.77427 0.33154
0.99541 0.30725
0.14644 0.97730
0.00559 0.69603
0.67924 0.12519
0.54455 0.27725
0.60823 0.98934
0.34447 0.67883
0.96242 0.52836
0.94338 0.73456
0.36998 0.23100
0.10064 0.69490
0.14835 0.28846
0.26946 0.08253
0.10139 0.86300
0.87292 0.54805
0.90543 0.11060
0.80180 0.10458
0.04781 0.21706
0.35329 0.03588
0.67065 0.71155
0.66206 0.82276
0.56079 0.63530
0.89040 0.98947
0.59503 0.01757
0.05721 0.51909
0.13966 0.16721
0.84918 0.24275
0.42447 0.46794
0.14011 0.33343
0.79386 0.92274
0.83652 0.63987
0.56724 0.04844
0.06883 0.40395
0.21597 0.03074
0.16783 0.81194
0.05142 0.37323
0.59702 0.84712
0.62659 0.24499
0.01391 0.29349
0.88657 0.17008
0.85849 0.63129
0.85923 0.77226
0.22928 0.52213
0.56137 0.30711
0.12083 0.19619
0.32946 0.55122
0.94223 0.78133
0.97152 0.95506
0.66167 0.65418
0.88914 0.36375
0.10262 0.20325
0.98600 0.50730
0.37886 0.18855
0.50473 0.58192
0.53036 0.52634
0.97331 0.50031
0.48149 0.72536
0.63584 0.39169
0.63191 0.50026
0.63713 0.68588
0.98962 0.80011
0.63931 0.92259
0.33938 0.66760
0.49014 0.77048
0.89721 0.15291
0.01674 0.55456
0.16469 0.39372
0.72072 0.14269
0.10379 0.77282
0.65713 0.07790
0.58674 0.67291
0.44711 0.99614
0.41302 0.64904
0.77473 0.33470
0.57765 0.15447
0.42692 0.53418
0.60099 0.92489
0.94024 0.88171
0.47672 0.10947
0.22926 0.60168
0.44155 0.97866
0.23454 0.29974
0.33807 0.07284
0.56532 0.16282
0.36155 0.12638
0.68335 0.77776
0.88159 0.31984
0.74125 0.14158
0.60272 0.24821
0.94643 0.46853
0.17447 0.78819
0.33506 0.09796
0.17871 0.59329
0.19987 0.16100
0.09842 0.88080
0.04054 0.17312
0.60286 0.09755
0.20853 0.98070
0.68634 0.19525
0.44052 0.00606
0.35366 0.34179
0.90944 0.99318
0.98299 0.10817
0.59501 0.85848
0.34351 0.32406
0.60371 0.17284
0.73175 0.12881
0.78866 0.33425
0.77736 0.33622
0.64310 0.64310
0.51802 0.30198
0.36813 0.38335
0.16780 0.66958
0.23823 0.21480
0.72618 0.30923
0.99094 0.95826
0.07262 0.86249
0.31264 0.82084
0.74427 0.36739
0.54242 0.31708
0.54163 0.33532
0.71466 0.50647
0.90644 0.18486
0.97466 0.22390
0.86989 0.61750
0.07478 0.21796
0.91546 0.71813
0.63923 0.86699
0.76979 0.42631
0.75553 0.49570
0.97847 0.86020
0.11621 0.77769
0.06242 0.00174
0.28124 0.51036
0.69261 0.78940
0.90658 0.89102
0.30689 0.17264
0.53782 0.31541
0.73438 0.64432
0.86067 0.95161
0.63989 0.25954
0.98492 0.67268
0.20684 0.21705
0.41330 0.30241
0.61258 0.19528
0.58691 0.39698
0.47628 0.36520
0.46071 0.46012
0.68320 0.67527
0.52963 0.67463
0.17625 0.52171
0.96565 0.58735
0.66677 0.47132
0.00882 0.14765
0.17346 0.23555
0.32181 0.95338
0.54848 0.09370
0.08060 0.20088
0.22039 0.92054
0.79969 0.16659
0.65062 0.38100
0.76209 0.51195
0.12181 0.85617
0.47731 0.20219
0.27513 0.79676
0.74735 0.86652
0.57568 0.56960
0.36062 0.14222
0.63630 0.54566
0.35663 0.09328
0.27412 0.57043
0.38331 0.00722
0.77054 0.98765
0.74321 0.27398
0.78791 0.95665
0.41084 0.59201
0.78819 0.05132
0.43043 0.27627
0.10484 0.59709
0.46034 0.79520
0.24056 0.49589
0.01876 0.64725
0.36641 0.45308
0.78136 0.93101
0.81960 0.60295
0.03165 0.09345
0.61096 0.20221
0.72733 0.26558
0.13723 0.56284
0.48651 0.60903
0.29704 0.79177
0.72889 0.95252
0.99753 0.11579
0.76373 0.32762
0.68247 0.22482
0.70660 0.75036
0.13823 0.90906
0.10118 0.63306
0.65470 0.03486
0.33056 0.40529
0.17044 0.65188
0.42438 0.00803
0.29384 0.20769
0.23621 0.12085
0.55857 0.87818
0.19537 0.69738
0.76685 0.24779
0.99086 0.93532
0.90615 0.86786
0.14217 0.42493
0.49018 0.51220
0.21685 0.52407
0.01155 0.88256
0.91938 0.95109
0.28393 0.43614
0.46841 0.97881
0.86900 0.50458
0.20868 0.81717
0.53715 0.09829
0.80542 0.13326
0.12394 0.29730
0.07513 0.13722
0.23204 0.17067
0.19559 0.67997
0.64907 0.66729
0.11260 0.81920
0.77880 0.44098
0.95241 0.49863
0.29419 0.81079
0.59057 0.79782
0.98998 0.02622
0.97639 0.61527
0.70969 0.06226
0.27276 0.98610
0.89133 0.98175
0.50550 0.90229
0.50512 0.86067
0.22903 0.23966
0.48198 0.86795
0.98107 0.82076
0.00279 0.37754
0.97918 0.67888
0.62015 0.17103
0.84837 0.28983
0.06794 0.77434
0.64373 0.84268
0.60966 0.33882
0.83526 0.40519
0.76376 0.60269
0.05399 0.11341
0.99867 0.31852
0.20889 0.02329
0.25311 0.21406
0.53580 0.71896
0.38267 0.30738
0.88374 0.39577
0.50811 0.11167
0.24510 0.88496
0.87270 0.03923
0.96289 0.49725
0.00134 0.24385
0.17444 0.94841
0.20137 0.60582
0.94198 0.46794
0.56610 0.08131
0.06135 0.35942
0.92688 0.63301
0.38372 0.61989
0.93571 0.51753
0.08125 0.33660
0.00567 0.63933
0.11848 0.53757
0.66486 0.02814
0.25794 0.46791
0.57374 0.80779
0.96456 0.05625
0.45051 0.88358
0.29062 0.62989
0.14154 0.59283
0.56982 0.16630
0.89585 0.63836
0.56688 0.27913
0.18049 0.54945
0.16153 0.76513
0.57590 0.11256
0.34567 0.93002
0.25931 0.92189
0.21006 0.64400
0.62891 0.81178
0.53670 0.22420
0.67253 0.59059
0.77709 0.04847
0.17703 0.59297
0.86002 0.19085
0.40766 0.31632
0.50149 0.85841
0.67262 0.23219
0.10100 0.52862
0.56323 0.03479
0.68450 0.33353
0.21647 0.55890
0.07710 0.46801
0.08045 0.07394
0.34737 0.05262
0.48707 0.30232
0.98047 0.65833
0.58617 0.01688
0.90573 0.66801
0.99143 0.09191
0.07076 0.00153
0.74786 0.12932
0.49036 0.85742
0.50663 0.91295
0.84124 0.42933
0.28721 0.97310
0.97772 0.19342
0.75550 0.92276
0.99899 0.59230
0.06652 0.01833
0.17086 0.54577
0.88156 0.41128
0.28474 0.13324
0.10824 0.18661
0.66748 0.89858
0.98251 0.72505
0.47693 0.69029
0.31707 0.49671
0.16563 0.82455
0.28059 0.20721
0.40843 0.67164
0.19455 0.33880
0.45034 0.32783
0.15611 0.66062
0.13000 0.10706
0.34206 0.17349
0.00952 0.33737
0.76483 0.14020
0.86151 0.12304
0.24904 0.26591
0.40431 0.13250
0.58657 0.28245
0.06510 0.29254
0.62874 0.64080
0.95374 0.15264
0.50351 0.35766
0.52222 0.36000
0.38819 0.88653
0.01817 0.99494
0.04979 0.60113
0.88545 0.91834
0.34840 0.06660
0.35276 0.28286
0.23111 0.16861
0.46976 0.56511
0.38970 0.66911
0.52437 0.55619
0.70087 0.58189
0.43649 0.99918
0.26169 0.14777
0.31995 0.91700
0.65307 0.40994
0.63843 0.59899
0.58843 0.53735
0.99912 0.77843
0.66381 0.69036
0.99078 0.92319
0.71596 0.45467
0.55493 0.93700
0.85953 0.21684
0.18293 0.67459
0.97454 0.31617
0.28114 0.64220
0.47612 0.53706
0.65187 0.27388
0.30306 0.33064
0.91041 0.71379
0.46992 0.92803
0.99495 0.42290
0.87749 0.97528
0.61613 0.65929
0.46595 0.52563
0.63632 0.91710
0.06852 0.99268
0.97039 0.54567
0.99678 0.57040
0.63877 0.33741
0.48182 0.59321
0.18634 0.72443
0.02507 0.58090
0.95752 0.75651
0.82750 0.70267
0.58851 0.43308
0.76014 0.76192
0.58456 0.31430
0.60915 0.07013
0.63541 0.90199
0.19000 0.97707
0.01453 0.86888
0.64958 0.07507
0.65554 0.69546
0.03693 0.37975
0.60883 0.92602
0.97701 0.65026
0.25768 0.99394
0.30818 0.60559
0.23181 0.77416
0.54258 0.31486
0.58322 0.42175
0.74960 0.89402
0.16309 0.45827
0.58137 0.34671
0.91615 0.87926
0.22559 0.07459
0.62623 0.70534
0.82493 0.25368
0.94248 0.83869
0.09853 0.66382
0.29558 0.27766
0.46914 0.33258
0.66914 0.83124
0.31433 0.86848
0.88977 0.88418
0.44455 0.96992
0.32643 0.07110
0.80611 0.21687
0.14399 0.60736
0.86459 0.93338
0.79913 0.35215
0.29149 0.74032
0.77799 0.51489
0.19443 0.42799
0.04870 0.96923
0.64840 0.52582
0.39953 0.59442
0.38232 0.19741
0.98285 0.70711
0.43278 0.74877
0.25860 0.01196
0.49433 0.75435
0.67194 0.68483
0.65001 0.08280
0.91188 0.68687
0.35188 0.71722
0.30060 0.84472
0.62466 0.05944
0.48774 0.39652
0.52741 0.33429
0.47249 0.00579
0.23041 0.33075
0.31492 0.82463
0.16427 0.15023
0.27584 0.34567
0.34032 0.90882
0.60357 0.88557
0.32336 0.07177
0.03237 0.03617
0.58228 0.17120
0.46959 0.60612
0.38762 0.64078
0.36467 0.86185
0.43253 0.26097
0.87021 0.68627
0.66129 0.34216
0.33546 0.28540
0.73294 0.95491
0.68103 0.49634
0.53358 0.93268
0.86626 0.09742
0.46073 0.66406
0.86376 0.93383
0.76143 0.86455
0.79096 0.44438
0.66893 0.07539
0.57797 0.98025
0.33062 0.11025
0.30588 0.21203
0.05670 0.60595
0.46488 0.80143
0.85176 0.02814
0.16315 0.54205
0.72831 0.30338
0.56036 0.07454
0.84798 0.79170
0.15765 0.32396
0.57335 0.57538
0.83461 0.20293
0.94417 0.15642
0.37273 0.21346
0.75943 0.52865
0.72875 0.51449
0.37353 0.04206
0.73696 0.33789
0.91347 0.16253
0.98676 0.50004
0.17976 0.67225
0.38976 0.42083
0.61194 0.84166
0.23961 0.64820
0.55334 0.80586
0.78893 0.52229
0.40930 0.32908
0.38391 0.05789
0.97462 0.12787
0.81818 0.54146
0.18350 0.59658
0.42674 0.85771
0.62473 0.90320
0.15723 0.24572
0.87794 0.85723
0.80619 0.85468
0.92976 0.04106
0.14324 0.62328
0.49944 0.87253
0.35350 0.10433
0.83459 0.30342
0.51950 0.00200
0.62758 0.34744
0.23101 0.81923
0.00345 0.04075
0.13666 0.38489
0.54509 0.55861
0.12639 0.22256
0.79252 0.03713
0.78967 0.55521
0.98320 0.99248
0.05759 0.08782
0.19360 0.38968
0.29922 0.57871
0.13573 0.52527
0.00859 0.51090
0.59395 0.71190
0.51976 0.92510
0.90846 0.17054
0.53194 0.87045
0.69675 0.92248
0.50450 0.65018
0.45955 0.51015
0.81172 0.40050
0.69702 0.05153
0.21988 0.69067
0.91737 0.36841
0.04844 0.14091
0.99613 0.83913
0.37470 0.68604
0.61259 0.57914
0.97267 0.63332
0.64747 0.71459
0.41151 0.23811
0.52559 0.66082
0.57759 0.86765
0.89340 0.20236
0.47937 0.98830
0.53411 0.65701
0.26362 0.45323
0.04872 0.30650
0.06665 0.33653
0.18833 0.15985
0.89770 0.17287
0.46838 0.73563
0.76197 0.57434
0.56385 0.46396
0.77564 0.79215
0.70771 0.11704
0.14445 0.20452
0.38393 0.74141
0.91804 0.70677
0.86050 0.47103
0.94245 0.73084
0.38991 0.80310
0.90964 0.84386
0.01632 0.04504
0.45380 0.68779
0.67734 0.99870
0.17761 0.98499
0.80517 0.20329
0.74000 0.53273
0.55832 0.39414
0.12229 0.15714
0.38040 0.46168
0.67946 0.38844
0.90933 0.00077
0.82238 0.45053
0.13598 0.97505
0.90460 0.99912
0.44395 0.29486
0.89534 0.85391
0.34145 0.09944
0.76961 0.66964
0.40873 0.14400
0.96533 0.70661
0.38095 0.45662
0.17614 0.23236
0.00947 0.19758
0.85648 0.89591
0.40568 0.28871
0.56065 0.97020
0.27286 0.87398
0.20500 0.16794
0.16614 0.74182
0.85972 0.01474
0.26655 0.24127
0.94716 0.62531
0.74814 0.70446
0.65225 0.91662
0.63133 0.49436
0.45324 0.16310
0.75120 0.47264
0.50886 0.79244
0.83387 0.08559
0.26187 0.94722
0.68366 0.67843
0.81677 0.68017
0.51695 0.75315
0.39122 0.60905
0.51934 0.43359
0.23822 0.43310
0.23941 0.12498
0.51883 0.79336
0.77786 0.06981
0.21224 0.15405
0.51106 0.22316
0.82604 0.35466
0.98152 0.52251
0.46080 0.70261
0.42081 0.92223
0.45714 0.12611
0.55830 0.91375
0.10227 0.20333
0.55888 0.76369
0.79866 0.30660
0.03312 0.31094
0.67100 0.73248
0.36353 0.49875
0.31734 0.24486
0.99219 0.62353
0.92444 0.16433
0.38880 0.67955
0.94393 0.63491
0.17289 0.71137
0.77774 0.27260
0.07663 0.45894
0.84121 0.09348
0.85706 0.86563
0.90854 0.69993
0.56273 0.73148
0.82437 0.96641
0.09958 0.89156
0.50003 0.77239
0.96250 0.50106
0.07205 0.53671
0.89486 0.81756
0.34130 0.71070
0.86014 0.69079
0.68533 0.54201
0.14541 0.86260
0.39900 0.78490
0.50808 0.13425
0.76101 0.32844
0.83633 0.48504
0.69577 0.46684
0.53947 0.74677
0.79548 0.48952
0.64637 0.13368
0.30758 0.43903
0.94507 0.78139
0.32557 0.01216
0.19625 0.61444
0.30713 0.87675
0.55937 0.48494
0.17355 0.59080
0.35986 0.15544
0.23470 0.75275
0.61244 0.14721
0.11654 0.70881
0.72000 0.86416
0.86872 0.33491
0.21627 0.98332
0.11405 0.05096
0.36163 0.06380
0.54749 0.48845
0.22080 0.06634
0.26018 0.58714
0.61941 0.61807
0.54147 0.43277
0.37726 0.30044
0.26839 0.32810
0.59218 0.75923
0.48678 0.04369
0.06477 0.10900
0.41551 0.15338
0.89890 0.63903
0.28475 0.62360
0.10502 0.98302
0.97499 0.48929
0.32830 0.45254
0.42092 0.66128
0.61327 0.60542
0.82215 0.49531
0.33164 0.94634
0.71516 0.82381
0.64748 0.61770
0.43315 0.87730
0.27589 0.41852
0.55469 0.47008
0.86168 0.02359
0.00267 0.09698
0.13515 0.74159
0.19876 0.59745
0.19290 0.36974
0.27557 0.70521
0.81084 0.52075
0.40163 0.96627
0.75608 0.71305
0.91232 0.87495
0.82186 0.70060
0.79030 0.04702
0.50918 0.21158
0.80001 0.99954
0.73641 0.97508
0.46956 0.43475
0.71774 0.22583
0.32449 0.81431
0.31604 0.12172
0.40600 0.97785
0.98116 0.63436
0.71434 0.39199
0.72444 0.28124
0.96717 0.03775
0.26022 0.44884
0.47591 0.77901
0.43335 0.70375
0.06604 0.67419
0.83628 0.93733
0.27045 0.21148
0.57428 0.24721
0.17301 0.41812
0.12369 0.11944
0.08384 0.99794
0.85360 0.65203
0.00121 0.84540
0.41694 0.73264
0.58027 0.37361
0.17343 0.13342
0.12014 0.30135
0.35690 0.70906
0.88573 0.15919
0.59469 0.48518
0.27948 0.15021
0.54498 0.98781
0.95774 0.54398
0.88146 0.46759
0.91753 0.35182
0.80685 0.32686
0.29026 0.94427
0.82684 0.93321
0.74352 0.56061
0.01086 0.84534
0.79801 0.59950
0.90418 0.72631
0.40758 0.47379
0.58492 0.15800
0.65361 0.12124
0.57058 0.51006
0.35520 0.94287
0.12988 0.45698
0.75936 0.93398
0.12069 0.50157
0.22380 0.88767
0.97038 0.25823
0.36547 0.99802
0.69093 0.58202
0.53007 0.01043
0.39349 0.76462
0.55479 0.77763
0.20214 0.17010
0.07052 0.93013
0.12621 0.35695
0.14004 0.61253
0.83012 0.35907
0.03778 0.51029
0.64331 0.58892
0.69942 0.78554
0.88664 0.68420
0.35670 0.27535
0.03086 0.28314
0.21312 0.63615
0.42994 0.60288
0.71654 0.79816
0.97650 0.43822
0.08730 0.35410
0.90906 0.31343
0.55770 0.56718
0.89432 0.13071
0.49773 0.11088
0.94464 0.85338
0.49204 0.64081
0.10889 0.81510
0.43457 0.06149
0.07923 0.27283
0.72841 0.95214
0.78272 0.90745
0.84965 0.06734
0.32030 0.88072
0.73414 0.74261
0.58406 0.12439
0.27771 0.49654
0.26586 0.57935
0.96290 0.88832
0.99139 0.32731
0.09889 0.57731
0.85437 0.27330
0.87459 0.35500
0.29531 0.51224
0.68302 0.33689
0.24635 0.47816
0.93515 0.51445
0.57850 0.77116
0.36122 0.60921
0.47631 0.77079
0.15069 0.82591
0.32877 0.56753
0.37250 0.45993
0.75390 0.84594
0.97403 0.65695
0.06992 0.71582
0.03196 0.25024
0.60927 0.94610
0.68253 0.57266
0.08834 0.32938
0.20240 0.63853
0.79627 0.44341
0.78084 0.31380
0.23514 0.41765
0.13645 0.03332
0.54368 0.20652
0.00074 0.68721
0.31266 0.80902
0.17026 0.06701
0.46415 0.09837
0.64450 0.67980
0.79791 0.97805
0.98008 0.93133
0.66801 0.79539
0.91527 0.74277
0.34171 0.06742
0.09247 0.15995
0.95055 0.04015
0.99145 0.71234
0.04360 0.09581
0.02021 0.07719
0.06545 0.17850
0.81345 0.05218
0.56050 0.81248
0.12698 0.78677
0.35020 0.28837
0.18546 0.46924
0.59859 0.92130
0.46340 0.63663
0.76106 0.82735
0.36118 0.66149
0.78144 0.09422
0.03768 0.16062
0.39698 0.49030
0.12509 0.45967
0.69783 0.00620
0.70341 0.71805
0.02642 0.38769
0.07370 0.26646
0.01482 0.08623
0.51567 0.88858
0.44500 0.64575
0.35914 0.33967
0.36995 0.35532
0.29076 0.42663
0.45756 0.06800
0.16146 0.16487
0.91089 0.67032
0.61469 0.41607
0.38770 0.77766
0.30474 0.89758
0.37335 0.64909
0.54511 0.62725
0.32709 0.32138
0.44704 0.31736
0.46312 0.60693
0.00382 0.86972
0.17901 0.89865
0.49813 0.28003
0.33658 0.84860
0.17504 0.15822
0.91931 0.04242
0.43260 0.75046
0.22041 0.53578
0.36445 0.58385
0.62822 0.33047
0.26552 0.70320
0.09020 0.81110
0.34438 0.44051
0.47751 0.85779
0.69146 0.63954
0.40747 0.61536
0.45208 0.87821
0.91674 0.32345
0.26528 0.17137
0.88540 0.92642
0.34097 0.20618
0.49270 0.80099
0.85526 0.96478
0.46356 0.93839
0.97609 0.95748
0.15317 0.37202
0.27003 0.03594
0.15192 0.93512
0.24706 0.44436
0.58519 0.12768
0.63397 0.08423
0.93254 0.51099
0.77569 0.24902
0.91620 0.62929
0.69847 0.47937
0.60216 0.21963
0.66216 0.42036
0.54419 0.77687
0.13175 0.27265
0.68977 0.04150
0.26247 0.39463
0.96899 0.10755
0.66986 0.01448
0.76160 0.79351
0.60613 0.33967
0.14084 0.31430
0.55967 0.54886
0.96446 0.29656
0.77010 0.66269
0.28515 0.48109
0.54876 0.25002
0.00449 0.03877
0.63158 0.85478
0.97596 0.82162
0.99046 0.82620
0.16852 0.72054
0.25666 0.03531
0.72860 0.22603
0.14706 0.68109
0.08918 0.95607
0.43199 0.78069
0.84307 0.09258
0.71014 0.69777
0.06366 0.13429
0.56602 0.41812
0.71328 0.43295
0.51341 0.62305
0.51815 0.84832
0.17444 0.71021
0.27423 0.31453
0.82393 0.85451
0.88964 0.18607
0.61171 0.14292
0.14828 0.46143
0.47930 0.44211
0.19705 0.23852
0.44423 0.70316
0.54758 0.31231
0.62979 0.56187
0.53538 0.41146
0.67954 0.28815
0.83654 0.80334
0.20828 0.34833
0.28062 0.41881
0.41088 0.84608
0.68314 0.10743
0.68650 0.22482
0.82272 0.61227
0.34786 0.12338
0.96381 0.11240
0.83103 0.76650
0.91460 0.03857
0.38591 0.46189
0.81220 0.65135
0.34940 0.84291
0.73674 0.60007
0.39054 0.30706
0.84553 0.81924
0.34068 0.95422
0.32638 0.59756
0.86226 0.32367
0.16832 0.36089
0.60916 0.23361
0.05872 0.49849
0.73486 0.91922
0.63242 0.01275
0.29570 0.08588
0.72514 0.53010
0.95921 0.04878
0.48085 0.22074
0.76620 0.56567
0.42325 0.57696
0.95923 0.53698
0.02807 0.37524
0.84219 0.40907
0.31552 0.85882
0.87235 0.08834
0.53056 0.82562
0.75616 0.02590
0.71378 0.40733
0.95960 0.36833
0.10683 0.24064
0.24202 0.38215
0.14824 0.61933
0.83631 0.18125
0.95128 0.68403
0.51227 0.87634
0.20380 0.13990
0.50783 0.27279
0.51187 0.34263
0.34469 0.42495
0.44094 0.77944
0.22251 0.52905
0.33259 0.74416
0.38300 0.03159
0.35032 0.34249
0.91104 0.57686
0.38604 0.37097
0.37247 0.22679
0.70943 0.68139
0.10444 0.47459
0.13292 0.68761
0.44792 0.11990
0.15980 0.30934
0.36768 0.30823
0.86518 0.25163
0.52383 0.35047
0.96241 0.55399
0.52252 0.83739
0.68728 0.91308
0.40685 0.39756
0.79837 0.58259
0.77378 0.42864
0.05887 0.02205
0.74165 0.29994
0.45179 0.69712
0.25825 0.87090
0.91151 0.30488
0.86851 0.22210
0.96602 0.62423
0.31806 0.56848
0.83162 0.50184
0.19630 0.73664
0.45694 0.82052
0.03778 0.33009
0.51331 0.82862
0.94112 0.14881
0.02023 0.07156
0.54331 0.38299
0.98213 0.12684
0.06973 0.76362
0.44419 0.69169
0.33817 0.44571
0.41016 0.31150
0.57294 0.55865
0.83062 0.19657
0.10051 0.37538
0.12075 0.88913
0.83472 0.74420
0.72057 0.73283
0.64459 0.46653
0.26828 0.86407
0.64300 0.62886
0.65091 0.26618
0.06686 0.10329
0.59403 0.31477
0.20079 0.60376
0.42983 0.37311
0.46535 0.03195
0.01264 0.48354
0.70927 0.16968
0.04986 0.91166
0.49912 0.29565
0.81751 0.43266
0.56899 0.41520
0.99621 0.01512
0.09279 0.23470
0.19679 0.50974
0.84650 0.11901
0.17064 0.80264
0.60028 0.33763
0.42391 0.14484
0.79851 0.41238
0.39240 0.28498
0.28875 0.57264
0.61705 0.91155
0.09538 0.39863
0.06666 0.92578
0.99257 0.05581
0.42733 0.72560
0.02211 0.36366
0.64586 0.60282
0.53418 0.79852
0.41110 0.43173
0.21422 0.62786
0.08117 0.26075
0.61682 0.47541
0.40251 0.26425
0.16207 0.50717
0.57646 0.53577
0.56164 0.04281
0.87547 0.04999
0.09496 0.84937
0.29065 0.90407
0.00055 0.63446
0.71365 0.19825
0.60654 0.62751
0.85946 0.01255
0.96304 0.52654
0.97519 0.87685
0.72790 0.83539
0.28133 0.06223
0.78226 0.18377
0.80136 0.38172
0.23823 0.87526
0.81266 0.33599
0.65923 0.90229
0.89044 0.01213
0.18317 0.29582
0.18689 0.26951
0.13518 0.27960
0.51279 0.12127
0.70748 0.51857
0.63767 0.16384
0.85608 0.75964
0.17994 0.24908
0.91281 0.06234
0.68657 0.39219
0.06764 0.72270
0.57528 0.48195
0.10851 0.99481
0.35555 0.16207
0.87790 0.75533
0.34092 0.10322
0.73416 0.64944
0.06267 0.06490
0.12326 0.99516
0.49376 0.70456
0.87023 0.33529
0.60210 0.29194
0.67948 0.15256
0.47418 0.68501
0.44748 0.44536
0.72693 0.14462
0.81088 0.35920
0.91010 0.84293
0.91331 0.58519
0.91613 0.37359
0.65284 0.63863
0.62357 0.19788
0.26158 0.53318
0.89390 0.60090
0.84931 0.34208
0.54565 0.44473
0.16228 0.14324
0.39731 0.41256
0.58905 0.62317
0.95210 0.04264
0.99794 0.05007
0.20085 0.17687
0.77775 0.97448
0.19605 0.27094
0.83832 0.76796
0.43345 0.36268
0.63052 0.74676
0.82027 0.34220
0.95124 0.14533
0.87044 0.46114
0.17574 0.20487
0.52442 0.49322
0.72215 0.44931
0.02573 0.31791
0.12449 0.30949
0.60709 0.49738
0.94651 0.12904
0.12243 0.76705
0.43399 0.28243
0.03671 0.45781
0.97635 0.63676
0.11825 0.92907
0.21161 0.33210
0.63414 0.99184
0.78248 0.21064
0.48368 0.42738
0.79994 0.49756
0.07516 0.54639
0.59845 0.20219
0.60873 0.83457
0.61374 0.21429
0.55675 0.97529
0.98666 0.82613
0.49573 0.59939
0.63932 0.31505
0.56165 0.32579
0.83567 0.98251
0.70838 0.12865
0.52970 0.39069
0.70957 0.30173
0.80963 0.95012
0.32338 0.15988
0.29820 0.82184
0.39352 0.25462
0.55548 0.14452
0.65172 0.84253
0.03762 0.39806
0.32820 0.14650
0.28100 0.74175
0.60312 0.77946
0.04879 0.24131
0.97213 0.09865
0.65822 0.82699
0.56531 0.90449
0.43685 0.92267
0.08243 0.57057
0.56981 0.21294
0.82541 0.23325
0.23195 0.91827
0.69948 0.07630
0.88969 0.24217
0.60206 0.96411
0.94818 0.80381
0.66355 0.85609
0.86309 0.07726
0.79788 0.87858
0.97700 0.24978
0.19401 0.60785
0.95909 0.11196
0.95426 0.12889
0.65053 0.28407
0.78038 0.54343
0.62869 0.26232
0.00330 0.20992
0.07748 0.11622
0.49075 0.54430
0.90608 0.16010
0.70059 0.83574
0.40343 0.34742
0.71682 0.94568
0.16810 0.73556
0.17679 0.97862
0.55713 0.10748
0.81916 0.59426
0.47663 0.58561
0.87542 0.39326
0.59127 0.30752
0.19784 0.25302
0.35792 0.48165
0.71440 0.49507
0.10726 0.39234
0.22486 0.96680
0.38691 0.55677
0.36999 0.67554
0.52665 0.94664
0.58457 0.26744
0.38570 0.97768
0.46510 0.52366
0.97025 0.75921
0.70096 0.70132
0.86807 0.26097
0.82488 0.18821
0.53684 0.59080
0.37977 0.30399
0.55197 0.71306
0.53233 0.92631
0.42239 0.57876
0.90646 0.62610
0.76908 0.96493
0.51576 0.37185
0.59671 0.15732
0.24928 0.11144
0.10225 0.82266
0.67653 0.56871
0.66335 0.40430
0.79113 0.71345
0.17018 0.76461
0.90699 0.22495
0.94565 0.19228
0.84850 0.64205
0.76770 0.21276
0.95605 0.10043
0.52530 0.68875
0.77706 0.59251
0.31524 0.90620
0.43845 0.54120
0.40067 0.19959
0.63324 0.02982
0.05222 0.15911
0.52749 0.52964
0.03169 0.48290
0.00962 0.65658
0.20119 0.70159
0.95108 0.50213
0.46603 0.83262
0.71357 0.25069
0.04841 0.00875
0.59197 0.31374
0.64006 0.44281
0.20448 0.54707
0.78847 0.12911
0.44326 0.69264
0.22989 0.77036
0.83523 0.99071
0.34576 0.43538
0.62872 0.72827
0.01209 0.08044
0.58931 0.27106
0.97132 0.76107
0.63626 0.96400
0.26784 0.41910
0.08853 0.88214
0.49443 0.07844
0.17875 0.14165
0.41360 0.81307
0.83176 0.32702
0.59827 0.67178
0.56517 0.91187
0.42901 0.39698
0.51786 0.25524
0.30195 0.79985
0.51297 0.20908
0.49328 0.85992
0.84502 0.95473
0.25542 0.90648
0.92344 0.47893
0.25026 0.37530
0.56070 0.02878
0.54043 0.46759
0.29889 0.21951
0.90815 0.97806
0.74597 0.40283
0.72140 0.75554
0.39157 0.05073
0.66863 0.44874
0.89872 0.35632
0.31068 0.73637
0.97917 0.57864
0.90859 0.62687
0.99943 0.68920
0.27549 0.90035
0.78739 0.50646
0.26309 0.82665
0.47444 0.00228
0.88713 0.06194
0.99003 0.68318
0.82059 0.96224
0.79114 0.04811
0.68039 0.49650
0.87871 0.18937
0.05259 0.64065
0.02329 0.82640
0.50026 0.24629
0.20832 0.04166
0.96186 0.87314
0.70898 0.74362
0.61375 0.57777
0.64599 0.51797
0.94241 0.34585
0.46828 0.64812
0.31113 0.68307
0.24748 0.14387
0.86863 0.88759
0.50437 0.16928
0.38718 0.61341
0.79022 0.27459
0.70666 0.24024
0.68629 0.62985
0.55860 0.12561
0.50692 0.86938
0.30152 0.09028
0.52383 0.98692
0.76681 0.19782
0.33000 0.65556
0.98049 0.74353
0.37664 0.93098
0.07380 0.09185
0.80950 0.45685
0.92965 0.75663
0.67304 0.40582
0.77708 0.40540
0.53790 0.18127
0.65447 0.63350
0.74515 0.51094
0.51370 0.37438
0.45676 0.41388
0.48249 0.33317
0.86841 0.38430
0.34357 0.98126
0.74887 0.85489
0.89815 0.07953
0.40748 0.95583
0.51706 0.82413
0.47611 0.51181
0.39840 0.01907
0.88268 0.36785
0.73032 0.07898
0.66345 0.75811
0.27181 0.78275
0.83058 0.98787
0.60724 0.51538
0.07853 0.17386
0.15052 0.00712
0.75931 0.76727
0.85182 0.20563
0.03081 0.69939
0.26396 0.67124
0.18621 0.47620
0.71032 0.46408
0.21749 0.72316
0.22105 0.63754
0.85316 0.30644
0.13355 0.51067
0.52672 0.69244
0.79044 0.27658
0.84527 0.36942
0.44481 0.52335
0.20992 0.62065
0.12832 0.67226
0.47937 0.18517
0.33259 0.24819
0.90449 0.05908
0.88525 0.25223
0.68895 0.63920
0.37034 0.33014
0.25614 0.88256
0.71829 0.99580
0.45437 0.69010
0.85356 0.00156
0.71326 0.56145
0.64773 0.33532
0.42077 0.19416
0.34839 0.57278
0.96231 0.77248
0.59167 0.87366
0.19946 0.05209
0.88992 0.50038
0.46610 0.50410
0.81427 0.36859
0.86331 0.13546
0.41133 0.44734
0.01811 0.81418
0.25652 0.60812
0.75380 0.50343
0.06604 0.35986
0.56854 0.71537
0.75990 0.55098
0.56228 0.05467
0.86690 0.69030
0.37510 0.93460
0.72047 0.16985
0.34112 0.19437
0.62065 0.44896
0.25443 0.79028
0.64517 0.41409
0.85811 0.12660
0.39019 0.02137
0.84762 0.13794
0.06248 0.03811
0.28519 0.74315
0.74763 0.90596
0.08060 0.23512
0.75373 0.08494
0.14798 0.15287
0.44255 0.98609
0.99294 0.71170
0.33139 0.15476
0.17606 0.05363
0.91835 0.62653
0.18075 0.00459
0.53749 0.62603
0.99232 0.43876
0.71726 0.73459
0.80295 0.62722
0.52486 0.73213
0.10712 0.88296
0.49815 0.71639
0.51474 0.79539
0.67164 0.84078
0.15502 0.49612
0.37430 0.92171
0.68436 0.06360
0.13418 0.52511
0.18531 0.28237
0.41446 0.19040
0.33340 0.74852
0.17756 0.92593
0.53212 0.05468
0.08982 0.50051
0.63349 0.53666
0.94407 0.94045
0.08797 0.46857
0.56450 0.25964
0.48787 0.28630
0.58566 0.87130
0.14172 0.38591
0.59157 0.30219
0.74282 0.37495
0.33670 0.26861
0.60009 0.52030
0.23442 0.15502
0.48770 0.23265
0.18129 0.28842
0.34631 0.00180
0.38368 0.39693
0.87458 0.04426
0.73845 0.21660
0.45367 0.30822
0.86245 0.54189
0.96968 0.59514
0.93248 0.21870
0.32067 0.20602
0.46015 0.56312
0.75405 0.05466
0.93039 0.64330
0.19966 0.44826
0.14752 0.09736
0.11797 0.05012
0.48594 0.45722
0.27180 0.97370
0.36525 0.84782
0.48590 0.43216
0.99965 0.05322
0.95798 0.38805
0.44518 0.12212
0.07658 0.88593
0.37392 0.00187
0.24161 0.96961
0.58773 0.09265
0.58044 0.51872
0.64358 0.50790
0.66461 0.79235
0.77430 0.32332
0.01472 0.90077
0.00227 0.58685
0.80566 0.59620
0.78578 0.86869
0.41568 0.44100
0.17203 0.32574
0.87566 0.26157
0.81686 0.41250
0.66916 0.81133
0.01324 0.57851
0.29387 0.17137
0.22432 0.42121
0.54376 0.15491
0.26680 0.67813
0.67620 0.96246
0.30173 0.27575
0.09051 0.95043
0.03721 0.22696
0.74324 0.80059
0.71894 0.85728
0.89597 0.41420
0.35935 0.25637
0.76189 0.16172
0.06158 0.72067
0.24522 0.17995
0.14663 0.06127
0.35828 0.61959
0.75553 0.30081
0.62473 0.09632
0.65964 0.15522
0.51764 0.45882
0.04339 0.31968
0.21472 0.45892
0.47075 0.44592
0.52179 0.40475
0.19043 0.02217
0.40748 0.53967
0.47670 0.00619
0.81230 0.88149
0.11038 0.16766
0.23846 0.57455
0.67318 0.17102
0.14609 0.06911
0.70125 0.61081
0.07121 0.15226
0.37669 0.18928
0.53361 0.92745
0.95952 0.73853
0.76196 0.70822
0.25477 0.41159
0.58061 0.58021
0.75107 0.88003
0.85321 0.37005
0.20566 0.58299
0.43651 0.68453
0.14286 0.09000
0.67441 0.19289
0.64498 0.87800
0.49225 0.55068
0.52460 0.36538
0.88423 0.07037
0.09075 0.19454
0.59242 0.03538
0.15166 0.85025
0.53375 0.50084
0.34088 0.32144
0.61848 0.84180
0.28353 0.46844
0.93390 0.49630
0.37267 0.51724
0.88696 0.95300
0.50034 0.16865
0.69422 0.30729
0.65316 0.61024
0.50534 0.33224
0.35700 0.56309
0.54047 0.62394
0.88220 0.06466
0.50099 0.37123
0.95702 0.61383
0.44207 0.09336
0.38347 0.00545
0.35483 0.44725
0.80673 0.83696
0.00742 0.88083
0.70403 0.69904
0.96969 0.31615
0.18367 0.00727
0.80105 0.98705
0.70847 0.62058
0.04598 0.23347
0.63717 0.59606
0.49927 0.54804
0.80550 0.91454
0.29589 0.15745
0.25585 0.67200
0.43621 0.42931
0.48756 0.48432
0.60091 0.35323
0.74637 0.44139
0.65012 0.71357
0.77765 0.36477
0.54811 0.92049
0.41401 0.18006
0.07430 0.06344
0.09294 0.03019
0.13353 0.30559
0.12958 0.93101
0.54788 0.38257
0.58548 0.33211
0.10506 0.74040
0.11066 0.95139
0.50854 0.42712
0.51107 0.60360
0.41132 0.80719
0.79387 0.63315
0.55717 0.44214
0.27074 0.44144
0.56341 0.06110
0.91948 0.40588
0.08330 0.41608
0.59904 0.80221
0.53453 0.69812
0.61107 0.14547
0.83911 0.61729
0.05138 0.37798
0.89708 0.07611
0.56526 0.08931
0.73508 0.10151
0.91682 0.15294
0.62054 0.48795
0.23689 0.32589
0.70712 0.98026
0.63147 0.84420
0.44063 0.73079
0.33410 0.69118
0.07796 0.07538
0.35037 0.14700
0.61290 0.34188
0.93635 0.93019
0.63475 0.59942
0.17408 0.62679
0.72453 0.00960
0.17298 0.30469
0.91717 0.39397
0.33269 0.92555
0.86257 0.28719
0.92879 0.51604
0.99331 0.20808
0.21348 0.89769
0.03933 0.38915
0.06201 0.35444
0.19654 0.34082
0.59302 0.38982
0.65351 0.86697
0.27192 0.46951
0.18650 0.53273
0.06908 0.11423
0.56266 0.91434
0.95174 0.34950
0.44456 0.08345
0.91705 0.97328
0.18066 0.13359
0.63007 0.42015
0.92389 0.33131
0.01080 0.18121
0.67983 0.88935
0.19014 0.66612
0.46969 0.47996
0.56855 0.78448
0.79995 0.51949
0.50003 0.65542
0.49782 0.22269
0.35989 0.49023
0.31756 0.61024
0.09090 0.63662
0.51404 0.62582
0.19775 0.94166
0.52751 0.57828
0.87043 0.20331
0.21761 0.57173
0.66976 0.16833
0.40181 0.02918
0.80200 0.71597
0.31269 0.39100
0.43397 0.06147
0.23284 0.21008
0.53618 0.26336
0.23012 0.63483
0.72708 0.22986
0.04867 0.55805
0.48223 0.55955
0.01274 0.71705
0.15986 0.69554
0.76227 0.87366
0.39958 0.93879
0.02576 0.21914
0.31635 0.00136
0.58861 0.49078
0.15063 0.57936
0.22099 0.22648
0.25228 0.78734
0.94408 0.71373
0.37086 0.98781
0.17958 0.42902
0.27242 0.39550
0.30560 0.17076
0.54337 0.05965
0.81490 0.22508
0.89728 0.66437
0.93103 0.28171
0.74689 0.42647
0.09205 0.65138
0.18465 0.04123
0.33448 0.86311
0.69611 0.58677
0.69070 0.89764
0.59654 0.38626
0.13388 0.12075
0.63091 0.15006
0.61521 0.74446
0.28164 0.54113
0.13499 0.40949
0.99784 0.30005
0.32632 0.08267
0.54781 0.81081
0.58405 0.63419
0.09809 0.58113
0.68911 0.49816
0.52896 0.16604
0.51013 0.37864
0.67192 0.75868
0.99047 0.61416
0.83579 0.66267
0.66549 0.72519
0.59046 0.64762
0.36368 0.87628
0.08527 0.25877
0.40154 0.26437
0.23399 0.97250
0.59796 0.93479
0.80036 0.22634
0.53020 0.87407
0.03059 0.44920
0.99984 0.40986
0.14639 0.49084
0.03094 0.97134
0.44812 0.70895
0.34401 0.34658
0.57231 0.00838
0.18937 0.34681
0.36338 0.28927
0.98118 0.51969
0.12439 0.95598
0.54270 0.17776
0.76762 0.43948
0.04073 0.10916
0.18446 0.30126
0.66144 0.91689
0.37111 0.89234
0.28574 0.87232
0.46314 0.60337
0.77057 0.32838
0.00928 0.01774
0.56753 0.70798
0.74085 0.79888
0.82327 0.72550
0.79430 0.41917
0.07195 0.06691
0.42889 0.21251
0.21498 0.13330
0.63192 0.40634
0.42077 0.72342
0.57535 0.73842
0.39077 0.58434
0.20993 0.10814
0.45297 0.76972
0.98995 0.07744
0.81067 0.01553
0.89364 0.65343
0.04605 0.44480
0.34322 0.40551
0.51468 0.03530
0.62975 0.03241
0.99437 0.93131
0.77568 0.69278
0.82905 0.91964
0.09521 0.54601
0.49505 0.82897
0.94848 0.45296
0.78890 0.38088
0.13794 0.70037
0.09501 0.85177
0.25715 0.07731
0.47062 0.82208
0.41443 0.94329
0.11147 0.18309
0.97279 0.40711
0.26372 0.57386
0.96966 0.16476
0.92014 0.55703
0.73428 0.87844
0.51738 0.49442
0.38574 0.35391
0.26596 0.51375
0.23221 0.17109
0.26025 0.96374
0.90305 0.12446
0.01938 0.15357
0.59769 0.35975
0.93054 0.75531
0.43164 0.11754
0.68752 0.02897
0.10405 0.28901
0.53000 0.31874
0.28343 0.98355
0.64816 0.41171
0.35466 0.93574
0.99548 0.11138
0.78905 0.26897
0.03358 0.27345
0.06104 0.76451
0.19659 0.63135
0.90974 0.20172
0.54402 0.87809
0.05401 0.13739
0.34970 0.15823
0.79120 0.85833
0.45702 0.26843
0.01427 0.96599
0.41143 0.30681
0.98513 0.56470
0.83114 0.68255
0.01582 0.41209
0.20457 0.14070
0.65297 0.85991
0.63798 0.98242
0.89628 0.89862
0.47260 0.56602
0.04771 0.47017
0.62416 0.92887
0.05244 0.72452
0.92117 0.84702
0.24334 0.82570
0.39429 0.51908
0.31137 0.96372
0.01201 0.29679
0.87978 0.29402
0.35062 0.76837
0.76091 0.34042
0.17038 0.81059
0.01709 0.58969
0.78595 0.81355
0.37586 0.71767
0.10744 0.03986
0.43541 0.95597
0.55206 0.46497
0.97988 0.65397
0.45657 0.32230
0.87761 0.55906
0.94503 0.13169
0.39701 0.82192
0.29442 0.08273
0.61444 0.79751
0.95601 0.38536
0.83577 0.73317
0.96615 0.98251
0.83477 0.85486
0.97052 0.74332
0.88461 0.85144
0.48087 0.51281
0.91389 0.18784
0.39377 0.74175
0.93599 0.02197
0.72884 0.24750
0.61306 0.40543
0.50971 0.35717
0.55800 0.00852
0.37986 0.69557
0.22003 0.96434
0.63904 0.01919
0.24089 0.48937
0.93117 0.32366
0.55721 0.61479
0.95825 0.82760
0.41914 0.32478
0.22925 0.29381
0.71860 0.03896
0.96322 0.53257
0.88747 0.61429
0.17915 0.49310
0.37645 0.54096
0.53194 0.36686
0.55838 0.77434
0.06313 0.71940
0.89517 0.00255
0.59244 0.00889
0.38397 0.57241
0.07811 0.01515
0.34974 0.15566
0.10527 0.94719
0.07548 0.90819
0.38696 0.35601
0.50516 0.76413
0.76035 0.76490
0.48880 0.20522
0.43501 0.46419
0.50578 0.79407
0.54770 0.00126
0.00743 0.00340
0.52503 0.66483
0.40687 0.58978
0.99223 0.42077
0.10409 0.86977
0.23978 0.08929
0.39004 0.92260
0.75260 0.69005
0.97991 0.26584
0.37187 0.97140
0.67076 0.07776
0.95288 0.97497
0.06361 0.59830
0.74500 0.07793
0.70631 0.52991
0.56555 0.71627
0.28366 0.25126
0.22883 0.72371
0.47026 0.54623
0.83646 0.56422
0.74293 0.81407
0.33721 0.88772
0.89769 0.79814
0.66594 0.57383
0.17744 0.98818
0.86544 0.86247
0.92212 0.94220
0.84847 0.82031
0.12475 0.05216
0.64458 0.66545
0.47154 0.81494
0.44120 0.71069
0.05864 0.77097
0.80788 0.97923
0.99878 0.43123
0.18956 0.09866
0.46426 0.36396
0.00433 0.91785
0.68366 0.65068
0.04732 0.99441
0.41694 0.91362
0.38223 0.63735
0.40273 0.71235
0.01030 0.80039
0.25032 0.50022
0.23976 0.98467
0.72015 0.15874
0.41178 0.42149
0.54848 0.63964
0.13242 0.61737
0.26639 0.87601
0.45699 0.55321
0.76667 0.67777
0.13341 0.99310
0.27075 0.68334
0.78293 0.98528
0.21922 0.43879
0.58890 0.24376
0.25703 0.85918
0.13598 0.78597
0.41603 0.13725
0.69509 0.71878
0.00218 0.10116
0.19451 0.15177
0.74470 0.90692
0.30605 0.91121
0.32415 0.02273
0.46263 0.98356
0.50051 0.98337
0.79464 0.03219
0.78145 0.08802
0.59093 0.95111
0.98854 0.49169
0.63697 0.65726
0.69868 0.43183
0.81626 0.42997
0.35383 0.44645
0.93279 0.11707
0.41777 0.48909
0.61046 0.76309
0.98356 0.69361
0.46623 0.07144
0.56334 0.87859
0.62408 0.51609
0.48090 0.87490
0.82815 0.36584
0.27364 0.68022
0.61705 0.91825
0.70358 0.93924
0.50211 0.06667
0.03739 0.07361
0.81379 0.97733
0.93929 0.23050
0.60380 0.96846
0.31671 0.06401
0.33286 0.58838
0.39447 0.10205
0.96282 0.57550
0.81705 0.24932
0.25939 0.80126
0.33855 0.50733
0.79889 0.32614
0.48863 0.10004
0.01751 0.00046
0.47720 0.65937
0.46963 0.33423
0.46995 0.64355
0.89950 0.74523
0.16348 0.82050
0.09468 0.64783
0.32923 0.79277
0.75902 0.95677
0.55594 0.74820
0.47184 0.16956
0.59502 0.70520
0.26988 0.01086
0.60765 0.16222
0.36553 0.94603
0.87646 0.65848
0.39358 0.65262
0.26808 0.32172
0.58179 0.68530
0.57945 0.03660
0.63829 0.62491
0.84663 0.14594
0.89834 0.37471
0.18517 0.38005
0.39193 0.65604
0.33254 0.49511
0.90861 0.63045
0.39234 0.44187
0.88576 0.79797
0.98310 0.48332
0.39804 0.48250
0.25785 0.83016
0.65151 0.02695
0.76783 0.16961
0.26752 0.81968
0.20592 0.69323
0.39855 0.21095
0.87375 0.38121
0.36683 0.99109
0.92892 0.39864
0.20357 0.98367
0.14871 0.19121
0.60835 0.15646
0.74063 0.59262
0.06553 0.61480
0.92944 0.10679
0.70613 0.41740
0.43063 0.74922
0.90137 0.67798
0.04208 0.69758
0.99655 0.84451
0.81639 0.16247
0.15240 0.62526
0.26466 0.84644
0.05953 0.02087
0.70403 0.05782
0.74839 0.19330
0.35255 0.33911
0.62756 0.72469
0.90488 0.24398
0.67339 0.14315
0.25796 0.64533
0.79818 0.76516
0.20393 0.16013
0.64975 0.49337
0.62457 0.25778
0.61693 0.68532
0.54626 0.92171
0.86547 0.59476
0.84480 0.66214
0.07889 0.53558
0.75815 0.73481
0.92317 0.30013
0.37813 0.99728
0.62624 0.72454
0.91216 0.32079
0.16086 0.14600
0.05096 0.84099
0.68675 0.15675
0.27135 0.94757
0.05039 0.34065
0.25081 0.27800
0.92685 0.99662
0.80056 0.79678
0.40501 0.47171
0.91724 0.40643
0.66365 0.82423
0.02992 0.09945
0.46213 0.42351
0.67586 0.53013
0.39502 0.89555
0.13451 0.21803
0.88684 0.15164
0.06893 0.09043
0.00481 0.68564
0.14236 0.35054
0.80601 0.87720
0.66885 0.49749
0.95906 0.40405
0.57633 0.19079
0.66617 0.67056
0.38533 0.04445
0.65362 0.66241
0.92631 0.66004
0.65210 0.41399
0.02762 0.20210
0.96660 0.62489
0.28781 0.49579
0.80172 0.03081
0.39896 0.05328
0.25979 0.44510
0.84246 0.31648
0.36768 0.03698
0.85289 0.45994
0.43185 0.33247
0.20190 0.04126
0.87102 0.74477
0.34987 0.52380
0.44522 0.56457
0.85974 0.65480
0.09378 0.30661
0.05215 0.60070
0.62118 0.63463
0.58946 0.89641
0.71055 0.80542
0.10062 0.81526
0.67971 0.27673
0.72925 0.23896
0.82289 0.27223
0.49328 0.96726
0.61251 0.14289
0.03337 0.53994
0.71553 0.18479
0.86283 0.09721
0.36103 0.37464
0.93130 0.48971
0.98187 0.68852
0.11148 0.52297
0.21430 0.86501
0.10162 0.52753
0.99140 0.52195
0.34238 0.47174
0.12915 0.97887
0.75593 0.78472
0.30823 0.03262
0.98200 0.56707
0.00994 0.18753
0.02870 0.44654
0.81736 0.89628
0.92933 0.92783
0.62493 0.48212
0.89966 0.45047
0.33797 0.98964
0.88897 0.58333
0.95854 0.25317
0.90059 0.53215
0.44400 0.12033
0.92326 0.54174
0.13903 0.96134
0.56357 0.45846
0.84164 0.38767
0.48101 0.74939
0.00476 0.17192
0.22029 0.08823
0.89350 0.57552
0.50669 0.34820
0.68954 0.00932
0.31650 0.73843
0.90943 0.44149
0.63705 0.13373
0.08290 0.16600
0.39932 0.08919
0.69160 0.29164
0.25545 0.13877
0.90633 0.01430
0.78738 0.27168
0.33594 0.82857
0.65714 0.44199
0.51229 0.66728
0.24847 0.08947
0.84253 0.36193
0.52922 0.27296
0.79502 0.58831
0.87729 0.96249
0.57735 0.84693
0.27948 0.14580
0.29736 0.12970
0.59685 0.40237
0.14025 0.67171
0.32603 0.95859
0.30776 0.91638
0.79234 0.13893
0.39285 0.68994
0.70292 0.44678
0.66203 0.25745
0.46842 0.94430
0.38173 0.05538
0.96739 0.68918
0.03435 0.65864
0.00501 0.02230
0.30030 0.71059
0.82414 0.15723
0.17494 0.71468
0.17486 0.45663
0.37387 0.22317
0.31272 0.40471
0.62050 0.65489
0.92330 0.45600
0.17394 0.66283
0.30350 0.11894
0.03028 0.40972
0.18728 0.29017
0.43170 0.53346
0.62983 0.96949
0.39395 0.57269
0.57137 0.19808
0.29061 0.69093
0.58207 0.21049
0.55236 0.19777
0.56776 0.72587
0.83490 0.57399
0.51743 0.06167
0.54042 0.39528
0.79023 0.60105
0.48483 0.15440
0.90596 0.59455
0.26258 0.97044
0.88322 0.00668
0.12125 0.52322
0.78245 0.53687
0.19973 0.24767
0.79943 0.64073
0.58460 0.39393
0.91772 0.64398
0.37697 0.61498
0.48124 0.00323
0.66410 0.80459
0.53111 0.78073
0.08393 0.75158
0.33335 0.10986
0.83125 0.27876
0.28376 0.51532
0.25850 0.83802
0.40965 0.49887
0.14041 0.90005
0.15286 0.46257
0.74312 0.72781
0.77394 0.25195
0.79048 0.51231
0.16509 0.55389
0.29746 0.43203
0.56638 0.72075
0.24106 0.25376
0.11845 0.17724
0.77752 0.78071
0.44697 0.38545
0.69509 0.31955
0.32923 0.79429
0.59750 0.29007
0.32549 0.26400
0.88386 0.98116
0.43644 0.51338
0.43346 0.70588
0.97107 0.70120
0.35151 0.68108
0.96540 0.48316
0.70058 0.06114
0.25825 0.26011
0.53750 0.42597
0.72338 0.78921
0.89798 0.77308
0.26703 0.68648
0.50205 0.82550
0.90146 0.27091
0.71492 0.48361
0.28884 0.50593
0.88878 0.72803
0.91584 0.05184
0.15838 0.66522
0.17646 0.12648
0.41560 0.90184
0.76422 0.75713
0.05534 0.79682
0.23434 0.36817
0.24576 0.73592
0.02697 0.87273
0.29117 0.48643
0.31720 0.63764
0.53848 0.05037
0.40232 0.21038
0.17100 0.87243
0.63121 0.17025
0.22844 0.07308
0.77256 0.40818
0.67005 0.23215
0.80863 0.15990
0.16882 0.13147
0.17489 0.24833
0.11710 0.79100
0.05051 0.89766
0.56797 0.72784
0.74487 0.06308
0.14784 0.36099
0.77115 0.54217
0.39460 0.85560
0.24668 0.22001
0.65031 0.39499
0.23613 0.97602
0.73369 0.33569
0.54516 0.96607
0.36333 0.71562
0.89511 0.33736
0.97996 0.32263
0.88584 0.28512
0.53793 0.63842
0.88745 0.71554
0.28405 0.76140
0.44352 0.53757
0.55646 0.78834
0.80234 0.60770
0.47566 0.69931
0.85384 0.44451
0.42952 0.34338
0.22915 0.41687
0.19620 0.47004
0.56567 0.34579
0.66029 0.59995
0.34217 0.35532
0.68808 0.66790
0.78961 0.62131
0.51945 0.08959
0.34101 0.11706
0.95623 0.32711
0.98987 0.20911
0.49877 0.60670
0.38108 0.55081
0.42315 0.78277
0.58978 0.52868
0.82750 0.61333
0.65083 0.16597
0.84393 0.45725
0.81138 0.01041
0.39810 0.76547
0.17513 0.09670
0.94821 0.43213
0.67290 0.42720
0.99030 0.81135
0.59182 0.68219
0.39416 0.97451
0.98904 0.43021
0.05423 0.32782
0.84551 0.70666
0.93234 0.57281
0.59915 0.76623
0.94884 0.73024
0.84344 0.39427
0.62899 0.88231
0.59096 0.80607
0.56592 0.29151
0.61248 0.39920
0.07888 0.84605
0.52269 0.04793
0.66888 0.22572
0.17477 0.89357
0.10373 0.46137
0.28135 0.91876
0.15627 0.17633
0.72111 0.52437
0.12712 0.90186
0.41014 0.13690
0.82268 0.17487
0.68033 0.56486
0.45277 0.62935
0.27603 0.31757
0.56490 0.02966
0.42335 0.72269
0.60542 0.56188
0.56893 0.77658
0.82359 0.60343
0.04554 0.34490
0.17006 0.48652
0.95661 0.97985
0.27672 0.20843
0.93680 0.66371
0.04046 0.89705
0.56973 0.71976
0.36603 0.96335
0.47414 0.08387
0.41109 0.79978
0.93678 0.90567
0.92811 0.12502
0.37956 0.64540
0.83527 0.52320
0.87950 0.16592
0.96959 0.22113
0.52772 0.96143
0.18845 0.47123
0.85768 0.41983
0.01259 0.47394
0.70653 0.32527
0.16345 0.82980
0.36049 0.72272
0.79638 0.41924
0.88235 0.15434
0.03636 0.12687
0.91454 0.06605
0.34561 0.85402
0.42173 0.59267
0.03952 0.61708
0.22242 0.38023
0.03239 0.06829
0.32218 0.53073
0.04160 0.81501
0.27170 0.56731
0.17789 0.35149
0.64989 0.90659
0.69692 0.13396
0.14307 0.36041
0.09125 0.45110
0.22139 0.98836
0.74145 0.73342
0.22492 0.30552
0.99670 0.47137
0.15790 0.54024
0.24917 0.42371
0.51420 0.97192
0.29550 0.29887
0.18063 0.31950
0.23013 0.25346
0.30953 0.65083
0.04229 0.00881
0.22767 0.70726
0.02849 0.96142
0.75937 0.58776
0.54794 0.11063
0.61824 0.26509
0.92668 0.23255
0.28931 0.11229
0.19288 0.13415
0.90946 0.55733
0.36718 0.28256
0.88228 0.73040
0.25322 0.07906
0.65617 0.62045
0.34277 0.60332
0.25161 0.86761
0.22078 0.72056
0.55811 0.09003
0.73639 0.64962
0.41526 0.43264
0.99379 0.59031
0.03780 0.81756
0.40074 0.81815
0.67989 0.15763
0.39921 0.36957
0.00199 0.84958
0.14490 0.33105
0.85313 0.54987
0.27111 0.67531
0.04808 0.50033
0.48884 0.10762
0.58504 0.25299
0.95435 0.00426
0.26582 0.28525
0.85614 0.81680
0.69837 0.27071
0.38436 0.39506
0.07240 0.30959
0.98521 0.34321
0.32982 0.31726
0.59285 0.08951
0.80774 0.73739
0.56089 0.01821
0.66594 0.36980
0.88701 0.62728
0.30519 0.78276
0.70847 0.79244
0.77753 0.97114
0.21721 0.89010
0.68233 0.53034
0.11309 0.04503
0.29638 0.00120
0.97424 0.42100
0.97061 0.60439
0.39783 0.20927
0.75648 0.74122
0.65838 0.87105
0.99402 0.33723
0.75861 0.34653
0.18946 0.10380
0.28587 0.50973
0.69358 0.76950
0.95824 0.15455
0.33429 0.56715
0.83348 0.46412
0.23000 0.20013
0.80291 0.69195
0.27941 0.53612
0.73749 0.13503
0.21013 0.17928
0.37044 0.64498
0.87991 0.80758
0.07662 0.09667
0.96655 0.24725
0.49961 0.47325
0.51812 0.02641
0.34683 0.78567
0.76451 0.63413
0.77405 0.87999
0.89203 0.44720
0.49349 0.25315
0.52350 0.39052
0.05281 0.76853
0.25041 0.38469
0.73249 0.02697
0.34407 0.53310
0.54591 0.06803
0.33237 0.42932
0.27505 0.18471
0.54996 0.55542
0.48228 0.00984
0.90026 0.19735
0.08582 0.97868
0.42355 0.45367
0.90184 0.53844
0.96454 0.62483
0.13352 0.49755
0.25255 0.09868
0.01157 0.56008
0.06224 0.26823
0.07462 0.03655
0.98339 0.89190
0.22187 0.71619
0.31590 0.46892
0.12566 0.39184
0.67424 0.09839
0.64962 0.75981
0.99123 0.91273
0.15181 0.24193
0.14930 0.59825
0.08007 0.28705
0.12060 0.75637
0.63073 0.14414
0.48436 0.45522
0.29165 0.44990
0.41363 0.92057
0.05815 0.72769
0.16165 0.72651
0.76241 0.81324
0.08002 0.67075
0.06113 0.81743
0.45516 0.76085
0.63849 0.64860
0.29459 0.70134
0.05269 0.20720
0.44225 0.08079
0.70076 0.82005
0.91222 0.06650
0.80381 0.36305
0.15398 0.64646
0.67815 0.85867
0.13935 0.52147
0.76952 0.98781
0.57814 0.07044
0.99336 0.05226
0.60169 0.56968
0.80784 0.98088
0.20303 0.53044
0.20080 0.59564
0.23632 0.80869
0.24573 0.85988
0.53143 0.67199
0.16642 0.94846
0.40423 0.48757
0.66496 0.32264
0.39402 0.31115
0.55759 0.51263
0.67955 0.59096
0.02417 0.32394
0.78215 0.52953
0.36144 0.69074
0.72873 0.29688
0.00725 0.50703
0.48434 0.30321
0.94504 0.38150
0.55033 0.60702
0.33036 0.52161
0.14293 0.73612
0.20071 0.42114
0.85956 0.42465
0.69804 0.59575
0.14826 0.01870
0.57276 0.20157
0.00992 0.11562
0.03674 0.37624
0.34250 0.94886
0.84650 0.00557
0.53051 0.17700
0.04736 0.84794
0.90209 0.85797
0.38281 0.44318
0.25848 0.85690
0.20866 0.57844
0.71412 0.13836
0.16960 0.56652
0.15251 0.58925
0.95916 0.51315
0.41336 0.65434
0.74255 0.65044
0.29540 0.39298
0.11943 0.19990
0.54211 0.07790
0.92959 0.68315
0.65279 0.80728
0.43235 0.33026
0.61958 0.52016
0.47410 0.30682
0.63194 0.27945
0.55405 0.13505
0.99824 0.70819
0.40324 0.03570
0.36657 0.41894
0.61241 0.21643
0.85265 0.55145
0.92997 0.68836
0.79561 0.68626
0.80805 0.51391
0.88725 0.12260
0.96748 0.20101
0.61652 0.48642
0.62187 0.87928
0.12275 0.29710
0.29811 0.54063
0.55204 0.95161
0.85722 0.04043
0.01752 0.79976
0.93058 0.01251
0.14566 0.98231
0.12435 0.39221
0.35152 0.94022
0.38765 0.90896
0.12028 0.09820
0.77976 0.99418
0.22407 0.76718
0.69978 0.74431
0.62844 0.38352
0.22577 0.77845
0.43526 0.49675
0.22166 0.76271
0.16209 0.58598
0.04035 0.99258
0.83399 0.06723
0.79191 0.37472
0.67882 0.09136
0.01623 0.73892
0.61898 0.74990
0.09388 0.49240
0.09445 0.50495
0.62250 0.06488
0.76962 0.98329
0.17620 0.71095
0.35959 0.07241
0.31388 0.69760
0.58345 0.15398
0.01027 0.23220
0.89748 0.69586
0.34426 0.41909
0.29563 0.78437
0.61341 0.48892
0.26732 0.06550
0.50788 0.97174
0.24283 0.06721
0.48437 0.00310
0.39684 0.47126
0.11043 0.01444
0.86996 0.00660
0.66601 0.80947
0.35109 0.83810
0.87803 0.10097
0.45452 0.16731
0.47528 0.47797
0.97173 0.15915
0.52129 0.85470
0.97327 0.51825
0.12495 0.82306
0.66166 0.19581
0.53704 0.38587
0.14531 0.53410
0.45437 0.84692
0.69655 0.88492
0.80273 0.90209
0.87757 0.00830
0.65461 0.18988
0.31055 0.35798
0.17368 0.25502
0.55516 0.93481
0.20206 0.08666
0.22821 0.99166
0.79597 0.77214
0.78626 0.08793
0.65771 0.12497
0.82704 0.04070
0.48829 0.07240
0.96621 0.68170
0.14383 0.02795
0.29397 0.87465
0.20862 0.22400
0.49419 0.04687
0.58810 0.45128
0.88466 0.98040
0.11341 0.03294
0.65511 0.26649
0.22746 0.63192
0.69506 0.06137
0.54187 0.13509
0.12791 0.83308
0.94778 0.00549
0.61467 0.71140
0.98238 0.86394
0.17098 0.46257
0.44852 0.75140
0.27720 0.20956
0.95084 0.56267
0.10941 0.95428
0.49059 0.87975
0.62354 0.95155
0.78534 0.74450
0.52545 0.23284
0.61296 0.99709
0.62756 0.50149
0.48806 0.65124
0.48838 0.44335
0.06711 0.45716
0.47976 0.74103
0.67125 0.15017
0.29812 0.91293
0.50528 0.09873
0.24461 0.62608
0.03175 0.11362
0.07112 0.71881
0.44545 0.49116
0.58351 0.95480
0.50340 0.78529
0.04578 0.31190
0.50734 0.35168
0.30040 0.44393
0.75130 0.81552
0.08493 0.92894
0.77829 0.41277
0.56348 0.70350
0.53263 0.04125
0.35777 0.31084
0.29244 0.86787
0.62620 0.47334
0.68443 0.13206
0.25130 0.77536
0.27474 0.70774
0.53904 0.15411
0.02461 0.53040
0.78408 0.61029
0.93138 0.42612
0.34698 0.54016
0.30411 0.29275
0.21353 0.55140
0.63580 0.17743
0.59517 0.81069
0.28664 0.61041
0.57292 0.14451
0.09974 0.10528
0.27458 0.50123
0.24248 0.12926
0.77855 0.73492
0.11631 0.19833
0.99054 0.33866
0.12055 0.00776
0.71192 0.53022
0.63265 0.16698
0.53652 0.83667
0.12177 0.79492
0.28951 0.08813
0.37029 0.63794
0.54059 0.82753
0.94816 0.06232
0.34668 0.99402
0.75661 0.72851
0.96287 0.06324
0.45244 0.01310
0.64630 0.78208
0.37215 0.31446
0.84185 0.73900
0.92384 0.65387
0.74987 0.05500
0.43960 0.08887
0.00748 0.17820
0.12133 0.28541
0.27212 0.58161
0.36989 0.56487
0.56735 0.61638
0.28286 0.12234
0.12488 0.36753
0.29908 0.26667
0.63284 0.99675
0.60362 0.40852
0.66345 0.65896
0.08683 0.09333
0.66245 0.25031
0.71695 0.65192
0.53219 0.23766
0.75032 0.35587
0.59880 0.30113
0.31473 0.10438
0.02437 0.84628
0.76448 0.93352
0.40857 0.35144
0.70317 0.61372
0.82056 0.91103
0.47130 0.75384
0.60162 0.07959
0.29679 0.06011
0.81417 0.13920
0.23586 0.70089
0.90015 0.57658
0.96152 0.71033
0.94088 0.83918
0.34018 0.38467
0.31899 0.94465
0.13206 0.87718
0.55952 0.10046
0.09126 0.84110
0.76304 0.55065
0.54016 0.03648
0.45794 0.02580
0.56392 0.57817
0.03241 0.65324
0.05984 0.36077
0.23700 0.21030
