0.46614 0.76130 0.14487
0.77455 0.64148 0.48244
0.65518 0.49627 0.17543
0.40238 0.81638 0.30169
0.51206 0.21232 0.96262
0.91413 0.06357 0.71608
0.71574 0.96411 0.16744
0.59952 0.94250 0.22071
0.54951 0.80414 0.12485
0.49789 0.81795 0.16290
0.68820 0.35966 0.06962
0.91552 0.32437 0.52140
0.04322 0.13866 0.27551
0.88425 0.02176 0.91291
1.08291 0.64493 0.32584
0.88650 0.09008 0.04975
0.68890 0.57771 0.21086
0.68882 0.58504 -0.03845
0.58366 0.46794 0.23617
0.60702 0.34071 0.44196
0.30393 0.03094 0.37092
0.92368 0.81929 0.20336
0.27638 -0.06405 0.48938
0.50567 0.79317 0.19167
0.82563 1.00257 0.35069
0.70554 0.56796 0.25808
0.35416 -0.05192 0.60360
0.56186 0.58761 0.35783
-0.04587 0.55358 0.40379
0.64595 0.25429 0.65239
0.71647 0.57294 0.27631
0.90927 0.66985 0.19400
0.85329 -0.10139 0.87149
0.20956 -0.00641 0.10411
0.16793 -0.35645 0.33737
0.13056 0.18561 0.35888
0.13027 0.86246 0.04675
0.37979 0.78971 0.40186
0.25385 0.08123 0.46660
0.32376 0.06535 0.35483
0.56532 0.74327 0.26353
0.20030 0.13425 0.41702
0.91749 0.78975 0.22643
0.59496 0.33283 0.61415
0.51030 0.49686 0.14804
0.64915 0.47405 0.06538
0.54880 0.79647 0.43173
0.78793 0.20355 0.05359
-0.21549 0.68385 0.17551
0.67752 0.31802 0.54270
0.45398 0.13859 0.71664
1.00891 0.31914 0.34616
0.81201 0.03964 0.75488
0.18690 0.16774 0.49572
0.74540 0.71850 0.20101
0.66183 0.47805 -0.17683
0.69257 0.71993 0.38661
0.91436 0.57993 0.09157
0.53866 1.03175 0.27793
0.14026 0.16918 0.15329
0.58196 0.48641 0.08337
0.98808 0.82358 0.06244
0.91011 0.11328 0.19148
0.55332 0.60624 0.06141
0.64405 0.11507 0.75957
0.52375 0.38733 0.65644
0.82393 1.01606 0.37271
0.63730 0.30868 0.62346
1.00057 0.71411 0.21566
0.25995 1.04046 0.11113
0.79785 0.91274 0.19871
0.05805 0.59725 0.34452
0.65124 0.80149 0.17015
0.45064 0.16259 0.21815
0.76249 0.35263 0.30226
0.68641 -0.08904 0.91647
0.54872 0.72387 0.17359
0.39597 0.23846 0.25346
0.77361 0.81669 -0.25320
0.36812 0.10924 0.78267
0.77425 0.78934 0.04279
0.69804 0.16314 0.25102
1.04976 0.31961 0.15081
0.51009 0.42760 0.57658
0.81694 1.05034 0.22092
0.41900 0.81864 0.26404
0.66252 0.47665 0.75331
0.46300 0.08823 0.71262
0.00527 0.78796 0.30398
-0.04286 0.73836 0.44249
0.97597 0.59534 0.09089
0.55959 0.91167 0.21845
0.45804 0.45499 0.14125
0.75333 0.56279 0.23604
0.53660 0.65199 0.07561
0.96728 0.74888 0.11871
0.73627 1.09962 0.32439
1.05901 0.36152 0.27886
0.60728 0.71126 -0.03486
0.10651 0.62482 0.17527
1.22021 0.66840 0.12923
1.00990 0.58409 0.42021
0.50282 -0.06798 0.31363
0.56871 0.46636 0.52533
0.92883 0.09797 0.76323
0.29025 0.86157 0.14582
0.18880 -0.03380 0.11377
0.95107 0.79973 0.30412
0.95803 0.09780 0.20507
0.78066 0.48776 0.10955
0.97000 0.28051 0.49877
0.83428 0.30113 0.58700
0.77491 1.09698 0.35475
0.84496 0.63227 0.05789
0.53270 0.65782 0.06671
0.32237 0.14642 0.64885
0.29736 -0.05231 0.69776
0.21017 -0.00336 0.04957
0.71118 0.44859 0.08909
0.35634 0.85381 0.23574
0.86869 0.35049 0.37394
0.07193 0.03421 0.37517
0.46454 0.66865 0.27456
0.21773 -0.03625 0.71301
0.84722 0.77528 0.30083
0.99366 0.97871 0.19268
0.62372 0.63343 -0.03725
0.67722 1.03611 0.22649
0.32597 -0.02152 0.58390
0.60197 0.49932 0.25913
0.82228 0.19737 0.86601
0.59587 0.72212 0.51947
0.51892 0.83461 0.21044
-0.03473 0.67736 0.24861
0.48727 0.64860 0.41541
0.52080 0.51820 0.06617
0.67957 0.39982 0.63860
0.89678 0.25819 0.44435
0.73009 0.50690 0.08727
0.54970 1.01071 0.14237
0.94076 0.14880 0.17298
0.67616 0.09003 0.76612
0.74990 0.44845 -0.07028
0.27334 0.15940 0.27573
0.27937 -0.05660 0.24193
0.73947 0.02775 0.86784
0.69483 0.58142 0.02698
0.89455 0.78197 0.27212
0.77172 0.21917 0.58062
0.87288 -0.00648 0.82189
0.62984 0.60656 0.31658
0.74574 0.35604 0.68701
0.22721 0.99982 0.22717
0.88949 0.16907 0.85011
0.54111 1.07794 -0.07533
0.42861 0.61308 0.52120
0.94839 0.18129 0.10203
0.70530 0.57729 0.10665
0.13280 0.72441 0.14589
0.83982 0.73846 0.12444
-0.02055 0.05536 0.52355
0.40728 0.91103 0.13412
0.78739 0.09603 0.90720
0.43316 0.67905 0.43289
0.73981 1.05680 0.35031
0.97087 0.42135 0.30142
0.19939 0.07379 0.25547
0.23953 0.04660 0.78630
-0.08954 0.58860 0.20595
0.72088 0.19405 0.96391
0.71045 0.13729 0.63738
0.47917 0.66820 -0.03748
0.39902 0.47905 0.06816
0.36203 1.07664 0.31821
-0.03862 0.69834 0.16018
0.20823 0.09863 0.70530
0.32052 0.17108 0.72658
0.74522 0.68128 -0.03862
0.45974 0.79465 0.20870
0.89599 0.55196 -0.09298
0.67343 0.15498 0.80760
0.77372 0.29874 0.57755
0.11953 0.09321 0.52654
0.56341 0.48176 0.03010
0.87038 0.23248 0.49121
0.49385 0.66264 0.11063
0.40108 0.75026 0.30285
0.53829 0.84176 0.39117
0.69647 0.57144 -0.06646
0.88691 0.35220 0.42191
0.53436 0.68861 0.39533
0.63194 0.63512 0.46053
0.90483 0.35383 0.37276
0.28962 0.14562 0.56399
0.80468 0.60845 0.05054
0.76920 0.60063 0.14685
1.02715 0.65692 0.32198
0.86669 0.08214 0.94313
0.39419 -0.02936 0.40487
0.57967 0.47935 0.71340
0.66631 0.62437 -0.00973
0.64704 0.27414 0.95892
0.34618 0.95437 0.00902
0.43784 0.81575 0.42614
0.57237 0.49468 0.19265
0.63879 0.43937 0.70823
0.94417 0.31480 0.14814
0.72985 0.49162 -0.00840
0.77357 0.39102 0.45459
0.32509 0.87252 0.06039
0.96287 0.79078 0.22865
0.57894 0.86442 0.06342
0.68832 0.97282 0.37301
0.27816 0.12249 0.23210
0.83510 -0.07096 0.78254
0.52108 0.69739 0.19179
0.19029 0.06017 0.21379
0.57659 0.93431 0.26743
0.33789 0.29026 0.24690
0.56878 0.80252 0.32496
0.73674 0.55882 0.09351
0.56885 0.56040 0.28723
0.60785 0.27883 0.98357
0.62535 0.16752 0.74511
0.43261 0.63168 0.38311
0.69513 -0.16912 0.75580
0.77199 0.59311 -0.01121
0.29140 0.94092 0.24483
0.63815 0.66711 0.13846
0.77572 0.61496 0.24485
0.67380 0.44721 0.46876
0.80860 0.63784 -0.03810
0.63124 -0.00157 0.76337
0.93140 0.13680 0.80109
0.63738 0.82546 0.33220
0.84046 0.76627 0.37633
0.84302 0.76135 0.24019
0.47683 0.04761 0.39527
0.47839 0.67574 0.25939
0.33255 0.57751 0.21878
0.58019 0.70751 0.24291
0.75952 0.63381 -0.08114
0.61987 0.14645 0.88233
0.29472 -0.10182 0.26088
0.88452 0.98189 0.31537
0.95102 0.33795 0.25063
0.63919 0.78456 0.16799
0.66751 0.59170 0.49155
0.67017 0.68513 0.04892
0.95357 0.63527 0.25197
-0.12448 0.70820 0.29056
0.29186 0.21217 0.35678
0.76300 0.56630 0.22069
0.86128 0.17160 0.18187
0.69697 0.64244 0.12986
0.48925 0.37118 0.40726
1.08266 0.61267 0.20899
1.08766 0.36101 0.37787
0.72315 0.73762 0.28144
0.51998 0.38670 0.30861
0.44536 0.77832 0.21528
0.82434 0.09186 0.71660
0.68560 0.47389 0.17318
0.74582 0.61783 -0.02699
0.90104 0.44991 0.57230
0.80084 0.73357 0.20731
0.24098 -0.04913 0.82481
0.67289 0.17513 0.88335
-0.12505 0.76081 0.02875
0.59446 1.01247 0.29350
0.50069 0.41815 0.10460
0.65076 0.57318 0.06597
0.60361 0.58868 -0.02817
0.70960 0.85868 0.13975
0.62696 0.97025 0.46732
0.64215 0.43236 0.60718
0.39887 0.83374 0.30790
0.57240 0.83925 0.09656
0.60674 0.32831 0.63936
0.85563 0.24120 0.32481
0.27801 -0.15212 0.35913
-0.00598 0.73226 0.08408
0.43977 0.76925 0.15889
0.18642 0.17187 0.10659
0.65519 0.85015 0.13403
0.90199 0.72775 0.14564
0.29823 0.07426 0.68964
0.67854 0.87261 0.10269
0.63764 0.88679 0.18116
0.52403 0.45983 0.24247
0.64109 0.46194 -0.13608
0.34865 0.17493 0.02239
0.99582 0.11749 0.85657
0.49080 0.89258 0.15706
0.37920 0.23709 0.61312
0.70903 0.49664 0.17130
0.86724 0.80127 0.21119
0.70756 -0.06076 0.79544
0.66088 0.51029 0.29020
0.37921 0.90320 0.19307
0.06473 0.21119 0.18880
1.00160 0.76056 0.15301
0.96984 0.48561 0.42453
0.83807 0.04289 0.89399
0.74899 0.59207 0.37432
0.89207 0.61463 0.21820
0.74604 0.53874 -0.01940
0.31357 0.00408 0.68916
1.03919 0.76348 0.28491
0.71848 0.15502 0.91914
0.38081 0.87767 0.11310
0.67519 0.82059 0.22568
0.51304 0.57048 0.37462
0.26309 0.27169 0.57630
0.85071 -0.10506 0.86195
0.27769 0.15412 0.11583
0.58762 1.04788 0.12844
0.73881 0.12011 0.16152
0.61644 0.64551 0.21263
0.17457 -0.00339 0.09828
0.45068 0.24130 0.03798
1.05456 0.73864 0.37767
0.52807 0.82646 0.24559
0.22383 0.14098 0.44789
-0.09827 0.61911 0.05328
0.80570 0.66438 0.09553
0.11705 0.72995 0.02022
0.72419 0.66488 0.19367
1.10896 0.55870 0.10099
0.78882 0.93726 0.08859
0.69266 1.02534 0.38302
0.99440 0.05417 -0.11679
0.99912 0.89434 0.18674
0.41627 -0.00849 0.56561
0.72500 0.50486 0.16248
0.75410 0.63176 0.51579
1.01684 0.08010 0.20544
0.37989 0.84604 0.18269
0.85054 0.13782 -0.13647
0.73161 0.99348 0.43232
0.22980 0.02135 0.37229
0.73387 0.08242 0.80225
0.57056 0.54580 0.17674
0.65386 0.54024 -0.07770
0.84714 0.98012 0.34332
0.29502 0.05819 0.25898
0.47213 0.94359 0.06259
-0.11569 0.53236 0.08829
0.55485 0.95572 0.32800
0.50097 0.66554 -0.06107
0.36342 0.79512 0.26820
1.00570 0.76265 0.27742
0.64956 0.64789 0.04357
0.09320 0.03013 0.38723
0.66430 0.62065 -0.05514
-0.23187 0.66245 0.06935
0.73018 0.13344 0.64825
0.81261 -0.13196 0.66351
0.32873 0.09630 0.24559
0.69314 0.91975 0.40498
0.67981 0.65483 -0.00343
0.34088 0.13482 0.70557
0.50582 0.16148 0.65321
-0.00566 0.65597 0.15797
1.03972 0.82685 0.22159
-0.01843 0.69741 0.30607
0.66984 0.54939 0.18470
0.60054 0.66099 0.01915
0.78714 0.62063 0.09390
0.47711 1.02058 0.03472
1.12683 0.32168 0.37921
0.58690 0.61939 -0.15515
0.46289 1.00405 0.28938
0.62386 0.83061 0.00035
1.07020 0.54479 0.08730
0.31139 0.76695 0.18588
0.56676 0.29526 0.85978
0.62230 0.17586 0.60848
0.75274 0.55386 0.03969
0.39204 0.16995 0.04312
0.58321 0.50618 0.51336
0.64210 0.63962 0.32197
0.45123 0.88513 0.17885
0.61209 0.73081 0.20185
0.78165 0.32938 0.06191
0.37231 0.13527 0.29511
0.73868 0.34296 0.44221
0.44979 0.89349 0.20976
0.05129 0.14074 0.82922
0.40283 0.13973 0.43532
1.06613 0.39057 0.66054
0.19851 0.01537 0.49910
0.65702 0.31696 0.44576
0.59635 0.48396 0.58412
0.50607 0.37988 0.89690
0.46855 0.61219 0.17732
0.91937 0.78078 0.18907
0.67186 0.15321 0.14338
0.52744 0.79398 0.24481
0.38229 0.81148 0.35362
0.16455 0.11707 0.40760
0.23008 0.14615 0.20118
0.59560 1.08215 0.30034
0.17975 0.12067 0.09246
-0.07694 0.66406 0.19264
0.68437 0.51612 0.14951
0.65390 0.28274 0.55226
0.39464 0.05162 0.87127
0.38435 0.66064 0.28440
0.77284 0.16828 0.00656
0.45888 0.85390 0.24553
0.54948 0.85171 0.15638
0.86564 -0.03840 0.88638
0.76312 0.61277 0.35678
0.75409 0.58643 0.16530
0.89354 0.82516 0.27930
0.64125 0.34554 0.50863
0.54712 0.52082 0.19017
0.55964 1.06776 0.21455
1.13030 0.63460 0.16352
0.94035 0.86325 0.29146
1.02388 0.31811 0.04237
0.64838 0.50200 0.11503
0.95671 0.01019 0.85105
0.60955 0.53023 -0.04342
0.58339 0.51230 0.13133
-0.00189 0.55534 0.22338
1.13167 0.35309 0.67806
0.92438 0.70923 0.25743
0.75906 0.23090 0.01228
1.00409 -0.01286 0.91462
0.81296 0.07541 0.20999
0.56296 0.88027 0.16415
0.77865 0.41077 0.01231
0.90003 0.05790 0.98276
0.89985 0.65998 0.21008
0.28676 -0.16998 0.47357
0.75949 0.46135 0.01104
0.60367 0.48909 -0.02101
0.28853 0.74609 0.29502
0.47976 0.67658 -0.15056
0.17446 -0.00454 0.46384
-0.04988 0.63755 0.21480
0.88753 -0.08862 0.81834
0.61798 0.32458 0.37731
0.38744 0.97077 0.23966
0.37268 -0.04538 0.49286
0.82119 -0.04842 0.18958
0.35218 0.71693 0.22312
0.80825 0.13521 0.61202
0.66331 0.66873 0.13102
0.61039 0.56458 0.34652
0.97632 0.28819 0.47440
0.40751 0.83254 0.02392
1.04456 0.33566 -0.01117
-0.14910 0.60206 0.26928
0.51293 0.86125 0.35938
0.74650 0.24640 0.63900
0.77940 0.90076 0.28020
0.31456 -0.00980 0.14251
0.77153 0.42998 0.90849
0.67864 0.70349 -0.00243
0.49899 0.67722 -0.17097
0.62386 0.60794 0.16723
0.70969 0.58801 0.18390
0.71430 1.07492 0.25707
0.70172 0.64025 0.23957
0.79923 0.52317 -0.16808
1.10122 0.84992 0.14383
0.44227 0.69130 0.01737
0.68179 0.12961 1.02074
0.88382 -0.04710 0.79719
0.46295 0.76047 0.33712
0.83206 0.58546 0.02780
0.81209 0.12774 0.02761
0.60557 0.64742 0.57000
0.94269 0.78618 0.29070
0.75464 -0.09005 0.60770
0.64398 0.88701 0.22290
0.22079 0.71534 0.03876
0.86080 0.23585 0.04939
0.51520 0.64557 0.20091
0.12117 0.67288 0.34809
0.92719 0.31724 0.29560
0.62072 0.45582 0.48597
0.53259 0.98126 0.30254
0.41828 0.78600 0.25092
0.68840 0.72573 -0.05085
0.65549 0.39888 0.66184
0.71451 0.53478 0.42483
0.71295 0.72636 0.04538
0.60938 0.29634 0.19411
0.90170 0.79313 0.03798
0.78171 0.61034 0.25301
0.42494 0.90412 0.07727
0.62397 0.90105 0.36231
0.85554 0.09055 0.07728
0.69031 -0.07794 0.85540
0.82274 0.11799 0.18669
1.08011 0.12956 0.17431
0.43809 1.12696 0.17310
0.81773 -0.08899 0.94448
0.33602 0.00378 0.11012
0.44784 0.09452 0.70119
0.80696 0.02629 0.21001
0.56380 0.56404 0.42976
0.30969 -0.04956 0.61980
0.46760 0.91129 0.23715
0.86561 0.60868 0.07654
1.06988 0.42568 0.28682
0.39260 0.13657 0.67542
0.65119 1.01341 0.40094
0.71464 0.45303 0.52527
0.67146 0.78677 0.27852
1.22193 0.31550 0.34798
0.95724 0.81095 0.25767
0.68383 0.62580 0.22106
0.99486 -0.01682 0.67694
0.54205 0.62567 0.25555
0.52433 0.61689 0.40399
0.36124 0.29212 0.04097
0.26055 0.21258 0.64765
0.73818 0.77169 0.02292
0.93776 0.20335 0.69409
0.48407 0.82684 0.13701
0.38256 0.09779 0.55170
0.24520 0.23170 0.15670
0.68001 0.20348 0.03237
0.52663 0.58991 0.16518
0.35829 0.85850 0.21820
0.40850 0.84213 0.19896
0.76304 -0.02668 0.77558
0.02595 0.82508 0.12713
0.80578 0.85357 0.17500
0.78557 0.89593 0.35393
1.17433 0.30445 0.47111
0.75024 0.54947 0.11560
0.46016 0.63656 0.49560
1.07804 0.40604 0.43940
0.92287 0.07951 0.00705
0.96236 0.77257 0.38019
0.85518 1.04475 0.22763
0.37895 0.11788 0.05713
0.66317 0.49476 0.39455
0.88816 0.59558 0.23819
0.47519 0.07570 0.19095
0.64644 0.63941 0.14097
0.71252 0.44273 -0.06916
0.70900 0.12692 0.70589
0.30732 0.09253 0.44928
0.28924 0.78925 0.30134
0.62017 0.94091 0.22423
0.29675 0.19383 0.16317
1.01763 0.83821 0.21329
0.57034 0.59631 0.25630
0.88703 0.73965 0.11862
0.56301 1.03348 0.30717
0.97463 0.69444 0.02793
0.53291 0.86942 0.33201
0.08849 0.06310 0.46946
0.67737 0.61773 0.01371
0.99170 0.69798 0.37554
0.74084 0.91232 0.45957
0.64713 0.92402 0.12160
0.56293 0.73575 0.32673
0.53820 0.34563 0.54227
0.41269 0.77754 0.18467
0.35775 0.02742 0.45548
1.15009 0.32904 0.41683
0.44804 0.30449 0.65371
0.61327 0.15002 0.97059
0.60364 0.30671 0.76853
0.73642 0.84037 0.09006
0.85938 0.02505 -0.06412
1.04958 0.68715 0.22987
0.42844 0.67822 0.19349
0.49856 0.07052 0.34382
0.54341 0.76124 0.45123
0.55782 0.82455 0.17230
0.86902 0.14337 0.02408
1.05555 0.27511 0.41340
0.59287 0.53389 -0.01293
1.15507 0.89815 0.25768
0.63196 0.52259 -0.09592
0.36863 0.96344 0.26606
0.48373 0.34929 0.72315
0.53273 0.50034 0.25526
0.02370 0.06320 0.19165
0.59359 0.37416 0.67183
0.99627 0.72673 0.30540
0.89189 0.19600 0.06443
1.15050 0.35935 0.52863
0.30487 0.85527 0.24415
1.02203 0.72201 0.29787
0.75593 0.83993 0.32403
0.56806 0.66859 0.48351
0.83927 0.63068 0.06831
0.77464 0.15512 0.26616
0.63582 -0.01230 0.77410
1.04779 0.89698 0.30301
0.51297 0.54512 0.40526
0.17738 0.06355 0.70365
0.99031 0.75983 0.15888
0.87081 0.16816 0.10326
0.48062 0.77421 0.27217
0.38079 0.08904 0.72152
0.33880 0.72339 0.42420
0.60250 0.47740 0.27948
0.52857 0.78588 0.24980
0.61468 0.72200 0.15403
0.64128 1.03498 0.35336
0.38971 0.99050 0.19342
0.62622 1.09633 0.17533
0.62555 0.43147 0.24385
-0.08474 0.69686 0.20531
0.91982 0.16343 0.35657
0.80603 0.83213 0.21000
0.35393 0.71485 0.27091
0.77802 0.71022 0.19097
0.93793 0.42795 0.48545
-0.01431 0.78443 0.23679
0.74191 0.18259 0.96238
0.83318 0.03326 0.06568
0.31050 0.22903 0.12736
0.77803 0.70968 0.10986
0.67578 0.30960 0.79080
-0.09419 0.77040 0.05051
0.25979 -0.02168 0.47375
0.69295 0.38542 0.49798
0.79009 0.83564 0.43626
0.45916 0.67731 0.18392
0.93547 0.46756 0.54891
0.30569 0.13488 0.11153
0.45616 0.71027 0.26064
0.65033 0.25166 0.91219
0.54982 0.78904 -0.12604
0.62486 0.23852 0.94151
0.78398 0.36392 0.48215
0.20825 0.09357 0.13342
0.25303 0.14035 0.26122
1.05835 0.26104 0.59535
0.79466 0.12266 -0.01685
0.38194 0.30465 0.26637
0.53834 0.97366 -0.08411
0.61793 0.15848 0.78347
0.76348 0.60908 0.10693
0.49515 1.07859 0.01412
0.55936 0.47982 0.35365
0.58329 0.63273 0.28518
-0.05906 0.61021 0.13193
0.68503 0.57259 0.02776
0.87485 0.63270 0.11985
0.47101 0.65690 0.25563
0.78505 0.28179 0.05484
0.57729 0.55269 -0.32418
0.63695 0.13972 0.85555
0.73249 0.27644 0.67807
0.53994 0.90485 0.13620
0.96903 0.62015 0.37063
0.47381 0.90950 0.06980
0.57241 0.96131 0.20873
0.52583 0.61116 0.07659
0.71897 0.29823 -0.01517
0.82320 0.89199 0.28203
0.72377 0.52615 -0.13027
0.92205 -0.04036 0.76396
0.65897 0.38723 0.17272
0.50912 0.10921 0.62981
0.93582 0.79398 0.26965
0.13852 0.69898 0.19569
0.54650 0.57148 0.37349
0.16288 0.66193 0.05519
0.22410 0.15854 0.11017
0.75133 -0.06550 0.89778
1.06548 0.72408 0.36315
0.58187 0.52724 0.25440
0.42607 0.87073 0.29586
0.22011 -0.05368 0.54805
0.77515 0.33497 0.61406
0.82255 0.83768 0.19330
0.53061 0.86184 0.30151
0.33031 0.11160 0.82994
0.87532 0.18406 0.88293
0.87925 0.29693 0.36747
0.83361 -0.07326 0.76293
0.25571 0.17781 0.83494
0.74520 0.50227 0.33301
0.33529 0.17083 0.71016
0.43152 0.85691 0.29230
0.74153 0.30384 -0.07234
0.96677 0.17435 0.88517
0.95837 0.05063 0.84091
0.27001 -0.03081 0.76066
0.58676 0.77125 0.47720
0.91596 0.83453 0.17756
0.74046 0.50858 0.05975
-0.09675 0.69239 0.35276
0.59343 0.16779 0.69480
0.62119 0.52417 0.26594
0.00602 0.70490 0.15136
0.56672 0.49434 0.24460
0.60441 0.53050 0.05375
0.83977 0.60749 0.29444
0.90537 0.65151 0.15234
0.60113 0.51426 0.61433
0.46751 0.67889 0.02132
0.30966 0.27492 0.18310
0.44756 1.05545 0.31722
0.39087 0.51638 0.34899
0.64344 0.44313 0.41733
0.44032 0.72957 0.01993
0.27223 0.86928 0.37681
0.51387 1.03938 0.21991
0.87643 -0.13577 0.72814
0.68736 0.38084 0.66008
0.48726 0.83730 0.09177
0.50808 0.59293 0.19094
0.03113 0.50756 0.10648
0.52318 0.14308 -0.10409
0.62516 0.87643 0.32453
0.54437 0.99270 0.19912
-0.10713 0.66742 0.01365
0.66303 0.63055 0.17420
0.16992 0.02126 0.18201
0.29920 0.16861 0.41402
0.61521 0.10041 0.82237
0.55386 0.99268 0.10305
0.80017 0.11258 0.15186
0.30666 0.74730 0.27869
0.84408 0.47201 0.17766
0.25160 0.18792 0.71019
0.98490 0.84670 0.26109
0.72386 0.90235 0.17810
0.49905 0.94798 0.21512
0.60211 0.41912 0.42120
0.30718 -0.00427 0.44421
0.73684 0.05863 0.93927
0.71459 0.54784 0.21753
0.76150 0.54780 -0.08517
0.81942 0.08199 0.74009
0.30424 0.80075 0.15993
0.86827 0.29634 0.19940
1.09583 0.73688 0.44586
0.58109 0.56620 0.14762
1.19073 0.76507 0.18522
1.03693 0.70888 0.11616
0.58721 0.88439 0.03702
0.66754 0.64442 0.07592
0.07561 0.03632 0.50386
0.27149 -0.07927 0.40078
0.95192 0.71535 0.39744
0.51352 0.64239 0.26111
0.50047 0.70352 0.31782
0.93568 0.65331 0.29410
1.00865 0.71107 0.24038
0.44325 0.79347 0.48819
0.89866 0.79544 0.15125
0.81308 0.63614 0.01155
0.45806 0.95284 0.32244
0.99881 0.42522 0.42826
0.62956 1.00734 0.17606
0.67770 0.28691 0.76325
0.60774 0.59357 0.44788
0.60508 0.66624 0.08150
0.66240 0.28223 0.32581
0.25013 0.74185 0.30884
0.81781 0.10823 0.19585
0.21482 0.77900 0.25656
0.08978 0.07018 0.49961
0.48394 0.90402 0.08407
-0.07257 0.74010 0.23670
0.16496 0.13874 0.46525
0.24931 -0.01600 0.46234
0.45035 0.09911 0.44980
0.25181 0.76159 0.38081
0.52421 0.31864 0.72626
0.42918 -0.03843 0.44751
0.94593 0.16808 0.51676
0.63311 0.89036 0.19601
0.76484 0.76615 0.15334
0.63928 0.54935 0.34568
1.10555 0.69747 0.31750
0.07824 0.69136 0.07949
0.49388 0.30893 0.77410
0.33914 0.80984 0.31877
0.58928 -0.10327 0.87257
0.96870 0.07188 -0.03196
0.24733 0.20740 0.17658
0.65119 0.53715 0.18841
0.54467 0.63295 0.17981
0.79571 0.38904 0.40019
0.55384 0.88180 0.06554
1.03757 0.75077 0.23920
0.59942 0.11991 0.94849
1.04625 0.53410 0.44688
0.76586 0.15678 0.28900
0.85571 0.73262 0.22713
0.91558 0.08619 1.03806
0.28828 0.11991 0.39858
0.01066 0.78409 0.15810
0.47846 0.81383 0.25132
0.83692 0.68238 0.13967
0.27830 0.04205 0.32100
1.05026 0.64907 0.22386
0.49353 0.51766 0.73230
0.33783 0.03446 0.48555
0.97384 0.76975 0.25445
-0.10103 0.69270 0.21628
0.64187 0.88879 0.12887
0.68277 0.04629 0.18907
0.42292 0.77691 0.29948
0.55621 0.44764 0.12826
0.63632 0.81982 0.04320
0.53247 1.11569 0.26799
0.83755 0.06393 0.73808
0.66745 0.05210 0.94404
-0.09069 0.59030 0.16490
0.67232 0.49448 -0.00472
0.98341 0.66232 0.24563
0.66036 0.44060 0.28504
0.27026 0.17596 0.64292
0.46777 0.89924 0.21894
0.65015 0.55203 0.00716
0.48799 0.80915 0.19485
0.70431 0.94354 0.12112
0.58218 0.70489 0.23896
0.59182 0.22128 0.80862
0.32754 0.06200 0.47563
0.85978 0.12257 0.83306
0.48123 0.83424 0.31565
0.43572 0.83797 0.19315
0.66605 0.97770 0.10855
0.49278 0.77684 0.30401
0.53140 0.30411 0.18251
1.29575 0.57627 0.19538
0.48474 -0.13001 0.58743
0.13331 0.24034 0.18441
0.86688 0.38587 0.21768
0.60553 0.68083 0.06095
1.09629 0.24755 0.27086
0.43678 0.63424 0.14821
0.82504 -0.13353 0.73259
0.22305 -0.05546 0.03222
0.62578 0.35662 0.81735
0.30705 0.08258 0.15490
0.80025 0.40592 0.57388
0.99433 0.29903 0.26999
0.35274 0.20778 0.71870
0.74204 0.18642 0.74200
0.60001 0.47874 0.69824
0.44722 0.83733 0.02509
0.84657 0.31240 0.42205
0.83696 0.10728 -0.00427
0.90313 0.26673 -0.01216
0.92541 0.67142 0.25893
0.40402 0.01538 0.59879
0.19156 0.73960 -0.18735
0.74831 0.29082 0.59392
0.57389 0.01781 0.17259
0.06902 0.74366 0.15645
0.99227 0.79622 0.16351
0.04417 0.70009 0.19238
0.88409 0.08642 -0.03141
0.32553 0.02741 0.50503
0.69387 0.94157 0.22251
0.49787 0.57821 0.14647
0.14127 0.14266 0.80843
0.71006 0.20297 0.85685
0.51998 0.61025 0.43347
0.90935 0.75856 0.27258
0.76340 0.19669 0.17123
1.06521 0.76010 0.27605
0.38706 0.92558 0.06804
0.86278 0.50115 0.41720
0.28628 0.83386 0.25483
0.22835 0.14121 0.78900
0.72889 0.17616 0.15412
0.43447 0.73343 0.43592
0.09041 0.71691 0.22141
0.43435 0.87209 0.29522
0.68268 0.88743 0.20515
0.90922 0.09617 0.46612
0.19817 0.01019 0.63904
0.63304 0.60547 0.44104
0.74242 0.65192 0.28373
0.50108 0.68626 0.34375
0.59760 0.48191 0.20531
0.87699 -0.05480 0.92377
0.38537 0.80522 0.35691
0.63575 0.59858 0.17113
0.56543 1.04816 0.38944
0.71727 0.09267 0.10541
0.31485 0.12057 0.14413
0.60371 0.29974 0.45955
0.71690 0.91243 0.24092
0.62863 0.45329 0.53956
0.52246 0.33567 0.65598
0.71441 0.56154 0.17972
0.98357 0.07585 -0.15560
0.75857 -0.06042 0.84964
0.68072 0.96867 0.24308
0.73605 0.96537 0.27613
0.71390 0.67027 -0.22692
0.61709 0.93586 0.30855
0.89463 0.70867 0.19267
0.51904 0.36027 0.86955
0.93947 0.71476 0.11507
0.96380 0.36564 0.34310
0.22094 0.13466 0.16747
0.57818 0.28182 0.89095
0.54856 0.59602 -0.07960
0.66437 0.98257 0.15597
0.75158 0.31252 0.02407
0.41167 0.91231 0.09178
0.32588 0.68316 0.15389
0.58338 0.09461 0.81285
0.63543 1.02490 0.31319
0.40267 0.04551 0.65911
0.55866 0.80778 0.18202
0.81183 1.03882 0.36126
0.19766 -0.01875 0.34186
0.45875 0.97177 -0.03534
0.83635 0.33494 0.50238
0.26453 0.16788 0.79416
0.43530 0.18749 0.11260
0.71902 0.53565 0.06747
0.63771 0.19688 0.78794
0.57083 1.01397 0.31166
0.22226 0.06379 0.68135
0.98181 0.23897 0.41972
0.09141 0.69834 0.24454
0.51844 0.64034 0.23048
0.72914 0.06936 0.03179
0.95015 0.49955 0.20306
0.82459 0.66301 0.28356
0.81547 0.33377 0.41754
0.66918 0.25966 0.82049
1.01475 0.43206 0.35432
0.86320 0.75199 0.14394
0.83436 0.65108 -0.05684
1.22875 0.55405 0.23732
0.49728 0.82082 0.17095
0.98602 0.60744 0.03655
1.08400 0.70038 0.26820
0.71111 0.65667 0.13003
0.61800 0.21443 0.80132
0.49857 0.92535 0.11940
0.60157 0.69605 0.23197
0.70004 0.33922 0.63622
0.61842 0.51747 0.81640
0.82268 0.22246 0.08888
0.53204 0.36172 0.10613
0.62786 0.16502 0.97128
0.68049 0.46708 0.05843
0.48437 0.76894 0.12975
0.75032 0.30388 0.15366
-0.05996 0.75121 0.27817
0.56937 0.54902 0.48967
0.83347 0.05931 0.82608
0.33052 0.17501 0.16067
0.84633 -0.01791 0.08179
0.47997 0.96900 0.04176
0.46192 0.42829 0.47975
0.57018 0.93827 0.24295
1.06300 0.26165 0.06925
0.60748 0.97376 0.31866
0.88534 0.04260 0.12059
0.12308 0.69842 0.12762
0.82233 0.77159 0.11352
0.70624 0.70954 -0.05321
0.42045 0.76791 0.26553
0.64644 0.63015 0.03186
0.66016 0.46355 0.17146
0.58581 0.94180 0.13395
0.83816 0.74777 0.07882
1.05088 0.79511 0.35376
0.78981 0.45304 -0.10056
-0.00199 0.51711 0.11808
1.04931 0.29900 0.45269
0.55894 0.88158 0.28813
0.33379 0.08708 0.79050
0.75196 0.24083 0.83903
0.92140 0.71917 0.36925
0.94860 0.07631 0.07082
0.57161 0.60361 0.07130
0.69834 0.48313 -0.20672
0.65178 0.84539 0.10655
0.66604 0.40432 0.26007
0.03998 0.65550 0.12059
0.93293 0.75211 0.31605
0.28093 -0.05164 0.16555
1.06215 0.92317 0.06281
0.13729 0.08425 0.18654
0.50991 0.06452 0.68584
0.53020 0.69318 0.22326
0.62909 0.61784 0.22676
0.79976 0.43913 0.59183
-0.01367 0.59217 0.26366
0.79587 0.11379 0.83769
0.76127 0.90708 0.15494
1.04082 0.95377 0.10983
0.31203 0.91785 0.14037
0.65670 0.35021 0.61628
0.47679 -0.06179 0.64673
0.73773 0.91678 0.28576
0.99869 0.44639 0.59702
0.86449 0.23275 0.86187
1.02577 0.81284 0.32988
0.69198 0.41627 0.49659
0.63049 0.51325 0.08202
0.54680 0.96020 0.19714
0.56899 1.05664 0.31036
0.67508 0.46194 0.29516
0.69089 0.44418 0.49574
0.70205 0.19806 0.00662
0.28741 0.03845 0.32018
0.36963 0.03206 0.39546
0.64982 0.52953 0.27589
1.08748 0.67010 0.10384
0.70831 0.40965 0.60223
0.31658 0.82816 0.28861
0.95081 0.31964 0.39472
0.68661 0.12081 0.79344
0.63940 0.55039 0.03449
0.66268 -0.24478 0.78009
0.68630 0.53150 0.14092
-0.04529 0.72167 0.00321
0.33026 0.13073 0.43171
-0.00448 0.79482 0.16036
0.51135 0.96786 0.17559
0.87617 0.53766 0.16894
0.12875 0.17233 0.14724
0.88341 0.24279 0.01785
0.57353 0.85076 0.21217
0.85476 1.02779 0.38676
0.99331 0.24054 0.52041
0.08574 0.64736 0.16606
0.45108 0.55112 0.50560
0.93529 0.78844 0.15137
0.17919 -0.04887 0.50219
0.21842 -0.01729 0.63511
0.39545 0.66009 0.02976
0.61699 0.86215 0.27551
0.82245 1.01501 0.28516
0.28951 0.62365 0.33198
0.93208 0.83617 0.07606
0.57072 0.52772 0.54986
0.63402 0.75443 0.28999
0.17777 0.58404 0.23064
0.38504 0.89771 0.01056
0.81758 0.34438 0.55355
0.77635 0.15387 0.20028
0.82431 0.69212 0.41824
0.86223 0.76207 0.32471
0.54005 0.88496 0.32358
0.76592 0.68077 0.13448
0.55935 0.38253 0.17871
0.63350 0.11241 0.68337
0.42439 0.68171 0.12164
0.99406 0.78245 0.15882
0.38532 0.00455 0.67980
0.84939 0.70327 0.14090
-0.05157 0.67164 0.02859
0.36638 0.68433 0.44960
0.64921 0.79165 0.31867
0.55954 0.94244 0.17372
0.30712 0.06600 0.76648
0.84642 0.29562 0.53315
0.53150 0.50917 0.34618
0.70430 0.56224 0.24077
0.79729 0.53284 0.02733
0.55398 0.64859 0.36142
0.51730 0.64042 0.45345
0.48002 0.51445 0.35818
0.89765 1.01328 0.21669
0.83486 0.89963 0.26636
0.03555 0.81716 0.15840
1.12772 0.60612 0.23448
0.31574 0.31646 0.16712
0.76514 0.64120 0.19006
0.66421 0.44736 0.33534
0.82178 0.90554 0.23899
1.14285 0.75533 0.23540
0.23039 -0.18774 0.38829
0.92855 0.10912 0.06822
0.66655 0.63559 0.23942
0.60403 0.62678 0.22922
0.61702 0.44092 0.49855
0.95070 0.54582 0.02048
0.60991 0.55206 0.19118
0.94137 0.06215 0.17975
0.64664 0.80579 0.04265
0.54108 0.83443 0.12812
0.61449 0.28559 0.87212
0.87764 0.18886 0.69212
0.04145 0.69881 0.05377
0.20226 0.18530 0.84177
0.47617 0.45653 0.40715
0.40009 0.40426 0.20349
0.44342 0.08467 0.12362
0.93569 0.35111 0.62877
-0.00594 0.38171 0.08656
0.81907 0.13853 0.80675
0.59056 0.75075 0.56757
1.07900 0.80688 0.14918
0.82911 0.61334 -0.02075
0.54989 0.92018 0.27389
0.90993 0.70765 0.05736
0.70902 0.12249 0.66973
0.69181 0.80041 0.05454
0.18726 0.98424 0.27989
0.64635 -0.11737 0.86857
1.00966 0.67054 0.09430
0.96110 0.07109 0.91612
1.06127 0.02405 0.82000
0.68539 0.50150 0.19644
0.63560 0.22949 0.65556
0.24932 0.18323 0.77708
0.48308 1.02527 0.29423
0.28945 0.09377 0.47042
0.79792 -0.13888 1.04214
0.83569 1.02268 0.25944
-0.05738 0.69221 0.10165
-0.03800 0.60225 0.08797
0.48715 0.89397 0.30351
0.73020 0.37400 0.07278
0.84838 -0.10939 1.08222
0.73747 0.17139 0.10263
0.83029 0.35452 0.08468
0.88713 0.78132 0.08372
0.77860 0.59119 -0.09373
0.96627 0.68706 0.26228
0.77971 0.51386 0.30135
0.51727 0.83666 -0.15053
0.75311 0.60719 0.03974
0.35812 0.82604 0.29448
1.12422 0.32227 0.49397
0.86788 0.93979 0.30133
0.53836 0.83359 0.23774
0.62970 0.54085 0.01511
0.66386 0.42715 0.13551
0.34750 -0.03858 0.76085
0.78994 0.08261 0.96010
0.81668 0.45900 -0.01082
0.60174 0.48470 -0.21079
0.58887 0.80699 0.27844
0.56489 0.93157 0.22983
0.56850 0.96258 0.34929
0.55660 0.33613 0.66806
0.22809 -0.04453 0.38824
0.59422 0.55699 0.33449
0.57913 0.58450 0.07761
0.76013 0.02279 0.76199
0.93580 0.03143 0.93422
0.38215 0.69810 0.31421
0.82484 0.31265 0.56232
0.86801 -0.07910 0.92760
1.07253 0.13721 0.40085
0.76480 0.64656 0.00784
0.92144 0.84982 0.12661
0.30615 0.13612 0.82586
0.78654 0.19489 0.10727
0.04195 0.63430 0.04955
0.61095 0.48059 0.22485
1.02309 0.81897 0.34138
0.54966 0.52164 0.08716
0.98246 0.67613 0.17710
0.90852 0.71419 0.27843
0.49439 0.94437 0.26020
0.85437 0.68067 0.19421
0.68251 0.45311 0.37108
0.41809 0.77649 0.07272
0.31831 0.05303 0.47775
0.92337 0.28003 0.77865
0.29760 0.17132 0.44766
0.96348 0.81308 0.29765
0.91950 0.56359 0.57178
0.75201 0.06591 0.09809
0.42302 0.05556 0.18989
0.60188 0.40614 0.27185
0.20046 -0.02179 0.41410
0.70479 0.64240 0.04173
1.09896 0.87354 0.33096
0.83180 0.56452 0.09040
0.60707 0.39077 0.44055
0.86836 0.88595 0.11557
0.70701 0.17073 0.09070
0.18055 0.20041 0.34994
0.65451 0.47625 0.11980
0.28966 0.09800 0.47651
-0.00052 0.60603 0.24932
0.59666 0.60930 0.06559
0.65923 0.59796 0.07664
0.48929 0.85273 0.13017
0.54967 0.87213 0.02224
0.06922 0.78337 0.19152
0.72814 0.56812 0.15165
0.94814 0.38445 0.37852
0.54850 0.37695 0.63909
0.58549 0.56404 0.25291
0.77962 1.08857 0.23801
0.27512 0.18823 0.78034
0.29269 0.64384 0.11225
0.54045 0.72369 0.06990
0.57333 0.76084 0.00141
0.58688 0.17365 0.90832
0.31040 0.11476 0.46622
0.33547 0.03476 0.70846
0.50002 0.41314 0.12316
0.97745 0.67428 0.24626
0.44495 1.09096 0.15485
0.98342 0.76245 0.19715
0.69137 0.37453 0.67657
0.23286 0.15559 0.20487
0.39960 -0.22584 0.70708
0.50593 0.27755 0.74640
0.63738 0.51909 0.32804
0.73119 0.44736 0.66822
0.77150 0.18939 0.65050
0.58143 0.51103 0.62138
1.02007 0.21802 0.39111
0.49537 0.54614 0.29850
0.62942 0.29521 0.72154
0.87059 0.05816 0.97772
0.65060 0.81819 0.20835
0.28063 0.25799 0.24528
0.51434 0.93160 0.25105
0.79530 0.34722 0.65637
0.93036 0.42575 0.40951
0.59964 0.52455 0.17881
0.57473 0.83994 0.20918
0.35129 1.00883 0.15858
0.72936 0.28992 0.64717
0.58914 0.63588 0.43883
0.88766 -0.15360 1.09354
0.82751 0.92466 0.31789
0.51773 0.93808 0.23814
0.59358 0.83104 0.17675
0.63543 0.66203 0.37881
0.02535 0.71698 0.26132
-0.17546 0.57726 -0.07772
0.73487 0.51845 0.11357
0.84690 0.75343 0.23469
0.74655 0.76565 0.20995
0.53178 0.78628 0.23546
0.84499 0.17554 0.99416
0.89673 0.69860 0.27313
-0.10640 0.73811 0.26610
0.62804 0.76006 0.36980
0.36408 0.97384 0.21998
0.56659 0.98455 0.13699
0.50752 0.55639 0.26065
0.26634 0.19365 0.79578
0.58756 0.42805 0.45312
0.49901 0.83946 0.24417
0.64438 0.74765 0.06713
0.48314 0.35727 0.36977
0.85913 0.17772 0.85309
0.90688 0.30746 0.38600
0.13874 0.20065 0.16858
0.40099 0.81430 0.40244
0.16677 0.25012 0.23737
0.81398 0.11469 0.03412
0.79505 0.61552 0.10177
0.62523 0.70052 0.22509
0.75788 0.84275 0.20216
0.68415 0.67026 0.17537
0.79623 0.62469 0.09694
0.90197 0.76684 0.12954
1.00301 0.86280 0.45092
0.60655 0.43795 0.56865
0.81546 0.61207 0.12194
0.80257 0.47762 0.21244
0.63040 0.42061 0.76157
0.23852 0.32961 0.02059
0.70469 0.14313 0.88705
0.64249 0.61365 0.05157
0.78755 0.47839 0.18431
0.58386 0.40374 0.58510
0.60877 0.45186 0.18331
0.06606 0.69751 0.32615
0.26447 -0.10314 0.77717
0.74547 0.62601 0.18622
0.32005 0.14168 0.74598
0.73363 0.83549 0.19542
0.58350 0.75119 0.06000
0.63357 0.37390 0.27785
0.72116 0.34976 0.74738
0.73039 0.97505 0.31714
0.75173 0.46351 0.42919
0.64100 0.72320 0.28883
0.92388 0.74616 0.02338
0.72183 1.03542 0.41640
0.42614 0.01625 0.93841
0.74319 0.93894 0.25225
0.03809 0.70807 0.05337
0.97940 0.61959 0.28874
0.62386 0.08564 0.79716
0.43786 0.99977 0.31516
0.31096 -0.06358 0.59600
0.45629 0.43534 0.84352
0.62723 0.67900 0.26771
0.42788 0.76947 0.21553
0.69054 0.21301 0.77073
0.47151 0.57963 0.11608
0.64889 0.47040 0.20545
0.41095 0.85740 0.41306
0.68043 -0.18418 0.91193
0.53690 0.70297 0.06471
0.65110 0.38785 0.05014
0.14164 0.17613 0.22309
0.71998 0.58796 0.25806
0.77149 -0.13437 0.93050
0.60530 0.27926 0.70608
0.72880 0.44230 0.86352
0.59737 0.99655 0.24446
0.38763 0.15800 0.01265
0.67426 0.20715 0.83994
0.81754 -0.01783 0.19155
0.46716 0.45539 0.44597
0.79779 0.41872 0.51601
0.93136 0.15830 -0.02545
0.44612 0.61657 0.09728
1.12675 0.77075 0.30727
0.99958 0.36005 0.08268
0.22279 0.77487 0.35345
0.60639 0.83711 0.26239
-0.15678 0.68283 0.05209
0.73670 -0.06080 0.80441
0.78694 1.09122 0.12663
0.27570 0.98732 0.06056
0.76223 0.44366 0.63225
0.69433 0.38613 0.10815
0.81870 0.38135 0.05841
0.78901 0.05660 0.98189
0.63344 0.17555 1.02536
0.66685 0.98689 0.48610
0.75360 0.47277 0.40414
1.01778 0.45675 0.25148
0.34928 0.82370 0.10113
0.30416 0.66084 0.25296
0.62740 0.67362 0.11625
0.97317 0.26404 0.47763
1.12596 0.70949 0.23785
0.66026 0.59723 0.48284
0.66503 0.64799 0.37760
0.47285 0.34470 0.23196
0.52911 1.11470 0.20981
0.60564 0.91688 0.12206
0.37227 0.01774 0.64205
0.72594 0.89880 0.10773
0.75292 0.95622 0.11708
0.75099 0.61906 0.14765
0.87724 0.21992 0.09435
0.00648 0.15294 0.38045
0.71645 0.57597 -0.07175
0.10971 0.14986 0.66037
0.33744 0.14275 0.82215
0.84742 0.60969 0.05048
0.52222 0.79236 0.27690
0.88766 0.35186 0.39358
0.62240 0.49870 0.57699
0.82711 0.75716 0.21736
0.55355 0.64643 0.20592
0.44872 0.79585 -0.04966
0.75284 0.39604 0.14514
0.65091 0.62373 0.57797
0.68065 1.09730 0.26033
0.29182 0.58823 0.02411
0.74547 0.96123 0.32157
0.73384 0.51683 -0.08191
0.38510 0.65271 0.46363
0.54223 0.94880 -0.05369
0.52340 1.01166 0.19495
0.80018 0.69931 0.04811
0.68495 0.17250 0.72315
0.65562 0.51712 0.59308
0.69207 0.60738 0.01039
0.39669 0.79071 0.18672
1.02220 0.37044 0.35268
0.83274 0.52908 -0.21385
0.76764 0.00869 0.16629
0.53095 0.06884 0.21222
-0.04388 0.71183 0.30467
0.68558 0.19580 0.80544
-0.09861 0.61401 0.16001
0.61093 0.62275 0.39400
0.04408 0.09519 0.24489
0.78334 0.32885 0.65435
0.94359 0.77476 0.09166
0.26632 0.09969 0.60984
0.14676 0.28143 0.86768
0.54769 0.39114 0.60876
0.86406 0.84498 0.44556
0.80634 0.45645 -0.00558
0.74577 0.81691 0.30606
0.37866 0.77485 0.33536
0.29351 -0.16447 0.51078
0.22865 0.15731 0.20764
0.76600 0.18985 0.04782
0.70531 0.82076 0.26665
0.61411 0.47268 -0.00443
0.88138 0.33425 0.15620
0.76124 0.64546 0.11564
0.54314 0.98427 0.14681
0.48217 0.93361 0.19158
0.68761 0.66100 0.17735
0.49525 0.35988 0.68275
0.23481 0.25935 0.12572
0.56365 0.87818 0.10390
0.74448 0.46749 0.20739
0.55270 0.46524 0.45012
1.08334 0.04389 0.85998
0.58476 0.51983 0.29534
0.38076 0.88797 0.25994
1.10571 0.04297 0.94511
0.98141 0.63616 0.22674
0.72854 0.27985 0.71687
0.63591 1.06682 0.31812
0.26722 -0.00086 0.58346
0.63461 0.59008 0.01142
0.48021 0.86171 0.24311
0.70230 0.95917 0.16622
0.29291 0.00343 0.10343
0.64673 0.54817 0.10698
0.57140 1.01736 0.16898
0.85003 0.62857 0.07202
0.30395 0.18710 0.20243
0.31611 0.63373 0.32363
0.69229 0.53364 -0.10368
0.69833 0.64661 0.18762
0.71697 0.14515 0.67860
0.26889 -0.02507 0.20555
0.73131 0.65195 -0.01492
0.55290 0.91338 0.27559
1.06766 0.81672 0.32067
0.60123 0.55143 0.12843
0.84983 1.11374 0.13224
0.20580 0.07332 0.05048
0.29392 0.76650 0.05389
0.56648 0.50690 0.44440
0.46919 0.75941 0.25153
0.01262 0.49885 0.08063
0.56730 0.71779 0.28739
0.44835 0.66433 0.02976
-0.02981 0.63687 0.05480
0.38828 -0.03898 0.07166
0.67776 0.17536 0.92616
0.67653 0.22361 0.26094
0.74034 0.52882 0.11671
0.53410 0.08028 0.82191
0.77454 0.78853 0.12725
0.83023 0.04678 0.95748
0.98580 0.12895 0.79631
0.32606 0.14116 0.48641
0.54408 0.84396 0.27190
0.42700 0.05063 0.70308
0.76674 0.31263 0.62213
0.20184 0.15548 0.33521
0.90535 0.78754 0.16325
1.03192 -0.10802 0.84872
0.86198 0.12981 0.94850
0.66850 0.14664 0.63465
0.45712 0.78097 0.33706
0.92696 0.15866 0.02985
0.52805 0.68131 0.16458
0.83092 0.77368 0.20468
0.49475 0.63271 -0.02887
0.76217 0.61718 -0.00283
0.57833 0.34268 0.33286
0.79157 0.04801 0.88536
0.79705 0.64143 0.10574
0.55192 0.40862 0.02453
0.23027 0.11431 0.14839
0.37910 0.09358 0.63878
0.63749 0.92759 0.28257
0.24810 -0.10062 0.44258
0.67380 0.01036 0.23537
0.65197 0.04921 0.78646
1.11270 0.80142 0.18977
0.45711 0.96074 0.25089
0.22593 0.04926 0.24043
0.63935 0.31530 0.62346
0.28836 0.66405 0.07309
0.84859 0.33927 0.22572
0.89616 0.85068 0.33828
0.95799 0.24567 0.41626
0.45387 0.77903 0.32598
0.57885 0.53349 0.57647
1.02794 0.77363 0.45866
0.66720 0.50986 0.34559
0.36887 0.12098 0.35932
0.73156 0.15359 0.75874
0.62949 0.76251 0.07987
0.28286 0.20748 0.21288
0.44300 0.00774 0.56086
0.30662 0.10086 0.31254
0.55300 0.60955 0.04942
0.59299 0.87906 0.06603
0.20076 0.22753 0.08535
0.40233 0.06506 0.03084
0.70119 0.43704 0.18045
0.03889 -0.08700 0.31270
0.37522 -0.01422 0.46411
0.10768 0.68247 0.14821
0.38330 0.03835 0.86149
1.00767 0.43499 0.37033
1.07129 0.09936 1.06304
0.84734 0.48080 0.47394
0.85103 -0.00791 0.73754
0.53761 0.90171 0.33453
0.28431 0.03024 0.41300
0.18240 0.11084 0.53161
0.74981 0.43351 0.33402
0.68758 0.42801 0.64330
0.49147 0.75329 0.11078
0.30038 0.19820 -0.03382
0.86389 0.09288 0.78563
0.75185 0.57362 -0.06691
-0.04701 0.58907 0.11636
0.71493 0.20493 0.07862
0.37682 0.74316 0.17129
0.88952 -0.05642 0.13500
0.95178 0.17466 0.07731
0.36801 0.63217 0.16130
0.32014 -0.02334 0.21033
0.42984 0.80704 0.30097
0.21696 0.75049 0.31674
0.93241 0.46512 0.53862
1.03661 0.67998 0.33239
0.89495 0.83179 0.31079
0.50071 0.92798 0.22084
-0.04536 0.69969 0.19310
0.80969 0.38245 0.33495
1.16828 0.66778 0.29215
0.69641 0.49643 0.69581
0.88992 0.25821 1.00589
0.52928 0.53152 0.44834
0.03297 0.52010 -0.06263
0.15281 0.17132 0.09637
0.67379 0.86882 0.44462
0.86512 0.77570 0.42967
0.66915 0.56855 -0.16409
0.77032 0.60361 0.02275
0.81928 0.00891 0.70731
0.87072 0.31021 0.41439
0.54405 0.13374 0.77503
0.55007 0.56614 0.33529
1.13781 0.48503 0.50176
0.68756 0.74878 0.18376
0.36423 0.01103 0.71021
0.52100 1.03268 0.06956
0.41131 0.88315 0.15248
-0.01581 0.61456 0.20982
0.40568 0.03337 0.52118
0.42891 0.10183 0.26431
0.66886 0.41639 0.29107
0.51507 0.57368 0.08588
0.57475 0.25904 0.54618
0.74771 0.89460 0.14662
0.32720 -0.13824 0.48976
0.42470 0.84766 0.18116
0.67439 1.04132 0.37914
0.96989 0.25141 0.47405
0.86506 0.53040 0.35556
0.49175 0.58825 0.35299
-0.08143 0.64629 0.30219
0.58528 0.91484 0.40943
0.25139 -0.10061 0.39706
0.39399 1.02335 0.30096
0.66499 0.66384 -0.00432
0.51378 0.36380 0.44031
0.67630 0.20654 0.82495
0.78881 0.21850 -0.03857
0.63254 0.60933 0.29219
0.70490 0.59430 0.29986
0.71522 0.69098 0.38845
0.53200 0.65169 0.22433
0.68621 0.75414 0.22022
0.55995 0.57877 -0.02390
0.80249 0.60567 0.17291
0.29811 0.09863 0.77612
0.54337 0.59716 0.02936
0.11680 -0.05786 0.51549
0.93022 0.18371 0.10839
0.81030 0.70874 0.17603
0.47655 0.29789 -0.01895
0.46246 0.89969 0.15587
0.98599 0.75920 0.33436
0.34438 0.92676 0.16746
0.33818 0.06790 0.49647
0.72706 0.70112 0.16517
0.65689 0.51088 -0.00459
1.04185 0.74124 0.31519
0.60146 0.24574 0.16959
0.24003 0.15526 0.09621
0.68103 0.43986 0.06517
0.45728 0.47479 0.16045
0.66122 0.92068 0.08408
0.71983 0.78365 0.25426
0.78420 1.13125 0.35198
0.07661 0.59711 0.17628
0.74226 0.01810 0.87790
0.70618 0.52669 0.09761
0.55642 0.04280 0.77752
0.74172 0.45123 0.43961
0.69634 1.18248 0.32190
0.42421 0.91009 0.26011
0.06213 0.78361 0.39725
0.86481 0.07492 0.85296
0.94512 0.21068 0.32817
0.36791 0.75577 0.41753
0.79541 0.15894 0.86808
0.41265 0.59210 0.33532
0.80697 0.22110 0.85767
0.28353 0.02268 0.39454
0.79080 0.03875 0.03947
0.31757 0.11011 0.61794
0.24222 -0.02785 0.38698
0.76161 0.82379 0.08838
0.13526 0.80227 0.37933
0.34389 1.00599 0.01674
0.50266 0.51046 0.32672
0.52453 0.72589 0.40907
0.60126 0.60609 0.17420
0.81098 0.90315 0.20491
0.03525 -0.09645 0.44902
-0.04173 0.69374 0.19992
0.30887 0.35658 0.12414
0.05297 0.83957 0.15326
0.94147 0.28378 0.29872
0.27932 0.87993 0.25246
0.06906 0.63045 0.15026
0.68671 0.20742 0.97753
0.79282 0.55110 0.14293
0.55434 0.53216 -0.01138
0.73495 0.12145 0.83245
0.14614 0.22385 0.10602
0.51398 0.98889 0.18845
0.79720 0.73036 0.28977
0.88799 0.59491 0.27325
0.01401 0.78066 0.18200
0.23178 0.13191 0.21099
0.27116 0.75957 0.32736
0.67088 0.63426 -0.09048
0.99968 0.73786 0.28904
0.76253 0.82552 0.08320
0.71850 0.43602 -0.06121
0.55252 0.68162 -0.14408
0.55837 0.56047 0.28034
1.02294 0.89580 0.23299
0.65715 0.60760 0.39815
0.36998 -0.05005 0.60311
0.46931 0.74425 0.10278
0.61995 0.63753 0.25032
0.03187 -0.09080 0.27018
0.73844 0.73063 0.17221
0.58581 0.98854 0.51542
0.97085 0.24015 0.39469
0.03142 0.74825 0.12716
1.03331 -0.02089 0.11895
0.85507 -0.01205 0.98422
0.83961 0.79260 0.39307
0.21249 0.74540 0.11200
0.16926 -0.02159 0.59257
0.62273 0.20910 0.02163
0.47773 0.16363 0.85032
0.63082 0.56146 0.07420
0.58752 1.05734 0.28933
0.91042 0.23972 0.17677
0.48774 0.97013 -0.01159
0.89987 0.35211 0.64853
0.30614 0.71150 0.27581
1.06571 0.32061 0.19027
0.31455 0.97387 0.29834
0.37800 0.64316 0.34313
0.24516 0.02737 0.18596
0.67770 -0.11550 0.18798
0.96757 0.76007 0.11156
0.65812 0.36880 0.27707
0.59075 0.67635 0.65070
0.26301 -0.06242 0.84305
0.85133 0.82642 0.15176
0.76870 1.03096 0.25723
0.61469 0.52026 0.14042
0.44017 0.85193 0.23304
0.57594 0.82609 0.13374
0.77148 0.43983 0.78764
0.82695 0.26281 0.39868
0.44023 -0.10177 0.85601
0.91751 0.63813 0.18203
0.67362 0.89527 0.33200
0.66322 0.71263 0.19402
0.75617 0.19891 0.09783
0.65007 0.08367 0.77938
0.53380 0.55511 0.35558
0.72350 0.87845 0.32489
0.38459 0.84984 0.08904
0.70592 1.02840 -0.05904
0.53155 0.85771 0.06218
0.84622 -0.10626 0.87193
0.81687 0.10608 0.03234
0.99584 0.18495 0.19544
-0.13288 0.58312 0.26155
0.32517 0.80441 0.12415
0.67686 0.84237 0.10445
0.58067 0.90461 0.22660
0.82034 0.32141 0.23105
-0.00632 0.75381 0.14112
0.62252 0.94137 0.29441
0.88899 0.96272 0.34475
0.60309 0.33795 0.55968
0.63798 0.89001 0.44109
0.18095 -0.06750 0.40818
0.66345 0.55811 0.19520
0.88030 0.33991 0.67108
1.10661 0.65692 0.12591
0.36449 0.07987 0.27748
0.95921 0.41674 0.45038
1.00139 0.69313 0.34515
0.64836 0.77226 0.02085
0.43386 0.63086 0.17548
0.93412 0.84130 0.15553
0.27920 -0.00900 0.32419
0.63824 0.53736 0.09899
0.71597 0.98088 0.38239
-0.16042 0.74768 -0.07306
0.04741 0.47443 0.15866
0.72217 0.48998 0.05299
0.97419 0.12955 0.10308
0.86041 0.08202 -0.01842
0.59852 0.59817 0.33764
0.81640 0.30964 0.84545
-0.10775 0.60874 0.07705
0.58984 0.60729 0.43883
0.88013 0.77229 0.17975
0.93793 0.31491 0.55337
0.77572 0.92717 0.27052
1.07490 0.72057 0.30657
0.84352 0.02020 0.74973
0.73571 0.49556 0.00450
0.78130 0.23623 0.78971
0.15805 0.02697 0.54100
0.31872 1.12108 0.18991
0.75183 0.58485 0.10627
0.84421 0.19936 0.79801
0.27066 -0.00635 0.53450
0.91702 0.67226 0.30056
0.78702 0.65722 -0.12580
0.63199 0.18379 0.57979
0.38168 -0.05340 0.57830
0.74879 0.48918 0.61689
0.29557 0.86661 0.35375
0.40089 0.62264 0.31748
0.74949 0.31168 0.44586
0.66718 0.35834 0.40041
0.62017 0.77044 0.30298
0.93082 -0.01393 0.72427
0.45441 -0.01743 0.05741
1.13752 0.51906 0.23266
0.57314 1.04849 0.31447
0.80369 0.91143 0.11165
0.83446 0.17281 0.90108
0.68135 0.63916 0.38939
0.73625 0.05816 0.77918
0.87378 0.58403 0.04268
0.74979 0.30594 0.60483
0.37495 -0.03579 0.40932
1.08307 0.67206 0.35831
0.18239 0.80165 0.25164
-0.04231 0.69507 0.19515
0.48613 1.02423 0.16528
0.71345 0.52944 0.44701
0.56346 0.96025 0.15528
0.70517 0.91327 0.29808
0.23859 0.05530 0.20466
0.89400 0.58933 -0.06095
0.05175 0.56325 0.03264
0.34916 0.88470 0.30236
0.80821 0.67216 0.15939
0.16071 -0.01037 0.46710
0.40679 0.12765 0.69157
0.63580 1.01771 0.30833
0.39556 0.69262 0.19711
0.65520 0.60178 0.49663
0.38535 0.13958 0.55457
0.77575 0.78863 0.43181
0.59276 0.60283 0.23671
0.45070 0.23512 0.55266
0.25269 0.07050 0.43897
0.95791 0.51373 0.53445
0.86441 0.56650 0.11020
0.80141 0.26398 -0.09244
0.49174 1.04317 0.36599
0.05099 0.74372 0.09860
0.78607 0.82742 0.10163
0.85775 -0.09432 0.83891
0.56546 0.88946 0.09862
0.82610 0.67770 0.09292
-0.09346 0.60337 0.15385
0.89973 0.18225 0.13892
0.96169 0.15695 0.33842
0.43680 0.28473 0.00706
0.63205 0.63286 0.54776
0.75108 0.94168 0.41979
0.61641 0.47987 0.20534
0.63850 0.23837 0.84586
0.64283 0.96349 0.19065
0.84932 0.43178 0.54890
0.33189 -0.00174 0.61643
0.64593 0.29149 0.64280
0.58888 0.81271 0.29780
0.53022 0.51787 0.79575
0.94791 0.77736 0.22235
0.49518 0.59293 0.06074
0.58795 0.30738 0.76240
0.75591 0.32652 0.05489
0.17886 0.19010 0.23217
0.36003 0.11655 0.70621
0.74929 -0.11367 1.01273
0.30966 0.02706 0.53612
0.87003 0.68289 -0.18786
0.58004 0.16030 0.73924
0.56902 1.09252 0.42985
-0.01919 0.79026 0.24969
0.31049 0.24349 0.07939
0.68485 0.75994 -0.17228
0.52353 0.48999 0.33843
0.61998 0.45340 0.50912
0.56263 0.57617 0.34960
0.90646 0.27022 0.33763
0.49491 0.54809 0.00344
0.67083 0.77343 0.19956
0.62886 0.05436 0.81211
0.62636 0.69461 0.02058
0.54883 0.74958 -0.04385
1.02735 0.98392 0.25213
0.85761 0.12013 0.04897
0.78979 0.05781 0.68923
0.61409 0.84850 0.14020
0.68303 0.10422 0.76400
0.98467 0.74448 0.07608
0.75376 -0.06893 0.83868
1.03662 0.25616 0.51627
0.60492 0.08409 0.82815
0.57048 0.81621 0.07060
0.80200 0.80030 0.20604
0.66257 0.28312 0.60300
0.34208 0.01194 0.50143
-0.06578 0.70335 0.08343
1.10665 0.65686 0.38183
0.54311 0.43790 0.50641
0.37668 0.09949 0.50914
0.93951 -0.14430 1.07382
0.88274 0.49199 0.26088
0.44483 0.34082 0.69716
0.65008 0.64140 0.18688
0.38573 0.87368 0.26248
0.80493 0.66510 0.29939
0.75201 0.37528 0.39963
0.78865 0.61890 0.08216
0.30747 1.02342 0.13347
0.62342 0.84702 0.23469
0.60402 0.44030 0.56395
0.16958 0.28991 0.16595
0.89901 -0.09098 0.92412
-0.13403 0.67718 0.18073
0.84635 0.65469 -0.05213
0.60060 0.68369 0.30634
0.65958 0.33041 0.59804
0.33722 0.83425 0.18192
0.63160 0.71990 0.17574
0.67845 0.60337 0.07945
0.50739 0.49856 0.16218
0.51875 0.43242 -0.09432
0.79700 0.13254 0.90011
0.63204 0.54293 0.77216
0.38271 0.89954 0.43186
0.96507 0.13320 0.90872
0.55654 0.29223 0.31664
0.67541 0.43180 0.45264
0.83739 0.38072 0.00344
0.90012 0.57425 0.11838
0.03419 0.58537 0.21720
0.50363 0.82534 0.27146
0.18032 0.10316 0.85839
0.30067 0.99434 0.12395
0.43566 0.81217 0.20511
-0.11816 0.72197 0.19074
1.00884 0.62067 0.30115
1.12754 0.58488 0.22637
1.07131 0.84955 0.35949
0.37156 0.16176 0.45542
0.88379 0.04395 0.67958
0.58182 0.69924 0.13917
0.85245 0.66728 0.27148
0.46803 0.62982 -0.01411
0.92803 0.66687 0.14244
0.48952 0.88091 0.23879
0.64179 0.48886 0.57837
0.38220 -0.00350 0.66137
1.06360 0.87257 0.11471
0.78492 0.10281 0.12367
1.06818 0.83590 0.47993
0.28588 0.77420 0.18812
0.81740 0.65332 0.02816
0.92104 0.48264 0.45262
0.65838 0.24801 0.60564
0.42771 0.00539 0.79034
0.47719 0.45828 0.38129
0.93451 0.07633 0.05482
0.71022 1.00697 0.14771
0.64167 0.65065 0.44685
1.01661 0.71827 0.29706
1.00539 0.34103 0.51799
0.21506 0.41739 0.12769
0.80241 0.55524 -0.07412
0.54459 0.85121 0.10352
0.76208 0.47364 0.63404
0.68482 0.26640 0.68135
0.68486 0.18462 0.76202
0.67870 0.59543 0.13247
0.44028 -0.11593 0.63066
0.58977 0.15569 0.77245
0.65655 0.91877 0.31986
0.57357 0.50588 0.06183
0.30265 0.81791 0.26391
0.79452 0.54904 0.03253
0.50383 0.57504 0.14558
0.64042 0.71727 0.34483
0.61419 0.74746 -0.08532
0.91769 0.73418 0.28508
0.22899 0.25916 0.14686
0.70147 0.84282 0.28344
0.50147 0.80551 0.18272
1.07937 0.72576 0.24497
0.18008 -0.25770 0.53863
0.18117 -0.10367 0.43786
0.34535 0.08369 0.59678
0.64497 0.60022 0.26279
0.38642 0.72614 0.47268
0.73746 0.11551 0.76712
1.04081 0.75948 0.21035
0.70072 0.21922 0.85056
0.50988 0.30747 0.25129
0.58666 0.35680 0.42081
0.61753 0.97490 0.41724
0.67052 0.04643 0.74355
0.45715 0.22882 -0.04523
0.68391 0.27214 0.23066
0.24914 -0.17524 0.45509
0.76043 0.95386 0.50585
0.88755 -0.04234 0.71022
0.68468 0.58150 0.09121
0.43737 0.63751 0.15608
0.70144 0.63795 0.60487
0.51471 0.49466 0.36831
0.42920 -0.04412 0.78269
0.60815 0.71675 0.06818
0.81644 0.78667 0.27261
0.83141 0.11609 0.81725
0.70413 0.70487 0.23156
1.04300 0.55269 0.24760
0.77953 -0.01577 0.88654
0.65081 0.90369 0.19147
0.79842 0.02079 0.78418
0.56691 1.00618 0.31566
0.47669 0.86729 0.22326
0.83654 0.73326 -0.02517
0.74016 0.06961 0.07588
0.00935 0.47486 0.19256
0.87938 -0.01819 0.85331
0.44178 0.94710 0.14103
0.76150 1.06938 0.32412
0.35108 0.02716 0.62051
0.58209 0.57354 0.10892
0.55909 0.70438 0.03470
0.61708 0.92996 0.21878
0.43253 0.68697 -0.10659
0.55741 0.89489 0.10781
0.37443 0.08675 0.62724
0.30409 -0.00361 0.56179
0.96262 -0.01078 0.16117
0.91381 0.89591 0.17230
0.70710 0.98271 0.30764
0.88864 0.63340 0.32345
0.67946 0.24588 0.99023
1.00729 0.65482 -0.03460
0.17247 -0.07842 0.39361
0.98556 0.56463 0.15786
0.58979 0.97604 0.34090
0.34237 0.12411 0.20162
0.36506 0.12209 0.71425
0.38279 0.16354 0.08356
0.90792 0.15055 0.33099
0.72277 0.92796 0.26407
0.32559 0.08388 -0.00611
0.98121 0.68197 0.37050
0.56987 0.68292 0.10028
0.40970 0.18420 0.38027
0.75911 0.54864 0.51262
0.21401 0.15770 0.58914
0.26003 0.06244 0.75320
0.88850 0.08429 0.73389
0.26652 0.04446 0.14760
0.11082 0.60601 0.06223
0.72890 0.46687 0.67905
0.61303 1.03443 0.23587
0.68811 0.70625 0.24295
0.87413 -0.06944 0.91526
0.39527 0.45142 0.26428
0.30528 0.84705 0.21041
0.80972 0.74536 0.30342
0.87868 0.46812 0.02320
0.69455 0.39181 0.23858
1.04432 0.29379 0.50971
0.35453 0.00189 0.72852
0.62292 0.59644 -0.08525
0.37329 0.06924 0.06788
0.65061 0.56310 0.04241
0.24878 -0.03819 0.41226
1.08821 0.89562 0.24785
0.65369 0.51035 0.25980
0.48659 -0.05418 0.66395
0.52178 0.74284 0.21138
-0.17712 0.81691 0.01925
0.41456 0.59981 -0.02165
0.60593 0.23974 0.86753
0.71556 0.43884 0.39297
0.46431 0.62242 0.33576
0.80698 0.43196 0.15336
0.60383 0.67696 0.43361
0.69409 0.91013 0.46008
0.54756 0.64722 0.12577
0.89353 0.66047 0.25344
0.75706 0.11338 0.73653
0.74682 0.34487 0.52533
0.84729 1.02105 0.28067
0.53107 0.85631 0.51216
0.75990 0.38011 0.48879
0.80797 0.48731 0.05862
0.53913 0.36675 0.51445
0.47635 0.16789 0.63869
0.71889 0.77155 0.07299
0.56271 1.09697 0.26623
0.46743 0.68838 0.12565
0.33960 0.66660 0.41566
0.81325 0.17273 0.82089
0.64779 0.37006 0.65198
0.47965 0.61036 0.36346
0.61598 0.58155 0.38542
0.41842 1.05574 0.22096
0.71126 0.28864 0.27199
0.73190 0.20946 0.42891
0.66536 0.91687 0.03804
0.69552 0.91991 0.32183
0.40161 0.49543 0.30510
1.02010 0.69316 0.09344
0.95516 0.68834 0.05377
0.93097 0.32627 0.37912
0.66718 0.81969 0.26717
0.59803 0.59847 0.00847
0.96001 0.78439 0.27728
0.37068 -0.04274 0.60019
0.48517 0.61892 -0.01151
0.58940 0.52955 0.14966
0.25288 0.14513 0.52058
0.59993 0.58986 0.05330
0.01393 0.82836 -0.03380
0.78360 0.73133 0.17122
0.92948 0.17722 0.05335
0.63655 0.72249 0.24841
0.56022 1.13655 0.26179
0.62698 0.40675 0.27913
0.39608 -0.03116 0.47608
0.82250 -0.21021 0.88987
0.73970 0.70972 0.29000
0.64525 0.74918 0.05887
0.63554 -0.02311 0.65213
-0.02762 0.74960 0.07780
0.06654 -0.02176 0.37181
0.36172 0.31297 0.03601
0.46457 0.88434 0.16449
0.62514 0.85649 0.34328
0.31283 0.03586 0.78261
0.31393 0.86413 0.16284
0.67694 0.86286 0.27357
0.50219 0.22109 0.73632
0.40242 0.87846 0.21059
0.61877 0.52400 0.18887
0.78690 0.91215 0.16287
1.15745 0.67820 0.29064
0.77431 0.86751 0.14380
0.68312 0.66215 0.32615
1.05262 0.73595 0.26999
0.50738 0.68178 0.37308
0.48754 0.38320 0.25661
0.91821 0.96403 0.16385
0.47752 0.48401 0.53563
0.77968 1.05901 0.15641
0.68044 0.74154 0.21216
0.41040 0.66901 0.08642
0.64195 0.26108 0.73435
0.66835 0.39275 0.66512
0.84650 1.03410 0.20748
0.97615 0.68877 0.27168
0.33407 -0.21327 0.62076
1.05105 0.82871 0.10843
0.92976 0.34832 0.38439
0.41106 0.09611 0.76712
0.73278 0.46158 0.14259
0.56614 0.94738 0.27663
0.72849 0.45039 0.19799
0.53941 0.27688 0.93126
0.60956 0.29651 0.53720
0.57259 0.69332 0.12051
0.73003 0.45886 0.09544
0.91251 0.83981 0.22464
0.56254 0.57771 0.52018
0.85235 0.72964 0.15246
1.00079 0.72112 0.30491
0.75346 0.71766 0.09539
0.29108 -0.07108 0.46745
0.45874 0.60826 0.24432
0.93888 0.91469 0.41697
0.41714 0.08741 0.51371
0.60675 0.45866 0.37445
0.89517 0.82403 0.10567
0.15639 0.00590 0.46906
0.57620 0.68979 0.31128
0.03326 0.94805 0.14128
0.57430 0.65878 0.11033
0.94465 0.03363 0.07418
0.31847 1.00915 0.26578
0.76936 0.51973 0.25216
0.59461 0.62463 0.27791
0.73267 0.75529 0.08720
0.91846 0.71885 0.30613
0.57571 0.64733 0.34061
0.38740 0.14453 0.87055
0.51437 0.40447 0.11600
0.25249 0.07698 0.68201
0.82417 0.06942 0.91202
0.78355 0.68256 0.19943
0.42912 0.68623 0.10360
0.53199 0.52665 0.49293
0.72867 0.23658 0.78925
0.74476 0.87416 0.08151
0.69552 0.14723 0.74313
0.67135 0.90416 0.25191
0.50209 0.76984 0.09993
0.33374 0.13026 0.29994
0.66953 0.94144 0.02313
0.72158 0.53429 0.20010
0.88529 0.20669 0.07155
0.58672 0.91626 0.40379
0.45199 0.02016 0.62301
0.20940 0.73949 0.38649
0.72652 0.55020 0.12801
0.74119 0.24164 0.46177
0.71911 0.35976 0.67256
0.67016 0.60669 0.13684
0.92108 0.14515 -0.20195
0.82225 0.46192 0.69213
0.64979 0.60514 0.19490
0.68983 0.09980 0.85322
0.46851 0.62716 0.13961
0.67949 0.47803 0.00176
0.73567 0.13245 0.88310
0.78248 0.19315 0.52591
0.52239 0.86747 0.15839
0.68819 0.42502 0.63411
0.82821 -0.24413 0.73895
0.47455 0.70068 0.28467
0.61667 0.33648 0.81659
0.56908 0.89784 0.02932
0.65706 0.67308 0.06833
0.86460 0.85961 0.23101
0.66969 0.70971 0.20023
0.65750 0.83386 0.34432
0.54106 1.18399 0.20065
0.54639 0.31742 0.31587
0.69069 0.71940 0.19513
1.07794 0.78267 0.12518
0.60983 0.39865 0.01186
0.80100 0.35216 0.53562
0.14621 0.07387 0.61730
0.90921 0.18323 0.07934
0.67583 0.68677 0.16914
0.62723 0.64899 0.06827
0.36530 0.14385 0.75852
1.01665 0.32700 0.52899
0.73082 0.58279 0.42671
0.48671 0.79916 0.20533
0.32693 0.26718 0.49295
0.52597 0.73392 0.20312
0.58835 0.57180 -0.05363
0.74486 0.10431 0.78366
0.70306 0.42523 0.06215
0.91783 0.24149 0.47636
0.34586 0.97535 0.36301
0.02925 0.63408 0.24105
0.68599 0.51813 0.22313
0.96735 0.79117 -0.00072
0.88740 0.84615 0.05066
0.53608 0.94313 0.30470
0.45254 0.58249 0.27329
0.87880 0.74149 0.09234
0.19023 0.33007 0.64879
0.98932 0.87103 0.29700
0.81315 -0.00490 0.41955
0.31444 0.15090 0.70804
0.62295 0.58062 0.21776
0.87810 0.84110 0.08145
0.22268 0.69534 0.23316
0.43265 0.55149 0.19469
1.13301 0.96486 0.33085
0.98893 0.12428 0.80986
0.96669 0.59332 0.24089
0.38839 -0.01863 0.70883
0.74556 1.03604 0.24471
0.56165 0.94945 0.43966
1.06797 0.05921 0.20279
1.03921 0.27039 0.30928
0.91443 0.33452 0.64115
0.60605 0.52070 0.22074
0.14775 0.34333 0.33070
0.04344 0.52391 0.04921
0.11681 0.11863 0.52881
0.36233 0.05006 0.68663
0.17438 -0.06565 0.43892
0.74460 0.67175 0.05183
0.78279 0.22081 0.04939
0.15565 0.13162 0.40070
0.75881 0.17232 0.08602
0.63058 0.92992 0.25570
0.77497 0.28065 0.60227
0.77911 0.34733 0.35670
0.54724 0.92308 0.32074
0.49439 0.25167 0.69888
0.66219 0.83035 0.12954
0.51062 0.95692 0.25752
0.34997 -0.10074 0.46862
0.61803 0.99255 0.29348
0.42743 0.58003 -0.10166
0.85860 0.32186 0.39422
0.82885 0.10173 0.11108
0.10712 0.66546 0.25524
0.17685 0.68808 0.29936
0.64668 0.74163 0.29571
0.79887 0.25197 0.12836
0.74495 0.22448 0.69396
0.45573 0.90681 0.18449
0.82882 0.55062 -0.02375
0.70633 0.37713 0.53165
0.68432 0.51540 0.13495
0.68922 0.64289 0.33778
0.38023 0.79479 0.12687
0.57008 0.99450 0.29483
0.65587 0.57982 0.04182
0.05135 0.76555 0.21303
0.16304 0.64241 0.14540
0.77106 0.59116 0.02226
0.38066 0.78155 0.22280
0.58207 0.99478 0.29566
0.54156 0.87152 0.24186
0.89780 0.85219 0.26961
0.64770 0.58872 -0.07621
0.87030 0.77500 0.34659
1.02458 0.87402 0.06271
0.60077 0.38303 0.70152
1.13488 0.71737 0.15758
0.70304 0.66284 0.03772
0.99351 0.24766 0.37482
0.61472 0.13612 0.79741
0.64037 0.45357 0.24841
0.34249 0.10723 0.34092
0.45542 0.70748 0.13815
1.00573 0.33234 0.39468
1.04629 0.65363 -0.07101
0.62918 0.53301 0.58907
0.45612 0.96699 0.06410
0.24002 0.89563 0.26481
0.11976 0.20735 0.68362
0.51128 1.01137 -0.08096
1.03974 0.29293 0.26046
0.53259 1.03499 0.42690
0.66974 0.33310 0.57329
0.87744 0.25474 0.56985
0.30909 0.05837 0.34742
0.85718 0.53353 -0.02077
0.42903 0.96593 0.28232
0.38114 0.05340 0.45519
0.59686 0.37924 0.51566
0.62367 0.30033 0.63776
0.84329 -0.02030 0.89550
0.72131 0.15118 0.85451
0.32135 -0.12234 0.45115
0.28923 -0.01473 0.53010
0.29479 0.06690 0.51394
0.16950 0.17236 0.29168
0.64333 0.49487 0.35937
0.83863 1.02363 0.25995
0.71707 0.49857 0.08796
0.70310 0.33409 0.47909
0.59393 0.80082 0.38307
0.44225 0.95401 0.26983
0.47514 0.63492 0.25785
0.84291 0.67844 0.15825
0.81580 0.82706 0.40474
0.44444 0.92120 0.10241
0.09915 0.03987 0.53402
0.72761 0.10704 0.79619
0.79037 0.24879 0.78218
0.76764 -0.05229 0.78809
0.48293 0.85811 0.22397
0.82904 0.86809 0.46197
0.38434 0.12342 0.31269
0.35215 -0.02741 0.58274
0.65941 0.99953 0.20489
0.39973 0.82783 0.15631
0.32332 0.93372 0.13766
0.78616 0.19073 0.78250
0.93324 0.67152 0.24384
0.44939 0.17921 0.10008
0.30132 0.27480 0.17048
1.03180 0.20799 0.38877
0.75442 0.50017 0.03766
0.36734 0.81297 0.18288
0.67500 0.70277 0.13510
0.37195 -0.06663 0.30990
0.16219 0.18706 0.76851
0.59937 0.96656 0.36818
0.76605 0.32278 0.95096
0.96844 0.49394 0.23669
0.44440 0.60643 0.21305
0.81898 -0.10053 0.69288
0.84069 0.61392 0.23541
0.77225 0.66068 0.09056
0.89653 -0.00360 0.94151
0.41546 0.61167 0.40431
0.70324 1.09296 0.19572
0.63152 0.50847 0.02160
0.74342 0.91450 0.52481
0.60926 1.03925 0.18094
0.65823 0.21432 0.84005
0.35476 0.94318 0.34342
0.22830 0.07025 0.06723
0.53868 0.50070 0.21392
-0.04801 0.67769 0.08697
0.36134 -0.06302 0.22959
0.47390 1.02117 0.38644
0.68117 0.65683 0.11871
1.06579 0.76478 0.15892
0.72746 0.42843 0.72125
0.53660 0.23454 0.90962
0.18842 -0.18627 0.85686
0.63577 0.54609 0.21520
0.40320 0.24026 0.14466
0.68342 0.76166 0.13200
-0.20719 0.56470 0.32838
0.18365 0.15033 0.02962
1.00714 0.29252 0.33332
0.37838 0.04022 0.69224
0.46095 0.73911 -0.19003
0.63126 0.23396 0.82997
0.95926 0.79613 0.04343
0.59219 0.52465 0.62679
0.68227 0.53641 0.10728
0.79563 -0.05861 0.85378
0.67992 0.19782 0.79693
0.59262 0.60454 0.25983
0.18613 0.75157 0.23083
0.34732 0.59939 0.18135
0.83298 0.78152 0.08045
0.78544 0.33419 0.21749
0.50887 0.74593 0.38599
0.46914 0.58199 0.04475
0.14015 0.69090 0.12600
0.81158 1.06019 0.19883
0.55642 0.55223 0.07079
0.76309 0.18606 0.92996
0.57318 0.23851 0.64221
0.24197 0.72971 0.24556
0.82842 0.25404 0.72249
1.12263 0.12201 0.96489
0.78911 0.05604 0.15181
0.25610 -0.04692 0.41117
0.48710 1.01989 0.22923
0.23159 -0.02182 0.76810
0.43267 0.00394 0.48623
0.48104 0.72606 0.33393
0.60675 0.81213 0.11761
0.65449 0.59027 -0.05705
0.90839 0.60375 0.04021
0.67535 0.87689 0.21862
0.71134 0.65737 0.21681
0.75477 0.56179 0.11295
1.02569 0.32973 0.41256
0.71113 0.25634 0.47993
0.65562 0.58337 -0.11188
0.41336 0.83713 0.25122
0.55241 0.92783 0.07485
0.51994 1.08407 0.31013
0.82932 0.71275 0.36220
0.79949 0.59240 0.27305
0.71139 0.41383 0.08940
0.62972 0.67526 0.04557
-0.00312 0.67638 0.13655
0.36889 0.53770 0.44630
0.38058 0.21726 0.76178
0.61097 0.77044 0.15261
0.42116 0.77455 0.40355
0.19024 -0.00845 0.41852
0.70812 0.75528 0.10809
1.02874 0.46529 0.31161
0.87787 0.69007 0.24956
0.93467 0.53333 0.08439
0.61820 0.30896 0.52528
0.62742 0.85016 0.28911
0.30226 0.22053 0.13865
0.46187 0.80020 0.13566
-0.03460 0.74495 0.31245
0.92484 0.36476 0.40977
0.68679 0.13395 0.93366
0.92057 0.97489 0.19786
0.67781 0.33814 0.52829
0.45548 0.52812 0.41475
0.70534 0.35132 0.55561
0.37588 0.05612 0.68113
0.67586 0.49463 0.50649
0.64277 0.25492 0.71072
0.69475 0.56903 0.18635
0.26371 0.16517 0.13949
0.76515 -0.09625 0.83471
0.81311 0.72121 0.26256
0.60149 0.77166 0.35469
0.66316 0.40733 0.49457
0.69730 0.96815 -0.20898
0.55353 0.88062 0.16582
1.00042 0.27305 0.07963
0.61784 0.22533 0.91180
0.62309 0.14690 0.76937
0.08505 0.73990 0.20955
0.45974 0.14383 0.79443
0.75482 0.89015 0.32711
1.10523 0.45694 0.10329
0.62988 0.81957 0.31260
0.75682 0.42709 0.28901
0.69320 0.41345 -0.00938
0.66096 0.82600 -0.10110
0.54312 0.21120 0.81569
0.44983 0.85108 0.20104
0.42449 0.82454 0.24626
0.49466 0.59887 0.28056
0.52549 0.45891 0.54316
0.78943 0.16316 0.80521
0.47295 0.76288 0.20377
0.74214 1.00501 0.15926
0.50716 1.03035 0.17971
0.37015 0.28723 0.47595
0.59777 0.71471 0.00892
0.84940 0.52741 0.44401
0.54250 0.24284 0.52531
0.62440 0.55908 0.63467
0.10677 0.15774 0.14785
0.31669 0.11858 0.55547
0.13104 0.15909 0.43626
0.84383 0.09966 0.04556
0.32246 0.73149 0.08531
0.20498 0.02603 0.19412
0.79511 0.34180 0.41927
0.72256 0.26049 0.75398
0.66802 0.41301 0.57207
0.41593 0.16972 0.13546
0.62018 0.51654 0.25022
0.68449 0.44306 0.09573
0.91113 0.78219 0.16860
0.24463 0.15760 0.07152
0.78458 0.17718 1.03563
0.56942 0.52875 0.32804
-0.01018 0.69560 0.12754
0.43457 0.74708 0.12433
0.54247 0.34116 0.34739
0.84357 0.14023 0.03733
0.85492 0.76776 -0.08397
0.30015 0.08685 0.67985
0.63799 0.66321 0.06135
0.46341 0.06623 0.76912
0.69822 0.23212 0.84532
0.98848 0.52603 0.42277
0.43747 0.69983 0.18814
0.70790 1.04272 0.37858
0.14270 0.16069 0.04996
0.77415 0.35789 0.33758
0.53999 0.27856 0.11810
0.63552 0.47092 0.04353
0.85775 0.14129 0.12634
0.20513 0.06578 0.10658
0.59521 0.59248 0.33890
0.71037 0.65800 0.19326
0.17591 0.04327 0.50914
0.42591 0.97217 0.20889
0.54858 0.81012 0.23944
0.80690 0.41158 0.59037
0.80903 0.09043 0.79377
0.48480 0.44602 0.12447
0.51649 0.76867 0.25740
0.57627 0.63073 0.05692
0.81978 -0.04658 0.75082
0.34163 0.17261 0.63841
0.73353 0.83732 0.15260
0.98136 0.26228 0.32712
1.02532 -0.08999 0.76730
0.22716 0.27563 0.01842
0.86865 0.12842 0.20333
0.11646 0.18360 0.03419
0.72524 0.67637 0.29228
0.40193 0.63290 0.13187
0.54426 0.75798 0.10108
0.87208 1.01890 0.44072
0.81519 0.54913 0.30565
0.73693 0.46321 0.51798
0.79546 0.18302 -0.01362
0.70067 0.57937 0.72639
0.90390 -0.18644 0.74763
0.53174 0.78027 0.17771
0.32973 0.64534 0.20670
0.57994 0.99999 0.23933
0.13685 0.13342 0.38910
0.75738 0.56198 0.17193
0.67184 0.73159 0.32938
0.42397 0.92345 0.42947
1.03528 0.66898 0.31507
0.84394 0.70943 0.12879
0.15564 0.02911 0.64760
-0.03492 0.86104 0.00567
0.84466 0.77609 0.18553
0.17112 0.12748 0.32563
1.07485 0.82248 0.44813
0.35503 0.71578 0.25208
0.90288 1.01811 0.31052
0.38672 0.92840 0.13751
0.40997 0.75936 0.21309
0.70827 0.59189 0.41668
0.03416 0.00536 0.46158
0.51456 0.75074 0.32288
0.75498 0.60600 0.23564
0.68196 0.68869 -0.01760
0.40361 0.77800 0.18920
0.74240 0.19849 0.22379
0.50862 0.90073 0.31050
0.38987 0.87032 0.06419
0.50944 0.78974 -0.08437
0.11645 0.07472 0.57066
0.04838 0.61837 0.08250
0.38141 0.66687 0.44834
0.81134 1.02600 0.23512
0.95709 0.74705 0.22862
0.50055 0.62199 0.23686
0.70537 0.98608 0.30905
0.25378 0.04447 0.40788
0.88386 0.32522 0.51076
0.69812 0.92149 0.20018
0.26940 0.04586 0.55377
0.68179 0.90319 0.07445
0.77121 0.66221 0.11706
0.32318 -0.01789 0.61232
0.73776 0.29126 0.82339
0.93454 0.96774 0.20161
0.76433 0.43321 0.36257
0.35360 1.09975 0.19598
0.57151 0.91845 0.10842
0.84518 0.81465 0.32567
0.04604 -0.01525 0.34427
0.67848 0.47896 0.21000
0.78176 0.12114 0.88694
0.89097 0.11373 1.00310
0.68398 0.54545 0.60952
0.46059 0.12717 0.87658
0.90401 0.68172 0.15792
0.66810 0.09942 0.17771
1.07307 0.71498 0.07582
0.54583 0.40452 0.40337
0.72904 0.34976 0.76422
0.59268 0.39936 0.52288
0.11952 0.72657 0.15448
0.90124 0.00290 0.84416
0.83343 0.88699 0.34039
0.32296 0.55748 0.06279
0.62123 0.60878 -0.04297
1.18921 0.69242 0.26162
0.30762 0.00009 0.31892
0.70605 0.44058 0.18958
0.20362 -0.11518 0.34412
0.39621 0.51736 0.10014
0.31977 0.89254 0.11586
0.36518 0.23109 0.69157
0.40888 0.87701 0.32987
0.16845 -0.19115 0.29606
0.84513 0.17178 0.20062
0.32370 0.06733 0.69962
0.55312 0.24443 0.48602
0.98292 0.06240 0.70182
0.33981 0.07299 0.62904
0.98418 0.18054 -0.06740
0.33088 0.83978 0.21240
0.54473 0.74064 0.07664
0.82079 0.64438 0.04377
0.62729 0.78182 0.20352
1.05718 0.69291 0.16675
0.89526 0.29849 0.03037
0.60310 0.93520 0.24001
0.86578 0.27894 0.82805
0.05767 0.88019 0.21057
0.42702 0.88452 0.46978
0.57126 0.16834 0.68097
0.59211 0.96450 0.18245
0.69279 0.22172 0.60803
0.84225 0.39519 0.49101
0.59324 0.60913 0.53131
0.76399 0.47527 0.16198
0.75940 0.37532 0.49234
0.83980 0.11082 0.92803
0.87107 0.04695 0.80849
0.41980 0.76232 0.33330
0.25055 0.01365 0.33898
0.61939 0.59266 0.29024
0.52781 0.59888 0.33072
1.06683 0.69905 0.16865
0.68264 0.93726 0.28448
0.78711 0.69244 0.06950
0.59297 0.61536 0.22634
0.58656 0.71549 0.20451
0.51824 0.83090 0.32525
1.10011 0.73720 -0.14191
0.41921 0.84955 0.28267
0.21162 0.01758 0.26848
-0.04855 0.78500 0.11284
0.77792 0.73828 0.03098
0.18069 -0.02376 0.77930
0.66598 0.57049 0.50377
0.30728 0.08283 0.85749
0.57153 0.20835 0.53235
0.93809 0.60559 0.32621
0.02485 0.51270 0.30687
0.75694 0.64836 0.18438
0.72282 0.94173 0.25759
0.53231 0.89902 -0.04979
0.16816 0.10914 0.46053
0.59443 0.23532 0.61264
0.56785 0.58925 0.42589
0.32093 0.05389 0.16533
0.55755 0.18294 0.72906
0.90682 0.68578 0.29238
0.13904 0.74596 0.13765
0.49927 -0.02251 0.59715
0.83931 0.80143 0.08550
0.44838 0.84772 0.00837
0.45006 0.20449 0.50275
0.56655 0.39666 0.62056
0.51779 0.84886 0.25780
0.56494 1.06328 0.31719
0.73754 0.73091 0.10363
0.70215 0.15166 0.80877
0.78132 0.70304 0.38446
0.72748 0.39947 0.58128
0.51068 0.62674 0.41813
0.41934 0.13584 0.54870
0.26003 0.01610 0.43355
0.68118 0.46750 0.29540
0.64353 0.67530 0.19033
0.96467 0.17777 0.84879
0.40999 0.89182 0.10622
0.76422 0.34647 0.58528
0.56474 0.58494 0.10773
0.82297 0.85197 0.27304
0.72695 0.37696 0.47925
0.50830 0.43455 0.32425
0.63291 0.52630 0.00700
0.70410 0.60495 0.12498
0.87939 0.05001 0.06514
0.38781 0.05683 0.81828
0.33678 0.09326 0.84400
0.48269 0.93525 0.22849
0.24947 0.04159 0.58747
0.67342 0.05948 0.73822
0.97288 0.78308 0.09888
0.76448 0.24166 0.05717
0.67655 0.36487 0.51357
0.48277 -0.07778 0.72067
0.80973 0.64587 0.25597
0.35635 0.18280 0.12820
0.68483 0.49809 0.54787
0.89045 0.13105 0.14743
0.24156 0.02592 0.22223
0.94377 0.82963 0.16665
0.49354 0.84579 0.14961
0.66562 0.19428 1.12051
0.52475 -0.06264 0.52836
0.98487 0.67479 0.38192
0.79588 0.30201 0.56125
0.43668 0.98812 0.33891
0.46054 0.93026 0.09916
0.78604 0.17586 0.17566
0.56872 0.70727 0.52866
0.54575 0.74742 0.21571
0.49561 1.05095 0.10542
0.65130 0.45184 0.10798
0.70361 0.49792 0.15709
0.56763 0.51119 0.18565
0.47417 0.56639 -0.02135
0.38930 0.85345 0.06936
0.76135 0.71558 0.26824
0.61941 0.68720 0.06470
0.65538 0.39144 0.59647
0.52746 0.60506 0.10865
0.56996 0.86497 0.06738
0.62062 0.85548 0.25731
0.61137 0.47778 0.23982
0.40577 0.99248 0.25457
0.56923 0.46877 0.50841
0.89536 0.68809 0.25532
0.55503 0.66924 0.13693
0.70031 0.67972 0.29142
0.70023 0.53040 0.08687
0.42676 0.85454 0.40043
0.22897 0.18318 0.21034
0.71330 0.81626 -0.07379
0.64274 0.60493 0.26848
0.94702 0.59460 0.04316
0.99183 0.75612 0.16331
0.77107 0.70420 0.19512
0.25988 0.71425 0.10332
0.59767 0.05466 0.83861
0.79655 0.63845 0.16933
-0.02333 0.44450 0.07791
0.74063 0.59921 0.47724
0.61165 0.43355 0.46376
0.85985 0.45451 0.21600
0.47555 0.19251 0.09982
0.20428 0.28949 0.17541
0.70364 0.22938 0.58866
0.61761 0.80125 0.20549
0.73731 0.67443 0.42662
0.49564 0.33846 0.64282
0.79557 0.62977 -0.14986
0.41548 0.73856 0.16627
0.70806 0.92500 0.18299
0.53876 0.01005 0.31880
0.75295 0.65935 0.20259
0.54123 0.50266 0.07536
0.97949 0.11875 0.16851
0.90986 0.06983 0.73916
1.06542 0.30925 0.46692
0.92556 0.56151 0.29206
1.01038 0.01626 0.90042
0.68559 0.59151 0.30803
0.48951 0.91900 0.36743
0.86578 -0.14505 0.77009
0.67511 0.61705 -0.05510
0.86999 -0.07496 0.79538
0.77704 0.23755 0.40598
-0.08700 0.92709 0.26202
0.70243 0.67390 0.27954
1.02592 0.49911 0.52000
0.83565 0.10002 0.49241
0.78684 0.29288 0.98317
0.41566 0.05590 0.61703
0.74563 0.90885 0.23477
0.79335 0.83243 0.37118
0.37650 0.85327 0.11876
0.29477 0.82274 0.29059
0.41072 0.72430 0.22850
0.78483 0.65326 0.13928
0.56550 0.60908 0.42224
0.00943 0.80041 0.28399
-0.04131 0.74336 0.00170
0.44584 0.56841 0.24171
0.96818 0.55470 0.03371
0.57305 0.38707 0.43277
0.93600 0.24972 0.07961
0.78258 0.10901 -0.06937
0.47546 0.95800 0.20576
0.99621 0.16733 0.19350
0.14735 0.61480 0.31169
0.86805 0.70482 0.19783
0.69693 0.37958 0.54038
0.43630 0.83152 0.34652
0.73693 0.33671 0.23635
0.49845 0.62873 0.12994
0.44564 0.66423 0.24982
0.72666 0.59059 0.01720
0.81135 0.87230 0.29706
0.26627 -0.27747 0.52426
1.01848 0.82228 0.34927
0.41169 0.56276 0.27579
0.11427 0.25455 0.07238
1.01863 0.36053 0.42266
0.78762 0.52987 0.02345
0.28583 0.01469 0.19069
0.21852 0.21031 0.87432
0.89803 0.40808 0.31937
0.27458 -0.01939 0.74888
0.24405 -0.22771 0.43644
0.36064 -0.00327 0.42336
0.73835 0.94558 0.21684
0.85154 0.04992 0.13758
0.65452 0.47242 0.14288
0.84965 0.08773 0.25411
0.64814 0.43012 0.17577
0.77093 0.90814 0.16547
0.71560 0.96099 0.34085
0.82345 0.23510 -0.13617
0.89534 1.10326 0.47466
0.55663 1.05170 0.33099
0.58743 0.55885 0.63528
0.64978 0.43527 0.11926
1.02142 -0.01250 0.81886
0.47110 0.46665 0.14428
1.00068 0.71189 0.23379
0.46190 -0.02248 0.72410
0.19357 0.02585 0.32031
0.56298 0.99465 0.04566
0.96010 0.72374 0.18717
0.21291 -0.07568 0.50107
0.99394 -0.07288 -0.00370
0.42927 0.45036 0.11407
0.82239 0.17252 0.12101
0.83601 0.52955 0.24608
1.07119 0.72965 0.37036
0.58503 0.24458 0.63599
0.63120 0.52398 -0.00545
0.78068 0.71089 0.08912
0.64646 0.46188 0.49507
0.49403 0.89643 0.36096
0.83714 -0.06431 0.21354
0.76633 0.08762 0.86523
0.68431 0.54269 0.34606
0.39174 0.85389 0.26426
0.50016 0.43147 0.19858
0.91187 0.65898 0.24590
0.36219 0.41898 0.15424
0.53572 0.90071 0.17672
0.15059 0.18262 0.36129
1.00173 0.25361 0.14611
0.55704 0.34767 0.98324
1.12032 0.65567 0.26786
0.34712 0.91620 0.16405
0.88349 0.11521 0.97124
-0.12599 0.78101 0.18162
1.08675 0.19987 0.43271
0.76967 0.53918 0.10537
0.32982 0.87871 0.36958
0.89789 0.76460 0.14632
0.18854 0.09938 0.56540
0.77186 -0.02591 0.73472
0.38591 0.14757 0.69502
1.01622 0.02002 0.76616
0.07514 0.69748 0.13046
1.05079 0.41892 0.46458
0.19796 0.71832 0.16697
0.75647 0.14155 0.78292
0.68006 0.19753 0.71987
0.06659 0.57161 0.04769
0.75015 0.37725 0.36000
0.77115 -0.09778 0.82802
0.44438 0.63941 0.00092
0.68172 0.34088 0.54295
0.34323 0.70936 -0.03782
0.57061 0.89513 0.05044
0.16294 0.12612 0.27338
0.67100 0.99687 0.24347
0.52426 0.57409 0.30399
0.60401 0.04660 0.74198
0.28994 -0.09087 0.46388
0.23541 -0.08644 0.39454
0.33326 0.68209 0.24736
0.35137 0.12114 0.67538
0.60976 0.24645 0.60775
0.86039 0.05457 0.61821
0.13223 0.90624 0.36057
0.43937 0.78543 0.18910
0.37866 0.82064 -0.03899
0.50467 0.94037 0.18106
1.15305 0.68392 0.12312
0.04211 0.72512 0.18064
0.19779 0.01538 0.09085
0.78731 0.11828 0.01400
0.53709 1.00940 0.26994
0.87890 0.79963 0.31269
1.09662 0.56487 0.37722
0.69407 0.97462 0.40179
0.59309 0.37789 0.30472
0.63731 0.68752 0.44066
-0.06883 0.65397 0.12856
0.60016 0.08063 0.65959
0.81745 1.04340 0.20132
0.84564 0.56804 0.17875
0.67801 0.27340 0.61606
0.97300 0.64676 0.28346
0.75501 0.43916 0.71695
0.38572 0.18981 0.23501
0.26698 0.17366 0.01693
0.66544 0.32570 0.55447
0.92637 0.58702 0.30555
0.67268 0.56937 0.00729
0.86200 0.70935 0.09519
0.69603 0.85545 0.24205
0.61298 0.49452 0.01822
0.22567 -0.01261 0.40889
0.09272 0.65429 0.28783
0.06392 0.00918 0.59527
0.66584 0.19198 0.99413
0.92567 0.02207 1.12383
0.76128 0.11125 0.77452
0.16631 0.65174 0.17828
0.65436 0.44991 0.10978
0.31999 -0.04598 0.38889
0.74226 0.38043 0.05947
0.84177 0.53146 -0.00298
0.66389 0.49165 0.32086
0.73753 0.11502 0.71449
0.68720 0.52202 0.63338
0.31918 0.03752 0.49166
0.79290 0.44523 0.49003
0.84325 0.17660 0.04943
0.97907 0.66322 0.17526
0.57245 0.74297 0.28026
0.32736 0.20099 0.16633
0.56169 0.07750 0.77569
0.00680 0.61049 0.09940
0.68146 0.57248 0.05347
0.57888 0.57611 0.07298
0.41684 0.28137 0.83888
0.83795 0.24402 -0.10830
0.56538 0.61269 0.30830
0.66471 0.04221 0.83700
0.53711 0.48365 0.64929
0.89165 0.72994 0.06891
1.10758 0.84214 0.25684
0.92956 0.27415 0.51016
0.71506 0.57256 0.30601
0.82664 0.15582 0.05283
0.39967 0.92114 0.17482
0.63897 0.54020 0.39894
0.28109 -0.02509 0.32819
0.69827 0.57279 -0.08394
0.67710 0.39456 0.28544
1.06003 0.39649 0.22996
0.59933 0.28998 0.72290
0.79627 0.04984 0.74477
0.14141 0.38177 0.19728
0.59982 0.55578 0.41835
0.66687 0.70900 0.17188
0.21864 0.16747 0.14044
0.93649 0.69650 0.15891
0.91664 0.23357 0.22255
0.56207 0.66523 0.17037
0.60493 0.17574 0.91438
0.98346 0.20392 0.98252
0.60406 0.64660 0.13366
1.08865 0.76631 0.24284
0.51131 0.64270 -0.00797
0.72692 0.92746 0.12902
0.03426 0.66916 0.29710
0.70864 0.21060 0.52919
0.57527 0.71940 0.18537
0.79285 0.58056 -0.02349
0.42406 0.75356 0.26600
0.43330 0.91988 0.26523
0.75818 0.45896 0.03697
0.95696 0.74792 0.10846
0.97237 0.36183 0.38945
1.02305 0.21042 0.56795
0.22272 -0.04626 0.22098
0.59170 0.98446 0.28896
0.22717 0.26229 0.16037
0.17333 0.50953 0.23844
0.78060 0.94029 0.26105
0.30968 0.06895 0.22302
0.62419 0.46006 0.61034
0.64331 0.10882 0.80898
0.70241 0.57704 0.19343
0.54406 0.27120 0.65801
0.45440 1.03551 0.28174
0.93152 0.81067 0.16841
0.33112 0.14218 0.72367
0.74597 0.49118 0.38300
0.60497 0.20874 0.90918
0.78234 0.88436 0.21251
0.10949 0.80976 0.14580
0.05449 0.74893 0.02972
0.98489 0.84725 0.47265
0.64277 0.69372 0.10488
0.62112 -0.02617 0.96546
0.77354 -0.02530 0.71303
0.83625 0.20876 0.63490
0.81952 0.66678 0.39966
0.02403 0.73301 0.20923
0.73302 0.05282 0.85072
0.71719 1.15106 0.21566
0.64554 0.38710 -0.01625
0.95234 0.32490 0.04910
0.52800 0.70855 0.39131
0.58950 0.15610 0.88451
0.85900 0.61811 0.25508
0.63315 0.95668 -0.00490
0.99614 0.33535 0.43499
0.89443 0.72302 0.38024
0.93217 -0.05761 0.82811
0.01589 0.81072 0.16988
-0.01454 0.54352 0.26956
0.61781 0.54782 0.41345
0.99025 0.08858 0.89871
0.97790 0.90128 0.28215
0.16303 0.06087 0.62127
0.93625 0.33874 0.48671
0.79201 0.68818 0.21061
0.29475 0.26670 0.19030
0.88445 0.78981 0.49938
0.12188 -0.15939 0.30574
0.68661 0.03729 0.83696
0.37891 0.67392 0.20584
-0.03674 0.62882 0.22146
0.18992 0.07835 0.22735
0.48480 0.74366 0.26707
0.73253 0.55389 -0.01408
0.53512 0.55362 0.20036
0.58262 0.77777 0.08646
0.91596 0.16842 0.79490
0.18842 0.08380 0.07039
0.65163 0.94504 0.27272
0.18342 -0.00807 0.39069
0.29218 0.85252 0.36871
0.56916 0.43636 0.36510
0.93806 0.29410 0.49191
0.58067 0.97506 0.16061
0.62610 0.58942 0.30110
0.85237 0.38913 0.48469
0.60081 0.47800 0.12648
0.43564 0.65046 0.36245
0.30839 -0.04830 0.64665
0.15126 0.64874 0.16121
0.42199 0.75646 0.17292
0.24992 0.24086 0.58877
0.61022 0.23680 0.98717
0.24634 0.72130 0.28942
0.07894 0.18658 0.40912
0.62891 0.43000 0.07071
0.45935 0.37886 0.27208
0.67811 0.64275 0.43233
0.91352 0.19061 0.31197
0.16906 0.66713 0.26380
1.10028 0.58576 0.28398
0.08227 0.60188 0.21671
0.31652 0.21517 0.59321
1.06086 0.65524 0.21411
0.40925 0.13599 0.12337
0.42639 0.82971 0.13117
0.81458 -0.02870 0.76716
0.85499 0.03921 0.80231
0.97024 0.11223 0.18976
0.27370 0.83161 0.33258
0.59067 0.87769 0.11244
0.67619 0.55429 0.15635
0.61905 0.85378 0.04654
0.66098 0.76324 0.02316
0.76748 0.64197 -0.08168
0.59056 0.95259 0.03314
0.47932 0.47528 0.07961
0.07513 0.75960 0.21963
0.50067 0.94776 0.19132
0.00377 0.50882 0.10347
1.01622 0.64490 0.45346
0.35744 0.85636 0.41098
0.34180 0.15943 0.25783
0.11660 0.73639 -0.01498
0.39072 0.06697 0.28555
0.43171 0.45731 0.03855
0.47056 0.75514 0.13032
0.74589 0.52925 0.08791
1.07818 0.65084 0.20346
0.42922 0.97600 0.34889
0.76251 0.57046 0.17443
0.67365 0.55951 0.16178
0.61089 0.84202 0.40746
0.64319 -0.09993 -0.03603
0.39500 0.79796 0.20495
0.76565 0.93793 0.16285
0.54483 0.68991 0.06081
0.46220 1.12996 0.28397
0.42494 0.81685 0.33479
0.04183 0.12534 0.47880
0.88258 0.00203 0.22628
0.75699 0.60016 0.18283
0.60828 0.54632 0.30090
0.60192 0.45198 0.49929
1.01450 0.44263 0.20702
0.75625 0.42761 0.10258
-0.02646 0.59947 0.24468
0.72819 0.51931 0.27263
0.77853 0.02332 0.88262
0.18120 0.67487 0.23147
0.78316 1.11794 0.28750
0.19495 0.16402 0.21165
0.77188 0.61946 -0.05008
1.10110 0.69562 0.29012
1.05437 0.88605 0.19076
0.60981 0.42521 0.19989
0.47344 0.83511 0.15180
0.64872 0.52776 0.44924
0.52586 0.76731 0.30605
0.26605 -0.02984 0.71583
1.02124 0.65543 0.14756
0.66947 0.89180 0.32217
0.42908 0.38712 0.25460
0.76833 0.11882 0.24847
0.77164 0.77109 0.07670
0.60541 0.80088 0.20151
0.53466 0.57077 0.06776
0.62890 0.71082 0.00097
0.78074 0.63779 0.18758
0.45353 0.71965 0.21945
0.29808 -0.05129 0.35841
0.85953 0.51777 0.17369
0.31074 0.05065 0.06351
0.40233 -0.00791 0.76536
0.53688 0.83334 0.17667
0.34011 0.08055 0.53133
0.57653 0.65560 0.36372
0.15868 0.69859 0.27248
0.37607 0.22487 -0.06163
0.30966 0.43864 0.17101
0.79820 0.99644 0.14422
0.68172 1.03332 0.30101
0.78418 0.99113 0.27933
0.44470 0.81520 0.25328
0.13527 -0.03366 0.57256
0.58018 0.60981 0.26229
0.53562 0.51713 0.42151
0.35667 0.87580 0.34871
0.74629 0.48773 0.08240
0.62072 0.26339 0.58541
0.57213 0.98549 0.22775
0.67855 0.79209 0.15522
0.97707 0.35227 0.21344
0.89390 0.49246 0.41089
1.04402 0.59764 0.19183
0.79066 0.70084 0.09964
0.65543 0.50120 0.18059
0.51580 0.36038 0.77934
0.59955 0.58226 -0.09226
0.57859 0.58631 0.21333
0.61976 0.69921 0.62568
1.16592 0.61630 0.22881
0.67815 0.79461 0.40711
0.49269 1.08738 0.14014
0.47860 0.59526 0.09712
0.75159 0.71271 0.22451
0.40249 -0.05671 0.68205
0.85623 0.72750 0.30224
0.55638 0.79459 0.04783
0.84520 0.07136 1.11993
0.32804 -0.11425 0.47493
0.61292 0.63799 0.38066
0.64634 0.18801 0.88291
0.41373 0.88139 -0.04906
0.25946 0.24657 0.15106
0.49774 0.77191 0.28646
0.82391 0.51749 0.43478
0.07912 0.19640 0.30077
0.49416 0.85035 0.04844
0.30949 0.93578 0.18246
0.72189 0.70620 0.25744
1.04874 0.25732 0.49845
0.83613 0.39066 0.24578
0.76796 0.88883 0.03565
0.34539 0.25561 0.56153
0.79771 0.38457 0.32647
0.57135 0.13171 0.87093
0.90996 0.34662 0.37100
0.58433 0.95552 0.27762
0.61712 0.02786 0.09836
0.39697 0.55620 0.46789
0.75083 0.52708 0.26140
0.55096 0.39469 0.71294
0.48955 0.79056 0.21640
0.88517 1.01674 0.38625
0.92170 0.50828 0.47704
0.75592 -0.20880 0.90795
0.52687 0.44436 0.35651
0.67320 0.42801 0.08855
1.03523 0.65798 0.23536
0.32899 -0.09331 0.40583
0.67673 0.35655 0.65333
0.31262 0.07863 0.52135
1.00282 0.23984 0.31605
0.60189 0.65662 0.22621
0.59319 0.90152 0.31360
0.77252 0.31297 0.37964
0.82829 0.88265 0.23719
0.90993 0.31306 -0.00504
0.37988 1.05290 0.16677
0.58924 0.67963 0.24514
0.50807 0.74953 -0.04732
-0.01096 0.46084 0.27952
0.66893 0.22282 0.59224
0.77573 0.12374 0.83575
0.99831 0.39399 -0.08208
0.39347 0.91272 0.28649
0.61814 0.81843 0.16852
0.89091 -0.22208 0.78977
0.23023 0.12373 0.51823
0.77070 1.09987 0.21531
0.27704 0.10092 0.28245
0.81852 0.66222 0.15666
0.73996 0.68912 0.07231
0.72321 0.05690 0.12687
0.80104 0.14847 0.18103
0.00821 0.60343 0.04145
0.57762 0.52896 0.01752
0.69131 0.20310 0.80361
0.41055 0.72106 0.13991
0.93302 0.81688 0.19144
0.93643 0.13418 -0.02660
0.37517 0.13654 0.05384
0.91044 0.42347 0.20836
0.29270 0.53402 0.24936
0.55414 1.04294 0.34276
0.88124 0.20752 0.43113
0.08367 0.67969 0.16318
0.70172 0.98624 0.29111
0.34429 0.83666 0.33223
0.80880 0.17490 0.98549
0.80444 0.49941 0.10216
0.73103 0.20193 0.69687
0.68207 0.98678 0.30479
0.58664 0.54661 0.21137
0.52967 0.31469 0.61329
0.36133 0.77417 0.20446
1.07521 0.76973 0.22318
0.18270 0.17823 0.19289
1.04559 0.55122 0.47265
0.71760 0.04972 0.81561
0.42137 0.42836 0.25944
0.74398 0.80532 0.24115
1.01591 -0.08674 0.63859
0.25216 0.01532 0.49123
0.13911 0.00196 0.39679
0.34483 0.25658 0.68756
0.72243 0.09413 0.88893
0.64808 1.12947 0.25719
0.61526 0.10731 0.62066
0.42418 -0.06642 0.70692
0.74292 0.43171 0.56361
0.98485 0.26278 0.05449
0.50082 0.82420 0.27591
0.76167 0.00401 0.71700
0.60106 0.93337 -0.15439
0.68336 0.59659 0.55441
0.73359 1.08052 0.41717
0.51426 0.79246 0.21704
0.27817 0.25369 0.00480
1.04983 0.87450 0.22013
0.64879 0.77138 0.36372
0.78489 0.20935 0.01810
0.79822 0.95457 0.34524
0.58166 0.45829 0.42424
0.79713 0.98295 0.27179
0.59127 0.04562 0.65383
0.84498 0.55841 0.12443
0.16825 0.11689 0.31409
0.35066 0.02646 0.75222
0.53121 0.63810 0.12106
0.06141 0.61767 0.06777
0.76187 0.56007 0.23416
0.76131 0.56812 0.33426
1.11843 0.38961 0.26257
0.93457 0.35215 0.46774
0.48873 0.66001 0.24098
0.90527 0.75622 0.34894
0.93160 0.10769 0.03268
0.68094 0.23893 0.89630
0.58179 0.90343 0.06659
0.78426 0.46004 0.10674
0.62195 0.64618 0.13129
0.81417 -0.17764 0.79830
0.87090 0.03526 0.93797
0.57452 0.25592 0.81399
0.17087 0.72336 0.30803
0.86852 0.68452 0.24899
0.55842 0.87290 0.16583
0.78002 -0.13928 0.99726
-0.01766 0.67497 0.21427
0.79757 0.39552 0.39743
0.38979 0.21400 0.00750
0.26455 0.13685 0.64561
0.57681 0.06221 0.97279
0.68447 0.51490 -0.00868
0.81470 0.07360 1.02729
0.74747 0.59885 0.33229
0.63958 0.12535 0.73336
0.80385 0.48153 0.66707
0.66048 0.01913 0.82290
0.54386 0.59685 0.40703
0.72719 0.08138 0.09045
0.70928 0.97730 0.31401
0.06378 0.66759 0.13876
0.38496 -0.09262 0.52447
0.55446 0.85260 0.05484
0.11836 -0.06692 0.29310
0.21559 -0.10119 0.48671
0.50287 0.31303 0.81819
0.88946 0.04864 0.16527
0.71786 0.57446 0.15587
0.68348 0.11698 0.07475
0.73610 0.56467 0.16774
0.63635 0.68787 -0.12537
0.72241 0.65323 0.02011
0.15296 -0.13086 0.41838
1.04627 0.97446 0.19593
0.54385 0.95557 0.02466
0.33451 0.07685 0.47351
0.72173 0.60815 0.24186
-0.16908 0.79336 -0.01053
0.26308 -0.00175 0.37247
0.52762 0.62059 0.06200
0.28324 -0.13453 0.71031
0.71909 -0.03391 1.03651
0.79104 0.03209 0.86338
0.71002 0.49378 0.20877
0.73433 0.50595 0.16995
0.13812 -0.17668 0.20714
0.93679 0.67772 0.05379
0.61163 0.21146 0.79700
0.73953 1.03253 0.25456
0.40772 0.80979 0.15108
0.80046 0.37775 0.81458
0.37736 0.77017 0.07821
0.14778 -0.10023 0.50664
0.08065 0.64673 0.20864
0.34929 0.17609 0.59036
0.72615 0.47803 0.05210
0.63639 0.52341 0.08073
0.64752 0.43403 -0.10516
0.72476 0.36708 0.16313
0.80683 0.52790 0.36686
0.36058 0.24452 0.17399
0.23296 -0.04279 0.41600
0.61525 0.55825 0.08692
0.30667 0.26925 0.74287
0.94413 0.53569 0.21368
0.96905 0.21031 0.07617
0.69967 1.06905 0.34073
0.85697 0.22811 0.95985
0.47133 0.82392 0.22062
0.55282 0.54763 0.25763
0.37573 0.92782 0.00939
0.92170 0.73521 0.12756
0.57173 1.00210 0.19113
0.79843 0.52777 0.18671
0.61499 0.71806 0.20907
0.78897 0.63038 0.19088
0.72373 0.61330 -0.00293
0.69154 1.16328 0.14847
0.63169 0.63464 0.12465
0.91710 -0.24253 0.87685
0.39601 0.12434 0.19529
0.04645 0.73864 0.23148
0.84392 0.91291 0.26790
0.54778 0.78342 0.07377
0.85520 0.06650 0.84071
1.01636 0.98558 0.24920
0.73838 0.28431 0.24420
0.64608 0.48528 -0.06767
0.69774 0.96349 0.19835
0.55652 0.47661 0.08625
0.53515 0.84000 0.30569
-0.01510 0.80521 0.19624
0.96380 0.21737 0.45801
0.27945 -0.06737 0.77295
0.44090 0.00316 0.69294
0.87154 0.68957 0.16288
0.37344 -0.02303 0.44475
0.89499 0.13594 0.79464
0.92232 -0.08517 0.61967
0.85945 0.05039 0.73210
0.70078 0.50386 0.41252
0.21107 0.09093 0.65182
0.51977 0.63472 0.02081
0.59435 0.51964 0.37649
0.72480 0.64217 0.18783
0.17996 -0.11724 0.27578
0.63729 0.56860 0.54487
0.74274 0.81477 0.22244
0.83773 -0.02727 0.69641
0.71945 0.93365 0.21377
0.79333 0.10420 -0.00057
0.58321 0.54123 0.33760
0.68049 0.81068 0.30911
0.34950 0.21851 -0.01418
0.77957 0.37091 0.34114
0.52571 1.00115 0.34695
0.76176 0.93231 0.18556
1.10473 0.57526 0.25921
0.12951 0.70809 0.36572
0.82085 -0.03950 0.79358
0.73343 0.41266 0.77093
0.35472 0.52357 0.54643
0.64042 0.39772 0.21108
0.85163 0.01587 1.15642
0.81969 0.88590 0.32516
0.74483 0.66654 0.27039
0.41860 0.39646 0.59011
0.21571 -0.04203 0.06721
-0.08847 0.51220 0.20397
0.21013 0.17701 0.11676
0.67707 0.06112 0.90568
0.44670 -0.02446 0.62611
0.27096 -0.26498 0.56327
0.31594 0.70991 0.11963
0.48166 0.16258 0.81056
0.66534 0.55815 0.24157
0.63285 0.46176 0.34491
0.69192 0.61523 0.53789
0.87205 0.78521 0.04341
1.03064 0.66768 0.18624
0.42357 0.90582 0.01794
0.88626 0.67825 0.16806
0.54726 0.70297 0.39102
0.67366 0.53224 0.23315
0.51091 0.21641 0.14336
0.63867 0.34813 0.30428
0.50302 1.03376 0.31914
0.61503 0.51690 -0.04308
0.55685 0.61089 0.41213
0.98472 0.77870 0.12214
0.48402 -0.26526 0.83080
0.74768 0.47771 0.11217
0.29030 0.23172 -0.01146
0.71404 0.91431 0.32616
0.91873 0.19013 0.73178
0.55899 0.60355 -0.14176
0.79481 -0.18049 0.84027
0.91464 0.13956 0.37169
0.39482 0.09368 0.53183
0.75950 0.90135 0.38389
0.94939 0.57957 0.27573
0.80385 0.03060 0.78807
0.96616 0.69623 0.13837
0.42090 0.06279 0.48136
0.65912 0.19747 0.99584
0.15289 0.53749 0.27535
0.08654 0.77414 -0.05780
0.87102 0.33615 0.37280
0.64380 0.43702 0.15538
1.12291 0.23429 0.25014
0.84126 0.71528 0.25476
0.61300 0.65264 0.05575
0.61247 0.73269 0.28122
0.50227 0.87444 -0.01578
0.83347 0.16607 0.01337
0.69682 0.74059 0.25311
0.74555 0.52793 0.28317
0.12101 0.16811 0.43130
0.75483 0.10928 0.13911
0.22189 0.09657 0.02451
0.65331 0.51119 0.29044
0.69699 0.42219 0.13530
0.46532 0.88567 0.36086
0.82318 0.63351 0.18720
0.56654 0.81647 0.11639
0.21930 0.06361 0.66300
0.83365 0.14586 0.11092
0.49484 0.31321 0.55819
-0.07475 0.52165 0.17650
0.81256 0.79585 0.22309
0.97147 0.71235 0.14191
0.08375 0.18535 0.13340
0.69103 0.55973 0.21162
0.96019 0.59293 0.23652
0.73872 0.07645 0.14155
0.81557 0.64212 0.26767
0.62259 0.64948 0.01329
0.57275 0.91825 0.19096
0.67496 0.48441 0.27729
0.62417 0.89948 0.07618
0.77087 0.51051 0.51579
0.60169 0.22172 0.38423
0.61622 0.23525 0.91358
0.59856 0.98836 0.08846
0.24739 0.04675 0.38159
0.83016 0.54380 0.06392
0.66495 0.62970 -0.03468
1.02587 0.62125 0.36228
0.67214 0.23382 0.68785
0.77908 0.79612 0.03402
0.66998 0.17691 1.01039
0.60888 0.08650 0.90738
1.00331 0.82670 0.36948
0.46521 0.59435 0.21262
0.83800 0.49839 0.49047
0.22534 0.04411 0.77927
0.72878 0.38835 0.61847
0.62393 0.41709 0.47568
0.56551 0.46874 0.07727
0.91465 0.15222 0.00498
0.36075 0.11834 0.21606
0.64764 0.56323 0.09301
0.68666 0.99042 0.24242
0.55161 0.72241 0.17401
0.68828 0.92039 0.26413
0.77809 0.83764 0.42661
0.64072 0.58506 0.02424
0.56880 0.10703 0.65075
0.49535 0.21477 0.75813
1.01639 0.39731 0.38958
0.68938 0.64498 0.12798
0.90537 0.06643 0.08347
0.12274 -0.02716 0.46028
0.24674 -0.00389 0.40259
0.46996 0.08841 0.02540
0.59745 0.63196 0.18659
-0.06260 0.69442 0.19746
0.45569 0.76176 0.34517
0.97882 0.26081 0.49242
0.17360 0.19090 -0.03704
0.13755 0.36901 0.32118
0.79851 0.03577 0.83630
0.69238 0.71153 0.35370
1.18839 0.57855 0.20722
0.42716 0.90257 0.04872
0.44287 0.28967 0.34175
0.90907 0.58023 0.12619
0.60307 0.60601 0.01500
0.99233 0.19344 0.50553
0.11962 0.67845 0.28049
0.81117 0.90529 0.18204
0.88385 -0.03028 0.82834
0.33164 0.85349 0.14640
0.55458 0.66441 0.50267
0.11130 -0.01840 0.36617
0.40349 0.11657 0.25248
0.96652 0.65303 0.29526
0.73454 1.02636 0.35633
0.28023 -0.03185 0.61120
0.44699 0.65120 0.27022
0.56455 0.44986 0.21623
0.94735 0.38720 0.54463
0.62233 1.22174 0.01736
0.66204 1.04213 0.19880
0.81864 0.92761 0.24519
0.48696 0.94232 0.41110
-0.04251 0.60631 0.10947
0.26703 0.09526 0.25168
0.30606 -0.03608 0.47403
0.66441 0.48425 0.19109
0.55773 0.55690 0.06063
0.87387 0.90023 0.31188
0.47286 0.75729 0.43336
0.86819 0.11143 0.91344
0.09798 0.17745 0.20548
0.82196 0.16146 0.24882
0.95389 0.79764 0.23556
0.68860 0.59569 0.05448
0.82828 0.71522 -0.00366
0.87426 0.12607 0.04937
0.80451 0.75106 0.13814
0.22283 -0.06978 0.42640
0.48941 0.61728 0.07865
0.81450 0.32993 0.53428
0.98290 0.74573 0.20463
0.71616 0.50926 -0.01148
0.73488 0.50559 0.01076
0.28281 0.07392 0.60285
0.82892 1.00503 0.14316
0.34458 0.33116 0.24296
0.04884 0.86267 0.10485
0.74932 0.05451 0.74264
0.71688 0.60214 0.11992
0.66862 0.75033 0.12805
0.56512 0.85915 0.15121
1.06351 0.24765 0.54858
0.80459 0.21803 0.05947
0.04289 0.73187 0.09887
0.70933 0.30669 0.95746
0.93952 0.04265 -0.00212
0.16988 0.65976 0.09894
0.17331 0.03545 0.47934
0.21959 -0.18093 0.53520
0.91033 0.76611 0.07873
0.29861 0.28071 0.25066
1.10925 0.69051 0.12171
0.69422 0.93281 0.52807
0.61457 0.46031 0.20617
0.72784 0.31133 0.93408
0.35345 0.17989 0.88280
-0.04247 0.60673 0.22197
1.00673 0.87754 0.40800
0.74524 0.14328 0.82916
0.82665 0.46295 0.19437
0.31029 0.10968 0.59091
0.84800 0.94974 0.31204
0.58481 0.44689 0.34386
0.87334 0.71920 0.12793
0.36544 0.82908 0.38416
0.74105 0.96971 0.35274
0.62649 0.98181 0.28496
0.35522 -0.01739 0.45659
0.20220 -0.09571 0.75052
0.46566 0.13769 0.87754
0.16003 0.34951 0.12568
0.78640 0.19107 0.10920
0.66362 0.53159 0.25934
0.59799 0.52778 0.18902
0.52422 0.91950 0.25400
0.06881 0.59943 0.11350
0.12541 0.67909 0.11017
0.27689 0.01599 0.62771
0.56031 0.54665 0.37678
0.67803 0.65514 0.05937
0.18332 0.05658 0.36455
0.92028 0.39533 0.38213
0.47760 0.77043 0.38998
0.48164 0.87145 0.15319
0.36938 0.49490 0.44873
0.75118 0.58617 0.00867
1.07626 0.73108 0.25109
0.56362 0.72468 -0.15845
1.02427 0.62842 -0.00304
1.12187 0.72585 0.22503
0.80546 0.21649 0.11945
0.33568 0.11981 0.55792
0.51401 0.92532 0.18586
0.78229 0.22061 0.12824
0.68204 0.58803 0.31268
0.43527 0.99762 0.30135
0.44470 0.41290 0.56636
0.66082 -0.03810 0.81555
0.83058 -0.23618 0.73631
1.01097 0.55191 0.27314
0.88324 0.94003 0.22365
0.92277 0.12830 -0.04543
0.72270 0.54004 0.22351
0.28145 0.10228 0.46387
0.61774 0.11065 0.69610
0.42474 0.70766 0.56949
1.00016 0.62706 0.43704
0.62822 0.12340 0.77952
0.91920 0.01890 0.93656
0.22224 0.36490 0.26478
0.29151 0.27539 0.80755
0.65951 0.47642 0.60937
0.84932 -0.06898 0.91414
0.86284 0.66404 0.48685
0.24116 0.38824 0.10325
-0.05750 0.61492 0.05376
1.03731 0.70831 0.19773
0.69618 0.73362 0.19082
0.76853 0.14153 0.79512
0.52947 0.99305 0.09656
0.73578 0.59846 0.21034
0.81917 0.99374 0.14989
0.01804 0.67587 0.16402
0.92659 0.80883 0.19998
1.03122 -0.12382 0.04514
0.75960 0.22124 0.22076
0.32371 -0.02864 0.58191
0.97263 0.41884 0.39435
0.94188 0.72251 0.55038
0.89571 0.33513 0.50458
0.74452 0.65474 0.23279
0.90067 0.47360 0.44136
0.75985 0.10878 -0.15039
0.99913 0.33420 0.44168
0.88290 -0.02132 0.85627
0.89710 0.83810 0.28652
0.75296 0.35563 0.66853
0.47152 0.89896 0.07923
0.32249 0.06299 0.52350
-0.01090 0.62608 0.27576
0.79078 0.69901 0.22336
0.79424 0.42834 0.75291
0.85785 0.15349 0.18661
0.56730 0.94863 0.28307
0.75110 0.66276 0.23541
0.69514 0.55446 0.34043
0.57532 1.06213 0.05718
0.75436 0.83084 0.02401
-0.02549 0.73794 0.11281
1.00599 0.80370 0.35498
0.79952 0.59495 0.04290
0.60638 0.84688 0.48601
0.25532 0.13030 0.47231
0.69171 0.88653 0.24617
0.46684 0.63844 0.08494
0.83584 0.85184 0.31109
0.31306 0.80841 0.36396
0.45463 0.91794 0.14310
0.80881 0.38318 0.01612
0.49715 0.56501 0.02467
0.68242 0.46546 0.09224
0.68665 0.19958 0.45651
0.78884 0.70178 0.03248
0.94906 0.58567 0.28633
1.04582 0.40147 0.53319
0.89261 0.43829 0.38035
0.64566 0.65770 -0.00788
0.73037 0.55037 0.07622
0.23934 0.16657 0.54841
0.78287 0.92765 0.19510
0.73283 0.90224 0.14089
0.55965 0.65086 0.21157
0.84635 0.86565 0.16920
0.69612 0.52547 0.39663
0.47968 0.76323 0.15717
0.17985 0.07403 0.43334
0.88819 0.55750 0.04850
0.40620 0.89981 0.16866
0.29952 0.09057 0.24167
0.81345 0.20111 0.23181
0.25060 0.81111 0.11155
0.89547 0.86566 0.28055
0.33527 0.03074 0.21208
0.45559 0.69107 0.06975
0.31774 -0.04687 0.36966
0.42733 1.06892 0.36216
0.81932 -0.03071 0.87778
0.97002 0.78267 0.02061
0.83318 0.74200 0.26836
0.77049 0.07657 0.62008
0.36867 0.97868 0.13850
-0.04133 0.76974 0.11361
0.51429 0.98843 0.33098
0.60313 0.84574 0.13552
0.44918 0.58868 0.36381
0.55130 0.10523 -0.06800
0.14332 0.71915 0.21110
0.41906 0.08955 0.32526
0.49564 0.59302 0.32227
0.75682 0.51760 0.24023
0.59710 0.98444 0.25930
0.91196 0.31301 0.34264
0.66814 1.07390 0.32075
0.82277 0.61396 0.04497
0.20385 0.97008 0.40382
0.86378 0.14948 0.10268
0.84665 -0.01759 0.84696
0.41695 0.39756 0.42892
0.73314 0.56307 -0.03201
0.85488 0.37651 0.49422
0.41881 0.92284 -0.03442
0.08717 0.02809 0.52153
0.80253 0.52786 0.08557
0.32816 0.69259 0.24059
0.87810 0.30612 0.44585
0.42593 0.80448 0.16992
0.79184 0.97750 0.22912
0.52010 0.46145 0.15022
0.67088 0.67721 0.17742
0.55678 0.49717 0.52917
0.54583 0.47377 0.23693
0.73168 0.70660 0.04781
0.48266 0.19117 0.57064
0.53444 0.91813 0.12682
0.84572 -0.08495 0.69750
0.94684 0.20877 0.94824
0.97949 0.63922 0.35311
0.52374 0.18995 0.76775
0.33314 -0.09579 0.20203
0.85584 0.75087 0.12343
0.60125 0.63217 0.12127
0.81931 0.33971 0.58793
0.80475 0.82606 0.29333
1.03482 0.67501 0.13992
0.47844 0.96928 0.23676
0.49074 0.35770 0.08389
0.59822 0.84164 0.07034
0.97073 0.24487 0.01037
1.08858 0.85314 0.30209
0.61434 0.80645 0.39653
0.45459 0.84381 0.05692
0.37517 0.82779 0.29907
0.90899 0.05506 0.80612
0.55038 0.93173 0.34269
0.47902 0.89321 0.32567
0.27805 0.90902 0.16823
0.51976 0.76648 0.18839
0.64653 0.92343 0.20568
0.52676 0.33317 0.72128
0.61490 0.57476 0.02014
0.74337 0.30293 0.59887
0.13604 0.12039 0.00852
0.53066 0.65980 0.34956
0.48677 0.74875 0.27649
0.35585 0.01042 0.69729
0.73722 0.65510 0.02618
0.70538 0.75998 0.19145
0.53708 0.41108 0.55431
0.71244 0.50771 0.02322
0.66670 0.41688 0.05493
0.79812 0.16316 0.21920
0.48193 0.74442 0.18855
0.70202 0.06342 0.91282
0.84369 0.79599 0.23862
0.64859 0.51001 0.16923
0.58456 0.55902 0.34249
0.37805 -0.01804 0.57595
0.71993 0.90761 0.34261
0.34112 0.17056 0.01654
0.37671 -0.07379 0.55813
0.31120 0.88895 0.17913
0.67024 0.49416 0.19505
0.57405 0.59996 0.04180
0.52280 0.03682 0.73204
0.61006 0.90214 0.22580
0.89037 0.69159 0.45736
1.07092 0.99513 0.05335
0.92286 0.11651 0.07506
1.10440 0.70667 0.28834
0.99271 0.79877 0.24513
1.10365 0.75810 0.21969
1.05737 0.65961 0.19137
0.56383 0.57207 0.38969
0.11685 0.70156 0.23894
0.64366 0.33257 0.70980
0.93857 0.64933 0.34449
1.00764 0.67200 0.37035
0.33711 0.19633 -0.00969
0.74942 0.75386 0.29295
0.58605 0.91997 0.14925
0.24178 0.11798 0.25873
0.52449 0.88509 0.07150
0.88130 0.22650 0.29977
-0.05419 0.82249 0.31081
0.67357 0.48136 0.17070
0.54271 0.55167 0.31333
1.04526 0.15548 0.01391
0.69226 0.52511 0.14758
0.63532 0.57458 0.17609
0.72881 0.85090 0.26766
1.00836 0.74482 0.32334
0.31709 0.11831 0.10277
0.78301 0.32970 0.40157
0.44120 0.83674 0.28298
0.61055 0.60664 0.08331
0.49028 1.04390 0.13361
0.84134 0.98111 0.18068
0.43342 0.52675 0.34059
0.05519 0.77225 0.22870
0.58877 0.40319 0.32353
0.40929 0.79925 0.30684
1.06759 0.74038 0.29048
0.58319 1.00237 0.08737
0.59748 1.00781 0.21331
0.39995 0.09550 0.41401
1.02251 0.19626 0.32696
0.59842 0.58447 -0.01390
0.93305 0.03081 0.95763
0.61562 0.60815 -0.09143
0.19105 0.06674 0.23119
0.21822 0.11029 0.46478
0.83757 -0.07859 0.89248
0.59161 0.37153 0.57424
0.42959 0.96828 0.01633
0.59686 0.45616 0.39703
1.00015 0.53567 0.11243
0.67344 0.42234 0.65184
1.42442 0.68866 0.40241
0.55733 0.26757 0.88224
0.63916 0.48373 0.57143
0.78871 0.27476 0.98057
0.68846 0.51609 0.25047
0.46823 0.07141 0.78449
0.36207 1.12912 -0.01148
0.43668 0.46918 0.13150
0.88341 0.84470 0.15990
0.53237 0.92661 0.17834
0.52000 0.58424 0.04693
-0.10156 0.67405 0.06283
0.60250 0.98868 0.14105
0.07825 0.53105 0.32482
0.79554 0.24621 0.06804
0.18824 0.75350 0.09038
0.80348 0.15272 0.01942
0.80281 0.10904 0.87914
1.02299 0.85700 0.44565
0.76450 0.22779 0.07174
0.53605 0.17976 0.73024
0.60668 0.67570 0.38243
0.35826 0.81624 0.38383
0.30694 0.14709 0.77420
0.75256 0.36312 -0.00182
0.43686 -0.05815 0.74732
0.66132 0.26465 0.99314
0.76827 0.77962 0.20409
0.91978 0.32833 0.47729
0.85863 0.35834 0.47819
1.08956 0.19063 0.41824
1.06948 0.19027 0.28222
0.35257 0.22492 0.62777
0.97304 0.29019 -0.05418
-0.00599 0.11201 0.19191
0.44204 0.58143 0.53372
-0.08044 0.72161 0.08578
0.79522 0.05568 0.06456
0.67662 0.65366 0.17654
0.70645 0.08171 0.72419
0.90129 0.26395 0.45025
0.25985 0.03894 0.50609
1.00863 0.28046 0.23552
0.39184 0.25236 -0.06525
0.44796 0.70923 0.25430
0.74527 0.50952 0.16828
0.71460 0.33163 0.73800
0.67960 0.72032 0.18507
0.33049 0.73266 0.30607
0.00458 0.59002 0.23055
0.27773 0.04526 0.06194
0.49081 0.81854 0.35318
0.57722 0.68244 0.32040
0.25763 0.77953 0.22531
0.53081 0.11932 0.91484
0.82450 0.00256 0.95347
0.68216 0.70068 0.06834
0.45719 -0.00677 0.61498
0.91891 0.56275 0.18472
0.19197 0.01206 0.42889
0.72352 0.38141 0.48411
0.50485 -0.03173 1.00949
1.09463 0.75496 0.18086
0.28935 0.12414 0.41392
0.80317 0.13145 0.65093
0.19397 0.06370 0.09164
0.99401 0.57697 0.04174
0.34399 0.00613 0.64736
0.23610 0.26019 0.04627
0.61112 0.31571 0.63730
0.68210 0.40660 0.53583
0.77897 0.22310 0.87114
0.52361 0.30681 0.90087
0.66675 0.20654 0.69852
0.37921 0.56853 0.06921
0.69053 0.26615 0.97574
0.73442 0.67272 0.35722
0.71540 0.54861 0.03684
0.79513 -0.04584 0.88007
1.08074 -0.01880 0.13326
-0.12161 0.64305 0.06558
0.50114 0.86198 0.09211
-0.18536 0.78078 0.24128
0.64796 0.85258 0.17910
0.63868 0.50158 0.18850
0.80489 0.13500 0.26891
-0.06322 0.68032 0.21364
0.86305 0.76646 0.16657
0.34162 0.80799 -0.09609
0.37223 0.93784 0.38195
0.20495 0.11992 0.22913
0.73804 0.56698 0.40015
0.63095 0.63833 0.13496
0.76508 0.54292 0.16943
0.36478 0.85271 0.34982
0.65965 0.63050 0.18352
0.58689 0.76613 0.34138
0.76539 0.09534 0.25176
0.63613 0.76959 0.40579
0.83040 0.71853 0.02856
0.66814 0.64811 0.41732
0.58943 0.64684 0.40428
0.86452 0.01975 0.02478
0.41970 0.75713 0.14180
0.67633 0.49462 -0.00800
1.03609 0.21146 0.42398
0.86817 0.90634 0.46015
0.20925 0.07553 0.34625
0.59099 0.61312 -0.01406
0.90971 0.73486 0.38799
0.74313 0.25457 0.61432
0.32912 0.02864 0.49950
0.18694 0.08204 0.24327
0.64995 0.55035 0.12989
0.27672 0.24613 0.46643
1.03348 0.75204 0.34285
0.73308 1.02802 0.19691
0.78780 0.51961 0.05661
0.95785 0.77641 0.30899
0.82464 0.09518 -0.04455
0.36112 -0.00441 0.66446
0.99688 0.81298 0.27409
0.58769 0.68604 0.12007
0.69725 0.93501 0.14892
0.78856 0.21128 0.43844
0.89464 0.05931 0.68527
0.38088 -0.09852 0.70287
0.17929 0.80133 0.43983
1.14803 0.74013 0.06768
0.49747 0.59271 0.62242
0.93656 0.40032 0.26204
