0.40866 0.63076 0.34838
0.93279 0.00549 0.06535
0.75824 0.48443 0.63522
0.70690 0.12635 0.53146
0.42438 0.35952 0.25376
0.55810 0.63423 0.45841
0.94620 0.04873 0.08631
0.31942 0.12878 0.58629
0.12658 0.77377 0.12274
0.60052 0.69816 0.46602
0.62485 0.60532 0.48698
0.70905 0.90310 0.79164
0.10109 0.99024 0.13635
0.15702 0.56501 0.80952
0.67073 0.48826 0.47366
0.72184 0.56669 0.61691
0.92838 0.01439 0.03675
0.77640 0.45446 0.65197
0.06270 0.58732 0.29030
0.61343 0.60385 0.50858
0.25200 0.19807 0.31741
0.65705 0.45353 0.46806
0.50381 0.87852 0.76322
0.30571 0.29796 0.61028
0.14091 0.56372 0.80872
0.06597 0.58966 0.29403
0.09044 0.61682 0.90942
0.76523 0.48803 0.60233
0.03399 0.90915 0.62937
0.77933 0.51724 0.62709
0.73585 0.53089 0.61513
0.72094 0.52635 0.61724
0.49535 0.02191 0.33403
0.33191 0.13585 0.57736
0.10289 0.77136 0.11502
0.26108 0.28937 0.57519
0.14105 0.75085 0.00849
0.93381 0.80544 0.43942
0.63382 0.09546 0.92517
0.27430 0.55651 0.57112
0.72371 0.83778 0.34684
0.74654 0.55186 0.61676
0.81663 0.63138 0.18209
0.83285 0.59828 0.03656
0.26089 0.17180 0.61284
0.29276 0.19049 0.32289
0.69531 0.14850 0.55745
0.70533 0.52635 0.58950
0.92060 0.48677 0.56320
0.82249 0.68850 0.19082
0.79398 0.44042 0.16788
0.87484 0.35812 0.12108
0.69799 0.95016 0.83739
0.80759 0.60921 0.04351
0.76624 0.84692 0.35577
0.27400 0.19831 0.34031
0.51335 0.86640 0.24269
0.28487 0.29307 0.63288
0.88708 0.36052 0.16223
0.95842 0.80932 0.41997
0.29891 0.38048 0.65153
0.27132 0.10227 0.98328
0.71971 0.19767 0.51833
0.32959 0.36135 0.64280
0.02829 0.91275 0.61166
0.71270 0.18854 0.54356
0.29267 0.39867 0.62332
0.70558 0.53495 0.60686
0.67570 0.59218 0.51462
0.28562 0.54513 0.54913
0.77474 0.67680 0.00333
0.08306 0.58357 0.91963
0.28014 0.15937 0.99007
0.75536 0.50026 0.58494
0.73679 0.44521 0.15046
0.11188 0.47494 0.13124
0.42908 0.61452 0.39437
0.55432 0.12749 0.52080
0.54493 0.87511 0.16884
0.00551 0.92831 0.58798
0.76067 0.58440 0.57968
0.37023 0.81741 0.22774
0.27150 0.43606 0.09035
0.40194 0.62267 0.35261
0.77611 0.44778 0.17210
0.30716 0.27534 0.57899
0.70632 0.17515 0.54514
0.90072 0.47475 0.60067
0.31175 0.16048 0.58747
0.09966 0.58081 0.91556
0.87477 0.34222 0.11198
0.79331 0.63460 0.57395
0.32631 0.16175 0.57333
0.91911 -0.00755 0.05092
0.09427 0.58795 0.93943
0.74757 0.59399 0.58234
0.33574 0.34496 0.62450
0.65890 0.12431 0.90031
0.37094 0.54452 0.96489
0.26721 0.26360 0.60524
0.85252 0.32991 0.26048
0.89181 0.33899 0.14090
0.13563 0.21630 0.72320
0.46932 0.18843 -0.00790
0.95455 0.49163 0.57065
0.96312 0.81356 0.38134
0.40580 0.59174 0.35598
0.31160 0.11161 0.56488
0.09015 0.73582 0.01404
0.47020 0.23200 -0.04696
0.65369 0.60875 0.47404
0.11021 0.74200 0.02647
0.63882 0.50563 0.45999
0.22361 0.18217 0.30350
0.11543 0.60501 0.91948
0.30038 0.24497 0.60745
0.13911 0.21359 0.68536
0.55293 0.27496 0.86413
0.13637 0.52933 0.74391
0.05060 0.57465 0.31245
0.61474 0.56128 0.48311
0.26704 0.11579 1.04694
0.74501 0.57947 0.52311
-0.01840 0.88108 0.59347
0.76593 0.14337 0.53025
0.02357 0.57081 0.31098
0.29374 0.23970 0.26699
0.25603 0.19002 1.00075
0.12961 0.58201 0.81137
0.08775 0.60027 0.92355
0.61832 0.62065 0.44627
0.38132 0.49354 0.06784
0.35631 0.52310 1.00698
0.61799 0.29139 0.81308
0.53846 0.07778 0.46280
0.13776 0.19304 0.69259
0.46698 0.24939 0.02810
0.72292 0.92291 0.81116
0.90884 0.83818 0.42796
0.50416 0.13887 0.50144
0.51240 0.86896 0.75692
0.92689 0.82971 0.41658
0.25290 0.17359 0.31685
0.94523 0.52165 0.56487
0.63974 0.52650 0.44695
0.56408 0.27052 0.85462
0.70731 0.17974 0.56950
0.11549 0.18927 0.69721
0.07977 0.80292 0.08330
0.29794 0.53158 0.52812
0.92482 0.00255 0.01430
0.83675 0.34414 0.27019
0.49762 0.16169 0.48030
0.54927 0.23757 0.84936
0.60423 0.67375 0.46474
0.37644 0.34699 0.29047
0.78678 0.63280 -0.00402
0.51925 0.15268 0.63696
0.28102 0.14172 0.99706
0.39123 0.50039 0.06949
0.77279 0.77577 0.30636
0.33522 0.83632 0.26117
0.30052 0.46600 0.07621
0.82380 0.69553 0.19967
0.01474 0.90506 0.62339
0.08980 0.59654 0.92118
0.34489 0.82419 0.23636
0.73623 0.81674 0.34792
0.15009 0.22687 0.73850
0.92841 0.47877 0.57027
0.30738 0.38062 0.63584
0.78622 0.41410 0.14698
0.36555 0.48234 0.09285
0.76790 0.42439 0.19091
0.11696 0.79701 0.10467
0.42137 0.48383 0.07650
0.71095 0.51279 0.60949
0.80152 0.66196 0.19951
0.91313 0.48662 0.57141
0.89995 0.48803 0.56731
0.26370 0.14564 0.98257
0.09448 0.81701 0.12367
0.81804 0.66171 0.19630
0.67335 0.97637 0.78801
0.97517 -0.01092 0.03727
0.82054 0.61704 0.01876
0.66649 0.50774 0.50448
0.84608 0.34035 0.27716
0.69239 0.89828 0.78103
0.36435 0.56880 0.98408
0.28966 0.28203 0.62000
0.52806 0.02044 0.39154
0.92731 0.48247 0.55891
0.57071 0.27222 0.83247
0.71687 0.50861 0.63773
0.53692 0.12295 0.48362
0.63409 0.58833 0.51104
0.14461 0.77092 0.08330
0.62461 0.56324 0.46416
0.21320 0.28181 0.61594
0.65516 0.67455 0.45343
0.55845 0.02493 0.34785
0.01742 0.61244 0.30248
0.25555 0.12874 0.99053
0.78494 0.79169 0.34604
0.13848 0.21961 0.70019
0.82010 0.32092 0.26959
0.27833 0.59047 0.59384
0.01772 0.56422 0.31745
0.74611 0.47224 0.62464
0.96178 0.02185 0.04089
0.35950 0.55186 1.03097
0.92505 0.80821 0.44005
0.01519 0.05053 0.05537
0.79841 0.45315 0.64318
0.28742 0.16180 1.00630
0.72923 0.93233 0.81224
0.94135 -0.01534 0.03276
0.85243 0.35248 0.27959
0.01686 0.56380 0.30919
0.76382 0.60346 0.55001
0.66885 0.48767 0.49467
0.62427 0.67284 0.50364
0.72817 0.81118 0.30759
0.15702 0.58309 0.76346
0.25827 0.47184 0.09585
0.41598 0.50176 0.06083
0.03630 0.01198 0.06437
0.31901 0.17681 0.58281
0.04626 0.54246 0.30224
0.82542 0.63606 0.20343
0.55749 0.26076 0.82854
0.78340 0.34024 0.26978
0.97087 0.78054 0.43492
0.71903 0.91784 0.79295
0.24047 0.15952 1.01285
0.72238 0.12941 0.54902
0.22758 0.30416 0.59569
0.12485 0.22700 0.71637
0.70764 0.51263 0.60385
0.55113 0.04011 0.38863
0.49443 0.16023 0.62220
0.62570 0.56061 0.51061
0.36592 0.81646 0.20217
0.72833 0.92041 0.80750
0.12006 0.82616 0.09827
0.32218 0.12522 0.59051
0.62173 0.67881 0.46238
0.09785 0.78990 0.11900
0.37097 0.54155 0.97357
0.26429 0.16914 0.95839
0.68989 0.48084 0.48996
0.75840 0.79628 0.38415
0.53915 0.10579 0.49005
0.56465 0.24785 0.83293
0.54147 0.22631 0.81828
0.13518 0.99096 0.10353
0.64676 0.10425 0.88783
0.22977 0.57489 0.61028
0.55783 0.04581 0.34544
0.74921 0.19688 0.55204
0.65280 0.09696 0.90091
0.24176 0.53854 0.56194
0.69021 0.91983 0.82229
0.42362 0.33791 0.25754
0.81177 0.64934 0.20009
0.61223 0.55033 0.44614
0.11208 0.59753 0.92295
0.77074 0.83036 0.30080
0.03266 0.04093 0.04196
0.49893 0.21343 0.00800
0.13167 0.76073 0.04845
0.64023 0.60406 0.50221
0.86106 0.66357 0.18811
0.66085 0.48264 0.50684
0.77551 0.58679 0.00507
0.78150 0.61653 -0.00085
0.39703 0.59948 0.38825
0.27273 0.18716 0.30071
0.77406 0.45014 0.64554
0.12722 0.99176 0.13223
0.74167 0.16027 0.54362
0.71480 0.22429 0.53639
0.01290 0.58350 0.30400
0.12436 1.00695 0.14672
0.35799 0.62017 0.39957
0.93798 0.83187 0.39649
0.52013 0.28599 0.82567
0.75518 0.84957 0.33746
0.35365 0.60093 0.36680
0.76770 0.43496 0.13609
0.10159 0.75562 0.00716
0.53493 0.03319 0.36337
0.17398 0.55935 0.77656
0.40601 0.35064 0.26445
0.12242 0.97336 0.15033
0.93873 0.01584 0.05068
0.27022 0.53583 0.59248
0.30350 0.16660 0.61697
0.12047 0.78433 0.12702
0.57024 0.01515 0.36610
0.28654 0.20808 0.27095
0.64800 0.08711 0.89685
0.57729 0.22182 0.81565
0.90016 0.38881 0.14067
0.92204 0.83704 0.43361
0.84437 0.65852 0.19740
0.85234 0.65209 0.21259
0.08646 0.79495 0.10336
0.30591 0.39010 0.63392
0.32014 0.38777 0.63560
0.74242 0.62161 -0.01560
0.29504 0.16569 0.59851
0.34267 0.52238 0.98205
0.82060 0.62543 0.01932
0.90864 0.35280 0.14176
0.83682 0.29988 0.26737
0.65477 0.51755 0.45279
0.47031 0.15345 0.60202
0.34804 0.48595 1.01425
0.96934 0.82227 0.41995
0.62915 0.10389 0.91981
0.25132 0.46869 0.09545
0.58990 0.65623 0.50740
0.50526 0.16314 0.65157
0.91566 0.03603 0.07929
0.31793 0.38592 0.64142
0.00061 0.89802 0.64046
0.49592 0.22187 0.00037
0.12577 0.46726 0.14361
0.05338 0.59864 0.30335
0.14622 0.57387 0.74299
0.60469 0.60443 0.49584
0.12490 0.45378 0.14930
0.77848 0.22075 0.32756
0.01922 0.01403 0.04112
0.50578 0.19116 0.61875
0.08992 0.62000 0.91047
0.10851 0.72386 -0.01546
0.94158 -0.02043 0.02338
0.83662 0.24347 0.31661
0.55439 0.01788 0.29569
0.49915 0.84260 0.17415
0.00899 0.91996 0.62776
0.53099 0.11837 0.45438
0.27455 0.44539 0.05698
0.30755 0.33829 0.67446
0.13212 0.45326 0.15012
0.49856 0.87490 0.16233
0.48330 0.89108 0.19823
0.28846 0.15892 0.63438
0.88788 0.34568 0.13053
0.24210 0.55078 0.58600
0.86798 0.64838 0.16709
0.21059 0.31627 0.59607
0.10445 0.48378 0.16274
0.73531 0.43621 0.12118
0.05287 0.56139 0.33936
0.11457 0.21115 0.68622
0.49385 0.16960 0.64534
0.31915 0.41153 0.63229
0.13865 0.22084 0.72931
0.34667 0.81710 0.21260
0.62292 0.66916 0.49767
0.32373 0.38195 0.62163
0.84181 0.66435 0.18882
0.75947 0.14558 0.52036
0.63107 0.14532 0.87113
0.53982 0.11951 0.45845
0.56936 0.15695 0.46439
0.34666 0.56808 0.98310
0.78008 0.46319 0.61035
0.06151 0.45423 0.13919
0.71860 0.13846 0.55369
0.31860 0.35579 0.61160
0.65862 0.61881 0.46330
0.71281 0.52430 0.60432
0.10830 0.71769 0.01350
0.43086 0.36324 0.28888
0.65059 0.49812 0.47459
0.44450 0.62606 0.39556
0.33970 0.83273 0.20171
0.38684 0.51376 0.05865
0.11930 0.21488 0.69684
0.95549 0.50164 0.58735
0.08089 0.01913 0.05790
0.79018 0.23857 0.33528
0.83689 0.32259 0.25329
0.54467 0.23307 0.83716
0.38985 0.47404 0.04145
0.06490 0.06097 0.05407
0.49100 0.22160 0.03529
0.14090 0.96057 0.08965
0.30982 0.16656 0.61424
0.45030 0.32807 0.28312
0.26374 0.30231 0.58622
0.01112 0.90845 0.59759
0.35613 0.52694 0.99414
0.52118 0.86933 0.73307
0.74949 0.81768 0.33776
0.11124 0.77804 0.09992
0.65964 0.49430 0.50188
0.91620 0.80643 0.41844
0.92605 0.02782 0.05741
0.40172 0.53577 1.01155
0.19510 0.31085 0.61719
0.29631 0.18835 0.33819
0.74413 0.80535 0.31109
0.75171 0.82217 0.35674
0.82782 0.68746 0.22339
0.51514 0.13145 0.44516
0.51940 0.20010 0.00478
0.55254 0.00735 0.33302
0.82679 0.34946 0.29240
0.40098 0.59458 0.40052
0.48949 0.19617 -0.01048
0.00441 0.93378 0.61339
0.31114 0.36775 0.62531
0.80761 0.64316 0.01378
0.71097 0.18827 0.54733
0.74962 0.47347 0.62859
0.67567 0.50639 0.49380
0.24165 0.28953 0.61543
0.93708 0.01777 0.06332
0.33215 0.17213 0.58274
0.08405 0.48707 0.12691
0.69943 0.51557 0.61078
0.24085 0.29088 0.65560
0.24698 0.15919 0.98250
0.78731 0.26619 0.32929
0.08232 0.48418 0.16784
0.51552 0.87186 0.19433
0.13271 0.79739 0.12277
0.12108 0.51435 0.17649
0.39652 0.49129 0.05263
0.21264 0.27748 0.65797
0.04415 0.02713 0.04023
0.72343 0.16429 0.56640
0.63796 0.13545 0.90581
0.18780 0.28429 0.60675
0.29797 0.17978 0.61404
0.29086 0.21486 0.31673
0.22716 0.27150 0.60824
0.27662 0.19022 0.30473
0.79563 0.22036 0.28907
0.12908 0.96700 0.13187
0.28380 0.44996 0.11465
0.80838 0.24681 0.33791
0.96396 -0.00273 0.03062
0.39561 0.61339 0.36774
0.51485 0.86020 0.16207
0.76444 0.58996 0.55891
0.35069 0.83799 0.23295
0.48160 0.18444 0.63592
0.47530 0.18779 0.65223
0.92832 0.81257 0.39908
0.12191 0.62111 0.91921
0.27087 0.45764 0.05351
0.87416 0.35091 0.12651
0.70309 0.50978 0.60412
0.75724 0.58213 0.54276
0.36513 0.83178 0.24928
0.34746 0.80404 0.23375
0.76220 0.40104 0.19060
0.85606 0.68833 0.23671
0.34098 0.13633 0.58588
0.32887 0.19278 0.63653
0.10360 0.53089 0.14779
0.84472 0.32047 0.28051
0.27052 0.13220 1.00706
0.49105 0.16786 0.65098
0.36759 0.46895 0.08294
0.62745 0.57147 0.45612
0.72424 0.15615 0.52041
0.61613 0.60134 0.48702
0.12021 0.45522 0.10857
0.25734 0.15714 0.99013
0.66180 0.93416 0.81487
0.65257 0.59439 0.49517
0.10978 0.78018 0.07866
0.37407 0.44745 0.08895
0.77488 0.45162 0.60150
0.09149 0.71825 0.03264
0.71487 0.14549 0.54610
0.27830 0.14965 1.03020
0.22217 0.35055 0.60511
0.29214 0.15099 1.00775
0.37865 0.62682 0.38840
0.09297 0.80374 0.07705
0.52241 0.16245 0.65344
0.61028 0.64280 0.51870
0.48623 0.90556 0.16427
0.77470 0.80606 0.35868
0.49048 0.87855 0.71954
0.08325 0.84181 0.12221
0.11078 0.99267 0.12226
0.61007 0.62755 0.47571
0.41227 0.48763 0.06887
0.12675 0.80490 0.15235
0.73410 0.20381 0.52409
0.72723 0.17786 0.55874
0.60004 0.59486 0.52027
0.40058 0.34893 0.32084
0.52624 0.09549 0.50279
0.74708 0.60373 0.58675
0.77180 0.44344 0.17561
0.32570 0.40186 0.64554
0.71414 0.12536 0.55205
0.55184 0.03175 0.35109
0.48545 0.21640 0.00165
0.94773 0.49488 0.55522
0.47092 0.88877 0.75027
0.47955 0.20849 -0.01098
0.10511 0.77604 0.10105
0.32138 0.15886 0.56876
0.05407 0.02490 0.06341
0.41504 0.33463 0.30012
0.79235 0.48849 0.65494
0.42332 0.30272 0.28560
0.32059 0.32737 0.60704
0.54214 0.26561 0.82502
0.31444 0.53390 1.00734
0.52192 0.89796 0.17813
-0.01309 0.90448 0.62127
0.39737 0.45014 0.07440
0.06906 0.81970 0.12954
0.23814 0.14293 0.98754
0.74739 0.50311 0.61452
0.40979 0.61119 0.36957
0.72937 0.91559 0.79636
0.54884 0.08714 0.47527
0.46675 0.22754 -0.00165
0.82594 0.27534 0.29764
0.67927 0.52108 0.48123
0.50329 0.88921 0.75928
0.38405 0.47689 0.02963
0.30234 0.38862 0.64689
0.11243 0.57454 0.77021
0.27972 0.43877 0.08353
0.83058 0.63845 0.02839
0.53485 0.12645 0.46403
0.12143 0.55893 0.77215
0.09402 0.63174 0.89929
0.46111 0.21997 0.04249
0.29458 0.54882 0.60360
0.30280 0.14496 0.56736
0.62644 0.08264 0.87708
0.38336 0.51872 1.01931
0.62376 0.11308 0.88341
0.02808 0.57246 0.30446
0.73072 0.41735 0.16311
0.94555 0.00320 0.08361
0.28787 0.29431 0.59745
0.74910 0.44605 0.16145
0.96107 0.80004 0.43269
0.42448 0.34030 0.31398
0.79924 0.24890 0.29326
0.78416 0.60016 0.00023
0.25284 0.59605 0.61248
0.30423 0.36687 0.62491
0.30157 0.46233 0.06307
0.50377 0.20812 0.03191
0.66847 0.48400 0.46889
0.45205 0.61259 0.36934
0.13522 0.18140 0.69912
0.56092 0.11458 0.45148
0.75543 0.46520 0.62304
0.02311 0.56301 0.33273
0.28969 0.44598 0.09820
0.93037 0.49536 0.58799
0.43404 0.17234 0.64464
0.82175 0.65919 0.23124
0.09361 0.95034 0.09149
0.93365 -0.01981 0.05545
0.27529 0.45434 0.08690
0.09639 0.78140 0.10767
0.32258 0.38121 0.64196
0.50530 0.14545 0.64574
0.74957 0.46877 0.65033
0.93495 0.00609 0.09021
0.10674 0.58570 0.86470
0.90077 0.33980 0.10896
0.55391 0.16847 0.66171
0.02330 0.89526 0.61216
0.73975 0.95602 0.78081
0.93714 0.78967 0.41145
0.52168 0.11202 0.45321
0.76176 0.42061 0.61031
0.76376 0.48356 0.61195
0.53014 0.11865 0.44782
0.36827 0.54452 0.97581
0.25337 0.13714 1.02462
0.12095 0.21055 0.69025
0.56829 0.23096 0.84681
0.48239 0.86085 0.74755
0.69949 0.56666 0.62251
0.56412 0.09749 0.46061
0.30452 0.12333 0.59525
0.10314 0.57830 0.92131
0.11340 0.56945 0.90744
0.50945 0.85513 0.17880
0.30419 0.44285 0.06530
0.09087 0.59671 0.89778
0.51030 0.21322 0.86229
0.62739 0.60541 0.52481
0.49502 0.14124 0.48524
0.86630 0.32321 0.26810
0.03693 0.01023 0.07924
0.81801 0.61549 0.01311
0.54458 0.85542 0.17755
0.29102 0.45502 0.11481
0.53090 0.11417 0.50553
0.02370 0.55145 0.29090
0.91092 0.33967 0.12738
0.05814 0.53596 0.28722
0.23280 0.30483 0.59874
0.51017 0.84435 0.19436
0.12211 0.77341 0.13624
0.64828 0.50497 0.47865
0.57604 0.02659 0.36945
0.25148 0.11640 0.98405
0.44887 0.35498 0.28132
0.11267 0.61546 0.88726
0.75928 0.61171 -0.02201
0.60260 0.07403 0.87205
0.25999 0.44756 0.05417
0.51447 0.86871 0.72021
0.25500 0.54144 0.59912
0.14056 0.57608 0.80176
0.26054 0.17709 1.00488
0.55555 0.21459 0.83475
0.70560 0.94475 0.82007
0.80488 0.66481 0.20236
0.54872 0.11584 0.49180
0.10603 0.81620 0.09686
0.55593 0.10486 0.45753
0.27833 0.16412 0.61905
0.09991 0.47039 0.12360
0.76791 0.42474 0.15566
0.60237 0.12879 0.87344
0.29734 0.19428 0.26836
0.10713 0.77780 0.04750
0.77198 0.63537 -0.00620
0.37337 0.52415 1.00782
0.11018 0.63510 0.88568
0.67444 0.49469 0.47355
0.89927 0.48023 0.56463
0.27381 0.24357 0.56316
0.61714 0.62248 0.45554
0.14590 0.61540 0.89682
0.73672 0.20510 0.52117
0.28642 0.19987 0.61153
0.16001 0.28265 0.63378
0.63530 0.09494 0.89348
0.82182 0.27486 0.32042
0.91403 0.35541 0.11765
0.28468 0.17322 0.27612
0.32188 0.80379 0.19550
0.23491 0.53947 0.56450
0.75225 0.83446 0.33783
0.14927 0.23661 0.70485
0.22276 0.26598 0.58814
0.38443 0.83344 0.20161
0.20089 0.27809 0.60361
0.11572 1.00105 0.14422
0.77631 0.48535 0.61927
0.10934 0.75845 0.00474
0.37780 0.46800 0.07089
0.24216 0.27744 0.64288
0.30027 0.25094 0.56898
0.35505 0.43660 0.06146
0.04283 0.59557 0.33343
0.94921 -0.00269 0.04695
0.53413 0.87069 0.17743
0.11492 0.96062 0.11335
0.66582 0.07858 0.93232
0.29620 0.45122 0.07564
0.31557 0.80459 0.22870
0.89137 0.47290 0.52335
0.81058 0.33480 0.23362
0.71424 0.56835 0.60179
0.54408 0.14798 0.45612
0.70781 0.50271 0.64110
0.41198 0.59101 0.41360
0.09364 0.59892 0.90177
0.29390 0.44193 0.07610
0.09874 0.47690 0.17384
0.27853 0.46583 0.08948
0.50866 0.89505 0.75877
0.29688 0.13358 0.58466
0.75999 0.59885 0.02829
0.79823 0.62905 0.00016
0.51591 0.87523 0.17933
0.26086 0.18645 0.58847
0.27142 0.21516 0.32201
0.75676 0.44114 0.13473
0.48791 0.91211 0.14520
0.14341 0.75484 0.04762
0.48262 0.23642 0.02237
0.13330 0.20331 0.69619
0.10202 0.60846 0.93716
0.53050 0.10588 0.45093
0.51933 0.11784 0.43953
0.86765 0.29095 0.26051
0.47683 0.18526 0.64788
0.93222 0.49153 0.57434
0.43696 0.36332 0.29570
0.13715 0.56107 0.77275
0.45508 0.35553 0.29983
0.31064 0.82371 0.23376
0.77579 0.79515 0.32023
0.50899 0.10649 0.47088
0.69281 0.89719 0.81398
0.20922 0.31988 0.57654
0.35075 0.80815 0.25796
0.35938 0.54452 1.00891
0.40450 0.49131 0.06579
0.57760 0.22563 0.81790
0.58859 0.24286 0.83695
0.21933 0.29245 0.60443
0.34908 0.51797 1.00934
0.77731 0.59645 0.61578
0.05027 0.58803 0.34511
0.01523 0.88649 0.60113
0.07710 0.72886 0.01625
0.40712 0.46831 0.06339
0.74961 0.44051 0.14563
0.74204 0.43655 0.17325
0.72752 0.93032 0.79618
0.13255 0.23230 0.68312
0.23495 0.54598 0.56339
0.24195 0.54038 0.57623
0.23889 0.27837 0.60616
0.34590 0.53168 0.98704
0.91711 0.48467 0.57282
0.88020 0.39008 0.12608
0.52007 0.85453 0.15759
0.60264 0.57937 0.47045
0.11445 0.99491 0.11681
0.26035 0.57970 0.57205
0.51857 0.23718 0.84547
0.68998 0.19023 0.53251
0.61686 0.61260 0.50774
0.54969 0.00937 0.32418
0.53599 0.01232 0.34876
0.95706 -0.02855 0.04258
0.39163 0.36046 0.29103
0.27119 0.47660 0.10476
0.33350 0.56102 1.01091
0.65787 0.08652 0.91453
0.36792 0.60435 0.36596
0.39439 0.34788 0.27139
0.54710 -0.00512 0.35189
0.65975 0.13327 0.90693
0.81425 0.33245 0.26018
0.93608 0.04041 0.06158
0.76619 0.79965 0.30269
0.10345 0.77518 0.08847
0.92084 0.49424 0.58295
0.30639 0.21519 0.27946
0.93935 0.01420 0.02431
0.48291 0.16460 0.64464
0.34161 0.79757 0.21239
0.27455 0.31230 0.60443
0.65627 0.59916 0.46083
0.89551 0.31211 0.11961
0.29645 0.20465 0.61364
0.93474 0.04449 0.07078
0.77036 0.62632 0.54752
0.53484 0.86341 0.14711
0.75871 0.79945 0.36615
0.01362 0.52693 0.31849
0.08823 0.61718 0.90185
0.78437 0.63303 0.56171
0.11429 0.93234 0.13135
0.54677 0.25318 0.86587
0.62142 0.57412 0.47618
0.72144 0.51591 0.62696
0.25520 0.12015 1.01678
0.67324 0.52618 0.43419
0.72493 0.50167 0.60671
0.71084 0.95805 0.80189
0.28166 0.45115 0.05183
0.38086 0.47458 0.06866
0.20191 0.28134 0.64034
0.23191 0.53982 0.58288
0.06893 0.00960 0.03213
0.49209 0.19738 0.64990
0.71858 0.92375 0.81599
0.49883 0.84778 0.15643
0.81491 0.61606 0.02946
0.96158 0.47388 0.57841
0.47937 0.86938 0.76569
0.38586 0.50887 0.06407
0.94222 0.46625 0.56166
0.03658 0.01538 0.03409
0.71273 0.44607 0.63939
0.78742 0.26247 0.31728
0.84296 0.31104 0.28502
0.38860 0.47559 0.04375
0.62662 0.56113 0.48406
0.04323 0.61567 0.31671
0.74378 0.45988 0.61788
0.28048 0.54943 0.57841
0.71408 0.53140 0.61637
0.47815 0.25144 0.00435
0.20188 0.27243 0.63821
0.94118 0.83807 0.38363
0.32471 0.30047 0.60326
0.69508 0.50076 0.46890
0.58614 0.63902 0.46290
0.73222 0.43037 0.13483
0.55506 0.27004 0.84749
0.62032 0.63868 0.41559
0.09884 0.50163 0.14837
0.76200 0.17018 0.51723
0.60805 0.60586 0.52341
0.27062 0.59293 0.56325
0.48948 0.22644 0.04629
0.52424 0.15737 0.43899
0.70543 0.96624 0.81095
0.90083 0.51241 0.55341
0.77209 0.47816 0.59703
0.08548 0.46972 0.12712
0.28187 0.17642 0.57341
0.77513 0.64860 0.03284
0.50467 0.89008 0.73810
0.20853 0.28019 0.59926
0.05318 0.01409 0.04835
0.24612 0.29793 0.62029
0.27934 0.15445 0.65364
0.29033 0.28073 0.61225
0.40590 0.30767 0.26510
0.36042 0.52627 0.99796
0.50426 0.11260 0.47437
0.29048 0.17571 0.28531
0.39683 0.60774 0.39160
0.78695 0.62122 0.02633
0.67796 0.46912 0.48730
0.51990 0.17421 0.63405
0.08629 0.59602 0.91797
0.27339 0.15020 0.99837
0.89651 0.32638 0.14309
0.13049 0.70521 0.02948
0.78234 0.55682 0.55410
0.26222 0.12481 1.02662
0.41717 0.36348 0.25289
0.09080 0.73215 0.00852
0.81825 0.66399 0.00851
0.03893 0.02095 0.03894
0.64151 0.56355 0.52014
0.86571 0.37000 0.13069
0.32356 0.80727 0.22203
0.35645 0.53965 1.02039
0.29329 0.13741 0.61431
0.29455 0.44174 0.12438
0.71567 0.92437 0.80718
0.28517 0.11992 0.57169
0.24247 0.57508 0.57883
0.82631 0.29395 0.27715
0.13197 0.73640 -0.00133
0.40218 0.46564 0.05189
0.16760 0.55039 0.77383
0.93091 0.82630 0.41130
0.49654 0.24116 -0.01604
0.39638 0.81796 0.21736
0.63210 0.57079 0.46606
0.76202 0.49530 0.65370
0.51969 0.83212 0.20820
0.75915 0.63325 -0.00923
0.63783 0.66270 0.48969
0.77670 0.60362 -0.04424
0.26075 0.56561 0.58517
0.93555 0.51906 0.57810
0.38281 0.46199 0.07208
0.32026 0.13528 0.58505
0.52202 0.22896 0.85523
0.81624 0.68169 0.22635
0.27587 0.55095 0.56866
0.67753 0.47409 0.44379
0.75276 0.42966 0.12342
0.30017 0.14812 0.99137
0.66740 0.51780 0.46545
0.09699 0.95491 0.16183
0.72734 0.19006 0.54028
0.85391 0.67210 0.21454
0.56432 0.22442 0.82706
0.39966 0.48085 0.04080
0.09586 0.74623 0.03441
0.30092 0.45859 0.07180
0.48609 0.20359 0.03721
0.10259 0.72199 0.01315
0.88807 0.36625 0.12268
0.24346 0.28662 0.61714
0.77562 0.81149 0.37298
0.94104 0.48594 0.56715
0.26842 0.16132 0.99680
0.10961 0.20281 0.70585
0.81166 0.37425 0.23220
0.62719 0.55665 0.49552
0.54032 0.16555 0.62119
0.02805 0.02976 0.05482
0.28597 0.19867 0.63645
0.83568 0.66108 0.19910
0.56260 0.10855 0.48436
0.14125 0.72607 0.00906
0.83101 0.29301 0.25311
0.08904 0.74691 0.01229
0.28930 0.46490 0.05825
0.50518 0.85333 0.70550
0.54252 0.24412 0.85160
0.36639 0.48289 0.02379
0.78479 0.23553 0.34353
0.05608 0.89620 0.64485
0.22727 0.54099 0.57147
0.35083 0.19040 0.56759
0.64848 0.57026 0.51387
0.04865 0.04828 0.08993
0.43068 0.47466 0.09433
0.94202 -0.00320 0.08327
0.50021 0.88009 0.17410
0.52949 0.13748 0.64049
0.93478 0.00421 0.05381
0.92459 0.48088 0.54959
0.09883 0.61150 0.93100
0.11852 0.72185 -0.00134
0.29905 0.38075 0.63585
0.27535 0.20927 0.35779
0.30909 0.47752 0.06030
0.55840 0.02011 0.34236
0.80248 0.26370 0.33571
0.36273 0.81891 0.21718
0.52959 0.88070 0.18902
0.37233 0.50281 0.97155
0.48002 0.21436 -0.00799
0.79660 0.65562 0.20702
0.80762 0.57871 -0.00408
0.71819 0.52842 0.59204
0.76482 0.81187 0.32501
0.01731 0.94261 0.60971
0.02652 0.94015 0.63832
0.27300 0.35311 0.60983
0.92884 0.34237 0.14992
0.00214 0.89573 0.64067
0.14125 0.58011 0.76008
0.13873 0.58056 0.79717
0.08325 0.79171 0.13707
0.30199 0.28188 0.59523
0.81948 0.30877 0.21922
0.76836 0.65309 0.03918
0.51188 0.87933 0.73866
0.08995 0.62970 0.90541
0.66946 0.58424 0.50989
0.07421 0.03054 0.04753
0.75993 0.42945 0.14480
0.79928 0.67258 -0.00909
0.27838 0.26407 0.59566
0.91951 0.04890 0.03800
0.32518 0.17381 0.56784
0.92830 0.47491 0.56292
0.24343 0.53281 0.58741
0.84445 0.68317 0.18042
0.48639 0.15456 0.62118
0.11986 0.96048 0.08585
0.55127 0.06079 0.36155
0.78767 0.23986 0.31982
0.96171 0.02051 0.02734
0.91084 0.49880 0.58253
0.84679 0.57036 0.01862
0.85516 0.67009 0.23442
0.77243 0.59181 0.53375
0.11184 0.65391 0.92681
0.98000 -0.01040 0.06736
0.59777 0.66208 0.46572
0.51462 0.88690 0.16855
0.65636 0.07267 0.90515
0.28879 0.26966 0.60646
0.03649 0.94940 0.62354
0.76905 0.78704 0.31128
0.16304 0.55723 0.77987
0.60607 0.65469 0.46348
0.35735 0.46281 0.05366
0.48559 0.16970 0.61664
0.29924 0.12012 0.58775
0.06166 0.79028 0.13437
0.13349 0.65896 0.93773
0.25863 0.52233 0.59894
0.78848 0.47586 0.16391
0.02488 0.56906 0.32046
0.29455 0.26941 0.56732
0.83437 0.32123 0.27181
0.74801 0.59499 0.57672
0.53599 0.25047 0.82243
0.17718 0.61503 0.78163
0.38230 0.60227 0.41004
0.27136 0.46867 0.08939
0.29811 0.28081 0.57318
0.62393 0.67532 0.46647
0.25260 0.46148 0.07193
0.74912 0.78113 0.31654
0.28027 0.15162 0.61413
0.82237 0.31931 0.27040
0.11117 0.60208 0.80555
0.32413 0.16578 0.61674
0.69778 0.52127 0.56731
0.63186 0.63989 0.47270
0.90021 0.32485 0.13418
0.37147 0.33728 0.60524
0.73230 0.12304 0.57753
0.08061 0.58886 0.87088
0.08734 0.60272 0.93096
0.05327 0.02507 0.05702
0.82166 0.30769 0.25625
0.13394 0.22140 0.68125
0.32090 0.40151 0.61043
0.36837 0.53629 1.00684
0.74693 0.47489 0.59578
0.69006 0.95409 0.81668
0.85337 0.32687 0.25779
0.31404 0.13968 0.59524
0.52574 0.86947 0.16753
0.12692 0.54278 0.76571
0.26259 0.28996 0.57018
0.27368 0.37071 0.61005
0.54148 0.11295 0.43123
0.19247 0.28215 0.61603
0.27881 0.17647 0.60646
0.34924 0.78382 0.23874
0.55886 0.00891 0.37013
0.70485 0.93754 0.80492
0.28657 0.28913 0.60513
0.52858 0.89180 0.73683
0.50036 0.24669 0.02737
0.43548 0.32327 0.21627
0.10454 0.74639 -0.00687
0.78202 0.62291 -0.01086
0.10516 0.81844 0.09636
0.74933 0.61847 0.56715
0.74231 0.62666 0.56886
0.28194 0.27178 0.61497
0.70338 0.52174 0.64777
0.32416 0.26269 0.61763
0.52213 0.89151 0.74190
0.54742 0.25779 0.84480
0.55179 -0.00061 0.34122
0.48509 0.88425 0.73320
0.31594 0.11929 0.59140
0.92337 0.79787 0.40482
0.53768 0.08538 0.47825
0.12544 0.74691 -0.01036
0.76899 0.80738 0.35102
0.71004 0.18758 0.54313
0.23211 0.27826 0.64917
0.15918 0.76143 0.02661
0.83605 0.67216 0.20795
0.67505 0.49302 0.51548
0.24969 0.14464 0.99429
0.49530 0.13643 0.48771
0.82505 0.68926 0.22566
0.62750 0.08230 0.86137
0.26445 0.18767 0.28392
0.93903 0.83317 0.35210
0.03296 0.58323 0.32953
0.12341 0.74461 0.04005
0.20299 0.29528 0.62001
0.39224 0.60110 0.39911
0.13745 0.95928 0.14030
0.82033 0.31004 0.22460
0.75186 0.55025 0.61132
0.50674 0.13587 0.47797
0.34843 0.53980 1.03675
0.38234 0.84334 0.23943
0.40571 0.49560 0.07619
0.92050 0.49057 0.54647
0.39693 0.61197 0.42094
0.29499 0.42596 0.10181
0.75018 0.61234 0.55671
0.54595 0.03817 0.37015
0.02739 0.01809 0.05417
0.44329 0.38144 0.30535
0.29338 0.26090 0.60494
0.27291 0.19794 0.63012
0.26567 0.50848 0.55912
0.16218 0.21387 0.65876
0.74565 0.59920 0.55643
0.94446 0.80491 0.39605
0.12588 0.22976 0.69376
0.79619 0.22868 0.33591
0.48140 0.12949 0.63923
0.77923 0.42635 0.17673
0.68749 0.51115 0.48807
0.78423 0.43506 0.16729
0.62365 0.59398 0.46414
0.79277 0.29634 0.27920
0.26559 0.14773 0.61243
0.73753 0.53376 0.59817
0.09439 0.97173 0.13721
0.39435 0.54692 0.97782
0.36226 0.52771 0.99723
0.11494 0.96566 0.11070
0.03682 0.00977 0.00832
0.75109 0.78394 0.33547
0.37392 0.47368 0.06024
-0.01524 0.88896 0.63611
0.52315 0.19909 -0.02456
0.75205 0.62896 0.53997
-0.00138 0.53876 0.33381
0.35882 0.51346 0.98328
0.47909 0.22387 0.04099
0.72732 0.13443 0.54658
0.60447 0.68792 0.45048
0.03448 0.01145 0.07893
0.42130 0.34605 0.25965
0.65688 0.90694 0.75056
0.03649 0.91701 0.59558
0.15030 0.51119 0.15985
0.32384 0.80288 0.18941
0.72890 0.53316 0.59834
0.31557 0.26718 0.61832
0.65922 0.60542 0.46584
0.14347 0.20502 0.70617
0.10615 0.47486 0.16591
0.05916 -0.00621 0.05950
0.32410 0.12419 0.55411
0.61028 0.66461 0.44759
0.27088 0.20161 0.32273
0.58557 0.25441 0.84493
0.32591 0.37128 0.61845
0.53087 0.06677 0.35877
0.61288 0.70230 0.45859
0.02454 0.90355 0.59429
0.28916 0.17050 0.60651
0.71439 0.18454 0.55068
0.53282 0.25514 0.86509
0.75134 0.78145 0.34275
0.29070 0.43711 0.08728
0.32251 0.16783 0.56239
0.70050 0.94709 0.82426
0.51570 0.15514 0.65056
0.57227 0.02225 0.33558
0.23604 0.56222 0.59031
0.55873 0.12818 0.46278
0.55711 0.24637 0.81284
0.75452 0.44035 0.60833
0.32124 0.15097 0.58779
0.48283 0.24821 0.02482
0.05078 0.02868 0.05968
0.82806 0.25492 0.31989
0.71369 0.50772 0.60836
0.02370 0.02735 0.05603
0.25775 0.17296 0.99410
0.53343 0.11039 0.47918
0.47652 0.20411 0.03687
0.69266 0.94140 0.78447
0.30016 0.26990 0.61265
0.40841 0.56956 0.41359
0.36241 0.59369 0.37184
0.26561 0.52577 0.59268
0.94430 0.81218 0.43076
0.23076 0.26153 0.62439
0.75577 0.29076 0.32258
0.75135 0.64217 0.02236
0.07709 0.58223 0.33839
0.28200 0.44079 0.05485
0.54195 0.02214 0.39868
0.26115 0.50047 0.09242
0.11786 0.58826 0.86345
0.04222 0.92253 0.61856
0.44952 0.34303 0.25478
0.93363 0.79543 0.39331
0.27422 0.43806 0.08171
0.63740 0.50420 0.45951
0.30761 0.27166 0.55909
0.55628 0.13528 0.44205
0.05346 0.76803 0.01424
0.25143 0.55895 0.55894
0.63656 0.12406 0.87805
0.73175 0.43325 0.15602
0.02576 0.92171 0.63902
0.98907 0.82301 0.41840
0.75950 0.47196 0.64074
0.78213 0.65742 -0.00595
0.28226 0.36707 0.59920
0.28086 0.51211 0.58821
0.94707 0.82660 0.38582
0.59023 0.56844 0.46176
0.06018 0.57458 0.35221
0.72588 0.18313 0.55980
0.72323 0.18832 0.51551
0.80044 0.63171 0.03332
0.55987 0.23598 0.82780
0.30987 0.34577 0.58719
0.54455 0.88569 0.18732
0.78202 0.47467 0.64720
0.26018 0.43318 0.07642
0.62207 0.60943 0.42501
0.00493 0.60137 0.33634
0.50010 0.85203 0.76098
0.03527 0.01782 0.02583
0.22390 0.31052 0.64211
0.12771 0.73955 0.12565
0.63823 0.58022 0.45449
0.25937 0.21453 0.30263
0.84274 0.34764 0.27275
0.74974 0.84614 0.33370
0.51778 0.85791 0.20980
0.50810 0.85990 0.14875
0.85353 0.65898 0.22061
0.60520 0.69870 0.47296
0.11922 0.46301 0.16512
0.24728 0.16987 0.98054
0.75691 0.62178 0.57186
0.09859 0.79682 0.09877
0.26735 0.44727 0.06974
0.10520 0.91453 0.14138
0.81854 0.58056 0.56718
0.85181 0.36314 0.24886
0.21480 0.29367 0.60696
0.40154 0.45470 0.04786
0.39256 0.50175 0.10080
0.81447 0.67204 0.19015
0.70086 0.91466 0.85097
0.30109 0.25564 0.62504
0.30553 0.47094 0.04296
0.29129 0.41747 0.09886
0.36856 0.53938 0.99348
0.63670 0.09985 0.90668
0.77783 0.58203 0.52352
0.76228 0.18953 0.56680
0.92890 -0.00707 0.00409
0.89119 0.34163 0.12052
0.71008 0.50178 0.61103
0.15837 0.24751 0.70643
0.42101 0.61297 0.38209
0.75594 0.45840 0.63906
0.79521 0.25062 0.32817
0.52017 0.83610 0.22025
0.31640 0.14493 0.59557
0.28404 0.17713 0.59974
-0.01515 0.93168 0.58527
0.42981 0.32242 0.31514
0.83806 0.67147 0.21800
0.50334 0.17006 0.63058
0.76689 0.59587 0.53613
0.20347 0.25845 0.61331
0.06288 0.62077 0.33442
0.51088 0.12682 0.47173
0.45219 0.19932 0.00949
0.50081 0.17867 0.63268
0.80076 0.80812 0.36256
0.80063 0.23350 0.31707
0.71796 0.15909 0.54765
0.72382 0.16002 0.56387
0.52534 0.87790 0.14651
0.49231 0.16313 0.64919
0.60659 0.56629 0.51103
0.33711 0.81752 0.20372
0.93354 -0.01228 0.03863
0.23785 0.31941 0.61338
0.81882 0.63049 -0.00785
0.25242 0.44817 0.06081
0.10483 0.60414 0.90621
0.09711 0.48850 0.16617
0.55988 0.27621 0.82307
0.72503 0.14071 0.53699
0.20233 0.58783 0.80257
0.92994 0.54897 0.52482
0.42326 0.62369 0.39440
0.03353 0.03046 0.01907
0.39549 0.61862 0.40333
0.10899 0.46019 0.14496
0.28264 0.44803 0.03951
0.51238 0.85131 0.70043
0.74524 0.81069 0.36648
0.37512 0.56419 1.00834
0.76923 0.61296 0.56108
0.93122 0.46644 0.54957
0.22880 0.24925 0.60918
0.02964 0.56646 0.31044
0.55117 0.03848 0.35507
0.33518 0.41648 0.10122
0.95608 0.85103 0.43048
0.25094 0.24031 0.27591
0.16328 0.61521 0.78641
0.31647 0.81076 0.24089
0.38871 0.55312 0.99940
0.76023 0.45498 0.12441
0.64560 0.48328 0.44384
0.92250 0.49107 0.56685
0.48958 0.88261 0.75658
0.85269 0.66458 0.19680
0.13505 0.56615 0.78853
0.06815 0.77112 0.11179
0.65419 0.11562 0.89045
0.58902 0.64386 0.47868
0.24678 0.54442 0.52793
0.28278 0.54089 0.54101
0.01817 0.00483 0.05294
0.00732 0.89777 0.59124
0.94226 0.79923 0.41257
0.78250 0.84176 0.32955
0.75677 0.36992 0.16791
0.94369 -0.02149 0.06380
0.42584 0.46492 0.07425
0.28440 0.11418 0.97052
0.40662 0.36240 0.28071
0.01845 0.00803 0.02372
0.92319 0.84911 0.44378
0.76376 0.57522 0.56500
0.75230 0.40675 0.18153
0.50027 0.19788 -0.00710
0.11366 0.77771 0.13714
0.68417 0.96294 0.80993
0.25211 0.56085 0.60862
0.65455 0.09774 0.92018
0.45735 0.87412 0.73449
0.25571 0.39377 0.61470
0.86404 0.33579 0.15258
0.95584 0.81322 0.39897
0.73517 0.52954 0.62586
0.54864 0.86775 0.19640
0.12210 0.56715 0.76170
0.69551 0.52163 0.48003
0.93554 0.44266 0.56451
0.62761 0.58343 0.51795
0.29178 0.45472 0.06729
0.12229 0.70207 0.01327
0.54219 0.26879 0.82245
0.94347 0.83519 0.41562
0.11862 0.75567 0.02090
0.86660 0.67195 0.19537
0.27352 0.18648 0.60912
0.02855 0.56409 0.32736
0.39811 0.34275 0.29256
0.74621 0.81127 0.31211
0.61277 0.49389 0.48777
0.46235 0.36616 0.26696
0.35769 0.15715 0.57857
0.11232 0.75875 0.01017
0.47696 0.18300 0.62403
0.91238 0.80858 0.43701
0.51502 0.11223 0.48396
0.75521 0.56915 0.56757
0.82061 0.34212 0.24712
0.93579 0.03744 0.04673
0.76369 0.46284 0.11714
0.48588 0.20573 0.01939
0.89668 0.35784 0.13838
0.24132 0.12226 1.00769
0.15280 0.79010 0.10716
0.72219 0.17140 0.52745
0.49890 0.19802 -0.00434
0.03957 0.52467 0.30370
0.75428 0.43912 0.14339
-0.00756 0.88187 0.59555
0.13187 0.98035 0.12029
0.32257 0.81258 0.19735
0.02843 0.91516 0.58973
0.09958 0.45367 0.15953
0.63273 0.08450 0.90446
0.33219 0.81519 0.21445
0.13663 0.97856 0.18314
0.34686 0.79124 0.26850
0.51089 0.87938 0.70939
0.54653 0.04021 0.32724
0.64554 0.12021 0.91003
0.63637 0.46895 0.46101
0.53193 0.13421 0.46371
0.78464 0.49643 0.62208
0.75202 0.81208 0.36117
0.32840 0.79039 0.22141
0.75889 0.59760 0.54774
0.29740 0.18408 0.27658
0.00275 0.90838 0.57721
0.25445 0.59885 0.56523
0.24083 0.54962 0.61200
0.68373 0.92526 0.83246
-0.00131 0.90495 0.62609
0.49488 0.15610 0.66413
0.76923 0.46600 0.65048
0.29364 0.36946 0.64882
0.29385 0.27563 0.63893
0.85146 0.33886 0.24957
0.13836 0.21345 0.72485
0.12389 0.61072 0.89313
0.13347 0.73857 -0.00449
0.71493 0.15171 0.55325
0.09499 0.81596 0.10942
0.55229 0.27181 0.87031
0.56321 0.23993 0.83626
0.79960 0.61186 0.55256
0.44148 0.35756 0.27399
0.75038 0.42361 0.14943
0.91287 0.46325 0.56730
0.23608 0.29965 0.58899
0.09364 0.80869 0.09065
0.12685 0.83282 0.13155
0.10789 0.75794 -0.01426
0.77373 0.23152 0.31817
0.71300 0.52242 0.63481
0.05423 0.56383 0.32940
0.65326 0.49079 0.47299
0.81055 0.66573 0.20566
0.40141 0.61457 0.34418
0.80985 0.72069 0.18932
0.50963 0.01670 0.37920
0.49194 0.85135 0.75127
0.84634 0.65560 0.17502
0.79907 0.23944 0.33142
0.51626 0.84269 0.73041
0.11970 0.55890 0.76717
0.40836 0.57070 0.37638
0.77353 0.42920 0.15935
0.08699 0.44822 0.15772
0.82301 0.27721 0.30542
0.07121 0.02769 0.09576
0.10511 0.79604 0.12214
0.01914 0.00667 0.04612
0.56552 0.12368 0.45060
0.74217 0.58615 0.59088
0.73665 0.58245 0.53255
0.51085 0.13207 0.47612
0.41541 0.33235 0.30328
0.77504 0.59366 0.53588
0.62960 0.59007 0.49050
0.82152 0.30314 0.26065
0.71645 0.16546 0.53469
0.62625 0.56571 0.48335
0.41104 0.62466 0.37801
0.82844 0.62342 -0.00480
0.75290 0.58184 0.53385
0.41993 0.61367 0.34738
0.39641 0.62120 0.37527
0.35403 0.13350 0.59416
0.64967 0.47235 0.46909
0.68846 0.51450 0.59755
0.95398 0.78935 0.40839
0.10032 0.77176 -0.00649
0.34942 0.17058 0.61136
0.95651 0.80529 0.40568
0.49446 0.86952 0.74881
0.36747 0.49514 0.98588
0.50208 0.88321 0.19210
0.48889 0.20577 0.63726
0.44225 0.32494 0.25834
0.10925 0.83289 0.14799
0.25943 0.16328 0.64779
0.77136 0.58353 0.55603
0.15583 0.19621 0.70626
0.10432 0.22899 0.68178
0.75239 0.46371 0.61493
0.55213 0.04064 0.38212
0.57611 0.55923 0.49032
0.74091 0.97197 0.81832
0.32474 0.16990 0.62088
0.80942 0.64779 0.00471
0.55815 0.00824 0.37100
0.74751 0.78795 0.34028
0.50181 0.21780 0.02167
0.11641 0.98029 0.13555
0.92527 0.01855 0.03864
0.56169 0.25485 0.82944
0.74155 0.81621 0.34458
0.41710 0.33204 0.28205
0.30993 0.34272 0.60703
0.08370 0.61726 0.90642
0.51227 0.87602 0.17559
0.24597 0.16780 0.97236
0.93196 0.83468 0.42332
0.49787 0.18294 0.65709
0.54272 0.84208 0.21904
0.12105 0.48248 0.17853
0.16126 0.24393 0.70528
0.51937 0.88666 0.17914
0.36177 0.84175 0.22026
0.13827 0.55187 0.75675
0.39855 0.48154 0.08652
0.54711 0.06987 0.39207
0.58442 0.08178 0.91456
0.29724 0.15000 0.63290
0.83124 0.29131 0.25572
0.10586 0.44301 0.16091
0.09660 0.61564 0.91066
0.68380 0.91239 0.82590
0.49580 0.23997 -0.01363
0.28239 0.30223 0.62863
0.62189 0.08515 0.85339
0.28125 0.25992 0.62591
0.08183 0.99418 0.11754
0.06843 0.02528 0.06746
0.31273 0.13068 0.59985
0.24363 0.11035 0.99531
0.26014 0.30585 0.62169
0.42431 0.34602 0.29114
0.42268 0.54864 0.34268
0.15070 0.55229 0.81889
0.78876 0.49231 0.66448
0.96135 0.01225 0.05021
0.23455 0.29914 0.61937
0.13953 0.95892 0.15094
0.08742 0.77137 0.11583
0.23366 0.57121 0.55786
0.26593 0.30065 0.59065
0.77303 0.46100 0.60622
0.38067 0.49445 1.01667
0.74152 0.45754 0.17659
0.12318 0.50223 0.16189
0.76666 0.79498 0.32214
0.47893 0.15164 0.65392
0.89225 0.36294 0.13264
0.10811 0.85991 0.10104
0.78204 0.26222 0.29734
0.45741 0.23375 0.01160
0.35795 0.52883 1.00134
0.29201 0.29686 0.57766
0.08592 0.99212 0.12188
0.79270 0.57800 0.56325
0.13147 0.96223 0.16135
0.30618 0.46595 0.10400
0.28493 0.22004 0.30089
0.76692 0.51872 0.59560
0.09068 0.99303 0.11993
0.53014 0.11191 0.51834
0.15489 0.57848 0.77911
0.12145 0.54656 0.75802
0.74381 0.46453 0.60324
0.10360 0.82928 0.10052
0.77540 0.43268 0.16572
0.74159 0.18668 0.56534
0.24641 0.20465 0.29807
0.11059 0.80113 0.12782
0.09722 0.19410 0.70967
0.69312 0.93547 0.77421
0.11425 0.24120 0.70263
0.47275 0.14127 0.64397
0.56966 0.24620 0.83243
0.31450 0.13822 0.59197
0.76664 0.78616 0.31190
0.76914 0.39594 0.18061
0.08417 0.76106 0.01942
0.25394 0.14426 1.00190
0.49107 0.22988 -0.01639
0.49732 0.86444 0.16859
0.53369 0.03843 0.35477
0.70075 0.51748 0.62376
0.48683 0.20543 0.01946
0.08748 0.61056 0.90195
0.76847 0.43174 0.15062
0.31046 0.37138 0.63180
0.12195 0.78552 0.14490
0.77634 0.44789 0.19022
0.22872 0.56683 0.53777
0.78499 0.44866 0.17668
0.10547 0.81475 0.11900
0.93335 0.02475 0.01999
0.10062 0.61186 0.91604
0.82359 0.67191 0.23725
0.79684 0.63722 0.05922
0.30339 0.12197 0.57262
0.08563 0.59801 0.95476
0.13103 0.57537 0.73529
0.77364 0.47018 0.61436
0.37435 0.45975 0.07941
0.27868 0.45963 0.06448
0.96990 0.79055 0.44478
0.63915 0.11204 0.88017
0.50451 0.21402 0.02975
0.66294 0.10390 0.88778
0.76767 0.19398 0.54197
0.74949 0.41101 0.14654
0.76108 0.44809 0.15529
0.29693 0.38038 0.61918
0.32121 0.33483 0.61160
0.67113 0.49032 0.49830
0.32405 0.16808 0.59669
0.31935 0.17960 0.59231
0.28106 0.58613 0.59245
0.23363 0.56536 0.62608
0.63971 0.13184 0.91876
0.46360 0.24737 0.01053
0.90375 0.31553 0.16357
0.93574 0.44271 0.57527
0.78892 0.58890 0.56354
0.56656 0.25420 0.80772
0.11728 0.97290 0.09112
0.32333 0.18247 0.59243
0.67896 0.49722 0.63031
0.09723 1.00635 0.13659
0.38020 0.48390 0.10121
0.69138 0.93643 0.76900
0.52173 0.12160 0.49130
0.72982 0.80266 0.35521
0.93052 0.47495 0.56081
0.29081 0.47337 0.09388
0.37265 0.81051 0.20619
0.80165 0.24258 0.29220
0.79878 0.25870 0.28315
0.32913 0.17797 0.59542
0.01715 0.57126 0.31808
0.96519 0.82153 0.41713
0.96264 -0.02584 0.10023
0.36402 0.55637 0.97798
0.71896 0.16371 0.54250
0.21787 0.28808 0.61475
0.76327 0.59481 0.54644
0.76316 0.43604 0.13660
0.13286 0.49647 0.15951
0.68677 0.18537 0.53719
0.71507 0.82213 0.31206
0.26074 0.13946 0.99896
0.42755 0.59168 0.37895
0.37914 0.54499 0.98201
0.19246 0.29140 0.65244
0.01617 0.59484 0.33019
0.12427 0.79228 0.11610
0.68594 0.12944 0.92007
0.31420 0.33617 0.63153
0.08477 0.99235 0.14325
0.15801 0.21586 0.71081
0.78456 0.30985 0.27751
0.31055 0.19637 0.62298
0.65808 0.49613 0.48567
0.22962 0.27684 0.63191
0.28527 0.20514 0.31322
0.03776 0.01330 0.03846
0.04043 0.00515 0.05128
0.32711 0.15075 0.58016
0.81168 0.64123 0.24303
0.92959 0.35766 0.14760
0.09594 0.61919 0.95922
0.25194 0.54294 0.55517
0.57934 0.63496 0.44654
0.25855 0.44235 0.03619
0.66844 0.50184 0.48685
0.40106 0.62744 0.37788
0.12584 0.47820 0.15565
0.32760 0.18181 0.61536
0.79685 0.24649 0.26789
0.63255 0.65478 0.47365
0.59021 0.23287 0.82700
0.90304 0.84237 0.38670
0.03035 0.00451 0.04256
0.59897 0.65529 0.45757
0.41837 0.33642 0.29393
0.51240 0.11690 0.48725
0.10231 0.65145 0.93053
0.30948 0.55567 0.58344
0.52451 0.05255 0.32299
0.51368 0.86430 0.75775
0.82800 0.27868 0.25404
0.52196 0.13187 0.63142
0.66834 0.48275 0.46949
0.46065 0.21317 0.64538
0.84606 0.66557 0.20965
0.12458 0.79159 0.10492
0.10890 0.48718 0.14807
0.69585 0.52039 0.63614
0.81736 0.65879 0.20995
0.29794 0.46115 0.08815
0.43662 0.34744 0.23562
0.10511 0.96589 0.15942
0.47731 0.21909 0.02586
0.08742 0.75082 0.03094
0.16387 0.55926 0.79239
0.51919 0.18242 0.66333
0.09523 0.63244 0.88713
0.27356 0.16418 0.99457
0.51135 0.10840 0.43847
0.69475 0.96477 0.79193
0.60028 0.66273 0.48829
0.49819 0.87263 0.15635
0.94505 -0.00067 0.06084
0.32678 0.16648 0.58389
0.74225 0.47068 0.61393
0.48344 0.17876 0.01637
0.55869 0.12044 0.46827
0.11856 0.62256 0.95082
0.64490 0.52168 0.47538
0.13923 0.21443 0.72652
0.76584 0.23202 0.33167
0.32213 0.20824 0.26273
0.35458 0.78177 0.20936
0.70796 0.17693 0.56048
0.51860 0.20939 0.01457
0.28937 0.28575 0.60808
0.02081 0.89627 0.61286
0.25304 0.43991 0.04681
0.26376 0.42896 0.09497
0.66292 0.48044 0.46023
0.49697 0.86922 0.72361
0.20879 0.28083 0.61151
0.10114 0.79759 0.10735
0.39292 0.46490 0.08533
0.03062 0.60129 0.35820
0.51530 0.86780 0.16021
0.29668 0.28451 0.59862
0.38472 0.48810 0.07644
0.79185 0.60817 0.52218
0.38706 0.50399 0.07239
0.28973 0.47790 0.12677
0.90308 0.33371 0.14306
0.86787 0.34147 0.13674
0.76753 0.41511 0.15823
0.38018 0.62255 0.37732
0.30717 0.14692 0.58705
0.20327 0.26620 0.62698
0.43286 0.35021 0.25640
0.60531 0.63425 0.50336
0.63022 0.55545 0.46199
0.94210 -0.00422 0.07239
0.81362 0.65694 0.02338
0.76859 0.44946 0.62340
0.13623 0.56464 0.78448
0.54855 0.04585 0.36120
0.63004 0.64178 0.44441
0.72979 0.55441 0.59061
0.72851 0.52534 0.63031
0.82122 0.32146 0.21020
0.42422 0.35268 0.27683
0.83269 0.67588 0.22359
0.27250 0.28337 0.60059
0.27206 0.16798 0.97215
0.76177 0.23167 0.29916
0.30015 0.24010 0.56236
0.77832 0.40598 0.10680
0.73423 0.80530 0.33043
0.24157 0.11181 0.96910
0.00298 0.91938 0.62436
0.60940 0.52419 0.46932
0.52355 0.87143 0.73000
0.26390 0.18240 0.30377
0.30110 0.15491 0.64528
0.30642 0.22143 0.28713
0.75711 0.43353 0.16515
0.30259 0.27769 0.57507
0.76746 0.47147 0.63440
0.27375 0.18360 0.32466
0.58184 0.03361 0.35474
0.55337 0.25235 0.84740
0.58728 0.01708 0.38699
0.11372 0.77614 0.12885
0.11687 0.62634 0.94239
0.35648 0.77625 0.21653
0.54321 0.86753 0.13094
0.29710 0.42672 0.08552
0.77764 0.63631 -0.02382
0.51453 0.88534 0.73552
0.09118 0.81664 0.11462
0.76919 0.79601 0.33925
0.51868 0.13561 0.49717
0.37380 0.52714 0.97374
0.32704 0.18228 0.59401
0.10817 0.80619 0.14798
0.42394 0.34737 0.25923
0.72211 0.19988 0.54605
0.23485 0.29347 0.59624
0.94181 0.79340 0.42944
0.66956 0.48630 0.49731
0.12134 0.72970 0.04211
0.77470 0.78555 0.32613
0.62548 0.11896 0.92233
0.29713 0.35732 0.60897
0.09931 0.75145 0.00572
0.11085 0.56625 0.77342
0.69796 0.48645 0.48753
0.96334 0.79593 0.42890
0.32341 0.26972 0.60957
0.27184 0.19919 0.27841
0.77753 0.23970 0.27691
0.93646 0.77761 0.44638
0.50271 0.16584 0.66224
0.80882 0.31365 0.27366
0.64657 0.08022 0.92886
0.78266 0.45840 0.16514
0.65956 0.62438 0.48853
0.30888 0.30092 0.52833
0.30053 0.34048 0.60927
0.51697 0.16021 0.62964
0.96943 -0.02028 0.01787
0.89906 0.32714 0.12728
0.56356 0.25038 0.82790
0.69486 0.91342 0.84335
0.08854 0.48824 0.14318
0.26009 0.08148 0.99625
0.82738 0.29816 0.30860
0.08490 0.51604 0.11994
0.78830 0.27112 0.31121
0.86810 0.30976 0.10376
0.11423 0.75798 0.01574
0.28307 0.21005 0.27448
0.11813 0.20039 0.70047
0.06643 0.79608 0.06569
0.38312 0.60107 0.35774
0.27984 0.13651 0.63502
0.25622 0.53766 0.57229
0.95005 0.82408 0.44345
0.31469 0.42201 0.07110
0.09846 0.79862 0.10936
0.02808 0.01162 0.04610
0.01451 0.56172 0.30282
0.90476 0.55771 0.58787
0.05085 0.56408 0.32284
0.89264 0.50558 0.54616
0.25871 0.15064 1.01114
0.76473 0.65361 0.53045
0.94523 0.00034 0.06655
0.06994 0.56701 0.29805
0.25864 0.16021 0.97598
0.15737 0.55831 0.76895
0.93662 -0.02713 0.06587
0.15121 0.56396 0.77154
0.31049 0.13558 0.57440
0.10890 0.44625 0.13956
0.26037 0.15809 0.97794
0.35615 0.82525 0.19921
0.09752 0.80501 0.09887
0.30793 0.15237 1.01453
0.59678 0.62198 0.47620
0.23039 0.28020 0.63952
0.90683 0.34525 0.14411
0.49179 0.19018 0.03156
0.72386 0.52955 0.64577
0.09967 0.80104 0.13877
0.89330 0.34550 0.13950
0.92591 -0.00701 0.05667
0.10288 0.77549 0.02486
0.84791 0.67266 0.21240
0.64525 0.12091 0.91958
0.52029 0.23429 0.02238
0.74224 0.55164 0.62772
0.79164 0.30920 0.26061
0.49189 0.12466 0.46302
0.84828 0.31821 0.25985
0.04175 0.05573 0.05012
0.86854 0.34970 0.26246
0.57269 0.65696 0.44725
0.96503 0.78342 0.40697
0.06836 0.03103 0.03060
0.93995 0.76682 0.38695
0.63669 0.09437 0.89194
0.53591 0.86940 0.19010
0.89690 0.35955 0.12404
0.32555 0.81618 0.25644
0.82829 0.31998 0.25342
0.72949 0.83967 0.36320
0.30258 0.56310 0.54577
0.75061 0.60861 0.57442
0.56313 0.02948 0.37144
0.63614 0.65668 0.42510
0.04143 0.02368 0.02967
0.61224 0.60608 0.49798
0.95009 0.33137 0.14798
0.53002 0.86885 0.17586
0.73800 0.82545 0.36466
0.77819 0.27126 0.28531
0.13144 0.75633 -0.01751
0.13070 0.97251 0.15471
0.26095 0.18028 0.62206
0.10641 0.57670 0.89814
0.81294 0.61034 0.01238
0.37402 0.51853 1.00202
0.52362 0.17988 0.62836
0.21907 0.29950 0.59338
0.96772 0.48438 0.56402
0.63715 0.47882 0.45973
0.50946 0.18026 0.00363
0.85965 0.36628 0.10352
0.49726 0.21246 0.62990
0.73621 0.44958 0.60349
0.56092 0.00808 0.36748
0.11322 0.44532 0.12711
0.90937 0.79974 0.40313
0.57798 0.21046 0.81799
0.74290 0.45235 0.61366
0.11875 0.21492 0.67040
0.12785 0.62271 0.92170
0.24556 0.18162 0.30404
0.80189 0.61861 0.02212
0.74959 0.45640 0.63390
0.48197 0.20884 -0.02191
0.69300 0.90537 0.77667
0.63953 0.58421 0.46369
0.65053 0.10340 0.88573
0.29344 0.18839 0.60261
0.92300 0.00250 0.06613
0.74786 0.39288 0.14969
0.29688 0.18061 0.61704
0.79297 0.64346 -0.01722
0.52108 0.87773 0.18283
0.61680 0.09497 0.86688
0.80036 0.62624 -0.01060
0.68924 0.94202 0.80945
0.53923 0.89883 0.23539
0.07878 0.49227 0.10392
0.27780 0.18709 0.32542
0.29430 0.46439 0.06980
0.64173 0.47949 0.47327
0.96156 0.80681 0.41917
0.69933 0.16656 0.56795
0.76220 0.83092 0.32693
0.04129 -0.00481 0.03595
0.52436 0.92195 0.17004
0.62570 0.61291 0.42905
0.50792 0.19910 0.65582
0.71701 0.54859 0.62925
0.63744 0.59306 0.47929
0.50107 0.23132 0.01936
0.61345 0.65063 0.48018
0.62327 0.70924 0.46394
0.74733 0.59796 0.05041
0.09089 0.78075 0.13190
0.39342 0.59596 0.38472
0.55224 0.02960 0.37013
0.72247 0.19017 0.52802
0.74096 0.47157 0.16272
0.72956 0.50869 0.61272
0.51914 0.88657 0.20471
0.55941 0.86977 0.19396
0.48224 0.85902 0.73238
0.47369 0.21637 -0.03991
0.49403 0.19617 0.65340
0.34568 0.25384 0.58728
0.31566 0.30737 0.60137
0.61314 0.59841 0.46971
0.91763 0.48912 0.54161
0.56490 -0.00926 0.34334
0.76852 0.63030 -0.00955
0.50073 0.87425 0.73401
0.76041 0.53540 0.61902
0.46745 0.21013 -0.00122
0.93665 0.02800 0.04518
0.14562 0.99415 0.13264
0.39080 0.43801 0.05548
0.77005 0.41823 0.16878
0.29742 0.22036 0.29912
0.55465 0.11923 0.48730
0.25926 0.52982 0.58623
0.72676 0.53664 0.65308
0.93075 0.86358 0.42613
0.55919 0.25680 0.82644
0.40357 0.61420 0.37343
0.06534 0.57393 0.33416
0.09539 0.44844 0.13297
0.78518 0.63711 -0.00589
0.13023 0.49691 0.16405
0.73302 0.53144 0.59035
0.51958 0.21111 0.66310
0.27672 0.17725 1.03855
0.51392 0.90163 0.73684
0.04129 0.55600 0.31030
0.31934 0.17571 0.62241
0.86827 0.32991 0.28206
0.28223 0.35351 0.60878
0.14330 0.96615 0.11064
0.53228 0.25710 0.84626
0.65515 0.46608 0.49575
0.93398 0.00208 0.05880
0.62398 0.63375 0.49059
0.36166 0.56588 0.97464
0.12262 0.74281 0.02612
0.38043 0.80233 0.24172
0.11729 0.19785 0.69877
0.28199 0.27265 0.61040
0.61418 0.61396 0.48694
0.23703 0.22076 0.27327
0.51886 0.88173 0.16703
0.84873 0.64507 0.24040
0.83661 0.69000 0.23179
0.02076 0.89156 0.59684
0.49107 0.89636 0.18983
0.89915 0.36082 0.12347
0.55244 0.23940 0.82145
0.74735 0.57315 0.54888
0.27634 0.15525 0.29288
0.87777 0.64908 0.23404
0.61651 0.10615 0.89231
0.92145 0.80450 0.42383
0.26255 0.27958 0.59050
0.66493 0.10630 0.88172
0.44788 0.30734 0.27059
0.77884 0.62910 -0.01292
0.60895 0.65267 0.44075
0.75828 0.63017 0.55122
0.38154 0.52764 0.98379
0.76907 0.79398 0.35321
0.26232 0.15391 0.57282
0.28253 0.35140 0.66220
0.78808 0.44348 0.63075
0.64245 0.50998 0.48790
0.74344 0.47368 0.17745
0.17327 0.23436 0.71080
0.58243 0.23616 0.82443
0.21856 0.28739 0.64720
0.88353 0.36533 0.14775
0.37503 0.45965 0.06657
0.34249 0.82766 0.22977
0.95187 0.01021 0.04697
0.31751 0.82259 0.22887
0.90915 0.48881 0.56604
0.93463 0.47424 0.54727
0.78183 0.31560 0.28878
0.37558 0.84115 0.24049
0.76028 0.17484 0.53422
0.76380 0.46684 0.18103
0.77420 0.82385 0.36034
0.22865 0.14304 1.02023
0.29496 0.42600 0.08334
0.19807 0.29709 0.60211
0.38122 0.53591 0.99789
0.75505 0.80529 0.31958
0.50681 0.16904 0.65377
0.49284 0.24320 -0.00314
0.53539 0.11024 0.48611
0.36583 0.79668 0.19945
0.79386 0.49235 0.65797
0.34200 0.84333 0.21189
0.08949 0.97171 0.13912
0.21073 0.32004 0.64304
0.72966 0.45992 0.14856
0.51841 0.11535 0.48489
0.32290 0.18770 0.62811
0.49560 0.22505 -0.03109
0.49677 0.18710 0.67047
0.07334 0.74148 0.01242
0.13020 0.73856 0.02367
0.25642 0.14698 0.99907
0.00147 0.90326 0.59294
0.65157 0.52156 0.46468
0.81068 0.63563 0.22816
0.71160 0.94295 0.81934
0.01784 0.90805 0.60443
0.77200 0.46692 0.57733
0.36026 0.48019 0.07800
0.78553 0.46516 0.60340
0.03492 -0.02800 0.05474
0.02356 0.54034 0.33745
0.53625 0.88193 0.18777
0.30707 0.17523 0.61779
0.47740 0.22528 0.01003
0.35610 0.50083 0.09493
0.51072 0.87778 0.21835
0.72048 0.14807 0.53337
0.08016 0.61485 0.88517
0.07566 0.69703 0.02365
0.40196 0.59904 0.36968
0.48690 0.21426 -0.01161
0.31890 0.26950 0.57348
0.75904 0.25837 0.29279
0.63762 0.56372 0.50830
0.34831 0.80716 0.22071
0.26459 0.43259 0.09086
0.41654 0.33139 0.30522
0.27817 0.27552 0.56983
0.76158 0.62756 0.59349
0.30802 0.27686 0.63913
0.09036 0.58663 0.89741
0.30750 0.28036 0.57235
0.75408 0.62979 0.55281
0.76392 0.84087 0.33713
0.10965 0.95739 0.11663
0.78245 0.63422 0.00543
0.58305 0.23794 0.82336
0.40584 0.62017 0.35362
0.68860 0.92052 0.79302
0.22757 0.33702 0.60338
0.52252 0.86734 0.19824
0.83703 0.63787 0.24400
0.28257 0.19983 0.30753
0.04790 0.58304 0.32660
0.77888 0.48024 0.59064
0.55240 -0.01554 0.35957
0.31384 0.14126 0.59563
0.29447 0.36089 0.60345
0.36883 0.52312 0.98565
0.09288 0.49249 0.15047
0.93432 0.50792 0.55828
0.56208 0.01817 0.37465
0.65977 0.48400 0.48177
0.76481 0.41866 0.13658
0.93509 0.00048 0.00977
0.83415 0.64747 0.20988
0.52238 0.16452 0.65567
0.68704 0.93331 0.82744
0.69327 0.93550 0.78691
0.84763 0.68249 0.20043
0.77657 0.47422 0.61201
0.75917 0.47820 0.57699
0.74136 0.79258 0.36269
0.04685 0.57509 0.31701
0.36001 0.84879 0.22992
0.39091 0.55853 0.41228
0.31500 0.20595 0.61071
0.76683 0.79338 0.33905
0.10296 0.64624 0.93798
0.34489 0.17534 0.61242
0.59499 0.11635 0.93650
0.10818 0.81963 0.10654
0.28589 0.13562 0.61327
0.13514 0.54047 0.76424
0.63094 0.58255 0.48837
0.38300 0.49354 0.08072
0.29639 0.17100 0.61716
0.62289 0.60172 0.49033
0.19906 0.26288 0.62962
0.11183 0.97835 0.11673
0.14944 0.58024 0.78210
0.62794 0.61914 0.47280
0.78249 0.80148 0.35679
0.28302 0.20911 0.63926
0.30172 0.21829 0.31877
0.70973 0.90640 0.81931
0.36716 0.56041 0.97785
0.60822 0.62351 0.48276
0.75084 0.51635 0.63802
0.92928 0.04624 0.05372
0.32882 0.15214 0.58903
0.91699 0.44186 0.54993
0.90975 0.33455 0.13272
0.61449 0.67399 0.48309
0.37399 0.53109 1.02959
0.35715 0.81948 0.22202
0.30015 0.19785 0.28125
0.30474 0.28124 0.59049
0.75386 0.45911 0.16893
0.00687 0.90552 0.60181
0.77337 0.61166 0.02632
0.48838 0.88883 0.72136
0.31803 0.38117 0.63575
0.17626 0.56716 0.78914
0.65950 0.60927 0.47921
0.13741 0.49125 0.13091
0.42788 0.34037 0.30788
0.66064 0.11075 0.91286
0.10400 0.94803 0.13317
0.78157 0.43600 0.15646
0.48794 0.87025 0.70776
0.02519 0.58207 0.29342
0.50896 0.85367 0.17083
0.30858 0.20647 0.66578
0.81818 0.27090 0.34816
0.10933 0.60230 0.92672
0.73193 0.45109 0.17371
0.03436 0.91909 0.61979
0.29033 0.40722 0.59308
0.10603 0.47776 0.14688
0.93184 0.82179 0.38119
0.63977 0.60489 0.47995
0.78491 0.47607 0.62374
0.84348 0.35539 0.28114
0.30017 0.16144 0.61972
0.97828 0.82586 0.42782
0.22508 0.32605 0.61743
0.78500 0.26084 0.29770
0.39393 0.35928 0.32511
0.36085 0.79935 0.19733
0.26109 0.58428 0.57168
0.70758 0.92465 0.77049
0.26561 0.37749 0.62718
0.10245 0.97910 0.11446
0.30833 0.26157 0.59302
0.91985 0.50143 0.55932
0.67019 0.92867 0.77021
0.67793 0.49610 0.47279
0.39574 0.53562 0.07545
0.32380 0.26114 0.57732
0.88583 -0.00362 0.03909
0.27519 0.15126 0.58504
0.38319 0.87012 0.21167
0.55942 0.11645 0.45578
0.21133 0.29081 0.63266
0.25352 0.55561 0.59865
0.95599 0.48414 0.55713
0.04526 -0.00024 0.05021
0.14754 0.22640 0.71214
0.78367 0.47640 0.61695
0.53488 0.88201 0.75480
0.51966 0.18947 0.64600
0.40989 0.38351 0.27459
0.30301 0.38592 0.59414
0.14557 0.47432 0.15056
0.54221 0.14120 0.63535
0.48926 0.16008 0.65318
0.28970 0.20901 0.62299
0.31572 0.35114 0.63088
0.65031 0.51563 0.47990
0.52777 0.26387 0.82203
0.74971 0.79889 0.36097
0.64097 0.06312 0.92847
0.02992 0.89615 0.63559
0.64158 0.50887 0.45932
0.23820 0.26312 0.61605
0.63295 0.62041 0.49363
0.90819 0.48272 0.59026
0.49857 0.17511 0.60752
0.65079 0.14235 0.92136
0.36059 0.17022 0.57739
0.03150 0.59543 0.31907
0.11539 0.18023 0.67073
0.80901 0.26339 0.30684
0.10102 0.74509 -0.01838
0.73818 0.81850 0.35289
0.08900 0.51167 0.17899
0.75568 0.61124 0.58255
0.46691 0.21909 0.01624
0.90199 0.49210 0.56021
0.91211 -0.00409 0.07715
0.29721 0.33357 0.65881
0.50807 0.17099 0.64680
0.73136 0.50630 0.60019
0.29053 0.28058 0.61062
0.46215 0.86223 0.68341
0.46408 0.20597 -0.02217
0.25248 0.27772 0.58742
0.91521 0.46172 0.55294
0.08056 0.78016 0.13110
0.61407 0.63461 0.47211
0.42040 0.34151 0.27023
0.56641 0.26226 0.84038
0.24081 0.55726 0.55531
0.28259 0.17759 0.32718
0.59214 0.65955 0.49575
0.72519 0.92048 0.78672
0.77206 0.82826 0.33392
0.32446 0.39025 0.65434
0.82930 0.33105 0.26877
0.29961 0.43925 0.07615
0.22662 0.29712 0.61258
0.65935 0.47237 0.48421
0.12268 0.55719 0.77959
0.04422 -0.00465 0.02480
0.75843 0.62174 0.53244
0.76659 0.84093 0.35090
0.09398 0.45401 0.14606
0.08924 0.06974 0.04203
0.69723 0.50966 0.50171
0.76108 0.18387 0.52119
0.38972 0.59001 0.36844
0.58712 0.66035 0.46337
0.66001 0.93154 0.80254
0.10413 0.79058 0.11765
0.68589 0.96558 0.79714
0.41835 0.59752 0.34233
0.34907 0.13182 0.61932
0.65005 0.64485 0.43224
0.25286 0.29258 0.59382
0.36692 0.79066 0.21270
0.50202 0.83742 0.73351
0.76636 0.58526 0.55738
0.47578 0.21210 0.02229
0.40881 0.58835 0.38596
0.75251 0.41870 0.16725
0.32764 0.81101 0.21536
0.73070 0.15997 0.56620
0.30267 0.46423 0.07398
0.58535 0.64767 0.44402
0.73147 0.50824 0.61445
0.27088 0.45001 0.07931
0.40563 0.61790 0.40932
0.54857 0.24696 0.83974
0.29493 0.13323 1.00353
0.10900 0.97504 0.12298
0.05586 0.02714 0.01817
0.94672 0.83951 0.41285
0.50130 0.23705 0.00977
0.83437 0.63610 -0.04275
0.48673 0.23276 0.01391
0.95254 0.01652 0.08067
0.11597 0.57284 0.77474
0.13222 0.22497 0.70614
0.32065 0.38283 0.61309
0.93231 0.83724 0.41265
0.35679 0.53829 0.97851
0.25686 0.54228 0.59242
0.10418 0.77972 0.13034
0.21997 0.12980 0.93265
0.09708 0.77646 0.01796
0.29167 0.39275 0.65799
0.24216 0.12378 1.00744
0.38277 0.59797 0.40132
0.84699 0.31787 0.27789
0.36486 0.51837 1.00208
0.91715 0.47517 0.53949
0.51784 0.84533 0.73862
0.78660 0.64726 0.00126
0.06359 0.99281 0.13098
0.10670 0.78576 0.10425
0.76331 0.45868 0.61231
0.52978 0.12444 0.46540
0.95784 -0.00787 0.05092
0.12162 0.22313 0.67771
0.68311 0.54257 0.63219
0.57652 0.26285 0.82039
0.42323 0.62441 0.38459
0.80941 0.19996 0.29167
0.94218 0.03470 0.03974
0.94283 0.02833 0.03570
0.72932 0.66393 -0.04142
0.60408 0.58866 0.45805
0.73024 0.15877 0.51530
0.78279 0.26299 0.29113
0.73375 0.54970 0.62818
0.10669 0.73831 -0.00184
0.50150 0.18356 -0.02542
0.25732 0.45510 0.09556
0.31311 0.19440 0.56174
0.87576 0.35589 0.15503
0.56940 0.27863 0.83152
0.90060 0.35685 0.11646
0.38964 0.66620 0.36460
0.78111 0.24874 0.28432
0.72214 0.57580 0.53677
0.10180 0.80707 0.13371
0.89712 0.35159 0.16132
0.78076 0.61449 -0.00230
0.28732 0.20278 0.28740
0.65898 0.49996 0.46193
0.40414 0.49555 0.02595
0.39261 0.46021 0.07617
0.93615 -0.01530 0.08665
0.01239 0.90110 0.56508
0.33639 0.15050 0.58049
0.32473 0.23614 0.58473
0.29359 0.19783 0.32259
0.39340 0.60614 0.37806
0.91708 0.34221 0.11615
0.14076 0.18243 0.70026
0.47578 0.90110 0.72629
0.03399 0.88265 0.61778
0.68348 0.92711 0.82831
0.53213 0.25810 0.84601
0.90798 0.48864 0.54191
0.25767 0.37894 0.62093
0.83499 0.28037 0.21918
0.46308 0.21281 0.02008
0.09494 0.76793 0.13724
0.43492 0.34276 0.23878
0.16155 0.55522 0.75790
0.28022 0.15252 0.98995
0.53045 0.10352 0.45044
0.77237 0.61799 0.58289
0.25110 0.16264 1.02334
0.62937 0.09388 0.93206
0.52780 0.24170 0.85775
0.27805 0.43380 0.05192
0.12934 0.21801 0.70233
0.26611 0.56177 0.59537
0.91697 0.43645 0.57246
0.39978 0.48565 0.08049
0.24910 0.14070 0.97963
0.39498 0.61277 0.36919
0.14153 0.62988 0.73369
0.02146 0.94928 0.62309
0.78723 0.79713 0.36679
0.85185 0.30629 0.23242
0.84088 0.68535 0.20015
0.39937 0.35012 0.27127
0.33305 0.20092 0.65599
0.81584 0.32630 0.26174
0.66796 0.93942 0.77021
0.92461 -0.02688 0.06078
0.28534 0.43835 0.07580
0.14585 0.72865 0.02349
0.78005 0.60726 0.03804
0.30818 0.15173 0.58484
0.08830 0.80099 0.06131
0.80072 0.62213 0.01605
0.04923 0.58965 0.29451
0.02609 0.55525 0.30986
0.76741 0.46250 0.17726
0.69763 0.94744 0.79486
0.72724 0.42291 0.15400
0.07962 0.73196 0.00159
0.42935 0.34047 0.28073
0.09482 0.75106 0.02453
0.77381 0.49310 0.63453
0.88143 0.33270 0.13152
0.67699 0.07216 0.91152
0.35640 0.78108 0.18560
0.49167 0.25309 0.02704
0.09763 0.69480 0.00205
0.88074 0.36241 0.14697
0.54547 0.03323 0.35660
0.14057 0.98313 0.13387
0.37762 0.62571 0.37806
0.66029 0.89930 0.77548
0.08593 0.48087 0.15862
0.81113 0.34226 0.26774
0.13344 0.56379 0.76231
0.75998 0.58911 0.52866
0.35996 0.55361 0.95736
0.90114 0.51577 0.55013
0.39096 0.49320 0.06626
0.29266 0.17980 0.60948
0.27589 0.30026 0.64118
0.09385 0.79446 0.12701
0.11091 0.58220 0.92518
0.51542 0.91548 0.71376
0.47739 0.86587 0.74771
0.95807 0.80349 0.41640
0.51040 0.85413 0.76052
0.34310 0.84890 0.27093
0.67914 0.53715 0.61717
0.50422 0.84980 0.19425
0.30282 0.15516 0.62562
0.32334 0.16872 0.61499
0.13101 0.90838 0.13782
0.15315 0.54571 0.75523
0.70145 0.17956 0.55684
0.07256 0.56985 0.30615
0.81577 0.68316 0.21123
0.13072 0.65283 0.90877
0.68277 0.46959 0.51230
0.12252 0.18087 0.67542
0.85525 0.32349 0.25269
0.17321 0.19738 0.67934
0.30026 0.45681 0.07760
0.10440 0.59475 0.88566
0.91210 -0.00966 0.04440
0.96423 0.01672 0.06220
0.53041 0.85543 0.72585
0.75485 0.46939 0.59306
0.29670 0.17269 0.61000
0.73432 0.17122 0.52472
0.72762 0.46330 0.63046
0.37940 0.53346 0.98235
0.91941 0.49107 0.54547
0.50049 0.22779 0.01181
0.82645 0.29090 0.26466
0.37785 0.52823 0.99881
0.67469 0.58082 0.48450
0.71495 0.51573 0.62099
0.55152 0.01289 0.36025
0.38865 0.45714 0.05834
0.41067 0.35046 0.29122
0.65612 0.48212 0.48540
0.27096 0.19752 0.27288
0.74321 0.49185 0.62176
0.54401 0.00412 0.37038
0.77688 0.44404 0.65402
0.80575 0.32096 0.28295
0.71488 0.52738 0.63329
0.59548 0.25046 0.85767
0.10112 0.77737 0.04447
0.55093 0.22654 0.81516
0.31251 0.17057 0.61053
0.83314 0.32022 0.22536
0.74356 0.82049 0.33397
0.36817 0.45320 0.06785
0.36233 0.54512 1.01101
0.51306 0.16994 0.68891
0.76708 0.61259 0.53647
0.16040 0.60020 0.78449
0.26245 0.13761 0.98170
0.26054 0.17013 0.98864
0.97577 0.83506 0.38355
0.24407 0.55377 0.54165
0.33013 0.40949 0.62948
0.44788 0.33062 0.29478
0.11487 0.76028 -0.00046
0.71331 0.16898 0.56374
0.01166 0.59559 0.34749
0.28631 0.21393 0.27356
0.85597 0.29992 0.29624
0.29194 0.44284 0.05741
0.65647 0.12007 0.91162
0.08967 0.64298 0.89605
0.90995 0.49004 0.57924
0.59228 -0.01813 0.31669
0.87020 0.65858 0.19935
0.50293 0.24393 -0.00371
0.29444 0.22977 0.66064
0.61876 0.68241 0.45649
0.11099 0.99452 0.13681
0.08580 0.79795 0.12594
0.78961 0.31800 0.25551
0.43227 0.38258 0.26672
0.94131 -0.00094 0.04923
0.76597 0.57485 0.55392
0.03918 0.58949 0.35192
0.71316 0.19604 0.55803
0.70585 0.96410 0.78250
0.78910 0.45555 0.63288
0.89981 0.32672 0.15039
0.65766 0.58939 0.45238
0.11857 0.47673 0.15625
0.31518 0.30599 0.57928
0.12005 0.48943 0.10991
0.10359 0.98304 0.09514
0.26439 0.14240 1.00206
0.70535 0.54003 0.63757
0.08710 0.83120 0.13646
0.69751 0.52519 0.59750
0.33032 0.50340 1.01100
0.74607 0.46689 0.62666
0.23225 0.22229 0.25376
0.23997 0.23596 0.27913
0.09322 0.47704 0.15680
0.11778 0.95825 0.12730
0.14347 0.48738 0.12859
0.26933 0.13806 0.96161
0.55342 0.85041 0.16836
0.27216 0.22922 0.29951
0.14401 0.22666 0.71903
0.40240 0.61254 0.37477
0.47978 0.20062 0.00571
0.04579 0.05188 0.04855
0.84322 0.68681 0.19383
0.54573 0.85796 0.17935
0.51351 0.23489 0.01714
0.47893 0.87994 0.73180
0.10329 0.53258 0.77331
0.81217 0.19520 0.32888
0.76173 0.59042 0.58158
0.45847 0.84388 0.74001
0.71457 0.94604 0.80507
0.43298 0.33557 0.29135
0.61647 0.51043 0.51142
0.80062 0.24128 0.34389
0.77851 0.61150 -0.03514
0.17520 0.23981 0.69029
0.64924 0.47736 0.48696
0.52830 0.85461 0.74440
0.09151 0.19548 0.67709
0.31826 0.26981 0.60973
0.55132 0.06767 0.38316
0.78833 0.61823 -0.00419
0.52140 0.86926 0.75261
0.77285 0.24997 0.31690
-0.00738 0.89823 0.64023
0.72204 0.49507 0.63139
0.16809 0.56727 0.80173
0.87627 0.34228 0.11743
0.03946 0.00885 0.03618
0.13971 0.55401 0.78933
0.33102 0.56572 0.99474
0.28801 0.46354 0.08561
0.32701 0.29335 0.54450
0.05041 0.04765 0.01835
0.46107 0.22476 -0.00378
0.51216 0.09137 0.48349
0.55804 0.26469 0.85205
0.75104 0.45655 0.16692
0.76474 0.67297 0.04830
0.39442 0.45766 0.03411
0.91483 -0.02717 0.04761
0.18455 0.28242 0.65304
0.63220 0.11621 0.92145
0.70055 0.91782 0.80016
0.40741 0.31377 0.27242
0.30394 0.15844 0.59170
0.34162 0.16583 0.59783
0.56609 0.27481 0.87530
0.09696 0.81801 0.12951
0.80426 0.66196 0.19565
0.29057 0.10881 0.61098
0.13089 0.54962 0.76285
0.11926 0.47088 0.12110
0.49391 0.88416 0.76418
0.13875 0.22739 0.70004
0.15685 0.49931 0.13452
0.68874 0.51270 0.60175
0.29481 0.16132 0.65611
0.83535 0.29122 0.23158
0.56608 0.25063 0.82163
0.23200 0.28727 0.64180
0.33345 0.15235 0.63300
0.28131 0.45480 0.10985
0.30274 0.38143 0.61562
0.28636 0.29586 0.59351
0.23870 0.49734 0.57481
0.61065 0.66086 0.46587
0.12882 0.59000 0.91877
0.49171 0.20070 0.03667
0.51712 0.02757 0.34391
0.49150 0.20469 -0.01257
0.37241 0.47450 0.06566
0.70937 0.49723 0.56186
0.47578 0.87559 0.75227
0.93494 0.48227 0.59935
0.69741 0.51599 0.59490
0.23970 0.55348 0.56180
0.04483 0.58937 0.29178
0.78681 0.60170 0.00453
0.23053 0.30137 0.63283
0.00243 0.86796 0.61359
0.57121 0.64223 0.49820
0.73639 0.52942 0.60484
0.04028 0.00456 0.06747
0.04310 0.61402 0.33923
0.33817 0.82429 0.22429
0.77063 0.43898 0.16839
0.39374 0.63716 0.39288
0.57445 0.01787 0.35937
0.90612 0.34721 0.16482
0.22212 0.31491 0.59288
0.66735 0.50801 0.46664
0.30823 0.38896 0.61928
0.80029 0.21468 0.29225
0.04235 0.88723 0.61318
0.57344 0.09086 0.44612
0.76746 0.60260 0.54676
0.36800 0.54750 1.00781
0.32393 0.17291 0.60996
0.83185 0.70363 0.21543
0.04576 0.03986 0.06227
0.37951 0.82889 0.20650
0.54884 0.11179 0.49067
0.80683 0.80805 0.35309
0.11613 0.71818 0.04014
0.95400 -0.01544 0.09277
0.14103 0.96946 0.12735
0.37823 0.60363 0.37665
0.07255 0.01907 0.06064
0.56207 -0.01011 0.34529
0.76611 0.27705 0.31602
0.72445 0.13013 0.56710
0.69458 0.49808 0.61612
0.75103 0.40236 0.17162
0.35619 0.51751 0.98380
0.35729 0.50604 1.00288
0.65534 0.44856 0.49828
0.09296 0.77475 0.10531
0.81633 0.64747 0.17356
0.08093 0.46420 0.15760
0.34357 0.16205 0.57035
0.24626 0.19628 0.29181
0.66878 0.09394 0.91658
0.95431 0.84829 0.40439
0.31866 0.38780 0.64796
0.43140 0.36211 0.29932
0.05085 0.89736 0.62267
0.52965 0.26295 0.88350
0.11025 0.74281 0.02083
0.29711 0.43636 0.08103
0.59510 0.62519 0.44216
0.74030 0.63176 -0.00826
0.79728 0.22853 0.32166
0.56182 -0.00525 0.37496
0.32097 0.17879 0.61627
0.25609 0.17867 1.01144
0.81650 0.26773 0.28107
0.24331 0.13262 0.97278
0.26869 0.55141 0.59101
0.30587 0.17655 0.65334
0.59149 0.24292 0.85821
0.32882 0.34360 0.62208
0.49168 0.87494 0.72024
0.29525 0.14932 1.02464
0.64163 0.51801 0.51884
0.76516 0.63701 0.54258
0.93681 0.81224 0.40977
0.84692 0.65370 0.21857
0.11422 0.49265 0.14986
0.14755 0.48952 0.12888
0.45904 0.88975 0.74064
0.11314 0.58707 0.76272
0.09623 0.78476 0.14456
0.52595 0.14050 0.63380
0.14648 0.56988 0.81457
0.55194 -0.01279 0.32511
0.51144 0.16123 0.64239
0.76139 0.43053 0.16102
0.35712 0.55115 0.98081
0.28775 0.14877 0.63278
0.55628 -0.01211 0.35464
0.81223 0.34253 0.25749
0.42066 0.33831 0.25515
0.66750 0.48871 0.50710
0.70840 0.90447 0.78428
0.13281 0.95284 0.16167
0.36980 0.63271 0.40106
0.07890 0.63656 0.89739
0.70815 0.19720 0.55962
0.96559 0.84216 0.41092
0.11710 0.22775 0.66836
0.12501 0.81209 0.09428
0.04352 0.58464 0.31164
0.65508 0.08988 0.93900
0.78552 0.61539 0.01673
0.70367 0.91460 0.80638
0.13803 0.56911 0.76054
0.29323 0.20368 0.33142
0.60411 0.64079 0.48792
0.81084 0.32238 0.27236
0.90965 0.48276 0.57173
0.41974 0.48523 0.05656
0.89059 0.32020 0.13250
0.74232 0.17248 0.56866
0.92231 0.45256 0.57931
0.08925 0.80556 0.12432
0.59558 0.64992 0.47203
0.54957 0.00925 0.38274
0.08514 0.63241 0.91834
0.04242 0.92257 0.60100
0.02609 0.01854 0.05512
0.31089 0.15169 0.58633
0.50922 0.87616 0.17134
0.52647 0.12724 0.46269
0.40310 0.63790 0.37548
0.29280 0.27223 0.58052
0.02842 0.04930 0.01490
0.74049 0.46104 0.61861
0.75203 0.81477 0.34864
0.54887 0.26010 0.81901
0.32725 0.81787 0.21011
0.72714 0.51314 0.61368
0.12842 0.94375 0.13144
0.50706 0.86257 0.73175
0.14530 0.98756 0.12691
0.27147 0.30900 0.60288
0.28931 0.13760 0.57413
0.61219 0.59293 0.51505
0.10649 0.99764 0.14975
0.90875 0.49714 0.60752
0.75315 0.59423 0.58055
0.10647 0.60053 0.89717
0.50897 0.87571 0.20820
0.93209 0.49985 0.57710
0.76920 0.63475 -0.01353
0.20481 0.28199 0.61041
0.63700 0.63569 0.44503
0.50846 0.87221 0.73816
0.71791 0.91829 0.84050
0.06324 0.03052 0.06470
0.92128 0.34469 0.15112
0.34438 0.80152 0.22564
0.07222 0.49758 0.15827
0.31978 0.19225 0.63091
0.24935 0.15279 1.03849
0.11478 0.48553 0.13958
0.29136 0.16323 0.56653
0.75203 0.42767 0.19098
0.14215 0.64105 0.89891
0.35756 0.83351 0.19436
0.64597 0.50529 0.47454
0.25017 0.16440 1.01063
0.77099 0.17913 0.54521
0.37407 0.55800 1.01393
0.33357 0.11431 0.59097
0.47763 0.86842 0.75692
0.00991 0.93516 0.62014
0.13585 0.56272 0.77048
0.30284 0.43924 0.09652
0.74972 0.84530 0.32416
0.32813 0.38051 0.61101
0.71617 0.93215 0.79034
0.05656 0.73480 -0.00670
0.49454 0.22327 0.01038
0.67771 0.48215 0.47423
0.47788 0.21598 -0.00568
0.26979 0.21401 0.30783
0.64627 0.10431 0.87168
0.09873 0.77195 -0.00728
0.78960 0.67453 0.20407
0.37654 0.50187 0.05394
0.66843 0.49878 0.50593
0.62772 0.56546 0.50225
0.83044 0.66492 0.22822
0.07344 0.76372 0.10701
0.90369 0.34414 0.10541
0.12464 0.71636 0.03953
0.74056 0.54855 0.58600
0.25346 0.16399 0.99743
0.50802 0.18357 0.64577
0.66721 0.48315 0.50895
0.65794 0.55172 0.45606
0.54963 0.13207 0.47398
0.08683 0.98128 0.12335
0.33214 0.26682 0.58272
0.77366 0.60997 0.55574
0.62893 0.07668 0.88313
0.90499 -0.01791 0.05655
0.92542 0.32459 0.11151
0.37260 0.44555 0.08853
0.40073 0.56966 0.38504
0.26160 0.17759 0.28408
0.74331 0.81862 0.33118
-0.01162 0.87704 0.63372
0.44503 0.34375 0.30090
0.80956 0.24804 0.29765
0.52095 0.85806 0.76320
0.59781 0.68587 0.44923
0.92665 0.49280 0.57451
0.09560 0.47904 0.16448
0.32583 0.16187 0.60533
0.75322 0.42540 0.15112
0.09785 0.72896 0.04386
0.35138 0.54534 1.00938
0.26019 0.16770 0.96274
0.78849 0.40685 0.16712
0.33454 0.13508 0.57049
0.30827 0.87328 0.21476
0.67038 0.12363 0.89620
0.62971 0.06384 0.87864
0.15063 0.61510 0.78758
0.14059 0.56919 0.78985
0.69644 0.91692 0.77656
0.10962 0.49701 0.14016
0.02204 0.00460 0.04992
0.06811 0.02885 0.05115
0.85598 0.67947 0.17252
0.40439 0.32397 0.28336
0.38775 0.62570 0.36596
0.84343 0.31546 0.27704
0.40222 0.33875 0.27067
0.69577 0.48079 0.58655
0.84670 0.35150 0.27036
0.69570 0.90933 0.77841
0.51842 0.15962 0.67001
0.70376 0.90532 0.80076
0.72960 0.91418 0.78046
0.93378 0.48905 0.56866
0.94956 0.82871 0.42411
0.32886 0.17015 0.56876
0.13271 0.22302 0.66686
0.76705 0.58868 0.56818
0.95875 -0.00958 0.09823
0.11159 0.59447 0.90276
0.39628 0.48941 0.06351
0.92897 -0.02920 0.04116
0.27932 0.28323 0.62007
0.68819 0.51505 0.62002
0.51596 0.16463 0.66274
0.13924 0.96885 0.13200
0.88360 0.32794 0.11545
0.41990 0.34128 0.29055
0.03356 0.59728 0.33164
0.09065 0.51172 0.14316
0.64516 0.47114 0.47085
0.90552 0.34396 0.14780
0.79866 0.23226 0.29128
0.29134 0.27449 0.60612
0.63912 0.09182 0.91901
0.08500 0.75149 0.03353
0.46778 0.32109 0.28660
0.25044 0.11303 0.97503
0.13913 0.62317 0.93210
0.70899 0.51327 0.60461
0.82573 0.68543 0.23243
0.31007 0.19316 0.57629
0.31068 0.82686 0.25427
0.02944 0.57760 0.35468
0.55349 0.05282 0.34280
0.06109 0.60565 0.30459
0.82415 0.34602 0.24943
0.76339 0.50354 0.64775
0.10894 0.20518 0.69282
0.89327 0.37247 0.12400
0.79833 0.24762 0.31141
0.77588 0.26092 0.31326
0.24959 0.18131 0.27363
0.79107 0.63655 0.02463
0.39927 0.60843 0.37165
0.67027 0.13008 0.91341
0.27336 0.35789 0.60373
0.86796 0.35027 0.12153
0.14085 0.61362 0.91542
0.74150 0.84183 0.32645
0.32162 0.33776 0.61813
0.02609 0.59929 0.35150
0.78771 0.44903 0.14903
0.06380 0.60631 0.32309
0.34450 0.39613 0.64189
0.12401 0.99020 0.11303
0.27838 0.19098 0.64816
0.63311 0.52289 0.44099
0.75243 0.47347 0.65572
0.61570 0.56421 0.47838
0.92048 0.33717 0.15788
0.09303 0.93273 0.13431
0.69152 0.50406 0.50278
0.14322 0.24014 0.68033
0.12067 0.57377 0.77350
0.71416 0.13312 0.49095
0.42684 0.48194 0.04434
0.31514 0.13365 0.57405
0.06486 0.47861 0.16091
0.33687 0.79401 0.22494
0.38760 0.64839 0.33605
0.80964 0.25666 0.31923
0.11738 0.54671 0.76271
0.90994 0.49752 0.56812
0.24256 0.14464 0.98830
0.12691 0.59198 0.89189
0.41383 0.36254 0.29596
0.30161 0.37531 0.61850
0.29986 0.36594 0.61641
0.77480 0.80619 0.31993
0.68907 0.52051 0.63221
0.71932 0.52846 0.63067
0.84640 0.29366 0.24565
0.27799 0.18187 0.25191
0.28094 0.44649 0.04512
0.33770 0.12615 0.57251
0.39680 0.61555 0.33592
0.94857 0.48759 0.55005
0.27328 0.43491 0.08140
0.49211 0.84835 0.77694
0.27208 0.18088 0.30752
0.24274 0.54461 0.61255
0.80484 0.60806 0.57751
0.05394 0.80423 0.12450
0.22743 0.29861 0.61476
0.71560 0.17395 0.51910
0.70610 0.17843 0.57668
0.02556 0.03571 0.02213
0.07410 0.99482 0.12788
0.01600 -0.00677 0.03363
0.02422 0.04249 0.04387
0.84481 0.31123 0.25122
0.09656 0.97326 0.14376
0.77670 0.52671 0.63323
0.28478 0.27300 0.59431
0.15037 0.23409 0.71150
0.71555 0.55540 0.61233
0.32386 0.79573 0.19030
0.27895 0.16896 0.60364
0.06563 0.81490 0.11489
0.33434 0.51904 0.98554
0.11303 0.46186 0.17098
0.62135 0.56946 0.53386
0.70129 0.45741 0.16096
0.10632 0.62565 0.90704
0.85179 0.30684 0.24391
0.51063 0.88704 0.76363
0.73776 0.39737 0.17493
0.28861 0.17695 0.59271
0.85067 0.29814 0.23180
0.81607 0.22634 0.30862
0.11437 0.95273 0.15536
0.31406 0.36031 0.59942
0.35883 0.50344 0.07887
0.94500 0.03312 0.05416
0.76425 0.47879 0.62090
0.76465 0.18573 0.55358
0.01897 0.91636 0.61213
0.11662 0.96446 0.11530
0.31117 0.17706 0.64331
0.32636 0.83875 0.24062
0.20117 0.11936 0.97637
0.31903 0.15672 0.59144
0.65955 0.09696 0.88748
0.80831 0.65186 0.20667
0.08717 0.80512 0.11934
0.66298 0.50371 0.47838
0.47819 0.17208 0.66565
0.29956 0.44132 0.08671
0.35951 0.50137 0.05867
0.30776 0.36762 0.64691
0.38271 0.49878 0.06913
0.56286 0.02311 0.37428
0.11594 0.57990 0.92286
0.45566 0.34444 0.29311
0.26758 0.48350 0.07643
0.34556 0.52356 0.98365
0.39733 0.55264 1.00578
0.68645 0.50276 0.61150
0.09379 0.97323 0.10255
0.74354 0.46318 0.61439
0.35313 0.81200 0.25438
0.36248 0.53748 0.95509
0.13569 0.93394 0.09600
0.40049 0.49088 0.07506
0.78921 0.28239 0.30680
0.61941 0.54725 0.45908
0.20444 0.29400 0.64269
0.25513 0.54386 0.55633
0.50230 0.85628 0.75525
0.32390 0.36546 0.61789
0.50983 0.87816 0.14778
0.00310 0.88932 0.61345
0.09204 0.46725 0.15568
0.03062 0.92647 0.60403
0.72955 0.85063 0.36837
0.76900 0.55639 0.55647
0.63345 0.58567 0.47058
0.70858 0.93415 0.79902
0.59551 0.63928 0.49777
0.77771 0.24029 0.27089
0.51578 0.01751 0.34313
0.61906 0.62312 0.45252
0.23371 0.33051 0.61157
0.46675 0.21295 -0.00462
0.54588 0.02258 0.35328
0.01205 0.86987 0.61890
0.52100 0.87162 0.18640
0.62053 0.61869 0.47295
0.78117 0.79532 0.38404
0.01819 -0.00809 0.02280
0.81115 0.68330 0.20923
0.34220 0.14633 0.56160
0.91246 0.02732 0.06868
0.80398 0.23943 0.31583
0.71920 0.49278 0.63320
0.62482 0.64880 0.51025
0.30710 0.09320 0.98757
0.12795 0.59115 0.76766
0.70341 0.17370 0.55527
0.14714 0.71886 -0.00099
0.35714 0.15305 0.59601
0.14694 0.59496 0.76781
0.58712 0.64828 0.47278
0.09586 0.69716 -0.00409
0.96049 0.84427 0.40524
0.69357 0.91888 0.83628
0.95758 -0.01288 0.06021
0.74749 0.80001 0.35267
0.89423 0.33890 0.11900
0.26136 0.16711 0.98670
0.40880 0.34032 0.28481
0.58672 0.63679 0.46625
0.51129 0.89403 0.16060
0.56236 -0.00068 0.37015
0.10165 0.59393 0.76181
0.83324 0.70013 0.17353
0.75748 0.46862 0.63534
0.82713 0.63227 0.00801
0.64303 0.10489 0.90159
0.72412 0.18083 0.56105
0.26489 0.18773 0.31428
0.44961 0.34666 0.32127
0.94451 0.80942 0.38247
0.27905 0.20487 0.35040
0.37215 0.45798 0.09492
0.33680 0.82214 0.20751
0.14520 0.72658 0.02631
0.01835 0.57578 0.30488
0.29172 0.57892 0.55916
0.43127 0.61849 0.36533
0.91186 0.35894 0.11970
0.31257 0.36635 0.64046
0.00565 0.92026 0.61042
0.50952 0.85898 0.73179
0.78727 0.63838 -0.01601
0.35483 0.54686 0.98082
0.56368 0.02195 0.35734
0.48686 0.15405 0.62674
0.28403 0.40826 0.09414
0.64714 0.50080 0.48185
0.28888 0.17575 0.62887
0.62773 0.58114 0.46705
0.56123 0.08840 0.47235
0.77539 0.60151 0.54686
0.15629 0.21960 0.69792
0.77208 0.49609 0.61101
0.63423 0.58061 0.49851
0.09778 0.73732 0.02598
0.33995 0.83543 0.26227
-0.01027 0.90447 0.63821
0.29297 0.45850 0.08189
0.94141 -0.01517 0.04365
0.74455 0.58017 0.54355
0.40504 0.48405 0.10078
0.55552 0.24329 0.86456
0.75319 0.82942 0.34918
0.84134 0.28748 0.28307
0.10841 0.76452 -0.00353
0.73532 0.61931 0.53439
0.12856 0.56923 0.78738
0.75442 0.62810 0.52719
0.03373 0.00022 0.04749
0.04894 0.02221 0.09576
0.51183 0.90452 0.72195
0.53392 0.00283 0.33286
0.42988 0.36299 0.28866
0.82032 0.31789 0.24602
0.32818 0.13564 0.56037
0.37641 0.82427 0.19997
0.83365 0.31701 0.25819
0.35775 0.52351 0.99678
0.26186 0.56741 0.56869
0.31388 0.19082 0.58536
0.48779 0.87528 0.70486
0.14453 0.63215 0.90090
0.75214 0.47650 0.63895
0.36928 0.86979 0.17101
0.31389 0.49402 0.08430
0.27373 0.22643 0.29273
0.51443 0.12212 0.47708
0.10601 0.95924 0.13604
0.23301 0.26240 0.59808
0.91843 0.38094 0.12557
0.25304 0.46508 0.06886
0.27279 0.54406 0.53938
0.69081 0.50616 0.63239
0.74049 0.78859 0.32170
0.60816 0.60779 0.52026
0.25070 0.55336 0.59580
0.08548 0.73206 0.01210
0.39601 0.49512 0.98623
0.54817 0.10557 0.48450
0.77626 0.17012 0.51861
0.57472 0.22815 0.84070
0.74233 0.16539 0.55309
0.28937 0.27471 0.61684
0.13649 0.20734 0.71649
0.78546 0.31090 0.30863
0.28159 0.17532 0.27164
0.73773 0.14484 0.52139
0.01788 0.93016 0.61228
0.53146 0.11084 0.49047
0.91189 0.31157 0.15842
0.87658 0.33885 0.17905
0.43833 0.38491 0.25914
0.38605 0.63539 0.32270
0.08834 0.71877 -0.00442
0.26685 0.15408 0.63073
0.56594 0.04448 0.36852
0.78685 0.27979 0.31470
0.49785 0.22316 0.01587
0.27336 0.18495 0.25382
0.59197 0.05707 0.87982
0.55862 0.22955 0.84441
0.12986 0.49097 0.12967
0.94081 0.80130 0.42726
0.29813 0.18078 0.63057
0.49410 0.85839 0.19112
0.63285 0.11503 0.92915
0.82544 0.62335 -0.01420
0.06211 0.53069 0.33252
0.59573 0.24982 0.81404
0.53526 -0.00484 0.35676
0.13180 0.22294 0.70079
0.77276 0.18614 0.54832
0.65033 0.57413 0.46060
0.13792 0.20545 0.74630
0.23588 0.31351 0.60175
0.24922 0.18633 0.68025
0.53209 0.88040 0.15487
0.31708 0.12773 0.57615
0.05116 0.56280 0.31805
0.09669 0.46515 0.17340
0.51577 0.20733 0.63634
0.05251 0.04478 0.05537
0.52466 0.14809 0.45415
0.52219 0.18052 0.64917
0.03089 0.92803 0.59416
0.91384 0.80908 0.43604
0.89356 0.35124 0.12748
0.64127 0.10864 0.86917
0.31025 0.36821 0.63975
0.13600 0.25085 0.69889
0.94437 0.81612 0.42145
0.13600 0.20037 0.68214
0.38367 0.49392 0.05830
-0.02417 0.92350 0.61458
0.51526 0.09092 0.44017
0.38756 0.47101 0.03452
0.35819 0.81422 0.22266
0.54833 0.03513 0.35418
0.62480 0.11150 0.89798
0.01866 0.88954 0.59345
0.85974 0.65167 0.22194
0.74815 0.45141 0.13483
0.29885 0.18539 0.61350
0.26622 0.57171 0.60607
0.66900 0.89221 0.79693
0.51994 0.86888 0.14153
0.39952 0.32183 0.32857
0.11610 0.99144 0.13172
0.93029 0.83093 0.41836
0.70721 0.55371 0.62199
0.92855 0.49586 0.58180
0.74818 0.41502 0.15513
0.34087 0.53465 0.96862
0.05234 0.91189 0.57727
0.26376 0.16796 0.96943
0.52887 0.85970 0.18135
0.41845 0.31834 0.27754
0.70942 0.94129 0.81755
0.56114 0.01433 0.34099
0.49905 0.17329 0.64924
0.63399 0.10774 0.91416
0.77267 0.55895 0.54048
0.28281 0.45861 0.06739
0.80324 0.66101 -0.00782
0.35935 0.52887 0.98736
0.48964 0.23523 0.01528
0.52690 0.17460 0.66112
0.31034 0.17995 0.58984
0.01192 0.89166 0.61356
0.92879 0.51523 0.58012
0.84008 0.28517 0.25525
0.92892 0.46718 0.58544
0.32929 0.17655 0.59087
0.93345 0.00513 0.04315
0.14862 0.57533 0.79090
0.56470 0.01044 0.34963
0.09291 0.59762 0.91836
0.76348 0.23497 0.32366
0.11988 0.75804 0.03750
0.79658 0.26385 0.31508
0.69190 0.93339 0.81933
0.47252 0.87392 0.17288
0.14910 0.21835 0.68823
0.42772 0.58304 0.40819
0.65107 0.92687 0.79032
0.07611 0.75737 0.02705
0.40195 0.48523 0.05362
0.33208 0.40188 0.61877
0.52550 0.86863 0.16749
0.33539 0.28525 0.62638
0.03857 -0.00304 0.01057
0.28684 0.20696 0.29371
0.22547 0.16412 1.00432
0.78090 0.22209 0.30798
0.55533 0.20901 0.84872
0.56772 0.13238 0.45760
0.26760 0.17135 0.30378
0.11938 0.21484 0.71496
0.26071 0.18775 0.27663
0.18407 0.31259 0.64780
0.38409 0.49516 0.05743
0.77210 0.43790 0.15057
0.70995 0.15974 0.56738
0.01074 0.58081 0.29505
0.43876 0.34768 0.27625
0.14301 0.55272 0.76589
0.24454 0.54688 0.60247
0.58978 0.59337 0.46463
0.50832 0.84606 0.67078
0.29298 0.33939 0.64684
0.13584 0.98973 0.12298
0.67442 0.93740 0.78911
0.28988 0.15670 0.58439
0.82490 0.32887 0.24633
0.22963 0.55963 0.57057
0.17188 0.56382 0.78252
0.04792 0.61520 0.35222
0.39689 0.49150 0.07729
0.05516 0.78462 0.05685
0.79930 0.25700 0.31542
0.83887 0.28716 0.26277
0.37261 0.80124 0.24170
0.28666 0.30054 0.56683
0.35618 0.80080 0.20234
0.82111 0.29424 0.31540
0.83908 0.68027 0.18005
0.33125 0.15023 0.58596
0.29770 0.18393 0.61208
0.55526 0.13457 0.49878
0.49862 0.13487 0.65073
0.95598 0.47530 0.62029
0.29672 0.18202 0.61557
0.90419 0.34525 0.11864
0.01534 0.03960 0.04108
0.15116 0.53807 0.77136
0.03842 0.59769 0.33259
0.36419 0.47779 0.08469
0.24787 0.29985 0.61400
0.64217 0.95010 0.77229
0.65472 0.49236 0.43744
0.27944 0.22004 0.28747
0.07283 0.82943 0.11020
0.44815 0.34126 0.25119
0.01974 0.57170 0.29223
-0.00646 0.94112 0.67193
0.78026 0.16642 0.53377
0.12626 0.59062 0.89778
0.34583 0.81356 0.18886
0.16047 0.24413 0.66555
0.78954 0.26496 0.27752
0.13845 0.97585 0.11187
0.54915 0.25730 0.85336
0.75884 0.61320 0.55335
0.52518 0.85414 0.74625
0.28228 0.16973 0.30745
0.66975 0.59643 0.47155
0.13117 0.48317 0.15820
0.13399 0.53918 0.77661
0.02303 0.06372 0.05341
0.73887 0.53393 0.58534
0.75385 0.60106 0.54039
0.54231 0.03505 0.34824
0.88595 0.46315 0.54801
0.31095 0.45002 0.07254
0.83886 0.59424 0.02362
0.90786 0.36963 0.13143
0.00282 0.93583 0.62587
0.51299 0.11779 0.60524
0.79141 0.22931 0.31250
0.39707 0.60839 0.34826
0.48641 0.85925 0.21023
0.06152 0.60504 0.34273
0.94722 0.83969 0.42049
0.66682 0.63433 0.47471
0.29793 0.38936 0.63027
0.90500 0.51790 0.56283
0.00575 0.91989 0.60178
0.91176 0.35052 0.12782
0.72895 0.60196 0.55495
0.49358 0.16551 0.62983
0.09244 0.49495 0.14623
0.48677 0.15579 0.62801
0.73789 0.13539 0.55050
0.55480 0.14306 0.45481
0.02427 0.05450 0.05621
0.79261 0.66100 -0.00438
0.41048 0.61898 0.40266
0.32286 0.15706 0.58476
0.09147 0.72249 0.00029
0.54358 0.10561 0.45483
0.43137 0.50355 0.06562
0.24963 0.55490 0.60826
0.83174 0.64023 0.21305
0.53373 0.10526 0.46226
0.11538 0.99819 0.10560
0.95192 0.80628 0.42629
0.52686 0.01645 0.33262
0.20649 0.30800 0.59899
0.33794 0.81821 0.20684
0.37392 0.59286 0.37642
0.94104 0.52563 0.58080
0.21993 0.12737 0.98252
0.38286 0.51305 0.96981
0.65912 0.13151 0.89286
0.78659 0.40505 0.14289
0.11205 0.97153 0.16073
0.66870 0.93418 0.78785
0.63648 0.10411 0.88384
0.57327 0.23181 0.87480
0.54857 0.09237 0.45609
0.14582 0.20769 0.72724
0.41436 0.35796 0.25915
0.04987 0.01384 0.04543
0.91291 0.33873 0.15056
0.12017 0.24367 0.70954
0.93637 0.03353 0.07018
0.78938 0.48437 0.62525
0.76018 0.16404 0.54857
0.82432 0.67581 0.21006
0.74527 0.83067 0.34365
0.29169 0.18812 0.63597
0.37392 0.52947 0.99699
0.44860 0.34237 0.29070
0.27540 0.27960 0.58958
0.84546 0.33223 0.24751
0.76394 0.80436 0.30612
0.53863 0.00394 0.37576
0.69490 0.90745 0.76493
0.80781 0.20205 0.31473
0.04567 0.59568 0.31663
0.19355 0.21011 0.69748
0.01611 0.94626 0.62476
0.49206 0.89850 0.72275
0.56030 0.02243 0.36453
0.85814 0.33907 0.15676
0.66348 0.09850 0.93960
0.38606 0.55504 0.99936
0.37373 0.47646 0.11103
0.01241 0.59852 0.25165
0.34631 0.80763 0.22685
0.12731 0.47443 0.18393
0.46287 0.92755 0.18008
0.71971 0.18865 0.55005
0.65455 0.59271 0.48234
0.72823 0.18298 0.53404
0.52637 0.19706 0.64637
0.74110 0.83705 0.36388
0.12100 0.58784 0.92479
-0.01151 0.91576 0.61791
0.47089 0.23627 0.01525
0.62815 0.09969 0.90597
0.57905 0.65468 0.52128
0.17632 0.31113 0.67096
0.55912 0.01975 0.33690
0.27376 0.17947 0.28191
0.08965 0.60490 0.85974
0.67814 0.93722 0.80209
0.46237 0.18422 -0.00529
0.92701 0.33170 0.10430
0.12045 0.69973 0.01811
0.48090 0.23490 0.00981
0.90586 0.35911 0.09388
0.12023 0.58471 0.91405
0.28772 0.19214 0.61884
0.10342 0.76944 0.10266
0.48097 0.85082 0.70139
0.18660 0.29221 0.61618
0.93670 -0.01269 0.07159
0.25611 0.55005 0.58204
0.26939 0.16349 1.00275
0.82083 0.65228 0.19153
0.16557 0.56173 0.79174
0.77049 0.41278 0.15113
0.76273 0.22966 0.29368
0.70464 0.92925 0.81903
0.28989 0.23662 0.26197
0.66755 0.46714 0.49708
0.47654 0.86488 0.71946
-0.00510 0.93140 0.61623
0.79237 0.64056 0.02698
0.80150 0.63521 0.01120
0.02442 0.91659 0.61872
0.14569 0.21059 0.69450
0.30944 0.17521 0.32888
0.95648 -0.00118 0.08030
0.26578 0.55840 0.58287
0.00682 0.89254 0.64746
0.74299 0.43203 0.62915
0.74089 0.79637 0.30540
0.75987 0.82327 0.35364
0.87988 0.35059 0.17804
0.28513 0.34579 0.62332
0.28622 0.28682 0.57532
0.20929 0.16789 0.97165
0.57366 0.11905 0.44904
0.52173 0.16258 0.61169
0.76837 0.48562 0.62173
0.77924 0.24098 0.30174
0.77659 0.61941 0.52973
0.55381 -0.00927 0.36515
0.34618 0.54347 0.96528
0.63601 0.65390 0.47542
0.52996 0.86369 0.17695
0.84497 0.32271 0.24137
0.05873 0.52614 0.32102
0.90081 0.34671 0.10192
0.25679 0.14267 0.95783
0.93882 0.80423 0.42142
0.59185 0.65730 0.47197
0.50813 0.86161 0.74632
0.12761 0.46052 0.13437
0.40774 0.35246 0.26878
0.03780 0.90286 0.60720
0.11926 0.60786 0.89468
0.36137 0.78900 0.23142
0.31158 0.19797 0.57031
0.24557 0.15360 1.00809
0.29757 0.16876 0.62789
0.67170 0.49881 0.47239
0.74710 0.89798 0.80474
0.63390 0.07653 0.90219
0.42415 0.57946 0.36669
0.15108 0.46408 0.15552
0.29206 0.36597 0.59524
0.03201 0.58649 0.31871
0.61845 0.64837 0.46866
0.35816 0.80121 0.23399
0.79871 0.26300 0.31150
0.12486 0.20575 0.69822
0.54873 0.21835 0.81171
0.70936 0.95101 0.80078
0.24840 0.20635 0.29922
0.33885 0.15389 0.60037
0.04566 0.02135 0.08037
0.24597 0.17117 0.28166
0.31551 0.47679 0.10188
0.12933 0.23532 0.67469
0.54557 0.00624 0.39145
0.60069 0.64116 0.43925
0.61092 0.60203 0.49565
0.31288 0.27316 0.61608
0.00507 0.87889 0.61500
0.27944 0.39920 0.62139
0.38522 0.58598 0.36500
0.41353 0.58842 0.39208
0.77617 0.82261 0.32742
0.65137 0.57851 0.51001
0.29111 0.28497 0.53600
0.85232 0.62944 0.20669
0.81611 0.34436 0.25578
0.63669 0.10673 0.90231
0.44794 0.20386 -0.02972
0.89840 0.33956 0.16019
0.38216 0.61155 0.38980
0.13398 0.20938 0.69281
0.74933 0.16416 0.53210
0.43240 0.34668 0.28709
0.77867 0.27461 0.32127
0.14173 0.74768 0.00137
0.96379 0.81860 0.37709
0.37902 0.47097 0.05254
0.57359 0.65412 0.41404
0.61562 0.57340 0.47035
0.49239 0.90495 0.72913
0.71061 0.93943 0.80160
0.77488 0.22704 0.31308
0.24364 0.12274 1.02863
0.25432 0.14221 0.96713
0.14616 0.57029 0.73375
0.16227 0.23297 0.68384
0.11043 0.98080 0.11307
0.32265 0.54518 0.97519
0.52274 0.20389 0.65033
0.71087 0.93616 0.83133
0.37656 0.83235 0.24884
0.87386 0.32508 0.14339
0.13384 0.75401 0.10310
0.43453 0.40075 0.29669
0.21625 0.55272 0.55282
0.19196 0.27773 0.62693
0.52614 0.11510 0.45929
0.94987 0.81217 0.40428
0.69267 0.54178 0.65430
0.89252 0.49512 0.56425
0.96320 0.76848 0.40737
0.35970 0.56263 0.98158
0.94513 0.83030 0.41244
0.26029 0.52748 0.58882
0.79882 0.60689 0.00834
0.11718 1.01640 0.11604
0.63345 0.08839 0.85798
0.63438 0.08355 0.91657
0.66863 0.50371 0.46968
0.50059 0.88708 0.76701
0.49513 0.88253 0.75627
0.71336 0.94335 0.79974
0.49955 0.84786 0.14516
0.52053 0.87204 0.73968
0.75636 0.59183 0.57230
0.29462 0.40761 0.61696
0.72907 0.47328 0.16065
0.05298 -0.01880 0.07555
0.77511 0.25312 0.30188
0.48368 0.21524 0.00909
0.03474 0.57829 0.34896
0.79968 0.24178 0.28355
0.84968 0.32899 0.24044
0.37512 0.52724 1.01768
0.80243 0.25957 0.25911
0.12058 0.74448 0.03731
0.90603 0.34112 0.14576
0.44614 0.34432 0.30903
0.91865 0.48430 0.56062
0.60193 0.58566 0.46387
0.09573 0.58131 0.92855
0.71414 0.50920 0.64948
0.93640 0.50392 0.54966
0.32223 0.80597 0.22738
0.21791 0.26013 0.62123
0.37808 0.64101 0.37499
0.30710 0.42160 0.08058
0.47753 0.19803 0.01101
0.41338 0.21129 0.03625
0.36217 0.58429 0.98144
0.45587 0.24106 0.00695
0.85467 0.32609 0.26400
0.72661 0.53370 0.59439
0.77193 0.59388 0.59602
0.49663 0.85876 0.72991
0.53149 0.17356 0.64998
0.24914 0.19860 0.31289
0.13477 0.57793 0.89167
0.59495 0.62543 0.48040
0.64479 0.10509 0.93051
0.39284 0.62280 0.41183
0.70066 0.50393 0.62910
0.09423 0.46271 0.14022
0.61569 0.55290 0.48569
0.27221 0.26345 0.63682
0.24399 0.50715 0.56382
0.41566 0.32431 0.30364
0.11598 0.81680 0.09944
0.77080 0.42125 0.13577
0.76286 0.85882 0.35274
0.09503 0.47872 0.12129
0.88877 0.33087 0.15364
0.95886 0.84377 0.44955
0.69914 0.91658 0.80647
0.02193 0.90344 0.60644
0.79638 0.23910 0.30806
0.14104 0.47523 0.20198
0.06246 0.95356 0.11804
0.25202 0.55011 0.58642
0.28045 0.14594 0.96652
0.81872 0.66978 0.19633
0.75533 0.79534 0.33074
0.26360 0.57865 0.54768
0.26112 0.55850 0.58341
0.40536 0.48685 0.06692
0.52936 -0.00683 0.36596
0.00142 0.89539 0.60661
0.03385 0.57015 0.30419
0.79277 0.59086 0.53636
0.54937 -0.00018 0.33962
0.75195 0.45853 0.63012
0.41529 0.35195 0.28789
0.28358 0.21475 0.27740
0.71275 0.48012 0.62668
0.81381 0.64662 0.01461
0.35045 0.55852 0.96487
0.13823 0.22454 0.72336
0.27794 0.41843 0.03363
0.54365 0.02757 0.34198
0.73566 0.43493 0.13188
0.26880 0.20447 0.29648
0.56735 0.26832 0.83048
0.55984 0.10793 0.44734
0.80077 0.60767 -0.00626
0.12300 0.54324 0.74762
0.33064 0.52447 0.99518
0.52329 0.85651 0.76127
-0.01942 0.91314 0.58449
0.11348 0.69134 0.01507
0.79085 0.26799 0.26645
0.14204 0.47193 0.15863
0.13509 0.26624 0.70264
0.72272 0.47889 0.61926
0.07962 0.96527 0.13132
0.16755 0.21933 0.73193
0.79866 0.61734 -0.01564
0.92016 0.81135 0.38991
0.09308 0.82304 0.11062
0.14790 0.18392 0.69530
0.33947 0.34106 0.64590
0.02983 0.57719 0.31501
0.51104 0.85957 0.75658
0.50616 0.17330 0.61184
0.51986 0.17137 0.64116
0.32224 0.27812 0.60974
0.64070 0.13345 0.88394
0.75617 0.45546 0.16680
0.22408 0.54513 0.58535
0.67956 0.93446 0.78316
0.79802 0.31720 0.29388
0.82666 0.70517 0.21060
0.56209 0.25970 0.84192
0.39742 0.36210 0.29757
0.52532 0.12548 0.48669
0.75613 0.78894 0.32655
0.13910 0.57469 0.78647
0.73502 0.42810 0.15188
0.89226 0.50775 0.54975
0.09839 0.60767 0.90585
0.39400 0.48114 0.07558
0.60265 0.66805 0.47986
0.83794 0.29638 0.28591
0.66371 0.52174 0.45499
0.10308 0.95685 0.15464
0.73666 0.45329 0.62224
0.14812 0.55808 0.78157
0.67299 0.08826 0.88759
0.51555 0.86412 0.18598
0.95695 0.80291 0.41375
0.13522 0.58397 0.74463
0.93829 0.82220 0.40913
0.10804 0.95745 0.10630
0.30182 0.24828 0.60532
0.14048 0.57932 0.78966
0.48949 0.86861 0.19568
0.54397 0.87825 0.15262
0.10419 0.60690 0.93567
0.54187 0.28669 0.86594
0.73298 0.14895 0.56290
0.26388 0.46085 0.05411
0.82006 0.70085 0.19323
0.23683 0.28130 0.61932
0.93723 0.02297 0.02710
0.45600 0.85290 0.74904
0.50584 0.86146 0.17750
0.75629 0.59401 0.55350
0.07338 0.71482 0.02476
0.81451 0.22125 0.31645
-0.00463 0.59130 0.32177
0.58643 0.65558 0.52037
0.11823 0.49370 0.13625
0.74799 0.50308 0.60925
0.37430 0.53404 0.95731
0.40398 0.58075 0.38040
0.78449 0.63340 -0.00821
0.28995 0.27860 0.59206
0.12511 0.48233 0.10029
0.38160 0.53947 0.94477
0.10561 0.97896 0.11935
0.29573 0.33267 0.67265
0.11229 0.72540 0.01648
0.29176 0.45648 0.08181
0.13282 0.49592 0.18066
0.29739 0.16930 0.62620
0.10375 0.48012 0.18224
0.30209 0.16700 1.00187
0.07839 0.78772 0.14407
0.07899 0.77275 0.11841
0.14370 0.98639 0.12638
0.75163 0.42811 0.16933
0.95341 0.80897 0.40054
0.50745 0.87032 0.16799
0.73267 0.17154 0.53112
0.52265 0.89577 0.73185
0.24243 0.54329 0.58741
0.58153 0.00306 0.38442
0.35526 0.54565 0.99605
0.72674 0.16218 0.55562
0.70112 0.56168 0.62897
0.28125 0.40176 0.62848
0.20608 0.27641 0.62132
0.07011 0.01424 0.04583
0.48947 0.17523 0.64897
0.57669 0.25017 0.87611
0.33245 0.12098 0.59024
0.69677 0.49231 0.46175
0.93997 -0.02498 0.07011
0.76759 0.61877 0.57535
0.62841 0.58232 0.46291
0.05943 0.92959 0.61238
0.46138 0.34498 0.26852
0.50410 0.86013 0.19576
0.36130 0.80619 0.23363
0.76280 0.18055 0.53113
0.92837 0.50554 0.53746
0.74852 0.80982 0.33722
0.70751 0.48892 0.47391
0.78065 0.61859 0.54369
0.78352 0.24232 0.27587
0.68100 0.51320 0.47383
0.16922 0.20687 0.70326
0.92100 0.81980 0.41978
0.39364 0.64046 0.40809
0.62477 0.58542 0.50335
0.93257 0.35540 0.11781
0.53540 0.10474 0.46514
0.59259 -0.00016 0.37797
0.10692 0.62052 0.94516
0.69657 0.52479 0.59963
0.94127 0.80492 0.41295
0.58632 0.02129 0.35890
0.01184 0.02145 0.04021
0.27013 0.16302 0.98760
0.41571 0.62810 0.39331
0.75913 0.81065 0.35663
0.03141 0.59308 0.28371
0.58816 0.26297 0.83596
0.50776 0.18948 0.64746
0.90705 -0.02609 0.05803
0.77164 0.63552 0.54919
0.03171 0.56408 0.35121
0.03403 0.57110 0.31371
0.29401 0.18613 0.60607
0.77986 0.62346 0.00115
0.20326 0.30876 0.63823
0.76277 0.80928 0.32473
0.49727 0.87327 0.75399
0.17018 0.98583 0.10363
0.41203 0.61527 0.38789
0.64171 0.66500 0.47356
0.01902 0.00496 0.04901
0.62622 0.64926 0.47621
0.60641 0.68914 0.45937
0.13745 0.61542 0.76676
0.34334 0.15248 0.56587
-0.00217 0.88535 0.61298
0.56392 0.02355 0.36349
0.11679 0.73913 0.02130
0.31126 0.20597 0.68948
0.54213 0.07641 0.46125
0.69125 0.53112 0.61011
0.60249 0.54845 0.48745
0.21635 0.28988 0.57569
0.28393 0.20680 0.28452
0.58690 0.07778 0.42546
0.25559 0.53874 0.56791
0.22184 0.30900 0.63336
0.92886 0.01033 0.01853
0.30053 0.36111 0.64443
0.92914 0.81291 0.43676
0.90539 0.36006 0.10883
0.23696 0.58577 0.56572
0.81733 0.66653 0.03949
0.28070 0.14238 0.98584
0.39061 0.48310 0.07649
0.74483 0.48946 0.63569
0.89258 0.35851 0.11867
0.12919 0.48502 0.17568
0.57069 0.25618 0.86493
0.76827 0.27333 0.31036
0.93476 -0.01078 0.06831
0.80940 0.66910 0.21084
0.61104 0.08465 0.88914
0.78172 0.44540 0.63501
0.34545 0.83615 0.21620
0.10368 0.70826 0.03111
0.49422 0.17010 0.65818
0.20774 0.30397 0.63318
0.77187 0.61678 0.05185
0.61322 0.63321 0.48018
0.48735 0.20558 -0.00188
0.58027 0.25719 0.84050
0.92859 0.44037 0.59589
0.00768 0.02801 0.01027
0.71766 0.53643 0.63368
0.29521 0.13185 0.55564
0.35307 0.49540 0.04029
0.65422 0.49040 0.46020
0.28867 0.19031 0.27826
0.09421 0.62775 0.93478
0.63317 0.10779 0.87459
0.51295 0.87120 0.18609
0.31530 0.30109 0.57856
0.49385 0.87738 0.69483
0.03710 0.00217 0.07656
0.36857 0.53071 1.01053
0.04892 0.56202 0.28908
0.07216 0.59473 0.33860
0.61241 0.57954 0.47676
0.16043 0.20778 0.71222
0.10448 0.46044 0.14939
0.22315 0.30693 0.60627
0.78359 0.60871 0.02750
0.29583 0.39334 0.62486
0.23155 0.29896 0.62136
0.30305 0.21571 0.33458
0.35948 0.86689 0.22412
0.52093 0.08853 0.48990
0.25823 0.51298 0.57568
0.08995 0.80317 0.12696
0.11199 0.95924 0.11750
0.52199 0.17610 0.67275
0.10783 0.74916 -0.01935
0.52386 0.13974 0.46943
0.64296 0.14442 0.85075
0.92060 0.51024 0.56789
0.12960 0.56843 0.91135
0.13028 0.48139 0.16682
0.74734 0.43616 0.62500
0.90093 0.50007 0.55762
0.95067 -0.01435 0.07012
0.14226 0.18930 0.69854
0.45519 0.31411 0.27291
0.53333 0.87910 0.19681
0.91946 0.46157 0.60976
0.04060 0.03510 0.06001
0.76178 0.80462 0.33230
0.13447 0.19837 0.69637
0.01366 0.57685 0.31481
0.95798 0.00942 0.07582
0.23764 0.29511 0.59100
0.47069 0.22924 0.04599
0.49793 0.84199 0.71772
0.31354 0.35189 0.62899
0.71938 0.53658 0.65685
0.57812 0.23635 0.82474
0.00406 0.90608 0.60921
0.51953 0.83989 0.18907
0.12419 0.18110 0.71552
0.63029 0.13090 0.89403
0.88837 0.32427 0.10297
0.01307 0.88600 0.63680
0.94859 0.34656 0.14433
0.82279 0.64897 0.20652
0.50606 0.13713 0.46361
0.48140 0.85355 0.74631
0.64085 0.58493 0.47289
0.92742 0.50412 0.57135
0.37541 0.62059 0.39817
0.25479 0.18470 0.30450
0.11496 0.74303 0.02105
0.84812 0.25715 0.26460
0.60299 0.55839 0.46422
0.41154 0.49157 0.08486
0.27022 0.56052 0.58809
-0.00063 0.00527 0.05579
0.79213 0.59976 0.02089
0.32935 0.19119 0.58884
0.42964 0.34611 0.27471
0.75328 0.43489 0.15106
0.10307 0.60160 0.89279
0.61669 0.55999 0.48985
0.10722 0.75638 0.03423
0.65504 0.47684 0.48146
0.77719 0.61925 0.55095
0.46676 0.20985 0.01793
0.30150 0.15091 0.62574
0.92194 0.38011 0.10537
0.46184 0.17224 0.61821
0.13038 0.57065 0.78407
0.77782 0.45015 0.60935
0.66517 0.50400 0.49400
0.00196 0.88377 0.61961
0.83048 0.63452 0.20778
0.10476 0.47821 0.15562
0.24632 0.17439 0.29240
0.35103 0.79953 0.22996
0.30532 0.15616 0.59651
0.85026 0.32342 0.28556
0.39821 0.62083 0.38737
0.28406 0.16600 0.59947
0.10021 0.60329 0.90870
0.84287 0.66977 0.23850
0.79866 0.24094 0.27052
0.64671 0.10724 0.88616
0.93661 0.00176 0.02934
0.30150 0.37648 0.62116
0.01950 0.91583 0.62646
0.36321 0.82715 0.19523
0.94019 0.81825 0.41772
0.64096 0.55436 0.46809
0.51159 0.10404 0.47616
0.50360 0.17612 0.62930
0.72610 0.43652 0.17372
0.83466 0.67388 0.20147
0.63607 0.13159 0.91785
0.86272 0.67730 0.20189
0.81031 0.29558 0.26463
0.98184 0.85187 0.38694
0.60125 0.67350 0.42961
0.41441 0.65803 0.38050
0.40070 0.60604 0.36092
0.14014 0.21839 0.72512
0.12027 0.55127 0.78089
0.40485 0.49054 0.04996
0.54187 0.86256 0.19081
0.84559 0.71280 0.23558
0.51052 0.85536 0.16306
0.76757 0.45709 0.66869
0.09950 0.55894 0.83759
0.15905 0.21651 0.70428
0.50958 0.14958 0.65429
0.26458 0.19867 0.31517
0.28563 0.20364 0.28694
0.33715 0.30506 0.60938
0.58646 0.59071 0.49306
0.50666 0.01895 0.37338
0.12277 0.25667 0.68866
0.62199 0.59554 0.47919
0.07834 0.48687 0.16913
0.26111 0.53764 0.57796
0.76147 0.67090 0.00734
0.91239 0.49059 0.57819
0.11373 0.99268 0.11047
0.64810 0.58063 0.48293
0.42337 0.35256 0.26563
0.25777 0.53798 0.55341
0.04782 0.03964 0.06514
0.66765 0.50577 0.50133
0.06621 0.03248 0.07303
0.22771 0.28294 0.60773
0.08862 0.62255 0.91915
0.69977 0.53371 0.62296
0.51698 0.88784 0.75118
0.94472 0.02465 0.03818
0.13848 0.18949 0.70707
0.92764 0.51916 0.53094
0.38187 0.46622 0.04069
0.75728 0.46421 0.17438
0.81650 0.66544 0.21671
0.97515 0.79914 0.38674
0.27903 0.46128 0.10649
0.28107 0.13744 1.01820
0.80523 0.60617 0.53632
0.70586 0.18444 0.56216
0.29558 0.27209 0.59926
0.13835 0.56543 0.77180
0.01515 0.89685 0.60166
0.51548 0.17911 0.61736
0.59847 -0.01231 0.34984
0.14280 0.55300 0.79342
0.01801 0.02485 0.03431
0.11426 0.99118 0.14029
0.28165 0.40313 0.63483
0.77099 0.41478 0.13211
0.11678 0.94679 0.14001
0.56471 0.24848 0.83890
0.68705 0.53487 0.58242
0.87512 0.69576 0.22411
0.17160 0.55017 0.80373
0.26431 0.21977 0.63474
0.54198 0.26275 0.83232
0.67802 0.90252 0.80574
0.53100 0.82943 0.17653
0.73631 0.24632 0.33062
0.33582 0.80545 0.22409
0.10355 0.61391 0.89435
0.77774 0.59987 0.54211
0.39706 0.30792 0.30481
0.31778 0.43246 0.08534
0.79512 0.60380 0.53281
0.65442 0.52080 0.49786
0.94182 0.81995 0.40722
0.39357 0.45675 0.05849
0.86023 0.68176 0.22056
0.06892 0.55531 0.28436
0.04102 0.59039 0.32156
0.04842 0.90946 0.62337
0.54821 0.25842 0.79994
0.27416 0.48235 0.04852
0.72938 0.81300 0.35856
0.29966 0.21017 0.29396
0.14538 0.58786 0.80070
0.94430 0.49451 0.57432
0.63221 0.08301 0.90790
0.40052 0.51787 1.00007
0.02872 0.92425 0.58658
0.36940 0.59857 0.37004
0.28841 0.15340 0.60055
0.29460 0.23175 0.61510
0.56221 0.25389 0.85342
0.32699 0.14069 0.61824
0.09043 0.50173 0.17588
0.32426 0.33270 0.61650
0.24150 0.52933 0.57829
0.23356 0.56998 0.56016
0.04514 0.01730 0.02784
0.62584 0.08038 0.91691
0.92563 0.32726 0.12689
0.05128 0.01090 0.10037
0.81679 0.23652 0.31691
0.31607 0.79475 0.20197
0.80466 0.68430 0.18729
0.13779 0.56219 0.77629
