0.50153 0.81565
0.01231 0.11137
1.11399 0.69828
1.05098 0.94537
0.75363 1.04482
0.32741 0.61055
-0.02224 0.58176
0.98719 0.89536
0.29706 0.43093
0.79579 0.62901
0.37668 0.53852
0.57410 0.12053
0.72743 0.09886
0.93324 0.48427
0.30971 0.63513
0.11214 0.35793
-0.00058 0.59506
0.84235 0.84251
0.87381 0.84947
0.45935 0.48182
0.49414 0.81303
0.96932 0.48181
0.29700 0.09188
0.12305 0.58670
0.13439 0.54883
0.56910 0.00320
1.06419 0.61966
0.37199 -0.00010
0.48230 0.61300
0.60378 0.67894
0.33099 0.57009
0.28797 0.73472
1.03271 0.62119
0.58332 0.63039
0.50179 0.34276
0.19253 0.62214
0.14416 0.77191
0.79950 0.66570
0.02539 0.06015
0.03960 0.29845
0.07429 0.22376
0.41781 0.07907
0.20939 0.85961
0.71666 -0.02537
-0.01270 0.58735
0.44783 0.48596
0.94515 0.88214
0.69499 0.56078
-0.04841 0.35398
0.25156 0.20162
0.03575 0.22950
0.72823 1.08265
0.36745 -0.03348
0.71993 0.85987
0.66590 0.80977
0.33999 0.61437
0.15329 0.46031
1.06821 0.77336
0.99844 1.03299
0.26759 0.25427
0.01523 0.51114
0.46256 0.14926
0.84665 0.78607
0.80603 0.72257
0.21979 0.24389
1.05939 0.78994
0.65224 0.01791
0.07249 0.70555
1.12046 0.68548
0.54334 0.34709
0.85593 0.64818
-0.10693 0.47499
0.28285 0.33915
0.57261 0.23969
0.48476 0.37421
0.98734 0.74486
0.14203 0.22272
0.44639 0.51482
0.41989 0.15426
0.48815 0.61861
0.62220 0.76373
0.33432 0.75645
0.91566 0.47659
0.22524 0.51430
0.00783 0.45862
0.22868 0.81302
0.52617 0.18149
0.19929 0.47297
0.25775 0.33616
0.90386 0.75714
0.04556 0.35528
0.42432 0.11637
0.21538 0.45826
0.75010 0.62086
0.45557 0.74845
0.51185 0.43521
0.16253 0.40379
0.75325 0.64896
0.06067 0.54910
0.61244 0.42056
0.76173 0.42545
-0.02912 0.42846
0.82152 0.61142
0.53877 0.23755
-0.09053 0.04390
0.19444 0.39068
0.87946 0.57643
0.09432 0.55193
0.68522 0.03796
0.12063 0.07815
0.02371 -0.07048
0.40893 0.75529
0.20837 0.71584
0.06463 0.12661
1.17398 0.86781
0.81284 0.84869
1.02788 0.51874
0.60054 0.40719
0.94355 0.88739
0.65010 0.47621
1.00543 0.47825
0.89122 1.05964
0.45706 0.68727
-0.00377 0.59692
0.64588 0.64181
1.11646 0.77807
0.53095 0.25435
0.30915 0.70484
0.92358 0.78219
0.51998 0.09986
0.13524 0.25314
0.77353 0.43604
0.58348 0.67501
0.15938 0.28996
0.24121 0.37633
-0.13726 0.38515
0.28884 0.71067
0.14329 0.55119
1.09121 0.89019
0.37570 0.17413
0.10444 0.13590
0.78513 0.35326
0.51047 0.27684
0.59713 0.34788
0.15193 0.56893
0.21698 0.56485
0.85979 0.64007
0.59055 0.74800
0.99237 0.90053
-0.07479 0.45836
0.63343 0.10891
1.04474 0.70921
0.80862 0.81771
0.77404 0.58356
0.40655 0.41267
0.34686 0.07379
0.80797 0.62085
0.94722 0.93845
0.50066 0.63485
0.32136 0.73718
0.50711 0.70646
0.34908 0.65058
0.80071 0.61046
0.19585 0.26116
0.58508 0.31301
0.05412 0.55312
0.33526 0.64449
0.74521 0.82542
0.65984 0.68709
0.03583 0.28461
0.60468 0.72109
0.39274 0.53152
0.33643 0.77315
0.85072 0.78671
0.68190 0.59404
0.38609 0.66198
0.51767 0.69892
0.87477 0.62712
0.06281 0.43147
0.23412 0.14478
0.89055 0.92130
0.16105 0.48010
0.36547 0.12429
0.93412 0.90520
0.65320 0.40718
0.09382 0.13216
0.68132 0.50469
0.02608 0.78717
-0.07170 0.27998
0.09430 0.17309
0.92990 0.88845
-0.01219 0.89296
0.94656 0.82317
0.06494 0.16657
0.67211 0.30706
0.80032 0.19623
0.06970 -0.06973
0.09070 0.58367
0.31040 0.41394
0.35960 0.37528
0.26526 0.43722
0.13184 0.09416
0.83171 0.80682
0.98996 0.82118
0.00371 0.46854
0.78693 0.51556
0.56890 0.75180
0.19697 0.05694
0.54910 0.72843
0.79046 0.85120
0.56441 0.35535
-0.15882 0.62964
-0.00987 0.88671
0.52309 0.01767
0.59458 0.47755
0.37780 0.48815
0.34718 0.55979
0.27451 0.41258
0.94748 0.87310
0.97176 0.82407
0.45091 0.37708
-0.00026 0.20021
0.49618 -0.07030
0.00175 0.48902
0.60005 0.19142
0.47796 0.60671
0.15780 0.26866
0.40709 0.42387
0.60789 0.42041
-0.00386 0.28666
0.26349 0.30907
0.63185 0.15209
0.54681 0.74082
0.28916 0.17754
-0.00833 0.14873
0.44705 0.24808
0.95969 0.94144
0.31909 0.35331
0.92581 0.77042
1.00116 0.67664
0.47145 0.80484
0.68148 0.86198
0.46205 0.01931
0.07537 0.17023
0.10114 0.26114
-0.01574 0.20814
0.91696 0.97606
0.76481 0.07378
0.95409 0.84961
0.72200 0.62977
0.63013 0.22561
1.04892 0.86672
-0.00156 0.11810
0.19136 0.05081
0.12288 0.10154
0.90887 0.89365
0.85326 0.97101
0.91072 0.83423
0.09182 0.85758
0.25648 0.02682
0.64263 0.54462
0.46269 0.34954
0.25618 0.75828
-0.00442 0.38629
0.68355 0.55097
0.82835 0.55854
0.80982 0.81055
0.72195 0.55791
0.27470 0.66349
-0.04671 0.37405
-0.02135 0.36514
-0.05362 0.45645
0.37455 0.88592
0.58681 0.80901
0.13247 0.58116
0.42141 0.67555
0.08029 0.09953
0.91021 0.69041
0.18809 0.16163
-0.04963 0.25477
0.58404 0.44225
0.97528 0.80780
0.39456 0.05712
0.76194 0.57382
0.06404 0.46196
0.97749 0.72430
0.87201 0.90029
0.96461 0.57675
0.78251 0.77110
0.60250 0.14912
0.07514 0.34574
0.60321 0.59130
0.50780 0.81645
0.41866 0.61018
0.55104 0.57144
0.76922 0.32096
0.18693 0.52142
0.81205 0.59014
0.53199 0.69458
0.58933 0.68685
0.11679 0.02395
0.36200 0.76565
1.17481 0.68323
0.09376 0.39544
0.75648 0.82177
0.74051 0.49523
0.07074 0.59234
-0.00237 0.33968
0.61550 0.47029
0.24256 0.39759
0.05811 0.51225
0.68869 0.46876
0.96042 0.83442
-0.07597 0.09218
1.17448 0.93611
1.00409 0.52808
-0.03961 0.31598
-0.00570 0.23746
0.88777 0.56563
0.89598 0.85624
0.33635 0.88713
0.93434 0.54629
0.17734 0.47863
0.24413 0.25310
0.24990 0.28434
0.37906 0.09521
0.49212 0.21101
1.00997 0.82188
0.23567 0.48773
0.75203 0.83498
0.12428 0.49221
0.73676 0.66974
0.13419 -0.12823
0.53898 0.33443
1.11061 0.81089
0.76065 0.79401
0.30158 0.63135
0.92179 0.85355
-0.15039 0.44170
0.32277 0.68876
0.79915 0.84725
0.71612 0.69225
0.08713 0.19632
0.22518 0.35148
0.76341 0.68475
0.52179 0.28519
0.69999 0.43885
-0.00461 0.00116
0.07093 0.31419
-0.02450 0.25871
0.85578 0.45931
0.23270 0.39956
0.23457 0.44735
0.70584 -0.02000
0.27363 0.34962
1.00262 0.54771
0.33920 0.56425
0.42375 0.36100
0.57970 0.31086
0.24769 0.68279
0.86983 0.76751
0.97391 0.87063
0.32057 0.80797
0.11008 0.59117
0.39169 0.57466
0.40623 0.34650
0.79348 0.68954
0.38030 0.05424
1.06726 0.80114
0.76114 0.63041
0.47521 0.63750
0.00983 0.12524
0.29949 0.76291
0.80671 0.65093
0.07512 0.34033
0.05781 0.51393
1.12360 0.81238
0.04478 0.16508
0.43623 0.62057
0.50399 0.28874
1.09007 0.73663
0.00799 0.49533
0.42419 0.54872
0.20586 0.32067
0.94257 0.74491
0.11099 0.14645
0.98519 0.78899
0.55369 0.75916
0.30121 0.74146
0.98341 0.78801
0.87739 0.92791
0.36754 0.36526
0.87425 0.63465
0.23172 0.67536
0.06258 0.90443
0.86350 0.45796
0.27583 -0.04562
0.92930 0.98046
0.48748 0.46980
0.76439 0.07662
0.03482 0.43210
0.64564 0.39921
0.02675 0.63609
0.09939 0.48741
0.37599 0.44293
-0.06269 0.55792
0.88863 0.77674
0.87434 0.52283
0.23802 0.31653
0.16928 0.31979
0.53923 0.26997
0.06782 0.50806
0.01585 0.59392
0.08977 0.20315
0.56019 0.38002
0.36095 0.79675
0.01934 0.43757
0.12952 0.46622
0.28898 -0.17864
1.03166 0.80020
0.40249 0.72429
0.18700 0.33409
0.73158 0.41302
0.46187 0.48754
0.47921 0.11065
0.39239 0.68459
0.13204 0.23338
0.24683 0.35946
0.97534 0.72683
0.45030 0.59979
0.50474 0.30728
0.06270 0.59474
0.19518 0.45385
0.08039 0.53165
0.61593 0.11127
1.18325 0.82711
0.73313 0.00573
0.68357 0.36795
0.15484 0.46129
0.15439 0.33624
0.86955 0.46007
-0.04776 0.18204
1.04720 0.92867
0.07839 0.12139
-0.06044 0.72313
0.29106 -0.01706
0.08339 0.54507
0.30514 0.67733
0.68610 0.51748
0.79858 0.72582
1.08257 0.93484
0.09650 0.28346
0.53453 0.68991
0.54628 0.26488
0.01851 0.52848
0.25839 0.62056
1.12254 0.96564
1.16619 0.61666
0.87638 0.43750
0.01995 0.14744
0.04885 0.22738
0.18084 0.10348
0.04593 0.74855
0.98000 0.81835
0.86790 0.73976
0.17410 0.24766
0.58075 -0.04864
0.52276 0.68957
0.64414 0.23089
0.34653 0.38404
0.44818 0.64405
0.19561 0.56126
0.37023 0.48119
0.98689 1.07379
0.94067 1.03055
0.89480 0.89089
0.96396 0.48054
0.20387 0.60367
0.62343 0.70262
0.80028 0.76777
0.54937 0.04957
0.06380 0.22024
0.85961 0.61770
0.97340 0.55383
0.23090 0.41428
0.59041 0.15108
-0.15978 0.39204
1.05012 0.72813
0.20610 0.34251
0.44698 0.75169
0.84129 0.70974
0.27913 0.61851
-0.11682 0.32233
0.87922 0.92172
0.81266 0.77986
0.31814 0.36269
0.53757 0.31329
0.54777 0.52198
0.50317 0.59443
0.61882 0.25104
0.98136 0.64877
0.90832 0.72117
0.07969 0.62216
0.99625 0.47745
0.23018 0.70447
0.19400 0.33198
0.76933 0.54994
1.09163 0.70689
1.02788 0.79432
0.21207 0.27377
1.00984 0.88338
0.39326 0.43286
0.52857 0.54952
1.03192 0.91245
0.92994 0.79718
-0.02019 0.24059
0.05701 -0.12731
0.82550 0.79030
0.83806 0.81627
0.66468 0.47068
0.91598 0.76039
0.07588 0.48733
0.51756 -0.18391
0.69672 0.85410
0.51590 0.51430
0.20081 0.23252
0.19317 0.61100
0.15837 0.12421
0.46205 0.61542
0.04379 0.72991
0.53687 0.60739
0.55054 0.54070
0.22084 0.36147
0.27492 0.46062
0.28110 0.12853
0.05277 0.16026
1.09284 1.02276
0.82500 0.42707
0.06480 0.05529
0.38893 0.64493
0.66678 0.06910
0.80255 0.78049
0.78705 0.91959
0.96128 0.41786
1.07413 0.71380
1.00799 0.83974
0.81692 0.84278
0.26803 0.15749
0.74477 0.06326
0.01774 0.31704
0.66071 0.48603
0.45656 0.75031
0.32670 -0.03788
0.94153 0.85553
0.49404 0.79971
0.95487 0.81508
0.89245 0.73297
0.98448 0.55292
0.86752 0.67122
0.99047 0.61013
0.69322 0.09722
0.81798 0.92247
0.47418 0.09851
0.06465 0.95823
0.29997 0.45759
0.34604 0.65233
0.52907 0.16826
0.56308 0.75705
0.10103 0.26252
0.29073 0.29047
0.68380 0.49638
0.28780 0.29965
0.20426 0.19241
1.03072 0.96370
0.58858 0.77271
-0.06476 0.35759
0.99040 0.79859
0.86023 0.80790
0.36533 0.74566
0.25498 0.32289
0.08789 0.03466
0.80168 0.60870
0.21474 0.05280
0.79243 0.33110
0.27768 0.67046
0.25691 0.75071
0.75541 0.41841
1.04731 0.89473
0.93168 0.61048
1.02166 0.95118
0.99500 0.54266
0.27751 0.79678
-0.03488 0.49159
0.62951 0.65895
0.91132 0.94152
0.57604 0.16811
0.41755 0.68529
0.94808 0.83757
0.08882 0.44601
0.36415 0.39570
0.72578 0.64056
0.48909 0.85771
1.00553 0.94709
1.03367 0.82167
0.43206 0.03609
0.11895 0.73646
0.95956 0.90499
-0.08751 0.33132
0.08017 0.10746
0.66425 0.04559
0.09363 0.18882
0.58249 0.60453
0.89009 0.82534
0.21842 0.70767
0.88962 0.74449
0.05734 0.13634
1.05564 0.79110
0.13539 0.33054
0.20474 0.07832
0.21812 0.49303
0.95616 0.86367
0.67585 0.07756
-0.00514 0.22672
0.31565 0.67491
0.22371 0.73722
0.81840 -0.10285
0.18015 0.27880
0.84365 0.52939
0.84650 0.88574
0.48973 0.41255
0.71247 0.44082
0.28587 0.73935
0.57422 0.45963
0.34355 0.51369
0.32971 0.62553
0.54385 0.03085
1.11823 0.38555
0.40510 0.08012
0.20869 0.15233
0.67567 0.85838
0.67189 0.60567
0.45041 0.23565
0.71714 0.85154
0.33705 0.72104
0.67386 0.00046
0.42169 0.45977
0.41581 0.78487
0.18629 0.56180
0.82981 0.88650
0.66062 0.36384
0.23271 0.27784
0.96854 0.80124
0.12506 0.23706
0.58326 0.24520
0.44860 0.72433
0.14126 0.13809
0.67702 0.84279
0.43528 0.49752
0.73939 0.63780
0.03314 0.09143
0.00197 0.41391
-0.17527 0.49761
0.17124 0.41802
0.55110 0.38493
-0.02972 0.60810
0.32234 0.45847
0.84128 0.59206
0.25013 0.67676
0.12274 0.33837
0.96245 0.80129
0.73992 0.93895
0.59905 0.02071
0.91811 0.36509
0.90059 0.45074
0.34396 0.58933
-0.05765 0.48462
-0.02107 0.55965
0.28781 0.60843
0.37719 0.57948
0.04206 0.31189
0.18060 0.58475
-0.07234 0.81154
0.20500 0.23095
0.72972 0.54811
0.24223 0.53671
0.18793 0.42286
1.06146 0.84890
0.83573 0.71078
0.00272 0.19401
0.45336 0.19654
0.60863 0.80515
1.07646 0.91627
0.39820 0.76819
0.93208 1.17485
0.79026 0.83511
0.87427 0.84116
1.04692 0.85477
0.02268 0.58724
0.10715 0.23827
0.03687 0.85044
0.15711 0.14839
0.73239 0.45262
-0.07762 0.34938
0.45300 0.65298
0.65900 0.79152
0.96607 0.78165
0.40123 0.74747
0.91401 1.00974
-0.07793 0.28951
0.18771 0.56918
0.50568 0.40133
0.63445 0.62460
0.13419 0.09120
0.15667 0.22698
1.02361 0.40096
-0.06107 0.47529
0.05261 0.12532
0.48250 0.69531
0.44646 0.36203
0.29687 0.75235
-0.07484 0.18980
0.80207 0.43909
0.19501 0.17932
0.60178 0.38955
-0.05903 0.22256
0.45359 0.62901
1.02875 0.81054
0.11722 0.11995
0.20604 0.56875
0.13642 0.35808
0.99126 0.83491
0.76867 0.54827
0.83209 0.54041
0.92128 0.66976
0.19667 0.55676
0.46809 0.90781
0.18403 0.31574
1.00945 0.83735
0.77994 0.47365
0.19282 0.74306
0.06501 -0.10620
0.12844 0.49192
0.58680 0.52854
0.15027 0.39229
0.15180 0.54348
0.98525 0.60417
0.20157 0.06582
0.03231 0.13399
1.00005 0.53098
0.93194 0.53507
0.59992 0.35140
0.56617 0.07789
0.43698 -0.03952
0.00070 0.68584
0.58922 0.64641
0.66117 -0.02163
0.63131 0.46321
0.73610 0.21682
0.33283 0.42851
0.12342 0.15063
0.58039 0.61015
0.77845 0.48991
0.04011 0.77556
0.85690 0.82618
0.96231 0.84501
0.30517 0.09056
0.36274 0.35352
-0.01054 0.49449
0.77023 0.58638
0.13237 0.38526
0.44452 0.17797
0.69295 1.02559
0.25892 0.42086
0.52485 0.06211
0.26717 0.24882
0.59816 0.43250
1.12036 0.99976
0.24700 0.08888
0.64953 0.69115
0.50231 0.41858
0.25560 0.61044
0.34833 0.67879
0.07882 0.51944
-0.10740 0.75289
0.12695 0.12291
0.13851 0.61490
0.94076 0.52019
-0.02530 -0.04931
0.62373 0.87064
0.85756 0.69502
0.11436 0.48992
0.71020 0.92098
-0.03221 0.29874
0.43914 0.24249
0.55701 0.28212
0.31023 0.75262
0.09191 0.12455
0.55369 0.37540
0.48146 0.62550
0.10167 0.19948
1.08482 0.85812
0.25624 0.56433
0.47650 0.66782
0.85849 0.72731
0.48281 0.63602
1.06865 0.70104
0.72523 0.57915
0.28207 0.33717
0.67581 0.15119
0.04651 0.45623
0.31641 0.56267
0.73029 -0.05145
0.58110 0.38430
0.05195 0.51976
-0.01302 0.80708
0.49138 0.68012
0.51400 0.66337
0.95958 0.88574
0.85450 0.62876
0.12959 0.31139
0.86540 0.91826
-0.10807 0.50443
0.06083 0.52504
0.00535 0.48439
0.25082 0.45567
0.44427 0.75389
0.09969 0.04576
0.05829 0.48004
0.72208 0.23036
0.05409 0.35371
1.04315 0.58497
0.29812 0.41640
-0.00784 0.59340
0.97693 0.81212
0.50148 0.06939
0.89432 0.51948
0.36349 0.73356
0.25683 0.45833
0.04736 0.21813
0.57599 0.81288
0.67229 0.60232
0.72690 0.50585
0.35373 0.06786
0.14133 0.53822
0.06554 0.22483
0.64696 0.46501
0.08377 0.36064
0.96730 0.93539
0.33892 0.66186
0.53233 0.65008
0.91600 0.86328
0.15764 0.52846
0.31878 0.49503
0.55039 0.36228
0.49557 0.51561
0.80651 0.52984
0.38755 0.53290
0.57311 0.64979
-0.07196 0.22119
0.41343 0.67946
0.28588 0.40449
0.17338 0.59231
0.42550 0.62987
0.42897 0.57707
0.27800 0.86515
0.29608 0.29119
0.76961 0.73684
1.01928 0.72939
0.76412 0.60948
0.97332 1.04833
0.93203 0.44087
0.23519 0.40128
0.96777 0.91309
1.10132 0.74143
0.18434 0.10307
0.61956 0.46628
0.03751 0.50374
0.91296 0.45143
0.32804 0.58948
0.17836 0.59470
0.05057 0.22634
0.56813 0.10256
0.19268 0.45600
0.71830 0.62034
0.53842 0.59563
-0.06074 0.03741
0.78631 0.87648
0.84332 0.79098
0.89982 0.46194
0.24938 0.44637
0.74707 0.51925
0.10759 0.49071
0.10647 0.55088
0.69037 0.39666
0.55137 0.26043
0.64049 -0.02939
0.16201 0.48780
0.35103 0.72356
0.91031 0.61662
0.14249 0.12981
0.99635 0.50171
1.05600 0.81296
0.92579 0.90479
0.21493 0.81776
0.22600 0.09740
0.81762 0.94527
0.78588 0.42022
0.36308 0.40014
0.31581 0.65434
0.80000 0.71299
-0.06661 0.48410
0.31233 0.56870
0.71684 0.95933
0.09950 0.73389
0.03984 0.41516
0.55856 0.67612
0.18685 0.45001
0.84991 0.83675
0.95284 0.76295
0.53522 0.68325
0.57122 0.06789
0.27430 0.24948
0.39671 0.57726
0.25902 0.61931
0.19618 -0.00824
0.52807 0.03810
0.15407 0.12372
0.11760 0.24861
0.34535 0.55202
1.07455 0.77603
0.69855 0.80749
0.24415 0.65367
0.87669 0.93282
0.70796 0.97699
0.14665 0.42528
0.70410 0.76504
0.76668 0.79526
0.24895 0.56236
-0.04979 0.16882
0.52497 0.53657
0.15696 0.49001
1.00119 1.03907
0.43753 0.46884
0.11306 0.48791
0.43792 0.27794
0.14009 0.65273
0.90670 0.77839
0.81451 0.95464
0.31052 0.07771
0.29205 0.55969
0.33624 0.19990
1.10746 0.58949
0.78881 0.82715
0.03223 0.45394
0.05588 0.28120
0.23368 0.37074
0.44206 0.81222
0.18972 0.26600
1.06772 0.82866
0.18471 0.46388
0.75031 0.73122
0.19976 0.57700
0.85278 0.80625
0.41720 0.75305
0.09859 0.48939
0.23883 0.07329
0.93744 0.87204
0.34793 0.75648
0.32391 0.64809
0.24599 0.59233
0.04863 0.90730
0.82700 1.00835
0.45485 0.70183
0.94900 0.80564
-0.06135 -0.04770
0.18100 0.23649
0.12661 0.51873
0.46179 0.80688
0.59596 0.63205
0.96803 0.68051
0.69051 0.64683
0.89163 0.74962
-0.02646 0.51542
0.07336 0.36631
0.00148 -0.04329
0.34011 0.12392
0.96920 0.56857
0.22949 0.14509
0.12888 0.65471
0.11249 0.35378
0.91826 0.60485
0.87011 0.72326
0.60458 0.67274
0.20394 0.19973
0.92729 0.67978
-0.11998 0.11876
1.15936 0.34905
0.74164 0.12227
0.21578 0.15045
0.91623 0.47816
0.60468 0.54062
0.29410 0.72804
0.08618 0.73301
0.51191 0.28762
0.34123 0.41611
1.02337 0.49108
0.52578 0.64648
0.38597 0.59436
0.80804 0.82875
0.09864 0.14560
0.45085 0.46931
0.04070 0.24297
0.58535 0.78312
-0.06956 0.47927
0.04427 0.29389
0.44776 0.92057
0.77133 0.47368
0.62695 0.48692
0.39312 0.78607
0.55520 0.41784
1.16725 0.83533
0.10959 0.30070
1.04077 0.79385
1.04475 0.85488
1.01268 0.60269
0.81204 0.80358
-0.07987 0.90096
0.57128 0.66741
0.56766 0.68757
-0.22577 0.53956
0.52152 0.09630
0.87771 0.91791
0.00382 0.39501
0.31886 0.74427
0.95031 0.89799
0.35077 0.49107
1.03414 0.74614
0.72641 0.88264
0.05164 0.35507
0.09075 0.43490
0.22092 0.43969
0.84275 0.92676
1.03151 0.68399
0.18874 0.68576
0.30069 0.72560
0.47998 0.64179
0.50895 0.80395
0.59646 0.55353
-0.04558 0.05641
-0.14078 0.56438
0.36710 0.03776
0.18771 0.28205
0.56376 0.67973
0.64060 0.27315
0.27413 0.40078
0.39763 0.71892
0.47089 0.65342
0.85386 0.82939
0.68790 0.74141
0.57797 0.26879
0.34838 0.14997
0.43169 0.36091
0.63281 0.80224
1.05416 0.91036
0.62491 0.54843
0.55517 0.15681
0.54477 0.66999
0.29455 0.71024
0.44227 0.33906
0.44768 0.05627
0.46523 0.27057
0.46312 0.82009
0.33146 0.02947
0.11678 0.26526
0.03399 0.08787
0.63400 0.35520
0.71734 0.61662
0.18356 0.67193
1.18311 1.06773
0.84965 0.75947
0.56059 0.73207
0.91174 0.78020
0.30769 0.38718
0.32365 0.61960
0.90957 0.72836
0.73732 0.13669
0.04877 0.54257
0.78010 0.90871
0.43595 0.72037
0.66584 0.63592
0.20229 0.86482
0.03777 0.66230
1.20148 0.67402
0.18227 0.51870
0.99166 0.83681
0.79079 0.88450
0.66775 0.53639
0.57384 0.46303
0.88246 0.70060
0.09963 0.40219
0.14412 0.47249
0.28517 0.53885
0.60796 0.76496
0.42982 0.73781
0.20375 0.14337
0.95113 0.67423
0.86045 0.86405
0.91856 0.88051
0.71574 0.70483
0.14119 0.23437
0.66933 0.68167
0.58023 0.10970
0.14871 0.04877
0.25367 0.63083
0.75706 0.47914
0.41411 0.63974
0.76486 0.88485
0.80458 1.04630
-0.07389 0.44852
-0.00706 0.52451
0.04367 0.05777
0.30478 0.49606
-0.00090 0.35962
0.25449 0.72131
0.45689 0.45702
0.28178 0.62129
1.13379 0.84186
1.02944 0.94844
0.59440 0.84098
0.40702 0.42292
0.14950 0.05316
0.45742 0.05908
0.23414 0.71986
0.49268 0.43428
0.18556 0.53266
0.21526 0.26166
0.72944 -0.05411
0.13552 0.73875
0.83176 0.69116
0.92366 0.52745
0.86512 0.68543
0.72571 0.57000
0.78363 0.72458
0.30993 0.21573
0.69431 0.06579
0.28313 0.29022
0.84826 0.96770
0.66377 0.24226
0.65420 0.95961
0.39864 0.03638
0.22766 0.29893
0.90130 0.87056
0.44933 0.57322
0.74586 1.05708
0.51163 0.79599
-0.12932 0.33596
0.55524 0.48486
0.07748 0.06887
-0.04932 0.57629
1.10996 0.90157
0.42115 0.35337
0.06355 0.21059
-0.07954 0.06396
0.69063 0.87427
1.05918 0.98283
0.15925 0.49637
0.39023 0.05877
0.09284 0.28773
0.12977 0.18258
0.14485 0.56655
0.33219 0.63304
0.92360 0.76372
0.80780 0.57991
0.32479 0.53845
0.90599 0.82460
0.55538 0.15215
0.20627 0.51739
0.11474 0.14742
0.28693 0.59062
0.51519 0.36580
0.52060 0.47179
0.57316 -0.03719
0.95164 0.81062
0.76862 0.90592
0.14361 0.72958
0.72086 0.60600
0.91044 0.98255
0.96235 0.57695
0.35972 0.15562
0.43954 0.62915
0.17022 0.24954
0.54715 0.27217
0.92184 0.89678
0.27154 0.48478
0.00067 0.41684
0.47415 0.54952
0.94372 0.86910
0.47118 0.41799
0.14094 0.09966
0.25963 0.69166
0.03543 0.10037
0.04557 0.88590
0.89265 0.84633
0.57353 0.20641
0.89076 0.89776
0.64361 0.61400
0.63055 0.17913
0.46143 0.67395
0.63954 0.12635
0.87227 0.90653
0.73214 0.40134
0.70972 0.30878
1.20443 1.02483
1.19475 0.90518
0.92026 0.93586
0.24618 0.60368
0.04390 0.22295
0.34330 0.37982
0.65852 -0.08604
0.34403 0.53200
0.17528 0.85258
0.78091 0.43212
0.13415 0.25191
0.14044 0.56860
0.92802 1.10550
0.45347 0.40367
1.04537 0.73241
0.64465 0.57685
0.33706 0.79425
0.82808 0.84163
0.90603 0.64193
0.00737 0.60983
0.17136 0.55242
-0.11653 0.41746
1.03998 0.75306
0.10996 0.40392
0.10959 0.76618
0.41635 0.81584
0.86076 0.25892
0.42291 0.01689
0.39712 0.07554
0.13646 0.13116
1.03256 0.53437
-0.03480 0.16947
0.66532 0.52644
0.45227 0.26856
0.66566 0.48772
0.37695 0.55104
0.09393 0.02998
0.55592 0.47432
0.56914 0.18606
0.50299 0.81190
0.70412 0.27500
0.60292 0.13914
0.73512 0.62698
0.64197 -0.00527
0.59819 0.83634
0.61660 0.54769
0.31058 0.35727
0.31807 0.62515
0.32321 0.33127
0.99752 0.57285
0.06569 0.39408
0.03440 0.01939
0.71878 0.60590
0.04651 0.44559
0.80425 0.87488
0.24168 0.24456
-0.07844 0.54739
0.16397 0.30138
0.62901 0.03142
0.19375 0.46705
0.29451 0.77192
0.23077 0.18997
0.01731 0.31632
0.30275 -0.04448
0.91920 0.69079
0.59890 0.42431
-0.01136 0.02412
0.53273 0.15662
0.61711 0.30835
0.15540 0.03934
0.56784 0.45493
0.95836 0.92268
0.74401 0.59241
0.58091 0.61738
1.10501 0.80593
-0.01409 0.15312
0.77754 0.95413
0.43088 0.74435
0.18189 0.25127
0.16240 0.40105
0.41263 0.56160
0.35271 0.80600
0.70198 0.62522
0.19551 0.07078
0.84687 0.80945
-0.01160 0.22217
0.86245 0.95106
0.29293 0.67038
0.05606 0.76530
0.98154 0.84483
0.12961 0.42429
0.91840 0.92526
0.87683 0.51812
0.59392 0.47499
0.76688 0.36743
0.05651 0.53680
0.57027 0.27427
0.86085 0.47245
0.08212 0.33577
0.73014 0.91271
0.65964 -0.03051
0.09378 0.68544
0.03055 0.45782
1.06169 0.78418
0.07513 0.64797
1.14469 0.81912
0.66720 0.45273
0.44071 0.86070
0.42716 0.30796
0.94775 0.66458
0.73062 0.51439
0.27575 0.32742
0.15864 0.72625
0.77674 0.74206
0.27529 0.76347
0.71783 0.06995
0.53289 0.53375
0.58379 0.75471
0.08415 0.47067
0.72504 0.91464
0.40711 0.36530
0.45442 0.34837
0.60007 0.37574
0.23759 0.53017
0.10835 0.10042
0.53736 0.50112
0.42986 0.66199
0.21243 0.28230
0.03623 0.15723
-0.14027 0.25780
0.89251 0.83627
0.35354 0.52271
0.17276 0.25088
0.84076 0.80018
0.88311 0.93780
0.94255 0.76853
0.54442 0.21165
0.74190 0.66124
0.58160 0.20149
0.33581 0.52854
0.22304 0.22161
0.52428 0.59265
0.59069 0.17019
0.28689 0.58448
0.38647 0.21693
0.06555 0.53971
0.92462 0.74915
0.28842 0.64308
0.65263 0.31225
0.83198 0.81077
0.24447 0.75500
0.71676 0.70672
0.74962 0.25682
0.29535 0.65243
1.05891 0.74084
0.14942 0.88508
0.95988 0.78146
0.18649 0.62350
0.95930 0.65878
0.63236 0.25944
0.76903 0.73133
0.47662 0.35150
0.63283 0.89937
0.50604 0.41624
0.33822 0.20769
0.56689 0.63792
0.55249 0.29967
0.65538 0.13130
0.85586 0.80308
0.82101 0.52652
0.47785 0.13951
0.24930 0.49135
0.11113 0.16820
0.60626 0.52800
0.12665 -0.08733
0.17545 0.72033
0.25764 0.72547
0.47398 0.43387
0.08208 0.43871
0.30242 0.34330
0.03637 0.62481
0.94425 0.73261
1.08220 0.86189
0.05481 0.31880
0.13728 0.53121
0.04299 0.23036
0.58459 0.51374
0.85804 0.51155
0.88502 0.74953
0.03725 0.42681
0.52431 0.80409
0.30421 0.56550
0.42452 0.03427
0.53984 0.34918
0.51096 0.69973
-0.00167 0.30446
0.15292 0.18764
-0.08671 0.91947
1.04016 0.95860
0.46694 0.16996
0.21952 0.40564
0.25517 0.27163
1.12617 0.40591
0.78189 0.60096
0.31412 0.74159
-0.12254 0.37536
1.03825 0.92094
0.14318 0.18964
-0.01544 0.44428
0.50999 0.55428
0.38175 0.67558
0.36942 0.04814
0.09758 0.62714
1.01278 0.81721
0.93611 0.75800
-0.07576 0.26005
0.07131 0.54984
0.86134 0.52780
0.36912 0.10132
0.87717 0.70292
0.05126 0.42625
0.82871 0.73268
0.51023 0.40154
0.04785 0.39552
0.23907 0.62558
0.89721 0.93086
0.65740 0.46866
0.81494 0.71364
0.89823 0.87968
0.11006 0.26639
0.78562 0.68166
-0.00517 0.07803
0.13457 0.46807
0.18832 0.49049
0.08591 0.63671
0.98965 0.86139
0.61832 0.41538
0.31438 0.73111
0.32927 0.67621
0.97235 0.87989
0.53927 0.17105
0.58625 0.05194
0.79522 0.54130
0.74369 0.04347
0.10853 0.50040
-0.02838 0.57577
0.10025 0.06195
0.16282 0.61553
0.27765 0.88637
0.88704 0.88533
0.10893 -0.06183
0.81508 0.78685
0.39932 0.72107
-0.05370 0.47124
0.88767 0.54190
0.34911 0.53028
0.30107 0.54252
0.76471 0.16165
0.22115 0.24578
0.41524 0.72437
0.39805 0.29329
0.46187 0.38210
0.95099 0.90558
-0.06796 0.41021
0.74332 0.77014
0.57423 0.67902
0.04415 0.38786
0.20824 0.05319
0.50578 0.72160
0.66181 0.59620
0.45528 0.14910
0.75696 0.17214
0.43910 0.60406
0.27885 0.10633
0.71491 0.58693
0.83295 1.05000
0.43237 0.59489
0.11716 0.40745
0.31605 0.69881
0.51858 -0.00751
0.13135 0.81638
0.12331 -0.03938
0.08716 0.58996
-0.02789 -0.05138
0.68878 0.39240
0.68036 0.04421
0.09306 0.66891
1.03180 0.67807
0.11935 0.51138
0.82125 0.62523
0.94283 0.66644
0.07867 0.37249
0.57480 0.32328
0.98240 0.92229
0.06826 0.42147
0.25917 0.62111
-0.07404 0.18220
0.46282 0.48042
0.63130 0.49418
0.77302 0.62827
0.82694 0.76578
0.22432 0.55953
0.19954 0.47681
0.57697 0.33172
0.66948 0.35283
1.01443 0.74130
0.64499 0.69322
0.86934 0.76736
0.30201 0.43661
0.85566 0.77279
0.67138 0.72705
0.54991 0.50624
0.80364 0.85383
0.85925 0.69173
0.82768 0.64199
0.97806 0.75777
0.67135 -0.02335
0.19667 0.62397
-0.03901 0.23397
0.72433 0.64858
0.86658 0.57073
0.11335 0.50038
0.47944 -0.02341
0.62486 0.16001
0.83982 0.76084
0.92364 0.95120
0.91261 0.88743
0.79350 0.55929
0.14426 0.42959
0.17050 0.52094
0.45390 0.13371
0.51958 0.16572
0.90784 0.61649
0.80964 0.79008
0.23916 0.60860
0.87094 0.83259
0.93178 0.39273
0.11146 0.19222
0.49432 0.15001
0.02433 0.03476
0.04820 0.37751
0.09546 0.07781
0.62933 0.63159
-0.11783 0.44191
0.56020 0.52393
0.99315 0.85426
0.63328 0.00855
0.89550 0.76560
0.51097 0.10256
0.79614 0.98445
0.02494 0.40805
-0.08411 0.61771
0.29315 0.44378
-0.04084 0.59645
0.25136 0.68792
0.03423 0.43299
0.89514 0.62738
0.15962 0.30628
0.70852 0.87869
-0.02238 0.48454
0.98519 0.81467
0.04977 0.02949
0.30175 0.45650
1.01469 0.54450
0.16222 0.46702
0.85638 0.57918
0.22268 0.64849
0.17295 0.40257
0.71716 0.47531
-0.18719 0.75724
0.68713 0.66162
0.31644 0.33518
0.87065 0.87257
0.02686 0.28042
0.78569 0.78456
0.97432 1.18960
0.45446 0.41619
0.71679 0.62033
0.03329 0.82474
0.34013 0.53676
0.19281 0.14990
0.58903 0.23614
0.26039 0.68293
0.79167 0.71254
0.11951 0.61048
0.75107 0.49592
1.01042 0.80981
0.80683 0.91663
0.88992 0.32094
0.49392 0.01682
0.62490 0.61751
0.81898 0.61409
0.26044 0.07338
0.02637 0.49268
0.11862 0.49675
0.29739 0.59390
0.59530 0.78173
0.40092 0.89016
0.40903 0.66770
0.15208 0.16101
0.97125 0.68540
-0.04589 0.26760
0.14397 0.65275
0.47749 0.42533
0.72275 0.32791
0.72789 0.09004
0.27581 0.43399
0.53065 0.59265
0.52099 0.21088
0.55506 0.51979
0.41466 0.12975
0.59675 0.37541
0.65494 0.41438
0.23664 0.45848
0.53057 0.70173
0.07103 0.35328
1.01958 1.00556
1.10079 0.85027
0.47822 0.33440
0.05850 0.71012
0.33292 0.33088
0.51258 0.60102
-0.02422 0.53828
0.02537 0.50424
0.40811 0.09017
0.39737 0.66382
0.10435 0.43681
1.10129 0.70518
0.38756 0.36581
0.19806 0.40991
0.74102 0.23976
1.04274 0.82240
0.34599 0.09130
0.27571 0.77800
0.44282 0.28999
0.83576 0.35038
0.10016 0.65041
0.16974 0.45095
0.21583 0.46356
0.02396 0.09271
0.71989 0.50190
0.75139 0.16828
0.79125 1.04717
0.57973 0.46803
0.07625 0.04345
0.15014 0.64153
0.40138 0.65353
0.97882 0.84153
0.56403 0.63318
0.56679 0.25289
0.06323 0.29250
0.31486 0.58115
0.08638 0.44624
-0.10531 0.31205
0.10767 0.81640
0.79522 0.71896
0.08034 0.56457
1.06790 1.02578
0.44789 0.67370
0.32862 0.81452
0.73056 0.63806
-0.05204 0.64066
0.23830 0.27247
0.45292 0.72994
0.42646 -0.01862
0.97278 0.81901
0.57216 0.56995
0.76546 0.30077
0.12765 0.78980
0.28546 0.12171
0.12206 0.54800
0.12472 0.16323
1.02633 0.88390
0.75052 0.97534
0.09172 0.43620
1.04108 0.96895
1.09862 0.89642
0.40515 -0.06173
0.74653 0.92760
0.13491 0.58736
0.54422 -0.11507
0.53774 0.46293
0.63850 0.32378
0.13776 0.31594
0.79089 0.75508
0.25939 0.48017
0.17316 0.31736
0.45703 0.35341
0.45416 0.45112
0.64923 0.66885
1.14835 0.71729
0.47253 0.42391
0.44167 0.30166
0.54402 0.66315
0.93512 0.86987
0.20894 0.57330
1.09505 0.72934
1.03423 1.06801
0.74643 0.02197
0.93684 0.75007
0.12456 0.01791
0.03850 0.48708
0.76877 0.43886
0.36200 0.61542
0.72400 0.60401
0.04793 0.44108
0.26415 0.22053
0.11062 0.61174
0.69756 0.42573
0.81695 0.73584
0.55157 0.49266
0.98131 0.73501
0.35801 0.19008
0.45651 0.02208
0.21387 0.81067
-0.01110 0.16326
0.36828 0.66459
-0.19599 0.49661
0.52743 0.52465
0.77359 1.05058
0.30924 0.56287
0.66705 0.33891
0.26734 0.77620
0.05899 0.10450
0.36766 0.10901
0.89359 0.81734
-0.01952 0.17784
0.56038 0.61968
-0.02058 0.55527
0.35317 0.64834
0.18892 0.82961
0.89544 0.88727
0.21017 0.44111
0.34646 0.70206
0.06220 0.40812
0.14112 0.50113
0.29182 0.66520
0.17229 0.30813
0.39252 0.02355
-0.02145 0.40588
0.67952 0.58557
0.32671 0.76679
0.84357 0.84853
0.14424 0.40534
1.01717 0.80616
0.95175 0.75917
0.15489 0.40816
0.68664 0.68943
0.15395 0.33157
0.92462 0.69422
1.05295 0.73342
0.95629 0.75979
0.89062 0.56172
0.30465 0.09740
0.42374 0.45484
0.38722 0.48039
0.52544 0.73576
0.82590 1.14631
0.97367 0.54536
0.11092 0.55904
0.32515 0.59783
0.10256 0.62565
0.16887 0.30342
0.16960 0.55862
0.68762 -0.01507
0.00696 0.48197
0.22773 0.48426
-0.06815 0.20016
0.46821 0.24472
0.82709 0.66785
0.57548 0.05838
0.80534 0.97457
0.22850 0.29321
0.16991 0.65242
0.96139 1.00105
0.30749 0.07022
0.22969 0.19468
1.06795 0.61712
0.52732 0.46482
0.37331 0.36946
0.88660 0.76549
1.06481 0.78197
-0.09544 0.43377
0.91981 0.85196
0.83794 0.62703
0.59508 0.58593
0.52234 0.20156
0.87822 0.75287
0.52303 0.66229
0.91765 0.90106
0.73176 0.80735
0.20471 0.51744
0.61056 0.68033
0.85804 0.58823
0.08657 0.19597
0.52325 0.84028
0.14485 0.80707
0.58856 0.43201
1.10674 0.80610
0.12301 0.63910
0.47947 0.08080
0.49855 0.22040
0.81454 0.72245
0.75325 0.01180
0.50675 0.58123
0.90670 1.06995
0.06571 0.22953
0.07011 0.69213
0.32083 0.76004
1.05773 0.81243
0.98922 0.83609
0.98365 0.84219
0.61190 0.58488
0.54769 0.21482
0.35815 0.70399
0.21868 0.41378
1.03932 0.46687
0.05873 0.23672
0.91061 0.69556
0.71006 0.67567
0.44792 -0.04663
0.96491 0.91397
-0.02898 0.19637
0.96641 0.43494
0.07781 0.39025
1.01396 0.77388
0.26851 0.00302
0.09298 0.80529
0.19090 0.62123
0.79383 0.73158
0.92684 0.42151
0.26556 0.73279
0.40430 0.72966
0.76751 0.48792
0.11100 0.68746
0.16126 0.12810
0.61537 0.27577
0.46658 0.67709
0.50878 0.04812
0.91369 0.77923
0.86374 0.66715
0.77613 0.61654
0.42887 0.71308
0.18363 0.22044
0.54950 0.61421
0.34315 0.38304
0.46138 -0.11278
0.42720 0.38738
0.44456 0.13382
0.57708 0.62624
0.12770 0.66414
0.54404 0.67684
0.13284 0.43249
0.32501 0.68051
0.36829 0.19041
0.65813 0.28202
0.70849 0.77078
0.92635 0.77506
0.33861 0.68740
0.34818 0.75276
1.02802 0.67065
0.34402 0.45214
0.89175 0.74276
0.56491 0.36194
0.91932 0.51201
0.06763 0.30885
0.42433 0.47278
0.23594 0.65517
0.08631 0.18673
0.90223 0.50790
0.50461 0.56447
0.40316 0.53208
0.01247 0.68412
1.10059 0.72235
0.43909 0.67287
0.42376 0.13518
-0.02383 0.80617
0.21941 0.68375
0.05255 0.72508
-0.01215 0.77693
-0.01497 0.37308
0.13788 0.78803
0.73182 0.49145
-0.03776 0.19779
0.27653 0.73531
0.62586 -0.05087
0.67106 0.30487
0.84557 0.69421
0.07982 0.65381
1.02058 0.94607
0.32038 0.03659
0.87461 0.77831
0.63298 0.26764
0.78812 0.51176
0.16946 0.12463
0.01284 0.32973
0.08891 0.44265
0.17414 0.58822
-0.00548 0.43402
0.99601 0.68229
0.94818 0.62793
0.35134 0.51797
0.18949 0.48946
0.45130 0.27690
0.41617 0.21588
0.69805 0.54386
0.96653 0.32527
0.20038 0.71770
0.04984 0.84330
0.30598 0.14145
0.49800 0.11914
0.37070 0.22331
0.65724 0.62241
0.04153 0.25827
0.06288 0.47041
0.61208 0.87951
0.75762 0.76730
0.17157 0.27057
0.54418 0.57235
0.18543 0.54173
0.35476 0.55186
0.38634 0.22669
0.26938 0.76580
0.67339 0.50109
-0.12124 0.58459
0.99975 0.77675
0.24066 0.61641
0.06850 0.14340
-0.13215 0.30049
0.18499 0.55643
0.45008 0.74054
0.81596 0.82854
0.58229 0.15155
0.43302 0.01799
0.11113 0.35348
0.32738 0.90642
0.78899 0.61759
0.53215 0.21076
0.16026 0.48380
-0.12041 0.50047
-0.03568 0.46526
0.79872 0.12905
0.06630 -0.00093
0.20271 0.30150
-0.12180 0.32311
-0.11275 0.40700
0.24647 0.63816
0.40860 0.05396
0.82970 0.41643
0.03097 0.73525
0.34456 -0.02109
1.14342 0.67542
0.52032 0.31807
0.34763 0.42060
0.94723 0.99053
0.24971 0.53432
0.70861 0.55564
-0.02196 0.38411
0.61446 0.44246
0.36092 0.43162
-0.02209 0.23401
0.23646 0.13105
0.59828 0.80403
0.29959 0.34196
0.61093 0.19011
0.09786 0.33289
1.00577 0.91556
0.01157 0.28461
0.56664 0.95332
0.45447 0.04135
0.55151 -0.09679
0.61718 0.52900
0.38003 0.63796
0.09875 0.76379
0.16381 0.56808
0.48336 0.34171
0.91450 0.70823
0.19789 0.47749
0.82084 0.42123
0.32856 0.65524
0.60389 0.04718
0.46716 0.91947
0.44862 0.39087
0.88195 0.89023
0.29455 0.68597
0.81561 0.93445
0.10056 0.68274
0.02224 0.50641
0.21961 0.72215
1.07206 0.64384
0.27372 0.50329
0.91087 0.77798
0.60053 0.13879
0.40608 0.38344
0.29833 0.19211
0.27429 0.35136
0.42435 0.66619
0.26591 0.39436
0.42376 0.14099
0.83766 0.92194
0.84223 0.54352
0.47824 0.69913
0.49137 0.35168
0.70858 0.74685
0.16152 0.40409
0.61363 0.39151
-0.17760 0.52188
-0.00540 0.52718
0.85390 0.53363
0.16240 0.20038
0.37317 0.32170
0.35378 0.83919
0.32195 0.66108
0.51599 0.43212
0.30217 0.13025
0.75629 0.85808
0.14870 0.61892
0.93545 0.89263
0.55346 0.23619
0.18787 0.37365
0.47099 0.68461
0.73510 0.80216
0.72010 0.67424
0.49725 0.70293
0.11560 0.41523
1.15534 0.85118
0.93701 0.73323
0.65507 0.01169
0.21162 0.55279
0.19760 0.48371
1.03449 0.81297
0.19331 0.31777
-0.00788 0.53323
0.21242 0.58170
0.46533 0.47858
0.83619 0.80435
0.65848 0.13854
1.03185 0.89256
0.89978 0.37524
0.28068 0.74308
0.40508 0.09997
0.23826 0.22753
0.02073 0.40928
0.93968 0.82994
0.91439 0.58930
0.07439 0.58400
0.06318 0.72573
0.01761 0.17064
0.65330 0.57507
0.85749 0.85785
0.54977 0.76676
0.61902 0.10177
0.28857 0.48475
0.60009 0.26622
0.53179 0.49178
0.82410 0.82987
0.93982 0.60752
0.28236 0.31810
0.42495 0.39857
0.37559 0.56909
0.81937 0.53547
0.50611 0.37757
-0.17208 0.46214
0.84911 0.45132
0.36743 0.73708
0.29648 0.34223
0.07743 0.65284
0.30815 0.83323
0.67010 -0.04437
0.07556 0.75742
0.60098 0.69854
0.73998 0.52330
0.94416 0.79816
0.70256 0.63174
0.57656 0.63547
0.48582 0.44094
0.09839 0.82131
0.00365 0.73352
0.63794 0.26536
0.24190 0.18295
0.13790 0.41418
1.18889 0.90265
0.72779 0.68225
0.30910 0.61192
0.19145 0.41592
0.77413 0.35448
0.47087 0.36482
0.81109 0.80279
0.00350 0.23470
0.64552 0.76556
0.77756 0.60143
0.16332 0.08867
0.50737 0.42976
0.11462 0.69785
0.13199 0.68789
0.36528 -0.00107
0.97572 0.96414
0.41091 0.78009
0.38549 0.30356
0.22867 0.58288
0.95501 0.77292
0.36736 0.61736
0.09136 0.46186
0.05610 0.34761
0.29781 0.19992
0.99535 0.81381
0.04920 0.18739
0.19568 0.38564
0.07915 0.30262
0.55961 0.24917
-0.02278 0.77817
0.26734 0.41810
0.23245 0.30702
0.01459 0.65121
0.20462 0.67984
0.60187 0.35493
0.13388 0.12833
0.27115 0.22711
0.98936 0.79449
1.01441 0.57791
0.46769 0.50708
0.72322 0.22105
0.42959 0.67081
1.10688 0.93500
0.09075 0.83558
0.98176 0.84016
0.39274 0.65054
0.33032 0.65027
0.35007 0.30298
0.99192 0.53179
0.39435 0.56079
0.51455 0.21590
0.18563 0.55362
0.73574 0.82313
0.87379 0.69617
0.62421 0.52236
-0.02798 0.20157
0.65625 0.36960
0.69907 0.56749
0.47773 0.09613
0.57637 0.71034
0.09832 0.67211
0.15424 0.25032
0.06290 0.37878
0.92920 0.86868
0.81596 0.47381
0.89187 0.83923
0.11926 0.20613
0.85435 0.97454
0.23394 0.54407
0.30085 0.17297
0.42480 0.40134
-0.09552 0.41046
0.24451 0.22714
0.47406 0.49675
0.68005 0.36636
0.74155 0.62127
0.52547 0.47140
0.40721 0.67079
0.42631 0.26587
0.07795 0.55167
0.54738 0.51112
0.09653 0.61231
0.17714 0.51752
0.28799 0.71278
0.62887 0.76845
0.02794 0.35221
0.10843 0.23024
0.73192 0.61836
0.82479 0.60584
0.86451 0.74741
0.10563 0.77122
0.54429 0.21132
1.03430 0.82394
1.04896 0.92038
0.57324 0.33250
0.05227 0.48071
0.82047 0.63354
0.49179 0.04836
0.06186 0.43139
0.24420 -0.03470
0.72443 0.15716
0.84468 0.67246
0.52284 0.07621
0.58415 0.51432
0.65911 0.13743
0.40040 0.69800
0.77675 0.87821
0.98106 0.75253
0.16902 0.43201
0.56423 0.56984
-0.05599 0.35003
0.39630 0.60912
0.13153 0.63322
0.38786 0.43694
0.51635 0.42400
0.05420 0.38705
-0.14688 0.39795
-0.02424 0.37572
0.63888 0.49059
0.78912 0.05427
0.12589 0.70230
0.39578 0.54367
0.66885 0.21705
0.16755 0.52356
0.85634 0.57854
0.11551 0.86898
0.15821 0.38149
0.13641 0.03418
0.39332 0.64753
0.23130 0.32187
-0.16221 0.46615
0.31847 0.61116
0.20083 0.73582
0.20786 0.44007
0.21402 0.42347
0.32353 0.20847
0.90834 1.00391
0.20731 0.47978
0.23039 0.14290
-0.00560 0.74592
0.60408 0.43313
0.40811 0.50896
0.87229 0.67662
0.19208 0.53477
0.07908 0.25259
-0.02517 0.10031
0.72310 0.51816
0.18936 0.41782
0.41454 0.78726
0.86312 0.56304
0.84421 0.15087
0.30792 0.40948
0.19234 0.07099
0.46612 0.37111
0.40855 0.43963
0.42041 0.67572
0.32513 0.31378
0.96159 0.48172
0.18783 0.41288
0.17039 0.45262
0.95695 0.79543
0.84433 0.99068
0.78676 0.54666
0.92682 0.75472
0.96335 0.85063
0.84850 0.65957
0.40710 0.68699
1.08637 0.71604
0.87182 0.78164
0.13506 0.68257
0.24926 0.04635
0.07064 0.31495
0.35170 0.72715
0.39973 0.27317
0.41551 0.53453
0.14273 0.43261
0.51673 0.48420
0.21595 0.01576
0.77020 0.46499
0.62470 0.07029
0.87990 0.77306
0.34921 0.68689
0.46648 0.40463
1.06626 0.81837
0.53738 0.13399
1.04188 0.79546
0.06831 0.22782
0.45193 0.69167
0.81962 0.61847
0.79226 0.44894
0.45751 -0.00944
0.68221 0.81768
0.41998 0.52637
0.45812 0.41194
0.89240 0.49138
0.29364 0.41682
0.90603 1.10975
0.28809 0.75721
0.14798 0.74159
0.25172 0.58623
0.09963 0.58422
0.07531 0.17455
0.97615 0.90011
0.02463 0.43579
0.07667 0.17920
1.13560 0.99599
0.12466 0.18136
0.04076 0.24457
0.08427 0.65911
0.32674 0.77050
0.04554 0.21610
0.07166 0.12172
0.21718 0.46035
0.48204 0.08327
0.79919 0.58690
0.59220 0.44359
0.31039 0.00033
0.32893 0.61964
0.02899 0.43225
-0.06287 0.52914
0.42394 0.12115
-0.03406 0.30811
0.24230 0.60869
0.03390 0.33456
0.82807 0.86363
0.65308 0.73171
0.42342 0.44559
0.06883 0.48622
0.29248 0.34403
1.21142 0.98152
0.03001 0.83761
0.59421 0.64812
0.40168 0.37194
0.81086 0.60014
0.47935 0.24932
1.09753 0.90349
0.05584 0.77661
0.59018 0.19611
0.50030 0.53733
0.05740 0.15419
1.03119 0.92458
0.09683 0.52798
1.07954 0.56606
0.16910 0.06903
-0.02943 0.53394
0.96764 0.82546
0.06086 0.27773
0.95570 0.88296
0.23398 0.71926
0.64595 0.13753
0.58111 0.40172
0.40943 0.67210
0.72260 0.80287
0.63259 0.38410
0.67359 0.04997
0.64546 0.40483
0.98916 0.46415
0.24805 0.42695
0.72497 0.48988
0.01102 0.49429
1.21087 0.76054
-0.03863 0.09840
0.48155 0.82520
0.90983 0.74630
0.80533 0.84783
0.21140 0.59395
0.17563 0.49929
0.90031 0.39862
0.06461 0.36359
0.23950 0.03582
0.29645 0.64879
0.15981 0.44341
0.59448 0.15171
1.04433 0.87264
0.09219 0.14441
0.02734 0.44749
0.20796 -0.00271
0.83256 0.68135
0.11663 0.09616
0.20234 0.69809
0.13979 0.44238
0.45980 0.80132
0.05065 0.21982
0.16370 0.25955
0.05300 0.43497
0.63376 0.64484
0.96212 0.70346
0.36141 0.46868
0.52215 0.63054
0.10631 0.52781
-0.00915 0.17078
1.02721 0.82439
0.27532 0.67679
0.21418 0.71939
0.13726 0.74272
0.66333 -0.00214
0.49777 0.24968
1.06740 0.66848
0.25008 0.88999
0.20943 0.80251
0.48673 0.46392
0.25823 0.17998
0.94895 0.83192
1.03816 0.79794
0.81568 0.42332
0.89446 0.80988
0.65337 0.53561
0.61128 0.67541
0.01519 0.49917
0.10502 0.32899
0.27699 0.66100
0.37991 0.70792
0.80270 0.34872
0.01026 0.14265
0.27935 0.43269
0.57611 0.47834
0.87827 0.88757
0.32253 0.73582
0.93526 0.88496
0.95310 0.96252
0.80316 0.53769
0.30368 0.45453
-0.04221 0.52751
0.71460 0.68583
0.67013 0.38543
0.73550 0.57275
0.02757 0.04574
0.94859 0.77988
0.45435 0.78367
0.98113 0.90609
0.06466 0.07378
0.87170 0.49768
0.81977 0.50100
0.23456 0.72350
0.51335 0.62011
0.61089 0.18995
0.17669 0.32976
0.65525 0.77362
1.04348 0.83370
0.34395 0.62786
0.58940 0.06122
0.86099 0.45222
0.31061 0.52374
0.65457 0.54355
0.74188 0.66200
0.13143 0.05448
0.14401 0.26526
1.07100 0.88175
0.48410 0.33616
0.35805 0.44935
0.62897 0.39916
0.89265 0.94356
0.30113 0.57909
0.40641 0.49433
0.52408 0.30563
0.15507 0.14332
1.05506 0.95989
0.14546 0.22923
0.83107 0.82284
0.24351 0.10964
0.47568 0.35644
0.73415 0.83432
0.65479 -0.02644
0.51371 0.31989
0.25870 0.15858
0.40168 0.51247
0.20558 0.49050
0.67371 0.25859
0.28759 0.52916
0.59229 0.78202
0.08845 0.41030
0.70425 0.74113
0.25809 0.47183
0.76075 0.61343
0.83244 0.50812
0.33697 0.10603
0.57427 0.59381
0.20032 0.62936
1.02655 0.87064
0.46418 0.71511
0.22132 0.74072
0.84189 -0.00047
0.65958 0.68162
0.47052 0.32710
0.52510 0.02077
0.64504 0.61929
1.04064 1.01178
0.57267 0.70446
0.32999 0.48650
0.28782 0.70721
0.99658 0.82164
-0.05126 0.72586
0.56761 0.08283
0.88630 0.68248
0.40195 0.59944
0.58403 0.16281
0.70043 0.69373
0.12638 0.75801
0.09147 0.56195
0.53947 0.28947
0.37681 0.78190
0.39997 0.38877
0.57311 0.68652
0.42362 0.68526
0.30579 0.60458
0.40152 0.76453
1.02993 0.63250
0.18713 0.61762
0.16577 0.40524
0.35311 0.75229
0.74829 0.70449
0.28136 0.42578
0.05718 0.48329
0.80384 0.77892
0.84877 0.68455
0.84848 0.96912
0.17182 0.17788
0.78679 -0.04122
0.57450 0.64030
0.07896 0.89608
0.00972 0.54358
0.91253 0.80110
0.57755 0.82775
0.05052 0.70271
0.78024 0.80511
0.92984 0.77570
0.98065 0.82237
0.77491 0.38855
0.06432 0.61247
0.76313 0.72801
0.56791 0.54110
0.13216 0.24104
0.88973 0.66269
0.36000 0.60364
0.10402 0.50795
0.08306 0.17558
0.95417 0.92185
0.84946 0.66346
0.54428 0.73992
0.00632 0.46141
0.25901 0.48980
0.64196 0.08985
0.39010 0.26204
0.15771 0.72260
0.98733 0.87237
0.43665 0.45815
0.84849 0.75612
0.16333 0.76139
0.11207 0.16878
0.26502 0.43964
0.21030 0.50428
0.49442 0.33116
0.31684 0.60346
0.92833 0.73006
0.80712 0.93740
0.58425 0.48089
0.48571 0.74914
0.23187 0.53438
-0.08034 0.56609
0.78008 0.78054
0.14116 0.30451
0.83874 0.72282
0.63220 0.57887
0.10016 0.14876
0.71546 0.51863
0.61343 0.33132
0.83141 0.46130
1.02391 0.78724
0.13298 0.40552
0.90614 0.77486
0.43937 0.43387
0.31376 0.12018
0.93552 0.81062
0.53516 0.32158
0.09321 0.54056
0.86516 0.64361
0.77200 0.90754
0.16733 0.27084
-0.05963 0.11047
0.56735 0.46496
0.88476 0.78872
0.43699 0.68379
0.37293 0.18277
1.15852 0.84187
-0.03046 0.35332
1.10877 0.72164
0.32158 -0.05308
0.12892 0.54939
-0.15413 0.08987
-0.09114 0.43083
0.03850 0.59886
0.91135 0.87844
0.30397 0.59518
0.58241 0.07110
0.20341 0.13745
0.70217 0.52092
0.15598 0.08366
0.49268 0.20737
0.08757 0.18193
0.80338 0.76141
0.14487 0.22481
0.47885 0.68248
0.79039 0.76957
0.60823 0.24470
0.33581 0.50232
-0.00785 0.69969
-0.00464 0.22767
0.61611 0.96355
0.50346 0.93957
1.00595 0.79545
1.11750 0.86140
0.85299 0.56127
-0.05899 0.11982
0.38779 0.65896
0.45136 0.53415
-0.01816 0.52343
0.91464 0.93290
0.24487 0.60674
0.67187 0.09130
0.31787 0.56070
0.63712 0.18271
1.06297 0.79186
0.04998 0.85744
0.69765 0.80778
0.34003 0.40135
0.09331 0.48645
0.72115 -0.03657
0.65561 0.92771
0.10727 0.45853
0.97402 0.83568
0.39283 0.80403
0.34313 0.82274
0.28162 0.41955
0.99723 1.02582
0.26907 0.30326
0.65462 0.04007
0.42031 0.69063
0.78010 0.79653
0.42053 0.71895
0.19966 0.46647
0.47535 0.61161
0.93195 0.69983
0.26060 0.06687
0.68823 0.12883
0.94175 0.54173
0.64815 0.44876
0.46819 0.81115
0.34262 -0.02129
-0.01315 0.56536
0.04041 0.71576
0.17076 0.65980
1.05930 0.84472
1.00717 0.71315
0.06678 0.61751
0.15676 0.28705
0.90655 0.60986
0.61729 0.70663
0.94557 0.73504
0.29423 0.81412
0.34470 -0.00460
1.00224 0.57417
0.48834 0.56913
0.86890 0.86158
0.12633 0.07514
0.46322 -0.02116
0.67616 0.58191
0.69804 0.21931
0.20629 0.40692
0.65857 0.67289
0.40277 0.00652
0.05559 -0.03925
0.19001 -0.00404
0.26962 0.49002
0.44216 0.60694
0.22901 0.80413
0.61283 0.34079
0.38264 0.18952
0.16578 0.30562
-0.15024 0.44305
0.05133 0.41383
1.08657 0.78549
0.12073 0.33949
1.04024 0.83334
0.43183 0.70365
0.81031 0.82600
0.89408 0.89175
0.62111 0.49746
-0.00922 0.71460
0.58598 0.17711
0.58081 0.45714
0.04573 0.33722
1.14894 0.48792
0.99791 0.85050
0.25499 0.15574
0.52383 0.78465
0.75310 0.97375
0.73556 -0.04385
1.06506 0.65693
0.03945 0.41036
0.60945 0.36292
0.84209 0.95158
0.31240 0.05269
0.17481 0.62309
0.72243 0.06514
0.47666 0.60367
0.11150 0.34700
0.59244 0.75234
0.18135 0.33785
0.49956 0.42954
0.54424 0.76416
0.95626 0.73723
0.95397 0.67415
0.12437 0.20776
0.71940 0.72002
0.65789 0.38045
0.62728 0.29475
1.06409 0.61835
-0.04171 0.22298
0.26877 0.67333
0.33063 0.51024
0.47329 0.25142
0.46258 0.62889
0.64927 -0.00186
0.61415 0.35511
0.92723 0.79093
0.43581 0.56711
0.82023 0.76415
0.92164 0.65683
0.96380 0.60827
0.13998 0.66798
0.85412 0.84110
0.00448 0.47023
0.96626 0.83301
0.11290 0.20539
0.17505 0.42477
1.04372 0.42594
0.88469 0.97063
0.18047 0.59468
0.44438 0.75170
0.40698 0.15322
0.14017 0.11863
0.31366 0.46397
0.31559 0.76733
0.79600 0.54777
1.13355 0.94652
0.37290 0.52854
0.71564 0.68381
0.76272 0.00117
0.29531 0.20709
-0.01993 0.48454
-0.13830 0.55434
1.08381 0.61279
0.72061 0.36921
0.03403 0.29300
0.25345 0.32035
0.18979 0.80415
0.81767 0.58808
0.06684 0.45639
0.94427 0.89958
0.06850 0.59619
0.08497 0.40660
0.31793 0.70912
0.00973 0.50525
0.33310 0.47735
0.51239 0.77413
0.20859 0.42626
1.01073 0.80163
0.27795 0.48317
0.15566 0.55188
0.26079 0.48104
0.90911 0.47304
0.70553 0.38552
0.52165 0.66890
0.21617 0.34325
0.05450 0.38006
0.55656 0.54804
0.06171 0.44167
0.06510 0.03692
0.35492 0.64983
0.34846 0.78511
0.14479 0.45242
0.54775 0.62609
0.22365 0.44199
0.07885 -0.03187
0.29768 0.41612
0.03579 0.73135
0.50231 0.68489
0.39808 0.30231
0.08103 0.82450
0.18245 0.52401
0.86989 0.88809
0.45530 0.34709
0.57431 0.64230
-0.01346 0.42151
0.30548 0.01891
0.23523 0.43848
1.02227 0.81750
0.16684 0.12899
0.35881 0.52472
0.19881 -0.04660
0.84371 0.31261
0.45026 0.21184
1.17945 0.89031
0.66714 0.19935
1.01873 0.64120
0.92976 0.80569
0.79474 0.09959
0.15210 0.78551
0.40198 0.58598
0.24230 0.55404
0.16077 0.51706
0.33949 0.75299
0.38674 0.54814
0.31671 0.11958
0.70136 0.51643
0.13734 0.51742
-0.18231 0.44362
0.89848 0.51182
0.92334 0.54619
0.26390 0.57654
0.49857 0.10808
0.27748 0.48724
0.15985 0.38859
0.48169 0.71625
1.02008 0.69205
0.76652 0.66425
0.13538 -0.07312
0.26783 0.21491
0.44956 0.60388
0.62989 0.71647
0.22473 0.60464
0.31537 0.01023
0.53017 0.12801
0.70079 0.72617
0.00471 0.28304
0.10108 0.24856
0.02031 0.10871
1.11267 0.79009
0.30293 -0.03139
-0.19700 0.54671
0.10236 0.67893
0.16705 0.44243
0.79385 0.69936
0.11418 0.88977
0.56872 0.87858
1.07812 0.65472
0.85548 0.85529
0.08843 0.50835
1.08277 0.57915
0.75799 0.79161
0.20006 0.03495
0.01252 0.32551
0.78232 0.56228
0.30470 0.76091
0.20204 0.14539
0.56451 0.09413
0.43247 0.65244
0.17828 0.80751
0.82977 0.91388
0.64935 -0.11117
0.82717 0.71761
0.40419 0.64673
0.03052 0.32310
0.32178 0.53025
0.52345 0.13400
0.51139 0.65603
0.83193 0.76377
0.89668 0.88630
0.98275 0.74375
0.20061 0.41871
0.88189 0.53726
0.30874 0.70304
-0.03645 0.03166
-0.02363 0.14423
0.77675 -0.05423
0.93765 0.75754
0.14829 0.28035
0.29070 0.33419
0.98982 0.47716
0.15525 0.44277
0.16121 0.18136
0.29203 0.59669
1.10255 1.00966
0.48538 0.68562
0.88550 0.87522
0.03486 0.22936
0.24348 0.54459
0.24563 0.46541
-0.09615 0.29766
0.09604 0.11922
0.82273 1.04157
0.86422 0.80418
0.41470 0.37505
0.89544 0.82805
0.45782 0.80920
0.57545 0.64701
0.80097 0.72485
0.97231 0.96135
0.47844 0.43474
0.81287 0.76260
0.11894 0.64669
0.73932 0.73682
0.91972 0.69116
0.03455 0.72332
0.88969 0.56078
0.84231 1.10390
0.51926 0.93262
0.73659 0.55702
0.63185 0.46673
1.04198 0.46988
0.99098 0.51467
0.90629 0.66032
0.37157 0.31791
0.88383 0.46760
0.70345 0.94581
0.79896 0.39326
0.41723 0.41472
0.54013 0.38720
0.74751 0.90375
0.10952 0.27054
0.24190 0.34617
0.22070 0.56522
0.03975 0.42784
0.13720 0.29957
0.05124 0.34249
0.27138 0.05341
0.38530 0.42738
0.33619 0.52006
0.62547 0.67211
0.52232 0.14681
0.95736 0.60880
0.65343 0.42412
0.80545 0.77390
-0.18532 0.38814
0.82129 0.73072
0.45547 0.60431
1.06135 0.84705
0.11372 0.43169
0.65822 0.19420
0.27306 0.57066
-0.07788 0.48385
0.19849 0.30908
0.97654 0.41561
0.96163 0.70472
0.40038 0.08138
0.09459 0.31527
0.38047 0.60660
0.42613 0.62415
0.57534 0.55427
0.48080 -0.02092
0.45927 0.76445
0.04274 0.06637
0.28210 0.46976
0.81281 0.65692
0.72577 0.49566
0.41611 0.32221
0.29971 0.08099
-0.17058 0.46398
0.46468 0.57423
0.25807 0.51566
0.17059 0.73216
1.04527 0.72470
0.22869 0.07962
0.77237 0.64617
0.56980 0.57451
0.94484 0.67122
-0.05022 0.21193
0.94561 0.89894
0.00437 0.70096
1.10126 0.85430
0.72287 0.65370
0.29459 0.08472
0.92718 0.82651
0.34457 0.74738
0.41572 0.10430
1.07998 0.71943
0.32888 0.07194
0.23721 0.57314
0.76390 0.52041
0.20833 0.75131
0.93160 0.87948
0.57832 0.08418
0.02547 0.22864
0.32626 0.61710
0.67742 0.75033
0.24696 0.71797
1.16592 0.99579
0.36350 0.65669
0.67659 0.90419
0.84638 0.92314
0.94319 1.09246
0.96804 0.46678
0.94349 0.70794
1.00094 0.87571
0.13141 0.63394
0.19628 0.38861
-0.09944 0.16969
0.69936 0.23457
0.93199 0.76439
0.71751 0.85232
0.79099 0.73015
0.31245 0.46461
1.11778 0.87907
0.68568 0.74254
0.99237 0.67904
0.82136 0.89965
0.42648 0.66710
0.84559 0.86945
0.62900 0.52751
0.08676 0.25553
0.88602 0.73590
0.06472 0.10681
0.87599 0.86007
0.44424 0.04390
0.65675 0.58656
0.92924 0.33558
0.75852 0.00852
0.85753 0.66420
0.12798 0.43605
0.17481 0.55363
1.12770 0.90084
0.94748 0.88463
0.74661 -0.17019
0.06969 0.26369
0.51505 0.60797
0.09216 0.33408
0.27127 0.23826
0.07574 0.85865
0.62734 0.02717
0.52273 0.70440
1.02563 0.69584
0.47318 0.15508
1.10612 0.45173
0.21532 0.72368
0.10658 0.58224
0.78708 0.69494
0.09358 0.39167
0.64598 0.57302
0.88047 0.58380
0.94925 0.76325
0.27447 0.54541
0.06595 0.29826
0.04169 0.49837
0.51071 0.06126
0.03030 0.27380
0.89090 0.80669
0.35867 0.71434
0.01263 0.45526
0.76160 0.08351
0.24603 0.39289
0.59159 0.06708
0.67708 0.04972
0.21935 0.45432
1.01950 0.81075
0.27988 0.60528
0.80966 0.25219
0.15356 -0.03321
-0.09586 0.38898
1.12620 0.77600
0.07527 0.55874
0.05092 0.84334
-0.02563 0.01030
0.05319 0.80472
1.05317 0.84733
0.08106 0.59803
0.44657 0.73303
0.95851 0.86282
0.92309 0.91405
0.70582 0.12320
0.72398 0.77171
0.70243 0.02442
0.61068 0.52287
0.24960 0.00218
0.88985 0.90776
0.84328 0.98209
0.21956 0.11080
0.55563 0.47293
0.33273 0.20726
1.08054 0.91456
0.08597 0.63936
0.17247 0.69455
0.18300 0.08421
0.10963 0.48077
0.98966 0.84599
1.05196 0.43887
0.20922 0.51672
0.04925 0.55521
0.17534 0.27601
0.94291 0.34399
-0.00398 0.62513
0.86100 0.58814
0.41381 0.34108
0.98854 0.79435
0.66509 0.55552
0.84106 0.88389
0.45973 0.09951
0.57839 0.20749
0.46308 0.79170
-0.02358 0.08704
1.00701 0.85460
0.62247 0.46909
0.10649 0.35479
0.18988 0.14783
0.84564 0.38315
0.71602 0.38169
0.58736 0.45984
0.11073 0.23079
0.30828 0.79509
0.02846 0.32756
0.74683 1.05809
0.72035 0.85164
0.76856 0.80986
0.90916 0.53168
0.23377 0.48092
0.21251 0.36468
0.25577 0.09088
0.77963 0.69224
0.62812 0.24927
0.06141 0.23344
0.32772 0.71032
0.34297 0.60380
0.52443 0.66744
0.31201 0.46213
0.23033 0.41995
0.86148 0.75429
0.59182 0.11892
0.93708 0.62222
0.73330 0.47308
0.78875 0.85239
0.83943 0.89937
0.39580 0.35747
0.92550 0.80340
0.90590 0.67683
1.08917 1.05774
0.89755 0.43867
0.07780 0.53738
0.20056 0.38606
0.27922 0.31610
0.62175 -0.00198
0.14794 0.13532
0.67393 0.45589
0.34029 0.32545
0.52416 0.33229
0.37754 0.81133
0.01876 0.18682
0.68928 0.55588
0.08487 0.36027
1.00529 0.73255
0.16616 0.10804
0.09950 0.28917
0.57343 0.10950
0.24099 0.05328
0.17903 0.48353
0.35618 0.51720
0.21981 0.18617
0.08125 0.35164
0.33429 0.52896
1.11420 0.80409
0.73744 0.66261
0.41648 0.77524
0.10925 0.23036
0.33789 0.62747
0.19030 0.35907
0.94243 0.79595
0.89697 0.85357
0.11379 0.35502
0.30335 0.59217
0.48370 0.77279
0.35956 0.03351
0.75684 0.75374
0.77569 0.73588
0.96815 0.71055
0.28592 0.47878
0.02000 0.86756
0.00791 0.34971
1.09494 0.52774
0.79294 0.85319
0.59034 0.62633
0.83534 0.36469
0.81525 0.46455
0.08013 0.20205
0.04112 0.76918
0.83884 0.81951
0.18192 0.85257
0.88913 0.83920
0.03923 0.26556
-0.00440 0.40331
0.78493 0.78646
0.00835 0.71829
0.77746 0.61793
0.00867 0.70372
0.49430 0.64084
0.45106 0.51931
0.09679 0.84083
0.78048 0.84063
0.43412 0.79737
0.28355 0.72655
0.41607 0.36109
0.79991 0.79467
0.29687 0.72968
0.48378 0.77991
0.72461 0.66699
0.81152 0.59298
0.53721 0.41654
0.12785 0.23955
1.05098 0.79447
0.94698 0.59211
0.79232 0.59187
0.20491 0.78595
0.03893 0.08901
0.38704 0.51087
0.15565 0.25775
0.51641 0.34737
-0.01261 0.38220
0.20434 0.49912
0.28315 0.30623
0.62489 -0.01354
0.35016 0.75111
0.86012 0.96077
1.13331 0.86536
1.01587 0.73533
0.52495 -0.10793
-0.00809 0.11531
0.58945 0.10885
0.67680 0.37296
0.99865 0.75096
0.73208 1.05213
0.07668 0.31564
0.99657 0.80039
0.71746 0.38487
0.41386 0.69774
0.04256 0.71727
0.32319 0.71418
0.65362 0.50713
0.99701 0.49619
0.18118 0.57659
0.16184 0.37846
0.16778 0.53564
0.43822 0.66050
-0.02663 0.27043
1.05881 0.73813
0.40637 0.46766
0.37005 0.04395
0.54875 0.61797
1.11819 0.99567
0.01248 0.85053
0.02712 0.42649
0.04703 0.37769
1.06082 0.77988
0.27592 0.59195
0.14738 0.57034
0.94108 0.98442
1.12450 0.77703
0.43726 0.66215
0.71245 0.38150
0.13946 0.05871
0.28338 0.42050
0.29437 0.31847
0.35268 0.60429
0.45835 0.42163
0.73956 0.48340
0.97407 0.95280
0.10815 0.45643
0.86719 0.94188
0.08657 0.09464
0.16123 0.70409
0.23626 0.79682
1.00448 0.43803
0.25540 0.47459
0.18180 0.33537
0.18819 0.26772
-0.04412 0.29496
0.87648 0.68379
0.59327 0.33887
1.02199 0.48675
0.57596 0.67196
0.03103 0.80157
0.70519 0.80241
0.99442 0.51674
0.49950 0.50804
-0.04530 0.52746
0.22941 0.09693
0.07625 0.42539
0.49407 0.75981
0.63849 0.69793
0.62694 0.46065
0.34398 0.24110
0.39461 0.55609
0.69145 0.08658
0.85211 0.53772
0.47495 0.33679
0.87773 0.84366
0.72179 0.91704
0.80682 0.69798
-0.02259 0.50232
0.88232 0.67373
0.13367 0.02084
0.22997 0.79691
1.02025 0.86547
0.57723 0.38200
0.45109 0.36800
0.60374 0.34204
0.40863 0.19133
0.23459 0.55014
0.42942 0.34876
0.86759 0.29356
-0.10785 0.46501
1.05193 0.54370
0.96337 0.49240
0.53943 0.00159
0.69925 0.16204
0.32197 0.62875
0.27094 0.18284
1.08089 0.85447
0.23930 0.44489
0.18085 0.45682
-0.01762 0.57775
0.90649 0.90809
0.28459 0.71748
1.02276 0.43093
0.42902 0.39231
0.30726 0.21779
1.03820 0.72948
0.35571 0.63872
0.84117 0.40779
0.75645 0.77572
0.30398 0.57135
0.31912 0.80825
1.08712 0.92828
0.07960 0.03694
0.30570 0.76065
0.58820 0.42590
0.38626 0.48607
0.67113 0.25754
0.37241 0.46106
0.15376 0.20728
0.20201 0.47095
0.98465 0.97545
1.00005 0.75222
0.09735 0.08017
0.69343 0.21202
0.78290 0.87916
0.15906 0.68360
0.31004 0.60231
0.43246 0.66541
0.27553 0.58736
0.64904 0.47617
0.67072 0.72228
0.68093 0.76516
0.67343 0.26138
0.06231 0.42941
1.05456 0.93319
0.22562 0.12928
0.20865 0.49242
0.42402 0.34179
0.54797 0.01362
0.77721 0.03890
0.94656 0.83487
0.39161 0.59927
0.97820 0.81600
1.06220 0.79556
0.30217 0.51686
0.94648 0.95833
0.02702 0.38391
0.04653 0.46428
0.05390 0.53695
0.58768 0.62595
0.46862 0.55976
0.01344 0.04260
0.20432 0.56952
0.10182 0.19383
0.09697 0.48588
0.83720 0.69180
0.82561 0.79676
0.37234 -0.00178
0.27885 0.76310
0.41114 0.35593
0.32456 0.47156
0.24718 0.37518
-0.00032 0.16222
0.26271 0.61690
0.26836 0.72308
0.32611 0.00295
0.12994 0.73608
0.97803 0.39312
0.53845 0.06563
0.63108 0.12579
0.71898 0.00557
0.97440 0.76100
0.66462 -0.01814
0.19942 0.36002
0.51328 0.47134
0.47132 0.78751
0.50523 0.53604
0.25249 0.63471
0.47376 0.73192
0.97470 0.82728
0.60268 0.69667
0.21792 0.78322
0.62782 0.53212
0.64869 0.69568
0.09724 0.23112
0.51784 0.10292
0.26766 0.65677
0.66449 -0.10945
0.55545 0.66403
0.38657 0.68458
0.94660 0.78802
0.13380 0.21774
0.00609 0.48410
0.59760 0.04845
0.74863 0.38778
-0.06084 0.75196
0.88475 0.60976
0.03163 0.20175
0.49026 0.69998
0.01887 0.38295
0.02922 0.19971
0.56327 0.07649
0.65608 0.59164
0.18952 0.35285
0.42894 0.78249
0.12663 0.34164
0.88405 0.93860
0.39709 0.58481
0.03248 0.47474
0.76770 0.69604
0.88159 0.93855
0.12906 0.70131
0.72460 0.52712
0.64757 0.70092
1.06382 0.86976
0.27103 0.80197
0.64075 -0.03302
0.66201 0.93239
0.31991 0.75881
0.92949 0.78687
-0.07925 0.51199
0.58748 0.02665
0.56150 0.01763
-0.03199 -0.06696
0.84778 0.98269
0.39859 0.87445
0.74037 0.17387
0.90986 0.79581
0.92869 0.69270
0.94100 0.65767
0.99988 0.75890
0.39059 0.08095
0.05600 0.80007
0.34577 0.65177
0.15130 0.59225
0.11270 0.74650
0.01403 0.80547
0.55887 0.58113
-0.13898 0.30645
0.23528 0.39473
0.50714 0.11237
0.71534 0.82900
0.06673 0.60650
0.07176 0.54041
0.33487 0.61690
0.14030 0.07332
0.41502 0.73949
0.99403 0.57707
0.26799 0.31292
0.29982 0.53081
0.30834 0.53377
0.73454 0.72878
0.54230 0.49361
-0.07059 0.27200
0.82101 0.09182
0.02308 0.74715
0.45242 0.33792
1.00468 0.74979
1.00562 0.63435
0.55721 0.11017
0.67683 0.61350
1.04064 0.35351
0.81252 0.47226
0.05978 0.38468
1.07187 0.70168
0.46621 0.69447
-0.03133 0.71426
0.45521 0.15138
0.08349 0.19422
0.89937 0.82863
0.54765 0.71130
1.01038 0.87846
0.26895 0.76700
0.10001 0.27994
0.96800 0.94228
1.06760 0.54887
0.48849 0.67185
0.43024 0.18940
0.08702 0.43733
0.65377 0.75463
0.96303 0.57815
0.04821 0.55236
0.43708 0.78867
-0.09657 0.33172
0.62166 0.12012
0.32441 0.01631
0.47586 0.73177
0.71299 0.14876
0.31662 0.71348
0.71674 0.82744
0.62481 0.40096
0.38184 0.88994
0.61209 0.61696
0.62774 0.23977
0.90702 0.73373
0.23299 0.23286
0.08451 0.48980
0.81013 0.95766
0.54834 0.01556
0.62240 0.03879
-0.11257 0.44761
0.99988 1.01556
0.62077 0.76799
0.14863 0.05040
0.27896 0.57843
0.49481 0.60039
0.80621 0.98432
0.25936 0.47522
0.77135 0.15187
0.08885 0.59631
-0.03715 0.49145
0.33410 0.63687
0.32950 0.63070
0.31724 0.71443
0.86560 0.91104
1.15574 0.85142
0.09588 0.40134
0.44417 0.76186
0.42749 0.17376
0.10243 0.41662
0.93073 0.90503
-0.04884 0.44194
0.00412 0.48296
0.41238 0.86025
0.31698 0.38894
0.91955 0.82995
0.95233 1.02221
0.25246 0.49236
0.06241 0.40055
0.16904 0.56448
0.03086 0.48988
0.08568 0.53933
0.97903 0.47244
0.30417 0.52030
0.46650 0.81295
0.41003 0.18445
1.05154 0.47043
0.27307 0.42356
0.49525 0.72226
0.38385 0.15372
0.15875 0.26623
0.39349 0.28613
0.39593 0.77884
0.12069 0.39604
0.40629 0.68163
0.44320 0.70711
0.20804 0.45251
0.48667 0.43838
0.58060 0.39836
0.95400 0.89932
0.09834 0.10581
0.86930 1.01990
1.15854 0.71201
0.44539 0.70655
1.04225 0.93981
0.98297 0.79581
0.12471 0.81626
0.02621 0.17043
0.92647 0.60519
0.05727 0.30812
0.29550 0.81924
0.25754 0.56053
0.91910 0.71674
0.63163 0.66508
0.11507 0.14632
0.35331 0.70812
0.52143 0.81389
0.33990 0.90126
0.53562 0.74455
0.23848 0.32749
0.27869 0.60807
0.30555 0.68063
-0.14870 0.63650
0.20857 0.38805
1.02696 0.82861
0.10108 0.29984
0.33068 0.58405
0.53881 0.42480
0.02993 0.08140
0.21015 0.43967
0.85454 0.71389
0.38936 0.53314
0.56460 0.71962
1.02508 0.88951
0.75282 0.31464
-0.10962 0.48855
0.00594 0.67452
-0.04907 0.47135
0.44295 0.33996
0.21313 0.51196
0.46487 0.45500
0.61395 0.34855
0.86077 0.94206
0.06029 0.41644
0.40499 0.66234
0.62129 0.68979
0.51370 0.78706
1.00759 1.03871
0.72604 0.48770
1.08661 0.88792
0.74858 0.48389
1.02333 0.90976
0.09764 0.69668
0.17297 0.38909
0.06061 0.48611
1.16120 0.67986
0.76238 0.54362
0.66505 0.49528
1.11445 0.69472
0.38299 0.62002
0.75185 0.49451
0.40922 0.63984
0.83444 0.57230
0.09635 0.81070
0.58785 0.35124
0.10731 0.15297
0.38582 0.07648
0.62972 0.81408
0.90856 0.80892
0.09932 0.30080
0.14283 0.25444
0.93855 0.83645
0.99748 0.62506
0.13812 0.26370
0.05782 0.51673
0.56689 0.04314
0.28072 0.52528
0.85490 0.69887
0.08467 0.56144
0.65306 0.52024
0.42546 0.77737
0.33523 0.11965
0.43177 0.18340
0.54754 0.65038
0.13192 0.52077
0.41973 0.68049
0.09090 0.80424
0.80380 0.45500
0.48505 -0.00325
0.96219 0.76630
0.70349 0.64384
0.06074 0.58519
0.44894 0.23059
-0.13341 0.38489
0.11211 0.57608
1.11830 0.81382
0.45947 0.30893
0.80146 0.52918
-0.00283 0.48166
0.01553 0.38039
0.38900 0.30804
0.86076 0.65476
0.13271 0.43079
0.22620 0.57558
0.32007 0.46754
0.96756 0.65395
0.69787 0.69533
0.43285 0.77386
0.64688 0.40805
0.23570 -0.02581
0.66067 0.04450
0.33116 -0.03541
0.71562 0.49400
0.44197 0.75039
0.93683 0.40184
-0.12928 0.58436
1.00081 0.88506
0.44227 0.40973
0.00626 0.57695
0.81634 0.77320
0.49853 0.47185
0.32931 0.14012
0.95937 1.03414
0.01311 0.30603
0.65350 0.33585
0.60567 0.08407
0.01534 0.18091
0.27745 0.55718
0.42839 0.60632
0.52831 0.60480
0.98439 0.60943
0.27099 0.69464
0.05723 0.33260
0.19809 0.74719
0.56738 0.63367
0.32217 0.23528
0.43632 0.49114
0.41075 0.64226
0.17061 0.39730
0.63501 0.61747
0.60161 0.39639
0.41953 0.85875
1.08457 0.70531
0.25799 0.40403
0.23715 0.81023
0.52471 0.25538
0.10980 0.34316
0.89010 0.65906
0.11969 0.87534
0.39980 0.80927
-0.04170 0.40570
0.31998 0.81075
-0.01788 0.56094
0.94082 0.54039
0.08662 0.38900
0.62005 0.66174
0.86053 0.91643
0.08725 0.30042
0.19582 0.58542
0.22633 0.74647
0.45087 0.43239
0.77830 0.11900
0.21553 0.14540
0.88601 0.48509
0.12736 0.21957
0.20722 0.37047
0.13029 0.65254
0.71316 0.55258
0.98708 0.59415
0.37223 0.68871
0.44130 0.39769
0.69939 0.22676
0.60958 0.73218
0.17606 0.53021
0.71425 0.13777
0.49167 0.70588
0.69213 0.96577
0.44996 0.45459
0.44010 0.13669
0.09118 0.43553
0.17966 0.09138
0.22147 0.36969
0.61285 0.41183
0.04863 0.86225
-0.05025 0.89502
0.59578 -0.09127
0.73968 -0.03812
0.52710 0.72392
0.45190 0.40077
0.82915 0.80241
0.11421 0.24688
0.22647 0.25798
0.99056 0.81150
0.97060 0.67745
0.55989 0.41207
0.19382 0.28606
0.54339 0.82614
0.81614 0.94548
0.26966 0.50731
0.69609 0.38297
-0.07045 0.63113
0.60025 -0.00493
0.49540 0.04215
-0.01699 0.34369
-0.10106 0.07080
1.01338 1.04429
0.56996 0.99456
0.22004 0.80745
1.09263 0.75377
0.04554 0.63267
0.29909 0.61182
0.01669 0.24474
0.22941 0.57047
0.56187 0.41408
0.30778 0.49297
-0.10280 0.28164
0.91335 0.86706
1.07396 0.80373
0.57509 0.39609
0.87749 0.74206
0.58437 0.59789
0.47677 0.80024
0.51583 0.02171
0.12002 0.29868
0.88614 0.86483
0.73631 0.52821
0.76851 0.24761
0.28393 0.15658
0.49187 0.64285
0.42593 0.41362
0.37562 0.16217
0.38003 0.56336
0.49207 0.61105
0.43756 0.68562
0.10957 0.56509
0.03252 0.19544
0.95033 0.94759
0.63290 0.12096
0.79307 0.71706
0.34853 0.47930
0.22099 -0.01611
0.07385 0.60979
0.00880 0.19093
1.05761 0.81031
0.39597 0.63255
-0.03649 0.29129
0.08356 0.09469
0.94640 0.93562
0.45008 -0.01977
0.78308 0.86365
0.63700 0.17659
0.35549 -0.01105
0.04301 0.22892
0.97367 0.83754
0.08761 0.75521
0.30504 0.47180
0.51612 0.29348
0.78005 0.51990
0.34433 0.64408
0.15295 0.80360
0.86184 0.79281
0.15198 0.42578
0.08139 0.40685
-0.15008 0.34043
0.64370 0.62321
0.14627 0.57807
0.12570 -0.05028
0.93806 1.12450
0.19176 0.93598
0.84449 0.48371
0.14087 0.50265
0.95388 0.87897
0.15448 0.26221
0.21131 0.39059
0.18456 0.67893
1.12039 1.02484
0.45566 0.66350
0.29346 0.39457
0.73913 0.87777
0.34275 0.63913
0.22272 0.73267
-0.00901 0.46676
0.93575 1.00939
0.36603 0.40808
0.98390 0.74514
0.36638 0.62422
0.52746 0.49658
0.37677 0.36775
-0.22135 0.58533
0.20249 0.15438
0.13786 0.29546
0.61894 0.04494
0.19469 0.12160
0.51695 0.57816
0.72091 1.02770
0.46260 0.72555
0.02845 0.21892
-0.04703 0.66527
0.69914 0.69860
0.63380 0.49633
0.02349 0.06072
0.56102 0.57816
0.31607 0.55495
0.94583 0.73094
0.81674 0.82729
0.82658 0.88752
0.38953 0.24694
0.68951 0.53170
1.05332 0.82106
0.98728 0.79510
0.96285 0.75787
0.16019 0.67532
0.91054 0.82942
0.49405 0.80620
0.18046 0.13037
1.05170 0.89593
0.32476 0.80210
0.56280 0.69990
0.19659 0.22864
0.91725 0.70468
0.77857 0.82516
0.67669 0.50324
0.30219 0.51601
0.73742 0.76572
0.83384 0.42773
0.14549 0.64910
0.31113 0.47199
0.68037 0.13406
1.00308 0.99592
0.43709 0.62405
0.78674 0.64351
0.33638 0.08743
0.90899 0.76308
0.35832 0.05300
0.42473 0.32874
0.05874 0.63536
0.28018 0.31465
0.50071 0.37855
0.16305 0.01715
0.02680 0.25562
0.41809 0.52705
0.74070 0.70945
0.94202 0.92987
0.24944 0.20419
0.45016 0.29325
0.67501 0.38486
0.10540 0.16310
0.08183 0.07478
0.97542 0.68706
0.42129 0.45131
-0.06916 0.53300
0.06302 0.80033
0.35473 0.15454
0.33954 0.27121
0.32754 0.34838
0.81963 0.92349
0.23246 0.41768
-0.06950 0.22545
0.44312 0.77944
0.35833 0.60268
-0.02538 0.78688
0.34858 0.81702
0.87512 0.83946
0.25596 0.56922
0.08636 0.39872
0.72605 0.77611
0.22075 0.63347
0.38341 0.32632
0.44229 0.41365
0.18460 0.64686
0.84629 0.77218
0.91886 0.80562
0.50530 0.51830
0.09924 0.31628
0.10511 0.13943
0.45542 0.17821
0.05948 0.80004
0.66782 0.52424
0.16183 0.13551
0.27843 0.46863
0.81636 0.67881
0.42206 0.57871
-0.03418 0.48339
0.59882 0.73213
0.97698 0.94941
0.12374 0.30432
0.70226 0.09831
-0.03486 0.45882
0.85342 0.71104
-0.00443 0.02673
0.72867 0.83883
-0.01079 0.07438
0.71300 0.13932
0.49317 0.62174
0.03692 0.68993
0.13392 0.00066
0.76057 0.60225
0.21315 0.64132
0.36267 0.72057
0.93824 0.41450
0.65787 0.76570
0.08884 0.27380
0.11776 0.47995
0.50600 0.01295
1.03485 0.91787
0.84865 0.62143
0.33622 0.04657
0.35502 0.25689
0.49218 0.50701
0.45668 0.26175
0.05931 0.29663
0.14344 0.18922
0.58899 0.14082
0.31902 0.40024
0.16984 0.40070
0.64609 0.82545
0.37067 0.66711
0.29645 0.57871
0.53652 0.13765
0.76096 0.73457
0.23666 -0.09616
0.78971 0.56666
0.42152 0.17426
0.31946 0.20458
1.00636 0.76498
0.94095 0.99326
-0.01562 0.46763
0.58961 0.46263
0.18693 0.43670
0.42483 0.45359
0.12672 0.40678
0.56236 0.61316
0.90543 0.70636
0.30535 0.70329
0.74093 0.57775
0.97368 0.41211
0.24453 0.67918
0.75992 0.52003
0.12786 0.23502
0.66756 0.81160
