0.54281 0.86907
0.75325 0.51745
0.34775 1.13098
0.37476 1.04650
0.67092 0.58040
0.06102 1.01388
0.68801 0.12297
0.46492 0.17608
0.80552 0.31968
0.89903 0.39524
0.30237 1.07431
0.47039 0.91018
0.70001 0.82310
0.10406 0.09731
0.77377 0.38103
0.28449 0.31102
0.23019 0.56934
0.01930 0.06404
-0.07160 0.06519
0.58034 0.64015
0.27742 0.18375
0.08003 -0.02306
0.23616 0.84759
1.13993 1.03297
0.16188 0.10514
0.90771 0.43715
0.71683 0.40995
0.12101 0.99469
0.72057 0.27946
0.17256 0.97634
0.90843 0.82418
1.02024 0.23089
0.32753 0.01908
0.88870 0.15692
0.92249 0.79574
0.98986 0.72304
0.30501 1.02696
0.61347 0.76756
0.76095 0.95611
0.02894 0.82034
0.44414 1.18728
0.14713 0.78812
0.58467 0.74850
0.25970 0.14945
0.60333 0.54555
0.72618 0.44898
-0.00522 0.01007
0.94676 0.21649
-0.02902 0.90686
0.64481 0.19654
0.89471 0.45353
0.61064 0.03158
0.91266 0.97614
0.58112 0.47418
0.00571 0.46902
-0.00310 0.87243
0.56506 0.09639
0.75159 -0.00045
0.43728 1.02101
0.95557 0.45151
0.45771 0.35372
0.69428 0.64318
0.64008 0.30359
0.52585 0.23902
0.66005 -0.00003
0.63327 1.04711
0.49359 0.19775
0.18890 0.31651
0.49864 0.17822
0.12900 0.60077
0.08144 0.02491
0.18603 0.17270
0.13436 0.11180
0.27368 1.05966
0.44061 0.32306
0.11619 0.04224
0.26713 0.32149
0.75290 0.91354
0.77377 0.73835
0.64533 0.66088
0.22722 0.22277
0.87147 0.23746
0.06214 1.07351
0.35355 0.38325
0.97639 0.23894
0.54377 0.51799
0.91955 0.34700
0.84028 0.81303
0.81159 0.38862
0.24537 0.77959
0.42663 0.58216
0.74373 0.77115
0.15129 1.12525
0.51202 0.39722
0.01023 0.69559
0.83008 0.91392
0.83758 0.11212
0.86446 1.03128
0.24433 1.07215
0.96465 0.41507
0.04961 0.14174
0.01097 1.00696
0.08701 0.14643
0.59556 0.63002
0.01777 0.96287
-0.05827 0.85988
0.08786 1.00734
0.69492 0.92811
0.77300 0.19377
0.55525 0.15493
0.90636 0.82175
0.10734 0.25957
0.85946 0.49667
0.92161 1.19748
0.90295 0.24666
1.16972 0.15950
0.42686 0.00357
0.54218 0.57944
0.74117 0.05716
0.58890 0.19811
0.85547 0.70907
0.46935 0.88667
0.85921 0.14445
0.49988 1.19167
0.44939 1.01170
0.42185 0.86987
0.92465 0.62540
0.76292 0.42599
0.56459 0.85069
0.15325 1.01059
0.86289 0.73736
0.05274 1.11032
0.24804 0.40298
-0.00597 1.02610
0.28759 0.07937
0.82727 0.28060
0.50597 0.28381
0.26856 0.91894
0.17135 0.18569
0.35277 0.95466
0.54151 0.45197
0.47514 0.91594
0.77249 0.61294
0.10266 0.54954
0.93833 0.34612
0.13497 0.59508
0.09446 0.39976
0.83147 0.21776
0.53289 0.54296
0.46766 1.05150
0.71744 0.77161
1.08820 0.39911
0.50296 0.29051
0.06837 1.02961
0.82132 0.77646
0.60373 0.32193
0.67279 0.23238
0.06837 0.95143
0.96815 0.37394
0.81536 0.38802
0.03531 1.16765
0.87640 1.14799
0.70362 0.69199
0.58379 0.96725
0.59356 0.94901
0.96679 0.69127
0.60764 0.60044
0.11836 0.35497
-0.09699 0.85161
0.55610 1.09004
0.94118 0.19513
0.57393 1.11692
0.78328 0.23501
0.70379 0.70979
0.74722 0.18183
0.22461 0.20700
0.12366 0.51799
0.92308 0.85581
0.07002 0.87456
0.86751 0.63063
0.60267 0.20721
0.12201 0.94054
0.35878 0.98863
0.95580 0.44372
0.71605 0.62044
0.24412 0.55475
0.14475 0.21885
0.22316 0.49078
0.03420 0.23059
0.25844 0.29889
0.97243 0.55685
0.79097 0.45499
0.55097 0.10644
0.85520 0.51317
0.40935 0.26568
0.99334 0.38981
-0.00465 1.01154
0.49180 0.11870
0.56323 1.08599
0.30282 1.10291
0.08519 0.09605
0.46406 0.99455
0.22740 0.96717
0.89922 0.11011
0.37549 1.00516
0.34362 0.44577
0.84602 0.40926
0.57175 1.01665
0.46781 0.78603
0.42970 1.05654
0.74192 0.52602
0.68081 0.83807
1.04073 0.39936
0.95411 0.39020
0.56638 0.14425
-0.05649 0.68513
0.28823 0.26856
0.25580 0.89448
0.59631 1.05588
0.68368 0.06393
0.61515 0.13477
0.94236 0.74752
-0.01231 0.86505
0.93370 0.38365
0.37243 0.49203
0.47878 0.93634
0.86882 0.49969
0.27068 0.81038
0.73383 0.10013
0.74253 0.31876
0.81974 0.87311
0.83099 0.28344
1.06498 0.40261
0.53611 0.08692
0.10079 0.06307
0.04303 0.95554
0.77608 0.67061
0.94727 0.94173
0.21121 0.46265
0.57073 0.03240
0.09996 0.69008
0.97721 0.21007
0.66210 0.82318
0.80371 0.26429
0.75608 0.37782
0.33715 1.01724
0.34363 1.00971
0.20455 0.99836
0.36102 -0.01252
0.92573 0.20411
0.62516 1.00206
0.78478 0.71840
0.33627 0.35827
0.10150 0.04916
0.69428 0.37522
0.92302 0.40942
0.79344 0.23375
0.25453 0.81708
0.30262 0.83841
0.24062 0.39997
0.65729 0.07737
0.32733 0.51087
0.26256 0.83219
0.23333 0.98665
0.54373 1.01988
0.19415 0.49695
0.91131 0.88254
0.80516 0.12477
0.03574 0.24021
0.54579 0.83893
0.95896 0.28422
0.93209 0.81158
0.60476 0.72657
0.66735 0.98307
0.19352 0.27118
0.97203 0.81677
0.62388 0.07302
-0.05417 0.96155
0.16630 0.37773
0.75194 0.77050
0.63372 0.40146
0.72447 0.05527
0.23582 0.94580
0.28235 0.08538
0.11460 0.20055
0.86799 0.72941
0.15792 0.11055
0.81949 0.51489
0.81976 0.41632
0.40083 0.07670
0.02105 0.61435
0.33626 0.89753
0.92506 0.26631
0.89567 0.52815
0.44273 0.78540
0.64603 0.53537
0.85888 1.01232
0.25345 0.87439
0.53827 0.81100
0.14618 0.92373
-0.02975 0.26878
0.80922 0.44089
0.23909 0.47667
0.19686 0.77893
0.84781 0.43064
0.40905 1.09081
0.53389 0.36014
0.08611 0.78186
0.50840 0.22728
0.22992 0.74739
0.78396 0.24813
0.75300 0.23577
0.90246 0.69342
1.04148 1.05340
0.75666 0.87974
0.16432 0.16956
0.21752 0.21283
0.19988 0.22812
0.48659 0.01351
0.35837 0.22464
0.27245 0.99881
0.12246 0.18739
0.76780 0.12245
0.95125 0.22212
0.64032 0.67124
0.94559 0.81471
0.76112 0.18459
0.37099 0.50489
-0.03257 0.09163
0.13168 0.88033
0.44500 0.64564
0.05423 0.21537
0.98757 0.22563
0.03957 0.20760
0.18966 0.02878
-0.08191 0.82912
0.92294 0.29519
0.44362 -0.02984
0.22317 0.18080
0.67890 1.13404
0.07602 0.85074
0.52065 0.22737
0.22265 0.15727
0.98096 0.25681
0.84928 0.21636
0.49688 1.11922
0.70046 0.35938
0.07596 0.09738
0.53033 0.98795
0.59610 0.31288
0.03689 1.00113
0.96218 0.17921
0.95631 0.98112
0.02572 1.19259
0.87343 1.01043
0.61948 0.89051
0.52888 1.09162
0.97456 0.18179
0.06450 1.05341
0.24020 0.42993
0.34561 0.95938
0.00942 0.78513
0.29504 0.01229
0.10133 0.86870
0.82231 0.36408
0.09016 0.83015
0.19207 0.27675
0.03584 0.25426
1.00170 0.23081
0.69455 0.97309
0.01048 0.11668
0.12979 1.03366
0.25014 0.89686
-0.02287 0.42594
0.83866 0.47826
-0.12924 0.95489
0.44785 0.93397
0.92217 0.30477
0.76048 0.06723
0.56630 0.36012
0.68990 0.71592
0.47809 0.56392
0.23082 0.74231
0.68086 0.53187
0.69341 0.87888
0.29303 0.54360
0.78825 0.95644
0.71025 0.77873
0.51513 0.05534
0.00299 0.89027
-0.00415 1.00567
0.26249 0.36712
0.53111 0.67989
-0.05472 1.13956
0.01800 0.49623
0.74305 0.88329
0.23309 0.24648
0.15299 0.37182
0.52260 1.02339
1.11919 0.37306
0.57130 0.28129
0.49412 1.03356
1.02726 1.12451
0.72362 0.93114
0.72859 0.37998
0.19455 0.70067
0.75368 0.32014
0.42084 1.07354
0.69400 0.21655
0.35525 0.91837
-0.09290 0.76826
1.08767 0.29356
0.78638 0.65082
0.92204 0.94581
0.44700 0.51288
0.65380 1.06246
0.71517 0.81392
0.08504 0.66653
0.22125 0.30669
0.51474 0.84469
0.64454 1.01068
0.01461 0.69287
0.19633 0.70901
0.94318 1.11719
0.60310 0.26842
0.40031 0.39464
0.75243 0.95341
0.00325 0.89345
1.04889 0.88153
0.07390 1.00383
0.19088 0.67619
-0.16087 0.86935
0.85061 0.55404
0.81176 0.50152
1.05304 0.95756
0.56281 0.79780
0.63220 0.29002
0.41770 1.11535
0.11756 0.86699
-0.04062 0.93189
0.93881 0.54876
0.03611 0.95519
0.63947 0.20843
0.83212 0.95232
0.39049 0.51298
0.20152 0.57831
0.98589 0.38177
0.19633 0.26557
0.70405 0.17345
0.77280 1.10232
0.61469 0.77591
0.08561 0.19480
0.99865 0.88436
0.57136 1.03737
0.10713 0.26676
0.10423 0.91191
0.53146 0.90872
0.49687 0.47646
0.66178 0.33577
0.06850 0.84191
0.63527 1.00962
0.35540 0.55155
0.78192 0.61341
0.61864 1.08566
0.11999 0.90850
0.78727 0.48255
-0.15614 0.69085
0.90251 0.39982
0.74328 0.24724
0.54395 0.14574
0.75770 0.47566
0.89444 0.75271
0.85153 0.79412
0.23567 0.67167
0.64926 0.01836
1.13079 0.39019
0.97014 0.11525
0.59419 0.28493
0.83729 0.11457
-0.01549 1.10237
0.32619 0.98749
1.06513 0.41687
0.87627 0.73075
0.14275 0.21891
0.86687 0.78725
-0.06629 0.94842
0.49574 0.24809
0.26024 0.43905
0.01290 0.89955
0.64346 0.39560
-0.07866 0.92868
0.97756 0.70725
0.55606 0.69352
0.56497 0.84313
0.60020 0.31829
0.50062 1.00189
1.09326 0.14189
0.04588 0.89404
1.15364 0.36755
0.30720 0.09118
0.43878 0.84954
0.54295 0.07843
0.73991 0.37190
0.75943 0.99583
0.83772 0.78779
0.02913 0.40570
0.72752 0.66383
0.88533 1.03617
0.96167 0.30641
0.38536 0.94061
0.62318 0.29486
0.55935 0.57736
0.65966 0.57789
0.64127 0.93267
0.62669 0.12360
0.27531 -0.11297
0.38164 0.49468
0.66241 0.30469
0.35559 0.56741
0.48670 1.01203
-0.08264 0.51563
0.18789 0.04105
0.09188 0.76895
0.82305 0.26575
0.49571 1.13837
1.12701 0.17874
0.75669 0.44079
0.16518 0.13270
0.53839 1.13826
0.05117 0.13346
0.71740 0.85099
0.49835 0.19947
0.44547 -0.03570
0.82132 -0.06651
0.09721 0.26247
0.12126 1.08242
0.98826 0.47957
0.61445 0.34183
0.70914 0.23779
1.18989 0.41832
0.77042 0.48062
0.34252 0.53549
0.51019 0.96718
0.44051 0.59234
0.78987 0.16791
0.63615 0.27168
1.09001 0.39327
0.01747 0.68866
0.27022 0.01680
0.95863 0.47205
0.22725 0.07597
0.04826 0.32641
0.73728 1.23082
0.94589 0.11749
0.87475 1.00987
0.25658 -0.03114
1.01150 0.37792
0.16376 1.07744
0.06390 0.73564
0.72652 0.66856
0.99759 0.75855
1.14414 0.16545
0.76628 0.60237
0.78103 0.29046
0.23496 1.09402
0.76402 0.23418
0.74651 0.20551
0.04072 0.25632
0.31484 0.37238
0.63583 0.90868
0.26336 0.08349
0.70756 0.14507
0.25971 1.01599
0.41690 0.99184
0.71903 0.59047
0.20589 0.15726
0.32676 0.46039
0.98864 0.36770
0.69150 0.38552
0.76850 0.89020
0.28185 0.00842
0.19562 0.23648
0.23850 0.12514
0.31562 0.93447
0.57707 0.50815
0.26338 0.20654
1.00736 0.60201
0.51934 0.15757
0.95031 0.30945
0.94415 0.80905
-0.09189 0.77401
0.76883 0.69020
0.18966 0.95802
0.97497 0.70299
0.34416 0.99455
0.22604 0.95881
0.88751 0.80753
0.17738 0.77933
0.20008 0.48219
1.20216 0.23531
0.75502 0.34679
0.94736 0.95009
0.22389 0.28465
0.15823 0.60188
0.63101 0.25461
0.03395 0.86562
0.69825 0.72675
1.22117 0.25198
0.02818 0.78050
0.22797 0.95089
0.64057 0.39897
0.54259 0.69305
0.63014 0.94652
0.21987 1.05891
0.25133 0.19606
0.70423 0.61841
0.84093 0.63913
0.80827 0.77161
0.40470 0.88118
0.68161 1.10187
0.78557 0.07724
0.12623 0.25569
0.41670 0.17058
0.48676 0.73401
1.02442 0.75213
1.00367 0.58186
0.13408 0.46399
0.34862 0.78263
0.67627 0.66090
0.97800 0.22330
0.85949 0.36131
0.85726 0.25327
0.49525 0.98388
0.64404 0.78255
0.63060 0.29019
0.69353 0.08827
0.80959 0.80346
0.57378 0.18612
0.37541 0.51310
0.91183 0.17062
0.16922 0.23324
0.57786 0.06679
0.71929 1.13472
0.37513 0.93143
0.59572 0.16631
0.40209 0.94682
0.97229 1.12293
0.80678 0.21007
0.96742 0.70824
0.64388 0.13984
0.83604 0.75601
0.18156 0.68840
0.13667 0.23728
0.44872 0.45082
0.71708 0.90386
0.55728 0.80598
0.83759 1.01282
0.23508 0.96274
1.04226 0.40499
1.03240 0.29100
0.01209 0.83458
0.59542 0.66477
0.96744 0.74699
0.58678 0.94815
0.85274 0.44047
0.49243 1.12314
0.20024 0.53407
0.44930 0.50713
0.56095 0.86312
0.52892 0.69674
0.16726 0.75528
0.73999 0.82371
0.77880 0.79244
0.10041 0.55880
0.96910 0.84335
-0.08456 0.85411
0.84912 0.09568
0.49870 0.09326
0.68125 0.25786
0.83091 0.30699
0.96062 0.94633
0.34885 1.15202
0.82637 0.71682
1.02089 0.29798
0.86140 0.25987
0.43909 1.01129
0.83258 0.28960
0.56646 0.25095
0.74908 0.91002
0.09605 0.72041
0.68927 0.05671
0.82759 1.04186
0.65482 0.79664
0.22533 0.99994
0.58244 1.08201
-0.02152 0.27379
-0.01277 0.36820
0.66916 0.96351
0.29852 0.65267
0.65950 0.91831
0.40885 0.52775
0.36606 0.49481
0.99590 0.32379
0.86278 0.08258
0.62098 0.40046
0.75026 0.75228
0.68963 0.80295
0.70299 0.19026
0.79093 0.89775
0.70563 0.58294
0.69068 1.22522
0.65995 0.71094
0.22326 0.19684
0.39850 0.16755
0.90562 0.69312
0.74738 0.80585
0.83080 0.78304
0.59382 0.60043
0.39783 0.54883
0.87909 0.48721
0.30765 0.09384
1.10392 0.35556
0.14303 0.92374
0.06459 0.90835
0.66376 0.28249
0.25625 0.39667
0.30801 0.49103
0.25715 0.28594
0.39324 0.47437
0.67785 0.27750
0.90040 0.57950
0.46878 -0.03747
-0.23195 0.88516
0.96977 0.38568
0.13408 0.68891
0.33484 0.36401
0.42811 0.82740
0.07621 0.09645
0.23971 0.85584
0.83751 0.66094
0.50534 0.11930
0.72126 0.83860
-0.13537 0.46246
0.69596 0.26934
0.85020 0.09502
1.01563 0.32865
0.08720 0.10456
0.72815 0.64533
0.73949 0.33248
0.32913 0.61069
-0.06448 0.93208
0.57318 0.18941
0.69546 1.01183
0.50337 -0.05734
0.39519 0.76409
0.14019 0.29269
0.16555 0.48239
0.55150 0.83902
0.98891 0.52331
0.82085 0.71643
0.68349 0.78089
0.57618 0.08197
0.65352 0.00333
0.57737 0.07117
0.19913 0.06556
0.93373 0.42032
-0.07311 0.96741
0.79412 0.34812
0.98416 0.90542
0.52820 1.00360
0.65125 0.30694
0.94374 0.74019
0.88859 0.70767
0.87264 0.24836
0.91158 0.16702
0.57877 0.26839
0.13155 0.76540
0.14337 0.86769
0.66426 0.16145
0.12712 0.00781
0.02044 0.96351
0.15170 0.89513
0.21749 0.13886
0.70767 0.75414
0.88792 0.72887
0.36829 0.21541
0.77169 0.20642
0.15826 0.17017
0.82613 0.89611
0.95749 0.20434
0.42489 0.65344
0.31528 0.54585
0.82792 0.28012
0.11949 0.10661
0.06146 0.91103
0.46410 0.71980
0.76831 0.59606
0.22609 0.11236
0.60599 0.53105
0.21944 0.07563
0.16588 0.48204
1.05595 0.39276
0.17070 0.99171
0.88653 0.24894
0.85534 0.88467
0.71232 0.21188
0.50259 0.22563
0.77995 0.30316
0.24185 0.82859
0.61962 1.00586
0.44810 0.10361
0.03211 0.92090
0.31569 1.09237
0.88742 0.40865
0.39783 0.74390
0.16434 0.61908
0.01451 0.40632
0.89748 0.96683
0.12934 0.19214
1.02107 0.67261
0.52933 0.23455
0.56537 0.89365
0.59446 1.00572
0.24272 0.94133
0.73545 0.20828
0.51321 0.10293
0.90017 0.46239
0.66291 0.39263
0.84053 0.32281
0.20808 0.07455
0.88114 0.30828
0.81299 0.24768
0.04864 0.83126
0.90584 0.36285
0.96352 0.50301
0.92244 0.60951
0.80872 0.99467
0.66132 0.36008
0.86633 0.85609
0.76514 0.02651
0.80912 0.37417
0.62141 0.10912
-0.05108 0.75992
0.88599 0.74517
-0.00449 0.88764
0.18397 0.29287
0.69300 0.01111
0.32523 1.03591
0.70220 0.63397
0.12241 0.99204
0.19286 0.39765
0.16392 0.38476
0.66971 0.30941
0.93970 0.39725
0.17413 1.05550
0.40015 0.17806
1.03863 0.71446
0.52405 0.55674
0.56695 0.96034
0.89470 0.65057
0.94633 0.96878
0.37918 0.47594
0.27736 0.16243
0.77612 0.95629
0.73499 1.05141
0.50931 1.06342
0.05538 0.94540
-0.05229 0.87501
0.71299 0.77297
0.19136 0.10450
0.65004 0.29314
0.65220 0.24499
0.68520 0.14381
0.45577 0.22383
0.28470 0.95964
0.70258 0.05360
0.66056 0.26500
1.07595 1.12464
0.65674 0.30018
0.47688 -0.02051
0.73425 0.64563
0.92540 0.26627
0.68638 0.21920
0.94468 0.83010
0.43359 0.82373
0.87972 0.96339
0.19741 0.66708
0.34473 0.05778
0.80740 0.33651
0.84918 0.67288
0.56405 1.08331
0.76649 0.51796
0.84294 0.37497
0.68817 0.10181
0.82091 0.65145
0.79592 0.73639
0.20673 0.64197
0.52720 1.02366
0.04327 0.11649
0.08163 0.24693
0.32511 0.04386
0.91422 0.85033
0.10939 0.13156
0.70084 0.14630
0.06883 0.99453
1.08023 0.79075
0.51104 0.18979
0.77718 0.25957
1.05020 0.93173
0.33851 -0.00111
0.91693 0.81145
0.48762 0.68068
0.37329 0.98820
0.98637 1.04500
0.31307 0.11562
0.80862 0.43346
0.81949 0.06255
0.37883 0.86988
0.60165 1.03543
0.94833 0.26576
0.06078 1.04532
0.86958 0.30600
0.75806 0.74128
0.07725 0.87140
0.53202 0.01673
1.10597 0.35861
0.09404 0.80230
0.46840 1.05582
0.05382 0.47644
0.64359 0.95088
0.82639 1.07535
0.02726 0.69811
0.47929 0.11055
0.97031 0.76217
0.45596 0.85957
0.06392 1.04139
0.91339 0.24195
1.18094 0.08810
0.75464 0.91168
0.23201 -0.00770
0.60794 1.03019
0.88574 1.01795
-0.03031 1.04841
0.57115 0.31569
0.59071 0.21513
0.18005 0.28579
0.40662 0.14086
0.20095 0.00839
0.22216 0.96124
0.54095 0.96709
0.82827 0.18502
0.97596 1.04641
0.31760 0.92513
0.26022 0.03993
0.92466 0.15924
0.63655 1.03879
1.13311 0.29760
0.21111 0.27544
0.00875 1.11125
1.10598 0.38508
-0.01136 0.71184
0.75375 0.23494
0.72527 0.98290
0.26630 0.99451
0.66689 0.32711
0.92653 0.44217
0.41257 1.02362
0.08341 0.03902
0.74549 0.33201
0.28189 0.49610
-0.08911 1.06664
0.84154 0.54220
0.25183 0.01554
0.16711 0.32597
0.61942 0.28880
0.05815 0.82491
0.51537 0.80239
0.38201 0.85891
0.95136 0.46780
1.06433 0.23690
0.60669 0.85974
0.47644 0.32362
0.07879 1.04850
0.41601 0.98731
0.82665 0.91665
0.11876 0.22580
0.11269 0.76425
0.53721 0.43982
0.00796 0.44302
0.57743 0.29348
0.03431 0.64737
0.70237 1.00096
0.33603 0.16617
0.88036 0.07531
0.15445 0.99929
0.08673 0.72094
0.12874 0.81698
0.69113 0.81912
0.26528 0.44131
1.00967 0.31192
0.47281 0.13578
0.06795 0.16404
0.39057 1.11615
0.14354 0.17592
0.72471 0.68405
0.54607 0.98124
0.09598 0.14494
0.87065 0.78121
0.92844 0.76575
0.49500 1.01607
0.64317 0.14056
0.26355 0.91545
0.89407 0.23753
0.14689 0.69318
0.12635 0.20088
0.00338 0.98787
0.21133 0.47990
0.59845 0.21713
0.95249 0.34642
0.91258 0.32486
0.88967 0.40232
0.47767 0.90935
0.52349 0.11847
0.79377 0.10511
0.17569 0.78069
0.58685 0.28099
0.66137 0.92982
0.98234 0.13266
0.59014 0.98209
0.78058 0.15831
0.27709 0.91743
0.29968 0.32190
0.84064 0.94280
0.79857 1.01676
0.66118 1.07002
0.51149 1.10817
0.39229 1.03890
0.47945 0.94441
0.96700 0.74681
0.72731 0.15623
0.97115 0.17002
0.69690 0.98678
0.89956 0.70660
0.59865 0.90968
0.86774 0.42254
0.08832 1.03358
0.80131 0.52248
0.60082 0.91731
-0.02390 0.59668
0.56625 0.93652
0.69962 0.46074
0.98189 0.32333
0.57504 0.97166
0.09835 1.09713
0.27636 0.57258
0.51027 0.35495
0.80430 0.93188
0.56024 0.22458
0.35333 1.05700
0.31672 0.07389
0.80014 0.94376
0.10562 0.86127
0.63254 0.98845
0.52420 0.77803
1.03782 0.87953
0.12445 0.90187
0.44334 0.83153
0.08262 0.81334
0.63554 0.92428
0.93113 0.54450
-0.02499 0.86742
0.76691 1.02690
0.15724 0.56786
0.47784 0.14358
0.14550 0.28116
0.04342 0.21839
0.38461 0.50334
0.40313 0.96682
0.20101 0.15075
0.62219 0.86518
0.14217 0.82104
0.89147 0.15920
0.11592 0.90223
0.74799 0.82846
0.71369 0.44294
0.65094 0.31142
0.74469 0.50125
0.14658 0.16781
0.51257 0.90560
0.17066 0.37156
0.24009 0.14437
0.10727 1.04077
0.12626 0.67482
0.16457 1.04197
0.33353 0.97524
0.73944 0.25851
0.82772 0.16794
0.72367 -0.06319
0.34100 0.86170
0.18172 0.22269
0.42239 0.97861
0.64682 0.89169
0.35279 0.88002
0.26309 0.83661
0.77634 0.80316
1.10677 0.16350
0.58813 0.20419
0.06290 0.83863
0.81650 0.67594
0.10708 0.40409
0.61377 0.53575
0.70726 0.09472
0.56706 0.61091
0.96650 0.66605
0.17941 0.94649
0.77731 0.87482
0.92671 0.14238
-0.17127 0.50951
0.44547 0.97039
0.68337 0.84543
0.74501 0.80100
0.70441 0.91326
0.81475 0.79611
1.02870 0.44912
0.98439 0.54252
0.85473 1.16703
0.05911 0.79273
0.50144 0.66242
0.88391 0.32004
0.85128 1.10688
0.67961 0.59991
0.07743 0.10796
0.10271 0.07440
0.73291 1.02493
0.50207 1.08132
0.90629 0.25360
0.49686 0.37009
0.03577 0.98279
0.74190 1.00289
0.15793 0.48832
0.18655 0.24703
0.73845 0.74624
0.84886 0.49833
0.44242 0.30356
0.24741 0.87529
0.09166 0.66393
0.78078 0.35994
0.31423 0.83216
0.86417 0.69140
0.07860 1.15417
0.28073 0.97341
0.14756 0.23134
0.21960 0.96642
0.09821 0.51984
0.81142 0.65531
0.25115 0.51388
0.25429 0.13032
0.31900 0.16297
0.46253 1.02731
0.04051 1.03141
0.66983 0.87732
0.53822 0.96221
0.91390 0.14949
0.30157 0.06028
0.39722 0.49966
0.19701 0.99545
0.08169 0.43610
0.10170 0.92852
0.06404 0.99008
0.73705 0.43015
0.47816 0.57817
0.14669 0.88563
0.07613 0.70192
0.91236 0.32481
0.29725 0.53881
0.88762 0.38980
0.85330 0.29357
0.61860 1.06577
0.48853 0.35348
0.29861 0.25772
0.64808 0.30879
0.36251 0.73917
0.06536 0.91573
0.31047 0.33286
0.86728 0.70817
0.55970 0.38066
1.25594 0.37039
0.69162 0.63537
0.77021 0.22765
0.17416 1.06775
0.82697 0.20663
0.79633 0.80814
0.19451 0.46985
0.24676 0.07991
0.06306 1.02029
0.14458 0.39260
0.92369 0.97463
0.15807 0.02382
0.80354 0.30720
0.11583 0.19249
0.08079 0.69975
1.00790 0.36769
0.18145 0.72071
0.42951 0.01208
0.19699 0.72668
0.24299 0.07352
0.54134 1.00720
0.07212 0.04598
0.80861 0.15375
0.65812 0.57108
0.33589 1.07078
0.29241 0.24120
-0.15495 0.79961
0.73008 0.19737
1.03081 0.95281
0.81282 0.39549
0.05422 0.89272
0.06161 0.96559
0.03360 0.13125
0.89610 0.37153
0.38925 0.97521
0.77145 0.22964
1.02068 0.14008
0.35024 0.63709
0.79109 0.56435
-0.00071 0.99608
0.25715 0.26916
0.90811 0.91487
0.45684 0.98056
0.30712 0.17274
0.10824 0.89146
0.21382 0.23263
0.66733 0.27571
0.98988 0.22835
0.05334 0.78794
0.42283 0.98328
0.59842 0.17144
0.67984 0.86828
0.02572 0.04870
0.82014 0.92839
0.80005 0.93608
0.32509 1.04017
0.19616 0.52098
0.08997 0.35741
0.74589 0.66938
0.76671 0.84056
1.06460 0.61018
0.89005 0.39293
0.67641 0.40187
0.34126 1.09053
0.80197 0.07620
0.96202 0.74236
0.01733 0.65748
0.12622 0.13143
0.74039 0.76283
0.53919 1.01836
0.55499 0.48658
0.31860 0.91323
0.66257 1.18234
0.64934 0.40480
0.11574 0.48860
0.86142 0.76054
0.33568 0.17948
0.00883 0.02978
0.79185 0.67108
-0.08036 0.56112
0.08296 0.41223
0.83637 0.54452
0.87372 0.72647
0.39893 0.70092
0.97112 0.90038
0.43095 1.13112
0.72360 1.14940
0.01428 0.29594
0.44473 1.02242
0.23870 0.26457
0.01639 0.77074
0.61207 0.11404
0.19451 0.98571
0.74472 0.55729
0.88370 0.95983
0.91127 0.19061
0.33658 0.09807
0.28457 1.02117
0.87115 0.12362
0.13182 -0.17371
0.00336 0.29079
0.86518 0.85211
0.34476 1.05815
0.39216 0.36690
0.82696 0.78858
0.43617 0.78286
0.04907 0.26603
0.10287 1.04754
1.00021 0.46341
0.34879 0.49832
0.14266 1.15932
0.75061 0.63365
0.46898 0.43211
0.45935 0.41693
0.71233 0.40159
0.38629 0.94606
0.71253 0.20003
0.69885 1.02874
0.25531 0.28075
0.38134 0.49100
0.05000 0.74816
0.08891 0.13452
0.20293 1.06115
0.17035 0.87118
0.49512 0.92729
0.10097 0.98656
0.44904 0.84585
0.86742 0.16165
0.07994 0.08762
0.46059 0.98340
0.18848 0.92401
0.09220 0.79068
1.02242 0.25868
0.51856 0.77230
0.05546 0.66977
0.43547 0.87395
0.36380 0.36373
1.05700 0.26721
1.03683 0.27382
0.72244 0.76699
0.66052 0.24317
0.51143 0.39829
0.63028 0.29186
0.07141 0.36795
0.95376 0.73061
0.73071 0.53162
0.00876 -0.06179
0.21540 0.14873
1.04830 0.34851
0.81532 0.71875
0.81500 0.52205
0.69787 0.40766
0.80639 0.83557
0.62792 0.51054
0.19863 0.44812
0.04169 0.97890
0.41477 0.95378
-0.00676 0.88483
0.41397 0.28888
0.41025 0.47614
0.85124 0.36449
0.56530 0.94822
0.13631 0.62541
0.44495 0.82564
0.72313 0.68017
0.64825 0.25609
0.67715 0.90301
0.99186 0.71827
0.13644 0.45474
0.40792 0.48003
0.14282 0.16054
0.31497 0.89897
0.81907 0.68598
0.80196 0.36077
0.12257 0.98214
0.15218 0.23116
0.95859 0.98787
0.91285 0.52467
0.44450 0.06101
0.12851 0.03494
0.82778 0.84552
0.40253 0.40413
-0.04691 1.02857
0.74157 0.07292
0.98281 0.80137
0.62461 0.75437
1.21807 0.40242
0.59201 0.13237
0.97257 0.33153
0.07722 0.80104
0.39308 1.22248
0.37965 0.69229
0.53953 0.04224
0.55749 0.11212
-0.07682 0.72013
0.85153 0.68797
0.81693 0.85165
0.62742 0.72077
1.01932 0.70135
0.93239 0.23121
0.05229 0.81923
1.00077 0.26691
0.56574 0.50017
0.76203 0.27505
0.69375 0.89194
0.80541 0.64555
0.26231 0.21804
0.49213 0.88086
0.89080 0.73286
0.69059 0.79091
0.92236 1.01388
0.88648 0.97888
0.15209 0.89324
0.49967 0.14106
0.74824 0.75891
1.07094 0.36438
0.75689 0.36769
1.14231 0.30922
0.00899 0.99604
0.26189 0.93529
0.50376 0.07017
0.48995 0.43973
0.63538 0.15854
0.42518 0.46341
0.08481 0.05556
0.21958 0.78955
0.09540 0.85718
0.74385 0.84407
0.29542 0.99530
0.08791 0.09229
0.83390 0.71697
1.11813 0.33344
0.02288 0.91595
0.66150 0.56015
0.11701 0.99126
0.68850 0.78621
1.00071 1.22619
0.82458 0.54857
0.83630 0.80973
0.15302 1.08938
0.14366 0.87069
0.00360 0.17344
0.64180 0.28379
1.13957 0.30154
0.86711 0.78356
0.38867 0.09169
0.74108 0.71358
0.75965 0.91849
0.07592 1.00928
1.11448 0.22510
0.52207 0.07482
1.01125 1.07737
0.26811 0.22492
0.04304 0.34386
0.33271 0.61812
0.70351 0.15413
0.80436 0.91676
0.10141 -0.00279
0.53110 1.02802
0.96617 1.00092
0.50152 0.48341
-0.04090 0.02118
0.09824 0.81750
0.73520 0.26074
0.47890 0.81642
0.10672 0.24202
0.80026 0.73687
0.48938 0.97459
0.15494 0.56851
0.14862 0.23801
0.98901 0.33435
0.96837 0.60893
1.06241 0.31716
0.80667 0.30478
0.15911 0.90317
0.26935 0.44822
0.18905 -0.12744
0.63738 0.36433
0.29438 0.92139
-0.05830 0.78982
0.16627 0.59654
0.42077 0.88345
0.17228 0.90097
0.19038 0.16133
0.18413 0.08378
0.45458 0.87889
0.82225 0.56305
-0.01556 0.73027
0.89000 0.83570
-0.02193 0.78397
0.60867 0.34309
0.38578 1.05233
0.78559 0.95799
1.04226 0.60528
1.08273 0.39210
0.99852 1.04513
0.26222 0.44090
0.92086 0.83683
0.20931 0.54580
0.87727 0.27298
0.49931 0.28310
0.75687 0.50332
0.28211 0.41193
0.62477 0.81778
0.78932 0.72164
0.60315 0.36114
0.23564 0.11060
0.32305 1.07050
0.89510 0.19417
0.94981 0.38750
0.70907 0.29949
0.47424 0.37688
0.62426 0.95259
0.95478 0.75210
0.52660 0.29506
0.61257 0.87889
0.24801 0.40803
0.06309 0.84102
0.65266 0.07329
0.85666 0.45752
0.07202 0.22120
0.18563 0.93282
0.78222 0.18757
0.40158 1.00465
-0.05579 0.79182
-0.01465 0.80157
0.32519 0.57340
0.95803 0.45410
0.24324 0.95450
0.07477 0.96937
0.33126 0.20875
0.08426 0.76028
-0.11773 0.90966
0.45398 0.84951
0.83803 0.68698
0.23190 1.02938
1.12026 0.32088
0.28401 0.44888
0.21479 -0.12203
0.18986 0.96413
0.72450 0.25549
0.26181 0.95330
0.13665 0.36654
0.26578 0.61622
0.62869 0.75443
0.09600 0.96824
0.54359 0.44033
0.45063 0.75901
0.85371 0.79813
0.40256 0.89440
0.83667 0.63996
0.13244 0.14429
0.79052 0.17724
0.27149 0.11701
0.14913 0.81471
0.29949 0.01046
0.90368 0.80075
0.96938 1.05280
0.73934 0.96322
0.64612 0.73900
0.79813 0.23227
0.86842 0.80472
0.00606 0.96345
0.73067 0.04052
0.66531 0.25106
0.05203 0.93263
0.72410 0.67332
0.42745 0.16669
-0.10193 0.88045
0.71153 1.14575
0.42256 0.19268
0.35098 0.47961
0.63165 0.70467
0.16239 0.50306
0.38834 0.93373
1.03076 0.35867
0.57684 0.70417
0.27265 1.03464
0.84846 0.20284
0.66903 0.71615
0.47583 0.32872
0.26396 0.48471
0.80089 0.92677
0.49515 0.07831
0.48793 0.15474
1.08758 0.41277
1.02413 0.83276
0.16309 0.96760
0.07926 0.98672
0.49209 0.70998
0.34162 0.02663
0.71381 0.20197
0.31032 0.37597
1.05295 0.97755
0.63309 0.45274
0.57539 0.26104
0.08896 0.73139
0.35744 0.50848
0.71633 0.81028
0.69307 0.59751
0.43463 0.09130
0.27572 0.26689
-0.00327 1.10433
1.04780 0.93618
0.91311 0.45821
0.78257 0.74334
0.61100 0.14335
0.14810 0.91016
0.02660 0.71900
0.60276 0.39811
0.09262 0.81685
0.46559 0.06227
0.11330 0.35649
0.86237 0.19440
0.58099 0.88899
0.43222 -0.13695
0.15484 0.92710
0.46212 0.04770
0.83417 0.42393
0.09083 0.38985
0.54363 0.85633
0.75475 0.76796
0.11344 0.40222
0.62933 0.93621
0.12927 0.64246
0.26672 -0.05532
0.77530 0.86502
0.30260 0.28284
0.29304 0.19894
0.73911 0.66247
0.83778 0.95379
0.16827 0.84382
0.05881 0.64088
0.82899 0.76657
0.75755 0.29452
0.02608 0.91189
0.63553 0.10579
0.34811 1.14795
0.66986 0.32235
0.75684 0.21379
-0.05570 0.81540
0.08222 0.31243
0.05065 0.62016
0.83580 0.33970
0.11515 0.30562
0.87225 0.22732
0.28070 0.46693
0.36557 0.05035
0.92751 0.88602
0.74527 0.73578
0.66431 0.96317
0.82952 0.41173
-0.04080 1.06361
0.68468 0.60582
0.24581 0.83007
0.58365 0.97659
0.83408 0.45034
0.36403 0.88286
0.70881 0.31661
0.44621 0.88543
0.61224 0.13160
0.86243 0.72727
0.01549 0.92856
0.24240 0.59664
0.09273 0.07328
0.52070 1.01241
0.13669 1.09586
0.96376 0.26071
0.76812 0.29974
0.92077 0.41721
0.87903 0.82007
0.69944 0.32226
0.68663 0.23861
0.46622 0.94726
1.08306 0.83810
0.17360 0.05963
0.58254 0.91101
0.91922 0.92000
0.99269 0.79449
0.87192 0.50217
0.78523 0.61223
0.80283 0.12766
0.42800 0.98029
0.77852 0.23811
1.04032 0.26723
0.28928 0.77258
0.25089 0.73088
0.51607 0.27989
0.65306 0.00500
1.05108 0.33501
0.48184 0.80766
0.77986 0.27378
0.77757 0.27048
0.80875 0.67520
0.85099 0.52915
0.98026 0.78357
1.01386 0.61024
0.63327 0.25296
0.20626 1.08627
0.68927 0.27099
0.24620 0.82669
0.52309 0.02028
0.31477 0.66888
0.06650 0.85637
0.62181 1.01156
0.18246 0.45927
0.77736 0.58991
0.79708 0.53244
0.67811 0.08640
0.84759 0.65129
0.97957 0.28902
-0.03770 0.75113
0.95297 0.21602
0.52986 0.66924
0.37913 1.06510
0.93372 0.35138
0.01551 0.88260
0.36503 0.86850
0.21415 0.62201
0.94691 0.64771
0.33276 0.54403
0.94740 0.41329
0.20401 0.60918
0.06328 0.53342
0.21207 0.38028
0.13095 0.79402
0.71599 0.25721
0.26572 0.67704
0.78697 0.33134
0.79262 0.28052
0.98134 0.46397
0.54198 0.89730
0.35386 0.58151
0.87044 0.98728
0.82448 0.72292
0.38240 0.57363
0.07579 0.85391
0.80187 0.13272
0.69638 0.76019
0.52342 0.42829
0.35307 0.64283
0.12239 0.95772
0.01492 0.18969
0.62830 0.54970
1.02460 0.29874
0.68072 0.31204
0.50658 0.72955
0.12172 0.84182
0.79675 0.98428
0.85492 1.03175
0.32579 0.48089
0.91717 0.77744
0.06469 0.99419
0.29184 0.53563
0.15660 0.80054
1.09859 0.23160
0.47895 0.95205
0.85189 0.42944
0.28083 0.13163
0.10240 0.15790
0.42345 0.55177
0.59108 0.83955
0.83473 0.85791
0.16869 0.18553
0.60816 0.89170
0.52608 0.46659
0.19841 1.06894
0.32262 1.02178
0.38732 0.84410
0.57289 0.76657
0.74385 0.46462
0.18824 0.49016
0.22229 0.77647
0.41745 0.87396
0.17288 0.85805
0.02315 0.83404
0.75616 0.78091
0.88318 0.90015
0.51115 0.18777
0.24283 0.85136
0.31713 0.44000
1.02609 0.61547
0.54998 0.03831
0.13788 0.74787
0.82670 0.12377
0.05538 0.11400
0.75023 0.14414
0.87918 0.94367
0.34019 0.88348
0.11973 0.98158
0.51907 -0.01487
0.18823 1.02880
0.69432 0.21651
-0.03967 0.80783
0.64869 0.25237
-0.02529 0.62657
0.35675 0.52317
0.83394 0.64806
0.51571 -0.01447
0.35687 0.94216
0.77381 0.81274
0.52754 0.92102
0.37956 1.04819
0.07081 0.83341
0.02236 0.23474
0.79973 0.61979
0.89539 0.70039
0.48099 0.35664
0.37367 0.64774
0.29565 0.95389
0.88400 0.39964
0.61029 0.79437
1.02289 0.61592
-0.02803 0.94595
0.45646 0.34059
0.65076 0.30215
0.66755 0.14437
0.85750 0.30542
0.75021 0.98444
0.56668 0.28695
-0.05885 0.98822
0.22580 0.35994
0.82031 0.41642
0.85609 0.57909
0.39935 0.94667
0.22742 0.40949
0.20218 1.00372
0.18758 1.03512
0.61111 0.23999
0.54165 0.06155
0.64327 0.19053
0.64986 0.09229
0.93053 0.83737
0.40634 0.84921
0.10779 0.50978
0.75888 0.20580
0.26663 0.68761
0.22416 0.45126
0.39027 0.55905
0.02988 0.97008
0.81836 0.93555
-0.07501 0.79068
0.37079 0.76030
0.74474 0.24000
0.12078 0.68985
0.12110 1.02769
0.69378 0.09690
0.15086 0.51660
0.47832 0.30644
-0.02514 0.20266
0.77052 0.37962
0.63508 0.27340
0.88348 0.11755
0.83244 0.31168
0.35644 0.13831
-0.00104 0.73822
0.33570 0.59680
0.49223 0.87068
0.34383 0.58427
0.10970 0.68625
0.07775 0.74670
0.18762 0.70493
0.40029 -0.07646
0.06492 0.80433
0.94763 0.56400
0.93981 1.08313
0.43943 -0.01274
0.71342 -0.11845
0.59030 0.26736
0.33965 1.00709
0.51595 1.18064
0.26604 0.72610
0.59833 0.94720
1.02280 0.41583
0.79028 0.56142
0.29737 1.01885
0.29367 0.63927
0.44885 0.51075
0.51841 0.43588
0.68599 0.39523
0.17254 1.06253
1.00348 0.97474
1.04459 0.44799
0.60728 0.92811
0.57202 0.34532
0.24758 0.56914
0.69555 0.39416
0.66128 0.47979
0.76779 0.98481
0.78905 0.77695
0.67289 0.94735
0.09828 1.08046
0.22688 0.16915
0.54715 0.22557
1.12259 0.79051
0.65048 0.33841
0.85140 1.01515
0.66012 0.09334
0.18081 -0.03754
0.24067 1.00384
0.76461 0.32509
0.13242 0.99439
0.18000 0.36195
0.19169 0.09060
0.10910 0.13549
0.48710 0.98377
0.50033 0.22300
0.37001 0.98629
0.81050 0.47104
0.51053 0.10837
0.67224 0.08364
0.94304 0.33512
0.23806 0.28822
0.01705 0.15106
0.93392 0.37921
1.07164 0.45249
0.29842 1.08811
0.48957 0.98100
0.60888 0.49283
0.81269 1.12675
0.51885 0.37074
0.76097 1.17074
-0.01882 0.63531
0.74678 0.46312
0.81140 0.60316
0.94287 0.38950
0.27846 0.11184
0.18386 -0.01541
0.45161 1.02898
0.74637 1.00714
0.75033 -0.00188
0.36995 0.54656
-0.01899 0.09619
0.74204 0.90918
-0.00363 0.29137
0.43535 -0.06873
0.67276 0.87467
0.87732 0.37112
0.46659 1.10605
0.58333 0.93940
0.67108 0.70416
0.59840 0.88845
0.61305 0.31226
0.59399 1.01498
0.11268 0.95361
0.57950 1.06809
0.19297 0.93119
0.40597 0.52584
0.64197 0.46866
0.50495 0.73175
0.55460 0.11269
0.23653 0.36354
0.46395 0.56831
0.11184 0.38614
0.75496 0.22505
0.15843 0.10241
0.44677 0.16186
0.29171 0.63074
0.08109 0.99389
0.91897 0.70257
0.04712 0.24287
0.50015 -0.01342
0.55104 0.53070
0.03873 0.20311
0.51204 0.39466
0.40314 0.84200
0.47697 0.91032
0.70646 0.92012
0.15425 0.96652
-0.01874 0.88471
0.56094 0.93087
0.39879 0.11133
0.76311 0.10070
0.21121 0.16125
0.79817 0.71373
0.38188 0.94044
0.25822 0.10490
0.64875 1.21540
0.94498 0.22295
0.42242 1.21366
0.84543 0.17257
0.09778 0.87871
0.48113 0.95706
0.81638 0.69133
0.23678 0.51458
1.19005 0.77679
0.26746 0.05976
0.16601 -0.14635
0.69593 0.38296
0.00429 0.02690
0.69080 0.68669
0.41037 1.00845
0.93487 0.45244
0.06288 0.79071
0.12296 1.07185
0.68233 0.93177
0.28566 0.35040
0.64434 0.74649
0.93703 0.91522
0.23633 0.43599
0.27008 0.97982
0.31955 0.89181
0.62046 0.79418
1.01644 0.44354
0.64091 0.72879
0.97299 0.93387
0.23108 0.03500
0.85460 0.90465
0.01107 0.80508
0.09984 0.80230
0.97016 0.94829
-0.09685 0.97788
0.26871 0.64311
0.25160 0.87982
0.14797 0.89204
0.38385 1.02842
0.66233 1.04097
0.32524 0.62130
0.89188 0.94509
0.18650 0.96441
1.07429 0.41508
0.31228 1.18437
0.73168 0.21302
0.67634 0.78317
0.75585 0.40150
0.47166 0.07239
0.28202 0.24020
0.04965 0.74849
0.66669 0.19614
0.74033 0.08120
0.76815 0.12855
-0.00104 0.85597
0.07576 0.11040
0.59485 1.04255
0.55989 0.92123
0.56091 1.03028
0.72353 0.63038
0.45557 0.00777
0.62720 0.31871
0.64516 0.37644
0.23052 -0.02861
0.99040 0.77253
0.25470 0.11470
0.07412 0.00925
0.79570 0.80826
0.15922 0.11626
0.74149 0.43213
0.03150 0.81894
0.96684 0.42633
0.36453 -0.00189
0.47418 0.10280
0.68954 0.78482
0.83149 0.70373
0.75838 0.44041
0.84545 0.69234
0.91305 0.31462
1.06728 0.77989
0.70987 1.00671
0.61991 0.92966
0.73344 0.31087
0.21222 0.59516
0.45076 1.00336
0.84394 0.80754
0.38116 1.15342
0.03680 -0.06021
0.24329 0.56524
1.03488 0.53780
0.82304 0.42236
0.34054 0.50968
0.83670 0.39529
0.75027 0.67359
0.90544 0.78935
0.24298 0.87809
0.83468 0.21832
0.92930 0.70949
0.09042 0.52407
0.77136 0.99575
0.68698 0.70834
0.09988 0.71410
0.29088 0.13897
0.74016 0.78346
0.74198 0.31889
0.82712 0.36828
0.81170 0.28997
0.43761 0.16514
0.87951 0.94159
0.86458 0.62799
0.16406 0.46860
0.60288 0.27732
0.13440 0.47576
0.77240 0.68909
0.49819 0.40125
0.90429 0.78332
0.20277 0.49751
0.07907 1.07098
-0.03912 0.82727
0.38164 0.85082
0.11070 0.32616
0.67664 0.19649
0.91055 1.08508
0.17622 0.15259
0.31969 0.35062
0.17744 0.24738
0.62256 1.06175
0.17918 0.34524
0.51565 0.13401
0.79592 0.66089
0.61128 0.10926
0.93225 0.65234
0.80015 0.19332
0.72799 1.07366
0.66760 0.93761
0.12364 0.63996
0.80985 1.00226
0.26392 0.64216
0.99724 0.80769
0.83229 0.74956
0.09623 0.88925
0.81264 0.92204
0.32485 0.64903
0.79501 0.68865
0.59043 0.10236
0.51913 0.91586
0.40838 0.73808
0.78910 0.40536
0.66595 1.10182
0.71469 0.64495
0.42996 0.79912
0.35095 0.88418
0.04784 -0.02589
1.01513 1.00092
0.69554 0.34932
1.01949 0.71986
0.18729 0.90720
0.10241 0.88898
1.13195 0.21272
1.05536 0.32629
0.00709 0.06505
0.05584 1.02221
-0.02778 0.90747
1.08712 0.34828
0.45088 -0.12429
0.95825 0.51152
0.71570 0.75498
0.99497 0.86017
0.90670 0.86322
0.32059 0.50970
0.79954 0.77987
0.86303 0.80755
-0.26225 0.91493
0.99786 1.03279
0.79938 0.15434
0.79883 0.21926
0.26889 0.18957
0.00172 0.79921
0.95451 0.18736
0.75679 0.74397
0.10310 0.28276
0.94705 0.45822
0.85556 0.75596
0.46700 -0.01509
0.70991 1.01086
0.64683 0.25399
0.48254 0.25136
1.02154 0.37721
0.30029 1.00972
0.84846 0.75229
0.31402 1.02551
0.65486 0.96208
0.08870 0.34600
0.67986 -0.01933
0.20903 0.88641
0.14815 0.39328
0.16908 0.96369
0.07839 0.95615
0.59299 0.97164
0.24401 0.33885
0.37679 0.49301
0.09179 0.90410
0.57409 0.91138
1.09477 0.39718
1.14323 0.35969
0.66005 0.07169
0.40278 1.10214
0.92736 0.29557
0.77886 0.87059
0.82266 0.16398
0.98927 0.47582
0.86413 0.88834
0.31756 0.79141
0.09858 0.97227
0.64269 0.32504
0.83448 0.49171
1.15524 0.44402
0.89813 0.59746
0.04123 0.66246
0.87199 0.89391
0.47411 0.18390
0.86091 0.50117
0.35532 0.46596
0.88844 0.28073
0.17112 0.16559
0.50610 1.01402
0.00703 0.96278
0.19359 0.69225
-0.02536 0.97190
0.14348 0.89019
0.16923 0.57056
0.08857 0.55274
0.46228 0.28539
0.14804 0.84284
0.27666 0.61848
0.47363 1.02839
0.34317 0.95309
0.11281 0.45339
0.58825 0.36500
0.83421 0.32480
0.30733 0.53431
0.10036 0.04119
0.16086 0.93075
1.04761 0.49057
0.60083 0.64836
0.93616 0.96081
0.59534 0.41181
0.51157 1.01688
0.09757 0.70145
0.91238 0.38042
0.92701 0.42527
0.95889 0.35671
0.19353 0.98145
0.55052 0.38530
0.19018 0.46612
0.98500 0.33570
0.44936 0.97858
0.33411 0.17964
0.09669 1.06669
0.73942 0.51904
0.19348 0.81831
0.59347 0.88999
0.18263 0.68827
0.22870 0.33548
0.32731 0.30025
0.54241 0.30594
1.13470 0.27618
0.22057 0.17681
0.84639 1.11736
0.63864 0.96244
0.93266 0.83086
0.84986 0.84572
0.90768 0.61604
0.08499 0.66162
0.98019 0.26258
0.20008 0.65294
0.06096 0.15485
-0.12715 0.34359
0.50198 0.96269
0.60865 0.91752
0.73907 0.44386
1.03888 0.77253
0.51523 0.25432
0.82755 0.62655
0.94554 0.27068
0.48885 0.06608
0.46010 0.08759
0.82893 0.82479
1.03381 0.38447
1.07441 0.76292
0.95829 0.21940
0.57576 0.31274
0.27822 0.10629
0.85744 0.29701
0.11118 0.17074
0.10207 0.58384
0.06301 0.23622
0.64723 0.95029
0.05736 0.85788
0.17849 0.15434
0.69350 0.32790
0.21466 0.52028
0.19284 0.40008
0.59570 0.40099
0.55841 0.61035
0.60137 0.62576
0.78191 0.19240
0.99611 0.29846
0.29896 0.87034
0.16126 0.85302
0.29553 0.13823
0.28275 0.58600
0.44576 0.07628
0.84257 0.63396
0.88649 0.99945
0.51851 0.98808
0.09511 0.89401
0.55777 0.95761
0.02696 0.54555
0.61721 0.69114
0.47262 0.85625
0.86554 0.18852
0.77546 0.75354
0.35678 0.72595
0.64754 0.02417
0.33944 0.17543
0.02688 0.95040
0.86730 0.33227
0.50421 0.19007
0.43542 0.07853
0.31608 0.09050
0.54300 0.23192
0.12700 0.97140
0.74867 0.29199
0.10298 0.29133
0.78696 0.09343
0.72942 0.35365
0.09630 0.98310
0.40037 0.85976
0.63320 0.39580
0.69433 0.78579
1.08634 0.29447
0.29439 0.46090
0.75065 0.99538
0.54774 0.85843
0.94976 0.89014
0.52473 0.23882
0.43850 0.08440
0.20499 0.56148
0.04637 0.46156
0.94655 1.02740
0.14287 0.05860
0.74426 0.65823
0.74399 0.44955
0.39925 0.81023
0.36777 0.88343
0.51742 0.31124
0.15251 0.10619
0.45274 0.89632
0.28842 0.28361
0.70757 0.88541
0.28756 0.28658
0.79704 0.12633
0.76083 0.35481
0.30176 0.64461
1.04040 0.80467
0.80742 0.96403
0.67724 0.88765
0.33968 -0.04205
1.17970 0.38133
0.26496 0.51877
0.51901 0.21405
0.62937 0.91220
0.59139 0.45461
0.82305 0.93408
0.35493 0.84877
0.37270 0.89132
0.93191 0.51896
0.44796 0.16084
0.19307 0.09565
0.21401 0.24367
0.77351 0.83904
0.56783 1.13823
0.80621 0.29296
0.26163 0.07532
0.89650 0.87571
0.68553 0.18553
0.22856 0.14622
0.36790 -0.00767
0.63712 0.85897
0.82046 0.65737
0.70393 0.27976
0.83435 0.77738
0.14922 0.69690
0.14762 0.94405
-0.04168 0.87308
0.93253 0.31495
0.69397 0.74046
-0.00514 0.96673
0.27960 -0.02211
0.30594 0.91816
0.63568 0.87665
0.92315 0.80590
0.77146 0.61069
0.48400 0.53946
0.59625 0.74327
0.55388 0.89918
-0.04163 0.63341
0.80789 1.13418
0.42117 0.91692
0.12992 0.93380
0.77043 0.77811
1.14002 0.45363
0.84641 0.30146
0.50373 -0.02071
0.34637 0.94646
1.05106 0.40369
0.11791 1.06141
0.15964 0.83287
0.80682 0.87823
0.25540 -0.07164
0.34339 1.05620
0.24009 0.39165
0.34775 0.41909
0.98243 0.23320
0.81648 0.14731
0.72211 1.04889
0.40852 0.18396
0.27313 0.13805
0.12460 0.77729
0.82077 0.70019
0.07739 0.16201
-0.13502 0.89387
0.82819 0.34216
0.88616 0.76028
0.65797 0.11908
0.79894 1.03911
0.21287 0.49234
1.23643 0.39246
0.06933 0.80074
0.51768 1.02027
0.45795 0.95808
0.79686 0.19764
0.78797 0.33987
0.58387 0.81574
0.14375 0.97860
0.02886 1.07784
0.07807 0.78462
0.02470 1.00084
0.15502 0.09548
0.63717 0.53560
0.44582 0.56894
0.59391 0.11964
0.48567 0.45275
0.67082 0.35739
0.31305 0.35842
0.83924 0.21444
0.36096 1.02118
0.92508 0.36848
0.15321 0.61788
0.78421 0.64842
1.00742 0.38378
0.31275 0.93195
0.87168 0.73890
0.26511 0.32093
0.39757 0.55549
0.67661 0.12247
0.31561 0.24180
0.51306 0.15462
1.03184 0.91428
1.18156 0.44482
0.71144 1.11117
0.91444 0.81750
0.20006 0.27735
0.32868 1.01525
0.73462 0.29945
0.72147 0.55823
-0.12677 0.92453
0.53475 0.76589
0.37817 0.27468
-0.09640 0.97939
0.73455 0.98190
0.70857 0.54207
0.34546 1.01556
0.57267 1.02828
0.85147 0.37581
0.71078 0.14808
0.99579 0.75452
0.64416 0.41665
0.86200 0.93388
0.71958 0.19053
-0.02937 0.60322
-0.08464 0.01237
0.58388 0.32417
0.87651 0.39419
1.05903 0.33848
0.06065 0.86151
0.02894 0.09545
0.15506 0.33124
0.07913 0.43710
0.90381 0.68330
0.90031 0.81409
0.77872 0.26723
0.35168 0.83816
0.62520 1.20387
0.90271 0.86531
-0.02460 0.66603
0.14720 0.68974
0.63209 0.05362
0.56846 0.37158
0.35541 0.74135
0.15086 0.59902
0.03647 0.49734
0.34397 0.89768
0.90492 0.44589
0.90670 1.10733
0.63915 0.92086
0.73481 0.66945
0.36342 1.02152
0.56731 -0.01316
0.35052 0.04928
0.84431 0.88166
0.60858 0.64375
0.72202 0.02263
0.48740 1.12096
0.94751 0.38626
0.09604 0.19611
0.72177 0.89492
0.65950 0.82547
0.83775 0.74841
0.33955 0.27122
0.20654 0.62634
0.12035 0.69926
0.92573 1.02110
0.67181 0.82455
0.73123 0.21104
0.70593 0.19746
0.25137 0.03423
0.47500 0.95244
1.15191 0.85541
0.69184 0.17515
0.10762 0.25399
0.20148 0.38744
0.47467 0.14038
0.55887 0.70028
0.86591 0.29862
0.70040 0.28765
0.23024 0.34192
0.07983 0.96676
0.49092 0.29626
0.09812 0.09888
0.28162 0.20194
0.10252 1.00680
0.87239 1.06309
0.14550 0.59095
0.18509 -0.13020
0.27358 0.89250
0.22225 0.39391
0.90792 0.97101
0.45826 0.84839
0.93867 1.06661
0.81722 0.05963
0.11637 1.06377
0.53152 0.99401
0.27442 0.90748
0.78352 0.27810
0.80585 0.26357
0.96173 0.12836
0.71170 0.34270
0.32324 0.37509
0.93851 0.87231
0.68421 0.38327
0.21972 0.22660
0.38287 0.61329
0.24037 0.94638
0.65963 0.21002
0.64443 0.52594
0.36371 0.98550
0.03093 0.46626
0.70610 0.90005
0.19443 1.03999
0.68835 0.95157
0.77501 0.65211
0.41724 0.86070
0.46531 0.38930
0.64022 0.47852
0.26100 0.50952
0.75361 0.71591
0.55625 0.93387
0.27872 0.84526
0.22706 1.04941
0.25895 1.04015
0.63901 0.31021
0.17433 0.40840
0.42921 0.07145
0.00909 0.88035
0.54454 0.63592
0.52042 0.86870
0.67780 0.05823
0.73267 0.15410
0.71876 0.78405
0.37553 0.37574
0.19829 0.89847
0.10405 0.86812
0.54059 1.05640
0.74333 0.91917
0.74659 0.15027
0.09113 0.85666
1.03122 0.54833
0.13166 0.23628
0.18613 0.43318
0.24277 1.05903
0.96305 0.44109
0.24542 0.97010
0.43863 1.07179
0.31877 0.98034
0.20521 0.52651
0.20286 0.85962
0.94031 0.61396
0.65079 0.92861
1.03140 0.77036
0.44381 0.86676
0.66872 0.99419
0.94008 0.26147
0.52031 0.06468
0.76186 0.66105
0.66245 0.80995
0.54333 0.10902
0.50551 0.08617
0.14714 0.09133
0.74466 0.72557
0.60903 0.34394
0.65966 0.15158
0.44563 0.25066
0.83357 0.22400
0.22042 0.51946
0.32114 0.52555
0.32772 0.09452
0.68717 0.14678
0.68746 -0.07492
0.87660 0.50256
0.57496 0.02016
0.32132 0.45185
0.89460 0.32257
0.67874 0.90326
0.04584 0.92424
0.25591 0.60325
0.57571 1.11842
0.54857 0.03530
0.46728 0.94390
0.48170 0.29130
0.76599 0.59764
0.21826 0.50629
0.62398 0.61486
0.09255 1.01057
0.80873 0.34172
0.47388 0.04283
0.73689 0.69006
0.25734 0.79630
0.57415 0.63499
-0.08715 0.68192
0.02027 0.81634
0.21577 0.89032
0.36496 0.55972
0.86601 0.95550
0.80456 0.71535
0.27578 0.08862
0.80590 0.43237
0.16444 0.08013
0.63378 0.05719
0.04539 0.39402
0.48488 1.00296
0.37867 1.14527
0.62584 0.96507
0.05502 0.25811
0.07428 0.30346
0.43619 0.92186
0.10727 0.73370
0.37499 1.10192
-0.00349 0.93119
0.34883 0.25113
0.06668 0.59345
0.87630 0.32117
0.92215 0.79527
0.47301 0.35471
0.30417 0.56810
0.84089 0.55847
0.26964 0.36234
0.07345 0.54615
0.64400 0.62139
0.35623 0.23606
0.50789 0.27925
0.61475 0.18450
0.63867 1.12674
0.23210 0.94746
0.48829 0.07201
0.14135 0.84679
0.68935 0.25206
0.18923 0.65674
0.97442 0.92451
0.12843 0.74991
0.50962 0.13162
-0.02110 0.94994
0.79288 0.36127
0.48829 -0.03744
0.63693 0.21429
1.04557 0.17762
0.00153 0.25123
-0.05581 0.14251
1.01532 0.61713
0.26319 0.48482
1.05673 0.30084
0.78712 0.17892
0.81604 -0.03543
0.38322 0.01323
0.45048 0.02159
0.09098 0.86057
0.17285 0.70346
0.87967 0.37746
0.60446 0.88628
0.30709 0.84824
0.55155 0.71511
0.82294 0.79969
0.18404 0.04527
0.61514 1.03524
0.45034 1.04856
0.17665 0.23025
0.08299 0.21733
0.69163 0.82454
0.83784 0.68885
0.92289 0.83164
0.46870 -0.15792
0.52305 0.88921
0.16923 0.09639
0.35347 0.14818
0.97823 0.29130
1.01649 0.48244
0.32355 0.97363
0.20485 0.19062
0.04316 0.98181
0.42684 -0.03395
0.99055 0.23151
0.13319 0.43331
0.52770 0.26035
0.79118 0.22425
0.06480 0.38589
0.35870 0.74110
0.66090 0.87775
0.52104 0.86000
0.17917 0.22190
0.19865 1.00475
0.15222 0.96467
0.82246 0.37195
1.05028 0.99481
0.99010 0.96209
0.60317 0.68278
0.42550 0.28937
0.23061 0.73385
0.16470 1.05668
0.27831 0.56396
0.70396 0.31605
0.08531 0.15115
1.02372 0.85292
0.06190 1.09703
0.19781 0.91096
0.86332 0.48733
0.67971 0.74711
-0.00997 0.93326
0.58661 0.13441
0.28578 0.77740
0.60797 1.09662
0.39124 0.98461
0.99678 0.43586
0.48906 0.93174
0.66442 0.24287
1.01008 0.89864
0.60681 1.18202
0.64268 0.27250
0.53774 1.02291
0.64936 0.29630
0.17607 0.96778
0.21238 0.21921
0.54685 0.05221
0.09388 0.60289
0.35290 0.46926
0.36649 0.50206
0.14881 1.05629
0.05108 0.70969
0.42657 0.05467
0.69606 0.63225
0.49534 0.95533
0.22960 -0.06344
0.80529 1.00008
0.88416 1.05909
0.39491 -0.04095
0.90435 0.37246
0.83867 0.71316
0.18224 0.16074
0.68015 0.86326
0.56457 0.48564
0.39320 0.21668
0.56318 0.34819
0.38998 0.69396
0.27269 0.54686
0.48548 1.11488
0.58896 0.80836
0.56039 0.32883
0.13235 0.96207
0.09992 0.98859
0.14098 0.91847
0.01442 0.24113
0.13313 0.10275
0.97157 0.18640
0.10778 0.96766
0.51077 1.00736
0.44736 0.88579
0.67221 1.03212
0.13711 0.44659
0.80841 1.11221
0.67179 0.90193
0.73983 0.65926
0.95324 0.96241
0.15337 0.19952
0.68779 0.05687
0.31161 0.83012
0.68529 0.89065
0.11058 0.91419
0.99227 0.38386
0.79933 0.15341
0.10872 1.00592
0.42765 1.09420
0.02971 0.34023
0.65645 0.85188
0.19310 0.79599
0.55831 0.97687
0.95708 0.27141
0.22521 0.55937
0.60855 0.82687
0.01928 0.15109
0.10737 0.14378
0.03460 0.07243
0.92788 0.35141
0.67583 0.36722
-0.02685 0.25203
0.70803 1.01042
0.76639 0.75361
0.46591 0.04775
0.58221 1.02561
0.47215 0.15747
0.88251 0.26917
0.67378 0.73326
0.31829 0.75743
0.92908 0.71320
0.28110 0.92650
0.11901 -0.00056
0.07322 0.59715
0.15214 0.79999
0.60986 0.41839
0.01111 0.79200
0.60587 0.36566
0.75551 0.62596
0.94409 0.19624
0.72964 0.80576
0.69227 0.57404
0.65843 1.08572
0.63503 0.37893
0.75635 0.77212
0.46409 0.81742
0.93581 0.72373
0.21073 0.90506
0.03742 0.76594
0.89604 0.80277
0.74441 0.70198
1.15229 0.30288
0.80368 0.93500
0.22181 -0.01631
0.85894 0.63519
0.05551 0.89285
0.60605 0.28263
0.20559 0.17501
0.92311 0.81536
0.63049 0.45563
0.46667 -0.04367
0.21922 1.03312
0.50679 0.92233
0.04327 1.00696
0.11779 0.03526
0.15553 0.23146
0.49081 0.15646
0.39348 0.32325
0.15784 0.63686
0.29262 0.03434
0.80904 0.81563
0.09579 0.21293
0.83568 0.24979
0.02892 0.23845
0.65989 0.82982
0.68680 0.06636
-0.05663 0.70357
0.51203 0.07501
0.49344 0.20065
0.55752 0.27100
1.02872 0.28769
0.62509 0.25813
0.09057 0.12906
0.23976 0.17391
0.16521 0.39381
0.07902 0.60495
0.65321 0.52653
0.05592 0.35036
0.63523 0.27551
0.99085 0.25991
0.37263 0.90088
0.71937 0.97665
-0.15800 0.76606
0.95671 0.47875
0.59677 0.96183
-0.00570 1.04926
0.95487 0.39611
0.60302 0.96805
0.85690 0.19270
0.00977 0.04459
0.61720 0.84671
0.12621 0.45184
0.65109 0.84002
0.23355 0.07139
0.49979 1.04329
0.60250 0.40211
0.26594 0.36560
0.51298 0.08747
0.31902 0.96059
0.39043 0.86632
0.93748 0.31283
0.68113 0.35652
0.20114 0.69361
0.52346 0.27103
0.05851 1.06241
0.67773 0.00732
0.89309 0.87597
-0.03091 1.02935
0.53695 -0.18215
0.11715 0.54682
0.99218 0.65695
0.34610 0.73556
0.79488 0.09605
0.30291 0.95770
0.89229 0.91164
-0.02974 0.85575
0.07621 0.15639
0.10822 0.34077
0.60745 0.28955
0.83227 0.34640
1.02653 0.28074
0.40670 0.56765
0.10512 0.94877
0.17172 0.10472
0.59142 0.10014
0.89615 0.70842
0.85260 0.04112
0.54001 0.93951
0.39818 0.41213
-0.08519 0.71257
0.39169 0.86359
1.04739 0.41610
0.34780 0.53150
0.66345 0.67727
0.27397 0.66926
0.57259 1.04759
0.74904 0.52298
0.74046 0.65357
0.91682 0.85087
0.54515 0.28134
0.51269 0.25815
0.90104 0.27374
0.30872 0.13919
0.44664 0.19060
0.84731 0.71394
0.50850 0.97170
0.79774 0.35995
-0.03726 0.67801
-0.04690 0.81265
0.71290 0.05027
0.47311 1.08241
0.95627 0.28622
0.51692 1.05308
0.50461 0.42873
0.67774 0.86302
0.79353 0.59786
0.27055 0.55354
0.49133 0.87384
0.06632 0.28663
0.73118 0.26995
0.12680 0.62501
0.29356 0.98842
0.29014 0.07114
0.63140 0.62467
0.85288 0.67774
0.34259 0.35356
0.52972 0.93183
0.64323 0.49012
0.22591 1.03341
0.11211 0.65090
0.67965 0.74522
0.59982 1.14370
0.94004 0.29094
0.63664 1.19374
0.93286 0.38139
0.22416 0.24186
0.82330 0.57897
0.81280 0.19145
0.94716 0.88733
0.29969 0.64670
0.21556 0.21108
0.03051 0.96740
0.99555 0.77340
0.78135 0.83114
1.00929 0.31637
0.70871 0.11282
1.02153 0.38216
0.74636 0.76521
0.22369 0.22375
0.45365 0.36326
0.74338 0.99585
0.99262 0.16078
1.04435 0.81697
0.49608 0.17246
0.18078 0.92050
0.92380 0.46675
-0.13519 0.64966
0.02899 0.91651
1.00464 0.55926
0.32442 0.99119
0.84416 0.93882
0.13614 1.04514
0.88326 0.41726
0.90259 0.91736
-0.02164 0.20614
1.13963 0.40623
0.25718 0.20814
0.60626 1.14308
0.41658 0.63944
0.21900 0.21222
1.02220 0.32751
0.23550 0.66421
0.68371 1.13691
0.47909 1.01149
0.95380 0.37878
0.03339 1.05800
0.26247 0.62399
0.41955 0.85447
0.89562 0.32387
0.81875 0.39365
0.21745 0.89866
0.06924 0.87855
0.32858 0.53845
0.01947 0.70697
0.03181 0.47756
0.92622 0.90822
0.41132 1.01962
0.75002 0.77221
0.44737 0.75845
0.87146 0.42034
0.71362 0.60337
0.66898 0.19742
0.41544 0.08428
0.16772 1.07044
0.25098 0.88717
0.90657 0.90380
0.03104 0.75576
0.24907 0.73336
0.55777 -0.07744
0.25636 0.42816
0.01825 1.11522
0.96995 0.78517
0.43109 0.76887
0.02857 0.89646
0.56335 0.56461
0.48372 0.35492
0.18736 0.90051
0.90164 0.24302
0.38846 0.10393
0.96461 0.71360
0.30893 -0.00841
0.81731 0.17406
0.67043 0.01770
0.19396 1.06688
-0.01885 0.99408
0.31632 1.00287
0.44236 0.99609
0.91385 0.33674
0.64969 1.03542
0.05529 0.67955
0.68193 0.74194
0.27657 0.95272
0.79118 0.68230
0.54694 0.05959
0.53027 0.99094
0.15191 0.61862
0.77038 0.77359
0.64436 0.18824
0.73657 0.27390
0.54036 0.10949
0.20210 1.04674
0.07742 1.02663
0.20785 0.93618
1.02471 0.87421
0.63969 0.41937
0.47135 0.83781
0.93320 0.48509
0.47516 0.07211
0.79709 0.86908
0.79479 0.47363
0.99400 0.29886
0.66906 0.79290
0.38209 1.06888
0.57497 0.33498
0.69233 0.25178
0.32337 0.16192
0.37269 0.17465
0.63770 0.73579
0.25097 0.54028
0.11791 0.98410
0.32543 0.05499
0.55673 0.34440
0.68201 0.93885
0.10641 0.20811
0.75932 0.46760
0.43748 0.29303
0.57867 0.91287
0.33838 0.95391
0.77891 0.87620
0.89321 0.06977
0.40581 1.06656
0.84361 0.35678
0.71868 0.23326
0.34985 0.72051
0.64243 1.00383
0.93385 0.10342
0.05028 1.11885
0.39239 0.85769
0.30127 0.07881
0.22377 0.23380
0.10771 0.82046
0.13073 0.22985
0.63583 0.38275
0.37969 0.35791
1.02811 0.79896
0.62440 0.23472
0.62310 0.71710
0.13435 0.95646
0.29556 1.00386
0.94911 1.05851
0.61824 1.08100
0.66037 0.40231
0.02547 0.96568
0.85313 0.87973
0.22304 0.33260
0.51021 0.14061
0.15770 0.45269
0.83301 0.11860
0.47968 0.34466
0.09556 1.08990
0.11948 0.93222
0.99373 0.36805
0.34471 0.15392
0.84328 0.47088
0.16817 0.60535
0.01387 0.93915
0.48119 0.93125
0.37250 0.88921
0.62155 0.92204
0.37402 0.51703
0.36098 0.11233
0.19883 0.71965
1.02008 1.04141
0.11123 0.97185
0.87602 1.00113
0.73535 0.26830
0.84272 0.31539
1.03556 0.13775
0.58091 0.10988
0.82977 0.20872
0.67467 0.94616
0.69334 0.95857
0.62531 0.64656
0.35724 0.83956
0.05256 0.15231
0.47696 0.83885
0.42635 0.85439
0.44582 1.00111
0.29052 0.31779
0.93393 0.70832
0.81988 0.76104
0.18929 0.86074
0.71998 0.70203
0.94223 0.59468
0.47688 1.03963
0.62424 0.91301
0.89658 0.64959
0.02187 0.58591
0.96575 0.36760
0.84148 0.24253
0.64597 0.28280
0.33679 0.18630
-0.01178 0.93677
0.84311 0.94045
0.42934 1.06743
0.91953 0.77756
0.72361 0.78523
0.81553 0.67176
0.23767 0.47789
0.17640 0.48936
0.73557 0.27897
0.41117 0.74483
0.48395 0.96820
0.10477 0.66308
-0.01094 0.98353
0.98808 0.84540
0.89632 0.93077
0.48067 0.95136
0.44980 0.85684
0.01702 0.08587
1.07340 0.57178
0.75301 0.57701
0.01309 0.97627
0.79150 0.17635
0.82043 0.09508
0.12963 0.05967
0.70560 0.84988
0.89707 1.02140
0.77683 0.29376
0.54378 0.27751
0.41101 0.15752
0.92933 0.39593
0.72701 0.31973
0.07318 0.51943
0.52424 0.09052
0.99433 0.45915
0.46813 0.97106
0.66380 0.59252
0.85651 0.99720
0.72599 0.40955
1.10732 1.10829
0.99935 1.01012
0.82740 0.25608
0.49649 1.01719
0.88949 0.37420
0.64943 0.69243
0.78716 0.94538
0.54834 0.45626
0.12494 -0.01215
0.69334 0.13544
0.13948 0.83471
0.88411 0.36620
0.61723 0.78740
0.16445 0.60728
1.08058 0.21851
0.75042 0.74183
0.08360 1.10448
0.45233 0.14378
0.64556 0.24354
0.63376 0.27281
0.08943 0.58102
0.73480 0.93917
0.52669 0.06962
0.31550 0.26487
0.67824 0.43536
0.27867 0.33599
0.91432 0.96062
0.07255 0.06883
0.75620 0.37330
0.21113 0.33272
0.17187 0.92369
0.42564 0.59283
0.74143 0.38267
0.63784 0.32482
0.97365 0.90699
0.05841 0.11514
0.91436 0.29174
0.76448 0.86667
0.81658 0.78124
0.81592 0.42276
0.72954 0.04143
0.63835 0.94489
1.00982 0.17714
0.33520 0.23254
0.81784 1.03066
0.10196 1.11597
0.10156 1.10523
0.80588 -0.15501
0.55658 0.91296
0.27107 0.27120
0.22390 0.63984
0.91379 0.27049
0.47066 0.01210
0.86886 0.38845
0.41199 1.07668
0.05712 0.93337
0.82702 0.30250
0.47193 0.84022
0.20257 0.33683
0.83236 0.64822
0.83349 0.22506
0.66500 0.38522
0.15074 -0.01417
0.75115 0.74069
0.74397 0.84353
0.14856 0.44942
0.25774 0.76369
0.40364 0.50809
0.35649 0.96590
0.56926 0.53800
0.45580 0.11838
0.10818 0.10863
0.57823 0.33988
0.98880 0.35616
0.57945 0.17162
0.13155 0.80181
0.87125 0.92794
0.17409 0.09171
0.01656 0.30476
0.84363 0.24756
0.62605 0.62204
-0.07014 0.03124
0.39049 1.06228
1.15341 0.24443
0.87940 1.03448
-0.01830 0.81237
1.11610 0.49044
0.91527 0.39815
0.17207 0.09756
0.45694 0.58150
0.91743 0.30051
0.43276 0.05905
0.87785 0.68095
0.19814 0.14405
0.11606 1.02441
0.61076 0.90376
0.40040 0.97813
0.83157 0.76482
0.68774 0.01723
0.90540 0.65784
0.57874 0.35947
1.06030 0.33078
0.48096 0.02942
0.01577 0.71379
0.35007 0.43447
0.00949 0.92934
0.14782 1.05428
0.76897 0.58365
0.58144 0.92942
0.25295 0.21108
0.64972 0.85025
0.68418 0.26857
1.02665 0.56214
0.24615 0.96767
0.51622 0.84601
0.31645 1.05602
0.70410 0.64130
0.97344 0.15793
1.05339 0.66414
0.50739 0.06715
0.42117 0.98033
0.15504 1.02423
0.96450 0.78881
0.23209 0.34341
0.83398 0.35320
0.15843 0.27256
0.03881 0.37075
0.77148 0.60978
0.54699 0.17632
0.60403 0.99240
0.75237 0.22010
0.16012 1.11786
1.07266 0.42332
-0.01935 0.04433
0.78927 0.24326
0.64465 0.87834
0.68894 0.36268
0.20612 0.90652
0.57603 0.87501
0.53260 0.06648
0.15528 0.26661
0.71406 0.38092
0.56165 0.17208
0.72204 0.67660
0.79594 0.12252
0.66512 0.22618
0.53159 0.83351
0.54052 1.12750
0.15234 0.92346
1.03251 0.90085
0.33517 1.04601
0.74109 0.55836
0.11242 0.27306
0.98662 0.22570
0.86123 0.26177
0.23273 0.21381
0.50723 0.77992
0.22153 0.36822
0.37914 1.03879
0.70256 0.63052
1.08978 0.37446
0.50755 0.79507
0.38350 0.99547
-0.04745 0.90448
0.05292 0.05387
0.99179 0.77630
1.02848 0.36895
0.73820 0.89566
0.69831 0.68754
0.83753 0.68674
0.95650 0.90249
0.93254 1.17845
0.88302 1.04829
0.93050 0.72840
0.13682 0.71495
0.04376 0.77200
0.19069 0.30812
0.00206 0.88130
0.84820 0.58482
0.29278 0.59870
0.82575 0.76274
0.14424 0.77811
0.40623 0.64950
0.50462 0.38434
0.08242 0.45820
0.79754 0.80711
0.58299 0.32352
0.64407 1.13871
0.40417 1.06125
0.05096 0.96582
0.94869 0.35762
-0.01197 0.16518
0.15947 0.10477
0.85113 0.88441
0.10564 0.89141
0.06920 0.17272
0.13110 0.24009
1.02356 0.37796
0.71393 0.21437
0.93512 0.25593
0.23687 0.88680
0.77596 0.45646
0.16343 0.18896
0.06443 0.94224
0.87871 0.14006
0.28830 0.62020
0.51160 0.20852
0.08815 0.98261
0.09619 0.52357
0.01591 0.11063
0.68710 0.71118
0.08123 0.66093
0.26945 0.05640
0.51151 0.39524
0.74244 0.82155
0.21859 -0.01832
0.71672 0.99962
0.87508 0.78246
0.71886 0.30852
0.10746 1.09895
0.30745 0.55728
0.60001 0.18789
0.24878 0.40249
0.16257 0.88602
0.54729 -0.13426
0.09911 1.04064
0.27044 0.10481
0.57976 0.39526
0.38905 0.14191
0.17693 0.08543
0.84009 0.44954
0.41894 0.83203
0.51466 0.66709
0.87673 0.27941
0.23468 0.13315
0.86804 0.36910
0.60541 0.66801
0.82179 0.74431
0.91339 1.08056
-0.01840 0.91748
0.24476 0.97529
0.35611 0.28890
0.57442 0.92186
0.17142 0.13766
0.71284 0.24076
0.55544 0.32644
0.62682 0.88472
0.39080 0.82314
1.01900 0.34514
0.78257 0.81740
0.08772 0.94836
0.28719 0.47101
0.48493 0.93713
0.03745 1.17291
0.45739 0.74940
0.56049 0.10770
0.47049 -0.00093
0.06291 0.85272
0.66536 0.19768
0.05262 0.71723
0.49906 0.43146
0.80857 0.57371
1.08547 0.83465
0.98806 0.85448
0.44421 0.12881
0.46590 1.12722
0.68501 0.11256
0.61953 0.29410
0.61379 0.99382
0.12483 0.89902
0.83598 0.37430
0.55847 0.61189
0.47080 0.46138
0.06426 0.89270
0.47841 0.19068
0.94910 0.21408
0.12627 0.79523
0.53804 1.03682
0.66136 0.23274
0.41390 0.87269
0.93091 0.36193
0.54959 0.09190
0.00956 0.60581
0.55678 0.89340
0.26075 0.12837
0.19226 0.15653
0.68322 0.85476
0.45111 0.38487
0.56134 1.02219
0.54117 1.06816
0.23822 0.73623
0.25577 0.39387
0.30099 1.08623
0.86501 0.41384
0.22241 0.65262
0.15369 0.55837
0.78823 0.09958
0.06396 0.45584
0.83614 0.68643
0.33742 0.99095
0.18110 0.21648
0.06028 0.97997
0.04727 0.89563
0.99535 0.85589
0.55454 0.06676
0.22944 1.05288
0.53607 0.09093
1.01527 0.30194
0.07345 0.67635
0.21376 0.25896
0.25461 0.67035
0.66371 0.13011
0.68466 0.49291
0.52055 1.00715
0.20478 0.93159
0.84004 0.49777
0.46015 1.12483
0.95435 0.44596
0.72581 0.06517
0.56737 0.08572
0.89094 1.04972
0.77956 0.29337
0.93257 0.59696
0.03830 0.96204
0.86536 0.90380
0.09321 0.09795
0.92481 0.80908
1.05654 0.36178
0.49973 1.05672
-0.00195 1.08538
0.28949 -0.02812
0.12484 -0.02602
0.74143 0.38285
0.13537 0.08054
0.30587 0.02195
1.08530 0.49216
0.69920 0.70180
0.57334 0.94309
0.12803 0.38006
0.74879 0.77830
-0.02112 0.79335
0.46260 0.90517
0.74182 0.13071
0.47274 0.98225
0.43342 0.43153
0.26780 1.05746
0.66967 0.23617
0.81174 0.75523
0.63044 0.17028
0.09365 1.09589
0.61632 1.08670
0.13319 0.93848
0.33255 1.01585
0.22640 0.55264
0.57143 0.07000
0.65608 0.64181
1.00516 0.52971
0.21248 -0.00295
0.62352 0.58914
0.69072 0.13579
-0.11092 0.88524
0.18284 0.85153
0.23547 0.28756
0.61644 0.77997
0.59080 0.70716
0.58547 1.11478
0.72837 0.48632
0.47873 0.99522
0.88990 0.22444
0.67863 0.27108
0.77422 0.22458
0.11977 0.14438
0.71274 0.14916
0.78331 0.85117
0.34475 0.78787
0.98221 0.38363
0.71452 0.96312
0.66268 0.23593
0.44815 0.27321
0.68702 0.69809
0.26112 1.02827
0.60295 0.96180
0.66236 0.70454
0.10603 0.88074
-0.12351 0.53345
0.96732 0.90054
0.16739 1.01348
-0.07719 1.00658
0.89459 0.94998
-0.00275 0.09257
0.66933 0.65046
0.71636 0.22720
0.19900 0.50740
0.15274 -0.10482
0.52393 0.32095
0.86871 0.37877
0.73820 0.35296
0.94973 0.32837
0.93768 0.97844
0.12643 1.04824
0.85873 0.81917
-0.01821 0.89179
0.62914 0.74620
0.15806 0.80819
0.87380 0.75529
0.10913 0.91349
0.87398 0.76503
0.85610 0.38516
0.87650 0.33773
0.80316 0.85544
0.23507 0.54780
0.31841 0.56507
0.54497 0.87412
0.44017 1.06136
0.68436 0.31548
0.76149 0.43103
0.28501 0.40947
0.68256 0.94815
0.50873 -0.01154
0.43499 -0.00759
0.80390 0.14478
-0.00743 0.62572
-0.00284 0.98410
0.27358 0.95786
0.47605 0.33480
0.12733 0.16725
0.52312 -0.03615
0.59284 0.23452
-0.02172 0.85315
0.62667 0.34010
0.24970 0.05022
0.80384 0.69654
0.25169 0.11684
0.24642 1.09502
0.63142 0.31762
0.22691 0.45344
0.97260 0.35446
1.03371 0.24890
0.91408 0.41030
0.69047 0.91147
0.85588 0.75059
0.96086 0.81377
0.69418 1.22983
0.85759 0.09278
0.61402 0.28557
0.16836 1.07948
0.57488 1.02065
0.94044 0.47144
0.69372 0.10322
0.81884 0.60348
0.73786 0.65937
0.68584 0.93597
0.83807 0.91681
0.22915 0.85763
0.09919 0.54885
0.43944 0.63550
0.91737 0.39657
0.98327 0.26662
0.15714 0.74557
0.91220 0.99754
0.72702 0.88070
0.18182 0.20059
0.36659 0.85097
0.59474 0.76452
0.84681 0.40991
0.18980 0.80399
0.10943 0.19842
0.15915 0.11967
0.90484 0.13331
0.59118 0.54030
0.13301 0.94191
0.38454 0.82130
0.90903 0.92961
0.86148 0.39919
0.76485 0.90710
0.42609 1.13119
0.58536 0.64645
0.53729 0.17087
0.76868 0.28670
0.62210 0.87280
0.79376 0.98338
0.52956 0.95391
0.74945 0.50514
0.94053 0.85148
0.84061 1.01663
0.55348 1.01462
0.32168 0.90166
0.66469 0.92331
0.67035 0.41741
0.96391 0.74108
0.42738 1.02678
0.01219 0.90902
0.81720 0.71681
0.85591 0.62594
0.78691 1.05168
0.63616 0.18283
0.80789 0.34455
0.87369 0.86985
0.07976 0.42771
0.29643 0.27982
0.61161 0.16899
0.14919 0.99095
0.17494 0.05270
0.75322 0.97494
0.61309 0.96929
0.20535 0.34898
0.72233 0.05396
0.69216 0.78554
-0.04900 0.83883
0.85015 0.82831
0.03186 0.05305
0.72414 0.78798
0.76254 0.68888
0.38906 0.08227
0.65848 0.30838
0.30210 1.15706
0.94976 0.44583
0.82941 1.08902
0.89114 0.11978
0.63820 0.57671
0.84265 0.28420
0.33940 0.31816
0.10579 0.79970
0.63926 0.40297
0.61041 0.71889
0.20047 0.39634
0.26895 0.04985
0.80340 0.47680
0.87077 1.02654
0.51053 0.83846
0.35668 -0.10200
0.86668 0.92353
0.87891 0.82528
0.74929 0.89231
0.82113 0.13299
0.20693 0.05092
1.07159 0.20664
1.02859 0.18570
0.84613 0.35920
0.64613 0.94193
0.62135 0.74248
0.81063 0.88709
0.50189 0.94156
0.12183 0.12274
0.08926 0.14393
0.21324 0.40128
0.06157 0.04366
1.22451 0.33750
0.71728 1.12476
1.06177 0.61723
0.44294 0.84475
0.57050 1.03566
0.69820 0.85442
-0.02250 0.66320
0.68088 0.58070
0.70580 0.85768
0.57501 0.42374
0.47247 0.92001
0.49772 0.24608
0.60746 0.96364
0.94264 0.66588
0.92918 0.93342
0.71567 0.77842
0.24380 0.19810
0.17949 0.48375
0.06113 -0.05512
0.91926 0.31536
0.06334 0.83059
0.20279 0.26028
0.08430 0.02377
0.81304 0.71191
0.17867 0.86328
0.67185 0.10280
0.50061 0.09274
0.37299 0.22523
0.73563 0.96323
0.31953 0.56025
0.35772 0.90925
0.52024 1.12727
0.24208 0.21026
0.98141 0.95823
0.00510 0.72853
0.13149 0.88357
0.69988 0.09701
0.37544 0.86951
0.03521 0.86709
0.31273 0.31219
0.86616 0.22620
0.32262 0.30972
0.80803 0.73279
0.50587 0.93478
0.47899 0.94790
0.52588 0.88615
0.35797 0.24430
0.95241 0.34325
-0.13327 0.39978
0.77933 0.79219
0.08375 0.92351
0.00469 0.10664
0.59919 0.04155
0.73203 0.19357
0.96109 0.30572
0.12177 0.08239
0.71633 0.96740
0.79505 0.23272
0.73887 0.25123
0.65386 0.96012
1.07794 0.35814
0.79839 0.12089
0.39073 0.23530
0.24000 0.56538
0.16638 0.98164
0.26097 0.22764
0.67819 1.02320
0.79776 0.64762
0.35795 0.86195
0.81858 0.41305
0.75602 0.29324
0.26835 1.06192
0.89751 0.24096
0.18888 0.10539
0.86996 0.56408
0.76314 0.95363
-0.08147 0.66955
0.29913 0.75228
0.70711 0.86787
0.71384 0.28183
0.26610 0.52629
0.44499 1.09431
0.69718 0.80502
0.26555 0.28353
1.02059 0.19137
0.14064 1.13856
0.70022 0.96397
1.09176 1.04724
0.11151 0.07667
1.03966 0.31119
0.49908 -0.03433
0.00523 0.15555
0.95130 1.03485
0.94854 0.44460
0.80212 0.74563
0.73799 0.49459
0.16324 1.02487
0.82563 0.15557
0.73042 1.03431
0.59011 1.03941
0.66163 0.24345
0.09323 0.96185
0.13812 1.01922
0.47058 -0.07491
0.69478 0.73348
0.36835 0.90479
0.13527 1.02644
0.05908 0.76616
0.78728 0.85417
0.16777 0.87008
0.77729 0.84627
1.00642 0.06721
0.11620 0.17412
0.59127 0.30546
0.48370 0.90374
0.68431 0.80401
0.07820 0.89566
1.08634 0.68759
0.71819 1.12579
0.60745 0.26923
0.14759 0.12676
0.54392 1.02008
0.04753 0.26536
0.01322 0.94561
0.08435 0.21666
0.34838 1.00932
0.76566 0.12263
1.00518 1.01396
0.62332 0.50578
0.31198 0.36196
0.73926 0.62977
0.86766 0.27600
0.93017 0.12965
-0.11124 1.03457
-0.03699 0.67384
0.93291 0.53362
0.47342 1.03576
0.09079 1.05730
0.62108 0.93975
0.78029 0.25554
0.18142 0.20287
0.36611 0.98892
0.69709 0.80888
0.26488 0.10059
0.94801 0.78742
0.83372 0.11529
0.44255 0.01875
0.18369 0.98454
0.12970 0.51277
0.66433 0.26793
0.13950 0.48780
1.02917 0.35114
0.79619 0.87347
0.23851 0.15488
0.12642 0.57170
0.39246 0.93209
1.15598 0.24627
0.66363 1.10366
0.44223 0.06828
0.27304 0.71382
0.74013 0.41887
0.63431 0.23797
0.28431 0.90431
0.79861 0.72058
0.69353 -0.04692
0.56123 1.01355
0.43386 0.54364
0.97360 0.33409
0.22785 0.09467
0.72038 0.13682
0.33939 0.89863
0.13473 0.74754
0.30431 0.70924
0.78796 0.72450
1.03348 0.41706
0.18566 0.47566
0.49146 0.88105
0.57298 1.00750
0.31817 0.29996
0.92387 0.08185
0.53531 0.91014
0.27149 0.54446
0.17923 0.14769
0.79433 0.06576
0.67757 0.83622
-0.03505 0.78903
0.27095 0.95395
0.28441 -0.00122
0.49489 0.97358
0.19437 0.47557
0.70335 0.26351
0.33855 0.46799
0.71252 0.89902
0.81783 0.65098
0.68679 0.97504
0.06567 0.78600
0.92001 0.52707
0.51394 0.11129
0.20092 0.93517
0.01969 0.86103
0.02826 0.94212
0.50871 0.48216
0.13682 0.84615
0.90723 0.42018
0.65817 1.06530
0.28706 0.18621
0.16418 0.92631
0.60120 0.88247
0.98678 0.41591
-0.06206 1.14047
0.67804 0.08133
0.42980 0.11733
0.94218 0.15558
0.90074 0.47022
0.60056 0.93012
0.46062 0.77051
0.65974 1.02358
0.57234 0.90459
0.78052 0.99372
0.09563 1.01302
0.42791 0.97770
0.10645 0.95366
0.17766 0.21079
0.53603 1.00434
0.60590 1.05653
0.25762 0.91386
0.19531 0.23202
0.34490 0.55088
0.40454 1.00717
0.30261 0.96530
0.82212 0.78898
0.58617 0.16894
0.20186 0.93423
0.91038 0.99316
0.36256 0.40772
0.24333 0.05518
0.66628 0.42699
0.13810 0.33049
0.89875 0.22332
0.68000 0.33932
0.88795 0.68359
1.02693 0.82231
-0.22003 0.84602
0.67846 1.04619
0.17792 0.45753
0.87029 0.52829
-0.02861 0.89021
0.42098 0.03067
