0.73146 0.67370
0.44397 0.41988
0.51751 0.67559
0.91589 0.26528
0.47904 0.77426
0.26947 0.83994
0.56486 0.10076
0.55169 0.10559
0.34894 0.83143
0.43309 -0.12650
0.51810 0.13358
0.51405 0.11720
0.90930 0.37446
0.76920 0.12557
0.25168 0.62978
0.61104 0.21436
0.29555 0.85155
0.75058 0.71695
0.25330 0.67229
0.67592 0.00139
0.89598 0.13522
0.75190 0.29672
0.24342 0.70191
0.41843 0.77735
0.67681 0.65466
0.60555 0.02407
0.85435 0.14902
0.25666 0.75201
0.34399 0.53890
0.25469 0.10961
0.43411 0.73209
-0.00216 0.60648
0.43689 0.14160
0.87090 0.68822
0.80119 0.73276
0.88190 0.39362
0.83425 0.47147
0.51761 0.79515
0.40496 0.77572
-0.05383 0.19153
0.09309 0.56843
0.93376 0.83724
0.88207 0.63811
0.70313 0.65942
0.00751 0.81492
0.07362 0.54324
0.50769 0.00981
0.57417 0.37839
0.67826 0.84742
0.52410 0.28995
0.69320 0.60447
0.78631 0.16106
0.84598 0.17647
0.86259 0.66939
-0.01850 0.87189
0.14886 0.46285
0.62396 0.16164
0.54202 0.18748
0.91943 0.69358
0.75420 0.05730
0.80071 0.65968
0.87977 0.56804
0.65152 0.59681
0.67669 0.32231
0.49236 0.49021
0.65616 0.66568
0.56489 -0.24295
0.49909 0.65322
0.04018 0.87521
0.59709 0.10888
0.09490 0.60294
0.41326 0.78894
0.66006 0.59238
0.69009 0.12201
-0.07987 0.73672
0.49112 0.22316
0.06502 0.24117
0.50618 0.74024
-0.01640 1.00859
0.54569 0.86228
-0.02979 0.20672
0.63499 0.70029
0.68106 0.86403
0.05687 0.87656
0.63084 0.45895
0.28613 0.58996
0.09481 0.25453
0.46061 0.10704
0.54627 0.78685
0.31394 0.72326
0.06892 0.45381
-0.02161 0.11068
0.77350 0.69982
0.58674 0.61315
0.51776 0.59263
0.19105 0.71122
0.94609 0.17609
0.93978 0.75749
0.25208 0.74622
0.00002 0.80340
0.06473 0.59315
0.87749 0.84162
0.75286 0.84103
-0.15648 0.70841
0.09629 0.73320
0.22408 0.68525
-0.00861 0.75901
0.26417 0.46371
0.45833 0.09135
0.41113 0.68568
0.48672 0.87558
0.43910 0.78532
0.21447 0.69961
0.38189 0.72076
0.76338 0.25197
0.32102 0.75522
0.29157 0.66757
0.37290 0.36674
0.23373 0.24254
0.63761 0.71468
0.82472 0.41791
0.74675 0.23079
0.71815 0.80859
0.88238 0.16515
0.64485 0.43955
-0.06153 0.60004
0.08625 0.34431
0.75815 0.87513
0.66980 0.23736
0.79837 0.72066
0.27235 0.66515
0.79168 0.20894
0.50047 0.60413
0.17366 0.87895
0.55331 0.74447
1.00544 0.35183
0.92894 0.15983
0.08736 0.25893
0.53980 0.56945
0.12829 0.68602
0.45655 0.22088
0.59056 0.74443
0.33439 0.64742
0.43234 -0.01455
0.54133 0.72795
0.14162 0.74550
0.89506 0.64684
0.73365 0.69558
0.92673 0.46908
0.40091 0.74592
0.55654 0.09601
0.64813 0.77742
0.42390 0.09494
0.82376 0.49447
0.83507 0.75476
0.44228 0.26785
0.18609 0.65171
0.71829 0.75938
0.08020 0.61551
0.33032 0.87072
0.67245 0.49737
0.27455 0.51969
0.48444 0.85851
0.24589 0.87891
0.47703 -0.20653
0.46963 0.25188
0.48385 0.09552
0.82276 0.11989
0.36887 0.72053
0.02234 0.57158
0.20488 0.74314
-0.08697 0.22181
0.52120 0.69962
0.27775 0.83232
0.29862 0.74868
0.70033 0.27770
0.46635 0.55431
0.01482 0.48910
0.37422 0.06513
0.40590 0.72729
0.03639 0.80343
0.38004 0.77395
0.55712 0.67065
0.38645 0.86606
0.69975 0.65202
0.58520 -0.02057
0.28302 0.44312
0.74232 0.65257
0.40020 0.49720
0.33177 0.89844
0.08948 0.73649
0.31344 1.03076
0.41950 0.15104
0.39778 0.67721
0.53630 0.55210
0.68412 0.84930
-0.02900 0.23358
0.21476 0.97976
0.81395 0.44450
0.72034 -0.03032
0.93025 0.49084
0.43807 0.47063
0.11336 0.67389
-0.15135 0.75134
0.79601 0.64947
0.46306 -0.08701
0.22749 0.61476
-0.02867 0.03459
0.63464 0.12181
0.17306 0.68549
0.46073 0.49151
-0.07395 0.81534
0.12235 0.74900
0.89666 0.37490
0.33409 0.69876
0.55452 0.61768
0.60215 0.61792
0.37369 0.81401
0.35374 0.64250
0.46002 0.25454
0.46708 0.24303
0.05194 0.63219
0.47401 0.43643
0.08132 0.63700
0.48451 0.85365
0.56552 0.23372
0.70562 0.57783
0.77197 0.85527
0.84024 0.53009
0.64901 0.20436
0.59635 0.66101
0.83696 0.22522
0.84685 0.12725
0.97328 0.63832
0.51953 0.59392
0.33461 0.39798
0.50436 0.57798
0.83193 -0.05780
0.55886 0.87824
0.69505 0.22671
0.62496 0.69561
0.05360 0.22600
0.40741 0.69092
0.29225 0.86400
0.76317 0.17224
0.62499 0.93644
0.93345 0.80691
0.61721 0.73971
0.82640 0.81292
0.35384 0.20899
0.49703 0.04794
0.22430 0.58535
0.51433 -0.07656
0.63964 0.63016
0.26953 1.04483
0.38775 1.00400
0.63506 0.68267
0.49603 -0.11630
0.48786 -0.05609
0.60263 0.71380
0.31958 0.71412
0.59606 0.72120
0.92409 0.71834
0.54406 0.86311
0.55329 0.45867
0.68076 0.05533
0.36807 0.84505
-0.00605 0.60450
0.51311 0.58216
0.77033 0.72416
0.90226 0.52133
0.13580 0.54386
0.51453 0.55187
0.73015 0.04007
0.04433 0.66764
0.71212 0.22243
0.26619 0.62785
0.28322 0.64806
0.19817 0.57127
0.22535 0.84216
0.78493 0.69470
0.05960 0.62383
0.69473 -0.01640
0.71470 0.56578
0.25058 0.63060
0.74311 0.76279
0.36027 0.76308
0.69157 0.18162
0.48389 0.33002
0.11864 0.85341
0.32502 0.90579
0.90449 0.50023
0.35669 0.76693
0.04736 0.92874
0.29173 0.70852
0.93785 0.50203
0.66599 0.24736
0.43526 0.13991
0.82348 0.15098
0.17916 0.69088
0.41519 0.18448
0.09963 0.22971
0.09372 0.14958
0.25042 0.72489
0.51484 0.70360
0.69978 0.70080
0.57496 0.11521
0.36305 0.19815
0.73165 0.25907
0.48734 0.24524
0.08969 0.81587
0.44016 -0.07700
0.30130 0.71351
0.26151 0.59147
0.05924 0.25714
-0.08521 0.18581
0.37768 0.75255
0.48246 0.82450
0.56141 0.01699
0.45857 0.04405
0.47659 0.06881
0.06809 0.53384
0.15814 0.93987
0.15252 0.65658
0.33325 0.70901
0.48775 0.58428
0.50360 -0.01439
0.25324 0.83388
1.04072 0.53357
0.63198 0.81726
0.20022 0.57516
0.08499 0.14154
-0.02665 0.83835
0.63353 0.09201
0.47157 0.76208
0.66116 0.62709
1.03242 0.49459
0.60368 0.01894
0.91888 0.77142
0.51524 0.61462
0.28935 0.75210
0.80079 0.30918
0.82445 0.93257
0.92557 0.47009
0.22184 0.63897
0.54274 0.89425
0.38625 0.55994
0.90688 0.89653
0.31478 0.54776
0.43740 0.05691
0.23307 0.71359
0.84356 0.64446
1.03317 0.07560
0.86855 0.16545
0.57211 0.73582
0.87204 0.55266
0.68365 -0.11609
0.66769 0.60308
0.26948 0.57671
0.43809 0.30853
0.55888 0.61885
0.88945 0.59613
0.23213 0.73503
0.56948 0.01906
0.32204 0.82774
0.41427 0.83554
0.46627 0.73080
0.49927 0.56619
0.30684 0.41181
0.52548 0.63722
0.01781 0.86288
0.28760 0.76087
0.38049 0.74770
0.78807 0.72380
0.48703 0.81848
0.47383 0.59459
0.94683 0.61826
0.57999 0.16315
0.50672 0.42700
0.42407 0.06531
0.16318 0.62340
0.35282 0.75108
0.18764 0.52804
0.05628 0.57142
0.51343 0.47732
-0.20317 0.80247
0.52242 0.76189
0.49700 0.57959
0.26918 0.45749
0.37781 0.92117
0.47227 0.85560
0.34211 0.18692
0.53429 0.45656
0.32048 0.67331
0.48217 0.84689
0.88955 0.38765
0.89579 0.59052
0.38315 0.37419
0.99298 0.79221
0.32106 0.88821
0.89268 0.46555
0.89388 0.47727
0.33774 0.71031
0.69407 0.55885
0.02227 0.23003
0.31660 0.72598
0.55147 0.13482
0.96609 0.46583
0.91220 0.52279
0.79158 0.67019
0.55829 -0.02915
0.59851 0.56058
0.51308 0.10330
0.79741 0.51080
0.75982 0.53598
0.09785 0.75067
0.00101 0.80297
0.53348 0.26272
0.04499 0.68845
0.84870 0.65257
0.69886 -0.11606
0.47225 0.66069
0.37277 0.62659
0.76396 0.28801
-0.04402 0.88412
0.20768 0.69509
0.60327 0.47581
0.53813 -0.11683
0.81077 0.72920
0.83603 0.63839
0.21918 0.69633
0.75831 0.63227
0.08560 0.56579
0.83675 0.69409
0.09872 0.76629
0.88951 0.69768
0.47822 0.76001
0.53269 0.61401
0.85174 0.66318
1.03401 0.42480
0.90086 0.53058
0.72933 0.64352
0.78822 0.54323
0.45988 0.17081
0.93227 0.90906
0.78312 0.80852
0.60649 0.09678
0.90626 0.62223
0.51986 0.00863
0.19384 0.70739
0.54302 0.79878
0.42250 0.84830
0.74696 0.73174
0.76739 0.86240
0.73821 0.50242
0.14408 0.65696
0.49883 0.32050
0.83718 0.55376
0.85662 0.46181
0.80311 0.85889
0.53246 0.75260
0.89958 0.77641
0.44482 0.33209
0.75649 0.92018
0.25620 0.69933
0.55008 0.75679
0.78978 0.76857
0.49353 -0.14495
0.94471 0.46387
0.10705 0.75576
0.12307 0.68639
0.42025 0.73283
0.87487 0.09024
0.76006 0.09152
0.61844 0.23612
0.79492 0.46035
0.25447 0.60309
0.90097 0.49233
0.25875 0.99174
0.64036 0.47479
0.51982 0.63507
0.59565 0.18062
0.35122 0.77266
0.51359 0.78196
0.60019 0.68424
0.32135 0.74156
0.78307 0.67345
0.60664 0.63959
0.82419 0.79979
0.61804 0.12383
0.35951 0.36570
0.53383 0.14609
0.62052 0.67341
0.57553 0.27703
0.31595 0.12455
0.44674 0.75949
-0.01611 0.84036
0.62355 0.54429
0.76344 0.45206
0.48073 0.71903
0.27013 0.62632
0.10456 0.75521
0.34907 0.37434
0.05154 0.90990
0.21099 0.48036
0.48380 -0.11007
0.68453 0.58983
0.49926 0.48084
0.64639 0.72083
0.73806 0.26248
0.86257 0.90233
0.07524 0.66286
0.51204 0.72419
0.79947 0.63639
0.25524 0.67633
0.57634 0.35682
0.42448 0.37439
0.44899 0.16339
0.63926 0.01235
0.25150 0.58755
0.73777 0.05250
0.51741 0.64995
-0.00331 -0.00944
0.89653 0.58377
0.24826 0.51957
0.64803 0.10499
0.19439 0.70708
0.54948 0.11826
0.50065 0.36031
0.36525 0.38084
0.60195 -0.03370
0.73470 0.67884
0.44150 0.65633
0.38508 0.73817
0.57007 0.12211
0.82760 0.40227
0.66216 0.71360
0.94772 0.14382
0.05874 0.99422
0.43551 0.13728
0.13623 0.88959
0.24550 0.53004
0.76105 0.82089
0.18944 0.74389
0.47619 0.21385
0.28768 0.63412
0.18427 0.57141
0.72315 0.88461
0.60935 0.69156
-0.06369 0.98034
0.81622 0.91036
0.44364 0.76921
0.53985 0.60219
0.36080 0.78174
0.38978 0.17243
0.08956 0.60611
0.12873 0.84072
0.48961 0.11975
-0.01766 0.22172
0.72594 0.22829
0.70851 0.73817
0.42289 0.84273
0.57882 0.88081
0.54921 0.66184
0.66413 0.78899
0.80984 0.42108
0.14174 0.34306
0.55102 0.56725
0.58703 0.75711
0.50157 -0.04825
0.85766 0.07238
0.54697 0.66824
0.76302 0.58163
0.84758 0.71768
0.66766 0.62649
0.32630 0.61630
0.51690 0.15824
0.12963 0.77193
0.39628 0.72120
0.53195 0.61842
0.32915 -0.09712
0.78481 0.64910
0.24925 0.80705
0.52290 0.07981
0.19348 0.50379
0.55164 0.33891
-0.05316 0.87922
0.77920 0.60924
0.62456 -0.14304
0.58885 0.38094
0.65599 0.60572
0.46078 0.24734
0.32435 0.78548
0.45947 0.92938
0.08703 0.60321
0.74042 0.74493
0.71880 0.58641
0.37481 0.74009
0.46790 -0.03720
0.49805 0.51612
0.51012 0.57396
0.95843 0.63628
0.74237 0.69535
0.23352 0.64951
0.81148 0.03610
0.83833 0.67205
0.69543 0.27184
0.50266 0.39334
0.11463 0.97413
0.63401 0.78708
0.46843 0.53520
0.10283 0.91896
0.84255 0.63374
-0.07240 0.81401
0.45913 0.71645
0.91173 0.77970
0.95134 0.63095
0.00664 0.84930
0.88201 0.78355
0.37184 0.81951
0.88671 0.65325
-0.05950 0.18115
0.16391 0.70472
0.49599 0.70933
0.38879 0.67976
0.10586 0.91092
0.47826 0.11411
0.14356 0.58488
0.57119 -0.01088
0.46592 0.66826
0.59415 -0.08575
0.64183 -0.03745
0.42957 0.80492
0.64017 0.51436
0.79700 0.24888
0.02836 0.46198
0.73565 0.72771
0.79355 0.62195
0.76287 0.89660
0.84892 0.64651
0.15138 0.18880
0.30071 0.62328
0.92803 0.66410
0.58691 0.16392
0.39234 0.74182
0.40618 0.09420
0.57260 0.32540
0.15353 0.24782
0.27861 0.79031
0.50671 0.04876
0.52449 0.78863
0.79161 0.58299
1.09273 0.67571
0.28692 0.51047
0.68346 0.52625
0.41476 0.80150
0.82870 0.88724
0.34335 0.99551
0.93543 0.59224
0.76757 0.88395
0.09769 0.44676
0.51133 0.62351
0.15259 -0.09141
0.16266 0.56017
0.07191 0.56344
-0.00327 0.48545
0.44555 0.16777
0.43623 0.90278
0.69682 0.67655
0.11679 0.80442
0.53996 0.61428
0.39144 -0.01784
0.01118 0.88578
0.32038 0.67812
0.83610 0.20449
0.46711 0.78741
0.74771 0.43260
0.11779 0.65221
0.47145 0.71211
0.21596 0.76178
0.42441 0.72783
1.05929 0.05226
0.32338 0.77251
0.54363 0.09425
-0.05138 0.31062
0.37872 0.66222
0.55866 0.21488
0.15753 0.69557
0.16419 0.60269
0.55833 0.69563
0.04325 0.47877
0.46299 0.55947
0.10231 0.78739
0.39752 0.89751
0.56873 0.06643
-0.06387 0.02640
0.15992 0.89678
0.26299 0.36529
0.87813 0.15476
0.77693 0.81682
0.12150 0.54399
0.86825 0.27014
0.55010 0.81888
0.45972 0.72810
0.83324 0.59687
0.52461 -0.04281
0.98030 0.67494
0.60444 0.11200
0.02458 0.30605
0.38806 0.69877
0.46132 0.85771
0.93337 0.32461
1.01509 0.07977
0.59631 0.75651
0.92581 0.50000
0.72865 0.65525
0.26685 0.05145
0.69603 0.75150
0.30995 0.79055
0.07086 0.63848
0.43587 0.65801
0.19156 0.67877
0.11257 0.52339
-0.13307 0.33281
0.28941 0.79876
0.78441 0.04484
0.26375 0.74356
0.33969 0.79044
0.03990 0.63257
0.25632 0.70600
0.06869 0.61464
0.78844 0.72900
0.46101 0.67746
0.54917 0.07571
0.59961 -0.04026
0.25387 0.58325
0.69853 0.14762
0.14223 0.53826
0.55034 0.08133
0.10339 0.13932
0.48037 0.70752
0.77380 0.70835
0.05202 0.13653
0.54254 0.75125
0.46143 0.71932
0.50512 0.91407
0.68681 0.60117
0.73305 0.76503
0.81939 0.77737
0.61897 0.05552
0.54841 0.35539
0.26412 0.77973
0.43860 0.02851
0.30480 0.63097
0.76185 0.82929
0.74758 -0.03988
0.22119 0.80338
0.12503 0.18388
0.60691 0.78675
0.63441 0.79942
0.71912 0.10301
0.87524 0.40104
0.51254 0.22673
0.32095 0.75638
0.39027 0.83939
0.44036 -0.09268
0.68843 0.09576
0.66197 0.57075
0.29594 0.64783
0.63164 0.57111
1.05502 0.59387
-0.08248 0.92965
0.07388 0.13077
0.84920 0.79774
0.59933 0.12848
0.33459 0.72028
0.98894 0.49739
1.03797 0.79839
0.41910 0.32429
0.88244 0.71202
0.21514 0.72184
0.61565 0.21435
0.01764 0.04208
0.25999 0.91470
0.30360 0.89023
0.04538 0.30653
0.69136 0.81879
0.90857 0.34624
0.44834 0.11435
0.25440 0.74948
0.86640 0.80654
0.85623 0.03845
0.39435 0.83118
0.51454 0.65206
0.86921 1.01680
0.57389 0.33500
0.60546 0.40695
0.25520 0.90997
0.27301 0.03053
0.28738 0.87106
0.48100 0.68106
0.61257 0.60287
0.21312 0.73000
0.32140 0.73264
0.32027 0.80678
0.44427 0.65178
0.35593 0.76311
0.23836 0.50529
0.88134 -0.05712
0.29853 0.84472
0.31289 0.68394
0.66057 0.80875
0.42296 0.67248
0.11405 0.84235
0.16112 0.14110
0.18316 0.73343
-0.08606 0.65718
0.59494 0.66273
0.18778 0.71993
0.75131 0.73390
0.41703 0.66594
0.41466 0.14652
0.49564 0.12623
0.92020 0.48243
0.62034 0.12649
0.28785 0.75988
0.42860 0.55475
0.24942 0.58707
0.72379 0.26369
0.59238 0.04833
0.21084 0.63457
0.56081 0.04321
0.04772 0.74179
0.08577 1.00198
0.09506 0.78051
0.68367 0.01142
0.20087 0.50101
0.39527 -0.03689
1.10663 0.42041
0.83319 0.75730
0.56817 -0.11216
0.63571 0.56587
0.01583 0.80509
0.58424 0.27170
0.51521 0.87350
0.88957 0.46869
0.58482 0.06117
0.24437 0.86788
0.79171 0.78128
0.28573 0.90986
0.47420 0.39821
0.88766 0.60379
0.22137 0.55695
0.11336 0.53727
0.61946 0.04426
0.56790 -0.06199
0.52558 0.68402
0.20548 0.86109
0.87056 0.70812
0.45087 -0.03769
0.26630 0.65660
0.42017 0.08069
0.91126 0.16894
0.93769 0.79085
1.01553 0.45469
0.15256 0.43670
0.45637 0.29262
0.52972 0.28282
0.50589 -0.05363
0.38267 0.23459
0.75928 0.29737
0.44594 -0.03604
0.74583 0.53832
0.44881 0.70408
0.03661 0.68269
0.79863 0.61829
0.11279 0.43553
0.57210 -0.02630
0.81986 0.13649
0.20522 0.45079
0.04971 0.27478
0.66077 -0.17581
0.53293 0.12797
0.79645 0.58213
0.41008 0.72230
0.84121 0.16582
0.57450 0.65910
0.61723 0.12830
0.66336 0.61205
0.03727 0.19479
0.44451 0.67897
0.22622 0.60105
0.70359 0.21345
0.82163 0.15031
0.68473 0.05418
0.37603 0.70465
0.91580 0.68071
0.14588 1.02943
0.55342 0.67987
0.89281 0.08556
0.69194 0.82522
0.53520 0.07080
0.59412 0.06247
0.78363 0.72575
0.07611 0.60096
0.06194 0.87338
1.01289 0.60347
0.79059 0.58577
0.63681 0.68146
0.52672 0.45461
0.89014 0.83432
-0.03950 0.16208
-0.05455 0.20845
-0.01829 0.69212
0.58028 -0.00474
0.11491 0.71337
0.24778 0.65913
0.19332 0.62908
0.64760 0.33486
0.90906 0.54601
0.53065 0.47195
0.18839 0.10000
0.61190 0.59013
0.59677 0.45759
0.61173 0.45403
0.66606 0.40420
0.56873 0.57867
0.08050 0.85035
0.59567 -0.16164
0.29703 0.62940
0.49064 0.14526
0.19667 0.74028
0.00712 0.52869
0.80430 0.55638
0.18543 0.61384
0.70366 0.77572
0.47168 0.78864
0.62954 -0.04775
0.58752 0.32764
0.52595 0.13841
0.57555 0.15044
0.85250 0.64262
0.41239 0.65928
0.07063 0.20339
0.62931 0.71147
0.26777 0.58254
0.52459 0.26177
0.03687 0.49562
0.00841 0.58900
-0.06403 0.25679
0.53574 0.18610
0.97095 0.26252
0.20393 0.70647
0.02759 0.73933
0.84371 0.68811
0.37578 0.14670
0.64425 0.17048
0.21677 0.76213
0.27025 0.74479
0.59549 0.15069
0.45709 0.20040
0.89485 0.70347
0.36788 0.71407
0.85684 0.74162
0.72660 0.07657
0.66504 -0.09543
0.08349 -0.08785
0.50018 -0.19806
0.54593 0.05262
0.04322 0.64296
0.67949 0.08290
0.75748 0.63857
0.08390 0.61497
-0.01728 0.80658
0.66365 0.18064
0.49143 0.26060
0.69358 0.63309
0.70310 0.27115
0.17716 0.97514
0.21527 0.84147
0.36601 0.73860
0.42857 0.17128
0.48338 0.79322
0.65677 0.59369
0.67342 0.08867
0.19407 0.59287
0.97241 0.61179
1.00105 0.46246
0.27918 0.69956
0.52671 0.16828
0.24003 0.75738
0.39100 0.71814
0.45586 0.75429
0.37684 0.05282
0.70282 0.55292
0.13416 0.20295
0.32948 0.55124
0.60101 0.68064
0.62279 -0.05117
0.23614 0.86080
0.65615 0.85385
0.58196 0.79671
0.83139 0.95851
0.56351 -0.03389
0.35530 -0.11093
0.04209 0.79782
0.36474 0.63188
0.76537 0.64696
0.37171 0.51915
0.61308 0.69987
0.97142 0.33977
0.56242 0.01784
0.32498 0.63208
0.84842 0.29184
0.65001 -0.05974
0.57548 0.67227
0.59294 0.08071
-0.21119 0.83787
0.39856 0.04918
0.28891 0.76559
0.06770 0.58171
0.18902 0.54237
0.42402 0.24147
0.59409 0.54752
0.66041 0.83415
0.85569 0.72803
0.79531 0.74394
0.69210 0.61355
0.19129 0.09359
0.37256 -0.03912
0.01118 0.53885
1.08747 0.42634
0.52825 0.85199
0.47243 0.55356
0.26336 0.61597
-0.17234 0.11203
0.88758 0.81920
0.22153 0.64702
0.72649 0.76806
0.42865 0.13775
0.25233 0.96115
0.69712 0.63396
0.68361 -0.21786
0.62407 -0.04734
0.94727 0.50750
0.89116 0.62218
-0.06166 0.86820
0.41351 0.64227
0.91244 0.54504
0.25331 0.83674
0.80972 0.42955
0.50872 0.19142
0.62657 0.05851
0.17590 0.16869
0.61510 0.76567
0.62529 0.77685
0.56648 -0.11527
0.20571 0.67035
0.09215 0.49190
0.31646 0.74329
0.70682 -0.01650
0.87935 0.74872
0.54782 0.08237
0.40855 0.76788
0.38346 0.82391
0.51565 0.14041
0.52049 0.69205
0.06442 0.75729
0.71815 0.57621
-0.13937 0.49804
0.40810 0.73461
0.63538 0.62266
0.31708 0.86435
0.60564 0.69875
0.07715 0.70163
0.10084 -0.12465
0.44371 0.84106
0.18134 0.81957
0.48319 0.30007
0.09332 1.00960
0.18209 0.71912
0.42877 0.66001
0.17437 0.55854
0.40669 0.74437
0.45140 0.71819
0.36426 0.78045
0.32145 0.92651
0.90411 0.46419
0.29111 0.71513
0.82395 0.56910
0.09546 0.18469
1.01399 0.50830
0.84021 0.66259
0.60849 -0.12973
0.70095 0.19995
0.36850 0.91438
0.62374 0.54680
0.44617 0.83976
0.01079 0.86933
0.92763 0.72598
0.36503 0.65562
0.23195 0.64415
0.97590 0.44706
0.33007 0.65934
0.50456 0.30936
0.62569 0.14127
0.38722 0.11493
0.54044 0.21349
0.21179 0.58771
0.18055 0.55535
0.39326 0.67634
0.26884 0.53274
0.84196 0.56907
0.83157 0.58655
0.32566 0.78910
0.56779 0.30807
0.63550 0.72283
0.62227 0.29607
0.52696 0.11091
0.15768 0.59039
0.24714 0.67521
0.54799 0.00251
0.31782 0.52112
-0.09233 0.57089
0.76228 -0.02957
0.82985 0.80460
0.64420 -0.10544
0.59439 0.44641
0.44119 0.33867
0.37576 0.12065
0.89189 1.01827
0.72887 0.68036
0.50063 0.05540
0.74007 0.78383
0.58025 0.72504
0.91009 0.76720
0.88187 0.57374
0.42395 0.17342
0.02925 0.79750
0.95127 0.45400
0.16824 0.74727
0.56743 0.03534
0.03892 0.12410
0.39416 0.76310
-0.03925 0.02475
0.20123 0.76013
0.50599 -0.09874
0.59434 0.53332
0.72367 0.28632
0.02727 1.07156
0.13092 0.73937
0.35335 0.69604
0.38492 0.81775
0.77110 0.82647
-0.01581 0.14752
0.12720 0.21131
0.58109 -0.03514
0.56044 0.62374
0.10915 0.00423
0.97874 0.65937
0.15106 0.56562
0.40003 0.64002
0.87134 0.58398
0.41803 0.60776
0.47969 0.13442
0.53937 -0.06968
0.37666 0.65565
0.56214 0.72432
1.10623 0.56946
0.43193 0.12277
0.27279 0.77536
0.44637 0.88934
0.66185 0.66620
0.26593 0.68005
0.32387 0.77499
-0.08031 0.98367
0.63245 0.37670
0.40646 0.57660
0.78162 0.66488
0.42073 0.86426
0.10973 0.95164
0.77181 0.53484
0.91799 0.75326
0.02584 0.53021
0.85995 0.58398
0.47221 0.88352
0.92643 0.63550
0.68713 -0.00944
0.32351 0.70144
0.55318 0.10688
0.56526 0.38668
0.93969 0.88031
0.49492 0.63476
0.62230 0.08826
0.53129 0.20067
0.36511 0.74595
0.71759 0.18300
0.56353 0.52632
0.24641 0.83237
0.98890 0.62776
0.11981 0.18965
0.63367 0.03598
0.82411 0.21198
0.58153 0.57349
0.74910 0.40942
0.15589 0.74934
0.95498 0.60971
0.28277 0.55823
0.72744 0.30803
0.24676 0.81895
0.63397 0.67357
0.96567 0.89802
0.42164 0.92377
1.00831 0.50397
-0.11207 0.80984
0.35991 0.56028
0.62452 0.68946
0.49975 0.66227
0.06376 0.55572
-0.04906 0.82382
0.59466 0.23629
0.47705 0.19082
0.28982 0.63814
0.41395 0.94051
0.73916 0.69922
0.68610 0.47512
0.03335 0.86750
0.45411 0.70680
0.03079 0.74129
0.44977 0.73881
0.34358 0.62175
0.78227 0.41361
0.13350 0.81561
0.25703 0.68572
0.76962 0.73909
0.79637 0.14875
0.86255 0.79916
0.56849 0.34443
0.45001 -0.26457
0.42254 0.27122
0.30592 0.63580
0.44696 0.58449
0.69972 0.26606
0.74497 0.83387
0.59046 0.01065
0.53467 0.53259
0.42500 0.65307
0.32907 0.70605
0.65487 -0.03971
0.28549 0.65470
0.29637 0.75197
0.89793 0.81826
-0.02134 1.04988
0.42240 0.84638
0.97374 0.42985
0.82993 0.33266
0.23860 0.70155
0.68057 -0.02912
0.95830 0.77334
0.41218 0.71554
0.47980 0.66634
0.45246 0.75870
0.17219 0.66783
0.54330 0.72258
0.82635 0.50411
0.26911 0.45404
0.48476 0.76502
0.15255 0.76106
1.00387 0.63750
0.84427 0.14149
0.23545 0.72854
-0.11575 0.08629
0.76717 0.25747
0.20242 0.80123
0.24647 0.65847
0.39088 0.61396
0.74793 0.60281
0.55613 0.43303
0.11827 0.66346
0.62729 0.24572
0.40995 0.77117
0.20658 0.82095
-0.00080 0.89956
0.53243 0.58879
0.34795 0.62962
0.43897 0.23606
0.04403 0.08268
0.79387 0.83256
0.31544 0.57054
0.40369 0.84559
0.58989 -0.09077
0.44129 0.56853
0.23528 0.54520
0.47943 0.75457
0.14227 0.45315
0.37176 0.86610
0.88505 0.79910
0.73515 0.67279
0.56006 -0.11128
0.82389 0.08972
0.73835 0.56602
0.45772 0.84922
1.03085 0.66159
0.77076 -0.01565
0.59133 0.13805
0.46567 0.14040
0.41728 0.70814
0.52643 0.19300
0.17481 0.74394
0.10657 0.44484
0.26346 0.56691
0.42231 0.78031
0.47973 0.21350
0.36478 0.20980
0.51467 0.24328
0.96174 0.43514
0.55635 0.43711
0.58244 0.04637
0.18183 0.85674
0.45049 0.07423
0.56637 0.55038
0.77750 0.55249
0.84389 0.26578
0.46155 -0.07073
0.61725 0.77705
0.72381 0.65233
0.19978 0.74664
0.78909 0.78623
0.26591 0.82939
0.45881 0.77581
0.39273 0.42040
0.83684 0.75220
0.72825 0.69212
0.93313 0.62987
0.70395 0.96159
0.37761 0.30403
0.40837 0.74788
0.08327 0.82224
0.36065 0.24488
0.68225 0.86945
0.31765 0.85661
0.29314 0.75450
0.12192 0.58100
0.10440 0.50843
0.07195 0.63201
0.30253 0.54945
0.85169 0.48107
0.23828 0.63186
0.21756 0.72201
0.70468 0.82557
0.43655 0.25023
0.72020 0.30072
0.60509 0.30130
0.15473 0.64201
0.05362 0.84273
0.51366 -0.06735
0.59981 0.00485
0.25603 0.83579
0.55773 -0.06729
0.40815 0.41567
0.45670 0.69983
0.67438 0.10977
0.70383 0.17474
0.40796 0.78250
0.29362 0.68295
0.37996 0.80018
0.77982 0.42509
0.61349 0.16152
-0.07357 0.22233
0.52849 0.67216
0.46055 0.66694
1.06315 0.43832
0.88436 0.85506
0.68667 0.67576
0.65156 0.29897
0.66209 -0.07745
0.93255 -0.03311
0.66554 0.62360
0.17508 0.72988
0.01126 0.13839
0.62612 0.19442
0.32093 0.73227
0.39886 0.11099
0.19142 0.56804
0.50408 0.56230
0.20545 0.60428
0.67978 0.55269
0.09369 0.77853
0.18155 0.57919
0.91367 0.35020
0.49068 0.61617
0.02821 0.87803
0.81208 0.62573
0.67863 0.61929
0.02384 0.44452
0.62381 0.08518
0.54434 0.06508
0.79339 0.09329
0.85616 0.83788
0.39468 0.81092
0.71975 0.06315
-0.00431 0.57280
0.66747 0.71476
0.03163 0.16315
0.04655 0.72967
0.40085 0.11454
0.85054 0.68006
0.26348 0.71832
0.55005 -0.11802
0.58466 0.47063
0.81882 0.23528
0.29337 0.64967
0.53801 0.71261
0.37381 0.09022
0.88751 0.53407
0.58179 0.13883
0.76325 0.61361
0.48812 0.71545
0.40176 0.79269
0.74021 0.81672
0.56105 0.18178
0.35934 0.94030
0.12086 0.79010
0.56508 0.77762
0.04878 0.72770
1.05552 0.17483
0.59839 -0.03827
0.87533 0.13395
0.15646 0.68143
0.73181 0.81750
0.39120 0.13506
0.79392 0.36409
0.55600 0.21116
0.26483 0.86428
0.52995 0.70536
0.97621 0.26091
0.10408 0.62511
0.54537 0.99210
0.23860 0.51754
0.12113 -0.01073
0.32307 -0.12776
-0.00050 0.04292
0.50804 0.80487
0.93685 0.83353
0.69993 0.05157
0.52275 0.65190
0.45650 0.14570
0.87655 0.48847
0.59075 0.67277
0.58376 0.15143
0.46445 0.53297
0.13496 0.83227
0.48079 0.66748
0.46702 0.84380
0.15885 0.52290
0.41215 0.62930
0.73233 0.25961
0.54038 0.64088
0.28897 0.71138
0.77559 0.26330
0.41976 0.83783
0.52130 0.72464
0.40544 0.88791
0.71295 0.00238
0.17240 0.09859
0.89842 0.24613
0.34855 0.08690
0.47124 0.42099
0.40091 0.34109
0.72579 0.60877
0.54349 0.77228
0.05198 0.94519
0.98392 0.16882
0.32054 0.53623
0.55296 0.10763
-0.06470 0.10294
0.13396 0.64516
0.87469 0.75731
0.25243 0.90709
0.37942 0.81603
0.29487 0.83819
0.73766 0.70469
1.01796 0.50524
0.85241 0.65664
0.29277 0.82696
0.67663 0.29539
0.74197 0.35873
1.05918 0.78394
0.95862 0.19979
0.36240 -0.00995
0.55073 0.55171
0.41302 0.50437
0.93140 0.77499
0.70586 0.63195
-0.01128 0.82331
0.29747 0.26314
0.56236 0.61512
0.46052 0.15882
0.47308 0.65150
0.75819 0.07659
0.95211 0.13798
0.80528 0.62756
0.28974 0.82485
0.55263 0.07146
0.72122 0.84807
0.14881 0.32188
0.68474 0.04532
0.86797 0.77046
0.41097 0.34260
0.80731 0.94426
0.90914 -0.04440
0.78704 0.59400
0.28544 0.31116
0.98778 0.22006
0.12644 0.53040
0.91884 0.49547
0.22302 0.67909
0.01214 0.56138
0.57150 0.10524
0.32216 0.89730
0.79194 0.24654
-0.04259 0.21719
0.49223 0.08397
0.55645 0.18240
0.04742 0.34612
0.63986 0.56280
0.53777 0.04168
0.69664 0.50188
0.85063 0.64534
0.47723 0.81174
0.52222 0.08101
0.78139 0.76577
0.06384 0.88072
0.54652 0.88176
0.36493 0.56511
0.42847 0.90709
0.73203 0.80361
1.01726 0.49057
0.42074 -0.10434
0.34325 0.22080
0.89856 0.38056
0.18219 0.70361
0.38427 0.84339
0.66440 0.55348
0.02202 0.11064
0.38629 0.07897
0.38969 0.41615
0.92692 0.83778
0.43126 0.84099
0.30076 0.93296
0.53532 0.08304
0.28703 0.72188
0.28928 0.73025
-0.14649 0.89006
0.53204 0.87713
0.53389 -0.08004
0.56713 -0.03431
0.57303 -0.12566
0.23590 0.53554
0.40849 0.21146
0.45197 0.03857
0.84654 0.45209
0.54590 0.68520
0.33531 0.40598
0.59759 0.65739
-0.04598 0.89558
0.06954 0.13414
0.48757 0.33008
0.54231 0.43229
0.51954 -0.06114
0.12399 0.78203
0.50739 0.81090
0.05443 0.85831
0.47598 0.37416
0.38549 0.87114
0.36889 0.59950
0.33639 0.73410
0.34233 0.47996
0.37117 0.69655
0.41994 0.31776
0.61868 0.06146
0.76529 0.12616
0.86701 0.24697
0.61699 0.16760
0.99934 0.79289
0.80009 0.30530
0.30590 0.75496
0.58179 0.27107
0.50794 0.32853
0.92716 0.52556
0.53512 0.20471
0.43520 0.47168
0.64738 0.71564
0.36816 0.82885
0.49810 0.71122
0.64741 0.09958
0.65530 0.63990
0.69544 -0.01326
0.42502 0.85913
0.62904 0.47869
0.77976 0.82098
0.25215 0.44025
0.97009 0.45879
0.66628 0.30098
0.54088 0.05903
0.50885 0.68205
0.69946 0.27569
0.47770 0.56268
0.63668 0.74023
0.43461 0.74747
0.71177 0.06392
0.45608 0.78944
0.58055 0.78562
0.85851 0.65886
0.66856 0.73004
0.25655 0.63962
0.48218 0.67017
0.48510 0.05326
0.46433 0.76585
0.28309 0.74395
0.62712 0.72260
0.28587 0.60909
0.20603 0.61618
0.36784 0.23922
0.90269 0.65350
0.27016 0.88257
0.28717 0.47888
-0.11114 0.96333
0.77697 0.21816
0.91196 0.23298
0.67983 0.02437
0.45624 0.58902
0.20940 0.43809
0.19643 0.62251
0.77293 0.64105
-0.03878 0.05791
0.17102 0.11713
0.62266 0.21796
0.91355 0.62265
0.85659 0.69087
0.89577 0.70405
0.13575 0.60462
1.03535 0.77341
0.25056 0.69138
0.43879 0.60384
0.57357 0.48950
0.44811 0.57599
0.31149 0.70284
0.90714 0.58446
0.24167 0.58244
0.51912 0.16602
0.51885 0.19199
0.74259 0.12316
0.39731 0.59335
0.68326 0.72632
0.39909 0.14596
0.84603 0.86081
1.02261 0.69646
0.76633 0.75728
0.85651 0.65928
0.27522 0.56392
0.28776 0.80960
0.92249 0.14159
0.84210 0.67795
0.04898 0.97754
0.30525 0.86621
0.83116 0.34613
0.26924 0.78469
0.50997 -0.19817
0.37427 -0.02636
0.65991 0.14669
0.06634 0.21979
0.69295 0.23963
0.52865 0.69000
0.37088 0.71394
0.46730 0.91782
0.60535 0.68203
0.65845 0.71691
0.55704 0.78055
0.24118 0.66721
0.41796 0.02708
0.57976 0.61542
0.45466 0.02877
0.77181 0.11165
0.64141 0.56230
0.96958 0.47994
0.98781 0.66514
0.11683 0.67537
0.55505 0.67688
0.39559 0.52983
0.24243 0.75977
0.15024 0.68439
0.47988 0.24178
0.72523 0.97450
0.56771 0.61044
0.30921 0.53896
0.01709 1.07181
0.21444 0.80772
0.01406 1.05400
0.51375 0.63086
0.82989 0.76085
0.38894 0.64340
0.70995 0.63498
0.80734 0.60895
0.58301 0.61212
0.04346 0.71505
0.63912 0.47393
0.62735 -0.02462
0.34489 0.72611
0.57296 0.59483
0.44762 0.04338
0.58645 0.75651
0.28243 0.08342
0.45827 -0.01610
0.35398 0.63613
0.65217 0.57718
0.76822 0.63382
0.02932 0.16611
0.61131 0.74742
0.69963 0.20071
0.48045 -0.18124
0.85261 0.56218
0.25854 0.32884
0.40894 0.26314
0.12347 0.88470
0.25394 0.78923
0.79205 0.33714
0.26475 0.78919
0.15682 0.71146
0.54554 -0.06603
0.49753 0.63046
0.49399 0.07599
0.98974 0.40725
0.50491 0.52885
0.52644 0.20516
0.27439 0.64969
0.43865 0.62948
0.31525 0.75268
0.27602 0.79967
0.90584 0.38311
0.13530 0.79751
0.37371 0.81046
-0.03665 0.75618
0.96931 0.23268
0.32928 0.73801
0.18575 0.74136
1.00063 0.05613
0.06532 0.10309
0.44542 -0.10255
0.38846 0.12025
0.15729 0.92783
0.35615 0.80493
-0.04386 0.80627
0.27342 0.72251
-0.01941 0.82209
0.25904 0.77602
0.33967 0.72949
0.45663 0.82660
0.51666 0.02265
0.48402 0.10373
0.51172 0.56562
0.19470 0.71316
0.65909 0.63641
0.14371 0.06728
0.50891 0.66166
0.78426 0.49893
0.37727 0.61431
-0.24841 0.88701
0.73857 0.95622
0.53494 0.40831
0.54398 -0.14326
0.53807 0.68061
0.33701 0.77095
0.77242 0.54273
0.53202 0.48687
0.24799 0.82146
0.70768 0.68991
0.49773 0.24058
0.48520 0.76068
0.55921 0.67716
0.38098 0.76107
0.16676 0.63209
1.04724 0.41469
0.45198 -0.02134
-0.13952 0.30963
0.60825 0.60725
0.68458 0.18955
0.01509 0.71564
0.04492 0.24444
0.58780 0.40223
0.93435 0.82003
0.63241 0.13192
0.49773 -0.14368
0.52130 0.81782
0.61110 0.64114
0.66964 0.34694
0.37016 0.73120
-0.12848 0.55155
0.92813 0.61796
0.43505 0.83867
0.30852 0.54610
0.50666 -0.06549
0.59168 0.34638
0.60495 -0.15090
1.02010 0.11143
0.49839 0.11215
0.84084 0.75970
0.78005 0.83957
0.39368 0.18981
0.23181 0.71167
0.88791 0.20599
0.34064 0.02368
0.73264 0.21024
0.50373 -0.10806
0.68458 0.07233
0.45825 -0.07100
0.27152 0.66645
0.34214 0.71380
0.84412 0.38142
0.98891 0.74336
0.29140 0.79346
0.78289 0.16120
0.51616 0.78116
0.55438 0.66809
0.92679 0.59076
0.38472 0.79551
0.92621 0.69742
0.61836 0.61111
0.30894 0.65712
-0.03934 0.29394
0.80779 0.21328
0.01352 0.22222
0.77665 -0.01272
0.60796 0.80237
0.35882 0.83773
0.72395 0.15184
0.61983 0.48221
0.58537 0.11516
0.41375 -0.01106
0.88947 0.41672
0.17020 0.79624
0.34821 0.66361
0.00539 0.21570
0.89354 0.40345
-0.04029 0.50525
-0.00262 0.74882
0.61592 0.73640
0.31402 0.86928
0.49872 0.10864
0.63283 -0.04039
0.43837 0.92321
0.47468 0.63544
0.32405 0.69844
0.65436 0.04499
0.96469 0.51892
0.81537 0.65848
0.32296 0.48798
0.89319 1.01751
0.32646 0.75129
0.43809 0.51930
-0.08772 0.18286
0.10550 0.78995
0.76406 0.76945
0.46488 0.86682
0.38129 -0.20570
0.31978 0.73440
0.49434 0.45489
0.42305 0.80438
0.71510 0.15600
0.46651 0.61320
0.45221 0.16269
0.10562 0.59953
0.57689 -0.06898
0.00857 0.07594
0.47500 0.63510
0.61043 0.74700
0.46131 0.72303
1.05902 0.50826
0.33209 0.87752
0.58578 0.75159
0.50282 0.56332
0.63526 0.64642
0.44413 0.15724
1.09076 0.68950
0.60106 0.78372
0.56579 -0.06923
0.85459 0.11514
0.61104 0.62612
0.61193 0.65430
0.13992 0.71736
-0.05219 0.89397
0.22180 0.80994
0.31064 0.58928
0.51094 0.68799
0.83711 0.61165
0.44337 0.96570
0.61085 0.54544
0.07369 0.48112
0.49221 0.80718
0.02007 0.11960
0.18024 0.62689
0.51629 -0.17034
0.08323 0.76833
0.57641 0.79004
-0.02667 0.29678
0.76949 0.40387
0.49082 0.64851
0.54295 -0.01190
0.60815 0.61698
0.65422 0.65773
0.28463 0.73652
0.25347 0.56944
0.62671 0.14507
0.59674 0.60930
0.51668 0.55437
0.42129 0.03423
0.22099 0.97793
0.82155 0.60143
0.45063 0.69026
0.43560 0.24890
0.75137 0.20845
0.86818 0.52808
0.44542 0.18564
0.47265 0.89749
0.73458 0.76242
0.52422 0.36414
0.47759 0.53487
0.62774 0.45385
0.86349 0.72204
0.25856 0.65977
0.86158 0.48396
0.70737 0.14442
0.68858 0.66300
0.85821 0.57486
0.76587 0.46148
0.65908 0.77425
0.62093 0.38290
0.71892 0.22374
0.47119 0.69285
-0.10405 0.33533
0.63211 0.32343
0.47628 0.27099
0.72684 0.97162
0.62271 0.34615
0.23851 0.74003
0.52038 0.19828
0.44655 0.73904
-0.06637 0.33884
0.83004 0.79325
0.49366 0.21361
0.34511 0.87955
0.43483 0.76075
0.69970 0.88047
0.54350 0.72971
0.46288 0.00336
0.39880 0.72537
0.30114 0.81077
0.37790 0.07373
-0.02095 0.88136
0.20395 0.73846
0.14875 0.61393
-0.02081 0.10344
0.14827 0.72387
0.14624 0.66251
0.28671 0.96152
0.24949 0.74557
0.52054 0.63764
0.62215 0.11969
0.55261 0.62554
0.51722 0.77455
0.60671 0.66367
0.54485 -0.05698
0.71043 0.66396
0.09566 0.63995
0.46788 0.69353
0.65895 -0.14081
0.20620 1.04728
0.18223 0.53548
0.07780 0.69752
0.63798 0.38458
0.25760 0.71736
0.30264 0.24820
0.54089 0.20705
0.75350 0.66149
0.66116 0.81623
0.53726 -0.19934
0.48107 0.72759
0.55077 0.71434
0.97090 0.79889
0.92474 0.53821
0.98791 0.70397
0.19919 0.86190
0.60410 0.80606
0.02232 0.24719
0.22223 0.65201
0.30970 0.62528
0.95152 0.28159
0.41023 0.34444
0.99475 0.59879
0.20834 0.53773
0.21263 0.52666
0.88641 0.46837
0.58725 0.05947
0.83651 0.23149
0.53654 0.78500
-0.05237 0.39347
0.43907 0.73942
0.17408 0.74662
0.20472 0.53587
0.04094 0.69778
0.01790 0.86279
0.74965 0.61450
0.33750 0.71626
0.83197 0.72501
-0.04744 1.05766
0.34153 0.72187
0.56045 0.69092
0.42703 0.64896
0.97592 0.93775
0.36960 0.66472
0.44559 0.20115
0.24487 0.86944
0.18781 0.63095
0.37907 0.08085
0.00981 -0.05572
0.31893 0.61927
0.65909 0.82516
0.87163 0.52646
0.06373 0.85030
0.30693 0.76615
0.44668 0.61960
0.55870 -0.11258
0.87782 0.44979
0.59322 -0.03218
0.25855 0.79264
0.31871 0.27909
0.37378 0.17438
0.46066 0.72503
0.80691 0.47155
0.70242 0.14944
0.52681 0.04697
0.56223 0.06293
0.97299 0.77614
0.23872 0.91685
-0.14215 0.25008
0.70722 0.77348
0.69029 -0.01910
0.57888 -0.04393
0.01615 0.62555
0.39587 0.24792
0.50224 0.08218
0.25582 0.63741
0.55739 0.02222
0.54819 0.22549
0.33840 0.77055
0.55511 0.09816
0.50454 0.00162
-0.01952 0.81381
0.10394 0.19914
0.17056 0.81491
0.55961 0.23882
0.83791 0.45408
0.23296 0.80947
0.71024 0.74294
-0.11917 0.90413
0.35515 0.82772
0.37775 0.69230
-0.09784 0.29587
0.30272 0.79364
0.35273 0.76519
0.65908 0.72691
0.05708 0.12861
0.57755 0.39818
0.47426 0.85956
0.15898 0.73156
0.38730 0.70628
0.04837 0.63959
0.55755 0.13023
0.41735 0.21783
0.49262 0.61610
0.36544 0.25979
0.72516 0.26842
0.24798 0.75913
0.61596 0.33652
0.59079 -0.05509
0.02075 0.73456
0.36202 0.47634
0.61889 0.73537
0.58039 0.78931
0.65206 0.89655
0.20130 0.58071
0.91708 0.59371
0.77054 0.58316
0.62831 -0.02850
0.28950 0.70602
0.41385 -0.00311
0.42467 0.64190
0.91169 0.69745
0.85695 0.22470
0.37587 0.81274
0.00280 0.85715
0.05061 0.81513
0.13568 0.71016
0.09074 0.65120
0.46627 0.66856
0.37379 0.80912
0.50220 -0.11571
0.23546 0.75658
0.03356 0.70897
0.65096 -0.27816
0.79383 0.66987
0.26067 0.65442
0.30112 0.20563
0.66555 0.65661
0.29148 0.74279
0.52562 0.75889
0.74713 0.89626
0.70850 0.80502
0.06947 0.90092
0.64992 0.81824
0.90000 0.14251
0.49315 -0.01870
0.12942 0.53523
0.45241 0.25411
0.45836 0.38946
0.34830 0.10537
-0.06057 0.17640
0.35082 0.49179
0.00423 0.86955
0.39178 0.70577
0.91741 0.51511
0.23435 0.72191
0.75514 0.80781
0.61024 0.76047
0.44086 0.05097
0.44864 0.04736
0.32380 0.86201
0.37173 0.78984
0.40733 0.67789
0.08536 -0.04780
0.12765 0.54782
0.76359 0.62009
0.54833 -0.15222
0.68012 0.76292
0.91029 0.00513
0.93054 -0.02842
0.44095 0.66124
0.07848 0.15589
0.92148 0.54637
0.35647 0.85188
0.25088 0.61618
0.50292 0.26017
0.42433 0.41696
0.50786 0.10516
0.57009 0.72581
0.60006 0.13902
-0.07786 0.13835
0.34637 0.76908
0.42925 -0.21453
0.09200 0.57329
0.50574 0.04641
0.44676 0.91762
0.15082 0.33382
0.36708 0.64607
0.31071 0.71767
0.10436 0.74612
0.82262 0.32112
0.05812 0.86523
0.44092 0.55661
0.13652 0.60102
0.49762 -0.15792
0.74748 0.82296
0.12329 0.57127
0.45261 0.20820
0.64398 0.32668
0.46984 -0.10017
0.91199 0.92929
0.65193 0.82298
0.68365 0.70628
0.30030 0.76090
0.32625 0.72707
0.43103 0.77579
0.54070 -0.08704
0.49301 0.14279
0.31998 0.53169
0.75768 0.57291
0.58754 0.74419
0.16420 0.48176
0.39643 0.15926
0.26654 0.75048
0.60165 0.66742
0.19059 0.18571
0.48691 0.65571
0.07523 0.06590
0.35827 0.84939
0.65457 0.21710
0.24725 0.85620
0.94392 0.45920
0.61278 0.58264
0.55668 -0.03286
0.12002 0.40991
0.96854 0.62828
0.44594 0.92688
0.16500 0.24440
0.65374 0.54792
0.59458 0.63796
0.55463 0.80342
0.12078 0.06577
0.62177 1.00467
0.19634 0.90569
0.48758 0.31099
0.47964 0.01962
0.45620 -0.00673
0.87204 0.67687
0.75287 0.42022
0.88034 0.83547
0.58604 0.84904
0.48702 0.70712
0.55552 0.10099
0.75238 -0.01207
0.72037 0.68470
0.79177 0.83066
0.83879 0.65754
0.39928 0.79607
-0.09946 0.30306
0.04102 0.59209
0.60555 0.17659
0.63719 0.11266
0.24053 0.63979
1.05547 0.43914
0.87403 0.28963
0.20198 0.66106
0.14208 0.61121
0.33522 -0.03075
1.00548 0.53431
0.29857 0.68774
0.72609 -0.00414
0.37131 0.73011
0.76236 0.50138
0.26274 0.71092
0.67349 0.09629
0.46673 0.25808
0.64031 0.60224
0.48209 -0.01663
0.49173 0.80843
0.44550 0.76135
0.81816 0.54255
0.22328 0.74409
0.42087 0.34086
-0.06714 0.89099
0.50781 0.08750
-0.01817 0.79914
0.43138 0.81135
0.78563 0.84351
0.32094 0.77640
0.67797 0.32220
0.63404 0.76270
0.60003 0.57990
0.51615 0.12901
0.77515 0.90963
0.67863 0.62845
0.36798 0.59404
0.10631 0.15620
0.19588 0.39939
0.42832 0.67961
0.61211 0.15773
0.54523 0.04501
0.91255 0.63722
0.34596 0.84149
0.79817 0.16414
0.36827 0.00323
0.33272 0.28087
0.57588 0.09578
0.74527 0.96346
0.44218 0.76419
0.14542 0.53297
0.21260 0.90207
0.18794 0.56571
0.77335 0.77646
0.47655 0.19815
0.32804 0.20710
0.15938 0.62934
0.33806 0.72298
0.82672 0.35181
0.85781 0.35410
0.28549 0.61293
0.80983 0.86174
0.55347 1.00777
0.70252 0.89435
0.76603 0.59953
0.58402 0.62042
0.61711 0.12975
0.57283 0.81496
0.66954 0.19742
-0.02602 0.41828
0.71894 0.62438
0.80952 0.72159
0.53827 0.60951
0.82043 0.06586
0.58549 0.70290
0.55762 0.82157
0.42446 0.69790
0.90835 0.33009
0.70307 0.71669
0.47251 -0.03707
0.33212 0.79465
0.30828 0.60299
-0.08333 0.53748
0.80038 0.82508
0.84864 0.59363
-0.05321 0.36128
-0.26689 0.33500
0.20671 0.68731
0.15230 0.31224
0.53178 0.30522
0.49901 0.77905
0.09943 0.13713
0.14761 0.62906
0.85594 0.61289
0.82930 0.65195
0.22853 0.53885
0.93077 0.14237
1.04186 0.47305
0.41574 0.89021
0.64470 0.12084
0.77941 0.14631
0.47000 0.30374
0.34365 0.57614
0.52339 0.18123
0.49110 -0.06640
0.01648 0.27703
0.49497 0.73027
0.59513 0.06027
0.43015 0.32000
0.10754 0.45506
0.04392 0.63365
0.77507 0.12180
0.47724 0.66465
1.03890 0.34638
0.78984 0.64264
0.28289 0.62643
0.63008 0.50968
0.20700 0.54789
0.03106 0.73259
0.40625 0.11610
0.52695 0.17396
0.94015 0.59948
0.25191 0.70581
0.41215 0.61207
0.83119 0.58248
0.32178 0.67511
0.60177 0.80369
0.62565 0.94557
0.46746 0.61934
0.55750 0.68638
0.58649 0.56475
0.62267 0.14116
0.40767 0.20068
0.61752 -0.11470
0.15280 0.85642
0.46421 -0.02557
0.36014 0.98060
0.17965 0.68835
0.53233 0.54421
0.21591 0.69758
-0.08536 0.89846
0.39501 0.60326
0.45907 0.33931
0.56873 0.25349
0.91873 0.66757
0.34495 0.02023
0.66817 0.73905
0.61848 0.06752
0.36210 0.79504
0.62166 0.73462
0.32535 0.65087
0.87349 0.46789
0.48381 0.00980
0.34524 0.83523
0.59380 -0.10635
0.75620 0.61710
0.19116 0.87732
0.84592 0.02788
0.26213 0.55166
0.68717 0.62618
0.38547 0.32471
0.38838 0.64833
0.52230 0.81098
-0.13269 0.79019
0.07066 0.81699
0.75934 0.82741
0.23098 0.37025
0.45851 0.67547
0.31976 0.73626
0.99899 0.54840
-0.11965 0.13458
0.48161 0.69512
0.45202 0.04460
-0.00571 0.83022
0.52686 0.13917
0.05845 0.57955
0.79516 0.67087
0.06664 0.85246
0.48282 0.17759
0.51823 -0.17277
0.32106 0.65531
0.39760 0.68976
0.88344 0.57207
0.04110 0.07890
0.75653 0.59720
0.48109 0.69862
0.51393 0.68848
0.39604 0.74510
0.23807 0.77250
0.66184 0.73200
-0.09660 0.65581
0.23403 0.67201
0.79691 0.66386
0.29235 0.57189
0.17744 0.62842
0.28349 0.68746
0.49194 0.68540
0.61177 0.04351
0.71524 0.62151
0.36991 0.67868
0.17862 0.63228
0.64642 0.25170
0.10201 0.53372
0.73334 0.23952
0.61969 0.98519
0.70792 0.11040
0.43172 0.19034
0.28664 0.39714
0.56851 0.29734
0.36402 0.77700
0.32962 0.65976
0.33430 0.80588
0.59640 0.02712
0.46161 0.78486
-0.16640 0.16552
0.60385 0.27236
0.47526 0.85685
0.65324 0.59190
0.77023 0.49897
0.00509 0.22070
0.82212 -0.07871
0.45780 0.71430
0.73968 0.58950
0.78486 0.72463
0.38838 0.63937
0.56270 0.78704
0.54424 0.13211
0.62795 0.24527
0.66568 0.18588
0.52759 0.59176
0.68842 -0.03394
0.49979 0.04804
0.11081 0.69663
0.45344 0.67330
0.82511 0.01818
0.11697 0.50527
0.48919 -0.02950
0.64830 0.13917
0.62366 0.50247
0.30017 0.29380
0.05414 0.64250
0.98828 0.45015
0.83522 0.64617
0.51454 0.65749
0.84677 0.69773
0.28406 0.59425
0.60865 0.12986
-0.06445 0.78886
0.53400 0.69506
0.65132 0.20037
0.60344 -0.00385
0.62374 0.04500
0.43021 0.86096
0.82590 0.59861
0.50708 0.76493
-0.01103 0.65200
0.71003 0.25877
0.63625 0.19033
0.25158 0.65571
0.58550 0.58660
0.85476 0.82566
0.57254 0.75842
0.70032 0.59466
0.64459 0.65736
0.82957 0.73122
0.78220 0.68397
0.66046 0.07209
0.87009 0.31398
0.83588 0.68406
-0.07632 0.73268
0.77872 0.47068
0.13133 0.81552
0.47419 0.70641
0.27044 0.66866
0.53862 0.11427
0.49296 0.76369
0.75737 0.68066
0.20312 0.80419
0.86390 0.70745
0.38925 0.03377
0.31589 0.61735
0.54893 0.55765
0.24721 0.74680
0.27927 0.70377
0.59227 0.04098
0.88364 0.56518
0.39511 0.75423
0.88022 0.54856
0.71986 0.07198
0.57309 -0.02938
0.56140 0.44991
0.93637 0.54789
0.18223 0.72262
0.39359 0.09180
0.50337 0.45673
0.69913 0.63423
0.11175 0.74069
0.09323 0.79360
0.17122 0.65716
0.80130 0.17631
1.00914 0.45142
0.60286 0.11128
0.14519 0.23047
0.16054 0.56732
0.65060 0.70002
-0.07889 0.13065
0.39590 0.57391
0.13142 0.89146
0.59006 0.02051
0.37605 0.57978
-0.12420 0.05430
0.17327 0.60618
0.93580 0.43891
0.69072 0.87420
0.51369 0.20797
0.57921 0.66705
0.22827 0.78007
0.86547 0.63582
0.59385 0.56192
0.56183 -0.02522
0.36678 0.55459
0.90675 0.47952
0.05262 0.67031
0.15404 0.59372
0.76184 -0.01278
0.70761 0.92765
0.49705 0.29685
0.62442 0.73329
0.08455 0.24657
0.25435 0.61960
0.94579 0.61037
0.35921 0.80308
0.64758 0.00105
0.90131 0.75056
0.85020 0.09617
0.88604 0.93089
0.56909 0.62279
0.70112 0.15643
0.48095 0.76395
-0.03372 0.24228
0.39786 0.31900
-0.04417 0.88400
0.44935 0.03565
0.09392 0.92836
0.44681 0.04377
0.92190 0.60345
0.54063 0.08662
0.29833 0.70889
0.58255 -0.12591
0.97287 0.83386
0.34024 0.62243
0.07469 0.57636
0.73287 0.29772
0.21177 0.75135
0.52506 0.66404
0.41861 0.19510
0.28222 0.74052
0.79329 0.68109
0.57390 0.85238
0.89311 0.47012
0.08793 0.77893
0.35097 0.23880
0.50510 0.10150
0.45787 0.12601
1.04240 0.57371
0.06327 0.52289
0.33378 0.69447
0.24504 0.60978
0.20488 0.85777
0.49429 0.38843
0.20770 0.66343
0.30499 0.72095
0.64080 0.71213
0.72542 0.08144
0.62251 0.93164
0.06668 0.53444
0.50608 0.92036
0.40911 0.76791
0.37036 0.75098
0.22272 0.74213
0.87096 0.71227
0.01851 0.10478
0.86500 0.74965
0.73860 0.26869
0.64889 0.33772
0.66393 0.59460
0.99255 0.06528
0.53660 0.63407
0.76452 0.16757
0.05856 0.00302
0.53986 0.72428
0.17155 0.73299
0.49386 0.11653
0.56822 -0.01550
0.83879 0.46679
0.81154 0.84763
0.70037 0.69538
0.07265 0.95241
0.14060 0.71291
1.01909 0.41715
0.85022 0.82113
0.46705 0.69415
0.08873 0.60332
0.30062 0.59558
0.42983 0.82840
-0.00976 0.64588
0.21829 0.65207
0.16229 0.58654
0.15097 0.42837
0.88381 0.55432
-0.06610 0.60770
0.62808 0.81153
0.17176 0.68077
0.73251 0.85494
0.09974 0.09946
0.20433 0.88024
0.80251 0.77209
0.47383 0.41963
0.43883 0.88304
0.58040 0.16144
0.41522 0.10590
0.38634 0.65493
0.75993 0.54103
0.85522 0.30363
0.71415 0.19311
-0.07230 0.30201
0.00451 0.71359
0.55379 0.11865
0.31048 0.94015
0.18776 0.47763
0.43916 0.83904
0.67223 0.21280
0.57192 0.07102
0.05605 0.84416
0.19816 0.60987
0.36347 0.79598
0.35549 0.76450
0.09257 0.73022
0.74409 0.69021
0.33234 0.59296
0.46016 0.87232
0.55694 0.52550
0.28113 0.09667
0.27772 0.72486
0.59838 -0.04387
0.30824 0.76056
0.14921 0.61127
0.83104 0.61748
0.61441 0.15238
0.08163 0.25239
0.63908 0.05502
0.72180 0.59297
0.39984 0.14306
0.58253 0.37027
0.67994 0.71566
0.71208 0.80788
0.51056 0.01512
0.29888 0.17980
0.33605 0.04880
0.82421 0.40452
0.68105 -0.10758
0.30037 0.54230
0.79994 0.17374
0.29466 0.80941
0.66100 0.05254
-0.01705 0.19826
0.65194 0.02714
0.09444 0.65187
-0.02817 0.15055
0.64436 0.29987
0.20590 -0.11618
0.91152 0.75035
0.33334 0.33983
0.37416 0.61436
0.34490 0.15508
0.18624 0.82493
0.09809 0.89479
0.87348 0.93739
0.72717 0.52573
0.55531 0.30108
0.43109 0.66533
0.05346 0.83533
0.99768 0.23686
0.94291 0.48176
0.86288 0.65699
0.66727 0.21462
0.21618 0.15554
0.29878 0.61242
0.28704 0.17970
0.68057 0.48362
0.78086 0.73584
0.46764 0.10876
0.63344 0.71780
0.43546 0.83519
0.52503 0.08897
0.57418 0.04438
0.74300 0.20633
0.61890 0.28954
0.80612 0.33418
0.52937 0.19068
0.05391 0.82407
0.61520 0.61780
0.45036 0.21260
0.36665 0.75474
0.22424 0.90775
0.12817 0.85064
0.90958 0.75939
0.39756 0.89780
0.86220 0.40993
0.43310 0.64225
0.68669 -0.03218
0.07818 0.12635
0.18361 0.80627
0.20599 0.50815
0.58843 0.64133
0.62877 0.07629
0.89516 0.49405
0.87241 0.75246
0.46781 0.26428
0.25522 0.76669
0.08724 0.25223
0.13312 0.50073
0.61696 0.63712
0.06315 0.81024
0.53586 0.69683
0.53328 -0.10888
0.86712 0.24069
0.39732 0.45157
0.77253 0.72526
0.43254 0.12634
0.04842 0.65751
0.13701 0.46623
0.19253 0.32822
0.47280 0.17227
0.50781 0.74764
0.66279 0.69666
0.22955 0.67405
0.02606 0.76681
0.16898 0.68950
0.06068 0.06219
0.27971 0.60624
0.81008 0.77002
0.25520 0.65559
0.81585 0.49545
0.47136 0.65239
0.64773 0.27107
0.83462 0.21441
0.70674 -0.08753
0.41539 0.46912
0.78321 0.10722
0.61789 -0.05827
0.48595 0.08609
0.57606 -0.02335
0.51868 0.45733
0.59114 0.81050
0.45157 0.75819
0.94698 0.24280
0.83540 0.58691
0.73150 0.18737
0.56141 0.08866
0.38930 0.62693
0.49376 0.32268
0.07559 0.94848
0.42804 0.11648
-0.03980 0.17665
0.08280 0.72822
0.97341 0.73040
0.39584 -0.09389
0.72832 0.22726
0.98580 0.40723
0.94851 0.38099
0.61188 0.20051
0.57075 0.20529
0.70593 0.36925
0.65933 0.65368
0.05621 0.23108
0.82847 0.69025
0.12831 0.55825
0.18007 0.77916
0.36496 0.68644
0.43916 -0.00926
0.53135 0.73304
0.32080 0.94438
0.66544 0.61564
0.87802 0.02659
0.69498 0.75539
0.23056 0.74528
0.45305 0.54041
0.73633 0.38880
0.39483 0.71433
0.29509 0.68607
0.33085 0.78801
0.65627 0.63359
0.55085 -0.00906
0.08925 0.76623
0.40709 0.82314
0.56930 -0.09138
0.53537 0.35537
0.69396 0.16273
0.86670 0.66184
0.79345 0.91350
0.02888 0.26556
0.53952 0.60001
0.90127 0.91027
0.80614 0.50744
0.76023 0.21947
0.64840 0.20819
0.20665 0.69191
0.10520 0.53473
0.67437 0.71028
0.40483 0.82558
0.95220 0.55428
0.05874 0.59036
-0.01031 0.25988
0.16716 0.82202
0.53628 0.64552
0.26132 0.16814
0.44438 0.05852
0.74134 0.76950
0.66524 0.23076
0.68734 0.80570
0.65793 0.79861
0.53788 0.88082
0.27905 0.66035
0.48024 0.69750
0.18699 0.69976
0.04549 0.59936
0.67755 0.91960
0.49564 0.07834
0.40606 0.18431
0.36482 0.40255
-0.15883 0.59022
0.59948 -0.05662
0.21099 0.51782
0.28999 0.65969
0.54770 0.74045
0.94686 0.79168
0.39656 0.89844
0.68031 -0.02935
0.72155 0.75561
0.18563 0.95603
0.50290 0.67881
0.49934 -0.11232
0.64105 0.98960
0.62956 0.66254
1.17314 0.61935
0.88970 0.73466
0.54785 0.26370
0.15666 0.68468
0.88028 0.22546
-0.07333 0.83197
0.26477 0.59909
0.81256 0.56179
0.04374 0.66362
0.49836 -0.13679
0.48119 0.72051
0.22341 0.75132
0.76495 0.74617
0.68705 0.73130
0.93454 0.73308
0.75407 0.37843
0.06594 0.58688
0.85161 0.43105
0.82552 0.20206
0.61949 0.05869
0.56471 0.06426
0.49219 0.69582
0.26876 0.61911
0.67379 0.00122
0.48861 0.20165
0.09845 0.77700
0.75265 0.60325
0.66001 0.35549
0.63824 0.08567
0.49089 0.74952
0.71715 0.89604
0.88966 0.01256
0.25601 0.51104
0.29987 0.73539
0.45673 0.65814
0.51974 0.30579
0.73530 0.14108
0.35114 0.82860
0.61169 0.68419
0.37387 -0.00568
0.60860 0.02562
0.57500 0.74256
0.45981 0.68971
0.19129 0.17052
0.37685 0.63465
0.48559 0.61794
0.24476 0.59225
0.55375 0.05187
0.04557 0.92605
0.38204 0.63159
0.98117 0.60245
0.52823 0.89015
0.23901 0.79007
0.20559 0.61612
0.07201 0.93451
0.35654 0.72560
0.66598 0.72065
0.61942 0.54568
-0.02923 0.70224
0.55735 0.90179
0.91255 0.43346
-0.02323 0.22439
0.97884 0.59153
0.64136 -0.05215
0.58369 0.04597
0.19248 0.09250
0.54794 0.72108
0.74172 0.44533
0.53672 0.64762
0.24313 0.77825
0.14085 0.84423
-0.00377 0.14220
0.72626 0.48982
0.39845 0.85774
0.52511 0.00056
0.34225 0.85849
-0.15888 0.28055
0.47283 0.72851
0.58438 0.40469
1.00336 0.08608
0.47757 0.45559
0.18082 0.64200
0.50891 0.13187
0.33713 0.82361
0.29179 0.79018
0.44638 0.03331
0.36935 0.15201
0.58642 -0.18836
0.53100 0.63833
-0.00957 0.81117
0.62410 0.09687
0.39911 0.83140
0.65451 0.22859
0.55038 0.72179
0.32364 0.72612
0.35929 0.33186
0.16019 0.53750
0.35015 0.81555
0.50828 0.01716
0.61005 0.54497
0.42674 0.86142
0.43198 0.69777
0.15597 0.25751
-0.04904 0.24972
0.54166 0.69685
1.00730 0.56190
0.82647 0.53088
0.48588 0.75917
0.55947 0.08400
0.22504 0.56498
0.55395 0.03287
0.19963 0.72038
0.47715 0.05174
0.16644 0.38315
-0.02405 0.94643
0.52601 0.34993
0.25762 0.72114
0.10577 0.72018
0.37137 0.49785
-0.07721 -0.01390
0.37152 -0.07266
0.90483 0.88885
0.59751 0.41129
0.44652 0.71682
0.36743 0.81040
0.22207 0.72146
0.34242 0.40298
0.62640 0.44510
0.74826 0.93313
0.09620 -0.07225
0.34923 0.16439
0.50419 -0.03006
0.50669 0.12321
0.69483 0.13366
0.67763 0.59410
0.28092 0.67855
0.87234 0.55220
0.55417 0.56359
0.54295 0.70360
0.32868 0.05505
0.30510 0.72516
0.65604 0.13542
0.13462 0.57420
0.04564 0.33964
0.37874 0.74179
0.51256 0.72391
0.52427 0.15543
0.10627 0.60419
0.60402 0.64188
0.53493 0.75736
0.55306 0.22487
1.06143 0.57125
0.39799 0.59360
0.63490 0.73655
-0.14263 0.20056
0.42799 -0.35287
0.72765 0.19957
-0.11434 0.37447
0.42785 0.07703
0.47092 -0.09642
0.40027 0.68827
0.06377 0.56387
0.07341 0.72978
0.06036 0.66171
0.05745 0.14020
0.26681 0.59308
0.61544 0.24632
0.50240 -0.09767
0.69777 0.60119
0.32848 0.84708
0.64669 0.87469
0.56032 0.76475
0.12312 0.76492
0.87485 0.84799
1.01891 0.49801
0.44213 0.76633
0.21917 0.59406
0.16001 0.27198
0.20640 0.74322
0.30722 0.75169
0.82476 0.67682
-0.13074 0.33256
0.63332 0.83266
0.80210 0.16619
0.88988 0.44511
0.14618 0.07692
0.11021 0.51958
0.03478 0.26271
0.86300 0.21933
-0.08198 0.76730
0.34294 0.50185
0.32233 0.05365
0.51968 0.26753
0.84422 0.32643
0.48750 0.62924
0.36475 0.40517
0.85435 0.65570
0.68619 0.04190
0.40895 -0.10598
0.40882 0.34948
0.56622 0.44537
1.04576 0.37899
0.76643 0.89515
0.85103 0.54531
0.40517 0.93759
0.21407 0.87679
0.71724 -0.04479
0.43233 0.11138
0.26918 0.67313
0.21843 0.82557
0.68272 0.73997
0.39838 0.68867
0.83813 0.43121
0.52167 0.78503
0.73109 0.71369
0.53512 0.24604
0.06196 0.75456
0.43671 0.74598
0.44750 0.32512
0.44275 0.28134
0.45121 0.38981
0.39959 0.69944
0.73801 0.05965
0.49208 0.26045
0.23483 0.73692
0.04686 0.50067
0.08351 0.83559
0.63575 0.72488
0.25371 0.55918
0.10653 0.73775
0.52641 0.64086
0.50337 0.47305
0.46676 0.73784
-0.08973 0.85586
0.67110 0.14619
-0.06706 0.50076
0.58959 0.34349
0.59916 0.62003
0.80165 0.52127
0.28848 0.73057
0.77203 0.04395
0.11043 0.85562
0.69747 0.17986
0.14455 1.02903
0.17789 0.63870
0.58367 0.06623
0.19641 0.48387
0.26998 0.68064
0.35717 0.55395
0.31954 0.76204
0.10845 0.58919
0.97053 0.60298
0.55922 0.57851
0.81787 0.81067
0.46902 0.85517
0.76029 0.52014
0.23890 0.87176
0.39961 0.77487
0.00305 0.30490
0.47485 0.23476
0.23449 0.77817
0.67981 0.38030
0.82470 0.66595
0.75158 0.45380
0.38574 0.89387
0.75181 0.15411
0.72360 0.77566
0.81905 0.65084
0.30532 0.76751
0.83773 0.25935
0.54246 0.02561
0.43547 0.85930
0.86397 0.08135
0.41474 0.63075
0.54714 0.62648
0.24042 0.53803
0.31835 0.76978
0.46724 0.48925
0.38314 -0.05875
0.92701 0.59274
0.39295 0.77591
0.47700 0.03499
0.14478 0.60980
0.80734 0.60170
0.00581 0.78367
0.14096 0.73444
0.46181 0.92530
0.49311 0.52443
0.43807 0.43426
0.92485 0.64824
0.33962 0.67240
0.31193 0.69145
0.24684 0.77035
0.52689 0.36698
0.15493 0.59598
0.04152 0.65190
0.51630 0.94793
0.69657 0.77385
0.57224 0.04014
0.35528 0.11226
0.23804 0.65448
0.12767 0.92012
0.33236 0.88127
0.64985 0.74670
0.29044 1.07727
0.75786 0.78401
0.65220 0.90727
0.87259 0.72064
0.81414 0.16595
-0.20976 0.65339
0.83730 0.84505
0.17201 0.69948
0.81307 0.69997
0.91956 0.21179
0.31641 0.72493
0.90133 0.80661
0.51486 0.15342
0.44246 0.11032
0.17178 0.06438
0.76146 0.85114
0.61226 0.70960
0.28182 0.72449
-0.05232 0.85751
0.61381 0.17163
0.60371 -0.04158
0.19354 0.74508
0.75141 0.76161
0.74974 0.91118
0.18770 0.80403
0.49057 0.07326
0.41851 0.47466
0.81165 0.18128
0.18573 0.65694
0.59201 0.88550
0.91228 0.08910
0.31238 0.67925
0.60215 0.61044
0.60439 0.23641
0.63018 0.10620
0.64945 0.03882
0.89410 0.55405
0.85598 0.22753
0.88623 0.55808
0.60062 0.78981
0.64638 0.56954
0.54421 0.26082
0.62334 0.65611
0.72579 0.66673
0.95308 0.09160
0.31556 0.80092
0.62699 0.63218
0.55401 0.14682
0.53977 0.75717
0.53976 0.66170
0.49989 0.68809
0.13612 0.14130
0.90279 0.37879
0.57042 0.00717
0.55740 0.57695
0.60726 0.07654
0.15734 0.58707
0.69728 0.80722
0.44107 0.92253
0.15801 0.83644
0.87568 0.27129
0.44195 0.08208
0.40232 0.03986
0.51333 0.57500
-0.01070 0.83730
0.15040 0.63673
0.32718 0.55252
0.68225 0.37055
0.47467 0.74807
0.51902 0.77407
0.58819 0.75531
0.41796 0.06276
0.60629 0.74688
0.84829 -0.14560
0.97927 0.61217
0.41509 0.03274
0.10884 0.48020
0.19813 0.69766
0.61711 0.04183
0.25480 0.13416
0.35615 0.64717
0.76038 0.44530
0.67665 0.12450
0.63642 0.02037
0.97786 0.34053
0.42032 0.75926
0.78750 0.65000
1.05683 0.84234
0.51072 0.04403
0.33915 0.71351
0.64298 0.62270
0.51083 0.76432
0.00400 0.81618
0.41378 0.98418
0.74204 0.64504
0.42094 0.79464
1.05402 0.40049
0.42687 0.83369
0.96101 0.80017
0.25903 0.84902
0.40835 0.30632
0.44115 0.05188
0.59928 0.77069
0.57987 0.24461
0.48068 0.73108
0.54937 0.00510
0.61803 0.69215
0.51278 0.63526
0.27356 0.66198
0.84248 0.62459
0.13847 0.82689
0.00828 -0.00097
0.42383 0.46320
0.10922 0.46933
0.61542 0.07640
0.44055 0.10885
0.32890 0.60641
0.87207 0.57317
0.93775 0.35500
-0.10545 0.69403
0.25015 0.78936
-0.01299 0.10096
0.26457 0.21786
0.40386 0.66749
1.05428 0.68103
0.22905 0.79547
0.19295 0.85093
0.43610 0.29723
0.55749 0.07939
0.83015 0.46341
0.84539 0.62637
0.38912 -0.12474
0.04253 1.10594
1.04493 0.43720
0.97613 0.61882
0.54671 0.27717
0.37597 0.29602
0.29730 0.74060
0.73586 0.78659
0.88746 0.11115
0.62237 -0.06140
0.04061 0.28209
0.57068 0.76539
0.05976 0.85418
0.16301 0.61120
0.10549 0.15373
0.89103 0.46662
0.16353 0.63485
0.60281 0.06106
0.60692 -0.12572
-0.05805 0.11135
0.84467 0.54489
0.06321 0.68777
0.21759 0.59964
0.62765 0.66371
-0.03331 0.30750
0.26643 0.63535
0.21852 0.86288
0.15592 0.73257
0.46936 0.24763
0.46569 0.76587
0.34736 0.28560
0.64121 0.58368
0.09875 0.56417
0.70117 0.74335
0.65402 0.70792
0.21129 0.53115
0.14638 0.77509
0.50651 0.60839
0.49940 0.75238
0.34159 0.66071
0.44994 0.16684
0.92321 0.19214
0.48020 0.78922
0.37912 0.64081
1.08717 0.44234
0.10253 0.88920
-0.11989 0.57523
0.04764 0.84638
0.38865 0.73457
0.16803 0.53657
0.39708 0.64587
0.13639 0.62369
0.23745 0.64770
0.35033 0.86694
0.17982 0.60853
0.38415 0.66925
0.55174 0.12947
0.25465 0.75524
0.09862 0.75206
0.50113 0.68667
0.45838 0.66592
0.81492 0.54271
0.44805 0.34941
0.60518 0.72914
0.05025 0.06320
0.67558 0.09648
0.23651 0.81387
0.53166 0.85384
0.72836 0.75254
0.01857 0.98756
0.14921 0.82502
0.20943 0.63401
0.94092 0.24820
0.73547 0.55192
0.57045 0.32785
0.38384 0.82503
0.12684 0.71307
-0.02931 0.04640
0.38807 0.31864
0.14686 0.75142
0.19459 0.73034
0.21459 0.91608
0.73871 0.99321
0.61514 0.27044
0.95831 0.23044
0.51024 0.03486
0.54284 0.80616
0.48027 0.10197
0.50581 -0.02109
0.50511 0.18305
0.57016 0.35662
0.23642 0.30253
0.69747 0.79609
0.35745 0.81199
-0.06810 0.70021
0.09679 0.72011
0.13164 0.59286
0.07451 0.74018
-0.14016 0.29632
0.41239 0.86528
0.45511 -0.01638
1.00974 1.02748
0.48465 0.34689
0.74956 0.78830
0.03515 0.08765
0.69084 0.66596
0.89018 0.39469
0.81180 0.84658
-0.09503 0.07082
0.32515 0.76338
0.43102 0.02701
0.78674 0.63001
0.15868 0.74867
0.53474 0.28534
0.55238 0.32067
0.05678 0.33343
0.70335 0.91538
0.72107 0.49631
0.40394 0.72132
0.10659 0.52492
-0.14996 0.17313
0.18767 0.62463
0.58275 0.50556
0.32341 0.76096
0.55737 0.13096
0.37720 0.89017
0.33257 0.78221
0.64591 -0.02329
0.51431 0.12373
-0.07825 0.62150
0.93014 0.62058
0.04067 0.53608
0.82926 0.16814
-0.00851 1.02133
0.37023 0.43646
0.90175 0.44665
0.66209 0.74624
0.27280 0.74337
0.49001 0.35740
0.89080 0.71990
0.45875 0.26444
0.48667 0.73162
0.64496 0.77331
0.17165 0.55996
0.52963 0.24000
0.47587 0.18593
0.15255 0.49025
0.44509 0.12388
0.73617 0.07983
0.50387 0.49791
-0.02283 0.03867
0.53983 0.12171
0.78469 0.75902
0.55619 0.57749
0.73767 0.24788
0.60230 0.84505
0.65771 0.64637
0.16290 0.50790
-0.15524 0.15143
0.41966 0.80307
0.58444 0.50698
-0.05227 0.68251
0.51098 0.03125
0.25107 0.28172
0.33184 0.73888
0.50482 0.01379
0.68074 -0.01897
1.04839 0.61725
0.91329 0.35147
0.54223 0.74154
0.46946 0.33821
0.50734 0.10390
0.25273 0.79936
0.53125 0.16168
0.27530 0.79097
0.37932 0.41158
0.96219 0.08033
0.94490 0.73727
0.69879 0.29955
0.35269 0.09200
0.39221 0.71217
0.80609 0.11700
0.36720 0.85721
0.21157 0.68827
0.50760 0.70779
0.78434 0.32505
0.57855 0.65504
0.58108 0.55067
0.82366 0.03807
0.52543 0.70292
0.05806 0.58132
0.36219 0.41046
0.46627 0.42110
0.49192 0.04986
0.51066 0.92416
0.50568 0.03413
0.37857 0.69368
0.08969 0.76150
0.87162 0.77764
1.16347 0.62849
0.76183 0.43165
0.64835 0.83585
0.25297 0.81394
0.94751 0.67719
0.83056 0.06920
0.87904 0.95012
0.49837 0.16731
0.58007 0.01080
0.07549 0.92744
0.72201 0.39760
-0.13318 0.80822
0.38563 0.81512
0.39668 0.85615
0.30081 0.52580
0.72912 0.20033
0.03541 0.58558
0.30562 0.84848
0.91893 0.66844
0.17802 0.53878
0.65239 0.66855
0.59531 0.62338
0.80824 0.79030
0.71654 0.76087
0.66225 0.84813
0.46094 0.71476
0.76233 0.73557
0.54732 0.53406
0.41662 0.05131
0.21128 0.79380
0.57412 0.14868
0.69650 0.56355
0.53826 0.37384
0.09662 0.68332
0.52523 0.29711
0.70953 -0.00856
0.62294 -0.16256
0.35508 0.12356
0.81030 0.94079
0.80878 0.11246
0.04887 0.12827
0.47055 0.90969
0.38653 0.67738
0.76234 0.82549
0.86002 0.81682
0.71980 0.04210
0.44433 0.61996
-0.02809 0.22099
0.24584 0.91305
-0.06626 0.18602
0.52014 0.78769
0.50415 0.16683
0.39146 0.58952
0.32844 0.72384
0.95226 0.83102
0.45976 0.62395
0.80416 0.70259
0.54974 0.73436
0.11511 0.82051
0.47641 0.67065
0.34762 0.95562
0.58579 0.36902
0.82916 0.15791
0.52704 0.77662
-0.05594 0.18214
-0.00750 0.68392
0.78897 0.60422
0.15452 0.55898
0.54113 0.00389
0.59126 0.32842
-0.00504 0.27045
0.83008 0.79936
0.65459 0.26792
0.64062 0.56764
0.41632 0.81081
0.81312 0.13182
0.36680 0.47839
0.43971 0.14924
0.08949 0.74849
0.38585 0.66923
0.08129 0.21189
0.14000 0.73547
0.21954 0.72318
0.41911 0.01691
0.83203 0.60414
0.40806 0.62473
0.61561 0.79383
0.60050 0.58438
0.18759 0.69093
0.33574 0.66865
0.22796 0.80824
0.50952 0.73623
0.42713 0.00260
0.70719 0.71898
0.34882 0.79003
0.87356 0.58131
0.40013 0.23919
0.43472 0.40667
0.14588 0.65419
0.63073 0.67065
0.42337 0.78182
0.88668 0.53479
0.44746 0.06395
0.49438 0.33176
0.45679 0.69770
0.88205 0.41761
0.58120 0.24348
0.59561 -0.11729
0.86117 0.07541
0.58188 0.51852
0.17988 0.94841
-0.02525 0.53158
0.59430 0.77237
0.47696 0.01088
0.87366 0.23793
0.43236 0.66850
0.14026 0.33002
0.89426 0.83714
-0.04534 0.83234
0.57440 0.73663
0.26811 0.80624
0.75153 0.38709
0.09879 0.68016
0.11840 0.79517
0.64054 0.92244
0.33107 0.87152
0.63630 0.66760
0.60903 0.76272
0.63374 0.21945
0.41079 0.70979
0.73139 0.72526
0.73683 -0.05976
0.27571 0.53048
0.50333 0.89108
0.43940 0.55010
0.21392 0.87755
0.59786 0.65346
0.52572 0.23808
0.90291 0.40595
0.54609 0.88390
0.70628 -0.04601
0.50765 0.01678
0.38124 0.13442
0.59934 0.56588
0.31966 0.66798
0.48750 0.67494
0.36890 0.43328
0.07937 0.73294
0.57326 0.70139
0.00593 0.89826
0.23826 0.82832
0.75854 0.93254
0.45141 0.02565
-0.04921 0.83638
0.00003 0.55004
0.41419 0.11651
0.33111 0.90822
0.09551 0.93064
0.13263 0.55663
0.48862 0.55463
0.52428 0.54597
1.01939 0.52165
0.57704 0.75376
0.04653 0.50361
0.85709 0.23564
0.86252 0.64659
0.39469 0.57658
0.12145 0.65904
0.60185 -0.07327
0.71898 -0.01685
0.68557 0.22797
0.07569 0.87650
0.41231 0.26826
0.40680 0.27084
0.49491 0.11766
0.80283 0.73827
0.27728 0.61039
0.34976 0.40883
0.52378 -0.05044
0.45464 0.63527
0.44965 0.46463
0.18775 0.76405
0.26137 0.72119
1.06157 0.62188
0.48794 0.64855
0.35370 0.66650
0.76550 0.16773
0.35591 0.69909
0.56506 0.00177
0.91732 0.66117
0.51808 0.51917
1.05654 0.38501
1.03652 0.43877
1.03483 0.17400
0.14557 0.75168
0.53309 0.04598
0.75781 0.48006
0.97913 0.68894
0.75886 0.72860
0.31614 0.37019
0.77975 0.37716
0.01289 0.61929
0.17566 0.75676
0.02108 0.77372
0.60021 0.66154
0.54981 0.48133
0.48425 -0.00924
0.47975 0.65073
0.16651 0.02419
0.32977 0.95598
0.63936 0.69702
0.13390 0.71905
0.23979 0.57934
0.45207 0.25492
0.41312 0.22904
0.80873 0.36376
0.48124 0.41549
0.30752 0.34990
0.40490 0.74263
0.90728 0.47831
0.42203 0.20965
0.07589 0.22358
0.12616 0.01681
-0.03020 1.00845
0.62331 0.10123
0.57915 0.65096
0.73342 0.15320
0.68599 0.72437
0.41679 0.87395
0.10306 0.61448
0.56541 0.78754
0.32990 0.85213
0.55220 0.19856
0.88291 0.44239
0.78599 0.67609
0.64118 -0.20079
0.62429 -0.00100
0.94662 0.33719
0.55359 0.72669
0.70725 0.71460
0.55548 0.20120
0.72158 0.60678
0.57990 0.67452
0.05667 0.65720
0.63424 -0.11704
0.99336 0.67207
0.43737 0.69638
0.14211 0.48277
0.72302 0.73395
0.25007 0.16699
0.50968 0.04832
0.40901 0.76937
0.55967 0.20832
0.25235 0.62966
0.53604 0.32072
0.87511 0.73476
1.00271 0.53346
0.79593 0.26835
0.04299 0.69052
0.36576 0.68700
0.22182 0.93017
0.27145 0.59503
0.18835 0.84049
0.18999 0.72657
0.46666 0.76416
0.62368 0.29248
0.82025 0.87538
0.36574 0.13118
0.59205 0.12413
0.13190 0.96860
0.93418 0.26553
0.43764 0.09701
0.62278 0.83496
0.43540 -0.07681
0.83766 0.13965
0.34075 0.38505
0.45952 0.14934
0.24488 0.49737
-0.04427 0.91046
0.34174 0.77649
0.27701 0.78463
0.45422 0.03767
0.56562 0.74503
0.74955 0.39730
0.59070 0.63790
0.61796 0.84857
0.74467 0.72719
0.97567 0.64464
0.15046 0.78219
0.60338 0.22979
0.38478 0.63934
0.88988 0.87546
-0.04140 0.94533
0.03414 0.10912
0.25343 0.65467
0.51291 -0.03575
0.75290 0.79054
0.43803 0.07386
0.51022 0.74920
0.57637 0.77780
0.15161 0.63796
0.16623 0.52878
0.18203 0.82008
0.59392 0.35937
0.16138 0.78586
0.93813 0.61873
0.47489 0.60484
0.64262 0.58359
0.77587 0.53397
0.61994 -0.02414
0.62834 0.09323
0.36589 0.85559
0.53529 0.41988
-0.09610 0.40877
0.79818 0.71693
0.54488 0.69753
0.54652 0.07333
0.48267 0.09385
0.12526 0.18398
0.58803 0.09205
0.34825 0.67882
-0.00061 0.28761
0.24089 0.60712
0.59458 0.74763
0.44696 0.74179
0.63898 0.38600
0.47815 -0.00852
0.17493 0.84073
0.43972 0.32854
0.63689 0.07568
0.73564 0.67267
0.49365 0.74726
0.34622 0.76356
0.34059 0.77584
0.32172 0.69602
0.55295 -0.07520
0.15012 0.68939
0.21136 0.56716
0.67951 0.14647
0.18463 0.66825
0.13955 0.74158
0.60906 0.74701
0.24602 0.91907
0.62271 0.70755
0.52219 0.46397
0.04728 0.74819
0.80299 0.46441
0.77228 0.69886
0.54449 -0.06726
0.25638 0.64281
0.56260 0.69163
0.86650 0.63477
0.51005 0.41431
0.46731 0.89477
0.66308 0.65854
0.55634 0.08128
0.42810 0.16107
0.41373 0.16751
0.55065 0.80207
0.46652 0.83183
0.54114 -0.06246
0.39401 0.11085
-0.21769 0.68249
0.92065 0.38920
0.56879 0.02624
0.11217 0.60843
0.62195 0.05397
0.24724 0.85559
0.45047 0.15438
0.50232 0.29186
0.60243 0.25647
0.05225 0.76334
0.76408 0.02613
0.17441 0.61497
0.46320 0.65003
0.05783 0.79145
0.35106 0.79199
0.85295 0.62276
0.56688 0.85516
0.56635 0.21807
-0.05876 0.30282
0.78112 1.02989
0.09081 0.21195
0.42715 0.20985
0.14406 0.03171
0.40120 0.83508
0.61699 0.04925
0.05699 0.85262
0.54879 0.74819
-0.07981 -0.05088
0.54744 0.04020
0.12900 0.62541
0.79488 0.18561
0.76752 0.96723
0.60938 0.26196
0.56575 0.67749
0.41901 0.21936
0.43140 0.61776
0.13182 0.62712
0.62353 0.48628
0.88618 0.46495
0.96323 0.65147
0.04433 0.73538
0.84900 0.82383
0.65511 -0.04684
0.97038 0.66285
0.92070 0.48971
0.48210 0.30222
0.99923 0.78681
0.93220 0.12936
0.67282 0.06148
-0.18195 0.59129
0.48917 0.22288
0.07034 0.63352
0.23104 0.77847
0.82986 0.17499
0.80514 0.70678
0.63695 0.39535
0.54816 0.52488
0.57690 0.25094
0.51681 0.51720
0.09748 0.14144
0.31636 0.39944
0.52605 0.06921
0.09266 0.17358
-0.10504 0.39312
0.92636 0.79393
0.87654 0.75750
0.51296 0.20248
0.76827 0.83834
0.17791 0.55829
0.25520 0.87361
0.41867 -0.10136
0.46761 0.90915
-0.02819 0.71274
0.64029 0.81954
0.47164 0.17054
0.79075 0.19863
0.37612 0.84072
0.54661 0.10858
0.26087 0.85073
0.53103 0.11372
0.59449 0.06229
0.61940 0.21236
0.51947 0.20065
0.02303 0.56964
0.45824 0.29617
0.62029 -0.15525
0.33245 0.62383
0.39011 0.60506
0.54441 -0.09368
-0.10147 0.84731
-0.12971 0.10061
0.56024 0.58512
0.37138 0.15780
0.59284 0.78407
0.50236 0.05816
0.26162 0.70676
0.01236 0.68341
0.11175 0.75644
0.19059 0.65111
0.35671 0.69554
0.11526 0.82522
0.27439 0.60661
0.71223 0.89814
0.84987 0.40828
0.62288 0.74063
0.49557 0.20458
0.81937 0.53330
0.13534 0.73610
0.38053 0.17383
0.67970 0.53449
0.23771 0.51470
0.59375 0.06712
0.60638 0.79611
0.45438 0.14710
0.62620 0.80206
0.12406 0.21472
0.68836 0.47466
0.49668 0.96001
0.58990 0.38715
0.20803 0.54084
0.60080 0.78251
0.48321 0.82718
0.67202 0.24798
0.68994 0.04205
0.03370 0.80503
0.83488 0.80574
0.40794 0.40332
0.67608 0.57595
0.34394 0.73510
0.09923 0.56318
0.50179 0.21762
0.93323 0.68936
0.59186 0.19302
1.00979 0.54463
