0.32961
0.26841
0.71113
0.87918
0.94008
0.21460
0.51033
0.84609
0.56790
0.43093
0.17738
0.38446
0.65700
0.20948
0.60748
0.65499
0.37262
0.18541
0.51541
0.31105
0.05828
0.26939
0.82901
0.42447
0.26625
0.94834
0.20140
0.70736
0.54239
0.38609
0.65214
0.75861
0.56263
0.18326
0.55097
0.46528
0.19154
0.89121
0.86994
0.20258
0.03107
0.44758
0.44008
0.82665
0.10908
0.71535
0.49598
0.68199
0.16938
0.05915
0.53339
0.76663
0.14046
0.20317
0.50996
0.94310
0.93439
0.20421
0.40097
0.44391
0.12140
0.06327
0.92330
0.41719
0.07311
0.14403
0.85377
0.85983
0.38662
0.89863
0.24448
0.83147
0.53562
0.13373
0.07825
0.36776
0.88839
0.47302
0.58233
0.41812
0.26683
0.88332
0.90422
0.24555
0.24680
0.50899
0.06116
0.71945
0.17790
0.20907
0.37957
0.59462
0.94549
0.12448
0.41877
0.81142
0.68539
0.35331
0.93401
0.13601
0.34351
0.34765
0.57757
0.26519
0.31654
0.13445
0.33795
0.73466
0.32120
0.33677
0.23049
0.94393
0.86304
0.24014
0.47221
0.88739
0.07779
0.33372
0.18575
0.72479
0.23973
0.18731
0.15821
0.26067
0.81937
0.29053
0.64617
0.32027
0.13075
0.93722
0.91120
0.15371
0.06819
0.42189
0.11924
0.86040
0.15493
0.85654
0.10821
0.78853
0.10807
0.84845
0.68645
0.63647
0.36672
0.24176
0.11485
0.33938
0.28523
0.20336
0.05530
0.47149
0.86819
0.51885
0.40774
0.46916
0.14699
0.66125
0.87623
0.04476
0.13587
0.12344
0.21081
0.16744
0.42586
0.22467
0.18315
0.94499
0.13699
0.65289
0.82780
0.27777
0.74560
0.84932
0.18502
0.71080
0.72100
0.64054
0.50899
0.20657
0.55593
0.34752
0.94931
0.67154
0.54692
0.56812
0.35435
0.06650
0.39740
0.57760
0.35109
0.24640
0.31084
0.86568
0.19344
0.29754
0.26399
0.73010
0.12836
0.47707
0.91875
0.12226
0.23970
0.32464
0.22550
0.20689
0.73799
0.87637
0.84788
0.92078
0.45450
0.92594
0.96515
0.17409
0.56677
0.10095
0.31218
0.24009
0.17063
0.28500
0.37145
0.85902
0.18261
0.34569
0.32779
0.67845
0.23536
0.33376
0.12772
0.10414
0.86893
0.41203
0.16389
0.94054
0.19648
0.81684
0.53653
0.81818
0.76094
0.21827
0.33549
0.18445
0.37749
0.94200
0.41221
0.32643
0.10254
0.32575
0.63625
0.11251
0.19212
0.84402
0.15559
0.32199
0.67949
0.82172
0.71574
0.87498
0.66810
0.46124
0.87194
0.06359
0.21219
0.07999
0.15692
0.36615
0.74561
0.07198
0.84027
0.20814
0.93036
0.43829
0.11333
0.41308
0.40667
0.20071
0.39621
0.33147
0.61032
0.58293
0.72634
0.10588
0.27210
0.22828
0.05595
0.41037
0.79770
0.25695
0.08857
0.41423
0.37572
0.93322
0.48895
0.16937
0.35613
0.48587
0.11011
0.94944
0.19577
0.06861
0.20702
0.57821
0.08416
0.94711
0.10380
0.07171
0.11239
0.32213
0.39491
0.46807
0.29486
0.86843
0.55084
0.37879
0.74431
0.23346
0.85272
0.22898
0.90909
0.10039
0.06628
0.64375
0.25792
0.52753
0.55613
0.93139
0.33189
0.89420
0.30736
0.35926
0.77090
0.75213
0.90891
0.07580
0.72299
0.16540
0.46829
0.32220
0.95606
0.02771
0.94753
0.21115
0.52522
0.58108
0.70871
0.95339
0.27887
0.84472
0.45681
0.11266
0.88337
0.12025
0.26662
0.85885
0.84837
0.26470
0.82716
0.15024
0.89632
0.32940
0.12005
0.18073
0.25207
0.24684
0.36162
0.34935
0.38767
0.11743
0.75380
0.55764
0.17663
0.76903
0.22285
0.94114
0.14839
0.54982
0.74925
0.71386
0.04887
0.20470
0.23543
0.71314
0.30252
0.82010
0.19097
0.85667
0.37346
0.19270
0.70444
0.30473
0.31749
0.35933
0.16990
0.31312
0.81037
0.31039
0.18686
0.15736
0.03316
0.87154
0.40205
0.07078
0.23739
0.84461
0.77171
0.11770
0.60817
0.91251
0.41189
0.58623
0.47816
0.12633
0.20164
0.85608
0.53143
0.34648
0.05601
0.96510
0.41101
0.11257
0.87115
0.07872
0.85001
0.51162
0.64189
0.96631
0.21775
0.15759
0.20471
0.10902
0.87025
0.51351
0.41744
0.17675
0.30830
0.22933
0.40326
0.73727
0.84092
0.40190
0.71657
0.43283
0.33875
0.21577
0.68784
0.42425
0.63152
0.25206
0.62929
0.83020
0.11396
0.27188
0.76994
0.48398
0.18854
0.50328
0.85979
0.10239
0.21714
0.37655
0.13735
0.58573
0.85169
0.37281
0.12620
0.23159
0.18427
0.91839
0.84858
0.06226
0.85097
0.33383
0.53633
0.27437
0.49333
0.78160
0.89394
0.86150
0.85482
0.27504
0.31146
0.28332
0.75590
0.76099
0.39477
0.17212
0.17177
0.08709
0.10822
0.87729
0.68143
0.54515
0.84563
0.83157
0.06827
0.28222
0.17649
0.17432
0.72009
0.32727
0.64284
0.67549
0.71838
0.56700
0.13691
0.96373
0.34482
0.05263
0.13733
0.83871
0.82741
0.14631
0.02745
0.18832
0.35912
0.46805
0.40722
0.89390
0.15462
0.81649
0.10187
0.25946
0.10553
0.46699
0.51743
0.82133
0.23568
0.32582
0.20836
0.04238
0.11975
0.33819
0.95463
0.68989
0.03283
0.87785
0.82921
0.22464
0.71568
0.62334
0.56207
0.84749
0.30997
0.71680
0.65142
0.13774
0.82324
0.19640
0.15246
0.73511
0.18211
0.34027
0.66343
0.54747
0.06116
0.96236
0.87829
0.15444
0.49204
0.11312
0.54839
0.29738
0.59392
0.56862
0.16246
0.12621
0.26963
0.47922
0.94638
0.34061
0.82559
0.88251
0.72491
0.53370
0.15539
0.12826
0.46894
0.86964
0.12146
0.89913
0.10929
0.20920
0.52885
0.24826
0.66641
0.58925
0.92702
0.38712
0.42509
0.29556
0.20867
0.74775
0.15156
0.18881
0.33803
0.28348
0.14241
0.16302
0.22398
0.20547
0.84417
0.16348
0.36233
0.74610
0.46349
0.50298
0.45427
0.18861
0.17215
0.40644
0.04072
0.74321
0.47674
0.08357
0.48585
0.16513
0.28418
0.12560
0.38626
0.59888
0.38280
0.95714
0.14804
0.37923
0.11174
0.15418
0.34120
0.35003
0.11048
0.83477
0.33158
0.73086
0.18599
0.23479
0.84265
0.33588
0.44463
0.35140
0.40436
0.06958
0.57284
0.57144
0.05381
0.30929
0.10149
0.33772
0.87709
0.14616
0.03869
0.14699
0.14743
0.83671
0.74151
0.20239
0.41806
0.73070
0.36523
0.29190
0.36092
0.66061
0.21346
0.07706
0.24439
0.25830
0.52610
0.71967
0.48741
0.05850
0.13381
0.25568
0.56816
0.34399
0.13358
0.34456
0.77870
0.08169
0.49720
0.63803
0.85886
0.87014
0.66618
0.35110
0.42676
0.40602
0.59869
0.17581
0.11167
0.50634
0.31594
0.90989
0.07582
0.42488
0.30176
0.44161
0.06627
0.59487
0.28413
0.28036
0.74911
0.33499
0.47320
0.57013
0.09077
0.76012
0.62961
0.33936
0.12846
0.16607
0.04402
0.53758
0.85626
0.13646
0.87579
0.73647
0.82298
0.39705
0.10106
0.84135
0.16687
0.05919
0.51770
0.53322
0.30579
0.12882
0.27591
0.81368
0.32084
0.04732
0.29572
0.48186
0.87668
0.71141
0.38939
0.86701
0.15246
0.09057
0.37549
0.12873
0.25859
0.42216
0.14552
0.32646
0.14352
0.17522
0.93654
0.32600
0.92951
0.67025
0.58845
0.37248
0.37067
0.44972
0.76046
0.13053
0.17116
0.24911
0.57809
0.13579
0.96127
0.13182
0.58668
0.93496
0.54610
0.47190
0.15914
0.40768
0.14546
0.84438
0.28692
0.34803
0.05032
0.84503
0.36571
0.04805
0.97606
0.27182
0.09188
0.46487
0.60212
0.86390
0.42194
0.82029
0.27323
0.11924
0.58065
0.29394
0.34298
0.53453
0.83074
0.56984
0.41429
0.37788
0.50181
0.87044
0.22680
0.87592
0.20523
0.74540
0.23075
0.19688
0.78336
0.07715
0.42167
0.89339
0.06412
0.57175
0.76590
0.62637
0.86510
0.48825
0.90803
0.17220
0.11750
0.72526
0.92117
0.84156
0.93433
0.76474
0.54178
0.33195
0.22020
0.40300
0.95353
0.93287
0.44175
0.04634
0.23746
0.85735
0.35059
0.45011
0.60389
0.07171
0.72198
0.90191
0.12313
0.87084
0.26375
0.32993
0.33962
0.89724
0.40553
0.23626
0.14693
0.36822
0.30492
0.97645
0.67418
0.13244
0.12681
0.77051
0.85177
0.26755
0.78967
0.11684
0.86895
0.93741
0.06868
0.71278
0.72782
0.26563
0.16834
0.79095
0.16250
0.53762
0.10368
0.05175
0.93279
0.28618
0.86960
0.49281
0.22269
0.81873
0.42197
0.32758
0.86689
0.72678
0.90595
0.59742
0.19269
0.85386
0.50928
0.15795
0.13126
0.30397
0.40044
0.92722
0.23779
0.91467
0.66520
0.16225
0.05382
0.03998
0.26009
0.07470
0.82960
0.32671
0.51647
0.13245
0.20558
0.11620
0.52214
0.21949
0.41947
0.86634
0.08607
0.09627
0.85141
0.28331
0.25730
0.05917
0.25584
0.38285
0.75740
0.17617
0.73137
0.74475
0.23199
0.55923
0.27819
0.93347
0.26251
0.55822
0.18908
0.83160
0.03540
0.35963
0.85827
0.37614
0.09418
0.47669
0.05710
0.68111
0.41112
0.83290
0.64422
0.90852
0.38239
0.87453
0.38391
0.04528
0.41982
0.89543
0.68592
0.86008
0.60384
0.71309
0.62357
0.12331
0.25644
0.70612
0.84077
0.15162
0.58254
0.71983
0.57101
0.87707
0.19409
0.16997
0.44015
0.86606
0.62868
0.28753
0.58444
0.70556
0.61186
0.48895
0.18193
0.89098
0.33054
0.23313
0.60699
0.60131
0.35346
0.20708
0.42628
0.56863
0.12108
0.82640
0.22769
0.94644
0.12892
0.41963
0.13471
0.18961
0.29255
0.53656
0.40212
0.53269
0.49172
0.18479
0.55776
0.32693
0.33252
0.35742
0.94847
0.85822
0.45344
0.73323
0.19351
0.29431
0.08553
0.65548
0.30790
0.32275
0.30703
0.12398
0.84399
0.39128
0.05310
0.34926
0.23143
0.08008
0.36325
0.13334
0.15148
0.46178
0.91798
0.48300
0.24481
0.10744
0.06654
0.31772
0.87206
0.35126
0.84718
0.16725
0.83022
0.56065
0.26878
0.16496
0.13452
0.87757
0.14330
0.16465
0.37518
0.72514
0.32722
0.24911
0.65173
0.08205
0.10186
0.81043
0.30522
0.12458
0.43543
0.42442
0.75712
0.94968
0.29922
0.47455
0.28795
0.51294
0.24036
0.22822
0.03381
0.42980
0.47699
0.90006
0.22921
0.05669
0.39675
0.47972
0.06702
0.81898
0.74334
0.07105
0.57185
0.04936
0.87068
0.35341
0.12861
0.65062
0.06563
0.82439
0.09757
0.39129
0.19681
0.72501
0.85972
0.81487
0.17264
0.32309
0.62947
0.42618
0.60328
0.33262
0.61693
0.70441
0.43578
0.42851
0.91743
0.03157
0.69476
0.10809
0.58720
0.21782
0.53481
0.86967
0.13288
0.88129
0.53249
0.55723
0.29653
0.64359
0.57841
0.61830
0.93371
0.38534
0.28221
0.86774
0.31837
0.15047
0.24600
0.87411
0.41915
0.95794
0.21566
0.40500
0.03445
0.56232
0.24715
0.14204
0.97196
0.94328
0.36766
0.87001
0.58554
0.72464
0.75032
0.31885
0.80823
0.37174
0.05683
0.08424
0.19531
0.96119
0.36977
0.19183
0.18554
0.33480
0.14471
0.29793
0.14475
0.69099
0.59479
0.94567
0.50056
0.83843
0.13925
0.75380
0.63165
0.22358
0.57926
0.56983
0.76696
0.25307
0.40775
0.42436
0.54668
0.83798
0.72983
0.07201
0.26689
0.72209
0.11346
0.39384
0.12626
0.32069
0.86434
0.84523
0.06094
0.85620
0.27735
0.86695
0.44112
0.84291
0.33590
0.12128
0.02460
0.42221
0.16119
0.06404
0.41597
0.59300
0.90882
0.35051
0.65000
0.64390
0.36616
0.03252
0.07777
0.27206
0.38546
0.24316
0.84107
0.90883
0.88363
0.18551
0.76600
0.84625
0.25219
0.16440
0.21162
0.27283
0.17299
0.55132
0.95901
0.35157
0.59708
0.38282
0.36215
0.19850
0.45891
0.77000
0.21269
0.25249
0.11011
0.09003
0.13659
0.37302
0.18768
0.32928
0.23215
0.81866
0.18479
0.76191
0.92855
0.73344
0.68189
0.74829
0.27759
0.63450
0.22407
0.18741
0.36433
0.75746
0.52399
0.41604
0.33681
0.24025
0.37880
0.10891
0.89439
0.87255
0.18473
0.21317
0.06490
0.96050
0.71068
0.04943
0.86589
0.72937
0.06237
0.27416
0.04703
0.72706
0.39364
0.49124
0.92408
0.91024
0.92884
0.24950
0.72472
0.24517
0.19213
0.54203
0.16717
0.09383
0.86330
0.54971
0.31485
0.10515
0.09906
0.09260
0.72743
0.38691
0.87499
0.35571
0.84240
0.13498
0.83164
0.21425
0.25736
0.54360
0.87973
0.27009
0.19289
0.23832
0.44562
0.38805
0.83900
0.14119
0.19727
0.12294
0.42818
0.38653
0.56674
0.73134
0.75458
0.81926
0.47599
0.14379
0.14049
0.21396
0.94614
0.93895
0.41373
0.05496
0.25175
0.13429
0.10202
0.94364
0.67421
0.75630
0.82915
0.72996
0.43232
0.33787
0.83763
0.47910
0.24704
0.32961
0.45462
0.65138
0.15623
0.22198
0.45026
0.12588
0.87224
0.58000
0.12870
0.36385
0.39310
0.34845
0.18322
0.12890
0.35939
0.53651
0.58431
0.47866
0.34280
0.33852
0.45239
0.82538
0.93855
0.66428
0.45729
0.88524
0.74033
0.49782
0.45804
0.56661
0.14875
0.28949
0.67024
0.19615
0.91414
0.33819
0.72171
0.10346
0.19233
0.06008
0.53829
0.12380
0.14620
0.86787
0.04791
0.09443
0.70556
0.26606
0.43146
0.51089
0.24880
0.54108
0.17251
0.62763
0.21957
0.88370
0.76024
0.18358
0.93818
0.39860
0.75087
0.16473
0.63373
0.06323
0.60773
0.57308
0.70732
0.63597
0.87730
0.14003
0.08676
0.48584
0.38145
0.92693
0.75002
0.72702
0.82170
0.09597
0.84304
0.40253
0.35496
0.20809
0.54109
0.19102
0.96337
0.83636
0.57642
0.19558
0.48006
0.43033
0.51150
0.10390
0.27977
0.36749
0.37380
0.31482
0.02315
0.20223
0.41873
0.44920
0.23322
0.17188
0.20136
0.10178
0.35378
0.09847
0.85301
0.28796
0.07643
0.19155
0.05285
0.51935
0.52072
0.57560
0.83637
0.33770
0.56039
0.11067
0.59711
0.10741
0.81511
0.36451
0.31077
0.41481
0.14856
0.05461
0.35370
0.36649
0.34588
0.01841
0.29791
0.74123
0.08427
0.90907
0.92812
0.34535
0.70684
0.06758
0.79463
0.07000
0.53872
0.35615
0.83307
0.46168
0.30970
0.05897
0.17598
0.24940
0.96871
0.85237
0.20130
0.85732
0.14001
0.57280
0.48194
0.12010
0.86790
0.66824
0.36327
0.46775
0.73018
0.16322
0.40986
0.20153
0.81154
0.44598
0.23902
0.84567
0.33422
0.10238
0.49260
0.22403
0.57749
0.93279
0.14029
0.71753
0.34276
0.36537
0.70820
0.74877
0.19622
0.72026
0.81245
0.33451
0.07780
0.37948
0.20256
0.38717
0.11591
0.13102
0.33685
0.67856
0.16706
0.46162
0.06065
0.32970
0.85219
0.48756
0.84074
0.37661
0.25550
0.40384
0.83338
0.08624
0.83786
0.09095
0.34127
0.45035
0.65712
0.07039
0.38743
0.55311
0.51313
0.10551
0.10295
0.94990
0.33243
0.17007
0.16873
0.21212
0.31345
0.30256
0.28233
0.27356
0.85640
0.22394
0.41169
0.08716
0.36169
0.27140
0.37191
0.87336
0.83668
0.15801
0.76780
0.36630
0.16892
0.94585
0.33788
0.39950
0.72719
0.39872
0.45366
0.73140
0.90268
0.13184
0.88611
0.35793
0.50409
0.83350
0.03397
0.67196
0.35757
0.34845
0.47248
0.25775
0.22541
0.33812
0.26434
0.53560
0.88607
0.24223
0.15426
0.55878
0.27353
0.54819
0.34132
0.26369
0.34940
0.24016
0.38834
0.56387
0.75734
0.14167
0.14707
0.53181
0.41193
0.13240
0.88258
0.57215
0.40593
0.25076
0.27017
0.22815
0.32191
0.20581
0.58327
0.55720
0.28087
0.24238
0.56717
0.40661
0.53662
0.71470
0.19612
0.32327
0.46080
0.22092
0.63087
0.35327
0.32974
0.81324
0.36184
0.73584
0.83241
0.84892
0.50751
0.72949
0.11178
0.74582
0.25276
0.15105
0.89163
0.06007
0.40489
0.09137
0.93822
0.22028
0.27642
0.69386
0.42473
0.74195
0.37102
0.31092
0.20225
0.15285
0.34311
0.93156
0.36750
0.43416
0.03974
0.66832
0.73873
0.28580
0.94866
0.27571
0.58370
0.55767
0.69831
0.52735
0.35616
0.74202
0.85378
0.85888
0.73022
0.47483
0.23300
0.61259
0.20579
0.81085
0.54265
0.39962
0.86213
0.90037
0.13784
0.04192
0.33821
0.33662
0.78973
0.22727
0.56529
0.25735
0.28246
0.19039
0.41008
0.11012
0.32027
0.07045
0.74874
0.74935
0.88207
0.84327
0.33329
0.92070
0.27644
0.06794
0.87941
0.53529
0.37655
0.49698
0.21325
0.40627
0.87152
0.85011
0.36818
0.34235
0.56869
0.71891
0.12091
0.87286
0.94077
0.09168
0.95855
0.69904
0.05379
0.82962
0.10506
0.17023
0.19119
0.19800
0.81586
0.25882
0.32434
0.40959
0.04959
0.22986
0.34873
0.83339
0.26427
0.44242
0.17993
0.83887
0.89435
0.83493
0.50805
0.46729
0.86555
0.43638
0.11183
0.86668
0.26157
0.19500
0.31677
0.48151
0.72215
0.09703
0.75256
0.64445
0.09821
0.87377
0.41102
0.16251
0.41404
0.19796
0.75448
0.14429
0.08006
0.13484
0.08199
0.83742
0.12625
0.84443
0.67725
0.85280
0.82339
0.84242
0.83123
0.60279
0.28486
0.93190
0.10518
0.84691
0.92421
0.21078
0.59528
0.21251
0.13182
0.52114
0.56495
0.42275
0.74633
0.08268
0.52244
0.36104
0.29994
0.07800
0.68595
0.82201
0.23824
0.44702
0.30814
0.25364
0.92098
0.92207
0.35506
0.22205
0.75711
0.42338
0.08270
0.55550
0.57562
0.18746
0.91889
0.16128
0.32455
0.73220
0.45572
0.97039
0.74641
0.16224
0.23341
0.26190
0.54323
0.38302
0.85515
0.24629
0.13625
0.72658
0.88245
0.48607
0.17460
0.17684
0.63060
0.88626
0.35079
0.25856
0.87278
0.91537
0.85560
0.87954
0.69246
0.11330
0.89167
0.31591
0.47909
0.05554
0.09780
0.36908
0.06220
0.84009
0.28915
0.26515
0.89316
0.35287
0.11692
0.54050
0.74806
0.12038
0.76663
0.57387
0.87180
0.56302
0.71681
0.57736
0.33204
0.39999
0.49867
0.75667
0.83708
0.27846
0.88304
0.20972
0.33441
0.55925
0.27163
0.74553
0.26099
0.20375
0.45351
0.73622
0.92702
0.54537
0.13934
0.38291
0.63497
0.22012
0.36208
0.28891
0.73045
0.80180
0.34624
0.05207
0.34662
0.43262
0.28255
0.20299
0.14996
0.03836
0.87234
0.41025
0.72510
0.84466
0.88062
0.37821
0.17256
0.70371
0.97552
0.82830
0.41998
0.64133
0.93459
0.78635
0.17300
0.57351
0.27655
0.21686
0.87645
0.73442
0.51815
0.48660
0.60096
0.22799
0.43640
0.65315
0.33011
0.16398
0.31072
0.47835
0.93355
0.25320
0.58747
0.35820
0.95571
0.17342
0.84721
0.22006
0.84317
0.40244
0.42935
0.19432
0.77074
0.45439
0.25028
0.73193
0.87174
0.18005
0.80891
0.04502
0.20883
0.74072
0.74480
0.36166
0.67188
0.34615
0.72539
0.41440
0.11125
0.85410
0.91886
0.20647
0.54987
0.33019
0.32975
0.56769
0.25392
0.59531
0.11845
0.59111
0.76998
0.72339
0.33774
0.88974
0.41267
0.86276
0.19787
0.51053
0.13145
0.32692
0.71233
0.53840
0.41204
0.51200
0.13200
0.40191
0.38044
0.06133
0.57893
0.73191
0.03812
0.10127
0.32662
0.77182
0.31258
0.10892
0.91813
0.27147
0.52005
0.65513
0.72454
0.33267
0.38908
0.87605
0.37301
0.51718
0.10786
0.40704
0.86289
0.91137
0.04443
0.49497
0.03349
0.82122
0.34027
0.13197
0.95292
0.17690
0.06424
0.16846
0.26154
0.14445
0.68625
0.29720
0.05514
0.94401
0.11261
0.28579
0.76922
0.39514
0.09144
0.19156
0.22736
0.83597
0.10894
0.08534
0.11791
0.74134
0.84437
0.04971
0.90843
0.39293
0.57466
0.08983
0.86588
0.91004
0.58926
0.59562
0.55055
0.12437
0.12322
0.89221
0.74442
0.62863
0.44510
0.29750
0.33376
0.05578
0.49050
0.21122
0.09912
0.87627
0.85696
0.88956
0.21833
0.44706
0.27340
0.34127
0.94492
0.19518
0.06281
0.22083
0.31721
0.28813
0.16427
0.39514
0.54285
0.23303
0.31746
0.13072
0.42493
0.77499
0.27888
0.23421
0.22071
0.90116
0.16012
0.64373
0.58347
0.88314
0.59430
0.38714
0.22550
0.27064
0.75449
0.73369
0.88634
0.23318
0.84905
0.47443
0.21724
0.39327
0.93150
0.38768
0.11694
0.86575
0.48927
0.12824
0.14276
0.19629
0.30995
0.25447
0.18376
0.86583
0.52419
0.85787
0.85462
0.06161
0.08817
0.70551
0.45747
0.62067
0.42280
0.22719
0.50827
0.82289
0.82258
0.75102
0.08553
0.12776
0.87903
0.25569
0.20360
0.10642
0.40119
0.28211
0.05611
0.21153
0.18426
0.84523
0.46574
0.84901
0.59083
0.12510
0.74122
0.87075
0.96300
0.32224
0.08926
0.73138
0.34417
0.78989
0.75346
0.60629
0.87387
0.24197
0.27078
0.69846
0.93574
0.94351
0.82375
0.91589
0.37734
0.96246
0.84855
0.22615
0.84113
0.25062
0.53875
0.87735
0.59678
0.91522
0.27701
0.52196
0.84194
0.38784
0.33396
0.13351
0.77920
0.64623
0.47901
0.19038
0.16182
0.94313
0.58655
0.72240
0.26028
0.12567
0.16927
0.48978
0.33476
0.23395
0.84330
0.92319
0.77031
0.73441
0.37792
0.49627
0.17804
0.84334
0.70128
0.82980
0.66841
0.18464
0.76520
0.19271
0.60690
0.14778
0.87420
0.93394
0.83121
0.83154
0.31145
0.55291
0.09629
0.57614
0.52567
0.62374
0.61768
0.10467
0.31107
0.71067
0.50792
0.95643
0.07107
0.22667
0.62696
0.15709
0.13594
0.39809
0.40174
0.62693
0.15756
0.85614
0.27204
0.85720
0.12239
0.24922
0.93490
0.50263
0.25037
0.42837
0.13420
0.13865
0.90457
0.28330
0.13031
0.33051
0.72317
0.29842
0.19811
0.10888
0.12791
0.73335
0.12362
0.50871
0.94533
0.67598
0.52157
0.23124
0.18959
0.73834
0.22797
0.64463
0.90253
0.71609
0.20710
0.16197
0.27550
0.11246
0.38324
0.34366
0.62021
0.82138
0.15871
0.85395
0.11034
0.93102
0.34965
0.18861
0.81824
0.28051
0.75014
0.31870
0.27887
0.54275
0.42735
0.41496
0.28076
0.97356
0.25961
0.34309
0.83043
0.16493
0.90709
0.27395
0.26656
0.27531
0.85407
0.83001
0.42194
0.12520
0.46044
0.17258
0.10416
0.52219
0.55858
0.26930
0.47200
0.40708
0.22289
0.06954
0.75009
0.35297
0.77841
0.08284
0.50197
0.41613
0.11892
0.20111
0.18118
0.22605
0.11317
0.29415
0.89717
0.41718
0.71948
0.92980
0.14065
0.80449
0.94889
0.55766
0.31762
0.08306
0.36354
0.84005
0.09110
0.10112
0.50165
0.96854
0.16738
0.45439
0.18552
0.05385
0.15036
0.51612
0.88471
0.93832
0.80293
0.74520
0.31876
0.17269
0.22290
0.58315
0.94510
0.92878
0.85030
0.19930
0.98033
0.85077
0.07201
0.23862
0.23650
0.92373
0.29080
0.35503
0.17599
0.42232
0.28836
0.88572
0.27813
0.86563
0.46178
0.73679
0.86338
0.11237
0.13875
0.49139
0.17615
0.30337
0.20135
0.92035
0.55460
0.66537
0.70927
0.38847
0.72423
0.11209
0.83220
0.04803
0.23474
0.86477
0.09636
0.13265
0.14133
0.13097
0.71051
0.20755
0.69275
0.21947
0.25159
0.14286
0.40567
0.15536
0.40171
0.73412
0.73326
0.11675
0.08523
0.42967
0.42814
0.61059
0.21882
0.65898
0.55792
0.72805
0.09703
0.93146
0.12085
0.18255
0.24429
0.22187
0.72405
0.93688
0.36839
0.92787
0.46552
0.12366
0.62467
0.12778
0.37617
0.13594
0.87507
0.24770
0.42783
0.70527
0.18364
0.38476
0.51215
0.42222
0.91567
0.72936
0.96750
0.80838
0.86936
0.11091
0.85128
0.96374
0.46570
0.36423
0.77643
0.93131
0.38829
0.20002
0.08909
0.55363
0.44675
0.20123
0.28986
0.59532
0.44261
0.57310
0.89873
0.65964
0.12912
0.89804
0.11133
0.60964
0.93658
0.13450
0.16780
0.84084
0.23554
0.73490
0.85777
0.60195
0.85543
0.46504
0.11710
0.15003
0.57197
0.29764
0.77084
0.21355
0.31548
0.07271
0.69418
0.16151
0.85437
0.34152
0.21603
0.47699
0.20290
0.05143
0.87867
0.21103
0.36749
0.17517
0.89490
0.60873
0.88873
0.12844
0.20816
0.21354
0.34638
0.25080
0.77089
0.85404
0.42242
0.13543
0.42215
0.26521
0.10642
0.86021
0.04656
0.84725
0.13223
0.07280
0.93010
0.20224
0.68271
0.90114
0.66456
0.02090
0.85357
0.59230
0.18127
0.42311
0.04233
0.58255
0.93885
0.66758
0.06199
0.85888
0.35075
0.88265
0.94656
0.55032
0.83144
0.23594
0.85014
0.17968
0.25783
0.04973
0.12291
0.45342
0.19752
0.41444
0.28801
0.07514
0.91944
0.56971
0.83667
0.68057
0.36147
0.40985
0.21310
0.93410
0.06687
0.46694
0.60598
0.34729
0.28714
0.87316
0.35932
0.13416
0.34930
0.70968
0.20425
0.15652
0.51681
0.82699
0.38949
0.12767
0.35482
0.54631
0.24164
0.06407
0.92124
0.13313
0.14925
0.34722
0.26849
0.14391
0.12947
0.12778
0.86335
0.42344
0.65469
0.19269
0.24310
0.06596
0.10770
0.82174
0.06207
0.20706
0.23992
0.40512
0.89535
0.45038
0.40599
0.07761
0.51443
0.74545
0.46582
0.94075
0.38979
0.11180
0.94599
0.73881
0.82985
0.42025
0.22148
0.21206
0.34823
0.14241
0.40000
0.81599
0.24648
0.46025
0.09607
0.15306
0.88128
0.73117
0.37701
0.83721
0.04604
0.05565
0.51381
0.57968
0.84601
0.19362
0.36761
0.59585
0.83229
0.29696
0.67308
0.27305
0.12480
0.25843
0.25100
0.37026
0.56162
0.05332
0.89948
0.32559
0.28752
0.45056
0.20455
0.85776
0.91269
0.88113
0.70217
0.54740
0.74013
0.13535
0.08174
0.30537
0.18562
0.60412
0.07702
0.20094
0.23427
0.94586
0.69583
0.26866
0.23425
0.88642
0.86656
0.75993
0.08960
0.89467
0.29630
0.72870
0.38644
0.32943
0.56821
0.46825
0.86093
0.96236
0.22532
0.10849
0.34833
0.96377
0.06182
0.29653
0.15217
0.13412
0.57684
0.31166
0.17295
0.26756
0.10351
0.19981
0.82905
0.17725
0.80427
0.87817
0.34618
0.86361
0.13265
0.95624
0.12691
0.40057
0.61520
0.71455
0.72766
0.15381
0.97009
0.37464
0.00424
0.86169
0.21112
0.56869
0.19972
0.45505
0.85355
0.57565
0.64885
0.33486
0.23923
0.56481
0.89245
0.21663
0.74667
0.75314
0.08268
0.46755
0.45755
0.26646
0.64157
0.16051
0.04932
0.14304
0.11134
0.87642
0.26917
0.84294
0.66192
0.10431
0.92231
0.60471
0.36143
0.97249
0.73323
0.70417
0.83078
0.18272
0.58746
0.43736
0.77192
0.06750
0.60494
0.18202
0.16667
0.80216
0.28821
0.20928
0.15092
0.73283
0.05911
0.94932
0.87342
0.03982
0.15303
0.71784
0.52921
0.83367
0.62455
0.21843
0.38894
0.24525
0.90519
0.54530
0.06726
0.09195
0.83997
0.10166
0.11382
0.78072
0.85561
0.58926
0.75638
0.09363
0.72053
0.22355
0.30563
0.86167
0.50789
0.17894
0.31830
0.15731
0.74283
0.93416
0.32860
0.31631
0.30739
0.76992
0.56161
0.22442
0.19687
0.84996
0.52246
0.47283
0.34357
0.36853
0.90696
0.74715
0.33802
0.57720
0.25370
0.04270
0.17543
0.62355
0.55477
0.83340
0.53049
0.69125
0.14877
0.54714
0.38280
0.71982
0.85468
0.11294
0.70918
0.89255
0.53158
0.15186
0.14020
0.33946
0.67799
0.54858
0.19862
0.43237
0.36159
0.54130
0.52324
0.90437
0.40321
0.39286
0.13048
0.72384
0.29966
0.84286
0.23285
0.05486
0.21095
0.23534
0.60461
0.23216
0.56786
0.40795
0.16610
0.90721
0.25555
0.58750
0.92696
0.06422
0.09821
0.86114
0.71527
0.91379
0.08880
0.24665
0.26122
0.83096
0.20875
0.10349
0.36490
0.83084
0.86923
0.37655
0.52540
0.36759
0.12333
0.84742
0.13774
0.57883
0.19442
0.57700
0.29037
0.11201
0.07334
0.86163
0.86660
0.38715
0.13306
0.53322
0.30060
0.75486
0.49376
0.76183
0.08691
0.24800
0.22574
0.11493
0.67360
0.02609
0.70261
0.73633
0.93764
0.48411
0.87901
0.21527
0.05574
0.16512
0.11818
0.92264
0.95652
0.30469
0.11202
0.22513
0.76820
0.49435
0.34195
0.39151
0.28245
0.20386
0.13095
0.63451
0.42232
0.39568
0.60143
0.84152
0.82880
0.18050
0.22544
0.75772
0.05645
0.95945
0.25801
0.70573
0.51493
0.54037
0.08942
0.94144
0.50657
0.31137
0.26886
0.33593
0.25173
0.07452
0.53570
0.63557
0.58406
0.12109
0.55951
0.86657
0.34357
0.51691
0.57956
0.38185
0.34749
0.78715
0.64863
0.14874
0.86660
0.05076
0.81558
0.92493
0.47945
0.34310
0.66399
0.41627
0.12524
0.67878
0.13792
0.19860
0.70550
0.91893
0.13850
0.05028
0.10848
0.34878
0.47184
0.35072
0.56481
0.33077
0.10477
0.18065
0.44618
0.11444
0.34373
0.09028
0.33722
0.58575
0.75589
0.73221
0.91583
0.85308
0.82019
0.05268
0.91506
0.11601
0.17242
0.30127
0.42304
0.30378
0.36125
0.36235
0.74312
0.51581
0.84016
0.16036
0.98109
0.44821
0.14525
0.75964
0.57485
0.84715
0.23814
0.22282
0.83059
0.05794
0.28165
0.86644
0.15488
0.37156
0.19852
0.58311
0.15631
0.72535
0.74327
0.36691
0.34018
0.25819
0.36491
0.48300
0.93521
0.31700
0.42911
0.70206
0.74714
0.89118
0.71820
0.29331
0.43347
0.48152
0.18773
0.70976
0.34971
0.39557
0.73224
0.09957
0.34831
0.22953
0.85773
0.81667
0.88201
0.08868
0.33283
0.14672
0.72395
0.06918
0.87150
0.51772
0.55207
0.26143
0.87027
0.92161
0.91852
0.15382
0.53880
0.91035
0.65824
0.31485
0.88320
0.37438
0.87406
0.34722
0.10977
0.13858
0.48210
0.40187
0.83382
0.59311
0.08827
0.84457
0.14888
0.86133
0.56212
0.05994
0.73840
0.31128
0.64795
0.21015
0.94711
0.86978
0.11796
0.36209
0.25962
0.91986
0.25894
0.76889
0.06972
0.31867
0.08707
0.47276
0.44472
0.42475
0.16044
0.67469
0.74404
0.73945
0.90636
0.02686
0.82344
0.93378
0.08350
0.21387
0.14876
0.86669
0.22856
0.71071
0.56587
0.12308
0.27294
0.30262
0.23402
0.49781
0.85131
0.24019
0.60651
0.94309
0.14383
0.32510
0.19151
0.95769
0.39230
0.74049
0.10692
0.82477
0.64611
0.86556
0.66556
0.33280
0.74345
0.54134
0.76588
0.30465
0.73911
0.27552
0.74979
0.25433
0.89614
0.73728
0.94619
0.33995
0.31725
0.56818
0.86888
0.54089
0.31982
0.89106
0.22028
0.23887
0.85781
0.32685
0.20701
0.32569
0.28646
0.23356
0.35029
0.86654
0.14270
0.39090
0.35070
0.41140
0.85693
0.32956
0.24154
0.43998
0.78322
0.71206
0.50734
0.35277
0.39122
0.31878
0.84347
0.14777
0.15200
0.68032
0.16290
0.91193
0.57821
0.88949
0.55630
0.20261
0.35895
0.33331
0.34850
0.72206
0.41154
0.63278
0.94365
0.52621
0.84790
0.70913
0.08419
0.46247
0.28064
0.36264
0.07905
0.88161
0.21495
0.88047
0.18071
0.13444
0.27415
0.23645
0.39852
0.36417
0.71693
0.96143
0.91601
0.20885
0.27652
0.57726
0.65930
0.21840
0.40834
0.14156
0.86076
0.64447
0.34563
0.29388
0.14386
0.93242
0.12695
0.72843
0.43149
0.71893
0.28395
0.34331
0.88413
0.26992
0.23402
0.41230
0.23437
0.86095
0.13433
0.27612
0.53093
0.36891
0.17025
0.21510
0.05708
0.70435
0.50338
0.94366
0.28191
0.16281
0.31536
0.84579
0.12710
0.58308
0.95766
0.22885
0.23358
0.95659
0.33509
0.42526
0.35329
0.04667
0.34416
0.39821
0.97267
0.22370
0.49560
0.30426
0.25642
0.23515
0.36900
0.22267
0.86016
0.20792
0.44746
0.09637
0.05375
0.48816
0.04136
0.87865
0.60463
0.94674
0.95319
0.94802
0.19923
0.39631
0.48913
0.68567
0.87831
0.85805
0.34393
0.24539
0.38771
0.07131
0.84354
0.16602
0.10602
0.18469
0.15398
0.11576
0.94688
0.92629
0.87668
0.32326
0.20554
0.46423
0.28962
0.38958
0.43130
0.06653
0.75019
0.36181
0.57654
0.21379
0.46849
0.15679
0.80462
0.38890
0.57655
0.04972
0.94564
0.08454
0.85798
0.92730
0.07319
0.49515
0.73562
0.53786
0.34678
0.27626
0.58436
0.13516
0.66207
0.94434
0.73522
0.23289
0.29362
0.87828
0.05463
0.73657
0.14530
0.16065
0.86571
0.11194
0.37755
0.85516
0.12772
0.39412
0.15768
0.37888
0.07809
0.82332
0.40012
0.04868
0.10468
0.86671
0.36851
0.79270
0.88394
0.14043
0.65012
0.17377
0.31125
0.38418
0.55565
0.87172
0.13333
0.29016
0.46562
0.36424
0.34722
0.36060
0.96169
0.08446
0.21606
0.84455
0.21415
0.14840
0.73797
0.06701
0.34390
0.02734
0.32709
0.54851
0.08391
0.14000
0.27853
0.53383
0.63190
0.20722
0.35806
0.36281
0.25306
0.34069
0.80658
0.41907
0.74294
0.84086
0.60917
0.95301
0.18653
0.88895
0.05128
0.17140
0.72186
0.87719
0.26751
0.11210
0.27728
0.21089
0.24564
0.96095
0.39651
0.58166
0.65588
0.18695
0.20633
0.16858
0.42453
0.76164
0.32129
0.06045
0.74565
0.09831
0.07572
0.94393
0.44754
0.27272
0.86943
0.16658
0.38970
0.70908
0.85354
0.83446
0.24788
0.69786
0.84370
0.96293
0.84351
0.21593
0.18207
0.46880
0.23594
0.34872
0.18278
0.72721
0.07870
0.89880
0.25576
0.72359
0.75332
0.58030
0.38412
0.73224
0.38981
0.72515
0.28000
0.63309
0.18751
0.17302
0.66171
0.82699
0.23622
0.82800
0.07270
0.84863
0.13342
0.74921
0.63767
0.16789
0.08072
0.30215
0.60569
0.25824
0.77652
0.14966
0.71302
0.58653
0.27297
0.13853
0.81551
0.52334
0.30977
0.14448
0.85268
0.17880
0.18800
0.23160
0.10257
0.83545
0.13530
0.75200
0.19570
0.45400
0.07869
0.17520
0.12774
0.94726
0.86948
0.76595
0.69896
0.15661
0.86145
0.58902
0.58184
0.65376
0.10857
0.44483
0.14918
0.83414
0.33579
0.40235
0.46796
0.17225
0.84340
0.65545
0.89669
0.08861
0.25785
0.33416
0.36346
0.14069
0.42816
0.05992
0.29144
0.94922
0.97546
0.28309
0.86147
0.33806
0.17256
0.07675
0.93292
0.53230
0.31181
0.28953
0.29649
0.11375
0.32743
0.15833
0.42772
0.59902
0.60927
0.36208
0.09546
0.16664
0.97498
0.41060
0.90486
0.11261
0.95640
0.92269
0.57715
0.92659
0.32903
0.15894
0.44079
0.09655
0.88212
0.27470
0.91907
0.22282
0.85471
0.06332
0.36724
0.56763
0.35009
0.29077
0.58224
0.75616
0.15898
0.75737
0.07190
0.09134
0.27504
0.36632
0.39965
0.28882
0.16794
0.29772
0.43625
0.21317
0.51597
0.75067
0.51414
0.58779
0.32274
0.06698
0.21228
0.63014
0.70868
0.17201
0.55301
0.74527
0.47802
0.93267
0.33223
0.24167
0.29309
0.49213
0.48837
0.58259
0.23171
0.86532
0.11319
0.84205
0.25466
0.13985
0.36286
0.07922
0.07370
0.27265
0.91780
0.55225
0.53728
0.83468
0.41288
0.67363
0.94690
0.07567
0.69883
0.93246
0.22089
0.26988
0.28868
0.89473
0.23844
0.81702
0.15503
0.51509
0.86180
0.55157
0.42007
0.47312
0.33079
0.09986
0.86629
0.31757
0.22503
0.86656
0.72334
0.85946
0.16463
0.07923
0.21094
0.09921
0.12765
0.80097
0.87913
0.28997
0.29210
0.22637
0.10080
0.67818
0.53450
0.85007
0.87232
0.21244
0.08676
0.16921
0.20846
0.03660
0.06344
0.85549
0.72974
0.05959
0.21691
0.23424
0.31885
0.10409
0.03936
0.12394
0.54317
0.60350
0.87219
0.84583
0.73977
0.76250
0.54131
0.95126
0.17490
0.56648
0.21568
0.84400
0.14814
0.08293
0.46698
0.34667
0.20158
0.82935
0.24669
0.17672
0.19102
0.34286
0.72262
0.86450
0.13898
0.10313
0.16802
0.52233
0.25467
0.83379
0.83584
0.36459
0.16384
0.86639
0.84522
0.94410
0.88915
0.12982
0.32548
0.37749
0.58363
0.80926
0.38337
0.55520
0.78223
0.20103
0.40506
0.02712
0.40905
0.23877
0.16876
0.12298
0.80802
0.21707
0.37353
0.83856
0.48608
0.72792
0.59211
0.42287
0.34465
0.17664
0.15799
0.95773
0.23926
0.74963
0.23642
0.15944
0.20244
0.12612
0.94876
0.06023
0.70585
0.39654
0.37971
0.05547
0.22659
0.93722
0.96467
0.26182
0.85388
0.83144
0.56050
0.06720
0.86629
0.55807
0.56047
0.05711
0.62515
0.11488
0.15399
0.74502
0.47594
0.23932
0.40964
0.61984
0.88397
0.39642
0.89551
0.28724
0.31476
0.11234
0.15146
0.33472
0.40347
0.85121
0.55082
0.56421
0.08937
0.33062
0.43804
0.08521
0.10434
0.20434
0.07053
0.88019
0.52147
0.36476
0.53729
0.24744
0.22901
0.75285
0.36744
0.28306
0.73129
0.19774
0.15137
0.04709
0.57117
0.14955
0.21090
0.39925
0.39590
0.09054
0.23987
0.37100
0.86491
0.47856
0.71951
0.70373
0.23347
0.93165
0.11729
0.82749
0.31312
0.72420
0.72270
0.32956
0.49450
0.74619
0.14184
0.90274
0.87545
0.25405
0.06446
0.85677
0.24268
0.34449
0.19337
0.46520
0.10823
0.23498
0.21512
0.72696
0.72380
0.24587
0.41776
0.59223
0.30599
0.16105
0.24266
0.88975
0.26618
0.28822
0.33875
0.39749
0.08469
0.86652
0.08428
0.38207
0.39113
0.13686
0.46708
0.74039
0.09068
0.33294
0.10568
0.39262
0.22401
0.88064
0.14706
0.15389
0.38767
0.84964
0.96355
0.44567
0.84284
0.32777
0.74706
0.34392
0.28829
0.29365
0.57752
0.32107
0.58856
0.14043
0.29328
0.55451
0.36020
0.18395
0.17793
0.90931
0.50049
0.75670
0.51306
0.07621
0.87041
0.93842
0.41300
0.29372
0.17104
0.44483
0.86581
0.82639
0.12919
0.42028
0.83479
0.11619
0.31886
0.19840
0.25223
0.19824
0.35291
0.96226
0.33001
0.40785
0.72638
0.26051
0.58612
0.37148
0.82177
0.18318
0.20932
0.22167
0.19801
0.81600
0.00883
0.62095
0.34333
0.05779
0.57377
0.89569
0.38572
0.89070
0.39120
0.73151
0.16520
0.75084
0.63537
0.09747
0.49804
0.11062
0.39232
0.72239
0.07934
0.46289
0.27227
0.93320
0.09150
0.25564
0.14171
0.33100
0.72642
0.83245
0.91964
0.91580
0.11156
0.06625
0.17330
0.06381
0.74484
0.69784
0.54193
0.36583
0.83349
0.30941
0.82072
0.30349
0.84751
0.38463
0.46781
0.74634
0.13051
0.48762
0.26270
0.74037
0.03921
0.12969
0.73666
0.12069
0.22109
0.20806
0.06602
0.75524
0.54784
0.82242
0.20433
0.59197
0.85090
0.85541
0.52933
0.18570
0.15909
0.85094
0.12020
0.14859
0.15874
0.12372
0.13880
0.21603
0.21728
0.83958
0.48577
0.27232
0.82368
0.84028
0.17806
0.87742
0.36576
0.17267
0.80050
0.37363
0.31454
0.35774
0.18938
0.58859
0.83198
0.26864
0.87591
0.37236
0.36254
0.34592
0.86108
0.92695
0.81931
0.19269
0.25976
0.85704
0.64273
0.35882
0.24377
0.72862
0.61816
0.07124
0.06131
0.12580
0.20798
0.89631
0.16358
0.36771
0.53196
0.15823
0.23612
0.44156
0.53834
0.76451
0.10985
0.55513
0.33486
0.38259
0.10361
0.62448
0.41167
0.22419
0.08843
0.54896
0.25991
0.25063
0.97033
0.10833
0.73719
0.84047
0.23296
0.01926
0.50367
0.11070
0.20593
0.13909
0.03947
0.57102
0.54172
0.75811
0.57561
0.81496
0.02485
0.14076
0.60777
0.48862
0.57026
0.17976
0.21397
0.95058
0.72368
0.33577
0.20925
0.48070
0.51337
0.57014
0.04374
0.08570
0.05206
0.66478
0.22133
0.53646
0.65347
0.91139
0.40081
0.28912
0.11575
0.91475
0.20795
0.28676
0.21941
0.11207
0.33732
0.14924
0.47208
0.84660
0.71224
0.13218
0.93818
0.71900
0.76075
0.19724
0.57943
0.55892
0.26748
0.73453
0.87255
0.21275
0.90723
0.94142
0.46791
0.83615
0.65834
0.43127
0.13788
0.66678
0.36955
0.06535
0.55368
0.46168
0.54384
0.88338
0.19346
0.68846
0.28291
0.39839
0.23844
0.43727
0.90439
0.40157
0.30214
0.34128
0.32355
0.95491
0.76164
0.91611
0.40150
0.86915
0.54871
0.21426
0.22360
0.87616
0.85837
0.13080
0.39315
0.92740
0.72215
0.12037
0.33245
0.14785
0.92034
0.33430
0.41793
0.94628
0.87976
0.15157
0.27416
0.35323
0.74736
0.58400
0.10942
0.90614
0.49414
0.68996
0.74754
0.58133
0.73857
0.11190
0.06900
0.37400
0.16197
0.84145
0.28085
0.91684
0.56311
0.86606
0.73413
0.94398
0.25485
0.18675
0.63754
0.75357
0.64814
0.15371
0.81091
0.10767
0.50435
0.34479
0.32733
0.72409
0.09852
0.88019
0.10026
0.55897
0.53688
0.82541
0.10909
0.64070
0.25520
0.37374
0.91986
0.03919
0.25657
0.07047
0.35435
0.33754
0.65150
0.65490
0.66016
0.59144
0.81899
0.19701
0.83000
0.72307
0.21793
0.88044
0.81855
0.07560
0.25988
0.93138
0.25290
0.15652
0.12077
0.80319
0.91872
0.75116
0.04052
0.21581
0.34420
0.84352
0.21669
0.28846
0.18516
0.45588
0.33759
0.83486
0.91729
0.30175
0.82833
0.12803
0.50944
0.87959
0.08986
0.90621
0.66915
0.55015
0.33656
0.83810
0.84543
0.37174
0.21374
0.20686
0.17930
0.11753
0.72411
0.73254
0.12925
0.32681
0.66159
0.57719
0.13818
0.81941
0.19789
0.74070
0.20352
0.18048
0.21297
0.75622
0.35026
0.44237
0.39531
0.93632
0.47203
0.38785
0.86050
0.24033
0.71777
0.62291
0.33646
0.23080
0.31839
0.45767
0.13747
0.85916
0.48627
0.66422
0.33463
0.34367
0.34877
0.23426
0.74539
0.85472
0.55996
0.41101
0.57277
0.38356
0.84014
0.83265
0.69550
0.58749
0.30764
0.21429
0.86395
0.92119
0.19577
0.09472
0.12862
0.18038
0.27868
0.07605
0.20450
0.10896
0.21744
0.59720
0.43131
0.23355
0.66858
0.56757
0.83327
0.28014
0.30265
0.25103
0.05076
0.74381
0.41490
0.21403
0.40407
0.54520
0.88540
0.17335
0.88945
0.44861
0.05410
0.20586
0.14657
0.71834
0.47875
0.04269
0.61170
0.40099
0.05288
0.06233
0.14103
0.39216
0.72044
0.90317
0.49965
0.31877
0.35157
0.20924
0.65539
0.38135
0.25670
0.37179
0.22450
0.11947
0.86368
0.05908
0.93075
0.30361
0.83922
0.56411
0.29130
0.39156
0.46422
0.20299
0.84597
0.76549
0.38002
0.08545
0.35859
0.55014
0.53676
0.12223
0.31335
0.07156
0.29158
0.25840
0.25867
0.89919
0.92367
0.86047
0.21347
0.93986
0.15249
0.40909
0.54215
0.46002
0.86449
0.80836
0.05381
0.13937
0.10780
0.29423
0.87034
0.42775
0.49366
0.95968
0.87992
0.16601
0.92670
0.22353
0.11626
0.04909
0.57623
0.25735
0.61085
0.72857
0.40259
0.29369
0.42584
0.14760
0.15365
0.16169
0.37925
0.85555
0.84926
0.73239
0.07624
0.39386
0.10548
0.38026
0.40411
0.55539
0.68718
0.37702
0.49665
0.12315
0.35522
0.84561
0.53354
0.15876
0.22044
0.10010
0.11537
0.87767
0.67414
0.85659
0.18809
0.91432
0.48506
0.54913
0.04668
0.14700
0.94446
0.20459
0.31623
0.48404
0.56677
0.54860
0.16625
0.13398
0.75670
0.18862
0.12022
0.14686
0.75198
0.08166
0.11298
0.50978
0.91363
0.19966
0.88156
0.25730
0.35079
0.71858
0.14413
0.12162
0.85535
0.08233
0.58342
0.87553
0.43354
0.17093
0.60649
0.27680
0.28425
0.58021
0.17105
0.04469
0.12959
0.24357
0.20623
0.19770
0.42533
0.27890
0.85183
0.24777
0.95979
0.27913
0.41449
0.25885
0.41046
0.31510
0.50625
0.34728
0.86728
0.92794
0.40314
0.25773
0.61659
0.65231
0.72898
0.82669
0.91030
0.24152
0.92565
0.24725
0.08992
0.84146
0.12792
0.57330
0.64247
0.47585
0.19239
0.18659
0.42189
0.50741
0.58498
0.50640
0.74469
0.46456
0.24688
0.72674
0.86231
0.22722
0.12382
0.12832
0.92156
0.11702
0.39539
0.90683
0.55729
0.55541
0.74774
0.96782
0.58557
0.75052
0.63129
0.20850
0.60628
0.15983
0.33329
0.36206
0.54593
0.26838
0.61658
0.88238
0.23946
0.18275
0.11863
0.03331
0.39644
0.93791
0.16512
0.23899
0.49307
0.43286
0.13417
0.83916
0.05464
0.23189
0.04785
0.11312
0.86445
0.16033
0.13641
0.10544
0.71233
0.06104
0.26255
0.50080
0.70131
0.23220
0.91405
0.40656
0.64707
0.92780
0.34383
0.84520
0.19130
0.36439
0.54252
0.32149
0.41177
0.85868
0.93377
0.55860
0.20864
0.53800
0.24225
0.11142
0.49537
0.05426
0.19762
0.33376
0.07485
0.73356
0.27894
0.13125
0.34155
0.95601
0.22057
0.81332
0.43136
0.46700
0.42761
0.35600
0.87222
0.25903
0.24109
0.28530
0.18829
0.18820
0.92891
0.27409
0.91579
0.57186
0.28587
0.20108
0.13521
0.72760
0.40325
0.81604
0.21737
0.31948
0.29586
0.04650
0.93625
0.95049
0.75760
0.88906
0.96852
0.18261
0.71397
0.15838
0.56060
0.64108
0.26359
0.86723
0.92848
0.32267
0.35013
0.07420
0.65976
0.35640
0.71878
0.17431
0.08705
0.23667
0.40865
0.17574
0.10390
0.54096
0.07523
0.06225
0.13041
0.85913
0.54338
0.36769
0.21013
0.32067
0.92995
0.49713
0.48857
0.88983
0.32771
0.25499
0.36451
0.22011
0.90021
0.20446
0.10893
0.23465
0.07848
0.75027
0.50527
0.85981
0.33212
0.13367
0.54855
0.25296
0.86452
0.09893
0.93764
0.13405
0.17078
0.83633
0.73684
0.40024
0.84392
0.50435
0.74751
0.13040
0.21569
0.16525
0.32229
0.76429
0.47430
0.37341
0.74180
0.93984
0.39047
0.67058
0.83121
0.28624
0.55275
0.32107
0.33955
0.47694
0.38753
0.56968
0.28078
0.84702
0.13606
0.27890
0.91419
0.12888
0.44917
0.86385
0.60992
0.35084
0.89014
0.13183
0.87400
0.45937
0.83777
0.13782
0.10794
0.44205
0.09754
0.93071
0.80960
0.05823
0.43367
0.43798
0.33695
0.58672
0.34578
0.18927
0.14896
0.27911
0.21316
0.52900
0.40995
0.57486
0.34560
0.13804
0.23992
0.24483
0.38027
0.44520
0.17951
0.13565
0.56601
0.81535
0.72630
0.55477
0.38618
0.65282
0.13720
0.05922
0.73326
0.93571
0.12051
0.29857
0.93924
0.20092
0.74238
0.28511
0.57177
0.54641
0.41313
0.72303
0.89711
0.22269
0.85838
0.83442
0.74922
0.59313
0.73156
0.42701
0.06544
0.32159
0.83152
0.29671
0.16872
0.86655
0.36574
0.28043
0.34647
0.33121
0.53019
0.89252
0.86160
0.34061
0.28318
0.12786
0.86734
0.85575
0.92326
0.25738
0.83554
0.18692
0.26530
0.04974
0.24095
0.23139
0.50692
0.70744
0.47652
0.18149
0.54899
0.84849
0.66794
0.09793
0.21549
0.17484
0.19130
0.84648
0.54709
0.75279
0.25305
0.22910
0.09130
0.49885
0.38693
0.72310
0.10314
0.57715
0.63091
0.83410
0.71741
0.88285
0.23956
0.15328
0.17829
0.20748
0.69426
0.11858
0.70580
0.10515
0.38054
0.87145
0.32177
0.06594
0.05835
0.70591
0.38326
0.20288
0.46007
0.87660
0.34548
0.37480
0.64788
0.30233
0.49050
0.43863
0.39088
0.57904
0.07732
0.14428
0.84061
0.27265
0.17929
0.30256
0.84899
0.10313
0.40596
0.48909
0.36693
0.81511
0.21893
0.54487
0.30835
0.35673
0.49437
0.81785
0.09125
0.17774
0.83608
0.06330
0.74612
0.33762
0.81257
0.21005
0.28018
0.85015
0.86914
0.43370
0.54157
0.93413
0.19396
0.54647
0.94175
0.22925
0.10609
0.15413
0.85038
0.32497
0.56602
0.87832
0.85438
0.41624
0.21366
0.88352
0.72718
0.45789
0.22859
0.34823
0.95868
0.24672
0.12839
0.30488
0.13296
0.86898
0.24047
0.28197
0.83055
0.85117
0.20359
0.07149
0.19276
0.83262
0.64813
0.19691
0.11224
0.39498
0.57762
0.21791
0.46306
0.07581
0.12424
0.34119
0.49740
0.24978
0.87305
0.09494
0.88587
0.27469
0.06321
0.05270
0.34295
0.10646
0.57812
0.08010
0.26973
0.63431
0.16504
0.21806
0.91254
0.29518
0.20871
0.30208
0.41855
0.25452
0.34481
0.48467
0.05953
0.15552
0.39669
0.41535
0.19976
0.10761
0.06937
0.05157
0.15041
0.30097
0.37132
0.71984
0.23796
0.89962
0.63908
0.14262
0.51163
0.70872
0.43945
0.17846
0.12294
0.14553
0.06393
0.48521
0.33621
0.17611
0.16281
0.33737
0.27372
0.72137
0.42392
0.12475
0.85785
0.72695
0.14549
0.85085
0.82803
0.32267
0.44092
0.37594
0.43950
0.28099
0.18387
0.94291
0.34815
0.26257
0.10093
0.81682
0.75773
0.19311
0.39163
0.11020
0.70917
0.35852
0.98169
0.07709
0.53922
0.20959
0.86991
0.65429
0.66573
0.16999
0.85829
0.27525
0.70741
0.08355
0.72910
0.54237
0.62266
0.76390
0.25708
0.65048
0.10846
0.71440
0.09273
0.37179
0.27122
0.09013
0.43486
0.86688
0.21449
0.10096
0.38050
0.92677
0.65081
0.73777
0.18437
0.86429
0.38627
0.56202
0.82735
0.28083
0.07701
0.83969
0.13136
0.13541
0.29866
0.88843
0.46028
0.08806
0.86192
0.82063
0.47070
0.84548
0.15344
0.95110
0.38225
0.38720
0.52646
0.40560
0.84843
0.95870
0.93055
0.76251
0.93226
0.34247
0.56864
0.70041
0.61933
0.47924
0.85023
0.21481
0.34510
0.24358
0.93183
0.52043
0.06397
0.26465
0.19329
0.15907
0.16483
0.18240
0.29410
0.33353
0.48695
0.79353
0.39539
0.14106
0.34575
0.23537
0.19724
0.05402
0.39418
0.10755
0.22528
0.75019
0.25644
0.28573
0.69573
0.73917
0.34547
0.54304
0.72002
0.85853
0.96420
0.34112
0.17311
0.54359
0.07734
0.95064
0.66057
0.14999
0.56334
0.71949
0.16858
0.08784
0.19009
0.44719
0.86368
0.90168
0.32816
0.43146
0.70702
0.43577
0.55698
0.28324
0.35001
0.96033
0.93683
0.19505
0.20091
0.81341
0.43336
0.21143
0.11028
0.85290
0.86420
0.09289
0.68164
0.07294
0.23199
0.28625
0.83902
0.29284
0.55628
0.14360
0.31249
0.45600
0.93473
0.36901
0.10275
0.13043
0.32259
0.49850
0.58025
0.60711
0.74997
0.21244
0.93135
0.84531
0.84539
0.04729
0.36155
0.39127
0.52249
0.84819
0.05777
0.64732
0.46991
0.18422
0.62986
0.28496
0.87233
0.56148
0.33683
0.05489
0.84259
0.72540
0.85627
0.83542
0.21323
0.27371
0.18526
0.09463
0.30773
0.70211
0.51178
0.40663
0.18126
0.29796
0.23158
0.07703
0.67127
0.49801
0.86639
0.07940
0.96583
0.58387
0.12973
0.41500
0.87614
0.15951
0.88593
0.23200
0.04487
0.56325
0.38148
0.58992
0.87240
0.25704
0.09500
0.15586
0.13491
0.90919
0.83683
0.58310
0.85160
0.08151
0.33294
0.08890
0.84829
0.85384
0.32319
0.73616
0.47112
0.51790
0.09583
0.51359
0.55359
0.12235
0.82289
0.33934
0.87990
0.88459
0.20945
0.13477
0.03538
0.10334
0.14906
0.82731
0.23202
0.51429
0.49034
0.11110
0.63714
0.08527
0.37336
0.03049
0.58387
0.43849
0.34618
0.18872
0.33657
0.15094
0.18491
0.10309
0.40164
0.72864
0.48840
0.04362
0.11114
0.43945
0.63616
0.33003
0.75270
0.31186
0.36141
0.31443
0.60875
0.36991
0.06962
0.41344
0.48320
0.94337
0.26407
0.39319
0.22954
0.08415
0.27833
0.15709
0.31608
0.73953
0.64557
0.76570
0.41591
0.17475
0.18358
0.44618
0.14382
0.23185
0.62707
0.51639
0.84992
0.41029
0.31085
0.60607
0.29269
0.37466
0.43370
0.34626
0.71625
0.77557
0.44135
0.87300
0.08986
0.59011
0.31969
0.69691
0.11086
0.41725
0.75159
0.18736
0.85322
0.19974
0.94001
0.43993
0.14076
0.13176
0.29592
0.41491
0.73844
0.38017
0.33482
0.18591
0.81952
0.43949
0.34544
0.18631
0.81028
0.71539
0.33789
0.07013
0.60994
0.51367
0.26449
0.13470
0.96924
0.20180
0.39199
0.48579
0.93911
0.11753
0.22635
0.52500
0.37061
0.43193
0.44899
0.12206
0.21206
0.14461
0.15154
0.12998
0.40242
0.73306
0.51223
0.74141
0.12173
0.41179
0.94437
0.36184
0.42010
0.17672
0.85586
0.64767
0.37866
0.39257
0.21026
0.69364
0.20390
0.39357
0.14303
0.57318
0.91960
0.85675
0.18769
0.25569
0.13858
0.11535
0.50137
0.34337
0.84429
0.06697
0.77671
0.28772
0.22798
0.38663
0.59109
0.82798
0.33113
0.92252
0.64749
0.33976
0.92153
0.11307
0.65359
0.69750
0.38327
0.96459
0.20736
0.44336
0.53779
0.29642
0.79371
0.89550
0.87115
0.09145
0.75283
0.28609
0.34309
0.48915
0.45418
0.31918
0.60993
0.84681
0.63425
0.06080
0.60149
0.08420
0.08368
0.05892
0.23024
0.69690
0.12256
0.59740
0.23554
0.18470
0.33420
0.71428
0.15899
0.11171
0.17700
0.08352
0.40304
0.81983
0.24830
0.16561
0.93019
0.36948
0.26836
0.05657
0.12902
0.93274
0.57282
0.88231
0.27200
0.07650
0.34938
0.58001
0.33569
0.22135
0.19981
0.12827
0.22277
0.86575
0.86274
0.13894
0.33448
0.31580
0.33598
0.76128
0.81843
0.91340
0.86234
0.30994
0.27498
0.25353
0.66056
0.84741
0.33698
0.18370
0.48985
0.20290
0.24393
0.18970
0.80632
0.76657
0.43559
0.12940
0.32327
0.84837
0.85887
0.48012
0.34040
0.85722
0.26728
0.07763
0.91333
0.16443
0.55528
0.08450
0.11799
0.16558
0.88640
0.58677
0.83229
0.14778
0.33220
0.73470
0.95585
0.16912
0.87340
0.71089
0.38602
0.05553
0.58916
0.92992
0.14236
0.87039
0.49348
0.19713
0.54308
0.66986
0.16833
0.06170
0.18599
0.85913
0.10917
0.14997
0.82550
0.83453
0.56188
0.21779
0.20924
0.91526
0.72434
0.05868
0.44233
0.14170
0.22710
0.11746
0.78650
0.73552
0.53321
0.35107
0.75066
0.85090
0.85713
0.36408
0.94238
0.05390
0.57393
0.25255
0.86573
0.05650
0.95245
0.96746
0.49132
0.39573
0.56077
0.28010
0.34107
0.05822
0.26758
0.04892
0.52159
0.11334
0.82446
0.22974
0.83689
0.77351
0.59595
0.39604
0.95367
0.86790
0.82432
0.37996
0.77484
0.17827
0.40332
0.58826
0.45283
0.85181
0.63675
0.95483
0.90757
0.62745
0.21442
0.21824
0.07331
0.56528
0.74061
0.75324
0.50449
0.28337
0.30299
0.11976
0.36033
0.39299
0.46987
0.26297
0.92930
0.55089
0.36531
0.21972
0.15182
0.19856
0.31840
0.39877
0.24863
0.59933
0.20818
0.66020
0.85947
0.39773
0.37253
0.84165
0.52979
0.95630
0.72112
0.86554
0.73306
0.88369
0.85143
0.04874
0.32327
0.19457
0.73104
0.91954
0.83711
0.34800
0.86411
0.36301
0.81404
0.74165
0.35213
0.41895
0.73978
0.41308
0.72626
0.35675
0.39007
0.32993
0.16465
0.72108
0.35262
0.14628
0.47790
0.15860
0.08001
0.13126
0.16299
0.32650
0.74676
0.88214
0.40588
0.49932
0.12044
0.50406
0.75538
0.86849
0.08487
0.51762
0.08413
0.82650
0.26601
0.32892
0.57583
0.52448
0.37148
0.14658
0.39955
0.35700
0.12159
0.86422
0.18183
0.68739
0.74676
0.73662
0.29860
0.12158
0.20793
0.57169
0.21641
0.83551
0.85147
0.86421
0.19368
0.15796
0.89011
0.57287
0.83278
0.49526
0.84313
0.95650
0.08189
0.25954
0.58325
0.15039
0.86434
0.21611
0.18677
0.46912
0.04220
0.86483
0.38521
0.55154
0.09216
0.71763
0.22610
0.41054
0.73726
0.39013
0.37976
0.06591
0.93049
0.82231
0.12195
0.23469
0.06348
0.46007
0.24764
0.92804
0.58377
0.12425
0.24950
0.54987
0.33112
0.12536
0.11172
0.14028
0.12400
0.73331
0.61148
0.59505
0.50856
0.21691
0.24725
0.93227
0.12510
0.93733
0.67160
0.35655
0.90884
0.90020
0.82172
0.42421
0.54608
0.82559
0.15862
0.60095
0.58935
0.40943
0.93159
0.21523
0.80468
0.86414
0.11459
0.75660
0.33703
0.19309
0.38897
0.41100
0.17705
0.44937
0.48128
0.20234
0.34038
0.97285
0.17419
0.75149
0.09003
0.92276
0.23662
0.33820
0.81603
0.35500
0.07999
0.94266
0.10438
0.13203
0.70205
0.30227
0.24744
0.29755
0.28211
0.87549
0.18724
0.14661
0.08369
0.39637
0.33190
0.55287
0.84339
0.54724
0.86019
0.22371
0.49450
0.39993
0.33051
0.39067
0.12699
0.48367
0.74015
0.92796
0.94567
0.61136
0.17909
0.51992
0.22815
0.83797
0.74909
0.93211
0.12700
0.58165
0.11587
0.28627
0.15322
0.23062
0.88635
0.26398
0.85735
0.27561
0.96402
0.75453
0.25347
0.36622
0.11143
0.15583
0.70896
0.09160
0.43495
0.31272
0.53565
0.65218
0.94376
0.17828
0.63291
0.13602
0.08980
0.12476
0.13708
0.12902
0.42077
0.12398
0.17330
0.49027
0.53196
0.57986
0.71338
0.83181
0.84429
0.06803
0.05665
0.11507
0.86468
0.10143
0.67987
0.85993
0.93379
0.27845
0.17827
0.34318
0.51405
0.20623
0.77194
0.22888
0.15896
0.14742
0.14770
0.87958
0.89748
0.48385
0.38662
0.09807
0.37890
0.11022
0.88037
0.94275
0.23286
0.13510
0.32503
0.25348
0.08183
0.87446
0.07288
0.13655
0.55517
0.28041
0.24028
0.14781
0.57945
0.74762
0.16163
0.14925
0.22542
0.12378
0.26725
0.46777
0.39488
0.87474
0.84817
0.34418
0.25299
0.16520
0.06247
0.59096
0.35646
0.90161
0.32370
0.14288
0.22724
0.37348
0.79642
0.90554
0.23408
0.48841
0.56902
0.41501
0.39545
0.31837
0.81211
0.33744
0.04874
0.34294
0.73358
0.13305
0.10604
0.61415
0.11310
0.14269
0.12181
0.49825
0.79210
0.84831
0.55448
0.11310
0.45631
0.29947
0.42281
0.59562
0.86130
0.25253
0.62000
0.97204
0.32924
0.67997
0.55434
0.02983
0.23807
0.19119
0.83387
0.79711
0.87054
0.75149
0.20841
0.62708
0.49797
0.36364
0.17709
0.74758
0.86836
0.85606
0.86656
0.56888
0.26471
0.38430
0.92627
0.52217
0.35563
0.87485
0.36336
0.34901
0.32731
0.21721
0.84231
0.63337
0.79813
0.44320
0.22808
0.91043
0.17256
0.66994
0.17365
0.47316
0.87035
0.85275
0.33397
0.94706
0.13215
0.21631
0.12716
0.35472
0.45353
0.95624
0.11171
0.92841
0.74624
0.60591
0.12486
0.45355
0.42278
0.25772
0.19496
0.53097
0.86853
0.54054
0.84185
0.84317
0.64182
0.06512
0.64767
0.91706
0.29696
0.08443
0.84338
0.74935
0.40644
0.16324
0.27141
0.21566
0.22184
0.23141
0.32873
0.13855
0.42337
0.42830
0.22966
0.41796
0.04760
0.20746
0.48380
0.90250
0.73337
0.09883
0.74196
0.91942
0.05076
0.17770
0.98452
0.23717
0.56564
0.27849
0.73277
0.73956
0.81994
0.74609
0.39018
0.60141
0.47988
0.19028
0.18557
0.95021
0.57821
0.09173
0.47184
0.65547
0.86253
0.40963
0.84821
0.38540
0.17323
0.88126
0.08403
0.57629
0.74018
0.24934
0.37301
0.84489
0.66775
0.55534
0.76906
0.25906
0.39981
0.30127
0.34186
0.28007
0.36734
0.49546
0.24699
0.74127
0.30220
0.96111
0.18496
0.12744
0.19389
0.23946
0.58158
0.68030
0.39631
0.37282
0.72856
0.42644
0.36407
0.35222
0.74165
0.42363
0.24567
0.53472
0.52628
0.26749
0.84625
0.13151
0.27500
0.28540
0.86615
0.25014
0.87601
0.85558
0.48118
0.20941
0.89440
0.08111
0.55144
0.40729
0.81056
0.25658
0.40964
0.23541
0.07066
0.14328
0.87144
0.12549
0.49598
0.35181
0.32664
0.27460
0.20507
0.17766
0.45675
0.27931
0.57795
0.84305
0.73642
0.37139
0.19955
0.39414
0.29780
0.86462
0.13002
0.22554
0.27315
0.75852
0.19337
0.26005
0.56815
0.60074
0.20624
0.91971
0.07940
0.35622
0.59478
0.48460
0.38777
0.12520
0.25192
0.13202
0.48002
0.66327
0.36843
0.57392
0.56767
0.11738
0.29767
0.40501
0.37052
0.18464
0.74286
0.41345
0.06212
0.24080
0.90220
0.68900
0.75175
0.37346
0.80345
0.06915
0.80032
0.42225
0.33189
0.49627
0.62794
0.67154
0.74678
0.94413
0.85315
0.21108
0.14641
0.54127
0.93344
0.42882
0.72360
0.48404
0.49405
0.88968
0.72584
0.24501
0.33471
0.58361
0.21339
0.23833
0.12388
0.35358
0.13712
0.43318
0.08001
0.88899
0.22664
0.57950
0.67046
0.36926
0.82813
0.72162
0.34028
0.71560
0.88795
0.89361
0.60788
0.67685
0.73573
0.17994
0.92461
0.28348
0.07032
0.74008
0.35884
0.68851
0.57446
0.41062
0.13680
0.40261
0.76502
0.79817
0.25227
0.26335
0.34108
0.93592
0.18190
0.71821
0.87542
0.36337
0.60081
0.20293
0.30986
0.26308
0.33174
0.19927
0.71895
0.16281
0.13362
0.28162
0.38375
0.41535
0.40547
0.86451
0.13633
0.09422
0.87096
0.09707
0.19178
0.91628
0.57286
0.90696
0.83770
0.23628
0.86364
0.29528
0.57098
0.05261
0.14697
0.32069
0.59016
0.04938
0.68171
0.69991
0.40559
0.86626
0.18694
0.86867
0.12069
0.38517
0.24538
0.19134
0.55530
0.85336
0.28092
0.13022
0.88782
0.30115
0.87687
0.58024
0.71647
0.32640
0.63460
0.83199
0.38746
0.72251
0.04408
0.12591
0.29917
0.42437
0.85159
0.22580
0.25920
0.68718
0.21355
0.06908
0.95811
0.55597
0.08528
0.27818
0.28357
0.34990
0.95379
0.24790
0.84648
0.24658
0.12124
0.93443
0.28094
0.05273
0.18345
0.12424
0.07703
0.34275
0.75532
0.69813
0.14534
0.20717
0.45904
0.71430
0.66700
0.55346
0.11664
0.22028
0.81997
0.91534
0.74497
0.58319
0.80164
0.49153
0.06717
0.60204
0.84355
0.73063
0.75353
0.05329
0.28677
0.22331
0.06225
0.33361
0.70427
0.27703
0.66587
0.19939
0.47565
0.82558
0.14160
0.66639
0.46831
0.13949
0.55396
0.40495
0.09256
0.03662
0.25416
0.21468
0.69840
0.19918
0.88068
0.09712
0.12383
0.94453
0.71716
0.34913
0.72143
0.43238
0.29915
0.11048
0.10255
0.58789
0.95538
0.73793
0.16915
0.16078
0.94922
0.16732
0.16368
0.34749
0.94676
0.82029
0.46168
0.57494
0.76335
0.46495
0.61961
0.57428
0.41403
0.49785
0.32198
0.43643
0.35822
0.51619
0.20138
0.00777
0.83753
0.13040
0.89537
0.20601
0.25099
0.74948
0.74114
0.94538
0.92274
0.13183
0.77245
0.89918
0.57675
0.17036
0.48396
0.32316
0.86142
0.91273
0.57169
0.18373
0.33782
0.09048
0.39300
0.58022
0.87888
0.21114
0.14478
0.32889
0.53617
0.11964
0.16828
0.08860
0.70815
0.14581
0.35014
0.16469
0.21057
0.18140
0.81076
0.51659
0.85492
0.43539
0.20376
0.29336
0.09195
0.30914
0.21650
0.48249
0.23095
0.18718
0.83006
0.34558
0.35808
0.82693
0.37617
0.12584
0.93615
0.82383
0.72893
0.05893
0.63997
0.42728
0.73570
0.25374
0.15965
0.09649
0.32816
0.29237
0.40922
0.50671
0.72770
0.87470
0.22864
0.49434
0.21747
0.84921
0.15825
0.81511
0.47285
0.28304
0.71380
0.17788
0.83010
0.75728
0.86479
0.82017
0.18061
0.52356
0.92890
0.54783
0.62501
0.30039
0.17961
0.12242
0.35154
0.22202
0.21110
0.20458
0.52443
0.19239
0.08761
0.84687
0.19158
0.96092
0.73656
0.91286
0.19299
0.84870
0.82360
0.89222
0.43488
0.92885
0.12802
0.41385
0.21893
0.46344
0.89030
0.85549
0.13118
0.11338
0.27401
0.43653
0.32703
0.55723
0.65793
0.89146
0.11992
0.00969
0.41286
0.03906
0.57423
0.84815
0.85168
0.08051
0.50027
0.81468
0.39840
0.37030
0.30731
0.26263
0.58865
0.80392
0.13288
0.44215
0.96118
0.73036
0.74205
0.86973
0.84926
0.49861
0.60474
0.90866
0.42665
0.82665
0.90259
0.32431
0.34856
0.51695
0.15570
0.26906
0.29818
0.95987
0.40000
0.94158
0.83524
0.35081
0.19120
0.81688
0.28184
0.09100
0.43268
0.29030
0.19446
0.70547
0.11803
0.84069
0.93820
0.18984
0.96428
0.40279
0.82982
0.84362
0.05123
0.14532
0.35571
0.03232
0.29366
0.69592
0.73537
0.85520
0.12196
0.17551
0.38602
0.27895
0.88392
0.13794
0.10885
0.19601
0.30628
0.44046
0.54585
0.27204
0.12013
0.76968
0.44183
0.44961
0.14436
0.30515
0.13857
0.41970
0.24650
0.54664
0.34751
0.52681
0.36092
0.41654
0.72584
0.05622
0.16474
0.83709
0.16690
0.27053
0.29866
0.81164
0.58623
0.07487
0.87137
0.12482
0.49503
0.23798
0.77515
0.35021
0.26024
0.65379
0.74936
0.23702
0.71256
0.92752
0.66001
0.17501
0.82777
0.12994
0.59556
0.88372
0.96730
0.19695
0.13813
0.10522
0.93895
0.57136
0.35102
0.85844
0.81132
0.83480
0.87468
0.43453
0.07160
0.21482
0.38403
0.14022
0.46302
0.26993
0.20252
0.72197
0.92907
0.05143
0.15967
0.39887
0.58095
0.28738
0.62759
0.34156
0.72297
0.14335
0.09580
0.32895
0.34992
0.19188
0.25919
0.20120
0.88045
0.17031
0.93421
0.27764
0.18861
0.24454
0.37136
0.36429
0.60256
0.10019
0.27218
0.77072
0.69786
0.77696
0.18903
0.55822
0.73857
0.93502
0.08122
0.86314
0.49335
0.74091
0.88061
0.12924
0.81426
0.83854
0.34993
0.21372
0.72022
0.27926
0.05260
0.12961
0.15267
0.69900
0.87091
0.37403
0.41760
0.52222
0.20785
0.43189
0.33951
0.46104
0.38572
0.16718
0.22230
0.90654
0.63562
0.82823
0.82325
0.07015
0.58913
0.69053
0.01522
0.16632
0.59158
0.52382
0.12586
0.50046
0.15461
0.14685
0.37794
0.45283
0.34354
0.70878
0.27640
0.48493
0.42676
0.83891
0.97226
0.16227
0.19232
0.11849
0.35771
0.27033
0.25472
0.34090
0.34548
0.48958
0.10827
0.31005
0.06965
0.14611
0.18367
0.11530
0.43555
0.56432
0.69305
0.39661
0.72333
0.70555
0.12280
0.74395
0.22138
0.06865
0.28066
0.31422
0.66934
0.84986
0.21267
0.11773
0.13606
0.41212
0.81329
0.37560
0.32445
0.58609
0.13006
0.42421
0.25923
0.86129
0.60499
0.66950
0.20744
0.12867
0.03941
0.74795
0.15981
0.47605
0.13363
0.92927
0.25919
0.40708
0.31803
0.41532
0.83553
0.72897
0.07219
0.83094
0.87373
0.40952
0.34265
0.15459
0.40559
0.19451
0.40110
0.37212
0.74323
0.16599
0.21293
0.70201
0.93524
0.32177
0.50330
0.85892
0.08740
0.50581
0.71886
0.12733
0.11864
0.16086
0.86392
0.91711
0.40833
0.21949
0.41758
0.03022
0.18781
0.22631
0.88132
0.81586
0.75482
0.37279
0.74410
0.32113
0.42362
0.93122
0.85496
0.28459
0.12132
0.90573
0.72692
0.30891
0.17702
0.08485
0.21263
0.85329
0.14418
0.20969
0.08945
0.05273
0.84891
0.52006
0.27781
0.18054
0.33433
0.80865
0.43023
0.86376
0.12021
0.42111
0.61068
0.31267
0.58418
0.38824
0.63966
0.80820
0.15393
0.16154
0.82148
0.86406
0.22884
0.18495
0.11474
0.47341
0.30527
0.65644
0.36158
0.21238
0.07782
0.10759
0.94394
0.43746
0.81927
0.81821
0.13665
0.11752
0.08984
0.33764
0.85136
0.86611
0.12949
0.78018
0.08468
0.64228
0.12560
0.85081
0.74169
0.87882
0.29242
0.93514
0.73988
0.56253
0.68711
0.16957
0.63569
0.26448
0.10559
0.27829
0.92080
0.48670
0.14092
0.42599
0.95225
0.23803
0.15481
0.36484
0.46254
0.22758
0.11902
0.57446
0.55776
0.80621
0.15599
0.06833
0.48335
0.38455
0.19296
0.93264
0.65745
0.44390
0.21025
0.35378
0.31747
0.58325
0.60182
0.72324
0.32408
0.13812
0.36334
0.24105
0.14092
0.91954
0.50036
0.71115
0.90454
0.21933
0.93743
0.38163
0.83230
0.44185
0.15257
0.92710
0.27204
0.41919
0.07975
0.13576
0.33126
0.11397
0.81450
0.85326
0.84726
0.42111
0.24913
0.55757
0.08623
0.76924
0.54408
0.37082
0.07240
0.36101
0.06167
0.18714
0.81492
0.19853
0.54682
0.54218
0.13719
0.82950
0.57526
0.41837
0.86418
0.23509
0.33192
0.41814
0.13819
0.28425
0.47206
0.34419
0.20788
0.03666
0.08128
0.49769
0.15984
0.06495
0.22382
0.07495
0.43724
0.53358
0.98028
0.44191
0.37995
0.54692
0.17721
0.90173
0.91989
0.92893
0.22286
0.93829
0.75053
0.75115
0.33745
0.13157
0.05819
0.13798
0.25707
0.18280
0.26164
0.32560
0.73276
0.34945
0.22019
0.11595
0.14231
0.26974
0.07540
0.71761
0.61942
0.95934
0.48158
0.86206
0.18390
0.18153
0.23418
0.06324
0.75241
0.12076
0.70144
0.97776
0.68950
0.12407
0.55432
0.20315
0.21225
0.06402
0.32583
0.21277
0.67975
0.25085
0.31979
0.73420
0.24647
0.20996
0.40880
0.17673
0.14628
0.08004
0.63021
0.20593
0.36644
0.24008
0.90253
0.07075
0.87885
0.59553
0.83329
0.07675
0.23302
0.87896
0.13896
0.38185
0.90590
0.28632
0.36302
0.14859
0.50001
0.23844
0.17944
0.56247
0.27681
0.36871
0.63883
0.77128
0.86230
0.72539
0.29197
0.45715
0.19929
0.12851
0.35844
0.54096
0.90300
0.71638
0.09414
0.47639
0.16628
0.19268
0.98149
0.86842
0.78746
0.32711
0.46305
0.87516
0.33996
0.25283
0.21911
0.87144
0.74573
0.22000
0.47937
0.62045
0.09638
0.21346
0.88026
0.35163
0.91032
0.87605
0.25293
0.18907
0.56972
0.32835
0.17523
0.16033
0.79605
0.33517
0.26072
0.20283
0.85451
0.28991
0.88997
0.13263
0.38830
0.27804
0.28737
0.72892
0.53553
0.46178
0.34720
0.07127
0.24506
0.14165
0.32357
0.42343
0.87873
0.40387
0.22065
0.08896
0.26621
0.33837
0.20962
0.14905
0.17390
0.21074
0.91495
0.58888
0.43435
0.17312
0.66035
0.42259
0.58469
0.74588
0.19845
0.49467
0.84084
0.61424
0.22685
0.89982
0.41101
0.05912
0.33421
0.17071
0.46695
0.66947
0.16313
0.81893
0.35402
0.20697
0.37296
0.17277
0.37434
0.90446
0.85275
0.72873
0.15930
0.27147
0.44091
0.26458
0.08271
0.76137
0.69738
0.21500
0.09664
0.04674
0.18573
0.42755
0.28656
0.53124
0.87789
0.58888
0.18250
0.95846
0.35791
0.75430
0.36149
0.08667
0.85683
0.03998
0.17581
0.45910
0.30362
0.26016
0.12432
0.41394
0.88436
0.87044
0.16012
0.03431
0.87879
0.74609
0.79910
0.22365
0.06220
0.56223
0.87071
0.31671
0.15012
0.05414
0.76889
0.17328
0.18646
0.26433
0.60464
0.52099
0.39997
0.24433
0.19288
0.94373
0.85161
0.31180
0.60551
0.10701
0.87755
0.41810
0.26999
0.27349
0.22436
0.84760
0.60341
0.25696
0.06734
0.37917
0.28844
0.69955
0.81923
0.64006
0.15248
0.34419
0.84918
0.19634
0.08803
0.36464
0.37268
0.87841
0.29815
0.50833
0.41647
0.28564
0.29067
0.47735
0.37708
0.20852
0.92413
0.08845
0.63770
0.17083
0.86942
0.84475
0.03142
0.84355
0.23023
0.04603
0.38734
0.81100
0.09530
0.75992
0.29831
0.86525
0.35206
0.86837
0.29681
0.86302
0.72099
0.21113
0.52133
0.27946
0.85182
0.52279
0.21214
0.05549
0.08940
0.93361
0.14768
0.83822
0.21158
0.50077
0.66216
0.07997
0.75952
0.84723
0.74775
0.86440
0.30846
0.82783
0.54792
0.66329
0.08455
0.11689
0.38363
0.43556
0.82465
0.06525
0.83992
0.19426
0.27478
0.39035
0.10849
0.55277
0.55556
0.42142
0.06609
0.51881
0.95824
0.21704
0.36265
0.19110
0.13412
0.20157
0.83036
0.59116
0.46193
0.34981
0.27122
0.90206
0.89116
0.71487
0.23629
0.12333
0.57495
0.88398
0.23562
0.89848
0.06393
0.57347
0.88251
0.34796
0.27826
0.82657
0.37621
0.36057
0.46077
0.86819
0.41612
0.70632
0.34420
0.45376
0.08023
0.08199
0.20599
0.72351
0.93896
0.94390
0.52516
0.83748
0.36465
0.56877
0.18432
0.08264
0.82436
0.83278
0.26321
0.37565
0.24362
0.91672
0.13412
0.79055
0.34179
0.25614
0.87015
0.53659
0.74986
0.13398
0.83285
0.33763
0.88246
0.31534
0.63029
0.19404
0.56693
0.08581
0.33049
0.37448
0.31170
0.39932
0.20074
0.16043
0.20281
0.81345
0.24872
0.63346
0.84732
0.25290
0.35119
0.12816
0.92837
0.50978
0.87155
0.86860
0.54063
0.35134
0.21188
0.27213
0.14589
0.07573
0.86799
0.15610
0.90837
0.39015
0.43450
0.19113
0.06345
0.86650
0.16294
0.94706
0.83862
0.08233
0.86195
0.67984
0.20616
0.37616
0.10971
0.70714
0.41770
0.12477
0.07237
0.21091
0.32439
0.06487
0.31681
0.90088
0.32491
0.57084
0.33878
0.07371
0.23629
0.04738
0.21363
0.72120
0.10871
0.12546
0.43102
0.26377
0.37331
0.58583
0.18717
0.26340
0.48886
0.34698
0.41776
0.93956
0.90343
0.16309
0.07858
0.94998
0.19151
0.17793
0.89580
0.13934
0.31281
0.33476
0.87253
0.32500
0.86222
0.67656
0.24276
0.17284
0.36732
0.26306
0.92276
0.81979
0.84635
0.45459
0.80411
0.12772
0.88127
0.12592
0.06897
0.09476
0.20544
0.27677
0.37341
0.94811
0.49702
0.11194
0.20960
0.04249
0.11144
0.53523
0.88177
0.91437
0.25266
0.13736
0.05216
0.12433
0.38405
0.20109
0.17599
0.71615
0.84572
0.74450
0.28104
0.55599
0.65255
0.64429
0.90414
0.06028
0.53918
0.12507
0.84081
0.10990
0.59492
0.85606
0.72238
0.18011
0.36185
0.93838
0.36021
0.25299
0.37792
0.69813
0.71883
0.09237
0.76880
0.19489
0.36287
0.85546
0.26044
0.37006
0.82045
0.44319
0.71377
0.35258
0.83623
0.06677
0.20476
0.42487
0.11347
0.72686
0.27337
0.33644
0.75156
0.48082
0.42703
0.35779
0.31399
0.32120
0.94713
0.40460
0.11777
0.28945
0.12727
0.22716
0.64095
0.04901
0.05781
0.19712
0.90761
0.15336
0.20385
0.92143
0.49113
0.90018
0.56782
0.93423
0.25646
0.25135
0.11782
0.31799
0.48440
0.82977
0.58757
0.06315
0.63837
0.59565
0.15165
0.39221
0.61417
0.34740
0.91200
0.85605
0.18459
0.32807
0.31852
0.93984
0.17622
0.79527
0.85276
0.19150
0.70499
0.35310
0.90033
0.90036
0.90119
0.41580
0.87888
0.13951
0.13860
0.35360
0.85125
0.82391
0.74322
0.22004
0.35822
0.15605
0.19680
0.73611
0.40519
0.39728
0.93840
0.38005
0.26517
0.92457
0.32239
0.34952
0.73851
0.68941
0.70927
0.93751
0.84369
0.85920
0.10242
0.13819
0.17822
0.54742
0.08799
0.25185
0.53353
0.71771
0.73319
0.88333
0.15759
0.20474
0.87724
0.71599
0.24919
0.82716
0.11445
0.19198
0.94533
0.86368
0.90882
0.61777
0.15787
0.29548
0.95245
0.49793
0.31889
0.24529
0.10104
0.38634
0.39332
0.90393
0.27179
0.27775
0.55471
0.34511
0.11403
0.12021
0.18095
0.93710
0.27690
0.84236
0.12647
0.08561
0.76536
0.74506
0.63158
0.82168
0.10108
0.73987
0.09744
0.29017
0.14926
0.06248
0.56446
0.35162
0.29331
0.86886
0.10160
0.90044
0.51977
0.33425
0.15385
0.17209
0.33438
0.44801
0.39092
0.84014
0.57265
0.42880
0.75739
0.34332
0.06356
0.71266
0.63026
0.41016
0.91328
0.38204
0.37867
0.82352
0.39617
0.14472
0.92507
0.73312
0.86990
0.19411
0.51271
0.34008
0.85806
0.07128
0.24916
0.58293
0.35418
0.57444
0.39016
0.81588
0.13034
0.20394
0.34297
0.44773
0.12822
0.18111
0.29614
0.56527
0.78781
0.28229
0.50846
0.30068
0.18492
0.38186
0.36267
0.68103
0.14145
0.26580
0.32933
0.70256
0.42136
0.40425
0.41118
0.15762
0.61302
0.13262
0.21062
0.16782
0.72907
0.33098
0.33943
0.26621
0.17104
0.59006
0.30480
0.19202
0.04732
0.12229
0.16931
0.70722
0.72813
0.86035
0.88911
0.06614
0.94925
0.15201
0.94548
0.39334
0.83389
0.47971
0.06760
0.87740
0.11945
0.57342
0.39815
0.87619
0.83589
0.32654
0.55550
0.18243
0.85679
0.42861
0.58576
0.21389
0.60191
0.49234
0.88425
0.17813
0.13142
0.33075
0.91664
0.67626
0.11084
0.52528
0.37790
0.27229
0.15794
0.02258
0.20694
0.92749
0.87582
0.39991
0.93121
0.74282
0.56932
0.88476
0.84555
0.73142
0.84220
0.09771
0.81937
0.74121
0.21722
0.12528
0.18495
0.36264
0.85293
0.47694
0.12769
0.30735
0.56033
0.58351
0.55761
0.64981
0.32801
0.26061
0.05429
0.50306
0.19238
0.09668
0.14879
0.37954
0.69092
0.87537
0.39500
0.82968
0.83237
0.36959
0.88220
0.62941
0.73909
0.84052
0.54876
0.87390
0.55347
0.33208
0.10656
0.66627
0.39651
0.17721
0.93725
0.87008
0.54757
0.74468
0.37673
0.34090
0.08787
0.53657
0.91365
0.74911
0.81447
0.23979
0.26015
0.86656
0.87726
0.72407
0.28611
0.23885
0.13271
0.34140
0.34825
0.91262
0.84047
0.33402
0.84261
0.07967
0.35282
0.27483
0.76667
0.24745
0.31002
0.44358
0.67681
0.36939
0.56889
0.85679
0.21426
0.23355
0.94349
0.04409
0.39277
0.67752
0.39151
0.13159
0.12856
0.37416
0.18585
0.10558
0.21578
0.87643
0.88088
0.35672
0.25785
0.88381
0.58857
0.69338
0.87337
0.35573
0.26501
0.69550
0.26046
0.71080
0.54392
0.50470
0.15872
0.76378
0.14046
0.21344
0.19331
0.42508
0.83505
0.77597
0.10902
0.20460
0.83792
0.72026
0.19704
0.82475
0.07780
0.37087
0.67361
0.13355
0.40391
0.06169
0.53215
0.32415
0.21246
0.05687
0.51414
0.23743
0.12783
0.87888
0.79255
0.89428
0.33681
0.58778
0.20767
0.42775
0.86327
0.91947
0.94096
0.56299
0.57020
0.84892
0.19128
0.09859
0.27331
0.90595
0.89312
0.64118
0.76064
0.29504
0.62165
0.09554
0.86963
0.91942
0.52032
0.47537
0.37049
0.12091
0.83733
0.66016
0.81342
0.26082
0.07167
0.69660
0.14584
0.58672
0.09558
0.17839
0.33957
0.48493
0.72282
0.96694
0.21300
0.88967
0.60357
0.11731
0.16699
0.86253
0.18577
0.45646
0.09221
0.84602
0.43019
0.73797
0.23360
0.85271
0.83553
0.81309
0.90662
0.14424
0.80453
0.19195
0.19624
0.56992
0.83911
0.26620
0.94633
0.66032
0.90364
0.80387
0.10417
0.26577
0.38838
0.57691
0.13064
0.19129
0.65385
0.87467
0.14092
0.88156
0.27631
0.96088
0.75448
0.15017
0.27230
0.33696
0.95711
0.35406
0.92806
0.20876
0.68859
0.65018
0.97162
0.20281
0.95242
0.13211
0.12462
0.85915
0.14619
0.33354
0.16678
0.35419
0.36197
0.16315
0.63862
0.89624
0.83062
0.81540
0.40034
0.43980
0.10545
0.13658
0.34320
0.32560
0.16075
0.48205
0.17337
0.72493
0.81925
0.27112
0.14659
0.73186
0.86826
0.93043
0.89245
0.78274
0.47871
0.15270
0.16838
0.38540
0.59405
0.70935
0.58398
0.89954
0.39982
0.81788
0.26104
0.73590
0.57715
0.96621
0.70943
0.26286
0.68303
0.97727
0.06296
0.12543
0.35957
0.76995
0.47842
0.37025
0.51014
0.28726
0.09746
0.96770
0.65476
0.37124
0.58316
0.54914
0.22639
0.88300
0.19773
0.42561
0.05627
0.17517
0.21228
0.36824
0.88154
0.12061
0.48725
0.13991
0.18262
0.65884
0.32429
0.20580
0.10788
0.10990
0.95327
0.04470
0.34728
0.57968
0.32006
0.45676
0.49980
0.55378
0.81073
0.34697
0.13974
0.90357
0.87703
0.72205
0.11958
0.86734
0.07731
0.34456
0.32291
0.03058
0.54979
0.23689
0.86187
0.08274
0.11501
0.40563
0.50956
0.56369
0.84484
0.15189
0.82919
0.09029
0.88181
0.06053
0.17406
0.85400
0.73983
0.74963
0.16657
0.07164
0.78927
0.84791
0.15036
0.31283
0.82405
0.20582
0.81687
0.34773
0.87761
0.11995
0.37309
0.40298
0.33326
0.35881
0.09102
0.63223
0.12488
0.26568
0.86163
0.88486
0.08439
0.10070
0.18276
0.86860
0.19145
0.75468
0.73525
0.77995
0.74824
0.04515
0.26792
0.79690
0.83170
0.05487
0.29063
0.38550
0.38296
0.30873
0.37776
0.10904
0.93318
0.37840
0.65210
0.62246
0.79170
0.18267
0.09862
0.17674
0.70306
0.75968
0.88341
0.81226
0.95108
0.11928
0.71616
0.34087
0.13213
0.71371
0.52929
0.86642
0.95006
0.15593
0.38133
0.35578
0.82374
0.53731
0.37253
0.28511
0.15925
0.37757
0.33749
0.33503
0.24616
0.48356
0.52270
0.25901
0.06734
0.12953
0.41787
0.30333
0.38896
0.83647
0.93048
0.02402
0.22270
0.52872
0.84999
0.36021
0.28034
0.41079
0.38361
0.19438
0.20947
0.83901
0.08621
0.21050
0.32781
0.21100
0.19480
0.30782
0.81812
0.44732
0.25440
0.06477
0.17233
0.39736
0.45589
0.39638
0.55460
0.08251
0.65943
0.81383
0.38227
0.10106
0.55248
0.34502
0.82593
0.25430
0.82096
0.58536
0.87731
0.17060
0.61072
0.96740
0.67286
0.84783
0.23958
0.52085
0.20435
0.58069
0.29356
0.90342
0.05609
0.87802
0.94225
0.43195
0.13438
0.38968
0.68905
0.05876
0.81831
0.53020
0.07716
0.27245
0.57260
0.41901
0.06713
0.48933
0.25055
0.72018
0.13952
0.05029
0.26814
0.31444
0.38314
0.57320
0.88055
0.31370
0.12876
0.23076
0.67455
0.39885
0.35488
0.36050
0.18167
0.38984
0.64554
0.18193
0.87954
0.06073
0.83452
0.09435
0.53441
0.62877
0.36540
0.15357
0.46130
0.37849
0.48524
0.16469
0.29750
0.25029
0.07285
0.47337
0.04012
0.86206
0.10856
0.13723
0.49247
0.60025
0.19552
0.93482
0.37344
0.55095
0.94111
0.14305
0.25312
0.25092
0.20679
0.39747
0.11940
0.29226
0.23835
0.41155
0.82723
0.95141
0.19388
0.74500
0.84111
0.72892
0.33863
0.26833
0.96909
0.72704
0.53323
0.06349
0.36230
0.20353
0.46273
0.05911
0.26812
0.21312
0.43233
0.09959
0.11900
0.48165
0.23502
0.33576
0.90870
0.25361
0.70929
0.84848
0.22000
0.42303
0.48485
0.31369
0.59554
0.03721
0.20498
0.34120
0.21557
0.35357
0.40254
0.09838
0.38102
0.11411
0.22560
0.29956
0.62943
0.84680
0.52422
0.86115
0.75345
0.92633
0.55227
0.88437
0.72098
0.95986
0.53931
0.91981
0.24537
0.40316
0.29725
0.18503
0.32172
0.86546
0.18439
0.28778
0.09775
0.91554
0.08025
0.09700
0.23711
0.88666
0.06211
0.07536
0.36832
0.40951
0.48225
0.14292
0.73753
0.84817
0.73941
0.29899
0.21996
0.15235
0.74084
0.32197
0.20924
0.13722
0.32955
0.10895
0.20059
0.08347
0.54986
0.15661
0.36043
0.17338
0.57480
0.77291
0.42219
0.04791
0.30292
0.93116
0.34480
0.36796
0.41261
0.32256
0.31203
0.72563
0.38942
0.71226
0.59189
0.75435
0.95411
0.81236
0.35938
0.55934
0.72433
0.86272
0.44423
0.09960
0.10596
0.29059
0.50900
0.06039
0.45461
0.82130
0.22658
0.21968
0.15962
0.06094
0.38466
0.19986
0.26425
0.94118
0.08311
0.61690
0.19677
0.87028
0.24980
0.56035
0.39269
0.85826
0.47061
0.46532
0.23273
0.95558
0.26333
0.89876
0.91878
0.55940
0.08033
0.22511
0.18823
0.26379
0.23833
0.13485
0.74557
0.91893
0.31098
0.35541
0.28196
0.84821
0.68241
0.35678
0.85533
0.06596
0.55560
0.27314
0.23234
0.12983
0.45700
0.20268
0.29833
0.49706
0.84726
0.98024
0.46457
0.29876
0.10808
0.13724
0.72856
0.90612
0.10534
0.95025
0.12118
0.26974
0.72862
0.56311
0.79747
0.14490
0.74296
0.18396
0.37376
0.25657
0.14099
0.36616
0.82154
0.94182
0.19098
0.37473
0.87402
0.58554
0.10356
0.60591
0.21300
0.67348
0.56376
0.09849
0.38511
0.35185
0.28562
0.22355
0.26367
0.93984
0.41202
0.46871
0.38227
0.37920
0.86365
0.71066
0.31835
0.76155
0.16545
0.20214
0.81867
0.87470
0.10170
0.43881
0.17911
0.72465
0.06983
0.85729
0.63708
0.12598
0.86415
0.42789
0.33023
0.08446
0.17551
0.89236
0.46525
0.41471
0.28904
0.62212
0.57184
0.83734
0.34707
0.47302
0.13655
0.82613
0.12982
0.24740
0.27098
0.43011
0.19712
0.34543
0.76225
0.33478
0.48914
0.24488
0.42207
0.57306
0.34394
0.87207
0.70371
0.26231
0.66675
0.19311
0.48638
0.08320
0.23016
0.25874
0.89135
0.64484
0.12296
0.74959
0.33458
0.18771
0.18748
0.94814
0.85740
0.39965
0.81470
0.45018
0.75519
0.91705
0.74524
0.86526
0.40452
0.59278
0.16438
0.19411
0.17905
0.70937
0.18940
0.86342
0.74558
0.15645
0.38582
0.20222
0.32732
0.92198
0.83189
0.33426
0.86304
0.51342
0.18337
0.83324
0.12992
0.85177
0.29712
0.45571
0.06867
0.13311
0.04251
0.86011
0.02303
0.24629
0.15212
0.41131
0.92120
0.58301
0.93742
0.49509
0.87377
0.39790
0.36655
0.74746
0.12071
0.94577
0.34573
0.28083
0.56920
0.05745
0.14134
0.89665
0.21277
0.09719
0.41172
0.35646
0.31834
0.29639
0.32656
0.44669
0.19196
0.15611
0.67286
0.87334
0.56624
0.15967
0.16188
0.08199
0.33088
0.16435
0.33526
0.20846
0.67004
0.85868
0.84913
0.74770
0.34558
0.03389
0.52830
0.88309
0.29225
0.25465
0.74851
0.94754
0.08528
0.52262
0.72314
0.27481
0.36383
0.56657
0.36795
0.39677
0.34975
0.47586
0.96945
0.88715
0.26127
0.93304
0.85605
0.91354
0.53184
0.20624
0.12295
0.60222
0.36416
0.92581
0.34287
0.11989
0.19452
0.49388
0.14713
0.17027
0.07952
0.20264
0.81823
0.25150
0.13309
0.31448
0.12887
0.53486
0.10583
0.88016
0.23943
0.33976
0.46004
0.72783
0.56457
0.26333
0.20341
0.90284
0.27355
0.52513
0.36191
0.43961
0.20696
0.84654
0.71488
0.60779
0.86071
0.95121
0.10137
0.06681
0.83624
0.86840
0.20431
0.40002
0.15832
0.52323
0.35043
0.54322
0.88418
0.58327
0.33452
0.19863
0.17297
0.52869
0.83204
0.88693
0.82383
0.72199
0.58470
0.28471
0.25655
0.88658
0.16557
0.86670
0.88675
0.36933
0.81082
0.22715
0.14551
0.48297
0.27361
0.04833
0.85462
0.86383
0.32075
0.15408
0.68270
0.58424
0.54110
0.18480
0.70038
0.93672
0.66421
0.86991
0.46279
0.66550
0.49904
0.21013
0.09252
0.23877
0.61405
0.36656
0.04397
0.54725
0.23123
0.89101
0.41622
0.23649
0.34976
0.66071
0.67704
0.14021
0.29539
0.16861
0.11571
0.47268
0.74970
0.15836
0.69642
0.85355
0.39382
0.06518
0.87068
0.45807
0.73247
0.56497
0.87283
0.26875
0.31898
0.59096
0.37100
0.07073
0.37414
0.83583
0.20198
0.93301
0.36745
0.34707
0.50213
0.11062
0.57442
0.23165
0.24384
0.56464
0.44352
0.71753
0.94179
0.12969
0.85290
0.79322
0.68145
0.70332
0.12272
0.15737
0.12445
0.62706
0.36451
0.06366
0.82972
0.84875
0.32640
0.71164
0.36162
0.89176
0.27413
0.27578
0.54562
0.72666
0.40366
0.86457
0.84739
0.61836
0.56446
0.91602
0.55016
0.09552
0.20432
0.13346
0.74532
0.87831
0.29849
0.04689
0.12906
0.84043
0.27225
0.39183
0.29018
0.82164
0.41977
0.29460
0.79696
0.59802
0.42423
0.84956
0.90535
0.06150
0.46643
0.48633
0.23922
0.24533
0.31339
0.11275
0.82103
0.37750
0.65775
0.88587
0.19902
0.14904
0.78643
0.81035
0.20843
0.70362
0.29226
0.18110
0.24432
0.04551
0.15839
0.34854
0.91143
0.08008
0.20009
0.35328
0.18820
0.58141
0.84695
0.49915
0.26813
0.92298
0.22417
0.07267
0.20081
0.82281
0.50106
0.18158
0.04873
0.12626
0.42967
0.10703
0.18018
0.81998
0.67551
0.84150
0.84775
0.05324
0.81232
0.56898
0.75878
0.89167
0.32669
0.58703
0.85546
0.27711
0.58852
0.72496
0.89771
0.23357
0.26476
0.75056
0.18443
0.86729
0.38096
0.72002
0.85832
0.94158
0.46332
0.33864
0.41599
0.86590
0.10181
0.45954
0.40802
0.06138
0.86401
0.32013
0.06923
0.07742
0.64444
0.28872
0.41039
0.39416
0.59139
0.73969
0.15249
0.75374
0.29197
0.27847
0.71530
0.74852
0.55817
0.19583
0.96687
0.83959
0.31296
0.65879
0.37077
0.31905
0.46382
0.57867
0.23314
0.55179
0.85613
0.52666
0.72849
0.73821
0.23820
0.27307
0.73644
0.33245
0.23558
0.30669
0.28319
0.37781
0.23422
0.67085
0.85777
0.40181
0.86044
0.15926
0.10933
0.12934
0.67390
0.05982
0.35868
0.15948
0.17346
0.84443
0.57327
0.14987
0.43290
0.67062
0.89770
0.66867
0.64978
0.73460
0.27738
0.57177
0.92145
0.90660
0.06467
0.81251
0.42806
0.09462
0.83594
0.26378
0.33735
0.42491
0.34269
0.63561
0.37497
0.59390
0.21398
0.05552
0.29923
0.35786
0.88092
0.38886
0.05010
0.14866
0.52475
0.45744
0.18964
0.37323
0.36295
0.06581
0.20762
0.86661
0.76377
0.11053
0.67088
0.57891
0.27445
0.21260
0.31595
0.10219
0.04207
0.42280
0.82222
0.23537
0.32337
0.89163
0.88284
0.20462
0.25245
0.40682
0.75539
0.67336
0.10770
0.07300
0.85102
0.95302
0.20468
0.54437
0.10983
0.08218
0.91253
0.88842
0.71010
0.64919
0.12666
0.93198
0.18513
0.85748
0.15028
0.30587
0.52655
0.33465
0.22052
0.19527
0.33564
0.57695
0.64351
0.29371
0.08805
0.83524
0.30059
0.93454
0.77056
0.09669
0.19938
0.39301
0.27506
0.76826
0.05586
0.82384
0.83511
0.24949
0.58968
0.57616
0.34684
0.13633
0.35941
0.21577
0.40765
0.52729
0.32614
0.21173
0.45109
0.23018
0.33178
0.35171
0.46449
0.55924
0.94719
0.11285
0.88056
0.11708
0.25412
0.67086
0.89970
0.28994
0.21360
0.75035
0.22485
0.53337
0.93339
0.87524
0.87006
0.42699
0.22074
0.74284
0.21618
0.29689
0.25289
0.85096
0.74608
0.18084
0.19139
0.61296
0.46150
0.34067
0.25765
0.55837
0.37030
0.12477
0.26363
0.82815
0.23667
0.34629
0.17020
0.85009
0.85876
0.89372
0.37065
0.39335
0.85230
0.95987
0.70914
0.11492
0.47567
0.06455
0.35341
0.47591
0.06528
0.84313
0.76533
0.58139
0.24932
0.74003
0.84486
0.39175
0.20130
0.47630
0.53052
0.92618
0.86173
0.39298
0.64242
0.71326
0.75758
0.89642
0.70782
0.34095
0.55724
0.08893
0.04140
0.09685
0.72716
0.73652
0.77626
0.39326
0.95275
0.79829
0.20813
0.63663
0.86377
0.53463
0.70247
0.35993
0.28552
0.61112
0.85767
0.19510
0.24009
0.35602
0.37634
0.07096
0.31113
0.11408
0.74447
0.09982
0.14681
0.13874
0.31440
0.40151
0.07361
0.87778
0.37822
0.35132
0.93307
0.12488
0.85074
0.32438
0.75782
0.96601
0.40819
0.23799
0.56947
0.34650
0.21457
0.30516
0.37242
0.08640
0.25553
0.95649
0.06608
0.27592
0.50440
0.93697
0.33822
0.71591
0.69890
0.43182
0.90812
0.89066
0.86396
0.54938
0.10828
0.09559
0.58558
0.47954
0.81320
0.35540
0.42631
0.21037
0.30960
0.48167
0.17462
0.21274
0.94176
0.56582
0.92715
0.19855
0.20872
0.92456
0.38357
0.82734
0.30241
0.02934
0.25907
0.85137
0.41212
0.59816
0.08850
0.39573
0.23218
0.32668
0.87304
0.11782
0.10913
0.83168
0.72727
0.64486
0.15596
0.35414
0.56611
0.06726
0.71368
0.67478
0.91811
0.76014
0.86438
0.87331
0.72551
0.07273
0.96457
0.79544
0.14144
0.17441
0.32666
0.92706
0.24203
0.17039
0.13878
0.84722
0.83575
0.90648
0.32748
0.22710
0.38103
0.82081
0.33043
0.07013
0.81674
0.24858
0.98654
0.39998
0.52834
0.21259
0.30215
0.82943
0.37690
0.27468
0.65313
0.45329
0.24930
0.56284
0.55037
0.91786
0.19861
0.14319
0.20138
0.15275
0.11741
0.32684
0.26625
0.36913
0.72333
0.21807
0.19035
0.73500
0.23225
0.07256
0.46414
0.06409
0.28302
0.15579
0.33634
0.13550
0.86309
0.22127
0.62375
0.24253
0.13072
0.70938
0.19724
0.15339
0.82939
0.65024
0.70106
0.36806
0.43076
0.72061
0.19307
0.54042
0.24111
0.88311
0.94685
0.91958
0.43960
0.86370
0.20828
0.13131
0.55168
0.04789
0.41542
0.27730
0.80053
0.40868
0.15484
0.69647
0.29368
0.10791
0.46194
0.24182
0.80300
0.73141
0.15173
0.74064
0.22622
0.07463
0.17630
0.67501
0.66519
0.84040
0.15426
0.12243
0.88215
0.92272
0.20082
0.92807
0.46284
0.87246
0.17958
0.73609
0.32606
0.14026
0.22345
0.62162
0.19386
0.38995
0.07820
0.85537
0.55262
0.86306
0.52128
0.71873
0.07645
0.86559
0.73463
0.08522
0.86362
0.21782
0.31180
0.50261
0.27634
0.08671
0.14651
0.21203
0.89587
0.34038
0.15613
0.46834
0.32414
0.93117
0.65484
0.92712
0.07471
0.74042
0.31261
0.35477
0.17780
0.39114
0.63138
0.89322
0.32558
0.33453
0.21378
0.39743
0.48048
0.87252
0.39936
0.16849
0.11618
0.34739
0.41255
0.82006
0.86468
0.18979
0.84906
0.41247
0.48032
0.28566
0.09621
0.11096
0.39222
0.72496
0.34852
0.93664
0.17434
0.13744
0.83585
0.11897
0.14123
0.73280
0.92198
0.44814
0.49548
0.88142
0.43412
0.73832
0.13000
0.56423
0.22655
0.21607
0.59107
0.56285
0.91947
0.88457
0.73521
0.23061
0.67033
0.19695
0.22075
0.93836
0.07694
0.85870
0.95925
0.11947
0.33182
0.32793
0.18988
0.29872
0.72805
0.20910
0.12235
0.86661
0.05479
0.15034
0.34905
0.80021
0.88548
0.89744
0.42595
0.50429
0.12607
0.92839
0.37358
0.41323
0.72637
0.36223
0.88476
0.07463
0.55520
0.31142
0.24907
0.83739
0.66315
0.41357
0.46157
0.22761
0.51594
0.20340
0.95819
0.59950
0.87291
0.05454
0.02473
0.17784
0.38739
0.14103
0.23353
0.21140
0.32260
0.23096
0.95912
0.56486
0.78867
0.31677
0.23896
0.63157
0.27760
0.67113
0.15040
0.25344
0.19002
0.53995
0.85164
0.28285
0.82532
0.83558
0.06944
0.34243
0.26665
0.57434
0.94590
0.81144
0.65114
0.27417
0.86925
0.18496
0.27267
0.09155
0.69413
0.33500
0.92532
0.22648
0.19760
0.24665
0.76634
0.76107
0.69744
0.05878
0.06580
0.17739
0.59276
0.18592
0.60392
0.87649
0.15318
0.28492
0.35568
0.14535
0.60291
0.47520
0.05787
0.86046
0.34547
0.48126
0.88861
0.89564
0.37775
0.40350
0.22971
0.27563
0.06605
0.54489
0.64225
0.75567
0.80744
0.64519
0.20168
0.18613
0.42423
0.50108
0.19079
0.58197
0.62390
0.84854
0.86705
0.16224
0.97312
0.08729
0.24654
0.79356
0.66152
0.40292
0.97374
0.40568
0.30298
0.71562
0.32902
0.81288
0.87524
0.36247
0.31392
0.36775
0.03771
0.34246
0.31781
0.96209
0.93281
0.89818
0.13135
0.32336
0.92168
0.13980
0.93431
0.84518
0.05405
0.58837
0.87668
0.29785
0.11874
0.37089
0.47009
0.33199
0.36022
0.14961
0.10414
0.14393
0.25023
0.91437
0.10155
0.15653
0.17689
0.41842
0.86652
0.44728
0.03994
0.28120
0.27860
0.39149
0.56771
0.37098
0.08901
0.29646
0.22465
0.54199
0.25374
0.22291
0.26505
0.57430
0.27082
0.25823
0.83059
0.76366
0.91898
0.35354
0.16817
0.06513
0.94520
0.36142
0.71765
0.27685
0.73980
0.29823
0.37058
0.23874
0.28157
0.87681
0.85682
0.80723
0.10164
0.54297
0.15957
0.63207
0.34016
0.62643
0.84035
0.44616
0.53725
0.17438
0.11397
0.75725
0.55983
0.69467
0.52281
0.85946
0.33039
0.45214
0.72533
0.82318
0.05233
0.14028
0.24677
0.57595
0.08369
0.10255
0.07315
0.91743
0.16675
0.53523
0.89520
0.42025
0.09682
0.37572
0.08759
0.48047
0.93833
0.73154
0.22282
0.95081
0.36442
0.80659
0.21527
0.16048
0.25290
0.11141
0.85934
0.23370
0.20754
0.26047
0.33067
0.40389
0.43820
0.55721
0.16720
0.23429
0.57131
0.84745
0.97253
0.56370
0.28209
0.21476
0.27487
0.89470
0.72903
0.09056
0.42307
0.73788
0.88168
0.36170
0.36011
0.25827
0.29590
0.80908
0.57647
0.15408
0.34727
0.83694
0.40697
0.48705
0.20049
0.17777
0.40078
0.20062
0.11113
0.21318
0.05328
0.11437
0.15618
0.31760
0.35021
0.14143
0.93788
0.17680
0.16988
0.91308
0.38145
0.69198
0.26296
0.17404
0.23016
0.74815
0.10623
0.64097
0.13323
0.21274
0.09751
0.20262
0.25100
0.30983
0.27006
0.37716
0.18777
0.09787
0.64141
0.03625
0.34228
0.93637
0.81079
0.20766
0.33986
0.26320
0.48397
0.08650
0.23373
0.55955
0.64928
0.08078
0.44179
0.13660
0.82321
0.92921
0.19398
0.18764
0.94027
0.16155
0.68084
0.93316
0.57172
0.15944
0.93348
0.85156
0.08370
0.18578
0.42725
0.49514
0.56620
0.05430
0.97452
0.57225
0.94964
0.32908
0.22195
0.12513
0.14573
0.73969
0.90538
0.85637
0.65620
0.84520
0.46260
0.63910
0.21483
0.45720
0.32688
0.20096
0.23035
0.26457
0.64209
0.59205
0.44512
0.74570
0.06002
0.20998
0.23598
0.55309
0.74774
0.87054
0.17982
0.36562
0.14861
0.27877
0.54924
0.80612
0.40040
0.11651
0.07590
0.20736
0.53311
0.13367
0.49596
0.55326
0.24088
0.11269
0.36779
0.84055
0.92407
0.12950
0.37056
0.33171
0.89063
0.49064
0.87605
0.15431
0.13745
0.07810
0.12399
0.71327
0.87255
0.26093
