1.02421
0.20433
0.22592
0.07796
0.46491
0.51011
0.60924
0.97255
0.75667
0.40534
0.82455
0.45026
0.94150
0.24269
0.54933
0.83201
0.44418
0.87239
0.18633
0.88016
0.99265
0.79351
0.86127
0.20280
0.57449
0.46558
0.81763
0.36815
0.23261
0.41512
0.77772
0.56049
0.44997
0.76816
1.01004
0.99033
0.11737
0.58459
0.15355
0.16325
0.71703
0.60535
0.24724
0.19389
0.05915
0.41695
0.90478
0.43628
0.90445
0.46365
0.23902
0.08966
0.47488
0.39845
0.22043
0.13424
0.84656
0.33333
0.61014
0.04993
0.81593
0.29190
0.21731
0.75855
0.48233
0.08382
0.15246
0.72495
0.92495
0.82042
0.36481
0.29969
0.43740
0.23063
0.62942
0.42181
0.22212
0.19718
0.80682
0.76497
0.20720
0.77332
0.21788
1.00371
0.81922
0.73275
0.74276
0.20033
0.57783
0.05786
0.97373
0.44756
0.08370
0.71760
0.60290
0.87652
0.47451
0.77648
0.20413
0.79108
0.83463
0.82249
0.93629
0.47462
0.44167
0.17719
0.70424
0.05276
0.80846
0.40969
0.82596
0.56213
0.51795
0.26345
0.69118
0.26203
0.47301
0.75349
0.21430
0.82486
0.64356
0.79163
0.11243
0.23461
0.07918
0.19593
0.40578
0.73782
0.43329
0.87293
0.43036
0.56228
0.71386
0.74873
0.93113
0.22766
0.56430
0.08608
0.41876
0.69049
0.99807
0.18178
0.79118
0.43384
0.07285
0.59930
0.62749
0.98005
0.96951
0.58816
0.46724
0.23413
0.66756
0.39196
0.80994
0.20689
0.51402
0.40266
0.95580
0.88609
0.43274
0.87140
0.61569
0.19870
0.49963
0.79934
0.19287
0.39874
0.21927
0.57288
0.52651
0.37262
0.59047
0.46043
0.65944
0.40750
0.22711
0.60669
0.16485
0.28632
0.87479
0.42488
0.75073
0.36670
0.38066
0.55105
0.19405
0.17882
0.79217
0.27424
0.61168
0.96480
0.51097
0.20657
0.07867
0.86303
0.78942
0.88638
0.95654
0.71566
0.82211
0.84446
0.45067
0.87363
0.17432
0.96978
0.13685
0.82547
0.23189
0.90983
0.10681
0.74515
0.66176
0.89549
0.71860
0.05111
0.85485
0.03767
0.46150
0.99648
0.12739
0.87836
0.47157
0.25459
0.69190
0.20689
0.88074
0.92077
0.48293
0.19542
0.85655
0.87013
0.23177
0.77064
0.23611
0.80961
0.87192
0.70340
0.42530
1.00442
0.48092
0.89294
0.26322
0.81759
0.23606
0.82322
0.47676
0.38635
0.18315
0.06128
0.75327
0.89394
0.86581
0.06952
0.27737
0.71202
0.75872
0.73210
0.17581
0.25028
0.73742
0.22560
0.14274
0.02133
0.88188
0.42812
0.20046
0.07104
0.58473
0.53981
0.75442
0.36392
0.48782
0.11790
0.25131
0.30700
0.79121
0.60650
0.76029
0.43912
0.54607
0.11559
0.04481
0.93716
0.29915
0.95156
0.28328
0.78341
0.86685
0.27090
0.19059
0.66520
0.10206
0.76804
0.78932
0.74926
0.20086
0.23459
0.47673
0.79368
0.28006
0.57661
0.84367
0.25099
0.15442
0.89319
0.81987
0.17789
0.93990
0.75127
0.88798
0.79713
0.39420
0.16023
0.36895
0.22291
0.75907
0.99638
0.96499
0.23262
0.42630
0.87739
0.94642
0.90521
1.00526
0.37301
0.39133
0.45850
0.39348
0.27577
0.83353
0.29725
0.46820
0.08145
0.77926
0.28267
0.97931
0.80705
0.71550
0.80070
0.43599
0.54232
0.43662
0.23181
0.09950
0.37968
0.86135
0.79570
0.43629
0.86002
0.92982
0.48327
0.24919
0.75790
0.44228
0.21290
0.74388
0.84506
0.08243
0.25500
0.39560
0.05177
0.41584
0.97252
0.41757
0.27625
0.55356
0.76544
0.46067
0.18954
0.60451
0.92968
0.66876
0.20535
0.43873
0.86074
0.07933
0.80147
0.50030
0.53578
0.44471
0.64057
0.89082
0.72084
0.16122
0.37431
0.84798
0.19928
0.80179
0.21700
0.52029
0.54206
0.24391
0.76956
0.78866
0.30757
0.71125
0.19721
0.36836
0.10122
0.46720
0.43757
0.75832
0.60700
0.91827
0.92304
0.57504
0.24709
0.60690
0.71788
0.39486
0.98767
0.79845
0.78296
0.74367
0.95622
0.19650
0.06020
0.51748
0.87222
0.23536
0.27835
0.83907
0.04313
0.92466
0.73436
0.81818
0.91555
0.66073
0.78895
0.93393
0.57004
0.21362
0.62611
0.44598
0.53315
0.56662
0.16039
0.47715
0.21851
0.78683
0.84807
0.15187
0.14296
0.40421
0.18342
0.87179
0.41821
0.88364
0.75241
0.45485
0.25018
0.58502
0.34571
0.26307
0.53456
0.31582
0.45443
0.21594
0.48758
0.46648
0.96456
0.81241
0.60041
0.63776
0.87407
0.78044
0.31159
0.36222
0.44288
0.19161
0.43862
0.90984
0.48322
0.75464
0.26595
0.96715
0.59974
0.41314
0.38042
0.82060
0.75688
0.16813
0.86303
0.23581
0.73696
0.12769
0.19981
0.79719
0.89873
0.54457
0.10991
0.09264
0.26813
0.39816
0.41211
0.51693
0.40706
0.89612
0.80801
0.05152
0.75836
0.23529
0.31444
0.45776
0.72118
0.19982
0.63125
0.58114
0.75878
0.88631
0.63200
0.67516
0.76477
0.23018
0.12934
0.76690
0.16011
0.17988
0.89069
0.18063
0.15926
0.76770
0.08682
0.27296
0.20859
0.19821
0.42048
0.95395
0.99922
0.60249
0.77891
0.34493
0.69909
0.19278
0.42158
0.88758
0.95118
0.63710
0.10696
0.43583
0.67855
0.44658
0.42719
0.35081
0.80658
0.41249
0.48544
0.45254
0.79884
0.90940
0.43463
0.06675
0.86570
0.49314
0.80496
0.97276
0.48447
0.17466
0.90721
0.76106
0.54819
0.58108
0.79923
0.98928
0.75177
0.91099
0.10043
0.25270
0.92503
0.24980
0.44755
0.07340
0.57539
0.25861
0.80300
0.46616
0.23605
0.60805
0.47033
0.79931
0.05168
0.38742
0.69308
0.66632
0.31593
0.73997
0.90493
0.85305
0.22470
0.66000
0.85556
0.08749
0.43791
0.28568
0.57301
0.56362
0.88054
0.21522
0.26413
0.94793
0.27365
0.86500
0.20391
0.17757
0.77981
0.14852
0.38481
0.28002
0.27377
0.40619
0.99238
0.24066
0.24381
0.75482
0.44493
0.24153
0.20251
0.53876
0.25351
0.84193
0.16303
0.34566
0.21811
0.92724
0.74542
0.23798
0.43876
0.18191
0.81209
0.16303
0.22375
0.44975
0.57422
0.79653
0.92462
0.40239
0.64220
0.93396
0.21884
0.63569
0.44533
0.19784
0.16338
0.79747
0.77560
0.76746
0.37389
0.19068
0.12353
0.50069
0.94002
0.46059
0.76497
0.70441
0.60298
0.41360
0.87208
0.02281
0.17312
0.25792
0.16652
0.70967
0.45793
0.92435
0.19265
0.18266
0.22724
0.44608
0.18978
0.81071
0.82736
0.25851
0.71188
0.18419
1.00168
0.99038
0.11228
0.28374
0.24466
0.81332
0.21895
0.22646
0.21431
0.41084
0.06455
0.60593
0.08526
0.95183
0.75188
0.58417
0.71942
0.82634
0.41998
0.78514
0.37312
0.89123
0.72184
0.45305
0.31988
0.02119
0.70681
0.80412
0.16948
0.58186
0.47624
0.20137
0.69421
0.72419
0.11049
0.39777
0.20835
0.46336
0.60135
0.23430
0.57926
0.75887
0.82595
0.33540
0.06778
0.73811
0.29108
0.28439
0.76147
0.76583
0.17429
0.98699
0.44236
0.14161
0.20925
0.93747
0.87369
0.44569
0.96552
0.43969
0.90488
0.89895
0.72775
0.09015
0.45960
0.79433
0.20779
0.74680
0.63057
0.12392
0.33260
0.18059
0.45613
0.69842
0.42041
0.40336
0.78009
0.74595
0.45288
0.37451
0.88118
0.89553
0.15656
0.83185
0.43821
0.97798
0.08181
0.66550
0.28861
0.24905
0.41795
0.12400
0.05653
0.09110
0.21847
0.84442
0.41513
0.26812
0.43860
0.16072
0.97176
0.22284
0.17589
0.20125
0.77764
0.50906
0.87408
0.10899
0.78179
0.57758
0.18991
0.07568
0.74823
0.97778
0.46787
0.81998
0.67180
0.86223
0.47130
0.85511
0.20350
0.35378
0.11923
0.45280
0.22932
0.86553
0.98613
0.90896
0.19938
0.78873
0.42576
0.71362
0.23899
0.17974
0.81412
0.22575
0.22054
0.48094
0.43857
0.16943
0.74622
0.96723
0.59140
0.44964
0.45804
0.53601
0.90381
0.48018
0.74722
0.20493
0.23352
0.72056
0.21066
0.44856
0.56506
0.22088
0.20396
0.48567
0.22311
0.20437
0.84090
0.00315
0.35393
0.87529
0.42897
0.78748
0.04320
0.94179
0.97287
0.08885
0.62492
0.26323
0.48113
0.71870
0.59234
0.18573
0.19859
0.40615
0.64585
0.86632
0.44944
0.80487
0.68865
0.09592
1.00308
0.13403
0.42802
0.44227
0.43727
0.45718
0.85912
0.28781
0.53602
0.21967
0.97323
0.57167
0.98188
0.20072
0.57010
0.12624
0.75668
0.25511
0.78760
0.93220
0.35888
0.80385
0.23493
0.92797
0.85215
0.58641
0.76590
0.75730
0.26564
0.47762
0.43549
0.42823
0.19449
0.83617
0.53327
0.95825
0.77719
0.29769
0.89057
0.95377
0.83877
0.46344
0.23198
0.57319
0.57800
0.36584
0.58521
0.72728
0.13251
0.03581
0.70093
0.82079
0.96769
0.83781
0.83132
0.49783
0.70385
0.23488
0.82016
0.54091
0.18876
0.45448
0.60199
0.66463
0.10583
0.76964
0.71542
0.76360
0.07305
0.24663
0.56285
0.42276
0.46652
0.67785
0.68759
0.90700
0.22543
0.06100
0.46408
0.18070
0.92440
0.28980
0.86071
0.24795
0.91179
0.49583
0.85272
0.09166
0.97573
0.67602
0.74100
0.83630
0.98910
0.60563
0.78219
0.30707
0.40480
0.22193
0.23856
0.55134
0.90392
0.08622
0.43696
0.78039
0.21046
0.33233
0.45236
0.18577
0.58590
0.20085
0.10915
0.07224
0.47450
0.17574
0.88016
0.78190
0.44735
0.77049
0.19186
0.78153
0.79775
0.69483
0.70972
0.57997
0.83720
0.25145
0.23773
0.47607
0.98756
0.47859
0.04155
0.74317
0.73500
0.11358
0.85365
0.45824
0.47985
0.89276
0.48324
0.47002
0.23280
0.55238
0.47343
0.91608
0.20255
0.57550
1.02306
0.96748
0.36692
0.51538
0.42550
0.74287
0.61462
0.11797
0.17063
0.18733
0.45845
0.44664
0.42118
0.44675
0.76107
0.99168
0.98787
0.42624
0.61400
0.43072
0.22967
0.22304
0.77291
0.76375
0.92905
0.77713
0.45779
0.36274
0.59972
0.17921
0.65496
0.25073
0.71353
0.94621
0.46848
0.98140
0.89853
0.28653
0.73202
0.46486
0.42695
0.47413
0.47585
0.30968
0.59287
0.82897
0.78861
0.44175
0.91454
0.14057
0.18783
0.17076
0.55947
0.40876
0.86821
0.85867
0.83056
0.48617
0.42741
0.91526
0.86970
0.46034
0.67075
0.04786
0.38318
0.18080
0.90347
0.71697
0.40366
0.62673
0.96232
0.91251
0.19409
0.18459
0.52260
0.69366
0.81618
0.25746
0.16974
0.87759
0.78890
0.22666
0.64692
0.87498
0.78754
0.41254
0.47160
0.18900
0.13363
0.77453
0.04876
0.16251
0.23997
0.95989
0.92037
0.26153
0.59702
0.20479
0.43115
0.96175
0.55292
0.48773
0.23423
0.73105
0.17871
0.45453
0.44015
0.67089
0.32251
0.84561
0.44112
0.88637
0.21596
0.51511
0.74889
0.89914
0.95911
0.12813
0.20611
0.47569
0.15508
0.08888
0.55404
0.55769
0.80116
0.95207
0.57420
0.27184
0.20577
0.98014
0.79550
0.43424
0.74962
0.37920
0.80295
0.46022
0.82387
0.77575
0.77767
0.22445
0.20293
0.17354
0.15980
0.76863
0.82468
0.78549
0.48721
0.78783
0.49728
0.46995
0.46459
0.55102
0.16328
0.79606
0.75168
0.07155
0.43666
0.88355
0.50340
0.12331
0.12433
0.59751
0.95663
0.83039
0.81538
0.09101
0.66804
0.19190
0.78472
0.23152
0.29049
0.95031
0.82033
0.41859
0.33565
0.39838
0.19047
0.45301
0.22784
0.47644
0.20960
0.52424
0.70453
0.80014
0.36872
0.28266
0.78769
0.29589
0.92540
0.20136
0.14764
0.57757
0.42256
0.20211
0.85876
0.56438
0.92859
0.42554
0.44723
0.72139
0.98470
0.77066
0.18422
0.83084
0.27348
0.97865
0.76339
0.76236
0.85691
0.22427
0.98703
0.77419
0.75365
0.80841
0.78306
0.78580
0.78777
0.39325
0.58909
0.88435
0.88162
0.17866
0.37523
0.31149
0.41419
0.42562
0.77135
0.41000
0.28185
0.16772
0.83729
0.74300
0.18445
0.68639
0.18931
0.06490
0.78019
0.81698
0.73533
0.88519
0.97582
0.21960
0.19950
0.19431
0.79238
0.61241
0.31758
0.19269
0.45505
0.12080
0.17381
0.53711
0.42344
0.46056
0.08644
0.24264
0.03627
0.27326
0.70460
0.79393
0.06294
0.46243
0.19498
0.89705
0.12037
0.11102
0.40425
0.89576
0.59327
0.22610
0.46382
0.03465
0.52160
0.17850
0.58713
0.57396
0.26607
0.97096
0.71300
0.23351
0.93072
0.56638
0.06584
0.58961
0.13088
0.43185
0.30600
0.01795
0.69508
0.94628
0.21196
0.81667
0.19575
0.10481
0.79201
0.19483
0.74809
0.80389
0.89338
0.44775
0.12979
0.02982
0.46818
0.29886
0.99230
0.45623
0.43238
0.94102
0.07043
0.85041
0.22863
0.37596
0.88656
0.71557
0.16903
0.98369
0.37784
0.11842
0.72380
0.55840
0.04290
0.78386
0.38113
0.37897
0.39657
0.18260
0.88665
0.71486
0.24163
0.53256
0.97820
0.71728
0.76651
0.36372
0.22699
0.20340
0.57147
0.46073
0.17995
0.35400
0.79268
0.43592
0.56593
0.81791
0.24973
0.07405
0.85516
0.57615
0.82810
0.74320
0.61585
0.72176
0.86579
0.13792
0.77931
0.43456
0.42680
0.29600
0.17133
0.21256
0.46721
0.54585
0.84730
1.00895
0.91039
0.90506
0.76029
0.13071
0.60184
0.46580
0.10772
0.46749
0.56012
0.94234
0.75358
0.03229
0.18215
0.21419
0.70889
0.75645
0.57361
0.45719
0.49876
0.79472
0.78627
0.89505
0.45101
0.88217
0.71725
0.17343
0.76921
0.40627
0.20010
0.77659
0.27996
0.22962
0.98397
0.66741
0.76080
0.57780
0.18028
0.08993
0.04223
0.44329
0.04884
0.66961
0.11236
0.82063
0.22153
0.73480
0.53820
0.08940
0.41903
0.76475
0.53626
0.63413
0.54752
0.23815
0.13535
0.19917
0.23027
0.20421
0.59311
0.76377
0.56521
0.08952
0.22812
0.32705
0.78645
0.23410
0.83689
0.24612
0.54557
0.25644
0.61226
0.59423
0.12014
0.59570
0.50125
0.52598
0.39848
0.27087
0.82931
0.75138
0.97933
0.87009
0.73875
0.23062
0.28953
0.60537
0.57562
0.83239
0.23600
0.41623
0.04268
0.79079
0.44011
0.13835
0.24064
0.04673
0.36379
0.31250
0.78311
0.46828
0.95858
0.67618
0.59190
0.49062
0.45667
0.01527
0.65038
0.96928
0.21894
0.03474
0.27667
0.22998
0.04037
0.81412
0.12981
0.14936
0.70120
0.91239
0.71425
0.25150
0.54693
0.97092
0.23563
0.54601
0.17762
0.87682
0.23345
0.75181
0.19458
0.18143
0.42374
0.33000
0.44244
0.23018
0.59752
0.96399
0.46404
0.73277
0.47337
0.92458
0.80360
0.19784
0.58132
0.46278
0.40648
0.62465
0.27131
0.21739
0.05817
0.37636
0.48421
0.31129
0.39808
0.05422
0.97408
0.18843
0.19684
0.99459
0.11663
0.87575
0.03752
0.27741
0.43502
0.44391
0.37038
0.15702
0.05788
0.07658
0.85190
0.81770
0.99118
0.78659
0.17718
0.19025
0.35186
0.22795
0.98417
0.44962
0.50517
0.93221
0.90628
0.76333
0.81571
0.48241
0.98560
0.45596
0.12410
0.97859
0.96201
0.43747
0.45592
0.45077
0.11573
0.85383
0.58607
0.19532
0.24295
0.19723
0.22509
0.92977
0.46752
0.79434
0.99859
0.99709
0.45791
0.97109
0.20532
0.90509
1.00203
0.83926
0.69998
0.25486
0.22202
0.35877
0.82031
0.04608
0.30534
0.77184
0.73263
0.97958
0.95661
0.95174
0.26120
0.58261
0.04272
0.44146
0.18353
0.22361
0.95181
0.41156
0.12183
0.33613
0.62802
0.39731
0.05912
1.00368
0.92317
0.80092
0.19689
0.38555
0.37636
0.69529
0.67904
0.97396
0.22224
0.58812
0.21450
0.80172
0.13617
0.09520
0.81368
0.77595
0.74115
0.31238
0.22627
0.56193
0.57135
0.25182
0.44943
0.18059
0.36514
0.78584
0.19028
0.18933
0.69810
0.20401
0.43896
0.47464
0.27371
0.26320
0.25936
0.79633
0.58306
0.92908
0.20643
0.60010
0.44108
0.46979
0.39353
0.74876
0.28722
0.19995
0.09388
0.01069
0.20186
0.20973
0.48262
0.31755
0.26538
0.26602
0.29260
0.25412
0.98503
0.40208
0.84826
0.93673
0.05082
0.44700
0.40262
0.76174
0.40266
0.31330
0.90422
0.17362
0.19163
0.50302
0.78989
0.40239
0.54272
0.42696
0.57282
0.17793
0.72759
0.93651
0.86402
0.91261
0.35687
0.19643
0.43464
0.23341
0.74585
0.81115
0.88057
0.38155
0.45942
0.91832
0.89869
0.72551
1.00810
0.46658
0.21718
0.61302
0.92811
0.92193
0.47661
0.18440
0.77054
0.37916
0.19827
0.78345
0.79171
0.58068
0.97681
0.45031
0.72991
0.71593
0.78976
0.56905
0.76639
0.98866
0.73056
0.70878
0.94184
0.52714
0.18185
0.19721
0.96707
0.59519
0.88592
0.10074
0.01981
0.26175
0.96804
0.15119
0.98249
0.09093
0.23750
0.89672
0.83089
0.83351
0.57832
0.46687
0.21806
0.03053
0.37730
0.96909
0.43700
0.60406
0.20084
0.77868
0.45824
0.78556
0.45808
0.83924
0.32522
0.90390
0.57298
0.93864
0.94231
0.50651
0.72690
0.17455
0.46863
0.59306
0.06805
0.92318
0.84193
0.27274
0.20119
0.71391
0.16396
0.11214
0.47838
0.83170
0.79573
0.20509
0.60212
0.82021
0.11235
0.94843
0.11269
0.75453
0.46488
0.22869
0.38677
0.74303
0.09074
0.71626
0.98675
0.21308
0.80153
0.79720
0.74666
0.43193
0.42838
0.27480
0.63898
0.81828
0.15571
0.09917
0.74087
0.45663
0.80871
0.76241
0.20683
0.08973
0.77407
0.74486
0.11197
0.92739
0.88225
0.52456
0.46531
0.76347
0.80004
0.40284
0.26388
0.99970
0.45368
0.37902
0.75880
0.94175
0.24367
0.78764
0.91449
0.18490
0.67718
0.18217
0.46399
0.37221
0.49497
0.74423
0.54493
0.65308
0.49118
0.20823
0.91557
0.82878
0.19709
0.64371
0.86200
0.03920
0.59492
0.82797
0.88024
0.42548
0.76583
0.41353
0.16494
0.73809
0.43627
0.90536
0.19890
0.71730
0.37148
0.28293
0.57601
0.04307
0.98226
0.19085
0.30142
0.58289
0.83754
0.28912
0.79595
0.21801
0.79255
0.46204
0.34009
0.25319
0.21803
0.95918
0.25990
0.73336
0.53618
0.40194
0.18566
0.84424
0.05147
0.04931
0.86998
0.40898
1.00035
0.72709
0.74203
0.09492
0.93771
0.19168
0.25209
0.90363
0.97458
0.56331
0.79435
0.79264
0.43046
0.33974
0.19875
0.43766
0.58253
0.95613
0.25681
0.48156
0.17469
0.67940
0.78573
0.73366
0.22595
0.47537
0.67478
0.21207
0.49788
0.59700
0.56902
0.39741
0.18615
0.16146
0.44448
0.22004
0.41493
0.11634
0.22260
0.03801
0.17132
0.43707
0.02894
0.78092
0.24876
0.49167
0.49023
0.15325
0.45217
0.81355
0.18040
0.89607
0.95719
0.77452
0.83014
0.93857
0.80712
0.09988
0.06543
0.45707
0.29741
0.66027
0.96652
0.70103
0.95032
0.44747
0.94284
0.77206
0.46974
0.57428
0.92935
0.33406
0.04776
0.07876
0.49073
0.88158
0.69869
0.74316
0.86652
0.59813
0.07324
0.42381
0.23019
0.80017
0.78996
0.43353
0.46246
0.95976
0.35960
0.66760
0.46253
0.01956
0.73560
0.86489
0.47861
0.84946
0.38721
0.87433
0.38536
0.44913
0.27008
0.80484
0.21114
0.86570
0.49666
0.77742
0.54613
0.98658
0.36265
0.83705
0.74909
0.94225
1.01364
0.28850
0.19118
0.60034
0.84980
0.86190
0.25820
0.46494
0.79234
0.78225
0.77581
0.24210
0.69694
0.41581
0.78490
0.85230
0.83317
0.58582
0.43852
0.39859
0.43558
0.87636
0.45523
0.81489
0.51872
0.77602
0.21773
0.42115
0.45781
0.96375
0.37833
0.71723
0.03719
0.28258
0.18056
0.86311
0.85122
0.74946
0.15969
0.68590
0.73548
0.41073
0.42165
0.21078
0.74525
0.28239
0.76587
0.87814
1.01994
0.77508
0.48476
0.05621
0.25934
0.56199
0.85376
0.77500
0.19654
0.71594
0.60273
0.21020
0.66382
0.36278
0.04365
0.50467
0.07840
0.18958
0.70717
0.73677
0.40534
0.86361
0.81978
0.87366
0.20399
0.21917
0.77868
0.65527
0.39766
0.86870
0.96797
0.73744
0.98458
0.32647
0.61136
0.87189
0.94467
0.27886
0.33704
0.43878
0.21755
0.27674
0.70059
0.15152
0.45185
0.39133
0.24897
0.61166
0.45633
0.74908
0.19858
0.35744
0.54852
0.06913
0.69521
0.92332
0.21775
0.45285
0.15485
0.22798
0.73984
0.18639
0.43216
0.80493
0.87491
0.74157
0.20693
0.26825
0.54135
0.57597
0.43760
0.59382
0.28558
0.28443
0.17726
0.05760
0.77087
0.54228
0.86763
0.02378
0.04594
0.17801
0.17809
0.25186
0.21100
0.77788
0.74066
0.88013
0.82910
0.79954
0.19303
0.47874
0.30584
0.90589
0.10677
0.19472
0.85634
0.96396
0.19238
0.38381
0.81511
1.01389
0.93805
0.90510
0.72927
0.37838
0.69783
0.40956
0.44513
0.47470
0.75054
0.31166
0.35933
0.42387
0.22719
0.82313
0.70827
0.48181
0.72008
0.96362
0.82347
0.18789
0.88013
0.85968
0.83031
0.48741
0.17039
0.43324
0.32327
0.57518
0.96807
0.93519
0.96608
0.85183
1.01834
0.50022
0.20514
0.34186
0.47042
0.86024
0.06405
0.93698
0.74732
0.53860
0.17437
0.71530
0.50886
0.43531
0.47531
0.07793
0.91503
0.35160
0.15674
0.39516
0.04635
0.44531
0.79077
0.05028
0.91769
0.78010
0.71634
0.21560
1.01359
0.73025
0.81224
0.70359
0.56497
0.24817
0.69750
0.50398
0.98559
0.93761
0.06846
0.37560
0.77748
0.38611
0.70382
0.31162
0.19558
0.39229
0.76741
0.79704
0.82217
0.56646
0.86082
0.85348
0.87933
0.95006
0.78215
0.78497
0.84138
0.20386
0.87948
0.09233
0.19745
0.08884
0.42396
0.58199
0.76163
0.79201
0.60377
0.95958
0.58654
0.92814
0.83272
0.74434
0.82367
0.40522
0.74259
0.59682
0.05176
0.65339
0.46971
0.73976
0.98335
0.21174
0.21413
0.20736
0.58145
1.01992
0.30921
0.46440
0.13695
0.42401
0.46388
0.74262
0.38694
0.71034
0.08157
0.42792
0.44608
0.35885
0.37216
0.97832
0.84747
0.42327
0.76654
0.64433
0.76788
0.45256
0.95740
0.89763
0.04294
0.08024
0.43437
0.21607
0.30487
0.44895
0.20176
0.26918
0.18532
0.25817
0.24849
0.72944
0.80835
0.91762
0.21816
0.22247
0.51720
0.43513
0.81323
0.96908
0.42798
0.47717
0.97462
0.59175
0.06578
0.97887
0.08325
0.70157
0.25259
0.04545
0.42922
0.51042
0.19016
0.06691
0.19416
0.74450
0.56335
0.87594
0.82040
0.38267
0.35092
0.84888
0.46778
0.45281
0.25618
0.36623
0.95089
0.78457
0.50519
0.56807
0.28267
0.15285
0.17523
0.88175
0.87363
0.90217
0.60998
0.44871
0.22426
0.24352
0.83235
0.41689
0.44728
0.13373
0.29591
0.80916
0.41828
0.84613
0.93926
0.82124
1.01457
0.77193
0.71133
0.46463
0.46616
0.56530
0.05427
0.79202
0.37072
0.23872
0.23502
0.77071
0.86846
0.92211
0.24427
0.56788
0.44155
0.08006
0.89013
0.74371
0.45460
0.42659
0.46171
0.39598
0.31563
0.87420
0.17438
0.57072
0.86402
0.89881
0.43372
0.44038
0.54918
0.25411
0.43050
0.23088
0.80414
0.20293
0.95052
0.37963
0.46650
0.37641
0.46579
0.48842
0.97265
0.45444
0.43935
0.28139
0.95324
0.56090
0.20713
0.05687
0.06131
0.32760
0.45642
0.21954
0.47013
0.44429
0.09605
0.57853
0.19865
0.08037
0.72634
0.21499
0.47339
0.47166
0.77228
0.44724
0.19871
0.64750
0.55449
0.46067
0.23568
0.66530
0.25563
0.56483
0.61913
0.43009
0.53521
0.43896
0.58399
0.19975
0.58245
0.78360
0.78802
0.27130
0.08393
0.69252
0.71290
0.74649
0.44813
0.78755
0.87864
0.46804
0.46942
0.61098
0.73568
0.23953
0.05433
0.45930
0.77831
0.73385
0.19469
0.09440
0.44473
0.87315
0.79169
0.79895
0.38370
0.19699
0.79520
0.19565
0.18181
0.45585
0.58594
0.18965
0.46032
0.38713
0.93572
0.43213
0.14760
0.58106
0.74738
0.43217
0.72622
0.71590
0.14109
0.59961
0.27485
0.44309
0.86371
0.28980
0.20353
0.79013
0.89146
0.90726
0.50023
0.75716
0.17850
0.13449
0.34518
0.82145
0.56656
0.31766
0.28370
0.18323
0.48308
0.91278
0.17517
0.42318
0.18827
0.77507
0.46138
0.59603
0.57850
0.47572
0.29960
0.86243
0.76945
0.60894
0.20854
0.46893
0.87329
0.19529
0.47394
0.59281
0.70279
0.76626
0.89878
0.92066
0.10489
0.23659
0.18553
0.96027
0.16892
0.45876
0.84192
0.23251
0.75454
0.28850
0.20402
0.83807
0.57630
0.54823
0.54708
0.17136
0.72502
0.17621
0.89887
0.60484
0.11603
0.38330
0.43390
0.80284
0.24380
0.48469
0.80562
0.57499
0.12933
0.84546
0.86339
0.87980
0.93423
0.39876
0.64528
0.40983
0.20330
0.84145
0.09602
0.98058
0.57223
0.19695
0.90168
0.20624
0.78039
0.10949
0.81191
0.71362
0.21147
0.06716
0.75405
0.38448
0.88340
0.72536
0.70251
0.56284
0.45030
0.85764
0.81110
0.82838
0.58437
0.46257
0.61096
0.41924
0.88735
0.83984
0.57810
0.17993
0.86329
0.90491
0.28901
0.38845
0.51266
0.96622
0.74387
0.23158
0.74606
0.57243
0.69601
0.09080
0.11868
0.36415
0.45681
0.20961
0.45740
0.37092
0.38531
0.92074
0.54904
0.23043
0.23058
0.18527
0.81996
0.46493
0.41672
0.80176
0.29149
0.44304
0.05664
0.93297
0.18552
0.34903
0.79382
0.44564
0.89219
0.44165
0.71167
0.91678
0.89194
0.27665
0.74018
0.62986
0.93837
0.44416
0.85175
0.21793
0.07842
0.17759
0.85019
0.42144
0.14122
0.77494
0.34304
0.75881
0.91349
0.60265
0.67621
0.81262
0.84478
0.32273
0.20214
0.97863
0.56015
0.81597
0.82692
0.46516
0.29449
0.08679
0.39473
0.52166
0.28263
0.45396
0.44670
0.90628
0.90843
0.46058
0.63610
0.25070
0.17412
0.33791
0.90059
0.19278
0.77803
0.77716
0.02468
0.79385
0.72452
0.76457
0.47302
0.37617
0.50211
0.71882
0.18575
0.02806
0.08383
0.38664
0.82826
0.28791
0.76338
0.75228
0.15331
0.06985
0.47056
0.93719
0.41529
0.91543
0.78018
0.44088
0.46565
0.88138
0.19545
0.65575
0.81923
0.91426
0.77258
0.98792
0.80544
0.13515
0.42017
0.67418
0.21061
0.70880
0.97425
0.93864
0.97575
0.38247
0.97545
0.44417
0.59784
0.27825
0.54029
0.91789
0.08329
0.49142
0.81702
0.11556
0.15947
0.78680
0.86884
0.15652
0.72051
0.58480
0.07821
0.56784
0.44043
0.72475
0.94146
0.78102
0.10447
0.13183
0.75627
0.97049
0.73576
0.91265
0.73248
0.40662
0.99840
0.75428
0.34328
0.19802
0.22420
0.97305
0.33426
0.55611
0.66663
0.04174
0.82394
0.59957
0.23388
0.09641
0.15021
0.90390
0.09738
0.71616
0.19496
0.48056
0.91644
0.78303
0.68713
0.48105
0.98170
0.72391
0.18604
0.45757
0.39522
0.87463
0.07282
-0.00938
0.18657
0.06609
0.45439
0.40905
0.72549
0.25559
0.35243
0.77871
0.70644
0.17027
0.79688
0.61544
0.29477
0.27933
0.42120
0.26620
0.44809
0.55728
0.87209
0.98955
0.93750
0.81145
0.60447
0.18339
0.55348
0.46239
0.96722
0.75438
0.42256
0.26532
0.44027
0.28934
0.17572
0.41887
0.40936
0.75454
0.77747
0.75434
0.18527
0.98047
0.58055
0.12294
0.28318
0.75658
0.25647
0.27792
0.57810
0.44241
0.75681
0.74617
0.97985
0.71387
0.79188
0.78929
0.23540
0.36552
0.04450
0.23705
0.18938
0.85289
0.24928
0.76232
0.78003
0.86368
0.57402
0.09730
0.29275
0.15653
0.78887
0.36877
0.23061
0.08588
0.07994
0.41946
0.87903
0.46021
0.17910
0.80847
0.52611
0.72980
0.88355
0.47336
0.18104
0.26331
0.98284
0.46587
0.08317
0.77528
0.25174
0.05872
0.89944
0.68126
0.70039
0.74556
0.68822
0.76908
0.22071
0.37632
0.27865
0.32955
0.46427
0.92924
0.85141
0.94305
0.85360
0.28087
0.72078
0.56073
0.24368
0.76638
0.24709
0.70610
0.07604
0.86275
0.51854
0.83322
0.10307
0.86963
0.83681
0.58779
0.09633
0.41870
0.99770
0.28418
0.04424
0.19789
0.47600
0.29892
0.19566
0.41611
0.95913
0.64550
0.25496
0.18296
0.43207
0.44434
0.05582
0.92224
0.92637
0.72945
0.11316
0.19061
0.02058
0.47310
0.88235
0.96356
0.43777
0.09346
0.29133
0.86842
0.60411
0.16160
0.37735
0.20813
0.44075
0.89833
0.13019
0.85315
0.45208
0.18856
0.44535
0.77216
0.83928
0.70635
0.98862
0.59941
0.99581
0.08919
0.13072
0.89645
0.20045
0.42990
0.75661
0.15861
0.79258
0.73451
0.24195
0.25212
0.98115
0.10712
0.04957
0.54818
0.87199
0.23275
0.41525
0.33275
0.58475
0.46899
0.82153
0.81965
0.20462
0.45139
0.43702
0.78697
0.51674
0.46250
0.20164
0.20102
0.73626
0.49156
0.48334
0.62402
0.18021
0.42477
0.23448
0.48185
0.21179
0.78680
0.34562
0.46637
0.44358
0.25878
0.12059
0.76658
0.58147
0.20658
0.84707
0.41854
0.45118
0.58081
0.21627
0.28231
0.06772
0.31435
0.45392
0.74161
0.23936
0.50593
0.48365
0.76341
0.86985
0.62625
0.79010
0.85692
0.17099
0.75558
0.79774
0.00098
0.89110
0.20684
0.38169
0.40743
0.18377
0.42245
0.23968
0.46800
0.73337
0.44135
1.01795
0.10353
0.99309
0.58282
0.63588
0.03816
0.40362
0.72125
0.90657
0.84231
0.44265
0.33303
0.55992
0.95714
0.54190
0.75955
0.22212
0.38319
0.95539
0.18961
0.61797
0.74068
1.02968
0.86526
0.55622
0.38514
0.39650
0.61991
0.97184
0.26658
0.83820
0.15293
0.47731
0.74872
0.19571
0.07572
0.44337
0.96925
0.20112
0.97067
0.69479
0.91685
0.61088
0.20919
0.74497
1.02110
0.99677
0.89684
0.56777
0.70367
0.21905
0.33998
0.21640
0.21922
0.23567
0.71670
0.23891
0.82803
0.56696
0.57033
0.20936
0.20674
0.78396
0.94008
0.81908
0.97036
0.65406
0.16737
1.01341
0.86631
0.82297
0.57833
0.79443
0.48191
0.22705
0.12183
0.20895
0.10673
0.85417
0.56445
0.88392
0.82899
0.47442
0.07575
0.55388
0.35338
0.86697
0.49856
0.79444
0.19589
0.61184
0.94858
0.74180
0.31100
0.64188
0.43746
0.58934
0.75829
0.39126
0.72705
0.77527
0.73712
0.85892
0.32318
0.43137
0.72759
0.84887
0.40319
0.39978
0.17985
0.76712
0.57550
0.99732
0.13336
0.96777
0.77111
0.42245
0.81239
0.16604
0.76257
0.97887
0.91001
0.60077
0.76567
0.52096
0.64203
0.56362
0.18906
0.56694
0.40282
0.10990
0.57228
0.04603
0.57657
0.26841
0.91843
0.28035
0.79541
0.44249
0.47642
0.63926
0.79472
0.17030
0.20478
0.21303
0.86154
0.46723
0.06232
0.92388
0.77860
0.82984
0.52472
0.11459
0.67752
0.90390
0.40162
0.25924
0.45973
0.91922
0.06296
0.69613
0.55001
0.18817
0.61352
0.38909
0.57649
0.74828
0.56901
0.91427
0.81389
0.96280
0.54862
0.88164
0.46951
0.41089
0.18696
0.76900
0.17963
0.26984
0.81068
0.22541
0.75177
0.85854
0.44336
0.76227
1.00673
0.05955
0.06795
0.73765
0.84453
0.86624
0.87312
0.26822
0.85864
0.18858
0.93347
0.06922
0.32438
0.79830
0.38327
0.40419
0.41335
0.78656
0.77695
0.61906
0.66171
0.47421
0.23623
0.43935
0.74771
0.75335
0.72158
0.11829
0.75557
0.86245
0.61502
0.24192
0.35590
0.58604
0.26114
0.79516
0.77473
0.46236
0.31519
0.26723
0.61578
0.74299
0.89405
0.95531
0.89015
0.61074
0.35358
0.24699
0.56663
0.58934
0.59715
0.25516
0.76177
0.73588
0.74924
0.47386
0.40347
0.14592
0.40936
0.55239
0.86271
0.17313
0.44747
0.88748
0.46589
0.44694
0.77510
0.35805
0.75127
0.21667
0.68209
0.78062
0.07271
0.66951
0.47333
0.97450
0.87342
0.19430
0.70056
0.80702
0.24513
0.56907
0.04877
0.77262
0.53172
0.58069
0.67570
0.09829
0.89705
0.25121
0.81470
0.18096
0.17200
0.85283
0.47973
0.95525
0.18700
0.39954
0.53430
0.37263
0.39192
0.49022
0.27530
0.39472
0.64664
0.17976
0.20965
0.44855
0.79674
0.94281
0.48025
0.06312
0.47679
0.19923
0.78806
0.53395
0.71517
0.95946
0.41229
0.17427
0.30863
0.71337
0.28740
0.27907
0.18692
0.45567
0.56659
0.45377
0.18163
0.22275
0.90886
0.43794
0.73460
0.22256
0.21465
0.18937
0.85941
0.82282
0.39895
0.16302
0.73958
0.83365
0.78895
0.73557
0.93967
0.41609
0.24704
0.34245
0.67415
0.37335
0.42470
0.30352
0.47297
0.16370
0.49179
0.58193
0.06017
0.84909
0.19091
0.75807
0.43700
0.82036
0.77717
0.46570
0.47835
0.45445
0.62223
0.57544
0.76831
0.55605
0.76392
0.09784
0.71704
0.87145
0.31777
0.72173
0.33046
0.20420
0.43420
0.45607
0.27118
0.66489
0.42705
0.78937
0.63520
0.09427
0.78884
0.79891
0.71397
0.71070
0.10438
0.84392
0.62593
0.45818
0.04071
0.90758
0.21400
0.20864
0.75597
0.72934
0.94894
0.81788
0.51176
0.29464
0.45280
0.19811
0.20667
0.07484
0.39913
0.61362
0.59589
0.79489
0.86917
0.72357
0.75062
0.74062
0.05168
0.56587
1.00924
0.31696
0.75813
0.20378
0.88197
0.72457
0.29337
0.83584
0.44867
0.76086
0.53317
0.72835
0.50313
0.89536
0.78603
0.85773
0.80351
0.18186
0.45618
0.58968
0.80670
0.78429
0.20044
0.20576
0.27048
0.23672
0.79384
0.84598
0.22242
0.80645
0.99297
0.99854
0.06793
0.34584
0.94279
0.48414
0.73975
0.18335
0.75180
0.57171
0.17662
0.17979
0.47065
0.40306
0.79528
0.94916
0.64790
0.61748
0.69943
0.80157
0.27726
0.39472
0.84150
0.20106
0.17011
0.21653
0.78804
0.16077
0.21131
0.22514
0.85523
0.41790
0.80395
0.94576
0.98381
0.77459
0.24116
0.08988
0.11303
0.19679
0.64385
0.88592
0.82913
0.16895
0.10483
0.95844
0.24485
0.74660
0.81475
0.23761
0.22128
0.73754
0.70337
0.42163
0.76822
0.46609
0.36651
0.68778
0.46180
0.12557
0.65206
0.50446
0.84296
0.96847
0.57773
0.61936
0.09770
0.39612
0.80165
0.21312
0.47594
0.91729
0.87189
0.22111
0.16522
0.20318
0.43714
0.38863
0.95714
0.65109
0.05191
0.57052
0.21200
0.46331
0.73809
0.40802
0.02024
0.92702
0.78329
0.88983
0.79847
0.47167
0.07945
0.56897
0.59671
0.39127
0.29581
0.75609
0.95955
0.74541
0.71773
0.21177
0.58972
0.41690
0.88548
0.44430
0.49686
0.75689
0.29388
0.30661
0.78110
0.28583
0.66926
0.90398
0.24539
0.19082
0.96746
0.12478
0.60462
0.25288
0.09290
0.22660
0.44156
0.45266
0.39082
0.32506
0.58922
0.82086
0.27434
0.75390
0.24805
0.08262
0.97831
0.12835
0.22046
0.44493
0.75796
0.85124
0.84672
0.73169
0.71176
0.16510
0.58715
0.73957
0.78406
0.77710
0.53828
0.85734
0.40356
0.96368
0.50290
0.18607
0.76427
0.78500
0.15911
0.10100
0.44672
0.87643
0.14634
0.92224
0.41695
0.21610
0.67441
0.23727
0.48762
0.57283
0.12012
0.56387
0.80834
0.86535
0.77778
0.19529
0.24826
0.18151
0.15561
0.95330
0.90827
0.85791
0.41559
0.85194
0.89713
0.78629
0.46732
0.45840
0.22162
0.60330
0.04223
0.91246
0.89194
0.89935
0.21669
0.71318
0.21036
0.53458
0.45732
0.44694
0.62472
0.51113
0.42997
0.72669
0.32334
0.88260
0.78199
0.81001
0.46101
0.11943
0.29022
0.43745
0.87900
0.88002
0.07704
0.85496
0.55514
0.99728
0.76214
0.01219
0.19409
0.21828
0.79704
0.48630
0.71301
0.77243
0.23112
0.44090
0.56682
0.11028
0.23336
0.78281
0.29701
0.55469
0.46516
0.40176
0.58723
0.42723
0.45458
0.20712
0.58315
0.77641
0.57088
0.11846
0.23434
0.84168
0.46036
0.18164
0.99829
0.19934
0.78724
0.16100
0.09000
0.09359
0.25357
0.60273
0.39519
0.92850
0.58011
0.52841
0.01703
0.78613
0.26242
0.78170
0.21907
0.29911
0.44421
0.57367
0.89766
0.45573
0.84616
0.80764
0.05551
0.48847
0.60722
0.49693
0.77988
0.18495
0.24645
0.94472
0.21596
0.56037
0.23008
0.21003
0.46411
0.84358
0.81317
0.56530
0.45917
0.97426
0.81268
0.45923
0.75468
0.70939
0.31249
0.11653
0.58283
0.25730
0.19093
0.84748
0.40103
0.11190
0.75020
0.75388
0.80945
0.74651
0.44737
0.77924
0.92249
0.81025
0.07596
0.76848
0.91450
0.16695
0.23600
0.87368
1.02215
0.07703
0.90612
0.95698
0.41359
0.47548
0.10104
0.07177
0.87861
0.81104
0.26279
0.87348
0.57645
0.56846
0.79871
0.18081
0.77347
0.30942
0.28153
0.97980
0.16134
0.74449
0.79221
0.26322
0.44408
0.95910
0.58786
0.02941
0.18148
0.18136
0.49541
0.73025
0.76176
0.92167
0.93508
0.42150
0.30574
0.23945
0.98117
0.42295
0.84659
0.08567
0.43258
0.92785
0.91263
0.54224
0.79894
0.79938
0.75015
0.40064
0.80578
0.16686
0.44585
0.09749
0.98913
0.87599
0.12882
0.83106
0.74508
0.81612
0.72949
0.20241
0.90077
0.42142
0.40504
0.25734
0.21709
0.95625
0.98406
0.74465
0.89310
0.55280
0.39817
0.42982
0.82057
0.12091
0.85952
0.86593
0.17213
0.37452
0.14408
0.14072
0.91450
0.79214
0.85988
0.79166
0.93476
0.92799
0.22060
0.26355
0.29244
0.45567
0.51898
0.17837
1.00871
0.77947
0.67583
0.24395
0.18387
0.25635
0.77926
0.44483
0.30419
0.48891
0.90582
0.34454
0.83233
0.72530
0.10880
0.98335
0.90482
0.74429
0.95634
0.90975
0.89789
0.52426
0.03660
0.35256
0.78499
0.74005
0.18506
0.74785
0.43100
0.27659
0.01768
0.15409
0.76164
0.60171
0.89025
0.44565
0.20863
0.33248
0.38554
0.85270
0.82781
0.16583
0.44367
0.06118
0.78670
0.46631
0.97608
0.15453
0.84718
0.42082
0.12559
0.57559
0.83055
0.48570
0.90180
0.94459
0.21327
0.83415
0.24140
0.20776
0.24894
0.58754
0.24861
0.03823
0.12261
0.37214
0.26656
0.82158
0.54213
0.13012
0.06630
0.21829
0.16563
0.24368
0.02635
0.74976
0.89568
0.46124
0.75313
0.58305
0.32031
0.76916
0.24598
0.40081
0.16689
0.05739
0.70747
0.38879
0.33095
0.78724
0.86421
0.86002
0.61204
0.09112
0.58634
0.97772
0.29638
0.98370
0.12697
0.73760
0.28178
0.42071
0.88142
0.40148
0.52235
0.87805
0.90238
0.85018
0.22222
0.15871
0.71175
0.45632
0.55416
0.74103
0.21837
0.46771
0.20314
0.97549
0.58044
0.83321
0.89953
0.03182
0.47810
0.05673
0.98989
0.16830
0.86384
0.98068
0.46440
0.45002
0.17227
0.28032
0.23981
0.86341
0.05907
0.55297
0.55511
0.52236
0.72758
0.23380
0.43472
0.44571
0.20470
0.42470
0.55355
0.19415
0.08821
0.22812
0.22982
0.21996
0.86985
0.24483
0.81035
0.46023
0.23521
0.67781
0.90154
0.08806
0.80858
0.19233
0.71570
0.18968
0.26937
0.45414
0.45905
0.31488
0.23556
0.01374
0.87531
0.78426
0.75973
0.07268
0.91912
0.50969
0.85479
0.73097
0.21121
0.89763
0.78642
0.41268
0.81330
0.73050
0.78612
0.89212
0.79569
0.19476
0.09784
0.77119
0.17757
0.70472
0.98709
0.05129
0.75312
0.65465
0.78653
0.72597
0.38285
0.43490
0.21787
0.96475
0.03847
0.73690
0.15694
0.98082
0.92790
0.26959
0.76898
0.18099
0.54726
0.85055
0.42895
0.85308
0.73877
0.19739
0.52890
0.75832
0.65085
0.54351
0.26320
0.57605
0.50155
0.12717
0.49102
0.15246
0.60963
0.39732
0.98007
0.40942
0.17981
0.09246
0.48177
0.22462
0.17668
0.26306
0.83121
0.30609
0.17727
0.20597
0.45045
0.21947
0.23392
0.43683
0.91737
0.77000
0.89545
0.81036
0.46513
0.76475
0.87304
0.32228
0.21548
0.72387
0.87159
0.97781
0.82867
0.80697
0.72282
0.60352
0.82359
0.32683
0.17362
0.84983
0.60510
0.83571
0.22676
0.92968
0.78034
0.75874
0.53202
0.46818
0.70738
0.19987
0.08337
0.86459
0.86307
0.77848
0.93287
0.06304
0.56543
0.47361
0.75833
0.77340
0.56922
0.55285
0.17071
0.54200
0.74389
0.45111
0.24836
0.53569
0.72729
0.81531
0.32673
0.06734
0.87167
0.77107
0.31070
0.11056
0.96134
0.64788
0.77821
0.72301
0.45858
0.56702
0.18424
0.89824
0.78600
0.42760
0.86341
0.80293
0.44047
0.63403
0.18884
0.38398
0.48246
0.43376
0.16007
0.68663
0.26566
0.24981
0.19753
0.89708
0.75754
0.57973
0.41847
0.70967
0.87606
0.59302
0.74663
0.60084
0.72737
0.95023
0.88762
0.26272
0.82904
0.79106
0.55632
0.07479
0.89757
0.91345
0.84640
0.16517
0.75972
0.57097
0.78074
0.88143
0.24974
0.25376
0.85099
0.76126
0.32474
0.24858
0.36434
0.78353
0.09422
0.17191
0.73235
0.74528
0.42933
0.39865
0.40312
0.85223
0.58584
0.23588
0.15524
0.09575
0.09824
0.47391
0.72389
1.00923
0.32494
0.26945
0.18449
0.24839
0.46833
0.91228
0.88152
0.77720
0.06675
0.48959
0.43259
0.93496
0.06796
0.89373
0.45214
0.57602
0.23597
0.44536
0.34049
0.99222
0.46994
0.36578
0.18879
0.69570
0.22993
0.77903
0.23874
0.12714
0.59977
0.11778
0.75628
0.47099
0.31868
0.81166
0.97075
0.17982
0.42949
0.46058
0.53946
0.82782
0.79953
0.40167
0.21161
0.89904
0.18743
0.40696
0.42843
0.30037
0.06416
0.54589
0.74462
0.43610
0.22794
0.96090
0.45533
0.26866
0.96402
0.37377
0.45553
0.78931
0.22411
0.77770
0.94477
0.65335
0.96995
0.07006
0.82348
0.72351
0.25765
0.45293
0.92126
0.87653
0.84964
1.01029
0.20303
0.29794
0.17205
0.97517
0.90514
0.70795
0.65974
0.71702
0.87038
0.99248
0.01197
0.38229
0.17144
0.90854
0.11502
0.49221
0.76175
0.24276
0.87093
0.18890
0.55070
0.17722
0.85361
0.44162
0.24847
0.46154
0.88972
0.23551
0.52296
0.32638
0.83774
0.45760
0.78677
0.79406
0.17503
0.20426
0.29347
0.63129
0.96772
0.90646
0.79040
0.76443
0.45159
0.56767
0.95226
0.19784
0.76718
0.41559
0.78103
0.86299
0.58449
0.17576
0.85191
0.79811
0.22590
0.45543
0.43823
0.88163
0.10142
0.11018
0.40470
0.78596
0.79701
0.99293
0.44554
0.17198
0.28448
0.69486
0.76353
0.17777
0.71541
0.15644
0.76551
0.66713
0.87393
0.78306
0.26037
0.24738
0.14558
0.86331
0.42981
0.25706
0.90843
0.85953
0.72977
0.19699
0.96662
0.75075
0.40979
0.66948
0.29396
0.28195
0.86183
0.75858
0.45389
0.30646
0.29711
0.93658
0.90262
0.77121
0.67833
0.33837
0.57884
0.48864
0.44628
0.05887
0.76249
0.52677
0.55298
0.49019
0.20206
0.93803
0.46217
0.39538
0.04814
0.44061
0.21569
0.21692
0.47666
0.71824
0.93922
0.40875
0.77511
0.06643
0.74262
0.21593
0.24196
0.10845
0.24839
0.90718
0.99782
0.49029
0.92657
0.76149
0.44925
0.05547
0.45821
0.42133
0.32144
0.23564
0.20067
0.25343
0.23489
0.44815
0.98731
0.83971
0.12209
0.42034
0.81677
0.91873
0.08564
0.46823
0.32461
0.76194
0.78141
0.58522
0.66579
0.58389
0.80324
0.82746
0.19522
0.78380
0.98421
0.41058
0.86802
0.19674
0.79987
0.47144
0.93716
0.36245
0.85620
0.23077
0.10645
0.40641
0.07139
0.63751
0.65249
0.42086
0.47443
0.24104
0.46173
0.96365
0.37679
0.58019
0.05493
0.86720
0.97080
0.92061
0.83008
0.92812
0.48221
0.66775
0.89663
0.47302
0.76008
0.46676
0.90634
0.15461
0.83235
0.85625
0.31139
0.35753
0.82801
0.73234
0.96012
0.46812
0.56455
0.22578
0.27433
0.20723
0.96218
0.72624
0.74570
0.08487
0.44357
0.51062
0.80308
0.63622
0.24109
0.58416
0.76276
0.29726
0.89862
0.70529
0.29150
0.39321
0.10094
0.78003
0.93791
0.18686
0.19840
0.28563
0.75676
0.22135
0.87358
0.23716
0.81853
0.58336
0.41140
0.56505
0.80558
0.43915
0.88730
0.78622
0.16861
0.23206
1.01945
0.26448
0.09817
0.47381
0.42373
0.80644
0.03033
0.80598
0.82965
0.04019
0.62238
0.17989
0.21019
0.11106
0.28010
0.04404
0.55929
0.40114
0.61689
0.56878
0.73667
0.58427
0.26888
1.01573
0.88654
0.84572
0.44689
0.54985
0.08564
0.81873
0.59434
0.91541
0.22549
0.74288
0.22925
0.33366
0.48168
0.80719
0.33931
0.60697
0.44287
0.34980
0.21170
0.44357
0.59765
0.19453
0.46572
0.16625
0.30420
0.78317
0.18914
0.34849
0.19848
0.19974
0.73369
0.71424
0.73762
0.82396
1.01580
0.28202
0.33730
0.36283
0.08705
0.92356
0.74819
0.68625
0.28254
0.35860
0.32924
0.55421
0.10520
0.76508
0.64005
0.54896
0.73311
0.81527
0.96886
0.19722
0.17984
0.78774
0.41260
0.20067
0.43219
0.41883
0.91318
0.19403
0.75530
0.17134
0.78449
0.76302
0.30045
0.23103
0.79023
0.78868
0.18935
0.05296
0.82544
0.29874
0.47413
0.15588
0.17247
0.41458
0.15753
0.57023
0.55439
0.56015
0.46401
0.18083
0.71199
0.86505
0.43079
0.75168
0.97998
0.75375
0.41526
0.49356
0.77582
0.46017
0.78956
0.10151
1.00947
0.21582
0.59754
0.42344
0.88190
0.08334
0.74935
0.69280
0.24814
0.37940
0.14613
0.10008
0.42414
0.75759
0.97313
0.06173
0.75364
0.09818
0.73690
0.25517
0.29208
0.08094
0.52415
0.57174
0.87413
0.15703
0.44383
0.20250
0.90534
0.74178
0.24117
0.17433
0.46592
0.86920
0.49279
0.25432
0.77384
0.28672
0.17850
0.85817
0.77672
0.45999
0.80978
0.05190
0.30118
0.80147
0.72478
0.46545
0.49701
0.05413
0.61321
0.72922
0.81082
0.18114
0.79115
0.20808
0.97339
0.53612
0.38343
0.75030
0.49209
0.79398
0.17662
0.60446
0.75001
0.79270
0.22045
0.80936
0.06785
0.76754
0.83268
0.80075
0.83003
0.86949
0.47468
0.84057
0.77988
0.62213
0.82164
0.23547
0.05417
0.51772
0.63351
0.79791
0.57120
0.46524
0.04791
0.18574
0.24042
0.71836
0.77045
0.55400
0.15986
0.50836
0.55986
0.16995
0.43125
0.01316
0.25987
0.01799
0.97183
0.17592
0.34144
0.25562
0.91917
0.38004
0.96576
0.21895
0.78190
0.42543
0.66960
0.10719
0.24039
0.94750
0.85329
0.87403
0.02205
0.98802
0.79026
0.16674
0.17743
0.49281
0.16815
0.60618
0.98211
0.21896
0.78724
0.21984
0.06192
0.20332
0.19677
0.22170
0.38240
0.19431
0.13794
0.24115
0.86664
0.87175
0.73740
0.18766
0.98588
0.68019
0.65213
0.86540
0.44486
0.74283
0.19800
0.79246
0.55306
0.48359
0.62063
0.80097
0.23062
0.56878
0.75788
0.79272
0.17382
0.18076
0.83903
0.42667
0.77098
1.00855
0.29038
0.46243
0.07972
0.46916
0.25670
0.11743
0.04486
0.41394
0.04179
0.93137
0.96779
0.44493
0.93980
0.21140
0.19050
1.01304
0.31062
0.42891
0.57864
0.53054
0.29070
0.07309
0.90102
0.77005
0.63267
0.88592
0.06490
0.39784
0.47601
0.70897
0.90469
0.72751
0.78552
0.21532
0.99817
0.15643
0.28777
0.75918
0.72900
0.79930
0.60405
0.05474
0.64182
0.06859
0.48971
0.79931
0.77864
0.71567
0.09298
0.92073
0.88113
0.86384
0.56234
0.52161
0.69269
0.36335
0.42379
0.32752
0.77136
0.02553
0.22808
0.56843
0.36840
0.57810
0.79735
0.91256
0.81808
1.00112
0.19377
0.38467
0.47410
0.44700
0.48468
0.70772
0.75272
0.19930
0.77433
0.77575
0.05023
0.07811
0.91835
0.20513
0.81950
0.08991
0.70614
0.84557
0.23116
0.44529
0.79394
0.05191
0.88428
0.59162
0.18497
0.87920
0.97775
0.94477
0.47643
0.59976
0.57310
0.95087
0.85034
0.24677
0.87353
0.79720
0.81010
0.72146
0.32634
0.43359
0.72644
0.87409
0.50835
0.56821
0.75300
0.95284
0.74398
0.23648
0.77653
0.22883
0.72351
0.18751
0.57364
0.76122
0.08298
0.58026
0.86028
0.12928
0.09245
0.19369
0.84576
0.19767
0.25345
0.65192
0.44038
0.99369
0.24699
0.12380
0.85769
0.05677
0.88744
0.60119
0.89621
0.18475
0.34315
0.60511
0.25287
0.87678
0.59910
0.19389
0.58246
0.63924
0.78145
0.70539
0.25252
0.26377
0.20552
0.85319
0.44546
0.46117
0.53616
0.11957
0.47110
0.86433
0.99516
0.40923
0.19556
0.89317
0.56933
0.71733
0.57896
0.04591
0.81698
0.77803
0.80378
0.39138
0.75761
0.59508
0.75369
0.18330
0.76943
0.46020
0.91697
0.15185
0.83271
0.73801
0.77364
0.86582
0.78001
0.39098
0.43956
0.85805
1.00023
0.68375
0.58596
0.28756
0.59972
0.42787
0.79596
0.18163
0.69143
0.78562
0.97036
1.01963
0.47050
0.21605
0.77450
0.15008
0.45110
0.14474
0.58832
0.59540
0.22813
0.86481
0.29805
0.84439
0.19979
1.01764
0.19057
0.91988
0.42295
0.76327
0.73302
0.78348
0.09978
0.59790
0.57614
0.47680
0.22448
0.77191
0.46690
0.93159
0.46077
0.19638
0.52821
0.90368
0.73294
0.48586
0.19685
0.89241
0.28644
0.59891
0.24266
0.58557
0.89494
0.48479
0.38655
0.10403
0.68052
0.88953
0.20288
0.86959
0.26927
0.75860
0.19226
0.20432
0.21687
0.85065
0.43665
0.73354
0.46947
0.98398
0.86562
0.42544
0.72218
0.97580
0.44541
0.90248
0.43751
1.01381
0.45788
0.72423
0.33917
0.89021
0.96906
0.73992
0.09694
0.90023
0.22535
0.46509
0.77194
0.47362
0.12363
0.70640
0.21193
0.75314
0.89039
0.21227
0.44327
0.62212
0.77771
0.09421
0.83797
0.64333
0.18539
0.17881
0.74562
0.06186
0.87678
0.17869
0.89567
0.44181
0.98773
0.47468
0.33878
0.42536
0.28423
0.18144
0.19968
0.45605
0.95021
0.46028
0.21051
0.88005
0.14574
0.97894
0.54124
0.06569
0.96381
0.85946
0.86375
0.60138
0.17044
0.89296
0.97179
0.19077
0.80665
0.93414
0.66391
0.42880
0.47276
0.45302
0.65181
0.71451
0.70847
0.26551
0.10607
0.50861
0.50632
0.27779
0.30697
0.74354
0.27358
0.78495
0.33258
0.85349
0.39565
0.58011
0.88657
0.11666
0.88418
0.86722
0.18226
0.82296
0.53043
0.88976
0.50917
0.94745
0.46888
0.73939
0.18252
0.22038
0.85754
0.46157
1.00555
0.54335
0.58350
0.82677
0.55379
0.93513
1.00459
0.17957
0.43363
0.44139
0.45666
0.60136
0.42980
0.19847
0.98027
0.57542
0.40768
0.87974
0.98679
0.19775
0.62999
0.83132
0.07789
0.07926
0.03722
0.29855
0.22169
0.17343
0.79544
0.20149
0.28028
0.54462
0.79039
1.04162
0.16858
0.70960
0.07132
0.05547
0.76625
0.15863
0.77677
0.65298
0.22593
0.79743
0.85217
0.59771
0.06217
0.71530
0.06056
0.41812
0.66302
0.70408
0.76408
0.88575
0.97944
0.25596
0.64641
0.16813
0.18655
0.31349
0.85102
0.19375
0.29154
0.20423
0.11377
0.81424
0.23351
0.87657
0.10713
0.26697
0.56405
0.19733
0.16786
0.09693
0.51150
0.91699
0.19462
0.67130
0.98842
0.42579
0.69730
0.58368
0.15428
0.07235
0.74635
0.62530
0.85545
0.63733
0.20032
-0.00181
0.45473
0.85169
0.71701
0.48104
0.66162
0.14178
0.45264
0.62368
0.07567
0.12832
0.55956
0.07994
0.43722
0.04864
0.42801
0.55902
0.12100
0.53564
0.24006
0.49560
0.44029
0.74899
0.55919
0.37577
0.57929
0.91778
0.46948
0.46510
0.57833
0.92277
0.59309
0.07068
0.70308
0.60158
0.22508
0.73987
0.82095
0.96301
0.91932
0.56856
0.18074
0.75209
0.16408
0.45091
0.36455
0.32472
0.02862
0.36158
0.08219
0.07716
0.21393
0.94122
0.53322
0.25526
0.80374
0.17776
0.03004
0.79606
0.57730
0.20111
0.82975
0.21313
0.08816
0.37400
0.57128
0.77880
0.87352
0.18684
0.08179
0.86407
0.21443
0.30822
0.58962
0.10231
0.13909
0.86000
0.72277
0.46438
0.25445
0.54374
0.43313
0.78177
0.42662
0.94126
0.40449
0.79487
0.80944
0.78700
0.24040
0.79345
0.19868
0.86475
0.46972
0.05347
0.20276
0.18890
0.84827
0.44057
0.43549
0.19483
0.29851
0.19990
0.73946
0.17191
0.92758
0.46947
0.42155
0.18817
0.46776
0.91426
0.26917
0.49872
0.40620
0.98567
0.76013
0.19269
0.98808
0.08750
0.30918
0.80140
0.84860
0.27198
0.46101
0.40152
0.87177
0.20774
0.49841
0.18399
0.50425
0.16699
0.59945
0.82459
0.17944
0.40393
0.51785
0.98916
0.29589
0.75925
0.73321
0.04766
0.56984
0.79943
0.55705
0.70889
0.20425
0.71104
0.36651
0.56508
0.24442
0.16123
0.41736
0.86968
0.20985
0.20193
0.89463
0.84389
0.46429
0.69773
0.77757
0.44327
0.89657
0.81790
0.75290
0.87109
0.44979
0.94823
0.29797
0.18878
0.06380
0.32651
0.17144
0.85855
0.55277
0.41209
0.75342
0.81227
0.79199
0.36977
0.57874
0.51907
0.16745
0.19252
0.59760
0.43299
0.81290
0.80857
0.17538
0.79626
0.23390
0.47124
0.50276
0.22319
0.22904
0.78360
0.76678
0.57267
0.09034
0.98480
0.79354
0.71698
0.06367
0.17207
0.05224
0.44902
0.86172
0.36818
0.70482
0.81707
0.99650
0.54259
0.90281
0.90415
0.92471
0.18728
0.47469
0.31257
0.97168
0.71789
0.10214
0.19330
0.22220
0.41901
0.42477
0.13878
0.08953
0.36724
0.52462
0.87573
0.08303
0.67510
0.73049
0.39751
0.85899
0.88248
0.71246
0.48250
0.38749
0.46874
0.44430
0.02800
0.18491
0.29548
0.79171
0.59532
0.17557
1.00101
0.57411
0.20024
0.21648
0.80422
0.79358
0.71552
0.76526
0.05744
0.88473
0.48706
0.60081
0.45363
0.75106
0.56515
0.91617
0.18723
0.45158
0.85316
0.23409
0.60650
0.78351
0.56236
0.26328
0.09198
0.20124
0.45391
0.58878
0.71838
0.16970
0.09800
0.76351
0.67609
0.24040
0.47026
0.72948
0.55008
0.25556
0.98719
0.04528
0.82646
0.73353
0.83118
0.84197
0.58711
0.37376
0.89723
0.40940
0.61292
0.77792
0.44648
0.49804
0.23781
0.72607
0.46847
0.98406
0.86888
0.64688
0.46318
0.44139
0.51779
0.30678
0.86603
0.75608
0.69642
0.21193
0.79654
0.77772
0.79561
0.22510
0.07967
0.17151
0.91744
0.84971
0.74424
0.82606
0.79788
0.88624
0.11460
0.20759
0.99178
0.87435
0.95180
0.43585
0.54915
0.10361
0.19876
0.39655
0.09443
0.88994
0.48410
0.22771
0.17315
0.44956
0.42066
0.59440
0.16663
0.48152
0.79059
0.67722
0.85356
0.43030
0.75531
0.42013
0.55963
0.75515
0.41712
1.00409
0.42703
0.22801
0.60254
0.03992
0.86431
0.41967
0.85823
0.19531
0.30297
0.20473
0.17605
0.09872
0.17556
0.21039
0.60617
0.90844
0.77304
0.12928
0.16621
0.20899
0.43947
0.06675
0.70754
0.70382
0.85649
0.56542
0.81240
0.21996
0.29779
0.25382
0.81333
0.59786
0.18547
0.86699
0.21869
0.17225
0.33003
0.79815
0.75799
0.94492
0.42637
0.45934
0.99147
0.84938
0.42463
0.40751
0.94899
0.59527
0.59601
0.40710
0.50821
0.83431
0.76435
0.18801
0.44238
0.79960
0.87385
0.40854
0.71609
0.96146
0.44394
0.79423
0.96832
0.90064
0.19810
0.62885
0.92012
0.11199
0.54166
0.42487
0.06852
0.14150
0.21793
0.47830
0.77815
0.76851
0.46075
0.58038
0.22757
0.34577
0.76386
0.26352
0.18850
0.82736
0.87572
0.16990
0.21592
0.88490
0.19552
0.73744
0.87911
0.76129
0.14344
0.06317
0.82622
0.90307
0.27000
0.22086
0.22471
0.07718
0.45220
0.20586
0.97352
0.36764
0.76278
0.70783
0.07037
0.75737
0.81642
0.78853
0.71790
0.97191
0.70425
0.47064
0.43093
0.96435
0.86615
0.53626
0.29104
0.26706
0.35235
0.64428
0.19812
0.71580
0.71505
0.72062
0.19221
0.98134
0.80361
0.46163
0.26307
0.94601
0.78512
0.76936
0.04824
0.44724
0.41950
0.06145
0.31270
0.28465
0.73405
0.90262
0.17642
0.39191
0.83880
0.73345
0.71291
0.63413
0.33977
0.90087
0.93784
0.21595
0.88523
0.89727
0.32208
0.16823
0.96440
0.89456
0.55442
0.97439
0.75650
0.90703
0.21266
0.73304
0.18646
0.74541
0.77640
0.42943
0.74066
0.35321
0.35300
0.46533
0.97758
0.35755
0.30505
0.28175
0.70230
0.04131
0.98227
0.73575
0.79859
0.82491
0.86946
0.77065
0.22114
0.43469
0.80381
0.18612
0.75192
0.20168
0.43915
0.94419
0.44404
0.18519
0.89321
0.90922
0.75431
0.17448
0.83788
0.75433
0.71650
0.41912
0.17345
0.18899
0.75977
0.97992
0.57486
0.86023
0.24851
0.42083
0.14546
0.75979
0.49367
0.80217
0.79627
0.72639
0.87812
0.55340
0.61302
0.86508
0.80415
0.23081
0.09799
0.50666
0.32660
0.27271
0.45678
0.66072
0.21223
0.22986
0.44333
0.46720
0.57519
0.79992
0.49262
0.53339
0.76822
0.82954
0.81380
0.64075
0.55475
0.16082
0.80244
0.47005
0.25983
0.29217
0.19383
0.17241
0.73244
0.85595
0.06082
0.78129
0.92077
0.21945
0.12900
0.23642
0.17754
1.00227
0.59918
0.27416
0.95078
0.16242
0.74254
0.12015
0.46842
0.41089
0.35359
0.86785
0.26636
0.41371
0.94942
0.98642
0.18962
0.90530
0.59029
0.17715
0.07718
0.16089
0.45640
0.95621
0.46317
0.78951
0.47903
0.77689
0.18501
0.11458
0.77667
0.11134
0.33764
0.70269
0.28350
0.16905
0.67690
0.34343
0.43931
0.49712
0.95550
0.60003
0.15366
0.83742
0.22295
0.19374
0.18319
0.78793
0.21875
0.76699
0.87138
0.37098
0.51100
0.17211
0.47929
0.87340
0.76472
0.30447
0.41486
0.80140
0.28278
0.24335
0.71111
0.24026
0.50542
0.75090
0.57961
0.48130
0.58653
0.42281
0.52244
0.73774
0.76792
0.47036
0.18647
0.07441
0.48648
0.92804
0.97160
0.44645
0.92163
0.04367
0.56027
0.56153
0.18206
0.44244
0.84852
0.05164
0.79610
0.76338
0.84153
0.70089
0.39917
0.59626
0.97830
0.76350
0.17636
0.58265
0.23676
0.78502
0.53395
0.78631
0.43991
0.73605
0.88327
0.44957
0.44946
0.27542
0.79798
0.28953
0.73741
0.87373
0.70856
0.70176
0.14484
0.60250
0.89255
0.26204
0.87200
0.59835
0.81756
0.44059
0.21618
0.74475
0.85862
0.46462
0.77959
0.20430
0.44071
0.47281
0.56729
0.27288
0.75694
0.69867
0.43425
0.95709
0.18393
0.77192
0.38019
0.95314
0.73339
0.60168
0.42773
0.82291
0.75912
0.80692
0.83121
0.81024
0.47185
0.84255
0.19431
0.09849
0.46999
0.74734
0.08930
0.38751
0.38856
0.34126
0.58611
0.82512
0.89928
0.24519
0.11774
0.44981
0.18839
0.60890
0.00115
0.78946
0.32417
0.62274
0.92392
0.30919
0.93115
0.64636
0.05547
0.65913
0.35546
0.79100
0.41850
0.44537
0.83690
0.31733
0.86488
0.48537
0.49579
0.72807
0.46787
0.98458
1.01141
0.49104
0.56001
0.27651
0.19997
0.53668
0.81628
0.94332
0.96673
0.09877
0.38079
0.22231
0.98022
0.79526
0.42047
0.60193
0.83124
0.38752
0.40719
0.72541
0.69727
0.23995
0.79553
0.20788
0.77476
0.61475
0.81292
0.77417
0.23264
0.86605
0.28499
0.41812
0.53419
0.39171
0.25324
0.25130
0.21448
0.61302
0.28517
0.60642
0.46426
0.31132
0.76403
0.19150
0.85212
0.73120
0.46151
0.60139
0.80060
0.80009
0.95740
0.20149
0.93282
0.64647
0.91830
0.41149
0.88090
0.87993
0.16529
0.46188
0.50241
0.75600
0.24436
0.18330
0.91622
0.40630
1.00802
0.41780
0.34155
0.41740
0.90068
0.99023
0.84461
0.59997
0.31161
0.24424
0.89886
0.73074
0.80763
0.47599
0.52559
0.86143
0.22404
0.74237
0.86383
0.24172
0.55482
0.24403
0.67432
0.76701
0.73987
0.85730
0.08582
0.73408
0.95321
0.88678
0.21835
0.41887
0.98342
0.10918
0.18814
0.70386
0.41187
0.82158
0.81021
0.23572
0.78389
0.09088
0.26716
0.44052
0.47047
0.07673
0.70810
0.99432
0.52091
0.23346
0.41995
0.90333
0.11662
0.17879
0.72096
0.32582
0.75783
0.60055
0.21075
0.36540
0.22115
0.78020
0.44706
0.51221
0.72094
0.98915
0.20561
0.83586
0.59644
0.07910
0.88562
0.77877
0.13943
0.71045
0.52456
0.98224
0.40173
0.70412
0.47833
0.20090
0.43737
0.04145
0.87495
0.42852
0.54959
0.99449
0.41202
0.97274
0.84493
0.49544
0.72871
0.76957
0.46533
0.55292
0.18780
0.96331
0.47671
0.71450
0.98353
0.28445
0.42378
0.10053
0.14404
0.88295
0.54966
0.73950
0.24389
0.42887
0.29352
0.24375
0.34140
0.59260
0.56315
0.20906
0.86625
0.89607
0.46670
0.49331
0.17076
0.46623
0.96187
0.04414
0.40573
0.81698
0.87530
0.18400
0.70261
0.55165
0.85503
0.14810
0.76851
0.40198
0.70744
0.86269
0.26629
0.28240
0.18686
0.23245
0.50096
0.27253
0.56083
0.70080
0.75087
0.22958
0.82373
0.80407
0.72899
0.45429
0.56714
0.09162
0.48093
0.42466
0.86235
0.07160
0.85045
0.54621
0.38700
0.62064
0.23316
0.81162
0.86659
0.24048
0.71309
0.90486
0.47858
0.89176
0.77227
0.77702
0.51113
0.19230
0.78858
0.55337
0.09426
0.72845
0.39255
0.20525
0.18071
0.78136
0.47733
0.38583
0.15078
0.16828
0.77295
0.55419
0.46251
0.23041
0.59745
0.79518
0.17944
0.18093
0.17860
0.63362
0.30130
0.47255
0.60178
0.17236
0.75530
0.05604
0.07067
0.76552
0.76501
0.92965
0.73998
0.71513
0.83660
0.97774
0.55236
0.61075
0.84156
0.94306
0.21800
0.67772
0.26658
0.84232
0.06482
0.77222
0.58204
0.76480
0.11472
0.84553
0.71343
0.64788
0.51142
0.76690
0.95550
0.98676
0.93573
0.47677
0.59151
0.94413
0.44160
0.57726
0.61365
0.82915
0.93126
0.16667
0.73529
0.40937
0.89076
0.86035
0.19979
0.27567
0.51391
0.46813
0.21023
0.83443
0.97359
0.81340
0.34404
0.20466
0.40775
0.38392
0.84897
0.85105
0.96253
0.42767
0.43863
0.62618
0.70083
0.19385
0.84599
0.28914
0.80968
0.70350
0.13044
0.20595
0.36993
0.51880
0.50930
0.39084
0.66468
0.73145
0.05791
0.59226
0.95177
0.24353
0.57637
0.80304
0.96553
0.03689
0.85629
0.42179
0.10781
0.79368
0.72394
0.16936
0.36348
0.22633
0.24696
0.81753
0.17482
0.03199
0.45482
0.26467
0.55657
0.71124
0.42392
0.44236
0.73098
0.66534
0.85066
0.24711
0.79287
0.86549
0.33033
0.72577
0.41293
0.86168
0.58997
0.46548
0.45059
0.21516
0.15966
0.19837
0.40795
0.40881
0.91245
0.69660
0.30100
0.32291
0.08187
0.85072
0.82881
0.59995
0.16209
0.86286
0.84354
0.28889
0.80237
0.75895
0.12491
0.06129
0.14077
0.19038
0.21667
0.18183
0.99607
0.83509
0.43997
0.08714
0.29962
0.45309
0.97498
0.72077
0.02341
0.03134
0.10578
0.20828
0.95665
0.21327
0.73650
0.26140
0.37666
0.70836
0.40973
0.22095
0.19551
0.11450
0.74161
0.15534
0.10435
0.59789
0.98636
0.32345
0.43270
0.20292
0.21877
0.08925
0.25679
0.06843
0.94090
0.41993
0.70045
0.32407
0.73673
0.89931
0.84900
0.96449
0.48927
0.22865
0.75585
0.82165
0.16470
0.66612
0.73324
0.29700
0.71598
0.98238
0.44922
0.40128
0.28935
0.36898
0.96654
0.94905
0.26239
0.40432
0.12456
0.36702
0.20113
0.74298
0.62942
0.23521
0.30994
0.56278
0.48073
0.21492
0.25740
0.44457
0.06540
0.67217
0.53038
0.44082
0.86244
0.41264
0.87752
0.90839
0.75244
0.15797
0.77811
0.55038
0.25964
0.73811
0.55495
0.44724
0.79494
0.90969
0.79506
0.75718
0.16699
0.60985
0.93437
0.39549
0.86925
0.13539
0.08947
0.38505
0.80315
0.93274
0.73423
0.84996
0.72171
0.08287
0.79703
0.45899
1.00672
0.18221
0.43209
0.00470
0.14493
0.95612
0.29288
0.93454
0.98301
0.60784
0.87116
0.23595
0.85175
0.90162
0.76491
0.38990
0.19725
0.87914
0.39340
0.83678
0.87241
0.58774
0.82026
0.19771
0.11103
0.20869
0.07475
0.63859
0.02427
0.97532
0.42451
0.74823
0.99016
0.61289
0.91786
0.84988
0.34493
0.29253
0.30470
0.24026
0.97196
0.83415
0.65384
0.45876
0.22141
0.72486
0.44327
0.25628
0.23851
0.24540
0.72975
0.70522
0.48489
0.58434
0.98322
0.23513
0.30353
0.84366
0.85207
0.77510
0.21194
0.59462
0.37354
0.73594
0.61443
0.86982
0.42162
0.94090
0.22690
0.59471
0.84732
0.15789
0.85848
0.48182
0.05847
0.55270
0.97718
0.22690
0.47394
0.27511
0.32595
0.15617
0.49126
0.59155
0.32459
0.19372
0.40964
0.86076
0.84504
0.86448
0.12417
0.22840
0.34227
0.71653
0.96430
0.54108
0.36770
0.25060
0.60331
0.32117
0.24219
0.79365
0.04413
0.48648
0.56685
0.72996
0.33349
0.87481
0.16252
0.81630
0.18919
0.76940
0.76243
0.82004
0.17756
0.92776
0.22840
0.34307
0.53634
0.24811
0.74152
0.89040
0.44461
0.96035
0.53079
0.42471
0.83917
0.21516
0.70721
0.18335
0.11518
0.47260
0.46177
0.14377
0.93364
0.76471
0.54213
0.41598
0.80093
0.84105
0.77497
0.72991
0.39464
0.40352
0.70178
0.86021
0.94871
0.76555
0.43939
0.98444
0.39894
0.15982
0.49268
0.20288
0.78222
0.44777
0.47079
0.43256
0.46242
0.41464
0.28103
0.71830
0.56626
0.95074
0.18663
0.59687
0.78776
0.22775
0.20699
0.46990
0.90580
0.16306
0.27568
0.89811
0.42286
0.84867
0.45756
0.18826
0.66828
0.78379
0.85984
0.96465
0.53714
0.59035
0.43337
0.16989
0.14536
0.48425
0.94447
0.40332
0.20835
0.98975
0.72724
0.29423
0.14579
0.72865
0.72943
0.49523
0.79778
0.19195
0.19240
0.47096
1.03117
0.24946
0.44316
0.78646
0.21354
0.99465
0.96371
0.89233
0.74019
0.80842
0.59608
0.10464
0.75050
0.96799
0.85971
0.26982
0.28240
0.95558
0.06482
0.83674
0.05670
0.88756
0.49562
0.76425
0.79710
0.40276
0.84501
0.11676
0.10739
0.34408
0.99582
0.23372
0.76430
0.41903
0.51916
0.89853
0.44272
0.70294
0.05692
0.54157
0.87141
0.87788
0.97751
0.80556
0.75098
0.82152
0.14397
0.19051
0.21210
0.21613
0.91804
0.64946
0.21883
0.17636
0.72631
0.55693
0.98570
0.42468
0.38783
0.15592
0.17445
0.22013
0.76747
0.06806
0.90907
0.65908
0.28287
0.42053
0.78155
0.89946
0.39998
0.45724
0.92712
0.26680
0.74178
0.46009
0.08660
0.86444
0.78700
0.25616
0.14121
0.71099
0.61199
0.20922
0.81269
0.08690
0.81178
0.44991
0.21016
0.04453
0.76842
0.74983
0.21557
0.78476
0.55322
0.04036
0.81574
0.75665
0.85218
0.75896
0.57148
0.74353
0.97952
0.22346
0.72940
0.78576
0.79842
0.39840
0.97631
0.37999
0.10105
0.80213
0.85106
0.13433
0.93604
0.97174
0.23878
0.44473
0.60095
0.18092
0.43117
0.38892
0.18514
0.27243
0.78396
0.26672
0.45501
0.30344
0.70935
0.79341
0.60909
0.39056
0.49291
0.76854
0.08366
0.58428
0.32319
0.04071
0.91018
0.75509
0.76286
0.18127
0.58760
0.71632
0.54893
0.54916
0.47380
0.97913
0.47145
0.40861
0.04545
0.41640
0.15969
0.19945
0.86416
0.64789
0.56966
0.87191
0.05947
0.52288
0.33575
0.86294
0.68138
0.75142
0.52169
0.57693
0.40542
0.20861
0.48636
0.83858
0.21328
0.48781
0.78618
0.07181
0.45390
0.80711
0.00241
0.91045
0.80494
0.74952
0.18482
0.61049
0.20070
0.69836
0.75333
0.56218
0.23502
0.38410
0.99646
0.45678
0.81836
0.21604
1.00402
0.79770
0.12431
0.90818
0.67240
0.80459
0.78196
0.45104
0.41236
0.18412
0.92116
0.43347
0.23423
0.20687
0.08221
0.77076
0.50448
0.72071
0.78100
0.23875
0.16908
0.56488
0.76195
0.02371
0.83705
0.23216
0.20195
0.80673
0.18388
0.96962
0.43378
0.12044
0.91525
0.45308
0.85078
0.60650
0.21541
0.46541
0.39620
0.96899
0.78289
0.77708
0.69829
0.43686
0.41326
0.77419
0.05537
0.11167
0.28523
0.72096
0.04116
0.65316
0.89177
0.43790
0.69963
0.39174
0.67354
0.70188
0.43703
0.80362
0.79923
0.41649
0.72933
0.79390
0.17575
0.83573
0.59615
0.97000
0.87097
0.83960
0.34389
0.74678
0.78505
0.39892
0.56916
0.17979
0.75638
0.87558
0.24039
0.77967
0.58561
0.57696
0.42761
0.88796
0.86570
1.00179
0.54242
0.96422
0.05418
0.21194
0.57647
0.23517
0.63079
0.42400
0.88358
0.89636
0.71621
0.91344
0.43131
0.31057
0.55993
0.15207
0.20811
0.80321
0.43883
0.77832
0.29505
0.32254
0.21426
0.44268
0.34576
0.88976
0.27826
0.44275
0.58132
0.46551
0.29728
0.53322
0.48395
0.18898
0.20743
0.43141
1.00863
0.47478
0.69913
0.31483
0.58714
0.43568
0.58635
0.89835
0.04584
0.27797
0.06832
0.60514
0.90713
0.91682
0.59114
0.46211
0.24617
0.25819
0.62663
0.64561
0.51769
0.73919
0.15993
0.87007
0.59096
0.30150
0.28259
0.42536
0.42864
0.46897
0.04813
0.47136
0.37721
0.21864
0.30454
0.97170
0.98748
0.92842
0.10771
0.84748
0.82857
0.67490
0.80908
0.48658
0.57339
0.17821
1.02053
0.98188
0.41973
0.23733
0.18057
0.58629
0.91279
0.46862
0.23494
0.24174
0.23138
0.73780
0.94147
0.27244
0.98827
0.72352
0.40676
0.63504
0.15671
0.41589
0.83079
0.74918
1.01225
0.23992
0.18746
0.58614
0.06135
0.29992
0.17180
0.40280
0.72940
0.58642
0.27179
0.18999
0.76920
0.93806
0.40323
1.02444
0.88222
0.75795
0.74867
0.15093
0.18387
0.19821
0.42180
0.68322
0.81355
0.35266
0.04844
0.29593
0.73401
0.40901
0.33160
0.92597
0.77812
0.41443
0.18888
0.41770
0.23868
0.19223
0.44184
0.70808
0.17812
0.19604
0.17622
0.20459
0.28718
0.85228
0.04935
0.57514
0.98365
0.39264
0.54212
0.07889
0.82525
0.47977
0.46088
0.10981
0.53659
0.05134
0.78970
0.42568
0.84973
0.70553
0.94199
0.29503
0.94072
0.85111
0.72162
0.18734
0.87946
0.38576
0.79728
0.91172
0.72300
0.13610
0.48439
0.01480
0.86555
0.76633
0.59310
0.42061
0.81518
0.89137
0.42990
0.99030
0.38722
0.42617
0.21494
0.58650
0.49535
0.79966
0.80016
0.19833
0.15354
0.75708
0.60460
0.79685
0.41771
0.96864
0.85560
0.47140
0.87541
0.17062
0.71556
0.46130
0.95664
0.80815
0.71783
0.09442
0.57030
0.60496
0.14565
0.27067
0.06131
0.56308
0.55526
0.93031
0.84509
0.81747
0.83212
0.82460
0.59327
0.87693
0.92897
0.97429
0.22908
0.70797
0.76145
0.19703
0.52788
0.18842
0.73147
0.91664
0.44877
0.87895
0.62842
0.71621
0.56381
0.75090
0.93181
0.05778
0.40837
0.77862
0.75182
0.16203
0.85119
0.28264
0.19762
0.14735
0.97500
0.81096
0.96648
0.53252
0.67216
0.38671
0.20942
0.79227
0.76098
0.84689
0.32004
0.13633
0.28192
0.74797
0.23281
0.51716
0.76164
0.80384
0.56622
0.36554
0.03351
0.32234
0.18550
0.19449
0.18533
0.16360
0.34181
0.84246
0.18764
0.04828
0.70573
0.51783
0.73065
0.43297
0.06577
0.85537
0.41517
0.83864
0.20250
0.46409
0.20603
0.33678
0.86586
0.64493
0.16468
0.47683
0.93038
0.18565
0.23708
0.62856
0.23957
0.57070
0.45632
0.41940
0.59841
0.78331
0.78759
0.96766
0.43757
0.84861
0.33036
0.77717
0.41723
0.49859
0.71302
0.77575
0.37997
0.77855
0.18260
0.80055
0.17764
0.55597
0.74724
0.59672
0.30004
0.32556
0.74830
0.58382
0.38719
0.79131
0.54329
0.03513
0.94499
0.07635
0.77535
0.42353
0.16740
0.86526
0.90154
0.16830
0.92301
0.84010
0.27464
0.64931
0.60015
0.75781
0.36064
0.98084
0.46162
0.81493
0.23143
0.29161
0.90846
0.02112
0.48500
0.25430
0.50073
0.26202
0.42311
0.42605
0.80951
0.23490
0.66616
0.75987
0.88539
0.18778
0.09502
0.41746
0.45934
0.72144
0.77414
0.47345
0.48050
0.87574
0.47245
0.79560
0.56094
0.19356
0.42226
0.85521
0.68261
0.21415
0.42518
0.09246
0.17066
0.21227
0.73576
0.42166
0.05968
0.40567
0.45332
0.96844
0.47561
0.47903
0.80391
0.57777
0.05988
0.56830
0.07916
0.59859
0.77500
0.72412
0.67833
0.26630
0.41516
0.16473
0.50805
0.19993
0.49982
0.17726
0.77958
0.43378
0.72890
0.71707
0.46938
0.54544
0.91863
0.76058
0.33587
0.23978
0.06425
0.91377
0.51201
0.46742
0.21438
0.28366
0.20712
0.35142
0.38447
0.17535
0.87241
0.30877
0.86394
0.66684
0.46558
0.97382
0.43647
0.59234
0.25936
0.19700
0.57631
0.09311
0.60607
0.37043
0.18580
0.17320
1.00334
0.42590
0.73402
0.44584
0.16750
0.39669
0.57089
0.87431
0.21663
0.79182
0.31265
0.50946
0.65312
0.08858
0.83260
0.59050
0.53613
0.45668
0.85546
0.97475
0.18325
0.47900
0.46098
0.85123
0.80015
0.49463
0.53456
0.73812
0.26851
0.98140
0.45238
0.76772
0.88228
0.68579
0.65507
0.80204
0.40254
0.76368
0.23139
0.22577
0.57634
0.95690
0.43016
0.79444
0.84120
0.58857
0.97654
0.82444
0.77725
0.02941
0.26706
0.19196
0.78524
0.41996
0.50368
0.76468
0.98244
0.88273
0.76540
0.70017
0.80832
0.98504
0.73239
0.24405
0.34362
0.99642
0.19582
0.33316
0.79820
-0.01737
0.58295
0.30875
0.48530
0.44935
1.00086
0.01681
0.16013
0.77660
0.55058
0.44786
0.42173
0.73838
0.84192
0.80412
0.76294
0.42485
0.86519
0.07764
0.58120
0.82960
0.47094
0.06144
0.17718
0.18584
0.71349
0.21019
0.56827
0.44093
0.86676
0.38664
0.17830
0.45352
0.18858
0.61506
0.71681
0.09218
0.42936
0.24508
0.76345
0.59376
0.74388
0.22439
0.54624
0.14649
0.85692
0.85658
0.87623
0.99676
0.59836
0.10809
0.75879
0.92217
0.48058
0.55212
0.85415
0.45365
0.42494
0.56292
0.41403
0.37745
0.47598
0.59987
0.40899
0.64507
0.42644
0.24570
0.97634
0.45881
0.84253
0.86033
0.18675
0.86151
0.20620
0.16364
0.83706
0.82609
0.18777
0.86789
0.81387
0.37454
0.22141
0.96052
0.19999
0.21843
0.77897
0.56945
0.77455
0.84055
0.77288
0.03309
0.93580
0.18852
0.58725
0.77280
0.86792
0.61563
0.18896
0.60410
0.55062
0.25137
0.21442
0.20387
0.77765
0.50641
0.81159
0.17999
0.87050
0.20341
0.05511
0.33744
0.29493
0.36868
0.74332
0.76048
0.21915
0.19202
0.42136
0.78035
0.75817
0.55661
0.88051
0.48040
0.74649
0.18325
0.75435
0.56751
0.45802
0.25324
0.46210
0.42758
0.16723
0.85003
0.61122
0.78946
0.14816
0.77841
0.79730
0.30013
0.46258
0.06375
0.86062
0.72309
0.15273
0.36489
0.78861
0.62254
0.72242
0.96663
0.45338
0.22248
0.23770
0.70090
0.02457
0.51860
0.70560
0.49257
0.47419
0.81132
0.41960
0.19844
0.85091
0.78864
0.88849
0.84606
0.41100
0.26620
0.27477
0.71557
0.23261
0.44134
0.41649
0.23102
0.18246
0.07700
0.99657
0.69848
0.20395
0.80681
0.42096
0.56911
0.14683
0.26166
0.39330
0.73575
0.97062
0.65766
0.86177
0.90289
0.72995
0.51986
0.69662
0.96570
0.27411
0.70902
0.77530
0.67861
0.18826
0.43347
0.14010
0.24975
0.21440
0.21242
0.99324
0.42816
0.71213
0.09154
0.92609
0.61176
0.98418
0.73822
0.88878
0.20012
0.97520
0.37765
0.09989
0.26363
0.46134
0.67809
0.79560
0.51349
0.60230
0.17503
0.61495
0.02761
0.87594
0.95415
0.30251
0.75679
0.06044
0.78418
0.09404
0.42207
0.25809
0.79073
0.07776
0.79816
0.45237
0.98240
0.59267
0.93601
0.86792
0.78930
0.46474
0.20641
0.29279
0.15753
0.39593
0.58278
0.76316
0.56284
0.06694
0.45767
0.21830
0.83558
0.98372
0.26872
0.93318
0.59446
0.23948
0.30908
0.89113
0.74817
0.27852
0.37802
0.59130
0.86811
0.72564
0.79121
0.56171
0.43323
0.82905
0.25934
0.58499
0.91636
0.46217
0.62648
0.92056
0.56297
0.04820
0.78370
0.77390
0.25352
0.20214
0.18261
0.47776
0.85386
0.38135
0.92284
0.29537
0.44713
0.73983
0.06647
0.39262
0.93922
0.24716
0.50854
0.84438
0.11830
0.79819
0.24653
0.21783
0.94509
0.07503
0.05572
0.52747
0.91665
0.88379
0.18951
0.33560
0.39601
0.68578
0.84756
0.28063
0.96699
0.65497
0.15903
0.07775
0.40319
0.94799
0.92983
0.72079
0.63043
0.48051
0.89229
0.84665
0.53963
0.29935
0.50795
0.55718
0.25210
0.55334
0.24902
0.09699
0.46909
0.80086
0.08908
0.76942
0.79618
0.75230
0.91213
0.76840
0.34429
0.32530
0.60519
0.85821
0.27615
0.53460
0.21920
0.27197
0.36291
0.19930
0.33497
0.48084
0.72371
0.37541
0.67519
0.47022
0.73415
0.58596
0.86708
0.83747
0.51679
0.29677
0.32101
0.85957
0.77145
0.90015
0.18774
0.50894
0.23305
0.43188
0.16296
0.78651
0.21209
0.74107
0.36005
0.45245
0.26830
0.25404
0.75334
0.44527
0.85170
0.05702
0.42963
0.49741
0.86756
0.52352
0.98051
0.50040
0.96553
0.54318
0.12049
0.48299
0.38595
0.41410
0.78976
0.49713
0.63168
0.80304
0.96841
0.79674
0.90500
0.94198
0.19153
0.91776
0.15820
0.23592
0.21231
0.37199
0.70496
0.90213
0.49482
0.88619
0.22599
0.20409
0.09755
0.69986
0.17554
0.28561
0.48541
0.16760
0.48132
0.42512
0.73939
0.19519
0.47887
0.21148
0.77607
0.95851
0.21885
0.67624
0.57942
0.19236
0.97844
0.45812
0.90476
0.98448
0.72260
0.07204
0.67986
0.25792
0.17712
0.98410
0.28033
0.29710
0.14676
0.29266
0.72285
0.72071
0.05216
0.40043
0.90541
0.48285
0.76526
0.42532
0.97784
0.70804
0.66178
0.94738
0.54988
0.63542
0.71557
0.87336
0.96517
0.14738
0.53115
0.55478
0.67863
0.90245
0.94068
0.03007
0.81285
0.24456
0.46792
0.44423
0.84786
0.19165
0.45248
0.27583
0.05104
0.23388
0.73648
0.79296
0.84135
0.52885
0.09272
0.80086
0.83789
0.54890
0.18210
0.21711
0.39988
0.24617
0.22086
0.47062
0.22086
0.25240
0.75319
0.54274
0.56375
0.85461
0.92529
0.98071
0.36157
0.80166
0.68356
0.22034
0.48185
0.86984
0.14672
0.57769
0.02864
0.86765
0.34736
0.46622
0.52784
0.31088
0.81795
0.65787
0.57898
0.15375
0.42168
0.58523
0.53015
0.85944
0.16202
0.44828
0.53604
0.44094
0.84246
0.59679
0.32795
0.78346
0.95871
0.60446
0.22368
0.18579
0.93194
0.76118
0.84007
0.10018
0.11665
0.59003
0.87669
0.35866
0.53527
0.22625
0.17647
0.75850
0.52937
0.99690
0.92505
0.21714
0.28644
0.82446
0.35707
0.72591
0.12851
0.71574
0.97825
0.75679
0.01405
0.29671
0.27221
0.22698
0.86410
0.19196
0.46392
0.03357
0.86893
0.45715
0.97191
0.21652
0.39169
0.43641
0.81173
0.94525
0.73176
0.17933
0.21653
0.17018
0.39049
0.42246
0.74077
0.60979
0.53839
0.74106
0.18197
0.92410
0.84065
0.90845
0.17639
0.03035
0.43936
0.41155
0.23610
0.17267
0.16711
0.74726
0.48420
0.75216
0.09740
0.43104
0.19250
0.71988
0.03575
0.77738
0.78820
0.71361
0.21052
0.82966
0.23702
0.44266
0.39161
0.66677
0.43552
0.41925
0.49294
0.94930
0.68081
0.77536
0.07684
0.07959
0.03688
0.76376
0.35754
0.32341
0.76754
0.49449
0.83411
0.54362
0.19644
0.43565
0.56020
0.29577
0.27890
0.76536
0.41847
0.40702
0.92431
0.98712
0.82466
0.77849
0.60209
0.03265
0.42757
0.91391
0.24056
0.80307
0.27844
0.79581
0.58262
0.06305
0.79419
0.19116
0.79308
0.53355
0.94311
0.95430
0.96672
0.83019
0.78632
0.22889
0.81453
1.01265
0.63486
0.47633
0.78708
0.97063
0.14883
0.56288
0.21423
0.23278
0.10371
0.21941
0.92202
0.45338
0.47869
0.78829
0.64687
0.11546
0.32431
0.27814
0.71638
0.08539
0.32910
0.45823
0.44885
0.16153
0.65648
0.56740
0.76418
0.28682
0.93623
0.20235
0.99410
0.77305
0.46720
0.98628
0.09149
0.98440
0.77468
0.41271
0.89547
0.43613
0.56441
0.16523
0.80704
0.55530
0.23816
0.62415
0.26142
0.22395
0.75590
0.23129
0.74770
0.53248
0.21388
0.57489
0.46871
0.29024
0.72127
0.47048
0.87930
0.18500
0.42638
0.34177
0.97181
0.99196
0.64298
0.97577
0.29006
0.54943
0.48237
0.62232
0.78257
0.19801
0.20746
0.98735
0.98645
0.75489
0.99484
0.46991
0.36846
0.24772
0.76652
0.85870
0.28973
0.19105
0.20779
0.73842
0.23054
0.76845
0.81278
0.73064
0.48448
0.40246
0.22281
0.74614
0.71714
0.72675
0.40247
0.91385
0.48221
0.96880
0.95398
0.19700
0.75717
0.76213
0.89659
0.41801
0.18123
0.95970
0.61677
0.70248
0.34795
0.97374
0.50848
0.53790
0.13896
0.97921
0.71161
0.17101
0.19368
0.82177
0.71788
0.62220
0.95116
0.78152
0.75643
0.12277
0.12385
0.46459
0.87387
0.96981
0.67388
0.46766
0.95276
0.76116
0.81981
0.71691
0.42693
0.97670
0.22762
0.80354
0.18739
0.40429
0.97736
0.43411
0.77996
0.01712
0.77350
0.72065
0.76291
0.44296
0.21818
0.95048
0.07644
0.96196
0.28724
0.84340
0.05192
0.86986
0.22032
0.21213
0.86057
0.26389
0.40016
0.26089
0.25814
0.25544
0.65657
0.57755
0.08903
0.89608
0.23126
0.79951
0.17389
0.59272
0.31061
0.48402
0.79615
0.76430
0.34181
0.96442
0.17804
0.30235
0.45069
0.39972
0.95876
0.76109
0.77072
0.84943
0.09410
0.23894
0.37416
0.77350
0.41406
0.21143
0.72662
0.75467
0.43823
0.80457
0.16058
0.46869
0.30933
0.52627
0.83126
0.45014
0.93023
0.27530
0.97117
0.91299
0.78020
0.87249
0.22757
0.85049
0.46201
0.19423
0.19203
0.22527
0.03158
0.05356
0.53655
0.53461
0.09839
0.19135
0.18218
0.99656
0.57918
0.39476
0.77269
0.48119
0.10460
0.76498
0.88260
0.73082
0.39442
0.96491
0.22004
0.17343
0.34219
0.11714
0.43896
0.18562
0.46232
0.73748
0.87118
0.78063
0.47464
0.07904
0.79165
0.07967
0.47541
0.14002
0.91343
0.49924
0.94980
0.25040
0.82112
0.93176
0.17639
0.98711
0.43492
0.55168
0.54300
0.46282
0.12304
0.59393
0.77668
0.19600
0.47694
0.39394
0.43580
0.19195
0.46589
0.58452
0.22519
0.77949
0.80143
0.44968
0.23191
0.27562
0.27792
0.67365
0.86663
0.91811
0.87738
0.19011
0.72223
0.86771
0.80479
0.97020
0.14474
0.78634
0.85594
0.41245
0.88856
0.58960
0.95638
0.31278
0.18888
0.63883
0.20058
0.93574
0.80632
0.22000
0.89377
0.79233
0.03894
0.18397
0.78808
0.46977
0.47223
0.23811
0.87417
0.70991
0.72596
0.45269
0.14981
0.76180
0.70570
0.03854
0.18751
0.45166
0.24906
0.20256
0.30862
0.77890
0.64635
0.18901
0.33319
0.29182
0.76496
0.23528
0.28198
0.80225
0.05806
0.27797
0.29409
0.36689
0.49773
0.18899
0.76512
0.74072
0.46488
0.13050
0.16946
0.60163
0.32109
0.83825
0.44529
0.44014
0.80828
0.37326
0.99278
0.75704
0.49891
0.26919
0.06720
0.98330
0.14499
0.87167
0.17124
0.28954
0.78392
0.54482
0.62865
0.74158
0.52462
0.76222
0.87665
0.52016
0.18742
0.44733
0.48659
0.85891
0.74419
0.34707
0.35861
0.74567
0.21000
0.77043
0.94623
0.21139
0.79166
0.81247
0.97972
0.56239
0.81896
0.23415
0.04173
0.35180
0.49710
0.78522
0.11169
0.99546
0.42135
0.34318
0.78003
0.04535
0.78261
0.75810
0.24119
0.87069
0.86616
0.08819
0.30262
0.84890
0.72480
0.09000
0.78718
0.10595
0.51474
0.20573
0.70013
1.00210
0.84023
0.21996
0.73255
0.70102
0.58250
0.83793
0.59962
0.24065
0.39856
0.60946
0.18220
0.42217
0.88531
0.16754
0.73044
0.42727
0.48329
0.39807
0.44684
0.26826
0.40348
0.47043
0.46282
0.42329
0.96277
0.67538
0.73110
0.84791
0.65790
0.22229
0.69443
0.23273
0.76754
0.31632
0.70181
0.79325
0.91763
0.80022
0.99149
0.48095
0.40175
0.37467
0.40966
0.74376
0.45324
0.44669
0.48313
0.60349
0.90361
0.84082
0.29265
0.87308
0.48408
0.17750
0.46813
0.21453
0.15128
0.69212
0.49427
0.09867
0.86655
0.97442
0.77374
0.35296
0.20359
0.91592
0.23101
0.08281
0.85657
0.77967
0.61017
0.43495
0.41957
0.20540
0.41319
0.99780
0.08932
0.56584
0.82009
0.02544
0.79928
0.46149
0.47202
0.91048
0.74336
0.91406
0.44094
0.54983
0.37779
0.26492
0.19532
0.90178
0.38963
0.22329
0.37639
0.43594
0.16530
0.77722
0.21144
0.24491
0.45096
0.98818
0.80384
0.55350
0.17948
0.31434
0.47438
0.80473
0.76239
0.52865
0.57069
0.86601
0.72494
0.18483
0.38546
0.77381
0.85178
0.74946
0.76907
0.89482
0.60146
0.45793
0.12947
0.85008
0.96165
0.52171
0.18969
0.20125
0.73110
0.38651
0.44239
0.89690
0.78326
0.58311
0.46752
0.81632
0.02265
0.40584
0.06435
0.97109
0.95392
0.62927
0.44403
0.23958
0.60390
0.70644
0.22459
0.08678
0.70655
0.22618
0.87917
0.05849
0.03519
0.10121
0.20948
0.84229
0.36899
0.41437
0.89623
0.75755
0.34877
0.51819
0.60638
0.85429
0.90730
0.92805
0.10356
0.07443
0.86914
0.60659
0.11444
0.49416
0.33551
0.16115
0.73187
0.76864
0.00106
0.16238
0.69728
0.86205
0.02123
0.22686
0.16608
0.18445
0.82835
0.22546
0.69152
0.16378
0.88260
0.75394
0.16894
0.77569
0.45243
0.20356
0.99822
0.49326
0.69742
0.39005
0.75833
0.19787
0.44324
0.76260
0.77121
0.94402
0.43971
1.00260
0.76006
0.27842
0.42653
0.76680
0.45458
0.42875
0.04103
0.87100
0.40158
0.08492
0.91056
0.13104
0.56098
0.69767
0.47624
0.24224
0.86028
0.04845
0.59243
0.05622
0.07013
0.21456
0.60895
0.85348
0.54909
0.47536
0.07358
0.37554
0.15944
0.73532
0.93861
0.44432
0.81473
0.21071
0.45797
0.86268
0.23635
0.21247
0.24055
0.89631
0.54376
0.21186
0.80745
0.87625
0.38454
0.46141
0.51658
0.87565
0.36438
0.72778
0.05431
0.60949
0.44538
0.17465
0.60177
0.24652
0.43728
0.20226
0.43696
0.38780
0.59322
0.21673
0.56819
0.24069
0.60089
0.27522
0.46962
0.59956
0.88382
0.91772
0.79190
0.03117
0.85495
0.88657
0.82707
0.43015
0.55193
0.45129
0.89888
0.80247
0.69347
0.46477
0.19204
0.75881
0.61296
0.78971
0.35370
0.91592
0.17875
0.82908
0.90022
0.15752
0.39983
0.19304
0.80456
0.23960
0.86655
0.47997
0.08645
0.10692
0.84660
0.77790
0.96945
0.70468
0.28197
0.32164
1.00382
0.43679
0.95815
0.81068
0.18957
0.18312
0.90608
0.52235
0.20322
0.57424
0.17545
0.55661
0.57202
0.95963
0.85952
0.48906
0.23964
1.01586
0.17967
0.16479
0.81943
0.74366
0.19356
0.74055
0.75171
0.43105
0.47312
0.20887
0.04528
0.96118
0.30469
0.86651
0.92737
0.78392
0.77795
0.60446
0.73321
0.20101
0.74424
0.21506
0.30462
0.24816
0.21314
0.41948
0.06757
0.85921
0.44324
0.31631
0.34273
0.30000
0.96873
0.67004
0.90519
0.19404
0.11203
0.25601
0.67984
0.17249
0.49329
0.76512
0.95425
0.89190
0.39319
0.60110
0.28098
0.23926
0.24221
0.24729
0.14536
0.08278
0.74753
0.68705
0.06792
0.18517
0.55239
0.75793
0.65860
0.78737
0.18072
0.19078
0.17744
0.60466
0.86792
0.24338
0.45806
0.72603
0.98690
0.42965
0.72429
0.79811
0.82478
0.86534
0.88490
0.44358
0.71692
0.08166
0.43736
0.77337
0.46820
0.57509
0.73944
0.28059
0.60866
0.23026
0.46263
0.80595
0.26091
0.44222
0.07870
0.76523
0.98743
0.58780
0.18200
0.09287
0.51341
0.20428
0.10986
0.58303
0.22343
0.72306
0.44323
0.97009
0.20398
0.29195
0.33856
0.70762
0.92314
0.98142
0.04025
0.24502
0.89325
0.57054
0.20318
0.44390
0.24131
0.04990
0.88682
0.58740
0.16377
0.60113
0.73897
0.78922
0.18704
0.74927
0.04220
0.71568
0.81931
0.82505
0.59397
0.54923
0.70680
0.84093
0.23367
0.46305
0.73042
0.41696
0.47620
0.99226
0.61372
0.19245
0.76317
0.64903
0.56571
0.37208
0.81293
0.48744
0.48926
0.22228
0.39162
0.59574
0.03418
0.29774
0.49390
0.39110
0.51738
0.20371
0.81791
0.67769
0.96529
0.13608
0.91720
0.09836
0.78276
0.27679
0.15194
0.85071
0.74596
0.77839
0.07462
0.47593
0.23412
0.33741
0.80760
0.40783
0.16534
0.83025
0.70740
0.43110
0.04038
0.99049
0.46347
0.21994
0.71179
0.67887
0.42101
0.45048
0.64771
0.46260
0.72845
0.89033
0.87357
0.10177
0.64158
0.88157
0.43028
0.91085
0.46213
0.05741
0.90026
0.57176
0.22432
0.05382
0.47568
0.20372
0.82294
0.28071
0.03712
0.51462
0.47155
0.88514
0.28716
0.59232
0.78982
0.38119
0.06170
0.67342
0.71758
0.20800
0.58293
0.08693
0.10277
0.92737
0.21969
0.76069
0.78016
0.93512
0.42490
0.44661
0.17987
0.81043
0.50969
0.25609
0.74156
0.06044
0.38843
0.46989
0.43106
0.72660
0.74161
0.45572
0.85811
0.65711
0.22437
0.17845
0.38008
0.42809
0.76954
0.07801
0.87518
0.51482
0.96730
0.99274
0.75077
0.20069
0.88448
0.59824
0.41600
0.73035
0.93563
0.25097
0.42441
0.73279
0.84635
0.32387
0.30984
0.47864
0.87540
0.89168
0.72224
0.78392
0.93779
0.34876
0.28553
0.22349
0.89159
0.05008
0.47553
0.62084
0.48900
0.79793
0.15969
0.42141
0.19597
0.57219
0.44202
0.86194
0.24211
0.25658
0.21668
0.85150
0.81851
0.57653
0.24643
0.55598
0.58702
0.96986
0.47668
0.91123
0.95709
0.07497
0.89354
0.76183
0.09926
0.17134
0.92450
0.60736
0.45557
0.87038
0.46735
0.96980
0.25589
0.61145
0.22838
0.20899
0.85555
0.19321
0.23741
0.73178
0.17984
0.47143
0.77187
0.92696
0.93374
0.59217
0.55987
0.32053
0.15457
0.56496
0.09121
0.79190
0.88155
0.14390
0.19744
0.93982
0.17645
0.26031
0.38206
0.38555
0.77536
0.77262
0.45247
0.28463
0.97053
0.42656
0.79618
0.46365
0.28393
0.80101
0.44878
0.85329
0.09991
0.21696
0.80182
0.25450
0.10541
0.39723
0.16367
0.44839
0.45649
0.71159
0.23896
0.40717
0.46334
0.73619
0.75294
0.40908
0.59724
0.86136
0.95907
0.42304
0.27962
0.57399
0.74938
0.10272
0.79231
0.06264
0.49609
0.19674
0.23676
0.72711
0.87567
0.18801
0.17478
0.85013
0.19825
0.55739
1.00476
0.81810
0.09780
0.81215
0.71242
0.75409
0.75768
0.78476
0.08472
0.20103
0.45506
0.90289
0.85198
0.47026
0.42950
0.42355
0.72735
0.21386
0.19876
0.39855
0.54871
0.84750
0.29069
0.17340
0.38066
0.50661
0.81475
0.38482
0.46284
0.08990
0.43759
0.17059
0.71404
0.57882
0.46193
0.45432
0.11129
0.90331
0.97892
0.25360
0.98014
0.30486
0.97243
0.71868
0.39923
0.25804
0.77733
0.81920
0.88892
0.42815
0.60839
0.80932
0.17647
0.55859
0.78349
0.34137
0.27822
0.18559
0.85911
0.05038
0.00843
0.76809
0.09310
0.04791
0.18663
0.44919
0.24068
0.36209
0.56076
0.06592
0.56014
0.46179
0.99727
0.58291
0.19054
0.28227
0.75064
0.81152
0.34229
0.86854
0.26591
0.39626
0.43851
0.23035
0.27898
0.38633
0.24656
0.87055
0.48075
0.84544
0.22887
0.45249
0.73230
0.18681
0.37882
0.07132
0.79894
0.20023
0.64746
0.28235
0.44654
0.47383
0.87244
0.49639
0.54530
0.71883
0.04133
0.22833
0.52601
0.22111
0.97171
0.88353
0.21610
0.16729
0.22651
0.42185
0.09285
0.42419
0.68680
0.62168
0.60091
0.89563
0.83122
0.97531
0.76673
0.47788
0.45319
0.84475
0.99064
0.09209
0.07931
0.09766
0.79436
0.97901
0.20419
0.15706
0.28337
0.44851
0.17712
0.44044
0.42275
0.18864
0.72827
0.86476
0.51201
0.37865
0.41929
0.46200
0.86799
0.36079
0.04646
0.12874
0.45094
0.74590
0.91846
0.83176
0.08634
0.19136
0.96623
0.20950
0.99712
0.12341
0.65163
0.44620
0.23646
0.34387
0.20988
0.05064
0.24350
0.78425
0.45321
0.09976
0.64034
0.76844
0.86822
0.75908
0.05024
0.51977
0.89058
0.42224
0.08192
0.70232
0.16318
0.88966
0.76906
0.86485
0.35240
0.15334
0.22047
0.80256
0.27601
0.77726
0.54958
0.29209
0.43519
0.47945
0.90392
0.66857
0.34369
0.76966
0.82331
0.98614
0.21834
0.42241
0.81186
0.38891
0.76892
0.24093
0.70300
0.19689
0.07023
0.17984
0.53189
0.74509
0.26678
0.43057
0.63332
0.78110
0.15631
0.22969
0.04874
0.04327
0.85219
0.83476
0.45389
0.45561
0.91590
0.58881
0.46406
0.17308
0.91739
0.73874
0.59421
0.21085
0.41595
0.59727
0.68513
0.89382
0.18040
0.75514
0.39272
0.71811
0.08304
0.76567
0.26436
0.27615
0.16679
0.80850
0.17267
0.82581
0.08423
0.10138
0.19427
0.03114
1.00092
0.71485
0.87238
0.43323
0.18680
0.23694
0.66265
0.73849
0.79447
0.17529
0.92093
0.16782
0.21370
0.28232
0.76679
0.78119
0.55400
0.95113
0.35935
0.31543
0.40629
0.80601
0.16939
0.86698
0.58961
0.22833
0.06118
0.20928
0.14873
0.37017
0.74535
0.39435
0.42530
0.20447
0.84040
0.18647
0.52539
0.95130
0.63682
0.74351
0.86747
0.32057
0.80327
0.41377
0.17455
0.89567
0.18478
0.81078
0.10791
0.74015
0.17336
0.91121
0.60380
0.85247
0.09437
0.23061
0.44884
0.77897
0.77655
0.79129
0.41622
0.61620
0.80436
0.20592
0.22162
0.85843
0.88736
0.72002
0.10626
0.09109
0.93993
0.92218
0.27101
0.99013
0.93965
0.61092
0.18359
0.54555
0.58121
0.56597
0.19834
0.74054
0.69645
0.36396
0.81828
0.22541
0.18444
0.76977
0.82159
0.46396
0.83193
0.43892
0.20487
0.75589
0.03648
0.22163
0.90520
0.27328
0.44399
0.44566
0.26363
0.78685
1.01791
0.19201
0.89276
0.46606
0.34905
0.56997
0.74739
0.20898
0.37423
0.48188
0.29094
0.83921
0.44552
0.05042
0.11629
0.38572
0.79051
0.17517
0.53504
0.44297
0.72141
0.06605
0.23314
0.76705
0.58582
0.45220
0.29781
0.78730
0.66669
0.20140
0.15201
0.40433
0.18537
0.99835
0.18072
0.19468
0.96003
0.77709
0.56164
0.55794
0.38849
0.66690
0.87855
0.79413
0.44350
0.18113
0.33958
0.55746
0.42116
0.75338
0.77181
0.73626
0.08378
0.62156
0.78619
0.26811
0.77716
0.21726
0.64001
0.97126
0.91351
0.07530
0.25311
0.60807
0.18730
0.79971
0.16313
0.07156
0.87492
0.44369
0.18873
0.07205
0.52761
0.34322
0.87584
0.80868
0.74760
0.25485
0.82169
0.18806
0.43462
0.03474
0.77384
0.72189
0.92755
0.47244
0.59958
0.90268
0.45981
0.46509
0.50015
0.89009
0.60178
0.77254
0.21965
0.11944
0.71403
0.55873
0.77446
0.88749
0.76417
0.45374
0.43644
0.59929
0.46308
0.31518
0.71172
0.48165
0.76891
0.21227
0.95698
0.86183
0.76510
0.20649
0.87849
0.73384
0.74187
0.07061
0.59568
0.72612
0.34505
0.16298
0.75888
0.76982
0.73320
0.84712
0.48084
0.18039
0.58266
0.35503
0.18055
0.99848
0.97713
0.71403
0.99313
0.21681
0.97288
0.21590
0.74234
0.46147
0.88201
0.42062
0.72169
0.87896
0.89231
0.67236
0.80771
0.58303
0.84610
0.28988
0.08995
0.58034
0.30371
0.45300
0.04019
0.05829
0.92238
0.28779
0.75565
0.14137
0.83401
0.21379
0.14267
0.68843
0.25871
0.21460
0.05430
0.44735
0.46357
0.33878
0.75289
0.97079
0.36087
0.37051
0.13998
0.27555
0.80002
0.44734
0.79671
0.82142
0.75111
0.74453
0.85425
0.39379
0.53699
0.51880
0.81550
0.21506
0.51604
0.22499
0.08897
0.81497
0.07115
0.56647
0.99352
0.49535
0.59580
0.39905
0.49045
0.35288
0.63805
0.06168
0.26201
0.39457
0.64588
0.61821
0.51489
0.88075
0.79127
0.11986
0.19626
0.51631
0.40209
0.80016
0.53937
0.86825
0.16525
0.97104
0.43369
0.26183
0.78764
0.80339
0.89001
0.81063
0.20410
0.57925
0.50062
0.30292
0.41099
0.84785
1.01826
0.97764
0.09645
0.15916
0.83843
0.43602
0.46862
0.75277
0.83077
0.25820
0.98702
0.57476
0.45007
0.42283
0.40610
0.16843
0.51298
0.86791
0.39140
0.21542
0.72002
0.48837
