0.90252
0.12403
0.70773
0.88615
0.29713
0.53509
0.33621
0.76295
0.35352
0.38786
0.52977
0.84459
0.85153
0.95079
0.30847
0.39895
0.24421
0.73585
0.53898
0.46322
0.81340
0.73677
0.20454
0.45155
0.33999
0.51573
0.29006
0.52540
0.45868
0.17477
0.23268
0.49886
0.80483
0.64324
0.95812
0.24332
0.12495
0.22738
0.05316
0.55433
0.36861
0.61262
0.47778
0.22974
0.34869
0.44612
0.92513
0.13260
0.91985
0.87720
0.41134
0.67202
0.20404
0.47792
1.00517
0.46925
0.84376
0.06617
0.19970
0.70163
0.33307
0.64952
0.82189
0.45809
0.70673
0.22681
0.32219
0.31404
0.89680
0.98663
0.36126
0.30305
0.75488
0.47682
0.49700
0.28694
0.54042
0.22789
0.39068
0.26422
0.65267
0.41098
0.22110
0.62593
0.13648
0.22067
0.20754
0.47061
0.39147
0.91325
0.18440
0.82202
0.66991
0.52520
0.72518
0.54089
0.45863
0.44685
0.17545
0.32149
0.17989
0.87902
0.77649
0.67539
0.15544
0.64694
1.02055
0.90937
0.64212
0.35551
0.61037
0.35814
0.62788
0.65054
0.21718
0.78128
0.24939
0.78601
0.55151
0.17721
0.88121
0.43979
0.77095
0.37517
0.74350
0.34754
0.36675
0.52064
0.34823
0.34868
0.66347
0.34001
0.70364
0.29422
0.16918
0.69011
0.18773
0.16591
0.14128
0.32303
0.28429
0.10792
0.37687
0.18229
0.50605
0.30789
0.22306
0.28836
0.33053
0.80198
0.78388
0.99423
0.27745
0.30472
0.28014
0.89419
0.26590
0.27535
0.21267
0.13353
0.14745
0.38037
0.36622
0.65897
0.64528
0.65008
0.57318
0.30861
0.68698
0.26843
0.90905
0.23477
0.95064
0.33238
0.46409
0.19217
0.67118
0.53123
0.68979
0.34314
0.53201
0.86941
1.04228
0.72395
0.80621
0.14520
0.18515
0.14695
0.87215
0.19371
0.09450
0.57992
0.29188
0.43571
0.42624
0.31776
0.62761
0.41328
0.19584
0.39010
0.92634
0.69190
0.38276
0.80659
0.32328
0.38270
0.77866
0.69916
0.21367
0.67648
0.78776
0.53203
0.80552
0.54835
0.20807
0.48491
0.56808
0.56529
0.40952
0.91000
0.98254
0.46179
0.19230
0.14234
0.59398
0.55828
0.30226
0.68944
0.78796
0.31394
0.84121
0.13129
0.35170
0.78518
0.57856
0.82515
0.23826
0.25150
0.69919
0.09632
0.27639
0.77780
0.42805
0.73322
0.24874
0.31609
0.68356
0.35265
0.24217
0.79648
0.26467
0.23561
0.92278
0.39928
0.51892
0.37799
0.50497
0.79176
0.30491
0.31503
0.29020
0.66672
0.36773
0.21912
0.82239
0.19671
0.30641
0.87927
0.48084
0.14749
0.45680
0.87197
0.43608
0.11807
0.20327
0.16754
0.23227
0.66125
0.46020
0.21252
0.34485
0.70123
0.97388
0.42554
0.84311
0.34316
0.85643
0.23980
0.52602
0.29594
0.70405
0.70872
0.53330
0.45192
0.09827
0.43794
0.89996
0.13001
0.81768
0.26439
0.81686
0.83737
0.31535
0.73434
0.65626
0.33228
0.52342
0.25345
0.24956
0.21409
0.33515
0.52612
0.21669
0.42996
0.14857
0.13354
0.72731
0.49355
0.76984
0.79960
0.65689
0.30149
0.84739
0.41228
0.84921
0.30876
0.69229
0.34971
0.35066
0.13343
0.80755
0.23495
0.22937
0.36300
0.64621
0.22191
0.11616
0.16206
0.38233
0.73347
0.72908
0.32956
0.58329
0.57975
0.59709
0.21736
0.25378
0.26179
0.92067
0.33267
0.28404
0.32758
0.70856
0.22689
0.63142
0.24014
0.66368
0.53707
0.13017
0.31622
0.38223
0.83009
0.73878
0.32894
0.28025
0.18738
0.38464
0.64288
0.53576
0.73707
0.26940
0.29367
0.22648
0.44676
0.51245
0.35095
0.21996
0.82020
0.48160
0.77036
0.79769
0.59232
0.21703
0.89473
0.13306
0.77735
0.78291
0.14969
0.58458
0.88198
0.40626
0.37296
0.82929
0.75734
0.91086
0.89158
0.64267
0.51177
0.78096
0.32633
0.81587
0.22618
0.30240
0.59760
0.33307
0.20221
0.36188
0.35696
0.56781
0.26995
0.66959
0.66262
0.14828
0.39319
0.14210
0.51895
0.67097
0.77033
0.46384
0.17830
0.68055
0.26222
0.46392
0.98313
0.12543
0.46248
0.23562
0.87608
0.29550
0.33546
0.67094
0.70098
0.81126
0.39328
0.31132
0.66104
0.88849
0.56460
0.80803
0.07864
0.89713
0.22927
0.35759
0.35186
0.09250
0.28997
0.69946
0.89846
0.28004
0.30375
0.59373
0.80249
0.53748
0.81257
0.32134
0.30070
0.46039
0.13255
0.62199
0.70213
0.16373
0.38899
0.29909
0.33182
0.22223
0.25017
0.20735
0.99809
0.70443
0.22073
0.34587
0.20706
0.88934
0.51138
0.80737
0.33415
0.29918
0.47975
0.74945
0.51663
0.93104
0.29247
0.26767
0.09917
0.07505
0.27913
0.66505
1.01380
0.13686
0.91787
0.18604
0.12925
0.87517
0.89349
0.17771
0.65356
0.32039
0.71828
0.64187
0.71590
0.12537
0.65275
0.21993
0.52851
0.67895
0.22292
0.61138
0.36674
0.35517
0.39134
0.52183
0.69244
0.52032
0.33285
0.39254
0.32397
0.60464
0.20475
0.70681
0.27607
0.94906
0.22025
0.14958
0.81811
0.12873
0.67239
0.50874
0.88673
0.91854
0.52942
0.16530
0.26826
0.89877
0.45776
0.15245
0.65250
0.23514
0.88761
0.20156
0.22409
0.25768
0.23449
0.37447
0.48300
0.81634
0.47856
0.24909
0.79149
0.24447
0.15107
0.79570
0.18331
0.79967
0.67211
0.24137
0.35515
0.10395
0.36991
0.61571
0.12431
0.32165
0.46321
0.53647
0.53283
0.70824
0.25150
0.56412
0.63827
0.51115
0.52062
0.44133
0.84454
0.29753
0.78636
0.70844
0.77587
0.39224
0.65735
0.72402
0.50869
0.07474
0.26694
0.31747
0.70711
0.90371
0.66988
0.11224
0.50394
0.78048
0.81102
0.99431
0.22720
0.35768
0.17309
0.58712
0.62114
0.23773
0.54686
0.17115
0.19061
0.66899
0.70331
0.59708
0.81294
0.65663
0.28865
0.77485
0.44736
0.58951
0.20671
0.59382
0.51888
0.21925
0.39157
0.30489
0.81719
0.33591
0.11256
0.39039
0.71776
0.25928
0.63458
0.72259
0.62889
0.53777
0.81499
0.49607
0.25402
0.09289
0.38266
0.27805
0.41162
0.50428
0.29989
0.31098
0.16303
0.80806
0.51921
0.77649
0.13912
0.59698
0.50487
0.98916
0.26572
0.18427
0.89028
0.13023
0.53646
0.24496
0.82235
0.90901
0.39833
0.35224
0.60954
0.84385
0.89134
0.21365
0.37714
0.06782
0.29886
0.46053
0.33345
0.24066
0.37616
0.66039
0.68798
0.49446
0.83185
0.27288
0.22260
0.70964
0.69593
0.50212
0.38985
0.08805
0.69975
0.67981
0.93436
0.10632
0.91240
0.98819
0.60335
0.17319
0.77574
0.31842
0.46222
0.40246
0.32464
0.31323
0.66254
0.32497
0.26514
0.27403
0.37750
0.18297
0.23236
0.70844
0.52592
0.13895
0.92579
0.21699
0.58694
0.29612
0.87227
0.69886
0.19853
0.29303
0.30048
0.40272
0.33116
0.31524
0.10704
0.88464
0.69184
0.20699
0.92874
0.41925
0.08699
0.52041
0.65979
0.26914
0.89656
0.66445
0.79526
0.13157
0.42030
0.61257
0.64280
0.81702
0.19567
0.88821
0.15730
0.13431
0.34184
0.27056
0.57548
0.76255
0.28137
0.89705
0.29064
0.89000
0.81605
0.56175
0.19883
0.35915
0.63274
0.78059
0.51009
0.30505
0.88294
0.93786
0.14965
0.19942
0.52500
0.21425
0.20884
0.91231
0.21120
0.26934
0.28430
0.32417
0.62712
1.00962
0.82490
0.77790
0.54950
0.11577
0.87455
0.50316
0.20760
0.50880
0.25182
0.52809
0.67668
0.92908
0.82998
0.33140
0.32828
0.50584
0.81793
0.36592
0.12146
0.47876
0.09918
0.65484
0.79471
0.64946
0.91877
0.40503
0.29479
0.47676
0.15834
0.70799
0.56221
0.31197
0.50885
0.21692
0.29114
0.23171
0.21861
0.69334
0.09544
0.51598
0.54272
0.23581
0.27526
0.91662
0.34348
0.91390
0.29375
0.72996
0.59486
0.21701
0.80072
0.92320
0.27023
0.15145
0.18041
0.31782
0.16671
0.97556
0.34742
0.79201
0.42875
0.78287
0.88594
0.93055
0.41445
0.56020
0.90573
0.89234
0.12654
0.56519
0.70379
0.61606
0.17983
0.31909
1.00790
0.13243
0.91013
0.80521
0.60083
0.16221
0.96587
0.21107
0.19830
0.22152
0.38342
0.26478
0.80134
0.97079
0.21572
0.31089
0.60709
0.16705
0.82795
0.73210
0.22871
0.78212
0.44681
0.78970
0.22229
0.24641
0.32478
0.72717
0.15910
0.31143
0.77478
0.50226
0.83731
0.10392
0.29535
0.31988
0.70221
1.00132
0.23730
0.71712
0.64558
0.41754
0.66984
0.33163
0.43230
0.36747
0.32765
0.99373
0.99562
0.37228
0.29106
0.57717
0.47362
0.33101
0.22655
0.65448
0.50280
0.69813
0.31745
0.57671
0.71423
0.50731
0.60774
0.39241
0.25449
0.30533
0.09488
0.64774
0.29835
0.43130
0.19986
0.82851
0.47194
0.76524
0.19607
0.60312
0.36935
0.56286
0.70857
0.55720
0.26484
0.57654
0.70273
0.16260
0.77296
0.22692
0.24894
0.86281
0.64415
0.94202
0.48912
0.48110
0.18088
0.70006
0.36839
0.68169
0.25223
0.13076
0.22284
0.63621
0.12091
0.89736
0.92585
0.35067
0.68453
0.53969
0.47394
0.15002
0.46890
0.49455
0.78065
0.39438
0.67752
0.22706
0.39684
0.28944
0.18586
0.28380
0.56222
0.80013
0.84028
0.44044
0.23024
0.29354
0.69625
0.27638
0.49160
0.14625
0.53102
0.29718
0.80540
0.59235
0.35630
0.65963
0.66178
0.13876
0.42466
0.44473
0.44541
0.37234
0.87881
0.96207
0.27408
0.88693
0.30055
0.71929
0.69250
0.33516
0.62102
0.32728
0.52979
0.39025
0.70900
0.55362
0.55123
0.44774
0.70376
0.19276
0.46471
0.49753
0.38423
0.16774
0.99456
0.12212
0.72465
0.44885
0.48894
0.99162
0.92551
0.57915
0.17896
0.77872
0.69650
0.41311
0.39517
0.80650
0.29231
0.38801
0.80258
0.29072
0.52548
0.50454
0.19044
0.14527
0.46926
0.68317
0.32741
0.28599
0.71142
0.59254
0.21431
0.30113
0.75760
0.39383
0.51608
0.17495
0.91144
0.32074
0.25115
0.57786
0.93501
0.85629
0.82308
0.74690
0.96973
0.91689
0.28969
0.66768
0.70589
0.31001
0.21541
0.14621
0.70114
0.92346
0.53589
0.50986
0.31095
0.89449
0.68347
0.69932
0.71794
0.22996
0.73347
0.54244
0.09582
0.40571
0.78354
0.85097
0.49977
0.31783
0.24984
0.86166
0.68817
0.35725
0.29186
0.28682
0.90101
0.43600
0.67093
0.52363
0.68534
0.94858
0.80082
0.65916
0.09795
0.72707
0.57805
0.10791
0.59256
0.65902
0.94622
0.22550
0.37919
0.37635
0.47716
0.79847
0.32766
0.60545
0.92143
0.18225
0.35708
0.38114
0.24369
0.81242
0.48789
0.65920
0.65707
0.22981
0.29998
0.81884
0.37011
0.41210
0.95249
0.50978
0.42511
0.15516
0.66464
0.10762
0.35923
0.49574
0.25712
0.91667
0.73888
0.21878
0.30538
0.41642
0.42866
0.90532
0.67587
0.12788
0.81201
0.30057
0.47941
0.47765
0.60153
0.14527
0.80095
0.69459
0.97673
0.59102
0.30756
0.76762
0.77844
0.70956
0.08831
0.64240
0.28710
0.63967
0.58409
0.80455
0.45588
0.31574
0.19297
0.86334
0.98630
0.39899
0.49070
0.35881
0.33503
0.20888
0.20486
0.29658
0.53554
0.17456
0.39213
0.24458
0.22604
0.44739
0.19547
0.81026
0.91169
0.45173
0.27040
0.23015
0.79047
0.20390
0.17452
0.30060
0.07509
0.65334
0.89772
0.51080
0.53393
0.52012
0.20956
0.90015
0.26081
0.67203
0.54673
0.40404
0.72484
0.87771
1.00992
0.18887
0.80806
0.36709
0.73768
0.65359
0.26446
0.20277
0.52325
0.51711
0.41766
0.18064
0.82052
0.34373
0.16020
0.92738
0.75538
0.91745
0.79596
0.21105
0.52108
0.50426
0.43229
0.53130
0.16474
0.30093
0.84410
0.66925
0.12705
0.28397
0.64616
0.24803
0.53707
0.41475
0.45838
0.74425
0.58318
0.92155
0.21244
0.23285
0.36938
0.99542
0.99198
0.22033
0.22580
0.21450
0.23141
0.53038
0.26117
0.80023
0.53951
0.31405
0.78730
0.12177
0.47366
0.66828
0.86334
0.78177
0.33066
0.26319
0.37797
0.88995
0.22156
0.30633
0.12886
0.19510
0.55325
0.18475
0.89252
0.73707
0.71365
0.15882
0.69550
0.32948
0.52646
0.29971
0.86545
0.90040
0.15046
0.46271
0.36961
0.37325
0.24662
0.28417
0.23275
0.29833
0.79223
0.34291
0.21399
0.16898
0.28040
0.74678
0.60027
0.36591
0.27821
0.69919
0.15671
0.70231
0.17956
0.62609
0.24648
0.52005
0.25693
0.22619
0.35468
0.46960
0.30067
0.46398
0.29204
0.24112
0.35068
0.74705
0.32247
0.21068
0.71401
0.21785
0.34195
0.91448
0.68904
0.66097
0.19241
0.77452
0.87976
0.51464
0.15666
0.57825
0.68001
0.26515
0.28306
0.21664
0.37233
0.26817
0.18363
0.20233
0.77922
0.12220
0.66666
0.39746
0.63629
0.40222
0.16385
0.71699
0.41953
0.56796
0.17749
0.50558
0.52617
0.15791
0.80317
0.26206
0.37539
0.13871
0.72159
0.17178
0.75467
0.27788
0.28290
0.67707
0.20272
0.28967
0.37820
0.56439
0.65825
0.66515
0.51403
0.30430
0.52095
0.88149
0.37644
0.27060
0.76206
0.30076
0.46941
0.82419
0.74667
0.29487
0.16410
0.93547
0.38621
1.00124
0.93612
0.37362
0.90249
0.27322
0.66483
0.08139
0.33250
0.23578
0.31482
0.43038
0.36931
0.11307
0.70281
0.68960
0.75834
0.18604
0.53086
0.82205
0.35355
0.50818
0.34603
0.34551
0.76102
0.93727
0.88443
0.29806
0.27771
0.16622
0.24931
0.96491
0.35894
0.27719
0.64019
0.18285
0.97207
0.13464
0.26499
0.50970
0.94684
0.62623
0.42644
0.89035
0.16268
0.36422
0.34891
0.37384
0.44082
0.92773
0.78977
0.18692
0.69258
0.47912
0.96806
0.36187
0.48187
0.73444
0.51035
0.28069
0.68273
0.86460
0.52035
0.39115
0.45568
0.47792
0.51477
0.31459
0.06929
0.18765
0.82808
0.61216
0.32121
0.73591
0.73003
0.81945
0.23786
0.10080
0.09843
0.72939
0.78396
0.89174
0.42728
0.29547
0.69978
0.42437
0.47796
0.83046
0.31572
0.24723
0.43156
0.68551
0.18174
0.45004
0.50316
0.82243
0.80733
0.21060
0.30720
0.35922
0.28139
0.69253
0.37217
0.35357
0.60127
0.52118
0.44423
0.31738
0.70336
0.53930
0.69836
0.38007
0.32195
0.30244
0.47088
0.09825
0.49672
0.38797
0.25930
0.16363
0.71758
0.34553
0.82351
0.72734
0.45037
0.30295
0.09006
0.58794
0.70335
0.18314
0.19680
0.31118
0.89038
0.91518
0.28813
0.87828
0.46104
0.32156
0.77694
0.51334
0.48642
0.70680
0.09211
0.14414
0.08176
0.24582
0.43111
0.68254
0.16759
0.36062
0.30626
0.20658
0.33694
0.51690
0.11864
0.52675
0.33392
0.82216
0.30164
0.15155
0.29555
0.04779
0.41320
0.34256
0.59244
0.38494
0.45533
0.53306
0.79586
0.65779
0.34028
0.38691
0.27450
0.47050
0.89721
0.45975
0.26173
0.67986
0.13236
0.22260
0.20925
0.81847
0.65575
0.37257
0.39807
0.24487
0.10413
0.19463
0.53625
0.10844
0.55869
0.10269
0.68805
0.71689
0.20442
0.17266
0.25885
0.29812
0.79168
0.30826
0.16093
0.27433
0.75278
0.51465
0.52750
0.90644
0.07776
0.47658
0.65913
1.02490
0.49619
0.25325
0.11295
1.00447
0.42859
0.55106
0.68204
0.58844
0.68569
0.68767
0.42777
0.79721
0.53141
0.36698
0.21589
0.52360
0.25886
0.68234
0.90393
0.34113
0.70314
0.20253
0.25587
0.92528
0.84178
0.31404
0.13663
0.14047
0.51805
0.70791
0.28456
0.24170
0.86874
0.80661
0.34524
0.19065
0.79693
0.68240
0.68344
0.50790
0.73572
0.32930
0.22084
0.49898
0.30733
0.37713
0.33228
0.20270
0.29512
0.45801
0.38471
0.64791
0.09051
0.42637
0.89387
0.15602
0.61967
0.54690
0.45578
0.56500
0.45878
0.28049
0.59011
0.71217
0.19853
0.78726
0.36241
0.52971
0.71733
0.99263
0.31270
0.96518
0.29191
0.79904
0.29053
0.15791
0.55379
0.32829
0.52198
0.10390
0.79925
0.37528
0.26804
0.70556
0.27487
0.45411
0.25344
0.30385
0.88208
0.37003
0.31916
0.80080
0.63895
0.58442
0.70009
0.47246
0.37191
0.14687
0.25247
0.19400
0.27177
0.94350
0.22009
0.27336
0.26188
0.46394
0.50145
0.45808
0.58786
0.62074
0.45058
0.75273
0.79514
0.32381
0.30866
0.20564
0.68746
0.54394
0.77711
0.47730
0.37317
0.71824
0.74772
0.58160
0.98067
0.16195
0.14950
0.86575
0.24075
0.09089
0.91881
0.20297
0.82474
0.79870
0.51739
0.70298
0.68630
0.67813
0.30523
0.53440
0.91096
0.30645
0.72001
0.90640
0.17420
0.64682
0.12134
0.52183
0.43421
0.78740
0.37535
0.92026
0.57621
1.00600
0.64482
0.55142
0.58812
0.56018
0.90929
0.89720
0.82247
0.45513
0.71879
0.99044
0.33732
0.18909
0.30114
0.64839
0.19975
0.76644
0.82462
0.71978
0.32899
0.82219
0.37854
0.45639
0.90360
0.49659
0.31214
0.26361
0.47613
0.31366
0.10264
0.70870
0.57374
0.21228
0.58999
0.16154
0.46371
0.27601
0.19544
0.47589
0.62713
0.24804
0.77320
0.30676
0.29070
0.55706
0.22991
0.71904
0.24190
0.72899
0.27528
0.69332
0.22718
0.09407
0.66112
0.62857
0.79245
0.13368
0.32362
0.15631
0.53225
0.13006
0.90442
0.71054
0.21029
0.33958
0.73022
0.66200
0.72505
0.20171
0.57427
0.47860
0.35649
0.38928
0.31938
0.07866
0.20647
0.88584
0.76184
0.99798
0.23266
0.24680
0.32323
0.52769
0.13257
0.48840
0.80515
0.80823
0.57893
0.82202
0.35233
0.77280
0.70426
0.28134
0.61889
0.20477
0.30313
0.49150
0.25149
0.41095
0.69441
1.00700
0.15713
0.52150
0.23583
0.61236
0.22045
0.38772
0.28390
0.22459
0.82618
0.61512
0.20005
0.15124
0.19376
0.52249
0.60527
0.30372
0.22996
0.22550
0.26623
0.20916
0.26292
0.29607
0.49118
0.54991
0.78525
0.82709
0.73025
0.30104
0.23037
0.23536
0.40117
0.75093
0.90076
0.67165
0.35060
0.47329
0.17723
0.40929
0.09508
0.25454
0.41922
0.78776
0.10600
0.26261
0.24623
0.86337
0.46620
0.80661
0.34958
0.79449
0.12905
0.37763
0.28872
0.80608
0.88547
0.28619
0.75276
0.10863
0.14379
0.21863
0.52354
0.66241
0.12414
0.90200
0.79475
0.16297
0.49847
0.69051
0.06447
0.48022
0.90504
0.40477
0.19850
0.13981
0.45009
0.26268
0.34868
0.20801
0.49798
0.13635
0.48027
0.27936
0.61114
0.19072
0.91606
0.92625
0.25866
0.89919
0.24211
0.26595
0.50724
0.68351
0.82886
0.21090
0.19002
0.87373
0.65420
0.40401
0.50678
0.61161
0.24208
0.20119
0.58757
0.27300
0.49709
0.37356
1.03321
0.32510
0.73508
0.81797
0.36677
0.37041
0.23530
0.38486
0.50188
0.08291
0.21231
0.33706
0.20028
0.48317
0.78460
0.32636
0.22732
0.82266
0.17877
0.51966
0.34854
0.19677
0.87612
0.14362
0.44637
0.65480
0.56338
0.36877
0.29203
0.55640
0.52312
0.79592
0.41834
0.15844
0.20830
0.34452
0.62597
0.32577
0.57082
0.79372
0.31840
0.67764
0.89175
0.52482
0.21852
0.80161
0.20826
0.54557
0.46418
0.49905
0.50662
0.71683
0.36788
0.06259
0.20388
0.86085
0.62471
0.44877
0.30787
0.59296
0.28281
0.97520
0.68716
0.70703
0.38787
0.69332
0.33162
0.33272
0.25549
0.36813
0.25502
0.53477
0.23491
0.77922
0.21412
0.25268
0.61274
0.82334
0.29369
0.29222
0.75619
0.63185
0.92581
0.72278
0.69303
0.46986
0.27876
0.22736
0.88346
0.38677
0.21185
0.81171
0.63118
0.88101
0.25862
0.33268
0.24565
0.22930
0.80571
0.67560
0.65023
0.15843
0.53983
0.46921
0.32118
0.36539
0.39749
0.21829
1.02364
0.73328
0.50246
0.82488
0.53517
0.17267
0.51219
0.65644
0.75814
0.72239
0.16106
0.32006
0.53011
0.48916
0.46567
0.34109
0.07417
0.20321
0.27313
0.32618
0.65055
0.78510
0.19839
0.16800
0.34949
0.72613
0.49612
0.74289
0.15219
0.20019
0.20574
0.62609
0.72695
0.17256
0.57778
0.33647
0.23012
0.14609
0.46885
0.29961
0.19753
0.46721
0.73234
0.13567
0.32612
0.22621
0.94454
0.63747
0.19632
0.66476
0.50283
0.30913
0.95952
0.13240
0.23757
0.88035
0.81548
0.24667
0.50977
0.66077
0.59767
0.78496
0.31497
0.91740
0.28384
0.50130
0.08552
0.11402
0.81132
0.30497
0.30980
0.69121
0.20649
0.46012
0.94416
0.91703
0.26770
0.45699
0.90758
0.82192
0.14104
0.77353
0.88600
0.35066
0.62194
0.28867
0.43667
0.62693
0.63241
0.22961
0.40056
0.55068
1.00544
0.30705
1.00310
0.52910
0.91425
0.49129
0.59349
0.07765
0.59588
0.39582
0.57339
0.68681
0.23890
0.45390
0.45387
0.24974
0.77924
0.24210
0.73282
0.09943
0.51963
0.19194
0.16776
0.28572
0.27022
0.57395
0.87183
0.60619
0.27159
0.10277
0.27716
0.30928
0.68054
0.70017
0.78806
0.67710
0.15479
0.09150
0.37754
0.87870
0.08999
0.13295
0.60884
0.79775
0.65062
0.27023
0.68084
0.89690
0.35415
0.50611
1.00729
0.29675
0.69347
0.72676
0.31092
0.78773
0.53802
0.33457
0.74073
0.50983
0.49575
0.31724
0.19088
0.52086
0.38875
0.63406
0.15677
0.58827
0.34554
0.28276
0.63540
0.51830
0.68520
0.18517
0.74247
0.39028
0.26747
0.77881
0.29098
0.48839
0.21271
0.22167
0.79185
0.28771
0.72744
0.48372
0.34703
0.64576
0.45047
0.91327
0.19454
0.47861
0.33350
0.69453
0.18643
0.24118
0.90556
0.16410
0.47906
0.22740
0.45674
0.61997
0.21709
0.23288
0.22690
0.26646
0.77283
0.25679
0.08410
0.32894
0.53797
0.25004
0.33595
0.53520
0.63649
0.90168
0.37114
0.22553
0.33133
0.46119
0.32121
0.21009
0.23972
0.27927
0.87874
0.87909
0.18372
0.46624
0.49108
0.45212
0.80331
0.65533
0.16659
0.16042
0.79422
0.20103
0.15812
0.35278
0.24906
0.70510
0.82851
0.90245
0.39330
0.33441
0.15186
0.26331
0.38670
0.87332
0.22830
0.88839
0.23144
0.77117
0.30679
0.25213
0.32058
0.46446
0.60937
1.01526
0.90261
0.56720
0.92852
0.29124
0.32025
0.79510
0.34509
0.13103
0.91866
0.37777
0.90979
1.01934
0.55085
0.63519
0.48975
0.89153
0.23217
0.95965
0.15828
0.36864
0.50625
0.17360
0.79796
0.17514
0.39818
0.68534
0.62269
0.81075
0.50152
0.23353
0.85155
0.64117
0.48295
0.78073
0.49059
0.26387
0.31615
0.08799
0.26420
0.10236
0.92607
0.65772
0.84718
0.35823
0.11614
0.31103
0.89292
0.78220
0.32506
0.55471
0.26296
0.27724
0.37310
0.35196
0.33020
0.40270
0.10198
0.39150
0.99385
0.76995
0.37993
0.88613
0.83234
0.79748
0.55462
0.08775
0.20215
0.38815
0.44171
0.43457
0.20395
0.19874
0.18868
0.66335
0.14560
0.81989
0.27835
0.13128
0.78131
0.79720
0.21805
0.08551
0.65870
0.28061
0.50975
0.29907
0.73061
0.43099
0.13097
0.21710
0.36792
0.53439
0.69141
0.38010
0.67879
0.23329
0.27486
0.90501
0.32280
0.12528
0.29432
0.91744
0.65508
0.20136
0.43444
0.46214
0.53664
0.60599
0.22383
0.38873
0.37135
0.71662
0.19094
0.22278
0.79556
0.62257
0.28093
0.57786
0.71855
0.81033
0.20944
0.88539
0.16920
0.29721
0.23177
0.32819
0.21878
0.32415
0.25790
0.12921
0.32604
0.62936
0.14971
0.38695
0.40293
0.23328
0.82042
0.63546
0.79402
0.30806
0.35720
0.22690
0.32558
0.23201
0.65478
0.31664
0.71509
0.08736
0.57863
0.20010
0.14030
0.08130
0.95916
0.69059
0.17084
0.64649
0.33556
0.20875
0.42359
0.21467
0.52554
0.81594
0.58321
0.51920
0.31538
0.33954
0.27410
0.38454
0.91029
0.92000
0.91525
0.21072
0.45000
0.66280
0.87238
0.36318
0.71698
0.83209
0.27665
0.73981
0.75954
0.60376
0.79044
0.09147
0.24245
0.80650
0.93154
0.89655
0.44372
0.60169
0.72175
0.71253
0.86553
0.92491
0.77150
0.66510
0.50654
0.71473
0.33921
0.54240
0.77536
0.68647
0.46022
0.32826
0.24231
0.37891
0.68959
0.37983
0.31855
0.77743
0.32142
0.38592
0.12724
0.18422
0.59636
0.32198
0.31707
0.17143
0.49472
0.14232
0.26383
0.53242
0.67680
0.59199
0.65671
1.00959
0.91413
0.72965
0.11628
0.40695
0.13743
0.66363
0.43248
0.61395
0.24750
0.60570
0.38803
0.73355
0.32302
0.20679
0.69474
0.18260
0.17687
0.16294
0.55485
0.58480
0.17109
0.78312
0.11687
0.67221
0.36407
0.65561
0.31034
0.53472
0.50462
0.48475
0.55409
0.90016
0.54710
0.52264
0.93019
0.86220
0.17695
0.73227
0.14726
0.75768
0.62768
0.27774
0.15147
0.55037
0.45666
0.21265
0.87819
0.53448
0.94477
0.40545
0.64011
0.50088
0.16430
0.89358
0.24100
0.89200
0.63425
0.30003
0.92684
0.83624
0.21078
0.21170
0.79593
0.23820
0.37209
0.36990
0.86994
0.59387
0.97966
0.18255
0.52227
0.66400
0.11830
0.81720
0.53474
0.79733
0.66227
0.53569
0.70464
0.71157
0.69078
0.24479
0.85505
0.57996
0.19678
0.34379
0.77693
0.24156
0.83433
0.68908
0.26466
0.24472
0.23896
0.24993
0.65440
0.64873
0.69042
0.56076
0.68312
0.28310
0.54114
0.27082
0.62934
0.87048
0.70595
0.29094
0.11164
0.41027
0.27091
0.31134
0.97997
0.47491
0.27834
0.72934
0.31966
0.56545
0.33102
0.19298
0.48985
0.69772
0.54015
0.33530
0.87567
0.69853
0.85315
0.29802
0.30776
0.91936
0.82203
0.24406
0.48988
0.91163
0.78535
0.28320
0.37016
0.37813
0.53295
0.36106
0.81013
0.40545
0.30644
0.90326
0.78949
0.07583
0.51697
0.37750
0.66201
0.75596
0.70371
0.70073
0.38565
0.23581
0.94539
0.51802
0.70886
0.73061
0.61114
0.12799
0.31205
0.58473
0.63615
0.55902
0.36568
0.32781
0.19340
0.64337
0.97136
0.17158
0.28843
0.60731
0.37250
0.66549
1.01291
0.66136
0.24116
0.35649
0.50140
0.49682
0.39413
0.48543
0.16312
0.66204
0.11003
0.61883
0.08507
0.08312
0.51996
0.36300
0.47137
0.25544
0.20544
0.59655
0.64311
0.11959
0.16945
0.88614
0.59354
0.69649
0.36016
0.37304
0.57139
0.15569
0.70526
0.99693
0.32078
0.60145
0.83978
0.51608
0.16881
0.72491
0.38164
0.12855
0.61843
0.26063
0.46397
0.89566
0.11676
0.47193
0.62162
0.79779
0.22202
0.89292
0.23395
0.73102
0.52692
0.91837
0.28340
0.86216
0.59211
0.60854
0.76784
0.76986
0.08547
0.23937
0.38934
0.35343
0.89300
0.31162
0.38805
0.22377
0.66788
0.44580
0.91720
0.21601
0.27301
0.23259
0.47647
0.89115
0.81052
0.29719
0.68069
0.27250
0.81859
0.82360
0.65786
0.34290
0.64094
0.44927
0.34067
0.35119
0.16602
0.27805
0.63332
0.79246
0.28467
0.89398
0.14544
0.81137
0.54305
0.65830
0.57250
0.39101
0.37527
0.20695
0.72082
0.71471
0.09736
0.60657
0.48087
0.86267
0.27897
0.26788
0.17779
0.31875
0.22951
0.81512
0.56162
0.67680
0.79664
0.65083
0.39761
0.59100
0.84407
0.77376
0.45777
0.33537
0.33918
0.54569
0.27121
0.07982
0.34580
0.52012
0.54348
0.64530
0.59599
0.21992
0.27175
0.28890
0.11937
0.93869
0.10142
0.51871
0.98821
0.89271
0.44983
0.16791
1.00888
0.16337
0.34172
0.25144
0.88084
0.07198
0.12700
0.37126
0.15423
0.28366
0.62018
0.69658
0.69306
0.42531
0.92321
0.66169
0.41827
0.83385
0.67872
0.89448
0.65263
0.73817
0.89508
0.29655
0.17791
0.24984
0.30643
0.78544
0.22687
0.34349
0.99211
0.71373
0.57404
0.21364
0.53615
0.54833
0.39283
0.22717
0.27467
0.67010
0.92271
0.62415
0.59619
0.64021
0.27303
0.32989
0.34695
0.51419
0.47359
0.52875
0.93277
0.58582
0.66083
0.89962
0.20710
0.34362
0.16240
0.46497
0.25394
0.86504
0.32025
0.54113
0.69778
0.54296
0.18490
0.23576
0.81002
0.69388
0.39232
0.53313
0.91715
0.51165
0.14856
0.20923
0.32515
0.68786
0.51111
0.67042
0.51267
0.56321
0.48824
0.25275
0.25161
0.32923
0.41899
0.41221
0.39752
0.78533
0.94948
0.70095
0.30278
0.90166
0.79508
0.90116
0.32517
0.18366
0.70241
0.32188
0.77444
0.27327
0.63551
0.39960
0.86272
0.79487
0.32214
0.71158
0.52765
0.24575
0.45312
0.14580
0.25799
0.13888
0.53858
0.85860
0.49190
0.18228
0.72400
0.10274
0.52840
0.33421
0.45980
0.63532
0.22112
0.67231
0.27869
0.26827
0.70657
0.14516
0.20697
0.55799
0.09393
0.29660
0.09711
0.22068
0.67529
0.24498
0.38703
0.66691
0.67724
0.70938
0.14599
0.23628
0.45490
0.22380
0.30245
0.20148
0.38136
0.52056
0.85494
0.38439
0.43401
0.65490
0.98700
0.89725
0.34741
0.87173
0.31010
0.33851
0.45573
0.09016
0.83790
0.46231
0.59102
0.49487
0.62654
0.34212
0.90737
0.06333
0.52782
0.45146
0.25580
0.68240
0.23775
0.88596
0.27275
0.46006
0.21560
0.60035
0.53750
0.69235
0.66041
0.22794
0.89494
0.18607
0.49658
0.17658
0.31609
0.30874
0.53819
0.49741
0.07987
0.49275
0.68989
0.48630
0.33525
0.15561
0.20650
0.21628
0.30093
0.30249
0.40291
0.51629
0.18103
0.24233
0.26114
0.63933
0.62824
0.60525
0.81004
0.89621
0.49380
0.38572
0.29129
0.35512
0.32685
0.29634
0.68961
0.71506
0.25827
0.53717
0.27887
0.30237
0.29667
0.22204
0.31899
0.48157
0.44675
0.76328
0.50817
0.28191
0.51488
0.32016
0.30660
0.57859
0.41281
0.74658
0.41330
0.46320
0.78518
0.22955
0.24718
0.35524
0.29543
0.67387
0.24088
0.19855
0.24766
0.48333
0.65597
0.25500
0.59873
0.10177
0.24384
0.34836
0.24479
0.65196
0.28626
0.22848
0.66585
0.47387
0.53449
0.52431
0.91704
0.80013
0.54614
0.44657
0.27760
0.31258
0.09533
0.68044
0.18952
0.33709
0.54790
0.70178
0.37886
0.21620
0.46054
0.72921
0.90757
0.80618
0.63913
0.23730
0.80217
0.93106
0.62130
0.64261
0.65137
0.71116
0.41195
0.42378
0.19394
0.80487
0.50276
0.21294
0.88835
0.89355
0.69076
0.73224
0.40082
0.22251
0.76321
0.73721
1.00550
0.40008
0.22661
0.21160
0.59062
0.15737
0.40545
0.61817
0.24501
0.79740
0.29879
0.09322
0.30920
0.50943
0.07844
0.81075
0.73846
0.73450
0.69961
0.57759
0.73118
0.26211
0.27747
0.90177
0.32724
0.97178
0.18344
0.16070
0.21562
0.35804
0.16672
0.47224
0.49289
0.70148
0.93088
0.39121
0.33499
0.36646
0.25436
0.29411
0.29771
0.45039
0.50391
0.31837
0.19936
0.41148
0.33454
0.22613
0.30883
0.33820
0.65075
0.27860
0.66343
0.65731
0.44212
0.51013
0.29018
0.88715
0.52335
0.94129
0.53804
0.77269
0.56558
0.17055
0.79834
0.69341
0.81510
0.17695
0.88458
0.66862
0.74091
0.24011
0.25769
0.32907
0.30246
0.91309
0.66487
0.70685
0.89705
0.65474
0.29855
0.25910
0.75067
0.27301
0.71642
0.26064
0.54204
0.77649
0.77806
0.58260
1.01967
0.44591
0.72293
0.08844
0.11471
0.77882
0.23765
0.69740
0.98889
0.18921
0.30837
0.51301
0.31338
0.70125
0.80866
0.58258
0.99713
0.52347
0.35338
0.42919
0.85117
0.51125
0.93338
0.82355
0.21486
0.64372
0.32335
0.60364
0.69006
0.70663
0.17680
0.89339
0.67485
0.52363
0.51483
0.37982
0.19681
0.26524
0.65849
0.21502
0.66931
0.27355
0.49599
0.14484
0.64900
0.28476
0.32875
0.54391
0.47890
0.20699
0.24919
0.22069
0.68691
0.17692
0.80031
0.22704
0.27585
0.51500
0.33058
0.86817
0.24086
0.19791
0.11349
0.19980
0.90040
0.27867
0.40283
0.08947
0.26004
0.87259
0.31757
0.93114
0.29295
0.77348
0.47144
0.86911
0.16570
0.91915
0.53608
0.82167
0.70346
0.06932
0.08734
0.81071
0.07086
0.59581
0.92047
0.30685
0.33278
0.34260
0.18872
0.35251
0.58144
0.72765
0.44880
0.74079
0.59855
0.64810
0.31751
0.15955
0.88368
0.62101
0.72006
0.66358
0.66582
0.24636
0.14673
0.33094
1.01278
0.27666
0.61119
0.52673
0.17976
0.49799
0.13821
0.40439
0.60720
0.32991
0.39642
0.98520
0.70368
0.34382
0.54052
0.12799
0.19053
0.21336
0.28621
0.15292
0.37031
0.58453
0.53618
0.65186
0.97641
0.47116
0.28449
0.67335
0.51563
0.90388
0.91090
0.18726
0.22627
0.75846
1.00116
0.59224
0.14464
0.14995
0.92348
0.71456
0.67637
0.10289
0.26337
0.58740
0.61307
0.24242
0.31012
0.48638
0.23593
0.24348
0.20651
0.79054
0.51940
0.64757
0.52477
0.20348
0.07366
0.89082
0.39801
0.21590
0.08740
0.77635
0.30882
0.21696
0.31741
0.22724
0.90222
0.21796
0.30868
0.20845
0.30372
0.20895
0.28093
0.91638
0.60319
0.71534
0.23984
0.48202
0.93407
0.34686
0.50278
0.68137
0.55728
0.38096
0.23873
0.24153
0.19259
0.70084
0.70700
0.21948
0.30767
0.57555
0.53199
0.92570
0.31045
0.65315
0.43808
0.31718
0.89851
0.28833
0.28413
0.32126
0.46616
0.87111
0.54227
0.87431
0.38326
0.30490
0.38551
0.31856
0.32220
0.31288
0.13974
0.20314
0.29707
0.31239
0.21175
0.33969
0.69830
0.24624
0.38201
0.19535
0.29139
0.55111
0.32096
0.81840
1.02323
0.08932
0.86478
0.73699
0.26511
0.53553
0.32489
0.36970
0.88262
0.36309
0.30445
0.77794
0.47247
0.71004
0.21028
0.79161
0.52453
0.14568
0.96765
0.79509
0.82915
0.34097
0.77196
0.51420
0.49786
0.23176
0.43846
0.12627
0.42975
0.86126
0.51124
0.21702
0.63793
0.19775
0.52389
0.44536
0.82188
0.50488
0.88696
0.63171
0.38421
0.51075
0.27803
0.49901
0.54433
0.50530
0.17890
0.51885
0.20244
0.78908
0.29822
0.10761
0.62992
0.22914
0.15248
0.88833
0.55640
0.52956
0.79978
0.55785
0.72614
0.74492
0.66447
0.35952
0.79772
0.61014
0.40905
0.10131
0.10652
0.69610
0.81344
0.72838
0.20487
0.84860
0.90245
0.81302
0.18117
0.68861
0.31176
0.90460
0.30258
0.89234
0.23376
0.49153
0.88134
0.39627
0.99334
0.48746
0.34903
0.39341
0.21601
0.92414
0.52850
0.14860
0.12228
0.22590
0.32108
0.21503
0.46304
0.24373
0.81081
0.55509
0.52079
0.76042
0.62835
0.51219
0.40802
0.79705
0.42207
0.66564
0.70473
0.50052
0.44787
0.61949
0.77934
0.98626
0.71047
0.62995
0.17055
0.52740
0.68166
0.55648
0.78152
0.09451
0.69917
0.12201
0.19195
0.64381
0.31143
0.36722
0.07777
0.46380
0.24548
0.92774
0.47545
0.90590
0.77052
0.27582
0.21100
0.15695
0.10731
0.22788
0.49272
0.72102
0.09712
0.33299
0.87490
0.77905
0.26719
0.34730
0.65381
0.90966
0.67201
0.19677
0.83068
0.08735
0.16754
0.29245
0.78510
0.36405
0.82091
0.70656
0.45809
0.45183
0.13385
0.80330
0.38520
0.51149
0.86065
0.51621
0.38234
0.14232
0.60505
0.43423
0.59003
0.98828
0.90139
0.25252
0.23559
0.51117
0.65920
0.26782
0.79013
0.54149
0.88609
0.59358
0.32379
0.45532
0.24709
0.20137
0.70606
0.32070
0.62649
0.30349
0.85171
0.54310
0.81637
0.33419
0.31253
0.68328
0.55248
0.38991
0.33867
0.86240
0.57758
0.39759
0.71314
0.73305
0.24407
0.32546
0.45699
0.66936
0.67314
0.50018
0.96124
0.60362
0.32164
0.79795
0.95985
0.99127
0.16671
0.24482
0.61522
0.21793
0.23589
0.35132
0.48058
0.53392
0.79937
0.61464
0.21100
0.82689
0.28872
0.26932
0.37318
0.38772
0.19920
0.69463
0.65648
0.41788
0.94875
0.29435
0.17867
0.69748
0.33451
0.30476
0.28838
0.27230
0.21891
0.08791
0.23448
0.07414
0.53094
0.18780
0.29381
0.11338
0.24410
0.41344
0.13609
0.19613
0.10612
0.16602
0.25048
0.76723
0.25635
0.33839
0.86323
0.11326
0.27234
0.14248
0.70411
0.26688
0.41180
0.20510
0.26889
0.78962
0.12622
0.31685
0.41595
0.23287
0.64812
0.25445
0.39734
0.91170
0.94460
0.66087
0.29967
0.80492
0.42368
0.21919
0.90075
0.32145
0.74664
0.42212
0.29579
0.13314
0.51660
0.80299
0.88901
0.66275
0.16773
0.13378
0.65828
0.80514
0.27624
0.77911
0.48100
0.36846
0.21024
0.69252
0.77593
0.93341
0.45027
0.71229
0.67062
0.57766
0.33998
0.35050
0.43536
0.72052
0.17936
0.58487
0.27881
0.24759
0.43303
0.49472
0.33790
0.27435
0.20509
0.18498
0.72745
0.11432
0.33068
0.49242
0.63904
0.90291
0.51198
0.37787
0.25557
0.28115
0.58977
0.41766
0.34179
0.55871
0.78274
0.62941
0.08202
0.71679
0.23213
0.36574
0.64526
0.32778
0.21740
0.18478
0.20663
0.71157
0.62383
0.25236
0.13590
0.25021
0.69089
0.79672
0.73548
0.54159
0.17494
0.11338
0.32077
0.68856
0.18657
0.06229
0.35765
0.19387
0.88274
0.63640
0.93186
0.30808
0.31460
0.21205
0.53516
0.91296
0.32613
0.17615
0.21674
0.67559
0.15239
0.69077
0.38008
0.31970
0.13067
0.19500
0.72646
0.91576
0.23765
0.72201
0.33207
0.68270
0.14557
0.79445
0.39198
0.50150
0.90474
0.15386
0.31675
0.23479
0.95350
0.30399
0.64784
0.61079
0.70702
1.00209
0.66201
0.30957
0.50664
0.22492
0.52620
0.27581
0.30773
0.67891
0.24949
0.69698
0.38532
0.89064
0.77071
0.77653
0.28941
0.33290
0.38306
0.39652
0.60839
0.79278
0.62518
0.87074
0.10106
0.47388
0.64149
0.79074
0.94280
0.56274
0.50734
0.24001
0.71763
0.47456
0.67496
0.61272
0.53325
0.70592
0.68275
0.37816
0.25275
0.71312
0.63608
0.38337
0.91436
0.51200
0.56551
0.82603
0.63935
0.88982
0.79901
0.20418
0.58956
0.20269
0.89884
0.38043
0.67822
0.53560
0.31668
0.62180
0.11905
0.99270
0.81620
0.20982
0.19748
0.67212
0.25707
0.31305
0.20456
0.28091
0.99933
0.66588
0.25354
0.34451
0.55455
0.36542
0.70609
0.49863
0.23619
0.87616
0.60128
0.90170
0.64605
0.46838
0.83678
0.16410
0.57356
0.53045
0.33514
0.53874
0.30889
0.76258
0.32484
0.23517
1.00281
0.79308
0.32588
0.90149
0.30535
0.94132
0.45105
0.76249
0.27945
0.31102
0.60636
0.19626
0.47360
0.28726
0.25181
0.52245
0.21986
0.58459
0.70253
0.12008
0.50393
0.30943
0.78120
0.77847
0.32547
0.27617
0.61888
0.12469
0.38715
0.14212
0.30905
1.02659
0.31441
0.35763
0.47038
0.37987
0.21953
0.20943
0.26051
0.10057
0.24831
0.86619
0.30893
0.10646
0.42616
0.12552
0.89079
0.27816
0.20159
0.04532
0.46034
0.98455
0.60083
0.18489
0.71489
0.22008
0.17178
0.14368
0.54192
0.81166
0.39858
0.77189
0.86923
0.58669
0.64348
0.87093
0.88741
0.15374
0.23028
0.17047
0.52923
0.20660
0.32856
0.94559
0.67604
0.47480
0.20479
0.80058
0.33445
0.34141
0.31199
0.21016
0.33029
0.32633
0.11435
0.71471
0.22459
0.19731
0.26553
0.30875
0.65336
0.30781
0.66604
0.47360
0.14262
0.74442
0.52603
0.23763
0.82402
0.71953
0.50136
0.83083
0.51210
0.34894
0.93475
0.07706
1.00629
0.53282
0.18097
0.76433
0.49350
0.28678
0.44318
0.53555
0.19443
0.31197
0.07574
0.34205
0.30521
0.73646
0.22843
0.35821
0.23220
0.23730
0.38576
0.19476
0.97571
0.83729
0.13519
0.21049
0.12027
0.29454
0.21984
0.35817
0.90942
0.38995
0.35371
0.66059
0.08807
0.61965
0.73244
0.49668
0.47183
0.67845
0.28132
0.67312
0.68848
0.36572
0.28830
0.20083
0.27085
0.11581
0.74278
0.66137
0.66142
0.28622
0.81597
0.62516
0.42918
0.23318
0.45397
0.53174
0.48422
0.50933
0.23433
0.67002
0.65349
0.40342
0.08621
0.81299
0.72603
0.64250
0.50258
0.23334
0.78743
0.91557
0.24334
0.46703
0.31549
0.11005
0.80102
0.16707
0.85205
0.57133
0.09340
0.24852
0.38025
0.75135
0.88128
1.00943
0.17005
0.80087
0.63126
0.12619
0.48308
0.40924
0.50616
0.31018
0.69156
0.80172
0.64945
0.66274
0.22590
0.47556
0.38833
0.88909
0.40417
0.22392
0.59068
0.50566
0.32273
0.71101
0.63596
0.23978
0.23556
0.48147
0.09584
0.75413
0.48332
0.64468
0.48797
0.50731
0.23510
0.79860
0.85900
0.54936
0.32016
0.56327
0.87997
0.57754
0.88236
0.44059
0.38272
0.71867
0.90831
0.18713
0.78373
0.64817
0.15622
0.64965
0.61185
0.26108
0.64364
0.54044
0.53584
0.90988
0.25686
0.50823
0.69327
0.81252
0.90055
0.80149
0.32142
0.63585
0.89315
0.35158
0.34388
0.38181
0.32713
0.81022
0.26135
0.15030
0.11214
0.28718
0.72269
0.44237
0.51833
0.24362
0.81720
0.29258
0.32405
0.87068
0.42865
0.68086
0.38141
0.09909
0.72270
0.29359
0.21016
0.13549
0.43479
0.29604
0.59495
0.67004
0.43057
0.43437
0.10037
0.19097
0.29046
0.29955
0.85859
0.54224
0.15781
0.69459
0.21756
0.35212
0.39787
0.31705
0.34629
0.67329
0.32166
0.70275
0.89751
0.37026
0.60853
0.50045
0.45828
0.46771
0.92089
0.16585
0.23416
0.99993
0.80815
0.37035
0.59097
0.30994
0.77337
0.14297
0.40271
0.34827
0.43618
0.63532
0.07897
0.58069
0.28642
0.41283
0.66355
0.55357
0.57398
0.88682
0.47441
0.46133
0.20503
0.11865
0.36386
0.52812
0.71086
0.45640
0.11008
0.71097
0.69742
0.92884
0.80199
0.08750
0.28782
0.40321
0.39938
0.58079
0.90271
0.85411
0.53605
0.89147
0.58274
0.71394
0.50313
0.74603
0.72210
0.30918
0.80431
0.49014
0.90090
0.31611
0.84168
0.13393
0.52874
0.89260
0.78743
0.24644
0.10448
0.23522
0.71947
0.60579
0.09985
0.29265
0.63592
0.26663
0.29077
0.89301
0.26323
0.95128
0.29824
1.02292
0.45571
0.36564
0.68454
0.61824
0.30840
0.10470
0.92486
0.26226
0.47698
0.32033
0.52344
0.92610
0.40993
1.00256
0.91632
0.68652
0.25783
0.59195
0.17437
0.25421
0.46846
0.37584
0.69935
0.36642
0.68502
0.55273
0.81957
0.45800
0.31327
0.06763
0.90888
0.24202
0.88291
0.93365
0.67977
0.23277
0.24215
0.63855
0.67672
0.23492
0.22874
0.37689
0.89166
0.94131
0.23169
0.61900
0.72530
0.32172
0.35533
0.24823
0.40679
0.68153
0.69577
0.58744
0.26551
0.22158
0.58337
0.88035
0.63253
0.99184
0.72463
0.24562
0.32385
0.46313
0.14825
0.16364
0.95698
0.88787
0.58893
0.27905
0.13738
0.92838
0.21014
0.35839
0.29671
0.36330
0.28504
0.81222
0.78917
0.48387
0.30494
0.29141
0.29596
0.47677
1.00891
0.81801
0.22125
0.49671
0.68086
0.85562
0.22199
0.84528
0.22842
0.50812
0.70122
0.51350
0.69681
0.49352
0.27430
0.90498
0.31170
0.60839
0.06566
0.33092
0.40532
0.22343
0.15580
0.65777
0.19466
1.02437
0.52216
0.20280
0.48879
0.59098
0.22612
0.10288
0.54277
0.21169
0.60634
0.54077
0.44024
0.68935
0.23231
0.59488
0.42853
0.67197
0.22449
0.67750
0.78538
0.91021
0.21955
0.24712
0.29012
0.37026
0.37885
0.29347
0.79108
0.21822
0.18360
0.50619
0.33588
0.52483
0.15299
0.83441
0.79373
0.31965
0.35516
0.42541
0.64942
0.70816
0.70777
0.17127
0.47047
0.52803
0.15288
0.44447
0.94999
0.49874
0.82106
0.45003
0.24733
0.12475
0.21508
0.88555
0.68135
0.19383
0.23275
0.45206
0.68627
0.28437
0.12182
0.22796
0.52488
0.14992
0.45972
0.52647
0.24019
0.54184
0.71622
0.73305
0.64422
0.47460
0.37118
0.66323
0.19737
0.07271
0.92763
0.26171
0.65600
0.31695
0.30161
0.49282
0.36735
0.36232
0.69223
0.49872
0.62017
0.23334
0.19360
0.67048
0.33567
0.31834
0.21000
0.35653
0.60633
0.62159
0.83090
0.19768
0.21321
0.28038
0.09995
0.37348
0.57632
0.51882
0.79256
0.35261
0.72457
0.45617
0.31899
0.27572
0.22252
0.21524
0.37115
0.37671
0.71323
0.78322
0.32749
0.89356
0.26182
0.34463
0.88652
0.55001
0.09815
0.34849
0.60443
0.65270
0.68339
0.25522
0.93358
0.26321
0.24706
0.53684
0.82733
0.90797
0.70006
0.47783
0.69797
0.35327
0.12681
0.46222
0.52011
0.72430
0.39629
0.59746
0.51134
0.67409
0.94510
0.99541
0.31745
0.70612
0.81108
0.29754
0.29170
0.35828
0.91943
0.33195
0.68875
0.88414
0.30903
0.82126
0.47749
0.37712
0.31520
0.52910
0.83620
0.24738
0.79389
0.35972
1.00918
0.20785
0.66396
0.28765
0.21075
0.67193
0.26398
0.69984
0.66038
0.40448
0.47416
0.73068
0.30950
0.48631
0.32643
0.40353
0.83093
0.20959
0.17407
0.79006
0.80397
0.24063
0.84036
0.77479
0.72806
0.31018
0.18086
0.48175
0.20002
0.65580
0.66052
0.99684
0.10052
0.23606
0.54611
0.38364
0.29085
0.25790
0.82010
0.52681
0.25719
0.35565
0.08075
0.53196
0.10753
0.07880
0.10971
0.97338
0.27587
0.62839
0.31002
0.14198
0.29102
0.72586
0.60648
1.02382
0.69722
0.19718
0.90699
0.49378
0.64071
0.55908
0.09368
0.29194
0.87957
0.13629
0.90992
0.56614
0.64450
0.54761
0.36575
0.33174
0.15061
0.93681
0.31412
0.80444
0.57184
0.97588
0.17497
0.20509
0.46483
0.70223
0.69663
0.73142
0.26465
0.38648
0.53753
0.14571
0.86565
0.12496
0.44557
0.36554
0.21441
0.40741
0.35514
0.16956
0.11686
0.54981
0.61109
0.34740
0.71608
0.36347
0.13579
0.06597
0.57893
0.47271
0.26702
0.23461
0.31383
0.61529
0.10279
0.74346
0.94008
0.22933
0.81135
0.86408
0.64414
0.24815
0.67690
0.25292
0.39777
0.31813
0.14936
0.57840
0.77149
0.35400
0.64903
0.49104
0.80260
0.45717
0.58451
0.26811
0.32647
0.30019
0.66478
0.48605
0.54110
0.11102
0.45000
0.71471
0.68888
0.67080
0.09474
0.33537
0.23736
0.28229
0.52828
0.86194
0.64839
0.14320
0.53612
0.32280
0.66583
0.37891
0.32785
0.14230
0.53101
0.22902
0.92015
0.63373
0.18745
0.78969
0.45259
0.10643
0.08619
0.18369
0.30620
0.60565
0.23469
0.96821
0.23963
0.81315
0.55020
0.75419
0.17134
0.18792
0.81103
0.31533
0.32199
0.68942
0.21261
0.55871
0.16318
0.64951
0.99780
0.70511
0.58114
0.59070
0.11064
0.68110
0.71613
0.51746
0.56113
0.41965
0.19744
0.38626
0.51236
0.68361
0.22831
0.52380
0.15442
0.08794
0.31987
0.24999
0.52072
0.22452
0.65245
0.13740
0.41753
0.39283
0.26323
0.80136
0.16903
0.31720
0.89399
0.89675
0.14428
0.13304
0.54687
0.60433
0.26340
0.21300
0.27007
0.11743
0.42355
0.44009
0.64963
0.18682
0.47922
0.40247
0.76535
0.55082
0.53535
0.72649
0.22416
0.51569
0.11979
0.44524
0.40996
0.44863
0.28481
0.19454
0.19250
0.79882
0.76658
0.79287
0.53166
0.13976
0.78487
0.89347
0.92830
0.80337
0.46698
0.65702
0.57071
0.79386
0.28430
0.33016
0.65947
0.43981
0.15853
0.58343
0.68480
0.47079
0.21914
0.28055
0.19930
0.72319
0.94735
0.17468
0.57457
0.31074
0.20385
0.77919
0.43225
0.56868
0.30104
0.88257
0.85035
0.56730
0.50988
0.22102
0.82138
0.90509
0.67714
0.51925
0.16326
0.45052
0.93675
0.65108
0.10759
0.31782
0.26531
0.30287
0.24657
0.34213
0.54786
0.40676
0.29091
0.58354
0.21378
0.47750
0.39377
0.92663
0.62620
0.41977
0.90003
0.64498
0.24261
0.49550
0.74217
0.60692
0.71229
0.29145
0.64944
0.78706
0.13388
0.79633
0.16987
0.60302
0.21025
0.53037
0.09761
0.85427
0.30367
0.65724
0.63755
0.50633
0.30565
0.71922
0.31514
0.63355
0.51958
0.51485
0.58850
0.15011
0.21228
0.47260
0.23962
0.65817
0.49950
0.34357
0.95176
0.51381
0.70218
0.86757
0.36467
0.52515
0.29870
0.46853
0.19556
0.21867
0.66824
0.80675
0.52996
0.63257
0.57962
0.21436
0.13019
0.51341
0.37486
0.53342
0.88732
1.01419
0.96608
0.22590
0.25650
0.28562
0.62589
0.17475
0.72241
0.21291
0.32987
0.41755
0.78134
0.39053
0.11784
0.17646
0.87313
0.23633
0.58283
0.50771
0.64837
0.24584
0.38432
0.07984
0.74529
0.30637
0.20659
0.88282
0.10246
0.09714
0.12473
0.84028
0.17457
0.33121
0.29980
0.28826
0.32427
0.62731
0.20604
0.22696
0.21741
0.23581
0.88622
0.13826
0.05199
0.18897
0.63858
0.92544
0.70946
0.14488
0.19274
0.30367
0.61154
0.30554
0.73211
0.39181
0.50382
0.23761
0.70371
0.76586
0.34065
0.14753
0.70912
0.34748
0.35528
0.33140
0.17597
0.71974
0.31801
0.16658
0.36538
0.65203
0.36173
0.21714
0.15941
0.37287
0.83278
0.48068
0.90783
0.23388
0.27461
0.52391
0.28121
0.36076
0.50497
0.28846
0.82751
0.37794
0.89495
0.32398
0.36834
0.80595
0.93822
0.60696
0.71206
0.34115
0.22520
0.77676
0.66278
0.48181
0.11696
0.15933
0.56102
0.79963
0.70376
0.53243
0.88531
0.47694
0.52757
0.19307
0.54890
0.64594
0.13877
0.17998
0.87650
0.17385
0.16277
0.61150
0.25706
0.77718
0.14925
0.92573
0.39756
0.63028
0.39519
0.87109
0.66245
0.15211
0.53349
0.27802
0.37307
0.35358
0.90990
0.70048
0.34854
0.72913
0.36886
0.08836
0.90099
0.87237
0.38263
0.27575
0.42902
0.64832
0.28490
0.10079
0.85687
0.86940
0.79773
0.29953
0.32421
0.74097
0.67003
0.22727
0.81160
0.55914
0.82210
0.13909
0.42684
0.72833
0.89745
0.65783
0.21581
0.60636
0.21919
0.54925
0.52121
0.11712
0.19088
0.14947
0.49043
0.09071
0.60219
0.38046
0.45593
0.37062
0.80950
0.45366
0.12174
0.90740
0.53622
0.53107
0.35973
0.98784
0.90375
0.68226
0.06570
0.58351
0.14324
0.21974
0.37317
0.80809
0.10312
0.49535
0.65533
0.24511
0.24807
0.64110
0.47291
0.27355
0.30272
0.20034
0.66986
0.36032
0.66703
0.71100
0.28610
0.12979
0.66468
0.31479
0.41522
0.25812
0.36490
0.52093
0.51074
0.61801
0.59293
0.79540
0.32154
0.22134
0.88804
0.49833
0.12778
0.25634
0.47572
0.31025
0.22297
0.22767
0.77893
0.36461
0.24509
0.77367
0.38712
0.24922
0.69561
0.32304
0.56175
0.56596
0.42038
0.59479
0.34007
0.62656
0.62415
0.26066
0.67420
0.53300
0.81963
0.68937
0.21309
0.20651
0.38744
0.89991
0.47913
0.48508
0.14929
0.30087
0.12544
0.44458
0.52382
0.29502
0.31873
0.70626
0.66577
0.26494
0.87448
0.37593
0.69784
0.83423
0.20286
0.68298
0.79008
0.44437
0.72867
0.70755
0.22777
0.22868
0.79795
0.66988
0.56216
0.67913
0.99467
0.71329
0.05921
0.09850
0.12816
0.91844
0.89622
0.21166
0.06137
0.22150
0.74043
0.92549
0.39212
0.68649
0.15524
0.45700
0.91817
0.50588
0.46342
0.25251
0.69412
0.78227
0.81950
0.23051
0.48510
0.09924
0.92430
0.17585
0.63631
0.84970
0.20868
0.39848
0.51413
0.12627
0.36580
0.27621
0.20882
0.32810
0.57624
0.36822
0.52928
0.15075
0.81733
0.15501
0.25137
0.28074
0.23169
0.46493
0.08612
0.17593
0.72024
0.07722
0.64818
0.32197
0.73997
0.23496
0.38962
0.27317
0.09736
0.76296
0.81014
0.35622
0.15953
0.68693
0.11322
0.67101
0.22240
0.61890
0.64914
0.54438
0.34271
0.24964
0.85724
0.89468
0.29943
0.26004
0.20769
0.10697
0.31712
0.52355
0.38247
0.90986
0.52727
0.74350
0.63505
0.28073
0.30979
0.61495
0.47390
0.69368
0.29891
0.51659
0.66833
0.38497
0.35991
0.39986
0.98698
0.21748
0.60542
0.51310
0.49730
0.14935
0.78689
0.27175
0.99582
0.54110
0.33987
0.60947
0.49909
0.13227
0.61758
0.08355
0.44593
0.33898
0.59004
0.66664
0.64038
0.27722
0.61558
0.92218
0.26974
0.49239
0.50326
0.54218
0.82052
0.48440
0.07401
0.93698
0.21179
0.37712
0.54637
0.19099
0.64050
0.82518
0.54893
0.19335
0.33332
0.51995
0.60060
0.39625
0.26167
0.25102
0.64704
0.24084
0.31173
0.46187
0.80984
0.36973
0.64641
0.14302
0.26507
0.62874
0.43987
0.69263
0.79549
0.17829
0.07512
0.55153
0.22577
0.52354
0.37579
0.46930
0.32806
0.91050
0.81157
0.87440
0.64832
0.16384
0.33185
0.88709
0.79729
0.52461
0.17508
0.29664
0.11404
0.55775
0.52908
0.95391
0.88340
0.31962
0.55338
0.28152
0.81126
0.92653
0.21341
0.31643
0.80165
0.49688
0.82328
0.10522
0.54789
0.50866
0.46674
0.73105
0.39021
0.45335
0.47261
0.30551
0.90103
0.13860
0.27572
0.45038
0.59274
0.41794
0.28726
0.84835
0.61850
0.58237
0.56863
0.19675
0.54272
0.60145
0.71185
0.07986
0.25005
0.50884
0.31469
0.45023
0.15879
0.69953
0.24579
0.33552
0.49140
0.26707
0.70448
0.89741
0.33506
0.70802
0.14777
0.79331
0.92751
0.29251
0.15822
0.61698
0.78469
0.69770
0.29053
0.38711
0.40047
0.30601
0.55551
0.22392
0.81673
0.24471
0.12842
0.13289
0.82521
0.32832
0.67387
0.41156
0.34247
0.50313
0.40024
0.23330
0.69770
0.14887
0.79952
0.09054
0.11852
0.31287
0.31149
0.70874
0.80787
0.87996
0.14400
0.79100
0.71166
0.66996
0.80787
0.70646
0.16241
0.23213
0.09793
0.59960
0.91449
0.26600
0.28707
0.08762
0.11527
0.10864
0.77981
0.60766
0.33390
0.25978
0.97967
0.15326
0.68450
0.66496
0.21389
0.47741
0.40712
0.21625
0.29995
0.12339
0.28200
0.93826
0.30059
0.61752
0.49571
1.03356
0.72126
0.91040
0.37090
0.35886
0.19034
0.28242
0.76417
0.32228
0.57664
0.80934
0.57994
0.22075
0.08648
0.30806
0.79844
0.43031
0.78833
0.71144
0.26406
0.51495
0.59830
0.38372
0.17627
0.42592
0.92150
0.21048
0.85125
0.34208
0.16520
0.53045
0.33113
0.09799
0.52105
0.23019
0.31644
0.53088
0.33738
0.18177
0.71096
0.07123
0.25825
0.59817
0.12524
0.19876
0.40249
0.79174
0.49880
0.53890
0.22606
0.30563
0.40213
0.57535
0.70880
0.46689
0.88713
0.30644
0.64403
0.87959
0.72698
0.29551
0.22987
0.15848
0.08659
0.21475
0.92803
0.98534
0.28307
0.82649
0.72190
0.85442
0.65307
0.79854
0.39307
0.16261
0.70375
0.39966
0.21363
0.65827
0.22099
0.41010
0.24295
0.39970
0.53783
0.22032
0.18523
0.45417
0.19340
0.35033
0.19008
0.41966
0.23810
0.66551
0.70928
0.29617
0.50150
0.20218
1.00872
0.71329
0.64583
1.01657
0.72896
0.21094
0.91184
0.31100
0.14279
0.52216
0.57373
0.56304
0.23243
0.24116
0.90652
0.48534
0.78025
0.47186
0.54723
0.06387
0.66855
0.58757
0.77276
0.68888
0.07663
0.35766
0.71564
0.16663
0.68707
0.46976
0.25429
0.09748
0.14391
0.83340
0.36308
0.47166
0.30672
0.76673
0.89169
0.23686
0.45117
0.11827
0.31271
0.65092
0.63818
0.41554
0.71508
0.05884
0.53732
0.17638
0.44893
0.83610
0.48776
0.63244
0.14368
0.70183
0.22447
0.32739
0.10519
0.34042
0.50620
0.31271
0.34928
0.63313
0.77275
0.50378
0.25214
0.71703
0.24670
0.65885
0.17848
0.36295
0.43489
0.27518
0.36391
0.52515
0.71000
0.34411
0.11655
0.97670
0.29985
0.36701
0.22351
0.93463
0.14648
0.23070
0.82256
0.24714
0.15795
0.62465
0.89192
0.66538
0.65305
0.79073
0.68569
0.29270
0.50700
0.31187
0.20376
0.21557
0.89366
0.18481
0.70487
0.09610
0.94433
0.83100
0.23406
0.53104
0.21158
0.89462
0.71743
0.08388
0.97642
0.31078
0.68918
1.02669
0.34838
0.81922
0.19605
0.39723
0.12741
0.28126
0.66173
0.50891
0.43292
0.24261
0.53239
0.51706
0.71521
0.24664
0.69710
0.21771
0.28726
0.28703
0.28791
0.69898
0.42272
0.57354
0.09541
0.30683
0.56155
0.23813
0.21545
0.91570
0.19046
0.50927
0.78835
0.81991
0.21368
0.53838
0.65388
0.52136
0.77849
0.90501
0.06668
0.56283
0.82183
0.34870
0.63318
1.00782
0.62109
0.85031
0.68844
0.21452
0.27566
0.58898
0.77951
0.50164
0.13035
0.22023
0.93272
0.69377
0.79740
0.57894
0.78836
0.73501
0.23915
0.45380
0.18378
0.52053
0.66538
0.64877
0.16737
0.51630
0.73053
0.28443
0.23807
0.27345
1.01195
0.50297
0.56435
0.68304
0.11402
0.73743
0.91250
0.13870
0.10525
0.52455
0.20832
0.58591
0.27273
0.22585
0.16266
0.31296
0.34182
0.21262
0.73840
0.85532
0.10037
0.48313
0.70170
0.90161
0.68838
0.12635
0.95212
0.95808
0.59890
0.36866
0.11812
0.80167
0.91813
0.29117
0.69759
0.90621
0.52890
0.64261
0.50689
0.16340
0.29438
0.54638
0.92437
0.30783
0.91172
0.31310
0.74510
0.92213
0.83250
0.43230
0.92603
0.61794
0.29995
0.60142
0.69965
0.37213
0.41425
0.15925
0.42182
0.37752
0.27594
0.51910
0.21429
0.12133
0.34367
0.31624
0.80621
0.52834
0.70200
0.64560
0.42772
0.68772
0.95101
0.67185
0.20556
0.15782
0.97104
0.11929
0.56103
0.58240
0.29705
0.24067
0.64563
0.35438
0.13147
0.91033
0.17575
0.10523
0.21804
0.59630
0.08213
0.65459
0.24966
0.24035
0.47825
0.79726
0.73086
0.30967
0.28171
0.52589
0.19013
0.78453
0.28588
0.26627
0.42894
0.61746
0.28672
0.84221
0.83514
0.60436
0.05759
0.21191
0.65075
0.86498
0.29290
0.23406
0.58718
0.31953
0.63370
0.94084
0.91538
1.00688
0.32705
0.53063
0.07536
0.24355
0.31383
0.28081
0.32423
0.22864
0.94845
0.23687
0.47759
0.80277
0.37809
0.68385
0.32098
0.32503
0.69631
0.60478
0.41683
0.35612
0.33203
0.56446
0.26361
0.15710
0.70200
0.36490
0.68510
0.21270
0.73380
0.87857
0.30765
0.78713
0.77707
0.08146
0.34154
0.98602
0.29529
0.57077
0.22196
0.21293
0.17714
0.40435
0.31283
0.40552
0.70701
0.91264
0.48214
0.19506
0.13558
0.94026
0.37680
0.24073
0.08921
0.72695
0.29395
0.54545
0.20287
0.47848
0.19733
0.22253
0.33395
0.34363
0.96264
0.29788
0.98719
0.37483
0.22554
0.80301
0.65243
0.91492
0.27910
0.89500
0.16964
0.70184
0.82513
0.65093
0.06584
0.73127
0.88621
0.46045
0.89856
0.71176
0.99316
0.17121
0.73703
0.31597
0.38924
0.66128
0.57497
0.64671
0.08794
0.31207
0.47313
0.34534
0.06729
0.23333
0.53315
0.36539
0.27932
0.82959
0.33082
0.39243
0.51284
0.90002
0.52561
0.13394
0.13120
0.26934
0.33238
0.47209
0.53958
0.43412
0.80837
0.78639
0.11295
0.43179
0.50473
0.39116
0.21307
0.80825
0.52121
0.40382
0.16430
0.37708
0.66376
0.87456
0.72044
0.50489
0.72735
0.98889
0.59554
0.72556
0.12053
0.16908
0.53306
0.43317
0.82551
0.65360
0.79587
0.72015
0.68247
0.50226
0.21790
0.37348
0.91723
0.90976
0.16393
0.24600
0.14856
0.48019
0.86369
0.15809
0.62960
0.22897
0.32165
0.54141
0.58657
0.19027
0.10489
0.23187
0.73217
0.43867
0.28350
0.80116
0.50053
0.20143
0.25887
0.56186
0.31668
0.85379
0.26697
0.54860
0.21246
0.32096
0.22863
0.55314
0.53891
0.35374
0.50658
0.74843
0.67576
0.67718
0.79847
0.93208
0.31803
0.15731
0.21934
0.34666
0.28976
0.08051
0.24826
0.63070
0.79630
0.38457
0.40553
0.59331
0.24525
0.56661
0.80769
0.37524
0.22593
0.14042
0.46081
0.54268
0.18423
0.48905
0.70565
0.17879
0.79722
0.09975
0.84841
0.28877
0.51039
0.43619
0.64736
0.14941
0.21924
0.75636
0.17630
0.43876
0.93720
0.13801
0.12699
0.25742
0.32847
0.38122
0.65453
0.53385
0.22704
0.79675
0.46274
0.53933
0.36709
0.33355
0.65450
0.38249
0.19370
0.29842
0.68329
0.71461
0.51572
0.70530
0.48688
0.21812
0.89747
0.21824
0.47610
0.68519
0.13628
0.73354
0.31363
0.32538
0.68470
0.80560
0.92187
0.41182
0.54695
0.93479
0.35866
0.91382
0.63622
0.77732
0.27443
0.29868
0.25908
0.30146
0.54877
0.68659
0.24219
0.18851
0.65527
0.32409
0.20725
0.17977
0.25099
0.33064
0.49845
0.23413
0.16007
0.11904
0.80265
0.60848
0.81595
0.13442
0.22094
0.33564
0.48632
0.50908
0.63312
0.24125
0.47925
0.22599
0.69794
0.17286
0.44015
0.52801
0.41124
0.34093
0.70710
0.40956
0.16354
0.30393
0.26862
0.20897
0.73885
0.26841
0.64885
0.68420
0.72434
0.38890
0.08543
0.28765
0.67530
0.82125
0.87089
0.36689
0.45877
0.69843
0.63558
0.71371
0.45585
0.52300
0.25527
0.33916
0.71965
0.26961
0.61289
0.33005
0.55123
0.20068
0.44085
0.23348
0.22773
0.58279
0.35492
0.30072
0.39226
0.43254
0.46852
0.76807
0.20074
0.49970
0.28721
0.13861
0.34950
0.21544
0.80999
0.08829
0.90281
0.59360
0.07748
0.80712
0.39146
0.82764
0.40562
0.20805
0.43268
0.68699
0.23648
0.28266
0.54453
0.89624
0.29222
0.33097
0.92124
0.22772
0.34484
0.45555
0.82241
0.45543
0.69748
0.74294
0.62828
0.30636
0.71909
0.38454
0.28146
0.29359
0.25751
0.33957
0.48503
0.78013
0.42879
0.35692
0.68118
0.71749
0.73719
0.21032
0.73217
0.77434
0.20863
0.46171
0.51819
0.28936
0.47839
0.30194
1.01622
0.73191
0.50037
0.43439
0.40367
0.35238
0.73946
0.78833
0.20742
0.56994
0.50000
0.14366
0.16687
0.38134
0.80624
0.25582
0.86915
0.34085
0.18434
0.78526
0.29665
0.79318
0.29014
0.20414
0.17697
0.61021
0.56988
0.33984
0.16050
0.07174
0.06212
0.64323
0.79481
0.50258
0.41656
0.29917
0.16118
0.78651
0.22563
0.44388
0.80147
0.69371
0.31387
0.33998
0.22667
0.52686
0.20494
0.08880
0.23588
0.23914
0.80382
0.28506
0.71981
0.91520
0.07096
0.28865
0.47732
0.16683
0.31110
0.17598
0.48333
0.27751
0.21146
0.80016
0.10081
0.32875
0.38038
0.53964
0.36531
0.63644
0.21930
0.22660
0.24544
0.19530
0.78786
0.09192
0.48859
0.37439
0.57388
0.25657
0.51282
0.79890
0.63911
0.86651
0.74359
0.39320
0.17064
0.52813
0.22392
0.33577
0.89804
0.55685
0.35976
0.91815
0.38103
0.30004
0.82635
0.73378
0.23195
0.44018
0.26430
0.44289
0.11886
0.68573
0.13810
0.51361
0.25266
0.33538
0.41513
0.66028
0.32439
0.14227
0.09679
0.21411
0.65887
0.63440
0.46138
0.26953
0.91865
0.61396
0.84331
0.69774
0.38422
0.20420
0.08693
0.67780
0.15239
0.67082
0.28757
0.32508
1.01576
0.30733
0.69375
0.21783
0.12398
0.61603
0.08657
0.45850
0.37265
0.27794
0.14789
0.80483
0.12226
0.48658
0.13074
0.68374
0.38152
0.86669
0.80169
0.28494
0.29990
0.73115
0.36848
0.09256
0.69729
0.30146
0.42893
0.91017
0.20473
0.80997
0.75164
0.36770
0.88203
0.25147
0.87958
0.99935
0.36225
0.35686
0.91268
0.31817
0.34796
0.70073
0.33417
0.79449
0.62909
0.22786
0.50118
0.63620
0.87895
0.23551
0.45487
0.54779
0.59994
0.47310
0.71505
0.33825
0.77413
0.66612
0.12351
0.37154
0.19508
0.21213
0.65673
0.13285
0.80135
0.24107
0.82493
0.47761
0.33329
0.10367
0.16155
0.86633
0.58849
0.21075
0.55574
0.33351
0.46884
0.26747
0.32418
0.52035
0.63748
0.27094
0.50677
0.88648
0.37535
0.69689
0.21549
0.53002
0.70722
0.26159
0.46739
0.20631
0.24454
0.31312
0.32091
0.55643
0.64275
0.91604
0.32816
0.31993
0.80606
0.92026
0.63800
0.33160
0.68862
0.39529
0.32637
0.26763
0.32309
0.71600
0.29785
0.23243
0.58629
0.15859
0.33539
0.67652
0.29871
0.29787
0.42778
0.68042
0.30904
0.81504
0.27741
0.48738
0.22894
0.33849
0.39653
0.62977
0.31926
0.83326
0.12713
0.82758
0.88134
0.19006
0.71968
0.77964
0.63843
0.34944
0.44644
0.78967
0.13217
0.57460
0.89657
0.39207
0.19616
0.33850
0.19635
0.65637
0.61856
0.25285
0.58690
0.63839
0.67411
0.30987
0.28521
0.66763
0.90621
0.40950
0.31482
0.15674
0.49913
0.20267
0.79593
0.37077
0.34141
0.65186
0.69360
0.48841
0.91183
0.98415
0.50057
0.45978
0.52075
0.76700
0.26332
0.29407
0.79317
0.54115
0.80363
0.30356
0.79695
0.78500
0.51706
0.29257
0.39824
0.51152
0.12237
0.37531
0.67656
0.55791
0.71718
0.98480
0.86571
0.20333
0.77808
0.88026
0.22635
0.53037
0.91778
0.47146
0.97275
0.80577
0.17889
0.22513
0.55999
0.62005
0.87929
0.10708
0.86990
0.47705
0.71108
0.90255
0.17587
0.86674
0.25148
0.21103
0.99513
0.29641
0.72623
0.59852
0.79219
0.38567
0.63410
0.28954
0.20340
0.24263
0.66454
0.42607
0.34580
0.55123
0.52420
0.80839
0.33290
0.11173
0.45846
0.40184
0.16560
0.25697
0.15936
0.28510
0.07124
0.92102
0.39009
0.80595
0.41936
0.53627
0.27671
0.63466
0.38314
0.67345
0.62171
0.33241
0.11446
0.72493
0.38337
0.80801
0.90968
0.53714
0.42372
0.95488
0.62014
0.89902
0.94481
0.17125
0.53490
0.65659
0.15074
0.26683
0.45622
0.30474
0.42481
0.15791
0.27504
0.26477
0.21868
0.51961
0.27821
0.41956
0.89514
0.44267
0.73487
0.72562
0.31573
0.13438
0.25147
0.32380
0.44173
0.93631
0.42081
0.79834
0.46758
0.20792
0.19818
0.64730
0.08414
0.35883
0.89347
0.73359
0.20796
0.16000
0.27740
0.77966
0.65658
0.34633
0.44858
0.83182
0.71750
0.26006
0.11152
0.87008
0.30583
0.22120
0.15367
0.19895
0.58378
0.15902
0.22822
0.32759
0.86035
0.22693
0.37095
0.58187
0.69643
0.23851
0.15074
0.15873
0.54580
0.80357
0.19354
0.13760
0.89669
0.34103
0.76409
0.53350
0.52725
0.54923
1.00519
0.53530
0.32578
0.40133
0.44696
0.23413
0.51465
0.73289
0.10732
0.81164
0.14790
0.86333
0.09530
0.70429
1.02955
0.87532
0.80691
0.16905
0.22655
0.85558
0.51299
0.28646
0.64433
0.57430
0.72689
0.71586
0.89749
0.42191
0.73712
0.81334
0.70947
0.22678
0.33986
0.45023
0.28622
0.49806
0.66279
0.78881
0.69453
0.63348
0.22801
0.59177
0.90527
0.51808
0.21249
0.91452
0.59794
0.71155
0.31274
0.19184
0.80337
0.89137
0.20529
0.54255
1.02487
0.97120
0.29100
0.30572
0.52273
0.19171
0.31885
0.33712
0.48759
0.43046
0.49688
0.14560
0.39353
0.18900
0.32330
0.64627
0.87281
0.69131
0.18954
0.78389
0.07384
0.59954
0.17491
0.33283
0.20986
0.64055
0.33027
0.28270
0.29152
0.19412
0.28152
0.41204
0.31958
0.46978
0.66704
0.75910
0.36250
0.20221
0.20712
0.85527
0.70582
0.79318
0.58470
0.64835
0.73245
0.78929
0.22249
0.20592
0.51646
0.82357
0.30330
0.32208
0.07981
0.35217
0.11574
0.28987
0.32889
0.62358
0.62103
0.22565
0.45559
0.34086
0.64424
0.29014
0.71338
0.99991
0.19854
0.88628
0.84741
0.92652
0.59990
0.37684
0.97427
0.29942
0.07720
0.38840
0.19016
0.69281
0.33027
0.20531
0.79624
0.16643
0.33801
0.17641
0.24911
0.21749
0.67253
0.28355
0.63382
0.61657
0.11092
0.42573
0.36166
0.10951
0.23753
0.44093
0.20499
0.62484
0.28592
0.23930
0.89860
0.31461
0.36132
0.33186
0.73704
0.04712
0.22981
0.57570
0.23839
0.43649
0.17494
0.24254
0.67117
0.90430
0.14925
0.85237
0.96567
0.38914
0.33740
0.28587
0.11429
0.39279
0.23135
0.53665
0.49536
0.13198
0.38664
0.96363
0.33254
0.31034
0.26301
0.56834
0.80389
0.65016
0.39514
0.81683
0.82254
0.14774
0.36094
0.85872
0.29578
0.14604
0.16618
0.60771
0.88228
0.24128
0.98755
0.72295
0.11309
0.55969
0.68500
0.64443
0.13064
0.37448
0.45294
0.35959
0.88596
0.04114
0.08826
0.26251
0.17313
0.34614
0.44610
0.89879
0.59184
0.67122
0.45203
0.59126
0.57600
0.09521
0.36766
0.37995
0.32189
0.45151
0.14174
0.55134
0.20365
0.82533
0.37519
0.78367
0.63602
0.47730
0.53082
0.93065
0.26673
0.81911
0.55270
0.48901
0.78451
0.66785
0.37623
0.32880
0.77671
0.23337
0.57385
0.89021
0.50540
0.59884
0.42720
0.44388
0.86582
0.20874
0.44862
0.48337
0.12195
0.53000
0.88952
0.99879
0.20924
0.70892
1.00068
0.08262
0.42108
0.30711
0.29700
0.26819
0.16641
0.62817
0.15841
0.89258
0.29679
0.35104
0.27933
0.11097
0.24138
0.31092
0.67063
0.33099
0.29740
0.79457
0.24948
0.27826
0.91934
0.65713
0.82973
0.29235
0.51011
0.47219
0.72628
0.33843
0.68680
0.66419
0.20161
0.48224
0.55801
0.59315
0.65920
0.63308
0.49575
0.33372
0.14865
0.53237
0.11750
0.88564
0.46645
0.26854
0.13161
0.61595
0.97790
0.10399
0.72389
0.19775
0.38460
0.19336
0.38658
0.42001
0.31515
0.28639
0.24552
0.06903
0.88638
0.66031
0.31864
0.81793
0.60622
0.81011
0.06113
0.34654
0.62195
0.25021
0.52979
0.18696
0.29000
0.70613
0.17594
0.17654
0.24097
0.51555
0.79120
0.29511
0.22614
0.36876
0.37334
0.74197
0.32855
0.47901
0.20470
0.48129
0.40212
0.32407
0.32594
0.18713
0.30058
0.80383
0.14112
0.09113
0.28507
0.70879
0.78407
0.19981
0.57782
0.09185
0.65347
0.98075
0.84472
0.30083
0.23078
0.20480
0.28614
0.64940
0.10221
0.46882
0.25081
0.21873
0.53594
0.41280
0.28505
0.24621
0.47856
0.18289
0.49875
0.68356
0.92436
0.10890
0.90636
0.57223
0.55268
0.60515
0.34161
0.39250
0.20350
0.27754
0.41232
0.62908
0.89966
0.19193
0.10487
0.56354
0.23870
0.64798
0.60382
0.09525
0.50092
0.91529
0.93486
0.52128
0.15546
0.52543
0.69160
0.21660
0.69625
0.30787
0.55659
0.20300
0.49822
0.11229
0.40513
0.68192
0.52425
0.32166
0.30950
0.60589
0.24087
0.90044
0.64249
0.09281
0.08519
0.18194
0.11734
0.20653
0.25726
0.31486
0.80328
0.20052
0.58934
0.66291
0.45712
0.45202
0.38668
0.94011
0.14873
0.32562
0.66818
0.87141
0.82110
0.32823
0.56935
0.79153
0.53215
0.79069
0.30692
0.87808
0.80726
0.19299
0.65207
0.39364
1.00532
0.18523
0.19040
0.06389
0.23939
0.26966
0.57915
0.65642
0.46475
0.67866
0.71639
0.70355
0.59980
0.27196
0.25471
0.35839
0.23224
0.16190
0.46764
0.34926
0.32433
0.19535
0.09222
0.51340
0.32905
0.44554
0.40074
0.98989
0.40161
0.88922
0.70678
0.59192
0.62528
0.45131
0.68887
0.40284
0.58447
0.30322
0.99107
0.64945
0.70592
0.24921
0.60983
0.13437
0.20976
0.59488
0.24469
0.44146
0.90648
0.79591
0.68888
0.61150
0.81210
0.10958
0.52967
0.61519
0.21655
0.70306
0.65800
0.66207
0.90300
0.56040
0.77911
0.53147
0.59514
0.44986
0.13144
0.58331
0.33010
0.28761
0.45341
0.25347
0.10662
0.89091
0.74782
0.17265
0.39096
0.51914
0.29450
0.36515
0.35324
0.21913
0.19211
0.22033
0.49961
0.47879
0.65096
0.32477
0.33508
0.28410
0.92752
0.40064
0.33559
0.44357
0.20294
0.53051
0.37233
0.57547
0.61861
0.93011
0.42823
0.48290
0.98679
0.22352
0.39547
0.37262
0.55302
0.15281
0.78545
0.23888
0.08503
0.28883
0.21348
0.89098
0.69511
0.27745
0.57496
0.23629
0.58738
0.95690
0.17554
0.44401
0.68275
0.18308
0.79082
0.53565
0.25164
0.70143
0.67343
0.22515
0.67676
0.20354
0.59835
0.73244
0.54454
0.20321
0.87924
0.76955
0.52033
0.68825
0.25568
0.24624
0.72920
0.96919
0.83774
0.39524
0.10993
0.39138
0.61948
0.51920
0.56245
0.15819
0.67251
0.51177
0.58928
0.30118
0.22139
0.91130
0.33102
0.13783
0.91023
0.11202
0.46658
0.28885
0.07842
0.07309
0.72086
0.91236
0.94374
0.80467
0.21293
0.69734
0.18253
0.49176
0.74165
0.20829
0.33689
0.68981
0.19815
0.18292
0.67980
0.80894
0.56939
0.51802
0.17803
0.69461
0.33943
0.78933
0.25437
0.22219
0.13550
0.35051
0.78622
0.33357
0.54083
0.31094
0.73739
0.89167
0.54047
0.30602
0.50660
0.58776
0.27525
0.44643
0.47688
0.79821
0.31522
0.32532
0.08730
0.28300
0.17400
0.16034
0.81605
0.28455
0.10787
0.55043
0.15789
0.69174
0.80717
0.21141
0.82479
0.62898
0.96035
0.33636
0.14448
0.17856
0.19925
0.61082
0.19331
0.80465
0.20802
0.54565
0.23314
0.19311
0.25131
0.13255
0.99587
0.61946
0.94621
0.65259
0.89314
0.30020
0.60335
0.45013
0.69820
0.32550
0.30347
0.38265
0.81730
0.51163
0.18814
0.90485
0.24841
0.81238
0.54000
0.38207
0.50423
0.44989
0.26531
0.10094
0.35903
0.95380
0.67436
0.87610
0.31065
0.61963
0.89676
0.27009
0.68976
0.57761
0.47532
0.20960
0.63143
0.71513
0.22161
0.19923
0.70144
0.29092
0.09974
0.80638
0.28118
0.11252
0.78857
0.88526
0.81945
0.49064
0.30861
0.81469
0.50651
0.23234
0.12429
0.30829
0.33841
0.90114
0.20254
0.46457
0.37061
0.73533
0.50819
0.34971
0.19983
0.48407
0.13860
0.18573
0.22221
0.20670
0.50591
0.61904
0.17236
0.44435
0.58481
0.23725
0.59675
0.32302
0.50472
0.24450
0.72395
0.31346
0.63208
0.13024
0.24172
0.34136
0.54638
0.24720
0.61868
0.44582
0.27186
0.24029
0.08815
0.66143
0.33353
0.90381
0.23099
0.91123
0.51521
0.64828
0.24848
0.32550
0.99011
0.31268
0.21880
0.69829
0.55627
0.23321
0.21321
0.22593
0.91784
0.88629
0.22749
0.71389
0.48333
0.67142
0.78906
0.57749
0.41863
0.44958
0.89892
0.65761
0.80315
0.24683
0.33259
0.15180
0.68466
0.18736
0.24180
0.31602
0.65215
0.90613
0.25689
0.48673
0.79811
0.24815
0.92457
0.25492
0.22380
0.21263
0.52539
0.90892
0.71250
0.18648
0.68948
0.46732
0.69635
0.45968
0.47616
0.62423
0.76496
0.12245
0.54260
0.36158
0.82932
0.32643
0.91501
0.40547
0.62447
0.28339
0.50127
0.30344
0.54357
0.49383
0.53876
0.64603
0.80862
0.23827
0.69769
0.79497
0.28609
0.14745
0.51398
0.70924
0.30786
0.69907
0.91700
0.77841
0.62658
0.79968
0.60373
0.21175
0.57779
0.77971
0.92099
0.82064
0.81929
0.48243
0.46990
0.90170
0.11183
0.52581
0.26326
0.12985
0.50954
0.84669
0.30745
0.80890
0.62699
0.39398
0.33627
0.21808
0.72046
0.71312
0.30831
0.91369
0.31103
0.44010
1.00552
0.33922
0.95572
0.82603
0.30036
0.49708
0.76622
0.69498
0.44312
0.31967
0.63899
0.67975
0.45116
0.28953
0.59144
0.69088
0.56845
0.87694
0.25640
0.77605
0.89981
0.12358
0.25583
0.71918
0.81935
0.81315
0.51701
0.52179
0.29352
0.23664
0.80038
0.14203
0.21718
0.81001
0.13223
0.79466
0.80671
0.42576
0.47276
0.62729
0.60534
0.73504
0.31698
0.49580
0.46499
0.44472
0.21436
0.89868
0.83569
0.27059
0.79187
0.64622
0.20120
0.29300
0.37706
0.91429
0.62591
0.70663
0.51113
0.72240
0.80619
0.35034
0.19168
0.48932
0.20972
0.62352
0.13441
0.07989
0.61655
0.15002
0.68181
0.33259
0.36610
0.25388
0.64520
0.14335
0.07516
0.45051
0.21781
0.47562
0.60311
0.06897
0.59870
0.06758
0.79338
0.45120
0.40609
0.71954
0.80534
0.25433
0.58411
0.19956
0.20549
0.16765
0.47609
0.61175
0.67379
0.88523
0.95018
0.71137
0.94500
0.40205
0.51246
0.46046
0.70887
0.23042
0.47539
0.91834
1.00250
0.68462
0.81491
0.20667
0.60194
0.38009
0.39442
0.33955
0.21488
0.67034
0.56289
0.61952
0.80130
0.44860
0.08765
0.31338
0.64428
0.67241
0.28053
0.83485
0.72505
0.11735
0.44667
0.37671
0.80190
0.52311
0.68273
0.21335
0.68539
0.37674
0.13525
0.87326
0.57270
0.65866
0.22823
0.48095
0.54980
0.50295
0.21537
0.70464
0.52858
0.82101
0.81977
0.89724
0.41384
0.38581
0.07213
0.24283
0.79033
0.54044
0.61521
0.09839
0.26928
0.58022
0.20262
0.38413
0.86570
0.13190
0.48236
0.68106
0.21467
0.14731
0.14738
0.30468
0.84492
0.80199
0.36637
0.41623
0.22759
0.30749
0.58472
0.22908
0.50557
0.22873
0.44914
0.50416
0.66879
0.39059
0.57435
0.83571
0.24693
0.46424
0.15360
0.36936
0.14865
0.68573
0.05897
0.42178
0.09285
0.23852
0.35732
0.85145
0.64963
0.31353
0.42593
0.36532
0.89710
0.81037
0.31276
0.23919
0.46154
0.31623
0.59198
0.35218
1.01557
0.14975
0.16487
0.49404
0.24660
0.22910
0.34549
0.34758
0.58385
0.73442
0.72629
0.80456
0.11855
0.33054
0.21728
0.14326
0.15704
0.25602
0.32996
0.68078
0.81554
0.26895
0.23173
0.68302
0.21126
0.07592
0.31086
0.92453
0.45029
0.48773
0.37619
0.64288
0.67784
0.64830
0.16923
0.61886
0.62622
0.71624
0.30445
0.20325
0.68024
0.09514
0.16678
0.05976
0.71401
0.67375
0.14145
0.74510
0.70877
