0.85632
0.26668
0.38262
0.15003
0.55146
0.17084
0.94941
0.23512
0.92739
0.53093
0.50463
0.90377
0.84450
0.38484
0.29886
0.86871
0.15429
0.79800
0.90469
0.72770
0.10421
0.49548
0.12387
0.36491
0.05312
0.78032
0.25137
0.69495
0.80206
0.94198
0.80430
0.69191
0.12061
0.55527
0.49444
0.35018
0.83588
0.45806
0.35439
0.89586
0.79278
0.13913
0.49929
0.32071
0.51356
0.49244
0.29787
0.18478
0.15659
0.50006
0.79268
0.49075
0.35630
0.06491
0.61890
0.66245
0.45141
0.04820
0.25951
0.48857
0.49761
0.07226
0.46398
0.50827
0.85685
0.67139
0.23280
0.07410
0.69903
0.87219
0.81072
0.47279
0.44294
0.15578
0.87482
0.86560
0.49806
0.92753
0.95138
0.17780
0.50508
0.92046
0.54793
0.50105
0.64581
0.55242
0.31394
0.83822
0.86212
0.90890
0.49760
0.06930
0.16252
0.69011
0.71468
0.15028
0.27391
0.92775
0.28321
0.30080
0.68423
0.05828
0.80672
0.17329
0.87520
0.26596
0.89052
0.93890
0.59327
0.18541
0.49803
0.42993
0.91568
0.29590
0.42299
0.14206
0.21576
0.76877
0.31104
0.52681
0.72624
0.91220
0.75399
0.69905
0.50345
0.26761
0.65859
0.26798
0.32993
0.53026
0.55700
0.36038
0.51660
0.59966
0.16746
0.54845
0.08840
0.70248
0.35696
0.51078
0.29890
0.54662
0.67615
0.66936
0.17529
0.21823
0.31395
0.88819
0.85213
0.47824
0.83144
0.84004
0.50870
0.57453
0.63428
0.75991
0.17709
0.67877
0.23149
0.72150
0.22814
0.54129
0.49130
0.57336
0.88351
0.90663
0.17920
0.27170
0.05060
0.36454
0.63991
0.52806
0.91708
0.25888
0.58059
0.81500
0.50305
0.03576
0.22880
0.84428
0.58518
0.26239
0.84253
0.68558
0.87217
0.58591
0.50628
0.74329
0.70345
0.63469
0.30892
0.82386
0.94735
0.81954
0.55394
0.46017
0.88758
0.49388
0.88523
0.51129
0.86137
0.66295
0.78730
0.90293
0.16428
0.10391
0.88991
0.28746
0.90529
0.05112
0.78709
0.05466
0.25414
0.19060
0.22564
0.80531
0.18001
0.59302
0.59048
0.78603
0.66085
0.86575
0.31713
0.59933
0.66980
0.21286
0.30597
0.07461
0.80435
0.53957
0.51416
0.47445
0.93934
0.32089
0.34745
0.82967
0.15997
0.20470
0.29933
0.64288
0.05820
0.68649
0.45994
0.14246
0.37743
0.52192
0.33490
0.07029
0.29918
0.19748
0.04850
0.79152
0.84768
0.16547
0.22603
0.69496
0.76710
0.82969
0.28000
0.48895
0.81233
0.79271
0.92518
0.16250
0.67112
0.14432
0.88125
0.22983
0.81699
0.78762
0.88794
0.67376
0.92120
0.86220
0.49239
0.13127
0.79824
0.82742
0.47513
0.96536
0.07631
0.77069
0.45611
0.88012
0.12475
0.93808
0.23925
0.76035
0.67144
0.55344
0.69310
0.33126
0.23986
0.50451
0.24366
0.83355
0.81527
0.51601
0.50842
0.67746
0.52117
0.49050
0.30406
0.48819
0.51260
0.46486
0.50463
0.36161
0.71597
0.53325
0.28511
0.46744
0.32159
0.09409
0.31221
0.15364
0.31631
0.15777
0.45720
0.90384
0.40665
0.83398
0.39308
0.54316
0.14608
0.87215
0.68824
0.57041
0.07112
0.81332
0.66227
0.67527
0.90556
0.75226
0.89355
0.55038
0.51799
0.77703
0.93638
0.87379
0.33002
0.82081
0.91493
0.50407
0.07363
0.68927
0.05588
0.23641
0.51084
0.47403
0.83097
0.30483
0.92134
0.48670
0.18609
0.80303
0.27682
0.31916
0.98305
0.25939
0.16104
0.48171
0.61646
0.91104
0.92542
0.53251
0.92766
0.21448
0.47835
0.89934
0.92967
0.09484
0.90284
0.81212
0.86330
0.19130
0.15399
0.86055
0.06905
0.43662
0.51782
0.80590
0.49737
0.77449
0.68691
0.08974
0.59134
0.30979
0.84115
0.80142
0.14878
0.19814
0.86038
0.76172
0.46205
0.95649
0.31828
0.48384
0.48993
0.54516
0.29749
0.63971
0.49484
0.91232
0.33196
0.21254
0.79845
0.78315
0.67147
0.31314
0.49452
0.15228
0.78293
0.56234
0.58975
0.57612
0.87689
0.13165
0.86346
0.32250
0.30090
0.53169
0.87925
0.82797
0.90917
0.52928
0.88603
0.50736
0.84239
0.29707
0.07080
0.94430
0.20022
0.77891
0.68980
0.50259
0.07535
0.21215
0.90262
0.08585
0.65809
0.80637
0.47537
0.91184
0.37488
0.87411
0.49859
0.91388
0.33608
0.17646
0.09791
0.39837
0.20609
0.55764
0.77882
0.76918
0.02212
0.28264
0.97440
0.30690
0.85967
0.47556
0.53309
0.04427
0.83916
0.78097
0.13623
0.88091
0.34359
0.55606
0.69425
0.54938
0.90692
0.33944
0.50945
0.86873
0.13411
0.92306
0.91717
0.10145
0.53017
0.68013
0.34958
0.20924
0.30150
0.61854
0.69298
0.53956
0.80110
0.81635
0.79275
0.88737
0.17323
0.20460
0.83918
0.62273
0.19394
0.29679
0.49249
0.20227
0.51385
0.63986
0.65244
0.33416
0.84627
0.50974
0.51913
0.18068
0.51088
0.68072
0.20936
0.70883
0.18694
0.13217
0.58404
0.04762
0.01464
0.60088
0.80787
0.37093
0.94935
0.50344
0.50367
0.79919
0.47534
0.92226
0.78508
0.89191
0.56333
0.50738
0.00762
0.82745
0.25818
0.52179
0.03600
0.07280
0.49845
0.05342
0.60601
0.55197
0.72067
0.77763
0.61670
0.49969
0.49170
0.14448
0.47260
0.89518
0.73054
0.86736
0.21108
0.27145
0.53991
0.86229
0.91101
0.92628
0.13884
0.35989
0.08306
0.90661
0.70060
0.18204
0.58701
0.31221
0.09735
0.81578
0.77527
0.86796
0.80494
0.81693
0.54821
0.80195
0.14712
0.31490
0.29544
0.50209
0.87630
0.07088
0.51060
0.28642
0.47315
0.36054
0.03031
0.83474
0.60397
0.57486
0.85761
0.23191
0.81316
0.07371
0.55876
0.31022
0.23039
0.98167
0.85035
0.76519
0.44019
0.49084
0.87614
0.73472
0.52979
0.86351
0.25408
0.81768
0.84080
0.04831
0.52195
0.05914
0.14957
0.52086
0.38755
0.69355
0.15202
0.94179
0.31630
0.31498
0.68734
0.04657
0.89961
0.25599
0.73238
0.78023
0.75546
0.69919
0.37604
0.81203
0.70085
0.19041
0.08727
0.16150
0.54033
0.48316
0.52462
0.70627
0.85925
0.19975
0.17545
0.87890
0.92164
0.92295
0.84122
0.79558
0.65484
0.45220
0.51201
0.06288
0.52238
0.62864
0.37887
0.89872
0.67674
0.86771
0.06842
0.05711
0.89305
0.05467
0.82850
0.52321
0.51502
0.24788
0.94514
0.49569
0.76581
0.67317
0.65998
0.31805
0.28894
0.86523
0.61658
0.67913
0.18868
0.92055
0.88226
0.77542
0.38936
0.33563
0.19703
0.83573
0.32490
0.32377
0.54843
0.83142
0.65313
0.69142
0.57097
0.46335
0.14694
0.65155
0.12771
0.47669
0.35127
0.36343
0.66527
0.90492
0.26545
0.30895
0.81336
0.29242
0.89460
0.60911
0.80282
0.70040
0.89091
0.13167
0.56389
0.35856
0.78522
0.21061
0.53430
0.18222
0.58848
0.57125
0.78466
0.44925
0.58488
0.66726
0.07214
0.66636
0.22141
0.30034
0.49475
0.07278
0.61047
0.31823
0.91712
0.17684
0.89761
0.18882
0.94601
0.02306
0.47906
0.66215
0.19462
0.27358
0.17833
0.82685
0.52321
0.16596
0.50802
0.32335
0.90892
0.23420
0.48934
0.82659
0.79396
0.32009
0.36514
0.17897
0.51412
0.45076
0.83070
0.63623
0.52702
0.92424
0.83957
0.58603
0.91279
0.84522
0.53293
0.26406
0.19194
0.36114
0.91806
0.86276
0.51664
0.49526
0.51893
0.32989
0.39640
0.72568
0.83851
0.15186
0.30967
0.33911
0.29335
0.80524
0.81612
0.19675
0.92910
0.15334
0.66598
0.31412
0.20021
0.69587
0.50293
0.75293
0.86727
0.51665
0.88584
0.79499
0.07139
0.82253
0.93013
0.86591
0.79848
0.71537
0.58348
0.86509
0.87358
0.69661
0.16195
0.79257
0.83021
0.15327
0.90277
0.14712
0.84122
0.66185
0.73120
0.81692
0.47789
0.67113
0.91406
0.89279
0.27618
0.65986
0.51287
0.91583
0.46092
0.48499
0.65115
0.68244
0.69415
0.70675
0.93462
0.84226
0.49109
0.14073
0.87799
0.44351
0.81447
0.84301
0.76775
0.87620
0.91038
0.86606
0.81845
0.66795
0.19616
0.32745
0.29769
0.64297
0.71479
0.50857
0.86818
0.33414
0.48764
0.68818
0.87048
0.18907
0.58262
0.85481
0.19880
0.33416
0.87100
0.89238
0.96465
0.87490
0.51093
0.21718
0.79437
0.46096
0.79678
0.04804
0.56472
0.78219
0.82378
0.20401
0.44212
0.50479
0.85164
0.16832
0.48468
0.70243
0.81846
0.47557
0.76039
0.81580
0.18860
0.21494
0.35053
0.57848
0.33951
0.86741
0.70044
0.68835
0.44722
0.85573
0.15898
0.81073
0.30085
0.92756
0.91502
0.31115
0.64704
0.74111
0.12981
0.49802
0.92496
0.89060
0.92874
0.31542
0.09708
0.23371
0.92166
0.14798
0.84157
0.80071
0.37160
0.51448
0.55598
0.06808
0.80728
0.37670
0.74178
0.30591
0.87320
0.52538
0.80598
0.86041
0.87428
0.17496
0.57413
0.24793
0.04465
0.12666
0.87329
0.75994
0.82301
0.65751
0.47806
0.04808
0.32401
0.49380
0.40040
0.74531
0.21766
0.61251
0.20770
0.30286
0.39060
0.68949
0.67014
0.49993
0.85316
0.32063
0.49072
0.95809
0.47967
0.47332
0.09668
0.82095
0.50446
0.09392
0.46321
0.50376
0.29795
0.19895
0.47436
0.33462
0.87985
0.40202
0.93639
0.82680
0.68271
0.30676
0.28268
0.82983
0.45554
0.70052
0.92910
0.84563
0.14875
0.57948
0.80338
0.18920
0.31821
0.84850
0.67855
0.46929
0.65205
0.83470
0.34046
0.04169
0.86218
0.32358
0.67631
0.48142
0.38613
0.92639
0.77992
0.20273
0.78172
0.21450
0.07449
0.63186
0.48394
0.27923
0.21847
0.55174
0.50645
0.20681
0.08977
0.01614
0.27251
0.38787
0.82797
0.87004
0.26864
0.91169
0.84667
0.31282
0.33818
0.76798
0.92498
0.29502
0.37926
0.69594
0.85936
0.87225
0.09774
0.75682
0.18121
0.86285
0.88703
0.55549
0.44956
0.91624
0.48489
0.70852
0.93522
0.82254
0.50484
0.28920
0.91553
0.67572
0.76625
0.63959
0.79828
0.26744
0.50143
0.20217
0.87779
0.48133
0.33116
0.48004
0.65988
0.50011
0.82238
0.17520
0.18808
0.50520
0.06901
0.01589
0.75350
0.84734
0.48971
0.51426
0.15098
0.92728
0.48778
0.49897
0.13412
0.87679
0.73982
0.65252
0.67335
0.22248
0.78400
0.88605
0.53539
0.94176
0.85801
0.49681
0.93995
0.46593
0.76079
0.07270
0.86197
0.88803
0.32724
0.16234
0.71731
0.76799
0.14956
0.19618
0.62545
0.06992
0.89085
0.20079
0.48639
0.75718
0.24405
0.85082
0.80486
0.85151
0.69844
0.25630
0.47075
0.32846
0.15460
0.67153
0.22884
0.84778
0.19597
0.77625
0.77722
0.87645
0.82257
0.15089
0.32114
0.14335
0.05249
0.08656
0.89197
0.54807
0.18033
0.03418
0.87369
0.24077
0.92208
0.33672
0.25898
0.80076
0.61207
0.96299
0.25559
0.51938
0.61227
0.58749
0.27483
0.48476
0.32481
0.50624
0.45461
0.28368
0.28117
0.33272
0.29622
0.21239
0.89510
0.07944
0.49871
0.14265
0.57976
0.52102
0.50638
0.27832
0.79495
0.30164
0.06166
0.49571
0.30816
0.18906
0.06773
0.20918
0.17938
0.31285
0.87423
0.35080
0.17420
0.69589
0.89023
0.51234
0.84833
0.19592
0.79950
0.81029
0.87766
0.24076
0.13430
0.10759
0.70626
0.51825
0.02547
0.53648
0.83682
0.89544
0.69129
0.50145
0.72411
0.30929
0.89136
0.70755
0.78316
0.90015
0.96513
0.29350
0.70234
0.09190
0.56769
0.58463
0.70149
0.96103
0.66141
0.69542
0.79675
0.56472
0.50056
0.20226
0.45001
0.30633
0.62232
0.79636
0.81411
0.70403
0.84950
0.48673
0.75740
0.86356
0.10593
0.15791
0.48562
0.54122
0.93338
0.51723
0.60677
0.88934
0.59881
0.35295
0.85867
0.64600
0.30594
0.85457
0.68255
0.26567
0.72645
0.19039
0.37862
0.82478
0.48776
0.93642
0.79460
0.76288
0.51335
0.92262
0.76562
0.29062
0.92368
0.47627
0.75909
0.87832
0.37865
0.78272
0.38022
0.50378
0.47567
0.78206
0.82792
0.16083
0.02284
0.87704
0.60905
0.69597
0.27128
0.69549
0.22725
0.68473
0.31563
0.16755
0.93898
0.53439
0.87078
0.80852
0.94084
0.71845
0.62138
0.95443
0.50968
0.01716
0.33610
0.17179
0.68100
0.24716
0.40350
0.81127
0.64985
0.68667
0.07453
0.67718
0.32750
0.69023
0.61268
0.86138
0.02989
0.50605
0.65328
0.83394
0.91631
0.82421
0.87381
0.92158
0.84371
0.17024
0.48143
0.57888
0.20365
0.48650
0.87346
0.59640
0.49459
0.85064
0.23526
0.39404
0.81283
0.83511
0.17181
0.82330
0.30919
0.51552
0.13070
0.79881
0.65396
0.51047
0.50290
0.94232
0.36807
0.78974
0.34191
0.41471
0.70744
0.56868
0.82997
0.94496
0.64347
0.53491
0.52651
0.82687
0.05768
0.20366
0.64182
0.88318
0.08662
0.50719
0.79265
0.28780
0.64343
0.32502
0.22419
0.09407
0.65538
0.94095
0.84870
0.90921
0.81348
0.81940
0.78264
0.75969
0.55123
0.49305
0.08888
0.64491
0.32863
0.54950
0.91436
0.52353
0.03101
0.89175
0.16245
0.57189
0.62205
0.69242
0.16021
0.50701
0.68113
0.30839
0.81491
0.65624
0.30725
0.53388
0.73999
0.52250
0.11968
0.15868
0.19593
0.90010
0.58400
0.46004
0.09203
0.68324
0.79825
0.49331
0.82517
0.77574
0.54190
0.96968
0.31225
0.65825
0.82346
0.55549
0.29630
0.70701
0.72647
0.81461
0.87714
0.47823
0.89251
0.31420
0.20496
0.89943
0.48696
0.90380
0.84319
0.17069
0.82485
0.19719
0.08644
0.68705
0.53212
-0.00294
0.23213
0.33298
0.52866
0.88265
0.70343
0.92223
0.76873
0.80378
0.01196
0.85519
0.58890
0.22268
0.31334
0.82272
0.80725
0.21450
0.49255
0.94495
0.29897
0.47540
0.75507
0.05131
0.02891
0.84592
0.93308
0.82472
0.49307
0.23546
0.56737
0.56235
0.09981
0.06307
0.35571
0.27642
0.15669
0.16727
0.41671
0.63365
0.81410
0.49822
0.15375
0.79896
0.93323
0.17732
0.77382
0.73905
0.92378
0.90119
0.17352
0.03734
0.63234
0.13227
0.90967
0.52693
0.19402
0.76023
0.77450
0.91973
0.51656
0.85254
0.79035
0.22304
0.68047
0.21560
0.82470
0.49239
0.17620
0.71290
0.28623
0.84565
0.16393
0.92037
0.93142
0.49678
0.69732
0.49356
0.47895
0.21950
0.12319
0.57056
0.57181
0.68506
0.80929
0.22137
0.82455
0.67209
0.47254
0.84129
0.62519
0.57153
0.29740
0.86387
0.78476
0.40174
0.20047
0.78891
0.90492
0.87622
0.11163
0.49002
0.19538
0.64307
0.90104
0.85896
0.85998
0.94724
0.86447
0.62567
0.87148
0.78512
0.85783
0.29113
0.50593
0.87615
0.73902
0.75424
0.15013
0.51802
0.32482
0.06103
0.32256
0.67363
0.50616
0.17576
0.11596
0.57513
0.33478
0.14032
0.15956
0.50311
0.60342
0.82111
0.06801
0.59552
0.14473
0.47439
0.15076
0.69333
0.32762
0.75880
0.32059
0.14179
0.52089
0.59906
0.66983
0.23335
0.15623
0.68679
0.48350
0.67647
0.52684
0.83453
0.13352
0.52865
0.33935
0.08353
0.84831
0.70945
0.51094
0.78688
0.47236
0.62438
0.80779
0.63981
0.25234
0.80312
0.45597
0.92166
0.76055
0.22579
0.83516
0.54435
0.20508
0.18044
0.65034
0.46105
0.68565
0.80802
0.81501
0.48552
0.78088
0.30040
0.81403
0.70785
0.86348
0.48931
0.91916
0.79982
0.83731
0.88935
0.21176
0.34527
0.49593
0.92714
0.44833
0.54273
0.92984
0.85456
0.89578
0.92809
0.49524
0.90157
0.20828
0.51616
0.23327
0.34436
0.92004
0.78366
0.11663
0.50182
0.79827
0.33946
0.22452
0.13683
0.53108
0.86491
0.77022
0.87872
0.13042
0.05601
0.78278
0.90699
0.55865
0.31584
0.16530
0.76599
0.20492
0.54285
0.93082
0.84108
0.14597
0.33310
0.84633
0.78290
0.62018
0.86358
0.77660
0.61895
0.50373
0.79254
0.83719
0.49455
0.52356
0.49376
0.81145
0.29057
0.91337
0.17774
0.82325
0.13647
0.67500
0.96059
0.48707
0.31888
0.20988
0.25646
0.86743
0.21114
0.16032
0.74321
0.64291
0.21684
0.81458
0.54773
0.52028
0.33032
0.84796
0.82709
0.65317
0.10251
0.52007
0.90949
0.71172
0.48923
0.47780
0.47282
0.30674
0.85598
0.91635
0.25528
0.50384
0.68163
0.79265
0.09987
0.52799
0.83113
0.87030
0.15182
0.70403
0.22600
0.47817
0.84504
0.34133
0.70404
0.51051
0.51660
0.23647
0.92392
0.06652
0.86183
0.66615
0.32338
0.48706
0.27017
0.48242
0.29267
0.67026
0.31965
0.88271
0.40005
0.09167
0.40183
0.85432
0.96128
0.54527
0.23779
0.32738
0.21945
0.16564
0.22883
0.48341
0.84416
0.61565
0.84587
0.63082
0.17314
0.89807
0.21499
0.32904
0.75654
0.96091
0.53111
0.88607
0.19161
0.84832
0.68056
0.32670
0.83674
0.64554
0.18488
0.49057
0.92748
0.82936
0.66956
0.54355
0.20311
0.92706
0.63893
0.94418
0.11073
0.68849
0.31511
0.31981
0.52692
0.71503
0.31482
0.79167
0.16116
0.46223
0.20183
0.68908
0.10140
0.34478
0.04472
0.14600
0.62671
0.29406
0.21654
0.64342
0.69535
0.07111
0.29360
0.21746
0.34943
0.85634
0.33267
0.77078
0.63188
0.88058
0.27894
0.37078
0.32212
0.90203
0.02908
0.83536
0.63731
0.71078
0.31340
0.07745
0.08251
0.95854
0.87096
0.14483
0.49721
0.17358
0.64505
0.68963
0.29692
0.79711
0.44994
0.63570
0.88711
0.49421
0.63526
0.84855
0.15527
0.05882
0.65313
0.29700
0.80826
0.81377
0.24900
0.36824
0.03209
0.33566
0.87516
0.83917
0.89637
0.86844
0.20017
0.16935
0.87102
0.61840
0.67887
0.16058
0.78750
0.90833
0.93227
0.29674
0.46443
0.79630
0.49957
0.66239
0.59420
0.23159
0.60855
0.39045
0.20780
0.83739
0.52964
0.93718
0.53030
0.70298
0.93712
0.49467
0.64290
0.38374
0.60474
0.29075
0.70533
0.69126
0.54870
0.49660
0.54915
0.88354
0.27488
0.07566
0.33536
0.17546
0.46905
0.21837
0.87650
0.51341
0.54584
0.46850
0.31250
0.19312
0.31238
0.93450
0.83447
0.58301
0.33206
0.78241
0.86215
0.04925
0.51122
0.58716
0.47925
0.77935
0.16077
0.91081
0.40339
0.26478
0.80496
0.47734
0.57665
0.69410
0.60263
0.16746
0.63731
0.91560
0.86858
0.92856
0.17126
0.12814
0.88683
0.14755
0.94913
0.82703
0.06126
0.83891
0.50772
0.47855
0.10316
0.95102
0.65820
0.41448
0.86282
0.13998
0.51173
0.07103
0.56605
0.49071
0.80571
0.31907
0.32942
0.49454
0.62935
0.82680
0.24375
0.74705
0.84176
0.29995
0.46476
0.84059
0.93010
0.86992
0.24102
0.62692
0.52529
0.25311
0.53646
0.88055
0.72820
0.70690
0.75585
0.91543
0.29991
0.66553
0.65908
0.69443
0.57668
0.48470
0.88079
0.87662
0.80659
0.80455
0.16322
0.13288
0.82618
0.71869
0.33175
0.53273
0.77156
0.78844
0.53164
0.69523
0.34104
0.86005
0.55633
0.04846
0.26219
0.32086
0.49594
0.51998
0.32088
0.59511
0.61088
0.92153
0.90517
0.94306
0.44180
0.55914
0.82140
0.84818
0.33485
0.24720
0.46718
0.41507
0.86526
0.50400
0.06530
0.66159
0.67789
0.63312
0.87658
0.44092
0.16257
0.52393
0.15971
0.67925
0.51172
0.93087
0.33719
0.73565
0.74857
0.32278
0.32293
0.48934
0.02590
0.50657
0.29817
0.06448
0.09188
0.87943
0.22175
0.52068
0.50786
0.77178
0.34454
0.13351
0.73308
0.83845
0.46488
0.63011
0.88375
0.91072
0.32061
0.79574
0.28031
0.29113
0.30347
0.57635
0.53362
0.82472
0.88524
0.34442
0.78015
0.43286
0.75295
0.50891
0.09049
0.19851
0.30054
0.39714
0.81377
0.91602
0.55359
0.76755
0.77719
0.31931
0.87943
0.91198
0.30346
0.90478
0.56408
0.79595
0.66113
0.49395
0.20786
0.92759
0.29074
0.95437
0.44561
0.86524
0.80890
0.90667
0.50618
0.39546
0.33611
0.81454
0.27768
0.20139
0.63929
0.12370
0.31859
0.54447
0.49600
0.67016
0.70252
0.08362
0.21206
0.55617
0.94278
0.64215
0.50475
0.85826
0.46898
0.15445
0.47169
0.14281
0.83438
0.66432
0.49325
0.07129
0.15330
0.59642
0.71424
0.50371
0.81901
0.80590
0.90029
0.47154
0.72044
0.53190
0.85319
0.66680
0.47793
0.49082
0.66729
0.02430
0.09311
0.90287
0.19942
0.01397
0.16634
0.50609
0.29639
0.70027
0.49778
0.52528
0.83067
0.24518
0.15196
0.78164
0.87087
0.84061
0.49770
0.81843
0.49216
0.69434
0.88912
0.50872
0.35492
0.51836
0.92780
0.17644
0.19335
0.85699
0.08091
0.16768
0.90315
0.63224
0.93702
0.16755
0.18104
0.67830
0.89451
0.82331
0.55125
0.51636
0.81742
0.54280
0.82276
0.91176
0.96239
0.50828
0.24850
0.82357
0.63654
0.68309
0.93243
0.83354
0.26135
0.77207
0.36953
0.57744
0.62769
0.83326
0.89081
0.31728
0.15818
0.92657
0.49158
0.30866
0.84203
0.76256
0.67593
0.18896
0.92152
0.33168
0.32877
0.47343
0.32092
0.49443
0.25425
0.84232
0.21825
0.78292
0.33370
0.09172
0.28391
0.23182
0.79629
0.81643
0.71159
0.46127
0.48243
0.91126
0.68118
0.06608
0.34150
0.82336
0.90968
0.52092
0.65131
0.20157
0.82486
0.67427
0.54366
0.89279
0.49477
0.09086
0.17925
0.15014
0.67722
0.30329
0.87627
0.86176
0.45310
0.72946
0.82010
0.31075
0.26269
0.85027
0.30522
0.87389
0.20778
0.49286
0.29341
0.19238
0.48097
0.38375
0.48241
0.62176
0.10174
0.47327
0.81206
0.30400
0.83049
0.90506
0.50292
0.81658
0.29910
0.88739
0.93869
0.17720
0.83448
0.88267
0.32834
0.89016
0.91843
0.48864
0.67880
0.17816
0.58886
0.33375
0.13310
0.91711
0.80176
0.39117
0.58138
0.19357
0.64529
0.49499
0.50862
0.80495
0.92800
0.70292
0.65471
0.37804
0.54245
0.15556
0.29296
0.78729
0.73484
0.13280
0.67306
0.84090
0.30428
0.05427
0.30913
0.82311
0.34940
0.09848
0.20890
0.49352
0.14625
0.84155
0.83332
0.49211
0.49276
0.82895
0.87896
0.03460
0.88763
0.13705
0.59166
0.88787
0.48471
0.91807
0.20874
0.49217
0.85419
0.02462
0.16347
0.80229
0.90737
0.06878
0.09776
0.31300
0.56386
0.64657
0.16200
0.49655
0.92497
0.33301
0.85879
0.80536
0.07389
0.87140
0.76041
0.48977
0.79652
0.17066
0.29652
0.30104
0.76855
0.77130
0.85439
0.84051
0.18666
0.17785
0.31825
0.88263
0.88137
0.52395
0.82914
0.15711
0.56319
0.06343
0.83698
0.86362
0.49387
0.80589
0.16002
0.67549
0.35785
0.13182
0.31457
0.69764
0.64337
0.05084
0.62185
0.31683
0.77603
0.14299
0.86421
0.57528
0.68086
0.68297
0.92447
0.84084
0.81862
0.86821
0.91851
0.70418
0.52559
0.51671
0.53744
0.22862
0.29486
0.70573
0.70761
0.15688
0.83387
0.57745
0.88567
0.70421
0.49666
0.43109
0.57097
0.09817
0.56936
0.52662
0.85855
0.32680
0.86201
0.68189
0.83513
0.03674
0.47136
0.82052
0.77869
0.81300
0.92231
0.86812
0.63784
0.84082
0.63255
0.84085
0.30389
0.45371
0.49559
0.88306
0.69927
0.14603
0.49427
0.55248
0.28148
0.08719
0.31932
0.24021
0.84084
0.18941
0.51274
0.49152
0.69939
0.86638
0.81796
0.36752
0.43550
0.48967
0.48533
0.80205
0.53411
0.89903
0.84191
0.90698
0.62090
0.51449
0.91037
0.90783
0.66563
0.79400
0.69185
0.78585
0.43769
0.57634
0.50311
0.90172
0.32024
0.28162
0.76031
0.10269
0.83529
0.19810
0.53611
0.30883
0.68469
0.78382
0.93912
0.63417
0.30797
0.54634
0.03945
0.56469
0.36448
0.45694
0.13315
0.29920
0.50647
0.10238
0.07405
0.20358
0.16627
0.06943
0.81235
0.68190
0.66164
0.69937
0.23306
0.83332
0.84325
0.81153
0.89689
0.27341
0.65028
0.75454
0.59049
0.57987
0.17120
0.86174
0.47196
0.86771
0.49457
0.09739
0.47017
0.88226
0.91795
0.92327
0.17662
0.69744
0.69106
0.47486
0.08342
0.33845
0.82254
0.82136
0.82795
0.66625
0.57697
0.33923
0.42764
0.77736
0.17521
0.06402
0.17445
0.55638
0.96334
0.87477
0.44909
0.79102
0.93565
0.80803
0.85364
0.44806
0.66098
0.57098
0.34902
0.07779
0.43236
0.81440
0.91138
0.29001
0.16861
0.24414
0.85735
0.81075
0.89604
0.52613
0.16533
0.79582
0.54343
0.28817
0.16097
0.48475
0.30418
0.84951
0.93323
0.46050
0.04936
0.51574
0.08104
0.52266
0.89319
0.19292
0.93669
0.52440
0.46531
0.63354
0.88932
0.01420
0.43912
0.46791
0.92862
0.53591
0.36404
0.18189
0.51289
0.08403
0.33443
0.33384
0.58476
0.15127
0.90938
0.22045
0.80705
0.79771
0.33249
0.78242
0.83098
0.52108
0.49174
0.03479
0.87572
0.80417
0.83795
0.51373
0.49190
0.78594
0.93010
0.11047
0.31774
0.75518
0.22163
0.85414
0.82029
0.75624
0.80632
0.24949
0.64220
0.93909
0.16717
0.84751
0.37241
0.94921
0.09476
0.32448
0.31389
0.34874
0.04635
0.82503
0.78890
0.15461
0.84976
0.21790
0.22259
0.46713
0.82090
0.29044
0.37117
0.84230
0.64779
0.33053
0.40318
0.86723
0.04071
0.40534
0.85076
0.84360
0.85144
0.55919
0.95978
0.02428
0.03282
0.84625
0.58245
0.43722
0.56482
0.36923
0.79548
0.50179
0.84111
0.20726
0.48100
0.89104
0.07343
0.18521
0.88838
0.66733
0.22284
0.87231
0.52774
0.24750
0.59121
0.87443
0.94219
0.06586
0.88272
0.69678
0.83291
0.69145
0.50552
0.30884
0.82680
0.07929
0.11569
0.57698
0.91579
0.86860
0.76831
0.29059
0.82987
0.66657
0.09780
0.68770
0.64284
0.52081
0.16695
0.70934
0.11269
0.60626
0.79841
0.72100
0.49555
0.78097
0.78064
0.73028
0.34801
0.16856
0.63847
0.93745
0.38049
0.77628
0.50029
0.06973
0.85358
0.68151
0.62589
0.86878
0.45262
0.46208
0.13379
0.68301
0.21095
0.87679
0.48650
0.91405
0.89992
0.88268
0.32274
0.84869
0.28248
0.80370
0.96501
0.31157
0.62111
0.83026
0.13653
0.83880
0.81366
0.48619
0.80765
0.04374
0.78044
0.85192
0.88226
0.82152
0.06961
0.28507
0.70018
0.34866
0.98020
0.29456
0.76728
0.86924
0.75358
0.80546
0.25623
0.68021
0.77101
0.19815
0.50971
0.06705
0.93166
0.84706
0.49468
0.81233
0.70215
0.75184
0.92450
0.56966
0.84443
0.84888
0.86566
0.29794
0.49952
0.77908
0.28911
0.21761
0.21147
0.09280
0.71457
0.22402
0.21966
0.05042
0.16353
0.52023
0.83410
0.33197
0.04165
0.48881
0.19940
0.91978
0.92427
0.08395
0.48745
0.92916
0.86196
0.45527
0.57215
0.50378
0.65047
0.90124
0.49884
0.78575
0.81983
0.25126
0.12720
0.08990
0.89441
0.50326
0.10781
0.52376
0.83940
0.78326
0.64527
0.28342
0.64608
0.35119
0.64202
0.94894
0.49229
0.81889
0.71280
0.86827
0.23009
0.42520
0.79853
0.70210
0.56333
0.94722
0.81311
0.35016
0.33744
0.24382
0.86913
0.34787
0.09153
0.92688
0.28254
0.28618
0.97596
0.51658
0.15867
0.59390
0.18672
0.80276
0.93587
0.19543
0.29636
0.82529
0.48636
0.80530
0.93291
0.04025
0.80793
0.30699
0.69579
0.87098
0.17572
0.45544
0.46150
0.15453
0.70174
0.54818
0.12076
0.32791
0.67351
0.93051
0.73463
0.83886
0.49881
0.89603
0.68853
0.51163
0.82646
0.84186
0.88784
0.14087
0.14049
0.30291
0.34113
0.16992
0.50494
0.45902
0.77283
0.07417
0.62764
0.63628
0.52743
0.80942
0.28418
0.31421
0.47625
0.52150
0.87815
0.52168
0.49704
0.03869
0.51197
0.69199
0.18296
0.86066
0.22415
0.87440
0.88095
0.33115
0.20487
0.72524
0.52630
0.49569
0.69663
0.31286
0.82191
0.31293
0.40290
0.59290
0.02417
0.53532
0.29327
0.15152
0.32261
0.23132
0.21804
0.20717
0.20145
0.77077
0.34109
0.82285
0.47945
0.02091
0.56826
0.59966
0.32675
0.15676
0.44176
0.81100
0.27647
0.79576
0.16153
0.16376
0.45694
0.31465
0.90766
0.81922
0.95264
0.22293
0.90484
0.48709
0.16771
0.14232
0.47194
0.86067
0.96084
0.80728
0.05450
0.69960
0.44755
0.91741
0.69679
0.06379
0.74545
0.19018
0.52171
0.52458
0.21536
0.79753
0.33102
0.86750
0.06260
0.84622
0.29318
0.81072
0.06114
0.66684
0.47945
0.79049
0.74983
0.87745
0.80566
0.25923
0.65646
0.21349
0.53494
0.09283
0.94271
0.33557
0.45150
0.83782
0.47012
0.22255
0.28553
0.53293
0.68756
0.20705
0.33475
0.44240
0.66912
0.54798
0.57491
0.93640
0.80430
0.51994
0.68328
0.30276
0.86631
0.45508
0.26520
0.29243
0.84403
0.85820
0.70124
0.45412
0.37548
0.50283
0.80203
0.59434
0.76152
0.79089
0.83433
0.83469
0.58246
0.82964
0.09437
0.52730
0.11011
0.81561
0.31785
0.51420
0.06686
0.64061
0.49604
0.15866
0.58460
0.30659
0.65180
0.91901
0.21838
0.78920
0.28419
0.69098
0.29168
0.59112
0.84892
0.51695
0.68172
0.73197
0.47794
0.71657
0.84571
0.45450
0.93057
0.87011
0.96223
0.32632
0.91451
0.25859
0.67776
0.14612
0.89149
0.18971
0.47085
0.78824
0.84242
0.51245
0.38288
0.16594
0.89382
0.87539
0.12542
0.76756
0.15590
0.71877
0.51982
0.16497
0.45735
0.48706
0.54142
0.37098
0.31118
0.60564
0.81380
0.61546
0.87701
0.08179
0.91693
0.28514
0.79102
0.61981
0.94486
0.22006
0.47782
0.85930
0.48575
0.06933
0.23081
0.63988
0.66073
0.82112
0.44036
0.85552
0.64131
0.18271
0.32271
0.81045
0.30556
0.38416
0.69828
0.66187
0.87786
0.79258
0.80672
0.91924
0.51614
0.48156
0.93101
0.28304
0.49991
0.92479
0.48910
0.83716
0.31336
0.69491
0.87599
0.91026
0.79382
0.76305
0.13748
0.86323
0.08128
0.30427
0.55865
0.68040
0.89040
0.91917
0.32615
0.10084
0.51081
0.15438
0.87824
0.33617
0.88442
0.59764
0.50007
0.79172
0.87930
0.76066
0.81420
0.15115
0.51628
0.55825
0.75021
0.83800
0.65773
0.51741
0.31419
0.16861
0.07004
0.46856
0.49808
0.84853
0.15140
0.67917
0.15486
0.87266
0.22642
0.83340
0.48474
0.25645
0.84968
0.47066
0.17450
0.84288
0.85047
0.89344
0.23327
0.14612
0.87383
0.87073
0.87319
0.70966
0.54458
0.85030
0.22376
0.85389
0.57700
0.95836
0.55735
0.49772
0.79959
0.75335
0.78520
0.69456
0.70282
0.78590
0.67193
0.86294
0.24067
0.16497
0.67994
0.81509
0.88680
0.29693
0.33161
0.69081
0.71070
0.45988
0.46877
0.49676
0.33457
0.58370
0.22670
0.88031
0.57800
0.48211
0.55290
0.81625
0.51556
0.84256
0.81522
0.75743
0.77082
0.77967
0.16119
0.02901
0.79361
0.89333
0.61464
0.35231
0.75610
0.82735
0.80105
0.68898
0.35468
0.85177
0.82002
0.17083
0.20414
0.17692
0.86659
0.50460
0.84409
0.83856
0.60176
0.50460
0.82724
0.65556
0.66882
0.88201
0.55406
0.69157
0.30376
0.93509
0.81564
0.33641
0.46217
0.83122
0.69609
0.08621
0.52926
0.91197
0.32407
0.88410
0.31656
0.92719
0.53627
0.30663
0.85567
0.84224
0.20594
0.66120
0.15123
0.63236
0.66727
0.66714
0.69449
0.46880
0.72312
0.64823
0.58935
0.91703
0.47886
0.88138
0.88992
0.78022
0.67776
0.35476
0.82758
0.75911
0.91152
0.30080
0.82931
0.58246
0.24997
0.81855
0.13518
0.67043
0.72623
0.28802
0.51860
0.49990
0.53643
0.90541
0.60719
0.56727
0.29470
0.16156
0.15431
0.83005
0.79715
0.12305
0.20612
0.85781
0.56323
0.86016
0.34000
0.17377
0.57219
0.82357
0.87534
0.63185
0.88098
0.69772
0.90134
0.88705
0.36443
0.26869
0.46959
0.19638
0.23230
0.72178
0.13832
0.83090
0.16784
0.64861
0.95447
0.75582
0.59584
0.46094
0.76243
0.67384
0.81533
0.28621
0.91595
0.27226
0.81618
0.19337
0.80090
0.83227
0.89724
0.64649
0.49820
0.21967
0.72370
0.20991
0.30619
0.67869
0.84033
0.81494
0.21713
0.51792
0.06845
0.85368
0.33472
0.60702
0.77459
0.69622
0.18030
0.82958
0.70715
0.88984
0.85106
0.15150
0.83901
0.46550
0.90754
0.04132
0.86975
0.86130
0.03657
0.30942
0.31290
0.47059
0.47046
0.20117
0.84244
0.46555
0.22907
0.58047
0.85410
0.57908
0.74867
0.52484
0.83100
0.33531
0.52768
0.47546
0.08800
0.51541
0.76449
0.70449
0.30256
0.95253
0.34011
0.66096
0.45704
0.70577
0.88094
0.68301
0.71928
0.05145
0.02864
0.07970
0.82402
0.84953
0.54290
0.71400
0.79010
0.34435
0.85534
0.23443
0.92198
0.67824
0.86690
0.15838
0.88095
0.62354
0.54623
0.25619
0.65602
0.29889
0.49298
0.38541
0.92769
0.88171
0.83073
0.16141
0.34158
0.67504
0.82741
0.86127
0.18729
0.21173
0.18626
0.82864
0.77899
0.93260
0.62240
0.89672
0.66957
0.85593
0.17916
0.62690
0.47598
0.54516
0.63092
0.71785
0.90536
0.75850
0.89339
0.85899
0.15285
0.79877
0.04472
0.52657
0.92786
0.46504
0.16956
0.02967
0.93241
0.93618
0.69340
0.20714
0.68860
0.95319
0.30452
0.82182
0.69356
0.79624
0.77035
0.66516
0.50852
0.47780
0.02756
0.09944
0.32742
0.48091
0.87530
0.54349
0.90193
0.34869
0.45462
0.76493
0.47966
0.47926
0.85303
0.59176
0.32791
0.61438
0.25540
0.79774
0.81737
0.28641
0.78842
0.55051
0.82802
0.71194
0.25770
0.95858
0.19213
0.48496
0.85137
0.14070
0.14815
0.16650
0.48174
0.48973
0.54650
0.78037
0.82343
0.31165
0.78588
0.66674
0.65274
0.08969
0.79587
0.14219
0.56462
0.97447
0.38469
0.21548
0.49695
0.84681
0.94879
0.30979
0.94061
0.92589
0.53817
0.64633
0.59553
0.49810
0.09628
0.83021
0.46898
0.87812
0.20978
0.30414
0.13449
0.91771
0.90824
0.18481
0.70787
0.16098
0.12700
0.70805
0.86722
0.80358
0.10198
0.80943
0.90484
0.47411
0.23193
0.33327
0.78948
0.54619
0.50246
0.68715
0.47085
0.55018
0.55177
0.27673
0.61813
0.34540
0.86484
0.68545
0.86003
0.17990
0.73949
0.70672
0.00219
0.30920
0.92460
0.51630
0.85376
0.80132
0.56401
0.32459
0.31761
0.57784
0.25743
0.82320
0.67804
0.24416
0.13764
0.50441
0.94498
0.85762
0.27999
0.75182
0.52460
0.86514
0.15457
0.05202
0.82586
0.16378
0.34211
0.11326
0.89527
0.50310
0.89223
0.84385
0.86545
0.12201
0.83565
0.88387
0.82744
0.89088
0.11554
0.58448
0.45179
0.83441
0.90501
0.22902
0.82446
0.57070
0.28606
0.39540
0.24060
0.64594
0.83520
0.84137
0.83199
0.45785
0.82691
0.49450
0.53211
0.49342
0.30603
0.91938
0.86279
0.26521
0.17148
0.15437
0.18698
0.45640
0.68417
0.57529
0.68635
0.26378
0.48688
0.15319
0.29113
0.19327
0.20876
0.48471
0.07012
0.63941
0.25076
0.79671
0.26423
0.13119
0.79381
0.94155
0.47307
0.42869
0.92423
0.32689
0.50161
0.74343
0.05280
0.31325
0.49554
0.81082
0.50803
0.62629
0.86147
0.23292
0.64310
0.50505
0.73863
0.33014
0.37867
0.76861
0.15178
0.13193
0.52175
0.74802
0.66751
0.37193
0.66771
0.74831
0.30420
0.27719
0.34040
0.88687
0.48624
0.93185
0.30424
0.87722
0.49248
0.55647
0.93087
0.11066
0.87922
0.52386
0.19480
0.87443
0.65181
0.66008
0.29064
0.94325
0.48823
0.82626
0.64335
0.73796
0.86767
0.01113
0.50457
0.81782
0.17981
0.74921
0.82851
0.18502
0.27006
0.66404
0.26149
0.92138
0.77761
0.87471
0.78648
0.49313
0.71507
0.89302
0.53896
0.04975
0.79365
0.66410
0.61574
0.20459
0.30809
0.18071
0.55041
0.62843
0.84242
0.88279
0.84952
0.88097
0.90405
0.83387
0.15516
0.81416
0.68239
0.49625
0.62463
0.87309
0.05947
0.67179
0.14686
0.05665
0.05383
0.27815
0.81703
0.80290
0.79264
0.19637
0.90272
0.46432
0.84566
0.62860
0.06232
0.86195
0.14412
0.06322
0.48136
0.55267
0.90826
0.56401
0.49057
0.51358
0.81760
0.67058
0.92215
0.38130
0.48882
0.15430
0.19923
0.46933
0.83079
0.51026
0.88563
0.88898
0.90408
0.16896
0.80005
0.88659
0.59079
0.31979
0.21405
0.88040
0.07653
0.91233
0.70547
0.47048
0.13939
0.69797
0.82129
0.07992
0.31287
0.89145
0.84715
0.56051
0.24140
0.43438
0.46798
0.64113
0.89632
0.64136
0.31060
0.30213
0.32416
0.86529
0.11661
0.09561
0.54759
0.69332
0.18007
0.27043
0.60821
0.70296
0.60918
0.68191
0.82837
0.38513
0.08812
0.92569
0.51308
0.85408
0.24592
0.83746
0.90055
0.47766
0.68347
0.70935
0.29822
0.57289
0.76876
0.87444
0.88872
0.54407
0.91086
0.18078
0.48096
0.66681
0.63363
0.52013
0.48887
0.62304
0.84342
0.79032
0.29841
0.91706
0.48001
0.49138
0.34411
0.87059
0.83084
0.82415
0.49386
0.06318
0.13316
0.47229
0.32617
0.89709
0.39114
0.47216
0.27898
0.12089
0.92152
0.82590
0.48417
0.18856
0.47788
0.50862
0.18479
0.92226
0.18138
0.85838
0.47167
0.88533
0.13865
0.58910
0.64894
0.34733
0.59957
0.49567
0.51765
0.89433
0.14545
0.56757
0.79704
0.73252
0.88614
0.81843
0.87383
0.87682
0.22417
0.67705
0.46576
0.81395
0.87642
0.80494
0.60381
0.68152
0.13217
0.79858
0.88147
0.48455
0.89180
0.07274
0.81486
0.51259
0.84676
0.14557
0.14835
0.24503
0.50307
0.51467
0.54233
0.75484
0.32883
0.74063
0.68628
0.57257
0.86648
0.48194
0.50338
0.12130
0.60376
0.07991
0.88573
0.78665
0.14431
0.08255
0.81296
0.21201
0.54298
0.22826
0.36527
0.53998
0.90916
0.53954
0.57207
0.05517
0.05822
0.83686
0.64229
0.79672
0.26722
0.50060
0.68509
0.29571
0.89143
0.18840
0.88795
0.19654
0.59854
0.53112
0.30303
0.89783
0.55368
0.83864
0.85764
0.81400
0.89792
0.67590
0.92236
0.31527
0.88193
0.83938
0.18575
0.32319
0.34751
0.75987
0.34903
0.81241
0.81440
0.16912
0.13014
0.31716
0.69628
0.48074
0.51252
0.91466
0.67160
0.48689
0.30075
0.46345
0.26291
0.82416
0.94111
0.52660
0.96973
0.86953
0.56127
0.31559
0.44871
0.81308
0.24724
0.49562
0.50852
0.49270
0.05164
0.12232
0.49980
0.22352
0.52021
0.17080
0.17639
0.85339
0.78085
0.33333
0.92947
0.86227
0.65774
0.91655
0.53077
0.70085
0.31779
0.31027
0.49528
0.66309
0.37751
0.23140
0.39756
0.95697
0.69843
0.67656
0.88791
0.27107
0.18679
0.44387
0.30050
0.23829
0.68660
0.06992
0.70592
0.08879
0.60422
0.64596
0.47286
0.89052
0.56350
0.88363
0.81333
0.52011
0.18069
0.25241
0.66533
0.90457
0.60267
0.71389
0.67200
0.60351
0.60121
0.14774
0.19371
0.55259
0.54306
0.48588
0.78815
0.52224
0.49254
0.47655
0.32904
0.54212
0.33224
0.82015
0.16072
0.30369
0.32186
0.37938
0.31043
0.83988
0.79996
0.48835
0.18989
0.18099
0.68990
0.18845
0.12407
0.57269
0.23968
0.31987
0.73273
0.56322
0.26061
0.52074
0.46459
0.25620
0.11736
0.14208
0.22903
0.32613
0.63694
0.92990
0.92847
0.77373
0.07862
0.84128
0.33529
0.08322
0.84050
0.78139
0.61906
0.64177
0.88892
0.78181
0.18830
0.50271
0.31832
0.87721
0.31141
0.18266
0.92912
0.69344
0.89755
0.12896
0.65378
0.50981
0.86319
0.64106
0.06463
0.14156
0.72484
0.47707
0.81710
0.03556
0.22381
0.94007
0.12467
0.20275
0.35520
0.79871
0.50744
0.82218
0.74184
0.30380
0.24454
0.88581
0.88395
0.97014
0.05071
0.51253
0.06547
0.09264
0.67562
0.79300
0.84755
0.69468
0.04679
0.07917
0.83499
0.65890
0.53586
0.91798
0.09732
0.13274
0.86209
0.86217
0.56755
0.47340
0.63416
0.27136
0.28628
0.34511
0.61237
0.83637
0.22153
0.52021
0.14513
0.92680
0.32549
0.21243
0.92682
0.69100
0.12648
0.67091
0.32883
0.83788
0.84425
0.49594
0.49812
0.19342
0.46854
0.18433
0.48550
0.32051
0.70802
0.88748
0.18625
0.81773
0.36052
0.14729
0.18744
0.16306
0.92914
0.55283
0.93735
0.66545
0.09603
0.29767
0.81650
0.90105
0.28982
0.93666
0.87366
0.87013
0.57346
0.90397
0.30976
0.15357
0.52084
0.10008
0.31988
0.70992
0.15757
0.34039
0.94560
0.28954
0.63587
0.16870
0.77204
0.23078
0.26646
0.70910
0.47184
0.11478
0.63605
0.27040
0.65422
0.20732
0.31814
0.37067
0.63670
0.48152
0.74476
0.21279
0.66029
0.81665
0.31830
0.86366
0.64981
0.13695
0.86935
0.79672
0.82643
0.20092
0.68217
0.46269
0.97483
0.48471
0.68151
0.05292
0.50937
0.24270
0.28379
0.49247
0.51392
0.48448
0.77906
0.90605
0.33948
0.21449
0.47662
0.48029
0.87380
0.80467
0.81411
0.76387
0.78956
0.96353
0.88227
0.20156
0.54717
0.79351
0.72069
0.71610
0.70610
0.79378
0.19577
0.46481
0.07163
0.88008
0.36205
0.52643
0.75057
0.90678
0.78375
0.83474
0.82865
0.79453
0.92262
0.57690
0.58346
0.67926
0.36165
0.05210
0.55256
0.15578
0.87963
0.55430
0.32150
0.70765
0.21453
0.05725
0.52082
0.76986
0.79819
0.29508
0.88642
0.65542
0.86456
0.92674
0.55244
0.34492
0.89767
0.66900
0.20596
0.42759
0.54770
0.80629
0.17029
0.30151
0.48918
0.80913
0.55847
0.51960
0.15400
0.78904
0.50146
0.81680
0.02713
0.16748
0.51066
0.05308
0.55798
0.51835
0.14441
0.23438
0.14377
0.19387
0.91278
0.62479
0.47294
0.48291
0.49014
0.45628
0.53735
0.87399
0.79444
0.49922
0.83383
0.48311
0.47889
0.91688
0.58845
0.88795
0.53004
0.05467
0.82814
0.42937
0.51876
0.72541
0.79399
0.20047
0.65057
0.94329
0.20660
0.65057
0.71186
0.76357
0.79682
0.81992
0.30837
0.19074
0.80754
0.48132
0.22951
0.91710
0.81924
0.71479
0.75046
0.83534
0.92556
0.35225
0.55275
0.88658
0.48275
0.90066
0.68478
0.46614
0.64934
0.76088
0.49854
0.20463
0.69508
0.21373
0.93252
0.29439
0.06442
0.91516
0.52820
0.48936
0.34240
0.90807
0.92062
0.50522
0.55872
0.49415
0.86093
0.42980
0.20759
0.83332
0.21832
0.52377
0.86114
0.21325
0.16724
0.06313
0.85954
0.31673
0.47648
0.81272
0.91155
0.34721
0.54400
0.88939
0.69514
0.94728
0.76254
0.21456
0.78292
0.22333
0.26929
0.64699
0.76848
0.79347
0.02719
0.69846
0.48039
0.88593
0.86723
0.44883
0.30205
0.54946
0.91629
0.13383
0.58415
0.79353
0.07190
0.45429
0.90588
0.48952
0.59659
0.51627
0.15698
0.87863
0.19206
0.08421
0.72567
0.53441
0.92535
0.32641
0.65819
0.89996
0.69925
0.76372
0.34162
0.46115
0.47495
0.53647
0.47725
0.87871
0.20795
0.82207
0.87902
0.83587
0.46575
0.91448
0.53636
0.54414
0.46377
0.25493
0.65807
0.66080
0.80375
0.68137
0.79475
0.84505
0.30453
0.06255
0.80173
0.35017
0.40156
0.96110
0.12736
0.14858
0.23726
0.76050
0.91979
0.93297
0.63969
0.27560
0.02996
0.30259
0.81779
0.85753
0.29209
0.83565
0.67668
0.21171
0.15771
0.80583
0.32491
0.16134
0.15176
0.95479
0.08578
0.47170
0.76342
0.24736
0.81653
0.28872
0.85482
0.84270
0.51960
0.82304
0.45330
0.19489
0.42585
0.70482
0.49696
0.38050
0.49800
0.21982
0.68980
0.48836
0.91067
0.31315
0.77362
0.49361
0.86882
0.82340
0.76357
0.23598
0.14122
0.31547
0.67529
0.16105
0.90597
0.59701
0.80028
0.46303
0.46409
0.58531
0.78111
0.18318
0.83088
0.92168
0.82569
0.82049
0.18523
0.58010
0.18113
0.61714
0.93638
0.43968
0.90277
0.87319
0.47440
0.19389
0.50403
0.26382
0.94803
0.22634
0.83600
0.48057
0.28962
0.08396
0.80830
0.55499
0.76320
0.48107
0.94999
0.54634
0.08231
0.48691
0.93402
0.08927
0.39348
0.83660
0.48322
0.30328
0.63159
0.44362
0.55930
0.31041
0.85250
0.48606
0.23818
0.73504
0.23393
0.63538
0.90336
0.86412
0.70532
0.91106
0.90578
0.74461
0.86829
0.78786
0.22617
0.53368
0.26052
0.41295
0.83160
0.04825
0.86555
0.16525
0.06605
0.08531
0.04207
0.16148
0.13276
0.54345
0.30870
0.49972
0.63991
0.31989
0.24769
0.05400
0.90742
0.84131
0.69589
0.69928
0.49777
0.60307
0.17287
0.47814
0.81904
0.20367
0.14234
0.77819
0.65542
0.18910
0.79832
0.85177
0.21625
0.52736
0.76145
0.58341
0.86947
0.84095
0.69138
0.48847
0.96748
0.20842
0.66679
0.66485
0.18318
0.91693
0.56141
0.69078
0.94198
0.84330
0.86369
0.57285
0.33394
0.15275
0.81011
0.31279
0.24402
0.20447
0.47722
0.79330
0.21230
0.20663
0.26281
0.57990
0.47043
0.24886
0.80143
0.80179
0.96827
0.96640
0.90279
0.17111
0.80135
0.53130
0.80287
0.82616
0.22823
0.82542
0.86099
0.88396
0.54411
0.33617
0.18739
0.81460
0.94279
0.77073
0.70755
0.46730
0.83973
0.75668
0.70504
0.05519
0.11401
0.58102
0.94457
0.62696
0.85216
0.79111
0.69693
0.15707
0.27988
0.29469
0.82344
0.25373
0.90861
0.69943
0.19408
0.78275
0.13872
0.68129
0.76962
0.88563
0.67073
0.15601
0.57280
0.47232
0.26007
0.91330
0.28274
0.21379
0.53284
0.56437
0.29706
0.51520
0.65189
0.53049
0.29792
0.21197
0.83439
0.56062
0.63310
0.49047
0.65907
0.74522
0.10167
0.54494
0.13953
0.51139
0.14595
0.07744
0.50736
0.19203
0.62155
0.48937
0.32153
0.32846
0.89798
0.28658
0.44941
0.27472
0.78833
0.90136
0.13371
0.81752
0.82932
0.34209
0.53000
0.02291
0.31036
0.51435
0.67347
0.91506
0.50952
0.84491
0.40037
0.85020
0.83777
0.81845
0.68866
0.84567
0.33595
0.91539
0.70746
0.54818
0.80711
0.48500
0.94669
0.66955
0.44423
0.76228
0.07311
0.06468
0.82323
0.00392
0.35384
0.88229
0.54347
0.45147
0.91380
0.47459
0.12386
0.64986
0.49360
0.63086
0.11173
0.28306
0.44468
0.87188
0.48995
0.77061
0.49070
0.56636
0.22263
0.65348
0.03813
0.36229
0.50110
0.56572
0.03906
0.50809
0.83924
0.84757
0.51940
0.94879
0.24690
0.90411
0.91515
0.18860
0.55739
0.55121
0.89677
0.90629
0.29396
0.69412
0.80064
0.80078
0.65905
0.22546
0.30456
0.51279
0.30309
0.51324
0.87751
0.83548
0.19438
0.14919
0.77924
0.38743
0.28040
0.85815
0.81689
0.85367
0.67249
0.61228
0.22087
0.49685
0.79580
0.69224
0.67777
0.87904
0.48440
0.76428
0.83267
0.70894
0.60202
0.71474
0.47563
0.63847
0.64941
0.17852
0.63697
0.80742
0.17609
0.79596
0.17510
0.64157
0.15083
0.13859
0.77466
0.56645
0.53848
0.47138
0.39922
0.80076
0.81461
0.95685
0.15619
0.66150
0.86677
0.48348
0.62684
0.15497
0.65026
0.90314
0.87070
0.65106
0.23758
0.19484
0.50523
0.13773
0.50498
0.45424
0.59428
0.45596
0.15173
0.90756
0.44308
0.15780
0.82001
0.20779
0.61469
0.18613
0.83521
0.84401
0.82939
0.97855
0.31838
0.48344
0.06169
0.24324
0.05681
0.15886
0.71248
0.55584
0.15330
0.93263
0.93837
0.46281
0.19863
0.86940
0.47583
0.82407
0.77428
0.30949
0.88233
0.73288
0.50626
0.68019
0.49684
0.49875
0.27230
0.51424
0.17830
0.47309
0.49836
0.70134
0.18205
0.87204
0.79718
0.82104
0.18689
0.54782
0.54379
0.45959
0.31625
0.30128
0.17711
0.15124
0.92564
0.55112
0.90393
0.62369
0.60047
0.47791
0.78437
0.68245
0.64325
0.55876
0.50871
0.87067
0.91444
0.54209
0.80191
0.61186
0.31277
0.86600
0.61149
0.15869
0.82305
0.32353
0.66052
0.53691
0.76208
0.15527
0.59853
0.67837
0.64843
0.16867
0.56272
0.14218
0.17293
0.67690
0.83712
0.90092
0.92033
0.68612
0.17149
0.82882
0.06290
0.86058
0.93243
0.92448
0.05330
0.56992
0.42684
0.88949
0.65347
0.83382
0.20600
0.48341
0.06860
0.24382
0.04211
0.92939
0.16398
0.06560
0.11849
0.94445
0.31435
0.49568
0.21404
0.90098
0.33209
0.47484
0.27200
0.47617
0.72962
0.18214
0.56111
0.92847
0.49162
0.83300
0.01788
0.88531
0.90993
0.31699
0.79591
0.08471
0.10451
0.28977
0.05741
0.03912
0.25384
0.62044
0.56334
0.51730
0.16793
0.71011
0.68622
0.67161
0.29976
0.88073
0.83599
0.89243
0.92508
0.09670
0.60644
0.11094
0.70963
0.93377
0.81917
0.29626
0.38153
0.83187
0.84601
0.76936
0.80136
0.71571
0.98951
0.13696
0.81328
0.87803
0.36567
0.28337
0.68665
0.84934
0.50055
0.23739
0.67130
0.15935
0.49887
0.18322
0.57385
0.90586
0.88104
0.72927
0.21027
0.32520
0.82564
0.76866
0.94423
0.17515
0.55550
0.49550
0.60097
0.23037
0.46321
0.68105
0.21777
0.50732
0.17735
0.81452
0.78392
0.77301
0.63123
0.92933
0.92781
0.81680
0.83278
0.48011
0.47159
0.09274
0.06245
0.65945
0.77558
0.29082
0.03645
0.78282
0.10908
0.51882
0.13535
0.76405
0.84710
0.38470
0.77039
0.93521
0.48644
0.53900
0.83235
0.17593
0.90373
0.67436
0.79061
0.17624
0.39061
0.69144
0.53940
0.49543
0.66954
0.02577
0.50167
0.70124
0.51570
0.16898
0.52139
0.77060
0.48774
0.84879
0.87212
0.92342
0.88644
0.19464
0.21979
0.66622
0.03093
0.70589
0.49433
0.29008
0.92331
0.84063
0.92773
0.49654
0.69447
0.48936
0.68127
0.53414
0.21472
0.62113
0.22303
0.74750
0.32277
0.50549
0.81814
0.14905
0.31255
0.86895
0.49166
0.85201
0.06750
0.51925
0.30662
0.28896
0.51080
0.47260
0.37848
0.17685
0.11818
0.53365
0.52732
0.56772
0.94818
0.50023
0.37009
0.63935
0.83608
0.28305
0.31209
0.85116
0.69303
0.09335
0.53312
0.82978
0.80191
0.29876
0.62309
0.27894
0.77068
0.33062
0.31286
0.18950
0.88295
0.47524
0.31495
0.58557
0.08380
0.13220
0.93471
0.39668
0.81045
0.12554
0.12692
0.49600
0.65102
0.68494
0.52768
0.53396
0.48128
0.78558
0.70409
0.48344
0.91459
0.76568
0.33784
0.79930
0.23094
0.69760
0.89247
0.33982
0.16004
0.28550
0.86078
0.76756
0.45707
0.59705
0.51583
0.58060
0.04720
0.82656
0.95439
0.60902
0.58252
0.78007
0.83006
0.92063
0.87183
0.85199
0.88539
0.57610
0.13037
0.83721
0.90952
0.20351
0.96311
0.38971
0.77512
0.47353
0.78090
0.07246
0.12860
0.83578
0.95142
0.03155
0.85043
0.78002
0.63150
0.91704
0.50053
0.55682
0.50531
0.30741
0.56678
0.38075
0.25692
0.71596
0.91467
0.63348
0.15200
0.22368
0.55628
0.50693
0.21439
0.93534
0.65575
0.84609
0.78490
0.70780
0.68245
0.27066
0.76669
0.58861
0.39436
0.06802
0.88104
0.22901
0.46802
0.84252
0.24974
0.83615
0.52775
0.81298
0.88929
0.91902
0.49252
0.23321
0.31976
0.59759
0.53570
0.86432
0.63351
0.18850
0.19358
0.59461
0.90184
0.06133
0.65878
0.65550
0.68863
0.79312
0.81094
0.67075
0.81933
0.31405
0.63732
0.85222
0.90402
0.19885
0.83309
0.27726
0.59187
0.52809
0.29586
0.82545
0.68009
0.62776
0.78005
0.87621
0.28097
0.50640
0.28878
0.83688
0.55171
0.50953
0.67052
0.83835
0.54693
0.52965
0.28426
0.33994
0.29975
0.21503
0.48522
0.06697
0.61863
0.60382
0.90225
0.12916
0.32272
0.16019
0.10400
0.20091
0.37564
0.51753
0.56566
0.31163
0.81340
0.14644
0.48076
0.57867
0.52414
0.65383
0.47163
0.82906
0.89212
0.82579
0.67224
0.49683
0.62092
0.74620
0.64778
0.69979
0.87113
0.67522
0.54362
0.84604
0.90917
0.86953
0.85448
0.37811
0.09415
0.68439
0.47792
0.49205
0.28911
0.32846
0.90404
0.22721
0.33759
0.67785
0.30227
0.34652
0.79985
0.84624
0.82771
0.25311
0.30519
0.29306
0.55128
0.46709
0.81516
0.81689
0.49153
0.32633
0.19113
0.69086
0.69446
0.69112
0.88586
0.29640
0.48127
0.50391
0.23479
0.75279
0.11688
0.78009
0.51564
0.30037
0.81572
0.46429
0.50025
0.49317
0.12337
0.86769
0.46506
0.15091
0.28233
0.15361
0.87985
0.22972
0.80211
0.82375
0.21331
0.84966
0.30084
0.38898
0.91971
0.49730
0.90219
0.68597
0.15198
0.31615
0.82735
0.80177
0.16846
0.84656
0.56947
0.30595
0.34278
0.68407
0.52161
0.17708
0.82730
0.86565
0.48090
0.51540
0.87461
0.82726
0.94087
0.84664
0.87906
0.47539
0.50280
0.80061
0.71047
0.68532
0.37251
0.15289
0.86845
0.54859
0.11777
0.50502
0.47900
0.85713
0.33862
0.57263
0.85056
0.29422
0.77980
0.57530
0.07463
0.73348
0.44765
0.29054
0.72515
0.29871
0.55958
0.86795
0.69773
0.88255
0.49709
0.47691
0.79148
0.68298
0.31717
0.91301
0.23580
0.62656
0.84827
0.62543
0.78101
0.22046
0.90142
0.04825
0.44787
0.35641
0.78819
0.64290
0.34244
0.81209
0.90962
0.15063
0.51551
0.16843
0.92520
0.49169
0.23467
0.76088
0.00521
0.48461
0.33573
0.84767
0.66931
0.21163
0.70868
0.86398
0.07496
0.58389
0.71890
0.49762
0.21748
0.90565
0.67754
0.27909
0.51573
0.48107
0.82798
0.88508
0.13591
0.50576
0.60198
0.84418
0.81556
0.92345
0.81435
0.58780
0.24454
0.81416
0.36650
0.36320
0.22954
0.35547
0.30804
0.57923
0.59132
0.85281
0.76868
0.83285
0.74863
0.86654
0.30143
0.56943
0.18917
0.10603
0.74384
0.12772
0.85427
0.46786
0.69952
0.58510
0.17293
0.77432
0.63500
0.06051
0.82453
0.69647
0.49731
0.49951
0.67717
0.85889
0.58364
0.32324
0.17323
0.81413
0.11670
0.63493
0.27148
0.89394
0.59970
0.62824
0.63385
0.71927
0.22276
0.15904
0.22240
0.22896
0.63457
0.32417
0.93105
0.27626
0.89845
0.89279
0.20433
0.14825
0.88733
0.56291
0.32025
0.32793
0.64129
0.63439
0.38062
0.52063
0.46509
0.69547
0.91617
0.89893
0.90396
0.71468
0.18129
0.26846
0.80414
0.88467
0.16482
0.46987
0.51056
0.17899
0.07191
0.24575
0.59673
0.91043
0.15856
0.70498
0.08271
0.89676
0.79553
0.78436
0.78738
0.47731
0.32730
0.50053
0.60774
0.50265
0.22981
0.31336
0.25919
0.20684
0.89162
0.63835
0.45958
0.87607
0.70206
0.85199
0.78579
0.07394
0.13128
0.49720
0.68313
0.31025
0.82556
0.56863
0.88703
0.89690
0.08133
0.32943
0.89712
0.83956
0.88973
0.78779
0.91382
0.88265
0.73247
0.65527
0.57439
0.49583
0.93513
0.50755
0.17398
0.75275
0.33553
0.40175
0.49065
0.35280
0.69262
0.62652
0.82395
0.32073
0.49762
0.81342
0.02411
0.12326
0.81735
0.48175
0.02450
0.11779
0.78560
0.09517
0.51002
0.76840
0.12163
0.33234
0.50006
0.33629
0.78731
0.67179
0.01796
0.69868
0.61489
0.17665
0.92036
0.49345
0.52253
0.92765
0.92402
0.72435
0.85374
0.47468
0.07683
0.06221
0.80119
0.48681
0.85329
0.49501
0.30841
0.86464
0.60996
0.66337
0.77870
0.68929
0.08593
0.05657
0.07915
0.61498
0.58833
0.92343
0.92553
0.52894
0.49698
0.44589
0.50591
0.56029
0.14417
0.25827
0.79939
0.80393
0.57503
0.47687
0.45514
0.19141
0.03590
0.52290
0.30758
0.55547
0.60277
0.45599
0.80832
0.49444
0.77633
0.56984
0.70218
0.19525
0.49302
0.14089
0.10624
0.19985
0.83379
0.32557
0.33574
0.70443
0.77708
0.83183
0.92366
0.95411
0.22518
0.86249
0.85154
0.77470
0.68650
0.08018
0.35553
0.28872
0.52781
0.85341
0.88515
0.47031
0.13771
0.68674
0.70454
0.86289
0.64999
0.48542
0.93292
0.13648
0.29931
0.53177
0.81825
0.16049
0.33406
0.23785
0.64229
0.29131
0.84300
0.77662
0.07406
0.49510
0.58192
0.19372
0.54365
0.83782
0.21896
0.85698
0.84704
0.89575
0.77066
0.55886
0.29564
0.35398
0.85035
0.15091
0.77364
0.05792
0.60952
0.56343
0.14449
0.82543
0.88309
0.83344
0.76601
0.47867
0.66982
0.58211
0.27641
0.77617
0.45358
0.13665
0.48222
0.68071
0.25221
0.76509
0.86639
0.39692
0.57412
0.71485
0.48803
0.26391
0.15254
0.49020
0.83517
0.61263
0.58928
0.36776
0.19800
0.28401
0.82607
0.55197
0.80167
0.93702
0.82997
0.94302
0.89116
0.70545
0.84682
0.66680
0.89706
0.51116
0.80543
0.05787
0.47536
0.92595
0.30603
0.27972
0.68348
0.46451
0.48268
0.91015
0.42351
0.80296
0.48533
0.93784
0.35168
0.27976
0.86344
0.06436
0.36733
0.48967
0.80963
0.80816
0.48239
0.52847
0.45480
0.77473
0.22308
0.12121
0.10165
0.91548
0.63620
0.86840
0.86809
0.96778
0.52069
0.74452
0.52589
0.50483
0.88848
0.85450
0.27332
0.12844
0.25313
0.32718
0.23507
0.07991
0.32565
0.29135
0.30072
0.30388
0.77095
0.50724
0.55825
0.48678
0.53595
0.70052
0.95104
0.86763
0.32063
0.66425
0.28269
0.90509
0.48777
0.51111
0.15946
0.31484
0.19698
0.10298
0.49758
0.88472
0.81702
0.93410
0.44730
0.38946
0.14495
0.12241
0.28685
0.50253
0.84243
0.86182
0.49112
0.39002
0.14056
0.15405
0.65562
0.27771
0.57029
0.06578
0.24570
0.32616
0.80715
0.79923
0.49240
0.18438
0.50559
0.60093
0.54283
0.39173
0.69114
0.34502
0.58563
0.62674
0.31000
0.46177
0.33476
0.55358
0.09865
0.89012
0.06848
0.02539
0.38363
0.21615
0.27404
0.77218
0.81960
0.15383
0.14302
0.31353
0.48586
0.89135
0.68581
0.50476
0.68417
0.68656
0.80253
0.14361
0.32367
0.40772
0.61346
0.80071
0.44424
0.78208
0.53702
0.87309
0.48395
0.91625
0.52965
0.66196
0.48744
0.84155
0.93416
0.61374
0.68186
0.29842
0.52313
0.90743
0.78253
0.47906
0.84033
0.08513
0.77296
0.20017
0.16712
0.68777
0.78379
0.82853
0.14720
0.51222
0.72312
0.07342
0.77630
0.69291
0.56365
0.21224
0.88148
0.69577
0.55263
0.53386
0.21970
0.16693
0.79844
0.19135
0.49374
0.54875
0.14301
0.76265
0.27119
0.30481
0.24745
0.31999
0.89730
0.86070
0.19676
0.87232
0.76858
0.93855
0.05901
0.29031
0.84112
0.75617
0.18831
0.81190
0.50712
0.35973
0.85787
0.81847
0.08971
0.43993
0.49036
0.62027
0.54887
0.48448
0.33017
0.33103
0.30156
0.86682
0.53602
0.79405
0.20210
0.44118
0.36802
0.53342
0.65720
0.32176
0.07559
0.48885
0.48094
0.03817
0.30821
0.05757
0.57481
0.09702
0.55473
0.34634
0.24112
0.22667
0.06229
0.50591
0.31061
0.69335
0.92135
0.17771
0.24673
0.46928
0.32548
0.78653
0.85627
0.85615
0.61931
0.77897
0.86853
0.50882
0.34220
0.50698
0.35314
0.15947
0.85310
0.17263
0.04723
0.48036
0.91015
0.34338
0.89771
0.49754
0.90162
0.56990
0.02527
0.49378
0.78318
0.04513
0.27352
0.17476
0.34498
0.04995
0.87788
0.28683
0.84227
0.88040
0.90431
0.70734
0.31456
0.91609
0.67254
0.84294
0.80041
0.79532
0.34380
0.44360
0.83386
0.92834
0.46856
0.20309
0.39305
0.06546
0.61441
0.79582
0.68681
0.91351
0.79498
0.34187
0.52709
0.58328
0.12345
0.50057
0.82149
0.54630
0.81876
0.86102
0.90467
0.33393
0.79714
0.05138
0.64341
0.52828
0.05972
0.46678
0.11275
0.69776
0.80688
0.03746
0.23209
0.52126
0.76781
0.57442
0.35333
0.01479
0.84394
0.31580
0.82638
0.77144
0.91812
0.68823
0.81914
0.60100
0.31034
0.81452
0.62153
0.91206
0.11807
0.23196
0.87484
0.10189
0.20294
0.20824
0.10196
0.30573
0.93727
0.45927
0.90362
0.34089
0.68310
0.67927
0.90814
0.51360
0.10929
0.63396
0.17503
0.02951
0.83938
0.81070
0.85302
0.34911
0.68053
0.56527
0.05486
0.95489
0.32117
0.24344
0.81247
0.85444
0.46826
0.67040
0.66278
0.03968
0.03317
0.09945
0.80710
0.51263
0.69077
0.36312
0.67181
0.22010
0.24401
0.82664
0.85661
0.44821
0.54510
0.06690
0.94320
0.47142
0.08737
0.83540
0.95060
0.57634
0.83559
0.75329
0.24728
0.08505
0.65941
0.45089
0.90822
0.83760
0.29866
0.20477
0.50392
0.69321
0.27722
0.71490
0.65432
0.70955
0.85931
0.32180
0.48812
0.07598
0.32062
0.14119
0.24135
0.45775
0.15377
0.20116
0.83487
0.92418
0.56285
0.53197
0.45271
0.48541
0.87199
0.13105
0.34708
0.91007
0.17277
0.62065
0.20192
0.29710
0.53412
0.14359
0.79851
0.67904
0.18540
0.18390
0.05307
0.76948
0.91870
0.94166
0.87241
0.48652
0.62575
0.80864
0.47903
0.45963
0.47172
0.32008
0.87902
0.16816
0.89215
0.37607
0.46333
0.70396
0.06699
0.51343
0.50076
0.31954
0.86988
0.63229
0.24222
0.18223
0.17655
0.83614
0.11848
0.83031
0.11645
0.56495
0.79292
0.80160
0.48860
0.85680
0.52443
0.62758
0.25876
0.23560
0.14975
0.59528
0.75139
0.51710
0.21554
0.22110
0.29877
0.49482
0.05099
0.46850
0.79954
0.12264
0.62575
0.59336
0.26432
0.12849
0.50601
0.91011
0.78805
0.76493
0.14475
0.93705
0.51782
0.14874
0.35340
0.52747
0.47803
0.16864
0.26940
0.69897
0.32980
0.27543
0.81515
0.94536
0.28922
0.66919
0.33488
0.16994
0.66420
0.50405
0.84768
0.08226
0.43800
0.76033
0.32085
0.78468
0.85427
0.04165
0.30210
0.87617
0.49627
0.16418
0.10452
0.44856
0.92015
0.55277
0.64941
0.80631
0.23244
0.16659
0.50718
0.55295
0.34689
0.51770
0.84081
0.87970
0.05589
0.32137
0.48760
0.30075
0.89426
0.49903
0.28827
0.49618
0.87019
0.44559
0.82513
0.47181
0.30573
0.09228
0.87195
0.65227
0.72790
0.79837
0.56455
0.63305
0.02648
0.17579
0.16405
0.76347
0.70185
0.09582
0.50013
0.52508
0.40325
0.24872
0.85353
0.31826
0.69596
0.20529
0.85125
0.20909
0.18741
0.54305
0.87015
0.29546
0.52903
0.50602
0.91692
0.11689
0.48092
0.78041
0.70049
0.24480
0.87428
0.75034
0.65832
0.32541
0.69127
0.55052
0.33036
0.87619
0.63352
0.57861
0.87773
0.91342
0.81093
0.05828
0.21188
0.14567
0.26179
0.81955
0.28111
0.41078
0.74875
0.29475
0.57154
0.09653
0.18834
0.93020
0.57271
0.85250
0.31986
0.87585
0.53800
0.83827
0.45869
0.52610
0.49770
0.49322
0.60732
0.56053
0.78756
0.84089
0.33806
0.90771
0.08040
0.54814
0.47591
0.29953
0.31335
0.53309
0.50526
0.80839
0.81492
0.75427
0.23226
0.85803
0.47149
0.67230
0.15114
0.22435
0.29864
0.88853
0.57594
0.33887
0.96947
0.49603
0.87794
0.78901
0.17296
0.54252
0.65540
0.50166
0.17526
0.58545
0.48386
0.36606
0.68448
0.15660
0.66216
0.48324
0.16478
0.49976
0.06655
0.80223
0.56703
0.33126
0.73525
0.03051
0.49755
0.88327
0.83362
0.52626
0.65377
0.88166
0.24385
0.48454
0.63630
0.81872
0.94879
0.57752
0.22262
0.91301
0.54067
0.23681
0.53971
0.62440
0.69621
0.79682
0.93243
0.85757
0.57168
0.15883
0.48483
0.81382
0.68732
0.28378
0.82721
0.80455
0.49581
0.88562
0.48000
0.30879
0.41872
0.06936
0.86214
0.85200
0.85382
0.89585
0.20224
0.29991
0.92677
0.07359
0.93375
0.28416
0.18283
0.90119
0.83939
0.85316
0.07033
0.57556
0.24259
0.18684
0.22865
0.89484
0.46616
0.66824
0.56623
0.84560
0.27382
0.80636
0.66767
0.31893
0.64596
0.13405
0.68029
0.91218
0.56550
0.06897
0.13326
0.71312
0.51567
0.81643
0.47631
0.12488
0.29423
0.37359
0.29949
0.52366
0.06946
0.93123
0.59868
0.61477
0.25303
0.25164
0.23308
0.13324
0.83168
0.47897
0.47192
0.83228
0.80049
0.88179
0.65800
0.51322
0.63740
0.34194
0.34287
0.73404
0.51358
0.82678
0.48641
0.75474
0.15444
0.15567
0.07047
0.17677
0.82752
0.90626
0.87114
0.13636
0.92462
0.16513
0.84519
0.88259
0.89752
0.22923
0.73938
0.68951
0.66801
0.51078
0.21326
0.31499
0.32914
0.91909
0.96131
0.13665
0.27355
0.84211
0.22498
0.47969
0.77454
0.31432
0.81403
0.49613
0.77751
0.33070
0.12596
0.49114
0.33765
0.03287
0.31270
0.47748
0.13433
0.83243
0.16160
0.18969
0.65235
0.73226
0.39062
0.31200
0.87015
0.05383
0.88365
0.70686
0.23458
0.24686
0.51839
0.18171
0.20887
0.58584
0.81782
0.68561
0.93598
0.46976
0.43428
0.27111
0.80939
0.66873
0.75692
0.63544
0.15865
0.19729
0.37031
0.88180
0.85406
0.27663
0.80365
0.49701
0.13599
0.51918
0.46249
0.59257
0.84614
0.84119
0.04074
0.78172
0.32414
0.31008
0.85634
0.84613
0.13422
0.17899
0.76215
0.11025
0.14060
0.48287
0.63365
0.93647
0.50755
0.91730
0.64762
0.90260
0.68792
0.83322
0.80102
0.76326
0.60744
0.18177
0.52833
0.64284
0.38248
0.87018
0.69389
0.61398
0.15685
0.70792
0.94067
0.15316
0.50055
0.29613
0.08689
0.88561
0.67366
0.68524
0.88217
0.92409
0.69726
0.63985
0.30985
0.81599
0.53514
0.17650
0.21763
0.08554
0.23041
0.84660
0.89181
0.74238
0.36290
0.37211
0.53878
0.16507
0.48832
0.70640
0.88145
0.34375
0.49985
0.94156
0.52400
0.72880
0.87293
0.55042
0.78348
0.54273
0.16048
0.57884
0.70864
0.69589
0.48411
0.05067
0.81221
0.30404
0.47540
0.82500
0.67444
0.75757
0.77901
0.04398
0.71652
0.16734
0.87265
0.09165
0.59886
0.92556
0.09093
0.16024
0.55531
0.71838
0.80567
0.06291
0.13344
0.81445
0.32560
0.76511
0.49424
0.78797
0.14282
0.46969
0.87901
0.78864
0.07442
0.08912
0.79430
0.03335
0.77534
0.04185
0.92642
0.50667
0.30518
0.76438
0.73199
0.30554
0.67264
0.48717
0.09476
0.04405
0.44965
0.56771
0.18066
0.18008
0.47249
0.48302
0.23586
0.48467
0.64522
0.15217
0.85982
0.80622
0.10899
0.16467
0.70278
0.81650
0.47975
0.54473
0.31281
0.09134
0.52217
0.14940
0.32251
0.88590
0.06280
0.81049
0.78796
0.78480
0.81725
0.75162
0.57859
0.76975
0.50708
0.46938
0.77941
0.19905
0.66697
0.68128
0.51287
0.77722
0.65993
0.33493
0.84457
0.47706
0.30430
0.87080
0.58391
0.16997
0.33569
0.04913
0.95573
0.55155
0.82785
0.33610
0.84049
0.22456
0.17822
0.29819
0.93007
0.17278
0.28874
0.08278
0.87920
0.65286
0.86442
0.56307
0.45907
0.17557
0.83644
0.70650
0.53349
0.56232
0.70380
0.50813
0.91600
0.86333
0.53794
0.50349
0.12069
0.31317
0.38720
0.16265
0.72027
0.84343
0.83564
0.15561
0.02038
0.83102
0.52041
0.69414
0.58982
0.82077
0.77373
0.86936
0.79876
0.07246
0.87015
0.82026
0.49516
0.21307
0.34463
0.67307
0.30323
0.53086
0.47779
0.62108
0.93851
0.89989
0.37326
0.92309
0.86346
0.95428
0.48894
0.15284
0.49075
0.93605
0.93749
0.86958
0.61777
0.56173
0.48394
0.85696
0.33054
0.32030
0.32008
0.47668
0.88270
0.35156
0.46244
0.85137
0.65422
0.55276
0.83568
0.64996
0.32720
0.09166
0.59184
0.90502
0.48491
0.37965
0.82136
0.45726
0.71824
0.03265
0.55350
0.33939
0.19049
0.27827
0.66297
0.23248
0.26765
0.05902
0.49391
0.39581
0.29144
0.31067
0.45803
0.85786
0.52166
0.58148
0.32081
0.81654
0.55305
0.51441
0.19765
0.56509
0.06472
0.04904
0.32629
0.45095
0.44425
0.53754
0.32570
0.39212
0.71458
0.53357
0.49722
0.84395
0.83480
0.56650
0.85047
0.80509
0.57450
0.53771
0.18855
0.26194
0.14217
0.50947
0.36892
0.48125
0.92703
0.81767
0.67388
0.63289
0.47875
0.84159
0.37892
0.93462
0.22918
0.31797
0.35083
0.49556
0.69434
0.30530
0.81748
0.84037
0.60227
0.25629
0.57230
0.56174
0.04485
0.16576
0.68606
0.11990
0.23662
0.10834
0.48331
0.75832
0.79370
0.86662
0.89661
0.58682
0.63185
0.70737
0.51005
0.68068
0.91886
0.85440
0.67172
0.80452
0.24281
0.82747
0.49709
0.66591
0.27364
0.37732
0.56658
0.09921
0.13483
0.48110
0.13829
0.80879
0.49358
0.47722
0.86505
0.10882
0.48884
0.68999
0.88685
0.09677
0.63779
0.29406
0.93891
0.30742
0.30594
0.91899
0.59392
0.56311
0.81929
0.06629
0.29365
0.91680
0.11414
0.18992
0.33719
0.83885
0.50467
0.90370
0.76777
0.75691
0.47729
0.50396
0.05605
0.06275
0.33392
0.91534
0.47099
0.89540
0.72432
0.59436
0.49570
0.88361
0.01193
0.10492
0.23405
0.47566
0.30179
0.66209
0.93508
0.90823
0.06781
0.66590
0.85121
0.83720
0.80215
0.84615
0.81863
1.00762
0.84717
0.25180
0.83784
0.69458
0.79145
0.18288
0.47936
0.55208
0.51778
0.39175
0.27826
0.80244
0.47214
0.84569
0.77004
0.47579
0.73575
0.48019
0.66703
0.69444
0.81067
0.51938
0.76059
0.84242
0.23782
0.94867
0.47660
0.66705
0.91706
0.11979
0.27588
0.67601
0.46412
0.87890
0.69262
0.20504
0.49638
0.50957
0.17061
0.81258
0.30391
0.19835
0.05220
0.48529
0.46866
0.81751
0.71852
0.11877
0.68192
0.07128
0.74060
0.48426
0.18231
0.23525
0.80173
0.28653
0.64006
0.71982
0.68081
0.32385
0.49664
0.57267
0.49649
0.33232
0.85851
0.79424
0.69077
0.66515
0.92426
0.65178
0.54615
0.45978
0.67123
0.90789
0.30523
0.29460
0.83553
0.49326
0.32048
0.18584
0.06380
0.79300
0.59820
0.34118
0.47834
0.81623
0.90016
0.81002
0.22885
0.81979
0.43915
0.13862
0.14371
0.76281
0.32559
0.70550
0.24060
0.94049
0.15825
0.19870
0.22164
0.56379
0.58869
0.20074
0.71271
0.90964
0.17097
0.09184
0.91778
0.32972
0.49322
0.74385
0.65080
0.88988
0.67868
0.69718
0.17836
0.57524
0.63260
0.22706
0.46539
0.06410
0.49031
0.86984
0.52260
0.44504
0.83095
0.14321
0.78857
0.73442
0.50246
0.51548
0.29235
0.47779
0.15178
0.92546
0.32207
0.81928
0.68228
0.06933
0.17522
0.07586
0.51567
0.66349
0.38981
0.14916
0.02626
0.67292
0.05934
0.60700
0.32468
0.51316
0.16547
0.33251
0.30830
0.24980
0.31968
0.88183
0.45196
0.34928
0.19945
0.82817
0.20810
0.02913
0.90294
0.94631
0.59798
0.14353
0.32560
0.45704
0.28409
0.91334
0.26325
0.90405
0.33768
0.68490
0.68756
0.16470
0.32416
0.53676
0.84834
0.28746
0.87216
0.17024
0.63528
0.28245
0.47785
0.55938
0.52077
0.86921
0.50200
0.45714
0.56827
0.37647
0.56483
0.86931
0.48828
0.83544
0.82552
0.84053
0.82515
0.13460
0.58539
0.77147
0.45377
0.22574
0.86167
0.62466
0.02399
0.90788
0.49071
0.64836
0.17041
0.68362
0.31961
0.54971
0.17311
0.57011
0.50103
0.60832
0.71942
0.23269
-0.01066
0.50479
0.46894
0.31501
0.29498
0.93300
0.51912
0.51278
0.48961
0.71524
0.49763
0.06843
0.25535
0.93470
0.31787
0.69996
0.80455
0.75701
0.22373
0.71630
0.78830
0.86437
0.81181
0.47544
0.69143
0.05763
0.38761
0.80919
0.62558
0.70527
0.38384
0.87024
0.32934
0.12112
0.07357
0.36021
0.13540
0.80991
0.52415
0.77967
0.86561
0.22484
0.14797
0.15389
0.32834
0.65306
0.49826
0.22184
0.84393
0.82167
0.52059
0.68858
0.70754
0.89955
0.81479
0.58031
0.11564
0.65231
0.14848
0.18478
0.56698
0.58531
0.04570
0.76090
0.18947
0.36534
0.48795
0.97463
0.48530
0.33461
0.16550
0.61036
0.14474
0.17452
0.24382
0.49932
0.84083
0.46763
0.91014
0.74951
0.30666
0.47082
0.85259
0.92895
0.69618
0.90634
0.21122
0.55259
0.83853
0.52019
0.93185
0.32800
0.85698
0.48209
0.90623
0.55805
0.92368
0.54584
0.68824
0.31521
0.93563
0.71122
0.88840
0.83001
0.93141
0.83634
0.86632
0.81685
0.20901
0.62528
0.05515
0.66920
0.17710
0.07703
0.12474
0.06589
0.92301
0.22921
0.13816
0.91867
0.34898
0.21645
0.22340
0.48911
0.68480
0.31175
0.80877
0.36544
0.45244
0.48771
0.03461
0.15647
0.92195
0.91724
0.93274
0.89685
0.68789
0.50966
0.69048
0.32921
0.84035
0.83268
0.21972
0.93338
0.58729
0.92244
0.34724
0.33716
0.52394
0.21777
0.65633
0.67251
0.84203
0.49977
0.22664
0.68165
0.92229
0.44514
0.32236
0.07713
0.49143
0.28899
0.77260
0.50191
0.51199
0.88993
0.60948
0.28590
0.04779
0.91527
0.34833
0.79308
0.31833
0.16589
0.53190
0.28377
0.85140
0.89381
0.60508
0.88760
0.37085
0.79477
0.30088
0.93991
0.71537
0.52700
0.47916
0.35626
0.11526
0.15411
0.91776
0.81295
0.67992
0.51493
0.88628
0.58077
0.94291
0.07946
0.21177
0.91803
0.07360
0.28737
0.46269
0.84173
0.86849
0.12690
0.83379
0.30806
0.48046
0.81539
0.42771
0.25607
0.95524
0.72152
0.80283
0.76787
0.49838
0.16676
0.94465
0.81244
0.11618
0.70621
0.17873
0.95470
0.81191
0.85661
0.07817
0.86749
0.53157
0.48976
0.83461
0.28420
0.51593
0.46945
0.65805
0.14579
0.15561
0.38650
0.85437
0.16038
0.56341
0.92820
0.05480
0.89397
0.53298
0.06889
0.82110
0.34333
0.89388
0.64807
0.92411
0.74871
0.44682
0.34075
0.03400
0.93788
0.55867
0.29198
0.66836
0.51377
0.88247
0.88780
0.54640
0.16580
0.84526
0.88346
0.07055
0.04202
0.32825
0.35240
0.81065
0.21136
0.46277
0.29108
0.79231
0.33054
0.84056
0.85042
0.82428
0.69527
0.80241
0.20636
0.87916
0.07541
0.59743
0.13155
0.58280
0.87855
0.36348
0.16726
0.55587
0.70748
0.89400
0.82278
0.31108
0.35395
0.67966
0.69541
0.91518
0.91259
0.63356
0.81616
0.15261
0.23468
0.05740
0.89236
0.14033
0.26636
0.66427
0.17529
0.17412
0.90876
0.32461
0.48884
0.51312
0.15881
0.03517
0.14348
0.89014
0.84587
0.08995
0.95775
0.77186
0.37399
0.48274
0.86684
0.79746
0.86333
0.34857
0.64163
0.65676
0.29891
0.71554
0.27941
0.48657
0.23266
0.93728
0.85942
0.28097
0.83423
0.31965
0.06853
0.94600
0.38869
0.30417
0.47189
0.31130
0.44652
0.19950
0.49674
0.46416
0.58325
0.95742
0.15621
0.64178
0.33503
0.46701
0.90667
0.24217
0.11711
0.21319
0.04019
0.75251
0.70855
0.90463
0.47560
0.48421
0.49057
0.37252
0.93448
0.60295
0.14450
0.79092
0.86472
0.91690
0.90610
0.48610
0.83013
0.07724
0.48822
0.82276
0.51001
0.56803
0.41362
0.79891
0.51322
0.63369
0.89848
0.17689
0.46928
0.92888
0.75000
0.82291
0.19803
0.67605
0.32341
0.48570
0.82851
0.16318
0.48363
0.87832
0.79583
0.93340
0.34095
0.92827
0.09381
0.55475
0.60634
0.85384
0.92019
0.83078
0.04364
0.31971
0.56181
0.84850
0.93531
0.34310
0.37077
0.69748
0.15150
0.50115
0.68539
0.06417
0.55153
0.45280
0.90012
0.79286
0.32954
0.57141
0.37701
0.68978
0.18776
0.30888
0.44523
0.17425
0.75048
0.36121
0.90328
0.91865
0.89606
0.40529
0.95332
0.20300
0.81243
0.16174
0.80051
0.67571
0.93150
0.60067
0.82109
0.81748
0.14673
0.20308
0.83545
0.64686
0.15623
0.94809
0.71304
0.49498
0.68017
0.33298
0.22508
0.83696
0.63525
0.27186
0.13412
0.85370
0.46886
0.27944
0.18265
0.54327
0.94186
0.12996
0.62324
0.30090
0.33893
0.51353
0.18457
0.80460
0.51479
0.48125
0.09701
0.64370
0.21235
0.06604
0.47891
0.28109
0.20341
0.16184
0.45944
0.52160
0.56608
0.68448
0.79290
0.50218
0.21132
0.45111
0.52109
0.14162
0.51245
0.26136
0.52629
0.87065
0.12679
0.90699
0.77755
0.64647
0.21520
0.20986
0.51259
0.37278
0.83003
0.40419
0.63582
0.36932
0.57854
0.37443
0.82331
0.31497
0.55436
0.10539
0.67136
0.18832
0.26724
0.46833
0.60685
0.85434
0.88528
0.86550
0.01949
0.89659
0.38569
0.54129
0.35094
0.51557
0.03858
0.82758
0.49497
0.59188
0.08378
0.31370
0.69229
0.34407
0.40230
0.72624
0.82355
0.86551
0.53098
0.69207
0.15372
0.34437
0.49534
0.50844
0.13604
0.88139
0.10948
0.89884
0.68873
0.94203
0.79918
0.78063
0.84807
0.15389
0.88705
0.70916
0.21077
0.78865
0.84661
0.37589
0.58243
0.50962
0.69404
0.31624
0.39893
0.05794
0.57550
0.28710
0.86020
0.22245
0.20630
0.23352
0.53967
0.84213
0.79123
0.86527
0.13179
0.47925
0.46933
0.46003
0.52319
0.19169
0.82374
0.77289
0.30860
0.84947
0.78096
0.82045
0.93357
0.69215
0.22564
0.23196
0.15876
0.22966
0.93316
0.87281
0.19414
0.18499
0.43213
0.85352
0.23286
0.81764
0.85365
0.71353
0.66623
0.67799
0.48992
0.85603
0.69943
0.34317
0.33290
0.86223
0.18043
0.81722
0.20517
0.59917
0.80238
0.49607
0.04257
0.23800
0.95262
0.04568
0.72981
0.54223
