0.89770
0.04825
0.85842
0.22480
0.05710
0.22464
0.91020
0.87026
0.89332
0.77247
0.75770
0.44765
0.91538
0.45961
-0.03180
0.32732
0.44924
0.72611
0.36718
0.86915
0.90481
0.91528
0.82755
0.05472
0.73029
0.28867
0.20492
0.71582
0.68289
0.87404
0.57939
0.02054
0.69999
0.69962
0.23230
0.41425
0.24470
0.94284
0.10863
0.33549
0.71595
0.14575
0.08325
0.70263
0.01688
0.87489
0.80817
0.87417
0.71131
0.56034
0.90463
0.92945
0.71833
0.64373
0.92099
0.15698
-0.02811
0.83393
0.84625
0.54257
0.49950
0.04605
0.66386
0.43815
0.90186
0.60611
0.57099
0.01620
0.86669
0.11924
0.53929
0.49490
0.84888
0.71342
0.03609
0.27146
0.42621
0.83172
0.77772
0.56345
0.63405
0.30391
0.83066
0.72469
0.69669
0.70046
0.13560
0.66017
0.21472
0.49454
0.70400
0.21763
0.31365
0.05451
0.91708
0.91419
0.70852
0.23183
0.22103
0.86621
0.72328
0.87761
0.38135
0.30909
0.20116
0.76648
0.91117
0.22425
0.20678
0.78168
0.89489
0.07443
0.79305
0.60217
0.32291
0.49573
0.76427
0.67669
0.14929
0.08067
0.14993
0.03332
0.04736
0.37207
0.24717
0.15819
0.93161
0.53817
0.17106
0.90885
0.22031
0.82112
0.21402
0.83132
0.44184
0.20391
0.80842
0.88884
0.55049
0.82016
0.40503
0.40620
0.04891
0.03925
0.82346
0.41226
0.84894
0.00214
0.41631
0.16624
0.18787
0.73990
0.41126
0.85692
0.67207
0.65227
0.84495
0.87084
0.70681
0.17619
0.18156
0.04759
0.85598
0.13915
0.01369
0.17926
0.25945
0.90029
0.83791
0.65754
0.04968
0.11151
0.75953
0.74596
0.93037
0.05151
0.21141
0.11462
0.73715
0.76190
0.15561
0.36337
0.78996
0.00378
0.72505
0.00500
0.30866
0.26328
0.94116
0.23131
0.97043
0.02118
0.92493
0.71707
0.18009
0.73289
0.40718
0.78303
0.02610
0.39519
0.79242
0.93271
0.22917
0.66647
0.76281
0.20056
0.17536
0.82150
0.68104
0.49267
0.72670
0.28077
0.45330
0.85207
0.55222
0.29599
0.81598
0.32435
0.19372
0.00422
0.82377
0.65734
0.79625
0.22418
0.78850
0.80854
0.90290
0.00134
0.20588
0.50350
0.71728
0.70215
0.22185
0.15205
0.88392
0.91732
0.87170
0.30599
0.88570
0.83270
0.41571
0.90928
0.86172
0.57946
0.87744
0.55295
0.21342
0.80808
0.13363
0.06831
0.46936
0.73123
0.40059
0.38783
0.02329
0.40583
0.80162
0.32839
0.72582
0.02480
0.35453
-0.05501
0.83936
0.02255
0.28925
0.92654
0.90090
0.18517
0.63914
0.67654
0.40957
0.01464
0.70895
0.69690
0.87820
0.71980
0.64768
0.91154
0.04604
0.00282
0.86296
0.45865
0.30182
0.57528
0.11713
0.65976
0.86956
0.30915
0.76767
0.20590
0.75677
0.91559
0.94820
0.23277
0.80002
0.91203
0.24844
0.16550
0.62941
0.82780
0.66885
0.93001
0.33924
0.20552
0.72366
0.05363
0.27986
0.45805
0.93496
0.89434
0.15752
0.89205
0.22240
0.21255
0.14174
0.30956
0.82013
0.79414
0.42970
0.91817
0.86593
0.84216
0.59876
0.02040
0.12742
0.76121
0.49038
0.93855
0.31287
0.79825
0.05622
0.88561
0.73374
0.91031
0.86140
0.23006
0.25674
0.90203
0.26205
0.65390
0.81965
0.81780
0.74191
0.83092
0.91316
0.82836
0.69749
0.88859
0.05226
0.54989
0.71629
0.17075
0.91432
0.45679
0.28105
0.70375
0.24953
0.91298
0.22308
0.83879
0.17540
0.21559
0.29413
0.55995
0.90351
0.90900
0.71683
0.19006
-0.00998
0.29053
-0.02141
0.87471
0.75444
0.65098
0.86249
0.88934
0.89128
0.72315
0.71271
0.01594
0.30061
0.05641
0.57341
0.15343
-0.01130
0.29914
0.81822
0.51688
0.44889
0.79871
0.84731
0.83329
0.75839
0.57154
0.14388
0.89619
0.14512
0.80844
0.71775
0.17437
0.03409
0.75592
0.77706
0.69033
0.33997
0.15711
0.12863
0.91598
0.01639
0.90747
0.73676
0.01807
0.32757
0.82473
0.05085
0.38728
0.81187
0.34319
0.17813
0.03153
0.04803
0.85245
0.13962
0.02573
0.55639
0.34114
0.87645
0.32661
0.81368
0.42122
0.01688
0.41067
0.15905
0.95533
-0.00356
0.19626
0.66075
0.14942
0.92722
0.71836
0.46619
0.00331
0.55207
0.14804
0.03947
0.21814
0.73687
0.69902
0.03740
0.80449
0.74709
0.14646
0.12269
0.14479
0.33001
0.92239
0.90839
0.72065
0.91422
0.17447
0.39509
0.91260
0.30327
0.02553
0.82643
0.78098
0.03659
0.70571
0.02798
0.16128
0.17550
0.04245
-0.00355
0.00602
0.02377
0.15644
0.91467
0.87440
0.89675
0.28142
0.68220
0.74884
0.81782
0.75977
0.58589
-0.00124
0.89450
0.38782
-0.00135
0.14488
0.92341
0.93007
0.16904
0.17090
0.78127
0.29952
0.14501
0.65735
0.87332
0.42277
0.23264
0.77749
0.22076
0.86855
0.42259
0.70315
0.02699
0.06202
0.69986
0.60961
0.29859
0.14602
0.22793
-0.00443
0.72309
0.41866
0.06863
0.90798
0.63707
0.93950
0.30214
0.81718
0.06487
0.26397
0.70341
0.12734
0.89098
0.71264
0.55891
0.78828
0.41587
0.83567
0.42482
0.22169
0.70816
0.80405
0.71023
0.73009
0.14736
0.19786
0.15154
0.71149
0.84837
0.15494
0.30735
0.86080
-0.00575
0.04994
0.30032
0.42185
0.82173
-0.01140
0.72955
0.85280
0.41205
0.95255
0.92359
0.73671
0.81181
0.79903
0.21856
0.12985
0.81781
0.61542
0.69643
0.91256
0.06616
0.44254
0.65897
0.74857
0.43666
0.30083
0.73616
0.22926
0.23487
0.23541
0.32975
0.83885
0.64748
0.84181
0.64219
0.72173
0.00148
0.19253
0.74825
0.61662
0.14130
0.29248
0.14376
0.40203
0.40630
0.80597
0.81376
0.29675
0.41912
0.30052
0.92537
0.00219
0.56521
0.41519
0.77907
0.28070
0.41473
0.86358
0.84477
0.30456
0.21896
0.87032
0.46337
0.00330
0.04471
0.86517
0.94702
0.03608
0.87979
0.56073
0.45075
0.83812
0.28367
0.12541
0.89213
0.79645
0.57388
0.21506
0.82384
0.72378
0.11779
0.68863
0.32935
0.20743
0.29620
0.83680
0.22455
0.78733
0.67241
0.19251
0.15009
0.64863
0.74446
0.19857
0.93898
0.37612
0.93114
0.13454
0.29057
0.29200
0.88439
0.78754
0.22880
0.71546
0.72147
0.22934
0.01896
0.15776
0.85324
0.24325
0.91905
0.74404
0.58147
0.90302
0.24854
0.90639
0.64408
0.84297
0.73280
-0.02761
0.12272
0.83017
0.75627
-0.01457
0.12349
0.91424
0.39611
0.66234
0.20816
0.15392
0.84522
0.63628
0.42028
0.12424
0.85823
0.11196
0.93430
0.90870
0.75531
0.92542
0.11443
0.23211
0.03454
-0.00123
0.90526
0.82645
0.09152
-0.00098
0.56296
0.41684
0.33447
0.09905
0.80752
0.93303
0.82108
0.11756
0.69674
0.32914
0.14528
0.57977
0.86319
0.92014
0.01894
0.88474
0.83658
0.82164
0.90446
0.90265
0.43027
0.80309
0.04248
0.84020
-0.01575
0.77807
0.76547
0.75813
0.70125
0.04931
0.86241
0.31453
-0.01403
0.32567
0.20073
0.90509
0.61454
0.71453
0.12733
0.14321
0.22590
0.91373
-0.01634
0.20103
0.78889
0.87071
0.10603
0.82771
0.81966
0.74208
0.45402
0.41934
0.13987
0.92459
0.33430
0.82567
0.91091
0.23433
0.92993
0.14376
0.11910
0.92183
0.86769
0.39459
0.43568
0.18926
0.87896
0.63697
0.64936
0.80489
0.83552
0.79872
0.28644
0.88580
0.23684
0.00867
0.25101
0.83858
0.41689
0.82322
0.05440
0.90599
0.46513
0.45461
0.81964
0.30642
0.91576
0.40164
0.90603
0.92646
0.73924
0.36415
0.74014
0.45626
0.40424
0.29460
0.74514
0.66178
0.60007
0.34521
0.02559
0.20416
0.78876
0.67659
0.87117
0.90888
0.86089
0.71382
0.52925
0.83087
0.83484
0.82553
0.14417
0.91757
0.62971
0.71093
0.03985
0.40606
0.18171
0.66698
0.31161
0.80974
0.22185
0.80857
0.25447
0.75614
0.83940
0.80716
0.92088
0.91033
0.05441
0.24147
0.04653
0.71128
0.06153
-0.00962
0.21492
0.22483
0.10507
0.73682
0.78944
0.86333
0.90611
0.93828
0.54198
0.24219
0.33406
0.45452
0.27066
0.10220
0.32120
0.32363
0.07055
0.55818
0.32035
0.68443
0.02904
0.86748
0.37583
0.02053
0.87739
0.71138
0.91020
0.04129
0.21131
0.37385
0.03427
0.90251
0.87475
0.04148
0.24317
0.04383
0.70914
0.94502
0.67616
0.94379
0.85926
0.88383
0.90100
0.43326
-0.00878
0.58168
0.70635
0.20940
0.21106
0.57575
0.43137
0.22144
0.92670
0.16769
0.55538
0.01508
0.81105
0.68459
0.05146
0.72966
0.66873
0.29892
0.19214
0.21570
0.13886
0.87019
0.25828
-0.00127
0.56215
0.55948
0.85072
0.85700
0.86901
0.14135
0.55254
0.89367
0.28998
0.13456
0.02130
0.75497
0.10664
0.03982
0.77369
0.85415
0.71806
0.70464
0.81966
0.24283
0.78921
0.40870
0.91894
0.75130
0.26189
0.15275
0.88116
0.74437
0.70568
0.37064
0.89031
0.00179
0.74031
0.01970
0.78404
0.35911
0.83477
0.29267
0.22711
0.90426
0.70368
0.65361
0.89203
0.14034
0.10215
0.21376
0.02996
0.04451
0.32500
0.57596
0.76242
0.03631
0.69501
0.13823
0.25619
0.61931
0.68713
0.86432
0.88132
0.14717
0.84554
0.31311
0.73012
0.83328
0.01727
0.11987
0.42748
0.33272
0.80778
0.02232
0.70376
-0.00906
0.85253
0.55745
0.54893
0.20702
0.95242
0.11242
0.94711
0.81398
0.81138
0.06302
0.31534
0.81701
0.78805
0.55945
0.45627
0.14372
0.78928
0.68115
0.39171
0.12932
0.42679
0.21068
0.14076
0.89266
0.21899
0.91855
0.05599
0.88045
0.39377
0.85226
0.84243
0.32380
0.22161
0.73811
0.85104
0.74223
0.76168
0.04324
0.40535
0.00625
0.68313
0.12271
0.57949
0.76334
0.74589
0.73720
0.71878
0.69988
0.30299
0.85514
0.90887
0.29105
0.38408
0.92396
0.88559
0.47479
0.22126
0.71332
0.70860
0.71519
0.75676
0.46397
0.03894
0.91218
0.91730
0.17377
0.70170
0.88108
0.72608
0.73226
0.47320
0.02717
0.67665
0.60683
0.55591
0.14497
0.72627
0.68203
0.10600
0.48235
0.22081
0.70183
0.45808
0.86139
0.31521
0.15037
-0.00084
0.70403
0.46120
0.67083
0.23131
0.89429
0.86167
0.24440
0.76551
0.70219
0.78964
0.04088
0.64280
0.42744
0.15222
0.06438
0.86614
0.56964
0.04932
0.23087
0.84280
0.39522
0.24407
0.25360
0.73279
0.71344
0.23212
0.67844
0.21619
0.46507
0.65403
0.82573
0.92269
0.00702
0.45151
0.92055
0.13281
0.26893
0.42687
0.00667
0.82255
0.62883
0.12543
0.78222
-0.02241
0.16183
0.27017
0.82822
0.89412
0.64629
0.12669
0.33359
-0.01339
0.65438
-0.00730
0.89145
0.49099
0.83462
0.10799
0.86512
0.65504
0.93035
0.83772
0.87641
0.13179
0.47157
0.53486
0.21852
0.66090
0.26707
0.33741
0.90112
0.18058
0.21931
0.65827
0.04072
0.07734
0.76546
0.79333
0.69208
0.87992
0.72231
0.33594
0.23616
0.24358
0.77903
0.78495
0.02718
0.62717
0.66651
0.41221
0.63611
-0.01809
0.63581
0.31715
0.34478
0.17461
0.05092
-0.00776
0.02747
0.57291
0.83240
0.39661
0.82727
0.66853
0.74974
0.90386
-0.02076
0.88728
0.79186
0.71201
0.47476
0.14576
0.87341
0.71416
0.74731
0.81491
0.43985
0.04900
0.71760
0.31375
0.18808
0.92796
-0.01633
0.70215
0.73045
0.78926
0.88167
0.27681
0.13947
0.81609
0.82143
0.73044
0.57979
0.54009
0.85205
0.10692
0.49688
0.20015
0.06463
0.81262
0.87717
0.71453
0.92128
0.80842
0.89762
0.70765
0.27456
0.05561
0.74212
0.80079
0.66608
0.48329
0.13674
0.01421
0.29563
0.79049
0.02357
0.83715
0.81701
0.90911
0.91905
0.22720
0.34761
0.21994
0.22169
0.31052
0.16480
0.80674
0.16581
0.46320
0.24208
0.23536
0.24406
0.42473
0.05171
0.04192
0.74000
0.24933
0.72014
0.71879
0.32198
0.06406
0.79381
0.22312
0.90614
0.65919
-0.01203
0.84455
0.41232
0.23933
0.24120
0.25020
0.44735
0.10580
0.71092
0.06428
0.21353
0.61954
0.86982
0.87233
0.29347
0.16884
0.81123
0.03146
0.83395
0.72188
0.03575
0.24266
0.20836
0.82685
0.05521
0.17080
0.53945
0.67033
-0.02949
0.00523
-0.01963
0.22989
0.16462
0.28995
0.14927
0.71880
0.39140
0.87039
0.68825
0.58295
0.15480
0.82606
0.11813
0.90354
0.85389
0.76420
0.24050
0.75624
0.45417
0.49840
0.69697
0.82993
0.88389
0.24696
0.28373
0.64135
0.67600
0.93266
0.43390
0.30575
0.82625
0.87583
0.41992
0.81106
0.67504
0.82830
0.86784
0.04365
0.89274
0.39734
0.35079
0.30532
0.25834
0.18529
0.76416
0.72424
0.22900
0.22909
0.83153
0.35339
0.91281
0.13608
0.37858
0.91990
0.75076
0.77844
0.82861
0.65623
0.11260
0.12215
0.00263
0.92788
0.61782
0.87230
0.22076
0.46559
0.13301
0.48549
0.05181
0.04691
0.67892
0.27117
0.92617
0.23197
0.35395
0.82555
0.87677
0.90918
0.91240
0.57749
0.79878
0.26796
0.19264
0.84196
0.19804
0.88302
0.89547
0.33584
0.44965
0.13197
0.31043
0.65004
0.57308
0.35120
0.40944
0.01630
0.92969
0.91542
0.00461
0.90717
0.24623
0.79866
0.54819
0.28814
0.00554
0.22321
0.66480
0.76528
0.16148
0.12608
0.10679
0.80636
0.91359
0.23726
0.68796
0.32684
0.07270
0.89298
0.25705
0.41170
0.75535
0.49707
0.54802
0.67589
0.45072
0.84583
0.04983
0.20046
0.69357
0.75079
0.23793
0.21487
0.83124
0.70088
0.00588
0.77234
0.22752
0.06902
0.80228
0.84882
0.80700
0.88943
0.66623
0.74631
0.93318
0.30457
0.02315
0.32296
0.77349
0.82394
0.88772
0.89540
0.35734
0.22163
0.78207
0.42229
0.22305
0.24858
0.45408
0.26044
0.31021
0.03226
0.87709
0.81375
0.88765
0.84769
0.88456
-0.00570
0.02607
0.04253
0.22818
0.01618
0.69798
0.23870
0.19916
0.79453
0.05081
0.68630
0.28323
0.14745
0.19218
0.15606
0.72852
0.91752
0.62350
0.41874
0.77851
0.22128
0.11029
0.47505
0.86988
0.89158
0.55258
0.96765
0.79448
0.15637
0.22214
0.56286
0.01826
0.91668
0.92193
0.51201
0.39673
-0.00330
0.39558
0.30877
0.74917
0.15660
0.76095
0.16213
0.43557
0.80136
0.22038
0.83178
0.30029
0.18544
0.21491
0.16349
0.88066
0.95584
0.45624
0.69005
0.90856
0.57233
0.72919
0.32054
0.45585
0.16930
0.90492
0.11422
0.33108
0.05931
0.87076
0.91291
0.94120
0.75619
0.80169
0.31787
0.54038
0.00031
0.69725
0.41425
0.14479
0.78357
0.93614
0.80841
0.40028
0.16457
0.68372
0.43001
0.19995
0.21799
0.64078
0.08932
0.76626
0.53429
0.93587
0.43921
0.75514
0.93566
0.91158
0.10248
0.39457
0.66964
0.74490
0.92016
0.15905
0.25166
0.14331
0.39983
0.41064
0.85772
0.73927
0.54160
-0.01079
0.06270
0.89131
0.73085
0.74666
0.72709
0.77440
0.73456
0.42191
0.20444
0.86843
0.65584
0.54858
0.56016
0.62653
0.12897
0.00206
0.10176
0.02968
0.82066
0.90947
0.25617
0.07696
0.29641
0.32497
0.04776
0.13695
0.84172
0.14118
0.31284
0.05454
0.69089
0.08777
0.64470
0.88063
0.11477
0.21554
0.29971
0.63433
0.22978
0.29750
0.57117
0.09781
0.46338
0.89972
0.77861
0.04798
0.89097
0.46299
0.76506
0.63870
0.03126
0.80332
0.00679
0.70927
0.86954
0.89003
0.33488
0.48872
0.78811
0.90437
0.02707
0.28733
0.69532
0.92578
0.33448
0.08202
0.86807
0.85282
0.93483
0.92478
0.68421
0.88265
0.13008
0.05149
0.29992
0.87349
0.39731
0.86300
0.70685
0.85334
0.81213
0.10768
0.48561
0.81496
0.82059
0.19613
0.29578
0.41868
0.56301
0.64985
0.92524
0.04812
0.91740
0.44341
0.76000
0.04019
0.23465
0.10218
0.07938
0.89479
0.06513
0.81133
0.09026
0.94116
0.15796
0.18445
0.80331
0.31032
0.69951
0.21252
0.55468
0.55456
0.27327
-0.01044
0.11600
0.93031
0.01355
0.80754
0.38371
0.81877
0.64878
0.88348
0.17525
0.42348
0.31669
0.84448
0.70708
0.85941
0.04628
0.73378
0.64406
0.13266
0.05786
0.00338
0.68995
0.19332
0.35948
0.16685
0.73285
0.28836
0.76971
0.31930
0.12036
0.23509
0.83678
0.22565
0.74119
0.71025
0.41379
0.72701
0.80876
0.93839
0.73503
0.45107
0.02379
0.87250
0.25402
0.14583
0.51274
0.80132
0.04319
0.73361
0.55340
0.64698
0.43419
0.00340
0.76562
0.21132
0.13497
0.81588
0.67724
0.01463
0.35734
0.01564
0.84970
0.11170
0.63823
0.29739
0.62297
0.86460
0.75673
0.66574
0.18084
0.69274
0.71533
0.03439
0.97745
0.41404
0.33045
0.71850
0.87455
0.45263
0.27354
0.87346
0.91961
0.40515
0.91044
0.22978
0.87464
0.29607
-0.00551
0.11820
0.54411
0.01793
0.24552
0.22954
0.11336
0.00252
0.89807
0.92839
0.71328
0.30596
0.69556
0.12257
0.18872
0.28541
0.76683
0.81901
0.74700
0.81348
0.03042
0.69521
0.05892
0.16256
0.13960
0.14847
0.74152
0.47034
0.88325
0.73565
0.16057
0.88907
0.50692
0.88866
0.49042
0.88365
0.56743
0.56503
0.89874
0.29712
-0.00116
0.82856
0.88777
0.33205
0.09245
-0.01047
0.73772
0.38959
0.47500
0.15245
0.73189
0.91073
0.02584
0.90121
0.10326
0.78190
0.40665
0.32874
0.17918
0.77708
0.82272
0.89818
0.22638
0.10957
0.49136
0.83471
0.30701
0.84985
0.66660
0.53653
0.90013
0.04091
0.20912
0.46537
0.15017
0.48177
0.57167
0.03002
0.37016
0.47238
0.15205
0.69876
0.58484
0.71847
0.11006
0.68241
0.18282
0.34388
0.75837
0.13855
0.87345
0.68896
0.21212
0.90717
0.15655
0.21785
0.22828
0.00094
0.76319
0.82937
0.04242
0.90782
0.64721
0.03947
-0.00905
0.68413
0.21409
0.55669
0.70709
0.16715
0.07365
0.48402
0.15892
0.89700
0.56276
0.69035
0.06253
0.32604
0.15362
0.22972
0.69690
0.87558
0.83173
0.80475
0.04832
0.43234
0.69146
-0.00145
0.74857
0.43318
0.13926
0.45226
0.55723
0.86766
0.79612
0.71021
0.83760
0.67744
0.72516
0.66422
0.73090
0.70704
0.21094
-0.03716
0.83675
0.74978
0.85944
0.40359
0.16694
0.02870
0.76635
0.89117
0.24871
0.80088
0.26705
0.73733
0.85568
0.40547
0.88384
0.93941
-0.01500
0.38061
0.77939
0.21098
0.74763
0.46797
0.94497
0.61038
0.69149
0.29534
-0.01829
0.44752
-0.02352
0.74899
0.24771
0.75105
0.47596
0.65093
0.28155
0.80525
0.01832
-0.00149
0.05900
0.91543
0.20596
0.69968
0.82712
0.76217
0.26758
0.41110
0.01204
0.32485
0.22915
0.83240
0.22088
0.89125
0.93138
0.14644
0.49581
0.37853
0.69760
0.45235
0.03926
0.23177
0.74477
0.24734
0.70136
0.35423
0.21339
0.18953
0.77904
0.78440
0.86875
0.92477
0.34373
0.05876
0.31110
0.21626
0.74584
0.65176
0.75970
0.00726
0.23327
0.57050
0.15555
0.16690
0.03319
0.23750
0.00674
0.22784
0.29443
0.77299
0.93413
0.92304
0.16055
0.43162
0.84280
0.39039
0.37138
0.90760
0.71664
0.21467
0.09315
0.14681
0.23160
0.78341
0.15871
0.91969
0.26799
0.84776
0.85092
0.67196
0.39226
0.32556
0.01062
0.88306
0.44111
0.67310
0.85658
0.73596
0.73928
0.21118
0.54284
0.26729
0.04330
0.75842
0.20747
0.88234
0.74019
0.31070
0.07776
0.13772
0.16327
0.80892
0.88318
0.91530
0.00421
0.78855
0.03782
0.22240
0.81284
0.39861
0.00468
0.85900
0.89161
0.24573
0.22554
0.62029
0.21692
0.20138
0.67799
0.55888
0.90978
0.21410
0.16526
0.75270
0.05710
0.73495
0.31863
0.82760
0.77250
0.57036
0.18910
0.03070
0.91356
0.14703
0.46640
0.90152
0.80253
0.74741
0.86840
0.81270
0.09568
0.72740
0.00691
0.74436
-0.00354
0.56988
0.84253
0.83856
0.86578
0.36430
0.73934
0.23238
0.14724
-0.00709
0.09195
0.03089
0.20860
0.36305
0.19504
0.32482
0.16030
0.89807
0.75751
0.44978
0.77851
0.56301
-0.01465
0.14034
0.90863
0.63419
0.78239
0.23483
0.89190
0.19818
0.72321
0.15317
0.01723
0.21794
0.74359
0.79557
0.18008
0.67453
0.85616
0.12802
0.66806
0.55383
0.03345
0.18203
0.79826
0.07187
0.89551
0.24694
0.84927
0.12524
0.67955
0.19828
0.93783
0.72652
0.83420
0.05473
0.82101
0.84287
0.00876
0.26356
0.71511
0.44807
0.21842
0.46336
0.72129
0.80179
0.89999
0.69758
0.21348
0.40376
0.33226
0.89949
0.71869
0.02369
0.32989
0.23558
0.68217
0.91007
0.08880
0.70578
0.06321
0.78534
0.41393
0.83945
0.91509
0.03257
0.14490
0.29411
0.40437
0.41552
0.92875
0.73377
0.23530
0.91495
0.71600
0.30149
0.90307
0.19919
0.93444
0.23232
0.76216
0.86500
0.05483
0.02515
0.55043
0.16274
0.68555
0.65145
0.22719
0.78336
0.12342
0.90469
0.71029
0.13508
0.44086
0.65918
0.04120
0.20748
0.30160
0.30123
0.53158
0.90650
0.65612
0.83098
-0.02173
0.39013
0.14776
0.81764
0.78078
0.14637
0.84504
0.24277
0.24886
0.81644
0.22370
0.74545
0.27442
0.20747
0.69300
0.14606
0.87718
0.79183
0.81518
0.88022
0.83180
0.91606
0.12740
0.86265
0.75841
0.79352
0.93866
0.68887
0.17885
0.40369
0.90576
0.39598
0.00206
0.17050
0.80594
0.94321
0.15989
0.86238
0.11980
0.21410
0.43554
0.44250
0.11590
0.02292
0.34029
0.30863
0.70676
0.74812
0.73879
0.21828
0.10848
0.83343
0.67909
0.95097
0.76010
0.33087
0.88357
0.96639
0.84661
0.95066
0.23156
0.58107
0.13187
0.13654
0.91616
0.44162
0.85461
0.20961
0.90729
0.24278
0.17282
0.29640
0.90813
0.30803
0.74959
0.92830
0.23948
0.35067
0.77773
0.74661
0.85675
0.76948
-0.03162
0.73528
0.83922
0.25165
0.66419
0.01121
0.38683
0.88513
0.82461
0.19826
0.90322
0.92570
-0.00204
0.67652
0.71058
0.21589
0.80403
0.56227
0.72985
0.69620
0.75764
0.82829
0.23828
0.03952
0.17038
0.19253
0.13444
0.29797
0.55246
0.36320
0.56163
0.69159
0.69898
0.90682
0.91005
0.70483
0.96369
0.67571
0.69839
0.43895
0.75063
0.21602
0.03273
0.32828
0.11979
0.25863
0.21819
0.63032
0.70135
0.57087
0.79513
0.56872
0.18208
0.18270
0.94934
0.77660
0.20429
0.84952
0.45208
0.06983
-0.00303
0.08396
0.12858
0.67646
0.73806
0.91267
0.77997
0.58570
0.87059
0.23066
0.74225
0.75150
0.12763
0.71527
0.59601
0.26705
0.20593
0.28851
0.75726
0.10476
0.10045
0.90249
0.82482
0.83829
0.38507
0.58966
0.39368
0.84012
0.90200
0.29633
0.01110
0.94024
0.85365
0.09564
0.79067
0.15386
0.15642
0.43549
0.89550
0.72198
0.65594
0.17114
0.05189
0.87110
0.68448
-0.01666
0.51602
0.88309
0.48088
0.72565
0.95185
0.88759
0.16753
0.82243
0.05581
0.37883
0.22727
0.84928
0.27748
0.55546
0.40745
0.85320
0.28802
0.03509
0.71075
0.53280
0.30611
0.15723
0.86370
0.71599
0.72444
0.05713
0.62963
0.07064
0.93815
0.31688
-0.00136
0.19868
0.71355
0.23435
0.38755
0.84023
0.72083
0.90111
0.91318
0.03457
0.88367
0.92145
0.32782
0.83063
0.74119
0.80010
0.21698
0.18476
0.27854
0.88802
-0.01253
0.77175
0.80269
0.53431
-0.01114
0.36745
0.87525
0.15680
0.45704
0.68438
0.93654
0.84526
0.30110
0.12503
0.85109
0.89730
0.90886
0.82494
0.87015
0.79309
0.05550
0.92218
0.91734
0.39952
0.36584
0.13521
0.04354
0.12893
0.21271
0.88060
0.89571
0.14738
0.34710
0.66267
0.20555
-0.03060
0.74247
0.28628
0.24076
0.78429
0.08118
0.17201
0.90253
0.75425
0.06422
-0.02823
0.14345
0.18210
0.21644
0.21865
0.82746
0.73325
0.15250
0.78256
0.14544
0.29120
0.40892
0.54786
0.67480
0.33581
0.20370
0.05414
0.92967
0.12876
0.22726
0.54959
0.91802
0.10320
0.26918
0.06932
0.15427
0.00076
0.64824
0.49538
-0.01716
0.78361
0.75926
0.47928
0.22130
0.15785
0.00183
0.29657
0.56427
0.45922
0.10511
0.39132
0.43461
0.94066
0.95281
0.32004
0.19710
0.14780
0.41767
0.11014
0.05491
0.42560
0.64670
0.49817
0.83557
0.30090
0.71565
0.58527
0.04908
-0.01398
0.86014
0.71806
0.67769
0.26865
0.90544
-0.01601
0.41561
0.15226
0.10080
0.09809
0.03385
0.83369
0.90329
0.74116
-0.04372
0.67059
0.24586
0.76595
0.23146
0.85702
0.78163
0.50588
0.83568
0.40781
0.05668
0.83507
0.91302
0.27428
0.92664
0.22877
0.86580
0.11592
0.86840
0.37851
0.05045
0.19814
0.37116
0.12746
0.89452
0.14467
0.73432
0.04497
0.55308
0.41839
0.04802
0.92969
0.66204
0.45001
0.93000
0.90565
0.70044
0.76844
0.91155
0.02380
0.69297
0.78183
0.78010
0.94310
0.84923
0.47047
0.05715
0.02023
0.89967
0.24795
0.44515
0.29013
0.38978
0.87710
0.70663
0.37910
0.21007
0.92351
0.86577
0.80530
0.69609
0.55427
0.44406
0.15919
-0.01207
-0.00075
0.08690
0.54592
0.18475
0.80593
0.16457
0.39936
0.87013
0.85777
0.70339
0.48936
0.19794
0.79992
0.90698
0.48724
0.44770
0.48584
0.18480
0.87748
0.70794
0.88269
0.92018
0.00683
0.73017
0.09534
0.83978
0.68813
0.91356
0.83055
0.13408
0.90372
0.74952
0.06779
0.67540
0.74033
0.19252
0.41331
0.81784
0.82760
0.81895
0.04996
0.91083
0.78666
0.79634
0.89659
0.77515
0.65820
0.17541
0.87080
0.90575
-0.01763
0.56143
0.71684
0.06095
0.19373
0.44971
0.72214
0.46547
0.20368
0.25041
0.11747
0.20876
0.87195
0.87993
0.65990
0.32191
0.83912
0.93848
0.29485
0.21297
0.23464
0.14975
0.82891
0.87845
0.92117
0.40661
0.89506
0.87230
0.15186
0.75316
0.46137
-0.00204
0.07817
0.01995
0.17617
0.55764
0.03240
0.18878
0.24320
0.06964
0.91680
0.02112
0.48288
0.30968
0.41505
0.46339
0.02707
0.71121
0.89648
0.26957
0.56175
0.41646
0.76315
0.82461
0.05622
-0.00028
0.01083
0.55625
0.00204
0.90370
0.77590
0.29085
0.67566
0.19266
0.86482
0.79530
0.23074
0.31852
0.13221
0.25491
0.89922
0.88330
0.19828
0.86985
0.93797
0.76714
0.03033
0.70586
0.17687
0.73940
0.77230
0.02009
0.18796
0.43665
0.45264
0.12604
0.70899
0.17561
0.72619
0.75671
0.88694
0.91674
0.20355
0.08115
0.12260
0.90762
0.38893
0.73340
0.29660
0.20404
0.84507
0.36434
0.13121
0.12408
0.79641
0.89962
0.32814
0.66719
0.31584
0.22966
0.55885
0.87503
0.23654
0.54005
0.42340
0.41222
0.14629
0.30325
0.41100
0.82323
0.86562
0.21275
0.05103
0.44388
0.27120
0.54673
0.71973
0.91772
0.11508
0.71340
0.57515
0.47706
0.31838
0.31239
0.89587
0.10649
0.88533
0.24245
0.58628
0.33563
0.35420
0.23536
0.61418
0.01461
0.05485
0.41552
0.22633
0.21286
0.42704
0.75791
0.47191
0.70896
0.21457
0.81614
0.03704
0.13874
0.02131
0.20291
0.45768
0.86596
0.44356
0.78285
0.06381
0.62869
0.00832
0.46072
0.06623
0.83222
0.81353
0.40602
0.63429
0.19255
0.18829
0.84878
0.17289
0.01751
0.18109
0.83390
0.66071
0.92735
0.86347
0.46941
0.73655
0.74537
0.05019
0.89324
0.72799
0.74906
0.04295
0.81615
0.66570
0.31138
0.88108
0.89125
0.30611
0.41585
0.47076
0.11762
0.06158
0.71252
0.22678
0.24365
0.82605
0.72252
0.78382
0.72811
0.77132
0.24332
0.40614
0.90643
0.14898
-0.01067
-0.00625
0.04857
0.75987
0.24152
0.81604
0.26104
0.89387
0.84139
0.39366
0.33130
0.76043
0.06274
0.25380
0.72736
0.21333
0.74404
0.24523
0.87411
-0.02546
0.14362
0.44442
0.74511
0.82891
0.46396
0.15164
0.28784
0.81110
0.85492
0.14378
0.65576
0.15622
0.13268
0.62187
0.15358
0.66140
0.91382
0.04390
0.25329
0.40400
0.35638
0.02559
0.02636
0.90762
0.83385
0.82346
0.29262
0.13329
0.68580
0.05279
0.64325
0.34006
0.79743
0.21287
0.05695
0.21439
0.23725
0.88429
0.87809
0.05045
0.56183
0.88847
0.85270
0.03947
0.30891
0.26635
0.68165
0.19740
0.81599
0.46131
0.07038
0.84525
0.25159
0.04984
0.13177
0.86578
0.31275
0.72816
0.27663
0.16323
0.66131
0.02516
0.78820
0.01603
-0.01126
0.91776
-0.04841
0.69340
0.11943
0.95264
0.91365
0.29496
0.19356
0.77711
0.86291
0.06557
0.89872
0.23128
0.89144
0.20698
0.87306
0.92442
0.45821
0.00395
0.80434
0.90038
0.04523
0.16921
0.22386
0.30389
-0.01916
0.75852
0.55221
0.66369
0.22266
0.78462
0.57488
0.14133
0.04304
0.19822
0.40950
0.88589
0.70356
0.70836
0.42761
0.79882
0.34434
0.34077
0.85296
0.29705
0.44587
0.04438
0.23672
0.77605
0.80499
0.48673
0.14166
0.14035
0.03206
0.71952
0.44105
0.75740
0.16084
0.24540
0.78019
0.17237
0.49652
0.28772
0.40246
0.23069
0.54084
0.86788
0.21376
0.86260
0.76508
0.42465
0.33503
0.83261
0.12779
0.77832
-0.03030
0.74941
0.65235
0.70219
0.87788
0.39953
0.28101
0.45816
0.69901
0.44791
0.63075
0.48375
0.24329
0.85818
0.18277
0.33185
0.08883
0.84602
0.87646
0.87418
0.04287
0.86347
0.90730
0.06534
0.65736
0.20617
-0.00769
0.36735
0.23036
0.07599
0.84331
0.63391
0.95817
0.05796
0.84085
0.89282
0.81790
0.84723
0.37004
0.00820
0.05894
0.21007
0.84364
0.58411
0.90025
0.65439
0.16143
0.10208
0.60164
0.20784
0.91776
0.15114
0.40729
0.34705
0.03005
0.73239
0.15732
0.89457
0.40857
0.19195
0.66412
0.45624
0.80136
0.20799
0.00089
0.22473
0.41636
0.11608
0.13974
0.91550
0.67916
0.21954
0.88160
0.85988
0.91947
0.36095
0.82334
0.80154
0.24148
0.45067
-0.02684
0.82295
0.78417
0.03758
0.86948
0.69837
0.64575
0.55656
0.92557
0.91110
0.04510
0.40601
0.41186
0.71706
0.89861
0.46683
0.27156
0.20530
0.08873
0.84785
0.73166
0.23454
0.17356
0.87553
-0.00401
0.93803
0.67443
0.90023
0.85009
0.84410
0.87959
0.92653
0.14287
0.21917
0.90326
0.11288
0.70019
0.88756
0.79447
0.05233
0.89456
0.86691
0.77376
0.21281
0.03696
0.71865
0.59486
0.80322
0.84006
0.79509
0.39225
0.02023
0.87061
0.48007
0.46023
0.47702
0.92997
0.82296
0.39885
0.40843
0.39568
0.01181
0.55818
0.69672
0.25657
0.35327
0.80967
0.81127
0.02763
0.20373
0.71593
0.15365
0.06645
0.67361
0.76361
0.82924
0.06360
0.57442
0.22463
0.28836
0.75196
0.35455
-0.00279
0.67185
0.88660
0.69219
0.54716
0.72761
0.22928
0.39370
0.09715
0.88411
0.07203
0.48799
0.89743
0.66861
0.40877
0.91051
0.20632
0.76461
0.79851
0.21509
0.22382
-0.03698
0.28394
0.74097
-0.03331
0.03217
0.91414
0.22394
0.70431
0.77637
0.45376
0.06752
0.13179
0.93405
0.74471
0.76591
0.41701
0.47049
0.28448
0.19538
0.70403
0.27988
0.93473
0.30897
0.03501
0.15715
0.68279
0.85211
0.13443
0.40346
0.45906
0.65918
0.01126
0.01755
-0.00704
0.07471
0.89619
0.02134
0.30196
0.02667
0.39762
0.68475
0.23644
0.82361
-0.00209
0.05477
0.82673
0.05175
0.03384
0.12325
0.55251
0.24732
0.45350
0.04320
0.12154
0.10508
0.72024
0.82984
0.42616
0.21803
0.21855
0.66345
0.83999
0.19958
0.22409
0.87626
0.29685
0.46363
0.72134
0.30410
0.68746
0.40403
0.24515
0.68831
0.58088
0.15486
0.89777
0.14391
0.82599
0.28032
0.88319
0.83811
0.73695
0.31542
0.81146
0.15225
0.84438
0.82832
0.10874
0.60768
0.82990
0.42641
0.89565
0.65276
0.88916
0.01339
0.76867
0.05727
0.90180
0.89053
0.88771
0.73550
0.93600
0.88152
0.80819
0.87671
0.13828
0.69593
0.17043
0.23997
0.84661
0.51222
0.78390
0.02293
0.85874
0.87968
0.16178
0.12791
0.66979
0.69623
0.86202
0.25343
0.38842
0.39443
0.83423
0.84137
0.76400
0.22845
0.13750
0.15066
0.02933
0.80058
0.21854
0.35798
0.73618
0.42842
0.75307
0.85938
0.89062
0.44369
0.44190
0.41245
0.47937
0.72123
0.00691
0.60480
0.75747
0.80277
0.55482
0.67871
0.05489
0.73023
0.43331
0.74950
0.04706
0.40240
0.92394
0.87872
0.15859
0.14258
0.39494
0.96185
0.86446
0.72234
0.70905
0.62399
0.13767
0.03641
0.55153
0.77772
0.18977
0.29008
0.22348
-0.00472
0.31562
0.27561
0.20039
0.77560
0.80221
0.00916
0.00205
0.72279
0.73614
0.82326
0.54375
0.65816
0.02825
0.75157
0.29209
0.21185
0.90440
0.58954
0.44713
0.69187
0.89570
0.12458
0.81235
0.91459
0.78569
0.54014
0.74399
0.74999
0.87429
0.30299
0.29606
0.62827
0.44421
0.23866
0.67575
0.23192
0.37939
0.23160
0.74947
0.11081
0.05786
0.69992
0.71282
0.92830
0.95519
0.30575
0.26156
0.68585
0.34192
0.04173
0.89484
0.01626
0.71634
0.75582
0.87164
0.88386
0.72686
0.67251
0.82691
0.42924
0.67056
0.21247
0.56748
0.73013
0.47610
0.86772
0.74605
0.07826
0.29146
0.37714
0.13631
0.73978
0.06799
0.11003
0.04891
0.82173
0.96719
0.17061
0.45106
0.65914
0.85934
0.93662
0.66066
0.09113
0.17393
0.20330
0.78545
0.04533
0.63077
0.40748
0.12667
0.06522
0.62642
0.89607
0.40320
0.01554
0.90514
0.70830
0.11726
0.89944
0.30748
0.88504
0.22638
0.87975
0.36471
0.22957
0.88582
0.16300
0.87303
0.65567
0.80506
0.17999
0.24000
0.45207
0.69470
0.27942
0.89708
0.82757
0.71398
0.01861
-0.01577
0.85765
0.23006
0.85884
0.88863
0.77048
0.68646
0.80955
0.11929
0.79318
0.22793
0.30668
0.42152
0.12954
0.71546
0.65241
0.92767
0.00677
0.22084
0.88080
0.47567
0.72106
-0.00764
0.11422
0.93027
0.15813
0.66876
0.76152
0.34840
0.27240
-0.01081
0.32846
0.83308
0.72922
0.83040
0.93170
0.57014
0.01529
0.71378
0.13969
0.04454
0.83858
0.55821
0.04228
0.55541
0.80917
0.79109
0.45272
0.89890
0.88399
0.79965
0.18388
0.84613
0.32840
0.94035
0.66171
0.47920
0.88457
0.86059
0.15735
0.23005
0.70906
0.87972
0.42351
0.39944
0.88074
0.15471
0.30703
0.21839
0.20194
0.90449
0.20840
0.78193
0.27085
0.68480
0.06937
0.13591
0.84058
0.76241
0.02344
0.43515
0.11184
0.90396
0.01095
0.92551
0.87193
0.81879
0.40723
0.78679
0.04644
0.20203
0.29514
0.20885
0.42336
0.00533
0.66536
0.43241
0.00225
0.72357
0.09289
0.04729
0.10570
0.81515
0.48245
0.03935
0.77310
0.88350
0.56326
0.87512
0.02125
0.70810
0.04210
0.71746
0.91438
0.44713
0.77285
0.85743
0.89451
0.04399
0.15335
0.24660
0.95089
0.81056
0.13379
0.28510
0.19629
0.27311
0.78432
0.87327
0.87880
0.90880
0.68764
0.47117
0.69337
0.78403
0.84105
0.64959
0.77313
0.41007
0.00555
0.17233
0.82844
0.38228
0.02051
0.84968
0.03530
0.16927
0.29568
0.82911
0.70962
0.17347
0.11311
0.06337
0.21062
0.09667
0.85339
0.17935
0.30852
0.57395
0.82325
0.65391
0.74747
0.88476
0.66884
0.23282
0.84113
0.72211
0.70850
0.02446
0.20862
0.70918
0.86685
0.69378
0.90197
0.33869
0.70738
0.30326
0.20438
0.01997
0.53392
0.85073
0.71545
0.25589
0.83582
0.38654
0.72540
0.71298
0.21714
0.86596
0.43439
0.57893
0.50097
0.84073
0.71567
0.03314
0.35318
0.00947
0.91869
0.70712
0.37811
0.69142
0.84836
0.84760
0.30545
0.68156
0.83933
0.11316
0.81468
0.32750
0.89058
0.48271
0.74848
0.76274
0.94094
0.22405
0.91263
0.87564
0.69522
0.86355
0.16699
0.90787
0.84795
0.29915
0.05019
0.86455
0.76810
0.69679
0.03179
0.64191
0.71367
0.12486
0.41931
0.41843
0.15595
0.50606
0.54546
0.90691
0.71006
0.75338
0.20618
0.49933
0.23996
0.73487
0.54355
0.05005
0.66446
0.81135
0.85756
0.15333
0.71312
0.47527
0.87301
0.18968
0.81042
-0.01758
0.76213
0.08870
0.00708
0.86682
-0.01542
0.74929
0.26353
0.24269
0.70455
0.84845
0.69497
0.77608
0.70809
0.29267
0.64645
0.67500
0.30467
0.24368
0.72799
0.55350
0.75083
0.17501
0.86193
0.83042
0.71535
0.38081
0.72708
0.07357
0.74869
0.40360
0.02098
0.16036
0.64788
0.66360
0.14834
0.64355
0.20655
0.24660
0.02972
0.15356
0.88027
0.15485
0.43010
0.86433
0.25202
0.67306
0.13027
0.16233
0.89718
0.34023
0.01913
0.01171
-0.03317
0.12039
0.13007
0.75896
0.17510
0.20707
0.37309
0.39128
0.70779
0.83348
0.14536
0.20838
0.12693
0.68443
0.02643
0.02162
0.81066
0.73572
0.16683
0.82950
0.08840
0.92698
0.21281
0.74121
0.47300
0.70213
0.80077
0.18193
0.49099
0.92729
0.76534
0.14904
0.80968
0.69187
0.84275
0.49194
0.72613
0.22225
0.86530
0.86656
0.37883
0.28859
0.93409
0.46149
0.34306
0.89123
0.16049
0.44031
0.21973
0.77697
0.33441
0.80565
0.18722
0.80406
0.80039
0.37967
0.67847
0.42800
0.72943
0.53019
0.43069
0.16687
0.13462
0.18396
0.90528
0.55492
0.85998
0.13648
0.31282
0.28036
0.26674
-0.02204
0.21286
0.75883
0.96801
0.72192
0.75909
0.21814
0.86920
0.88076
0.44515
0.74219
0.91424
0.84291
0.91869
0.94116
0.68369
0.91739
0.41688
0.26126
0.82482
0.70507
0.64134
0.39822
0.20082
0.57687
0.80045
0.22502
0.74453
0.00095
0.92299
0.34457
0.24500
0.81844
0.81826
0.47066
0.70417
0.14594
0.84584
0.27722
0.02220
0.23492
0.64558
0.21240
0.65355
0.15100
0.83827
0.24441
0.15103
0.39149
0.12619
0.69267
0.80451
0.04289
0.87298
0.79121
0.65056
0.90214
0.77665
0.03897
0.71543
0.07966
0.21150
0.44906
0.72504
0.55022
0.84814
0.33336
0.06706
0.21768
0.46598
0.21308
0.52360
0.79926
0.78695
0.78148
-0.01451
0.05071
0.31362
0.90442
0.54785
0.78597
0.54857
0.76767
0.48487
0.44278
0.67932
0.68732
0.81401
0.67816
0.40705
0.73067
0.92625
0.90558
0.13213
0.03195
0.21561
0.72476
0.72859
0.92245
0.65558
0.85586
-0.01537
0.72319
0.48135
0.88920
-0.01771
0.00409
0.06183
0.90474
0.66171
0.92469
0.85885
0.33326
0.45196
0.29646
0.91904
0.12814
0.67032
0.83345
0.93102
0.90130
0.29782
0.12846
0.60980
0.46299
0.19507
0.20272
0.91015
0.04502
0.31247
0.65685
0.38915
0.29512
0.18936
0.90134
0.78875
0.88122
0.40982
0.08685
0.67150
0.74763
0.74755
0.46247
0.22435
0.92017
0.25567
0.78524
0.81442
0.26696
0.84277
0.55489
0.95188
0.91226
0.84973
0.28843
0.64398
0.31072
0.81176
0.81961
0.84941
0.68469
0.27925
0.02797
0.81694
0.69386
0.91023
0.64213
0.66490
0.73058
0.76024
0.29508
0.72357
0.90146
0.86108
-0.00393
0.43560
0.31553
0.85898
0.88296
0.86539
0.84118
0.90145
0.45321
0.44487
0.30583
0.02365
0.79933
0.03765
0.90151
0.85248
0.85892
0.29076
0.45956
0.90057
0.68997
0.02624
0.22303
0.90745
0.93222
0.20612
0.75126
0.91730
0.70118
0.19340
0.83785
0.70454
0.14784
0.93292
0.73539
0.91775
0.69909
0.47788
0.21557
0.80395
0.70356
0.75084
0.12986
0.01485
0.80892
0.13771
0.68773
0.03645
0.03755
0.22751
0.45186
0.89408
0.12920
0.90556
0.20248
0.21285
0.28531
0.22412
0.29203
0.76115
0.75956
0.63299
0.90647
0.30897
0.26892
0.29808
0.17211
0.82640
0.89312
0.88812
0.75122
0.77568
0.91943
0.29459
0.23718
0.92691
0.68829
0.15963
0.02053
0.18488
0.67691
0.76015
0.81780
0.71219
0.26372
0.55854
0.15745
0.16337
0.88629
0.66083
0.77845
0.13050
0.37659
0.05983
0.84510
0.83274
0.16841
0.55143
0.78086
0.87089
0.71931
0.09170
0.21900
0.28439
0.93501
0.90744
0.15120
0.71284
0.44746
0.71535
0.67473
0.72953
0.83310
0.22017
0.69576
0.85365
0.45217
0.79094
0.80795
0.15306
0.06766
0.69886
0.66362
0.47210
0.74862
0.17227
0.08178
0.90082
0.13246
0.16059
0.91865
0.30306
0.40541
0.73025
0.89520
0.41428
0.71871
-0.00477
0.66342
0.02189
0.41912
0.87200
0.92155
0.80488
0.86761
0.01059
0.09417
0.58415
0.28442
0.49369
0.88441
0.14442
0.87063
0.05443
0.32104
0.83369
0.96569
0.18705
0.83508
0.00371
0.67632
0.00284
0.79495
0.40419
0.24230
0.07213
0.26666
0.47567
0.19798
0.72179
0.91276
0.03487
0.25080
0.38816
0.67776
0.74906
0.24680
0.16645
0.92314
0.20789
0.28943
0.07599
0.71746
-0.00131
-0.01668
0.65550
0.02588
0.14548
0.86737
0.74663
0.21597
0.88562
0.83650
0.64444
0.46886
0.30273
0.00289
0.29043
0.14185
0.15545
0.33206
0.89954
0.88062
0.32763
0.14624
0.15994
0.91462
0.40421
0.80207
0.39485
0.42296
0.82136
0.42695
0.10345
0.08093
0.14012
0.92406
0.02525
0.14169
0.79960
0.17629
0.14845
0.28793
0.28405
0.81448
0.01112
0.91896
0.12829
0.00997
0.86962
0.31566
0.56893
0.55620
0.30911
0.21197
0.89514
0.19877
0.90849
0.80810
0.06637
0.00845
0.17037
0.15298
0.72559
0.89403
0.87799
0.23426
0.89451
0.29637
0.83325
0.03280
0.13168
0.69691
0.54389
0.39952
0.34307
0.76542
0.12391
0.13571
0.82644
0.64156
0.81946
-0.01765
0.29707
0.89515
0.75235
0.69380
0.96446
0.15352
0.21798
0.14397
0.11492
0.80634
0.88162
0.03003
0.03419
0.78927
0.15572
0.28880
0.20929
0.21982
0.55715
0.06765
0.64086
0.55592
0.31820
0.48757
0.76817
0.71426
0.55877
0.70828
0.84414
0.14541
0.68254
0.23745
0.30871
0.01389
0.38887
0.27915
0.54577
0.68806
0.06178
0.69089
0.85212
0.14979
0.91139
0.32104
0.03859
0.36376
0.04143
0.12293
0.71755
0.73993
0.82465
0.77781
0.73158
0.47219
0.92071
0.43436
0.42243
0.42067
0.23024
0.76743
0.75293
0.64840
0.89723
0.84366
0.58604
0.36894
0.83485
0.06532
0.40466
0.77570
0.90050
0.83015
0.43161
0.16242
0.45868
0.44334
0.24335
0.63372
0.45951
0.59482
0.02680
0.42241
0.79787
-0.01256
0.77778
0.89854
0.03645
0.84267
0.25261
0.89600
0.77313
0.29009
0.82983
0.83023
0.35727
0.88789
0.26811
0.87523
0.34057
0.19319
0.41194
0.57803
0.15177
0.76983
0.28619
0.20694
0.90652
0.03286
0.36477
0.25485
0.22800
0.22988
0.33884
0.29036
0.73462
0.76245
0.89012
0.27437
0.78817
0.13886
0.44798
0.56801
0.88290
0.90098
0.93465
0.22154
0.92655
-0.00182
0.22758
0.74980
0.46471
0.80007
0.13461
0.33912
0.78726
0.71081
0.56598
0.90853
0.33590
0.71677
0.91330
0.88176
0.20377
0.71069
0.70693
0.42328
0.21942
0.86175
0.55963
0.00064
0.04506
0.55577
0.21735
0.01734
0.05712
0.65698
0.05535
0.82167
0.71884
0.30847
0.71733
0.19384
0.87046
0.64096
0.20037
0.65386
0.87692
0.10295
0.92061
0.58055
0.07916
0.90511
0.00264
0.81148
0.86882
0.72307
0.17987
0.42804
0.11346
0.75210
0.86159
0.56739
0.27957
0.77458
0.94273
0.24139
0.37332
0.00849
0.66576
0.23408
0.57330
0.00909
0.67750
0.88642
0.88257
0.02969
0.28723
0.56884
0.82179
0.88568
0.28501
0.13572
0.78184
0.15707
0.10248
0.74798
0.59171
0.49114
0.71196
0.70428
0.90875
0.90951
0.03405
0.92001
0.90999
0.20549
0.34486
0.67693
0.72356
0.90958
0.92171
0.43610
0.38643
0.87338
0.10428
0.72197
0.15687
0.05400
0.76754
0.04066
0.88507
0.70394
0.30720
0.34375
0.73454
0.13836
0.80775
0.11795
0.72616
0.61842
0.68646
0.46457
-0.00813
0.13956
0.17851
0.77243
0.59065
0.82426
0.01137
0.85133
0.48065
0.38552
0.23103
0.87175
0.73959
0.46337
0.85347
0.20999
0.82152
0.83427
0.74921
0.92370
0.14155
0.40329
0.85552
0.45211
0.10867
0.46443
0.38933
0.83790
0.01132
0.76483
0.31114
0.81714
0.88119
0.17381
0.89498
0.24369
0.81018
0.00829
0.71408
0.01456
0.25795
0.22323
0.70886
0.36393
0.46654
0.73674
0.27401
0.45160
0.76877
0.77680
0.84154
0.49970
0.76333
0.91138
0.40800
0.05118
0.56459
0.65667
0.21841
0.01610
0.72611
0.85307
0.25337
0.38968
-0.03769
0.76643
0.57712
0.02092
0.87560
0.17208
0.80558
0.65042
0.21669
0.83150
0.01654
0.02809
0.70364
0.83859
0.12259
0.46445
0.06565
0.16484
0.73258
0.30716
0.80052
0.85133
0.13323
0.33447
0.26121
0.87409
0.03624
0.89445
0.44895
0.71006
0.24483
0.42212
0.04805
0.90475
0.36706
0.61849
0.93258
0.06961
0.90187
0.42790
0.74049
0.29835
0.88065
0.91016
0.20776
0.00030
0.95699
0.44115
0.45700
0.95057
0.94432
0.15330
0.57246
0.72397
0.69838
0.05794
0.90482
0.03764
0.68339
0.90521
0.75983
0.74896
0.01851
0.23904
0.12838
0.91024
0.92985
0.53550
0.22862
0.81353
-0.00890
0.04298
0.11673
0.87145
0.91591
0.75167
0.70015
0.12875
0.88165
0.00462
0.85466
0.12129
0.26637
0.68621
0.50284
0.94100
0.14758
0.48272
0.00995
0.00011
0.76961
0.88532
0.86294
0.89574
0.71280
0.67684
0.76092
0.73242
0.81983
0.87143
0.76316
0.29369
0.64489
0.27632
0.34607
0.92883
0.16118
0.07399
0.03297
0.69488
0.29203
0.75709
0.17141
0.34587
0.66911
0.39646
0.20745
0.03611
0.41111
0.02095
0.92929
0.04497
0.63106
0.70015
0.13718
0.70580
0.56665
0.64423
0.76470
0.70790
0.88235
0.23916
0.52825
0.23230
0.77255
0.13595
0.83973
0.70392
0.17559
0.73285
0.83765
0.04958
0.72068
0.46547
0.88228
0.40359
0.13350
0.64982
0.36470
0.42402
0.06782
0.85128
-0.00581
0.75954
0.11405
0.70827
0.83717
0.86310
0.22440
0.72204
0.70296
0.39785
0.34021
0.36540
0.73317
0.14263
-0.01150
0.16328
0.71557
0.73892
0.84763
0.89218
0.02004
0.18694
0.21013
0.31722
0.69279
0.15700
0.66030
0.83920
0.05863
0.02399
0.39810
0.82317
0.31774
0.89186
0.53790
0.34456
0.78600
0.72406
0.15082
0.55369
0.87332
0.22076
0.68045
0.89909
0.89274
0.41995
0.70140
0.47919
0.27625
0.71072
0.65770
0.87788
0.56373
0.37837
0.23649
0.81327
0.78102
0.33562
0.86701
0.89943
0.81026
0.68970
0.90093
0.45044
0.73770
0.22289
0.80213
0.86421
0.30183
0.84859
0.91019
0.84551
0.55650
0.70140
0.11141
0.77893
-0.00336
0.92650
0.75124
0.57166
0.31815
0.75528
-0.03073
0.42725
0.90290
0.57595
0.53492
0.45043
0.81638
0.18055
0.56856
0.47043
0.77616
0.89551
0.22051
0.55801
0.58880
0.41363
0.13990
0.13530
0.21203
0.38450
0.11412
0.88740
0.47764
0.06197
0.78967
0.23839
0.42922
0.23464
0.92360
0.80462
0.72909
0.80684
0.13185
0.58982
0.89575
0.90412
0.74432
0.21833
0.77674
0.82111
0.31722
0.25454
0.72227
0.72900
0.83310
0.85044
0.84892
0.84041
0.93964
0.24916
0.32965
0.04633
0.04752
0.03964
0.74097
0.03696
0.92166
0.70184
0.05029
0.11180
0.01748
0.09861
0.04657
0.54432
0.24021
0.87775
0.12242
0.21369
0.69052
0.87734
0.85654
0.26985
0.67479
0.82841
0.23622
0.82763
0.24383
-0.02350
0.85842
0.72892
0.86582
0.06300
0.26449
-0.00724
0.28235
0.46115
0.48232
0.22303
0.22217
0.79083
0.14880
0.79013
0.83328
0.36885
0.82615
0.66460
0.36393
0.15640
0.64654
0.65900
0.85751
0.75874
0.88279
0.38452
0.77773
0.57663
0.40259
0.88446
0.40013
0.72133
0.72777
0.41163
0.53453
0.30102
0.79433
0.86701
0.43173
0.03193
0.04558
0.89190
0.33007
0.87177
0.86585
0.66677
0.74672
0.45200
0.70575
0.05679
0.14608
0.81816
0.52632
0.20090
0.41319
0.30945
0.27418
0.85014
0.02668
0.63027
0.46086
0.26417
0.22795
0.19292
0.76670
0.16296
0.42449
0.06006
0.34381
0.76124
-0.00581
0.76684
0.66706
0.14315
0.68430
0.26303
0.90775
0.65520
0.00484
0.83123
0.23502
0.72760
0.80617
0.12489
0.03708
0.22467
0.26708
0.86056
0.91488
0.24381
0.03575
0.82562
0.21534
0.91025
0.86697
0.17420
0.46980
0.84091
0.67021
0.92401
0.87686
0.80843
0.59072
0.37549
0.09587
0.89191
0.80194
0.12941
0.80396
0.20700
0.12352
0.20545
0.90197
0.79979
0.54219
0.76726
0.71969
0.30028
0.31087
0.23348
0.44171
0.03139
0.06927
0.53971
0.86625
0.31228
0.57140
0.15389
0.03468
0.88538
0.74082
0.79867
0.77916
0.45808
0.63344
0.76505
0.45017
0.74833
0.75808
0.81741
0.17584
0.93363
0.79771
-0.00160
0.55705
0.24832
0.19445
0.53830
0.14476
0.20573
0.41835
0.36701
0.24797
0.11782
0.09745
0.22707
0.19710
0.00597
0.49566
0.15831
0.14026
0.92496
0.04598
0.35003
0.19744
0.71967
0.69311
0.39711
0.03737
0.72906
0.67922
0.85658
0.94508
0.33477
0.81212
0.75810
0.81560
0.20314
0.03563
0.22855
0.19775
0.69794
0.83637
0.80959
0.03949
0.74842
0.89625
0.84835
0.26899
0.05461
0.88076
0.15541
0.43452
0.71158
0.96809
0.46450
-0.02081
0.03076
0.80366
0.04861
0.54863
0.33315
0.53453
0.20986
0.56177
-0.02130
0.12466
0.43437
0.30354
0.15108
0.82568
0.83330
0.20902
0.83965
0.43799
0.92254
0.73703
0.50926
0.29863
0.92245
0.57427
0.11218
0.32422
0.93118
0.28781
0.70391
0.47085
0.84309
0.42775
0.91021
0.94464
0.28354
0.02784
0.40146
0.50204
0.73931
0.02181
0.21618
0.86780
0.14961
0.04619
0.83082
0.13399
0.74059
0.35497
0.23507
0.04367
0.07910
0.57650
0.77478
0.77018
0.42172
0.74318
0.89820
0.51437
0.87328
0.25331
0.22304
0.22637
0.90793
0.90880
0.00218
0.06168
0.49598
0.32458
0.13502
0.14924
0.76190
0.86611
0.73165
0.24464
0.46432
0.20639
0.26695
0.03521
0.62556
0.19808
0.82208
0.85491
0.19548
0.71747
0.43637
0.20660
0.12598
0.70961
0.92200
-0.01020
0.62472
0.15090
0.32294
0.94636
0.68889
0.84484
0.35004
0.77727
0.49950
0.11582
0.21171
0.31729
0.51801
0.11213
0.72597
0.59315
0.55854
0.14268
0.30516
0.15668
0.13747
0.20942
0.77076
0.74111
0.91914
0.28620
0.73632
-0.00193
0.22198
0.11547
0.87044
0.41401
0.82018
0.01911
0.90611
0.32877
0.89225
0.90610
0.03635
0.02985
0.75234
0.72757
0.21039
0.81128
0.64986
0.84521
0.22306
0.24476
0.89555
0.86927
0.85966
0.90613
0.43404
0.27403
0.66722
0.67384
0.23666
0.41725
0.16757
0.22346
0.67883
0.00949
0.97529
0.86302
0.55051
0.14375
0.42283
0.55775
0.86021
0.13522
0.93397
0.86219
0.00496
0.85445
0.77295
0.79617
0.07876
0.93636
0.54032
0.24822
0.46268
0.13640
0.66779
0.82210
0.37321
0.55897
0.54276
0.54087
0.68049
0.50883
0.34202
0.07720
0.82403
0.02574
0.39733
0.57071
0.71319
0.22346
0.85492
0.40219
0.40476
0.82016
0.38907
0.19042
0.18433
0.77947
0.21262
0.11786
0.68895
0.15236
0.63834
0.67051
0.69599
0.86793
0.89788
0.45664
0.42670
0.20082
0.38757
0.87780
0.92222
0.28549
0.70276
0.41637
0.30884
0.74781
0.67369
0.15453
0.75760
0.13927
0.79265
0.46082
0.89641
0.30575
0.79519
0.67625
0.20421
0.74228
0.23389
0.25972
0.72566
0.66322
0.44112
0.67596
0.90051
0.87391
0.17498
0.18977
0.69439
0.91273
0.34429
0.55591
0.77828
0.90631
0.21752
0.83920
0.83123
0.43996
0.23336
0.17444
0.22580
0.37538
0.67413
0.92998
0.70506
0.54463
0.74663
0.29416
0.12413
0.90935
0.16391
0.84785
0.72448
0.81294
0.85902
0.08538
0.74509
0.69625
0.77391
0.78349
0.66419
0.40911
0.30167
0.66116
0.67409
0.16294
0.48992
0.74297
0.73540
0.53620
0.69278
0.13395
0.76363
0.00872
0.68629
0.03136
0.73656
0.07895
0.70706
0.88916
0.70122
0.68402
0.29209
0.87484
0.90160
0.19291
0.37020
0.72674
0.21870
0.93554
0.67879
0.91782
0.68412
0.05990
0.06585
0.89060
0.14580
0.30379
0.58912
0.00436
0.81521
0.58471
0.87694
0.87390
0.22156
0.61152
0.50579
0.02543
0.74211
0.17696
0.42910
0.28913
0.67317
0.58641
0.82079
0.91033
0.68034
0.90143
0.93340
0.40372
0.85384
-0.00175
0.90811
0.21517
0.03511
0.70928
0.79345
0.79801
0.48236
0.21874
0.81682
0.72671
0.76747
0.63060
0.41634
0.91074
0.73392
0.85894
-0.01373
0.87198
0.91052
0.66169
0.14320
0.22599
0.42071
0.69128
0.42054
0.00818
0.33159
0.87153
0.06374
0.76041
0.57312
0.11807
0.02981
0.70242
0.88695
0.40330
0.05534
0.80002
0.88446
0.93968
0.40161
0.14307
0.69452
0.31029
0.41166
0.89559
0.64743
0.76646
0.04762
0.81375
0.74098
0.89393
0.20466
0.69331
0.92045
0.77185
0.27593
0.72990
0.03812
0.05692
0.73653
0.13557
0.75677
0.05728
0.54862
0.75729
0.85391
0.87288
0.67255
0.80489
0.88694
0.81718
0.76067
0.23684
0.60301
0.17867
0.89230
0.20301
0.00079
0.16010
0.53212
0.56091
0.91238
0.89679
0.12098
0.70549
0.93424
0.94537
0.68181
0.84275
0.13466
0.88744
0.43773
0.66667
0.87021
0.55373
0.85780
0.67896
0.71217
0.91479
0.50978
0.86029
0.87670
0.66561
0.02075
0.40952
0.22198
0.72385
0.48106
0.34843
0.80857
0.10848
0.90114
0.81763
0.72946
0.14555
0.44851
0.89356
0.41854
0.87574
0.17444
0.05521
0.71285
0.80160
0.23043
0.04628
0.42864
0.84536
0.00034
0.89943
0.91690
0.45108
0.73802
0.03704
0.36979
0.89143
0.13995
0.15648
0.76721
0.77147
0.03972
0.26015
0.80386
0.59148
0.47676
0.89481
0.89461
0.00839
0.75222
0.67080
0.12560
0.74516
0.52993
0.90748
0.22438
0.01934
0.92244
0.74699
0.16897
0.16851
0.43795
0.72930
0.82622
0.73604
0.88415
0.87958
0.30582
0.69434
0.10005
0.73837
0.78439
0.11482
0.14336
0.67636
0.18803
0.23014
0.46128
0.11327
0.48635
0.43049
0.04096
0.13439
0.91259
0.03625
0.50321
0.84066
0.42373
0.15732
0.00286
0.20861
0.84432
0.78476
0.89698
0.67523
0.19912
0.87250
0.04580
0.41902
0.91778
0.88034
0.10864
0.82611
0.18878
0.85698
0.27680
0.90136
0.05991
0.35055
0.03755
-0.00423
0.29341
0.49489
0.82658
0.46924
0.21201
0.16189
0.03562
0.67311
0.91549
0.81540
0.73991
0.75385
0.03888
0.01982
0.31410
0.07289
0.16815
0.30258
0.93766
0.20363
0.76487
0.48614
0.08126
0.47455
0.10633
0.85266
0.90011
0.83174
0.83754
0.86479
0.84073
0.62484
0.82535
0.94653
0.80364
0.87415
0.54100
0.73633
0.73001
0.74164
0.28740
0.09116
0.35090
0.46048
0.30265
0.71161
0.56584
-0.03926
0.38224
0.72964
0.22612
0.71284
0.16795
0.69892
0.07092
0.88152
0.22208
0.01670
0.03281
0.05046
0.41500
0.42188
0.77595
0.55333
0.73762
0.14207
0.88420
0.72417
0.77983
0.24548
0.84623
0.20360
0.06036
0.42102
0.75508
0.20255
0.29994
0.21304
0.01342
0.90378
0.55180
0.89251
0.41039
0.38261
0.04096
0.73709
0.70553
0.56951
0.85042
0.48864
0.57242
0.44704
0.21845
0.40945
0.12214
0.82618
0.34145
0.16686
0.04626
0.32117
0.22336
0.01739
0.65857
0.31960
0.90937
0.84726
0.70434
0.82384
0.77209
0.41802
0.43386
0.87738
0.87892
0.12466
0.74483
0.80621
0.85735
0.09822
0.50414
0.88125
0.16405
0.53548
0.13840
0.88692
0.79569
0.20785
0.89766
0.71082
0.80551
0.87644
0.94287
0.22188
0.21093
0.83228
0.14998
0.43152
0.03436
0.88425
0.79411
0.79890
0.28999
0.82024
0.72300
0.68700
0.04477
0.82572
0.83471
0.83519
0.71100
0.66860
0.80030
0.88843
0.73872
0.67393
0.11837
0.55870
0.10833
0.67964
0.90016
0.19253
0.71135
0.24344
0.23235
0.06393
-0.01092
0.89590
0.20482
0.74106
0.16271
0.44831
0.27486
-0.01569
0.29910
0.45986
0.56765
0.87083
0.23417
0.72726
0.84485
0.39629
0.88412
0.27884
0.72173
0.15136
0.93696
-0.00049
0.24380
0.83393
0.21975
0.39362
0.33022
0.71698
0.23012
0.66764
0.03921
0.23233
0.13970
0.77188
0.21389
0.69359
0.20982
0.05188
0.70201
0.44460
0.71415
0.46570
0.42979
0.91548
0.77511
0.49912
0.82491
0.75720
0.12126
0.74350
0.88090
0.77908
0.79450
-0.00436
0.27678
0.07298
0.83768
0.63689
0.69006
0.12748
0.47041
0.81220
0.40599
0.38953
0.92549
0.04740
0.73157
0.37597
0.06295
0.20820
0.49154
-0.01227
0.31182
0.01632
0.88241
0.14750
0.34451
0.07069
0.28625
0.88456
0.16611
0.07276
0.81155
0.87514
0.31975
0.50772
0.33924
0.04037
0.92575
0.78735
0.15996
0.37976
0.06829
0.11647
0.22156
0.66567
0.31814
0.72504
0.76395
0.58188
0.30252
0.68504
0.19869
0.89947
0.66249
-0.03130
0.12894
0.71092
0.20911
0.87879
0.83885
0.81294
-0.00325
0.87711
0.01270
0.01035
0.14283
0.89111
0.07323
0.88906
0.04849
0.71604
0.46398
0.79373
0.41750
0.80941
0.90297
0.95085
0.02252
0.40802
0.03337
0.01036
0.19746
0.76188
0.01771
0.94821
0.81149
0.07524
0.22510
0.31112
0.02123
0.21578
0.21738
0.03730
0.03759
0.30083
0.15502
0.88042
0.35950
0.90521
0.87944
0.03245
0.39020
0.00922
0.82135
0.26815
0.17026
0.85898
0.78774
0.39745
0.00026
0.60497
0.86187
0.34690
0.95036
0.80099
0.23223
0.63782
0.70961
0.37080
0.93022
0.66452
0.05036
0.87099
0.30731
0.04916
0.56757
0.30674
0.12556
0.41870
0.72835
0.41941
0.23083
0.83152
0.71299
0.82488
0.57766
0.16031
0.46420
0.87786
0.11058
0.90992
0.57851
0.70147
0.83400
0.55927
0.89377
0.70411
0.90658
0.65725
0.33306
0.05125
-0.00470
0.89210
0.49475
0.56133
0.23575
0.83338
0.80220
0.72813
0.91537
0.65760
0.95401
0.69928
0.14588
0.86399
0.75074
0.73498
0.11688
0.29033
-0.00423
0.91178
0.34567
0.12958
0.90070
0.43112
0.42615
0.78150
0.79526
0.85148
0.70876
0.73956
0.04039
0.52974
0.45897
0.30556
0.87869
0.66437
-0.01787
0.04160
0.45720
0.00260
0.07740
0.80075
0.14864
0.01344
0.29491
0.29871
0.71993
0.82308
0.31022
0.90684
0.80483
0.00079
0.84059
0.88611
0.56509
0.75534
0.72985
0.70444
0.71012
0.83511
0.87564
0.87660
0.73832
0.31795
0.03989
0.67230
0.11650
0.20572
0.81900
0.29026
0.55296
0.09417
0.86810
0.87822
0.68098
0.23002
0.78777
0.24474
0.70303
0.43703
0.77441
0.65642
0.15479
0.18541
0.80795
0.15854
0.03276
0.79692
0.91823
0.59707
0.04765
0.74243
0.92682
0.10964
0.19494
0.86718
0.85677
0.72080
0.33461
0.03333
0.14871
0.72304
0.23670
0.84414
0.05148
0.73774
0.79403
0.75270
0.84934
0.04243
0.85993
0.39937
0.77453
0.13953
0.11730
0.30032
0.81518
0.65789
0.33920
0.01969
0.90717
0.81511
0.83839
0.90320
0.74076
0.76562
0.41873
0.86994
0.04568
0.04334
0.14050
0.11954
0.89556
0.67135
0.72976
0.83619
0.03690
0.91999
0.01856
0.04015
0.13860
-0.01175
0.58860
0.15982
0.87196
0.23534
0.69008
0.24692
0.92633
0.64898
0.30910
0.43165
0.35427
0.28153
0.22360
0.80048
0.88306
0.19525
0.82022
0.45080
-0.01502
0.69550
0.89984
0.84389
0.41604
0.35033
0.16649
0.10280
0.86320
0.76203
0.84669
0.79607
0.66922
0.32738
0.81439
0.05293
0.63821
0.88243
0.21963
0.19556
0.84178
0.87094
0.92358
0.14973
0.32377
0.14211
0.78604
0.27615
0.57494
-0.00314
0.17086
0.85251
0.05094
0.71053
0.65683
0.05207
0.63571
0.40090
0.65748
0.66746
0.64244
0.58144
0.92647
0.23905
0.02691
0.93592
0.33566
0.21231
0.90788
0.82870
0.82278
0.71659
0.21674
0.41563
0.41664
0.08500
0.03353
0.42719
0.31145
0.89650
0.84408
0.65640
0.92092
0.90694
0.70092
0.59046
0.78461
0.67788
0.44904
0.14213
0.14141
0.00335
0.68748
0.13859
0.31876
0.51149
0.27592
0.81901
0.03119
0.24264
0.46912
0.21717
0.02524
-0.00630
0.76415
0.70417
0.80999
0.82932
0.33273
0.75219
0.40051
0.71615
0.69787
0.26108
0.12622
0.80887
0.40597
0.27795
0.00188
0.88461
0.13987
0.64440
0.07588
0.32171
0.88696
0.09913
0.47739
0.20201
0.42812
0.64141
0.15950
0.88301
0.73861
0.32871
0.39890
0.29799
0.86897
0.71217
0.66925
0.70930
0.39448
-0.01167
0.01425
0.79529
0.40121
0.00923
0.14313
0.27792
0.20766
0.43403
0.77648
0.07585
0.83604
0.45153
0.22057
0.21289
0.80143
0.83160
0.46322
0.15831
0.11350
0.49302
0.85976
0.08103
0.22145
0.22241
0.67164
0.23085
0.16881
0.49265
0.70925
0.24587
0.34066
0.45653
0.25843
0.23911
0.29647
0.83582
0.65213
0.77319
0.15843
0.81599
0.83540
0.70926
0.73066
0.69105
0.88868
0.21605
0.86850
0.11937
-0.01969
0.70502
0.44656
0.75026
0.09455
0.22781
0.20519
0.40584
0.85919
0.03401
0.13516
0.91661
0.79912
0.87497
0.19663
0.72389
0.22877
0.79870
0.87257
-0.01606
0.49432
0.21753
0.17392
0.21793
0.15020
0.80044
0.65334
0.32430
0.28930
0.36028
0.01876
0.77555
0.43956
0.32157
0.31788
0.00943
0.81535
0.83042
0.71660
0.02032
0.75845
0.72615
0.10759
0.04041
0.73177
0.51090
0.44187
0.71244
0.31209
0.83081
0.08386
0.70411
-0.02663
-0.00404
0.22299
0.88123
0.11588
0.81196
0.87431
0.75641
0.06161
0.82123
0.72465
0.71929
0.32022
0.64240
0.45970
0.91302
0.03792
0.00813
0.81409
0.13939
0.69779
0.84038
0.40678
0.33707
0.90891
0.89068
0.28727
0.12300
0.24401
0.08873
0.69592
0.11614
0.67503
0.13915
0.86355
0.02570
0.87834
0.73933
-0.00878
0.21453
0.01828
0.83639
0.15570
0.82385
0.12977
0.71243
0.02235
0.40488
0.88159
0.57322
0.09973
0.14342
0.04184
0.92873
0.89034
-0.02570
0.02583
0.90119
0.76354
0.59568
0.14212
0.37625
0.70407
0.81457
0.68963
0.29346
0.28368
0.44345
0.70893
0.29784
0.86014
0.72929
0.40752
0.84886
0.83578
0.09079
-0.00359
0.86495
0.12100
0.11811
0.84476
0.12320
0.17934
0.74453
0.73647
0.90749
0.28640
0.76715
0.46733
0.02951
0.69442
0.02385
0.39135
0.81923
0.22468
0.87681
0.81079
0.64639
0.48996
0.56019
0.55470
0.26988
0.66867
0.82178
0.92581
0.88972
0.46742
0.82186
0.88965
0.11505
0.29396
0.29614
-0.00137
0.48383
0.89384
0.28880
0.56237
0.65361
0.45834
0.84795
0.13297
0.31440
0.03187
0.16022
0.87890
0.35980
0.23918
0.69318
0.56667
0.91396
0.41789
0.81134
0.02634
0.22080
0.41580
0.21934
0.69261
0.43382
0.15681
0.54987
0.04378
0.26936
0.71783
0.78975
0.41331
0.89208
0.55538
0.22427
0.89365
0.00182
0.69536
0.42647
0.03423
0.04271
0.71340
0.39215
0.91253
0.82678
0.21021
0.69903
0.20139
0.70040
0.73694
0.85388
0.20349
0.79996
0.83713
0.65250
0.75266
0.76767
0.00611
0.32491
0.05817
0.25390
0.20000
0.41652
0.90557
0.88028
0.25185
0.29539
0.68621
0.83665
0.15817
0.38717
0.20778
0.12749
0.66916
0.33694
0.51169
0.18156
0.21280
0.90335
0.71697
0.30882
0.93424
0.75250
0.28996
0.15757
0.87967
0.22846
0.81477
0.42555
0.30343
0.04394
0.24747
0.30944
0.14079
0.71622
0.71774
0.14349
0.18356
0.03192
-0.00257
0.50516
0.32862
0.14574
0.27623
0.13711
0.30166
0.01888
0.59828
0.87334
0.85246
0.85657
0.34071
0.52827
0.83926
0.76560
0.73094
0.13070
0.90567
0.30309
0.82861
0.44631
0.21378
0.75685
0.40941
0.29734
0.68077
0.86708
0.17043
0.75671
0.88251
0.74193
0.04210
0.71195
0.70103
0.55014
0.66838
0.32967
0.07972
0.87435
0.00066
0.29710
0.46843
0.08536
0.30743
0.70171
0.89133
0.44858
0.16160
0.89933
0.73073
0.68220
0.00528
0.26321
0.92674
0.87485
0.87770
0.76304
0.15296
0.20217
0.56001
0.90383
0.42066
0.86065
0.02850
0.85040
-0.01785
0.76019
0.20980
0.90663
0.06194
0.12866
0.22032
0.07186
0.32969
0.72583
0.71106
0.81553
0.22502
0.86346
0.67317
0.68554
0.88318
0.17530
0.11819
0.24464
0.88642
0.28738
0.90304
0.86374
0.04135
0.92514
0.64420
0.01663
0.02278
0.69173
0.90649
0.84657
0.67127
0.92618
0.33836
0.40733
0.85703
0.15490
0.94180
0.47026
0.10249
0.89765
-0.01268
0.76292
0.80547
0.19976
0.91657
0.71709
0.28351
0.27607
0.69673
0.14086
0.76645
0.44211
0.86093
0.43860
0.88130
0.70755
0.75274
0.13574
0.80170
0.04162
0.68651
0.06624
0.91882
0.93307
0.70228
0.02079
0.70396
0.81102
0.74692
0.80861
0.34562
0.74628
0.80416
0.77701
0.81511
0.69890
0.82375
0.81136
0.20295
0.14488
0.02821
0.90550
0.49063
0.22771
0.03147
0.72618
0.13007
0.30868
0.17208
0.96205
0.17085
0.22133
0.14084
0.69189
0.78866
0.43551
0.02152
0.66255
0.31280
0.76577
0.22790
0.87122
0.72763
0.71789
0.04855
0.81026
0.81022
0.15988
0.93763
0.01161
0.77542
0.03150
0.93014
0.17566
0.74968
0.86751
0.37163
0.56890
0.91581
-0.02319
0.23299
0.06994
0.29056
0.86971
0.88227
0.02817
0.05809
0.66599
0.23949
0.84549
0.82445
0.27776
0.34684
0.89666
0.89055
0.02523
0.24224
0.05099
0.03129
0.86885
0.70459
0.39705
0.44703
0.95248
0.82533
0.92084
0.00195
0.15682
0.22113
0.55991
0.04382
0.91172
0.38985
0.81372
0.02192
0.72511
0.88713
0.29849
0.03173
0.70916
0.19112
0.90917
0.02415
0.84586
0.78219
0.16805
0.76705
0.02181
0.01643
0.41293
0.03686
0.85466
0.88986
0.49534
0.76479
0.69331
0.74775
0.13006
0.21280
0.09476
-0.02221
0.23799
0.15513
0.21659
0.56011
0.68969
0.35122
0.80107
0.69510
0.00596
0.30585
0.10240
0.22143
0.11066
0.81210
0.80335
0.40530
0.90850
0.32311
0.82346
0.73324
0.28780
0.85852
0.69718
0.27922
0.16946
0.43023
0.64862
0.77865
0.72343
0.22900
0.28362
-0.03496
-0.01661
0.44631
0.58428
0.45448
0.82862
0.31167
0.55964
0.42432
0.29811
0.12275
0.44245
0.71748
0.57298
0.47941
0.73424
0.42299
0.04153
0.30369
0.17263
-0.01922
0.22611
0.81418
0.74579
0.65735
0.03641
0.33438
0.69263
0.18423
0.42162
0.68840
0.27402
0.17643
0.75347
0.12690
0.74035
0.79951
0.04612
0.84601
0.89282
0.91541
0.80700
0.56227
-0.02954
0.29539
0.22397
0.92443
0.25915
0.86389
0.84043
0.20047
0.37908
0.83461
0.88793
0.00296
0.46168
0.05367
0.18976
0.69277
0.91119
0.10501
0.21246
0.86777
0.42241
0.72186
0.23779
0.58619
-0.01184
0.74486
0.68345
0.22013
0.22536
0.87757
0.89612
0.91892
0.53856
0.17549
0.55732
0.41762
0.15533
0.72626
0.15052
0.27620
0.24302
0.29653
0.18646
0.74023
0.40361
0.88708
0.43625
0.18394
0.88267
0.69874
0.78262
0.12538
0.90546
0.81520
0.85424
0.64170
0.85964
0.71586
0.60709
0.74476
0.18962
0.65725
0.72925
0.25544
0.93521
0.72175
0.12692
0.72831
0.28149
0.68876
0.01231
0.71018
0.17695
0.14360
0.47005
0.94713
0.45628
0.71079
0.44913
0.12942
0.20538
0.13430
0.95806
0.72869
0.45902
0.17620
0.16103
0.91491
0.01730
0.43640
0.56199
0.63610
0.76180
0.61544
0.12872
0.89713
0.88468
0.22422
0.03490
0.02768
0.41711
0.85249
0.74726
0.70953
0.10198
0.82377
0.05904
0.69043
0.23532
0.43583
0.00704
0.76671
0.20084
0.83601
0.82537
0.00425
0.71475
0.33267
0.67406
0.82796
0.40216
0.02840
0.02048
0.67732
0.90239
0.56055
-0.01625
0.45612
0.87746
0.53932
0.25292
0.71914
0.91028
0.74365
0.89490
0.21442
0.34671
0.14816
0.64567
0.29726
0.21531
0.14786
0.21109
0.00912
0.86601
0.65909
0.73850
0.04662
0.13279
0.85927
0.89637
0.32284
0.30341
0.05865
0.92080
0.02610
0.71497
0.38722
0.19202
0.87292
0.92361
0.70490
0.81717
0.38221
0.14409
0.33441
0.75264
0.83632
0.46100
0.68547
0.21952
0.21935
0.73915
0.57813
0.05107
0.46496
0.58019
0.86649
0.85165
0.39647
0.11930
0.21528
0.92426
0.98403
0.74206
0.91120
0.16215
0.78135
0.15851
0.69601
0.23352
0.86404
0.91852
0.14303
0.76568
0.29894
0.04703
0.51288
0.94509
0.15130
0.95893
0.73086
0.29381
0.67444
0.13054
0.90055
0.10843
0.09480
0.87474
0.71780
0.88812
0.03179
0.19811
0.21517
0.87862
0.81739
0.93619
0.74809
0.77348
-0.01356
0.11167
0.92190
0.33702
0.40907
0.14798
0.70611
0.04022
0.65783
0.85368
0.46637
0.67156
0.79510
0.91947
0.17677
0.83589
0.82284
0.81492
0.04872
0.89569
0.82744
0.69893
0.85042
0.23394
0.23474
0.30827
0.69903
0.55484
0.74058
0.67513
0.03148
0.82290
0.60268
0.12109
0.02016
0.91591
0.22589
0.14887
0.30641
0.73818
0.82339
0.17908
0.01208
0.23454
0.40819
0.69613
0.02884
0.14721
0.84342
0.78397
0.45077
0.87519
0.00185
0.46240
0.21192
0.79019
0.17114
0.13224
0.14300
0.24126
0.20155
0.83138
0.87039
0.80359
0.54840
0.80737
0.80281
0.85806
0.88934
0.44012
0.05637
0.89421
0.87340
0.37468
0.82073
0.26687
0.73511
0.10033
0.87039
0.66561
0.84711
0.18755
0.90730
0.55886
0.91475
0.28833
0.87413
0.95176
0.85760
0.05348
0.01459
0.80668
-0.00253
0.81091
0.28773
0.19533
0.85794
0.29567
0.07642
0.69339
0.41303
-0.01730
0.79739
0.90857
0.56269
0.19163
0.88928
0.66172
0.84021
0.88580
0.88873
0.15743
0.21973
0.01455
0.53906
0.81416
0.04809
0.62726
0.40593
0.96620
0.17343
0.43087
0.53003
0.89029
0.48989
0.08833
0.31553
0.31241
0.90205
0.74712
0.91504
0.89219
0.85174
0.81418
0.08399
0.93563
0.73151
0.69213
0.03544
0.23587
0.34599
0.11209
0.14350
0.90941
0.72472
0.21142
0.89900
0.83426
0.83122
0.43069
0.77613
0.08471
0.84856
0.34056
0.58082
0.44655
0.76987
0.16369
0.70810
0.86904
0.83391
0.66771
0.93178
0.40602
0.94511
0.03527
-0.02143
0.14153
0.29657
0.15509
0.13429
0.30305
0.16185
0.30692
0.06524
0.71508
0.02976
0.80512
0.38873
0.91306
0.25365
0.26004
0.72536
0.00420
0.90133
0.73691
-0.01251
0.02927
0.93006
0.68113
0.82032
0.85920
0.85207
0.91242
0.88538
0.67646
0.13806
0.79537
0.32602
0.40615
0.13878
0.72364
0.15201
0.01304
0.42347
0.70693
0.83695
0.03290
0.88635
0.43349
0.26579
0.84498
0.88309
0.42181
0.81462
0.94133
0.90600
0.01177
0.80139
0.04894
0.20299
0.76656
0.50317
0.62144
0.00669
0.22838
0.65377
0.54749
0.82430
0.78960
0.85220
0.45396
0.19792
0.04087
0.26580
0.30844
0.88367
0.17022
0.89423
0.08419
0.78431
0.89388
0.33079
0.81881
0.93713
0.74565
0.92608
0.16048
0.10670
0.01236
0.89142
0.66196
0.83701
0.13629
0.02641
0.27784
0.28276
0.80709
0.93554
0.12580
0.30892
0.40657
0.27579
0.66590
0.60973
0.02085
0.86329
0.20736
0.83999
0.56229
0.83848
0.01733
0.48149
0.70778
0.91215
0.43516
0.40087
0.70169
0.90018
0.67059
0.92658
0.38373
0.67310
0.27152
0.94629
0.77938
0.70930
0.93331
0.10941
0.77420
0.01687
0.89653
0.51319
0.89230
0.14298
0.30272
0.06727
0.85859
0.87567
0.91583
0.67354
0.77055
0.02251
0.20598
0.13397
0.65213
0.21351
0.90029
0.84532
0.46654
0.41729
0.39711
-0.01245
0.87314
0.72487
0.70011
0.21880
0.20581
0.58141
0.83025
0.52842
0.69436
0.31819
0.04099
0.76257
0.15311
0.71516
0.04749
0.82673
0.78381
0.92140
0.79898
0.86260
0.73875
0.34754
0.74483
0.44029
0.16290
0.33113
0.54433
0.18074
0.49352
0.52216
0.82645
0.20721
0.86496
0.83393
0.75969
0.13208
0.88128
0.40084
0.58065
0.88439
0.82990
0.70678
0.23323
0.94071
0.48917
0.44112
-0.01586
0.45371
0.22353
0.29931
0.57629
0.40768
0.24016
0.74689
0.21014
0.88958
0.89295
0.30073
0.78036
0.90503
0.43517
0.14767
0.88602
0.81048
0.17677
0.89495
0.59121
0.78189
0.17630
0.21483
0.87411
0.90362
0.83332
0.81928
0.78040
0.93885
0.54580
0.74725
0.55962
0.83110
0.05706
0.42175
0.02170
0.22461
0.37882
0.70955
0.37651
0.43989
0.17971
0.47091
0.17558
0.46004
0.31058
0.39699
0.87793
0.37469
0.32697
0.68241
0.39003
0.11055
0.94546
-0.01021
0.83235
0.18175
0.83414
0.87968
0.31138
0.13132
0.30925
0.30456
0.86945
0.71346
0.94163
0.75178
0.54519
0.21847
0.38714
0.42457
0.89458
0.47146
0.66125
0.12112
0.77471
0.90623
0.67305
0.77497
0.21725
0.69879
0.03491
0.74729
0.85192
0.84862
0.74046
0.62202
0.11242
0.90165
0.34882
0.46839
0.37391
0.86596
0.86911
0.88365
0.76237
0.28857
0.73793
0.91325
0.71790
0.91092
0.13978
-0.01223
0.77105
0.82986
0.71828
-0.01702
0.02944
0.70285
0.13574
0.72454
0.56085
0.01993
0.01187
0.24396
0.07204
0.42952
0.34987
0.34561
0.03831
0.04019
0.78739
0.80830
0.47859
0.89745
0.31419
0.89830
0.59962
0.15769
0.92354
0.90689
0.81373
0.27447
0.90602
0.40931
0.73526
0.12785
0.40330
0.24262
0.70237
0.23857
0.86310
0.24843
0.76823
0.91129
0.01094
0.82881
0.22114
0.56815
0.82398
0.76543
0.14770
0.47652
0.14348
0.81790
0.36546
0.88543
0.75602
-0.00656
-0.00111
0.88668
0.90651
0.31396
0.22164
0.79582
0.49902
0.33670
0.02609
0.91951
0.77375
0.81366
0.37888
0.02178
0.02513
0.48751
0.70323
0.89330
0.67490
0.13665
0.74725
0.20462
0.70887
0.05800
0.11123
0.05213
0.90035
0.39941
0.29788
0.75510
0.22540
0.16269
0.13519
0.74993
0.78628
0.39081
0.20681
0.89596
0.85228
0.69734
0.27354
0.03336
0.34759
0.88956
0.16380
0.71664
0.31035
0.91501
0.29637
0.88931
0.03250
0.05368
0.06492
0.03649
0.86064
0.43415
0.33710
0.31839
0.15038
0.21312
0.47159
0.47003
0.40819
0.41687
0.66589
0.92849
0.57424
0.27359
0.72628
0.54061
0.86511
0.79092
0.00926
0.71031
0.43747
0.62899
0.88514
0.47929
0.88255
0.52636
0.13494
0.29866
0.93236
0.05939
0.44893
0.21385
0.15160
-0.01434
0.09220
0.34210
0.04001
0.43888
0.18096
0.01243
0.45363
0.82878
0.23325
0.79651
0.74750
0.70652
0.55890
0.03740
0.86758
0.70672
0.84366
0.84729
0.14995
0.21623
0.90886
0.24565
0.79981
-0.02264
0.57319
0.33314
0.23618
0.15185
0.78728
0.68318
0.69845
0.89330
0.85161
0.12437
0.69246
0.14222
0.22625
0.07711
0.75662
0.00771
0.12480
0.87255
0.42732
0.34214
0.27509
0.89443
0.16172
0.15218
0.65239
0.42745
0.14413
0.06214
0.89977
0.40352
0.83156
0.33238
0.24894
0.66660
0.18942
0.88386
0.33965
0.87044
0.79291
0.87131
0.28155
0.19997
0.31641
0.68435
0.03583
0.93162
0.20804
0.92833
0.92486
-0.00554
0.92849
0.17397
0.41447
0.31994
0.31736
0.74076
0.90456
0.24853
0.89167
0.91158
0.54941
0.70957
0.37710
0.24004
0.15946
0.31039
0.01834
-0.01734
0.63430
0.73285
0.74371
0.04038
0.46347
0.93807
0.32707
0.77453
0.21494
0.54854
0.18406
0.82918
0.30951
0.82728
0.88314
0.69084
0.50251
0.12526
0.80015
0.75472
0.74206
0.91773
0.82334
0.15450
0.16577
0.03199
0.13517
0.87444
0.19237
0.72135
0.76843
0.90324
0.82431
0.09645
0.03975
0.91286
0.83567
0.88022
0.81831
0.16556
0.73062
0.22715
0.28638
0.45976
0.17257
0.89747
0.15288
0.20530
0.42198
0.17466
0.77525
0.87427
0.64345
0.82442
0.89393
0.77200
0.75086
0.08931
0.26397
0.19552
0.89231
0.68458
0.86315
0.52703
0.90124
-0.03907
0.26922
0.26065
0.93704
0.91494
0.43773
0.38311
0.14044
0.73877
0.15593
0.03289
0.15189
0.69170
0.44999
0.90428
0.86909
0.24599
0.20102
0.86673
0.24148
0.77254
0.35023
0.08273
0.02069
0.41371
0.89191
0.84135
0.36917
0.96522
0.85591
0.08201
0.84270
0.42034
0.76104
0.64846
0.42160
0.13375
0.15482
0.71839
0.89160
0.74896
0.29212
0.80366
0.43408
0.90784
0.41426
0.43928
0.04714
0.32924
0.82375
0.45436
0.88847
0.18782
0.71897
0.05500
0.90938
