0.09955 0.33413 0.35111
0.08409 0.20647 0.96847
0.48797 0.92965 0.65391
0.42608 0.04271 0.73313
0.99049 0.43453 0.05901
0.35080 0.25308 0.81476
0.52692 0.45403 0.11148
0.91701 0.07933 0.11180
0.74580 0.32926 0.77066
0.21250 0.38234 0.42875
0.03579 0.98623 0.95408
0.08767 0.83563 0.42033
0.62351 0.26738 0.40688
0.13132 0.62719 0.77941
0.57079 0.52509 0.40179
0.70898 0.04179 0.69456
0.73158 0.43652 0.32803
0.42789 0.46843 0.60928
0.61037 0.83158 0.76952
0.28104 0.81421 0.73807
0.82892 0.55515 0.84184
0.31945 0.19109 0.32912
0.98973 0.92565 0.76489
0.22645 0.44115 0.54891
0.83346 0.71971 0.35208
0.81817 0.18468 0.17278
0.04147 0.59564 0.60687
0.68984 0.90034 0.34971
0.09115 0.06617 0.64604
0.94213 0.82492 0.07831
0.28754 0.45825 0.89535
0.20067 0.32403 0.64471
0.79163 0.00060 0.24590
0.93520 0.37217 0.71597
0.51540 0.54542 0.63541
0.11964 0.98159 0.76753
0.98568 0.29731 0.91086
0.94491 0.46499 0.35082
0.84032 0.63087 0.99482
0.44743 0.69580 0.43530
0.65592 0.54826 0.31490
0.42662 0.74689 0.95164
0.64404 0.02428 0.66351
0.19435 0.85367 0.06685
0.88951 0.96912 0.96689
0.48546 0.49369 0.47279
0.53118 0.04776 0.35841
0.12406 0.92237 0.91637
0.71822 0.68264 0.14398
0.65496 0.22767 0.41254
0.78446 0.85455 0.86589
0.16872 0.42277 0.26077
0.88329 0.26511 0.58753
0.00801 0.22564 0.89834
0.85336 0.00053 0.85596
0.63436 0.18728 0.38618
0.84530 0.45729 0.08379
0.76016 0.52772 0.49663
0.46796 0.46975 0.68994
0.33892 0.67356 0.62362
0.95955 0.60711 0.38982
0.73090 0.07197 0.07084
0.14126 0.06444 0.13254
0.26673 0.09598 0.46493
0.67431 0.48616 0.91976
0.24490 0.46266 0.92804
0.00396 0.47538 0.09565
0.25001 0.85386 0.02849
0.33829 0.61486 0.42381
0.24245 0.24830 0.76992
0.51817 0.28128 0.20863
0.34524 0.16292 0.10987
0.78203 0.31610 0.95150
0.09484 0.61279 0.40623
0.85673 0.59184 0.75727
0.16494 0.36118 0.37479
0.51902 0.61515 0.41783
0.81480 0.85701 0.99574
0.01900 0.99573 0.09865
0.03419 0.56576 0.47189
0.63850 0.04734 0.96786
0.41632 0.10207 0.70290
0.53311 0.26826 0.16465
0.24331 0.86015 0.46312
0.66166 0.13062 0.33354
0.20707 0.41745 0.79214
0.22631 0.21878 0.22096
0.93843 0.80468 0.47598
0.72948 0.78612 0.35394
0.07871 0.53141 0.55810
0.35311 0.14318 0.36292
0.31027 0.25009 0.56465
0.59980 0.62755 0.68336
0.29692 0.63836 0.33573
0.03598 0.77415 0.74768
0.79917 0.46078 0.09582
0.39348 0.25597 0.27292
0.31530 0.59460 0.31012
0.62638 0.02530 0.32974
0.45330 0.34706 0.89986
0.88257 0.64661 0.24754
0.90285 0.99001 0.63657
0.73916 0.46123 0.65658
0.52661 0.11766 0.94852
0.24155 0.68871 0.01319
0.30852 0.88122 0.93486
0.55094 0.32113 0.74294
0.72971 0.74305 0.08588
0.26084 0.34950 0.63801
0.60516 0.17371 0.73509
0.93953 0.67572 0.28036
0.15755 0.85051 0.20366
0.23601 0.49851 0.25194
0.76496 0.35180 0.66977
0.31430 0.45228 0.29945
0.29283 0.08662 0.91407
0.60911 0.89166 0.55939
0.88377 0.10124 0.48771
0.96815 0.33664 0.20480
0.09922 0.26843 0.73832
0.95033 0.59460 0.17020
0.77026 0.09041 0.80782
0.26088 0.03435 0.45340
0.74525 0.88557 0.26210
0.58439 0.92336 0.63783
0.07431 0.30198 0.52118
0.44546 0.19229 0.10749
0.23179 0.26174 0.71785
0.48343 0.16736 0.23987
0.37113 0.92570 0.13268
0.60770 0.54125 0.03159
0.09270 0.85502 0.04526
0.45488 0.95517 0.76789
0.05756 0.29659 0.42459
0.79634 0.88861 0.68479
0.27957 0.11621 0.38300
0.85677 0.43793 0.36089
0.22990 0.57609 0.52859
0.97740 0.17105 0.98131
0.68751 0.17892 0.10324
0.89803 0.50182 0.14525
0.39774 0.46913 0.96904
0.13883 0.02625 0.15274
0.53039 0.06423 0.96161
0.29289 0.02927 0.20191
0.91210 0.69334 0.30839
0.52187 0.53160 0.34720
0.44805 0.13774 0.77015
0.94886 0.12125 0.18442
0.17623 0.86597 0.41717
0.90051 0.26606 0.50884
0.91839 0.95309 0.26553
0.24992 0.92928 0.49387
0.85331 0.14959 0.27319
0.59092 0.96764 0.21584
0.30878 0.23047 0.43853
0.89471 0.24642 0.99277
0.30094 0.93920 0.54193
0.20235 0.31247 0.78822
0.36878 0.83987 0.15640
0.47142 0.51884 0.72521
0.80611 0.65439 0.73110
0.36464 0.92386 0.93255
0.42678 0.85031 0.00544
0.19768 0.35534 0.12760
0.20876 0.31364 0.05680
0.81198 0.13560 0.49918
0.78592 0.56610 0.84077
0.32820 0.02690 0.87907
0.56414 0.53554 0.42065
0.26625 0.11290 0.25960
0.68495 0.24943 0.73757
0.62001 0.28104 0.73931
0.13714 0.20617 0.20086
0.83776 0.76901 0.84125
0.06304 0.55742 0.06166
0.89792 0.69765 0.62362
0.72069 0.68943 0.90465
0.17186 0.08911 0.90734
0.84056 0.70589 0.21244
0.43806 0.71067 0.47272
0.39583 0.51496 0.17596
0.78118 0.12608 0.45832
0.05298 0.12475 0.02627
0.51379 0.22239 0.18233
0.45631 0.21827 0.29627
0.56031 0.93971 0.43866
0.55065 0.68776 0.08145
0.92065 0.25655 0.41063
0.38667 0.11148 0.29885
0.38598 0.05782 0.18636
0.13371 0.16363 0.08661
0.13128 0.98749 0.15743
0.56067 0.15252 0.71075
0.49703 0.80720 0.50856
0.07005 0.75200 0.98357
0.96793 0.62102 0.65219
0.86709 0.31065 0.16486
0.58832 0.28098 0.19830
0.22564 0.77706 0.56855
0.80154 0.71513 0.49846
0.96092 0.64386 0.68034
0.79136 0.40264 0.11398
0.08432 0.62174 0.50125
0.62821 0.49396 0.79654
0.85107 0.66688 0.45527
0.17996 0.68908 0.92795
0.77431 0.19613 0.10265
0.48129 0.56863 0.62563
0.15869 0.44898 0.15086
0.13297 0.71260 0.32297
0.79834 0.15632 0.60766
0.31001 0.99027 0.38542
0.70827 0.03393 0.89231
0.43801 0.30840 0.01200
0.65682 0.48255 0.95253
0.28126 0.19110 0.11799
0.44807 0.43828 0.31502
0.75886 0.77708 0.46972
0.14577 0.26849 0.15759
0.76260 0.98474 0.22419
0.83156 0.11763 0.40638
0.20168 0.38306 0.19209
0.39759 0.26899 0.19962
0.27660 0.40542 0.01884
0.54752 0.41713 0.54370
0.73983 0.10448 0.04273
0.76057 0.63642 0.67956
0.13955 0.19557 0.64067
0.55531 0.34755 0.88521
0.30114 0.44741 0.07921
0.46916 0.15595 0.22013
0.36768 0.98844 0.56344
0.21899 0.08731 0.77073
0.76047 0.42876 0.99595
0.04367 0.55142 0.94801
0.75527 0.85625 0.53058
0.27447 0.44430 0.36865
0.80060 0.95148 0.92820
0.70056 0.25048 0.82252
0.24979 0.64935 0.02997
0.50601 0.41583 0.08840
0.58691 0.44395 0.58352
0.37033 0.41507 0.96578
0.23282 0.89840 0.14200
0.75860 0.77096 0.42320
0.62349 0.76274 0.79507
0.51350 0.17350 0.88134
0.04074 0.28914 0.81079
0.71898 0.92061 0.90286
0.58385 0.10986 0.52966
0.74656 0.88413 0.45922
0.62507 0.67851 0.43782
0.14112 0.36796 0.74701
0.86329 0.14530 0.04571
0.69262 0.65937 0.02127
0.72821 0.85980 0.98191
0.76874 0.09047 0.54937
0.57047 0.46861 0.31575
0.90100 0.57743 0.87628
0.66184 0.80571 0.67582
0.29157 0.74777 0.76081
0.16750 0.42956 0.65019
0.45812 0.22314 0.54430
0.28115 0.22305 0.18928
0.76074 0.08253 0.08101
0.81898 0.57020 0.09815
0.73436 0.73612 0.17675
0.09355 0.92771 0.22355
0.82634 0.72125 0.01210
0.12579 0.06274 0.93585
0.28079 0.88010 0.27621
0.96023 0.83411 0.51497
0.79137 0.53830 0.31638
0.21813 0.98859 0.07643
0.02316 0.42896 0.31713
0.25438 0.57266 0.21213
0.08171 0.45312 0.06654
0.03336 0.14900 0.71130
0.10780 0.29558 0.93718
0.98609 0.91481 0.96972
0.73665 0.58446 0.29489
0.35003 0.12636 0.09563
0.96521 0.88697 0.34570
0.78392 0.10075 0.20628
0.75680 0.68917 0.38940
0.92056 0.47937 0.00060
0.51171 0.70040 0.56174
0.57368 0.22806 0.60776
0.75528 0.64972 0.90541
0.95810 0.56600 0.42409
0.56206 0.08449 0.08261
0.46991 0.30357 0.68636
0.82055 0.84611 0.14723
0.64550 0.28955 0.14319
0.73446 0.88419 0.03954
0.85203 0.91420 0.53305
0.81757 0.48405 0.51336
0.22044 0.44194 0.12616
0.30873 0.58387 0.93106
0.60522 0.84505 0.11780
0.96849 0.83989 0.85941
0.12518 0.07011 0.00586
0.17745 0.94650 0.32041
0.31923 0.26138 0.74819
0.94293 0.40890 0.42677
0.38087 0.60202 0.87473
0.49168 0.89256 0.00218
0.94789 0.57864 0.82005
0.36072 0.12987 0.48147
0.92468 0.52326 0.51352
0.55337 0.68814 0.05791
0.79462 0.52225 0.03401
0.13491 0.18413 0.33651
0.71142 0.97815 0.60493
0.28033 0.57942 0.79247
0.69664 0.90732 0.32375
0.93924 0.03774 0.53209
0.06982 0.78049 0.65254
0.40552 0.92179 0.41961
0.05073 0.24027 0.22191
0.83528 0.56013 0.23464
0.82563 0.30051 0.65687
0.39255 0.09746 0.40972
0.49294 0.03309 0.34595
0.01541 0.01789 0.32050
0.44982 0.24209 0.15433
0.92349 0.71087 0.41022
0.12378 0.51044 0.39752
0.16690 0.12523 0.77971
0.16993 0.10218 0.90786
0.58701 0.77339 0.72373
0.34322 0.29639 0.31793
0.90801 0.85324 0.50138
0.59558 0.83179 0.82797
0.50319 0.28398 0.89855
0.00789 0.54783 0.93845
0.22891 0.06716 0.62359
0.59608 0.39193 0.77605
0.14555 0.40255 0.18601
0.61153 0.39828 0.14935
0.17673 0.71638 0.69349
0.71151 0.11474 0.57386
0.60541 0.69186 0.36875
0.35064 0.38929 0.57611
0.30387 0.77764 0.93644
0.29209 0.24909 0.27226
0.18130 0.92926 0.91635
0.77988 0.88789 0.36968
0.83076 0.55056 0.26954
0.49103 0.33211 0.54930
0.61893 0.56534 0.64440
0.73976 0.85604 0.24682
0.48417 0.14569 0.78176
0.32289 0.50033 0.21038
0.64624 0.34833 0.55865
0.39849 0.35518 0.74771
0.68666 0.75471 0.60306
0.71671 0.01811 0.83660
0.66796 0.50854 0.37333
0.68245 0.58728 0.54837
0.26741 0.44348 0.11683
0.76602 0.76545 0.25475
0.97379 0.66823 0.60394
0.74303 0.07646 0.72715
0.95313 0.48823 0.01934
0.84326 0.17711 0.20535
0.19437 0.05582 0.47750
0.84894 0.69522 0.87817
0.44420 0.63786 0.48052
0.92037 0.65275 0.12149
0.27388 0.52832 0.85747
0.80227 0.69961 0.44469
0.16184 0.68648 0.97240
0.73901 0.88896 0.36441
0.71625 0.26278 0.28103
0.91040 0.90652 0.59183
0.85443 0.12945 0.69603
0.72565 0.06974 0.33255
0.57504 0.28860 0.14876
0.37665 0.09713 0.36345
0.34238 0.12153 0.87000
0.40500 0.45599 0.09199
0.14684 0.77120 0.19871
0.94174 0.16776 0.65790
0.82045 0.54238 0.89451
0.79701 0.08991 0.75141
0.48154 0.25915 0.97400
0.66161 0.74908 0.97618
0.80773 0.50528 0.78104
0.31645 0.59787 0.36610
0.84440 0.80887 0.89138
0.52498 0.48114 0.37004
0.66297 0.45024 0.70697
0.18223 0.45439 0.95353
0.58783 0.52685 0.81617
0.85323 0.06544 0.22944
0.50814 0.94746 0.80614
0.42114 0.00151 0.86851
0.80336 0.48754 0.45830
0.60207 0.58875 0.65084
0.75202 0.13222 0.74878
0.28844 0.04865 0.47129
0.39234 0.20659 0.54259
0.62601 0.33870 0.63542
0.00298 0.48378 0.49330
0.56391 0.29589 0.14198
0.00575 0.07157 0.97179
0.87894 0.82751 0.99566
0.78316 0.93241 0.18094
0.02839 0.99046 0.27289
0.36509 0.91493 0.98352
0.08634 0.29799 0.32383
0.62604 0.83010 0.96812
0.35973 0.39252 0.53299
0.96220 0.54637 0.62651
0.59934 0.91924 0.79057
0.37547 0.63373 0.20688
0.43269 0.82538 0.86214
0.25354 0.90830 0.89592
0.92356 0.29248 0.65043
0.21881 0.55243 0.92275
0.60356 0.69127 0.11373
0.93301 0.95833 0.35726
0.60354 0.90606 0.17944
0.91074 0.47312 0.11503
0.12236 0.34119 0.28116
0.83719 0.63443 0.31108
0.83711 0.83701 0.84299
0.05560 0.32090 0.73931
0.25831 0.95383 0.62473
0.62738 0.88880 0.17571
0.96252 0.80289 0.52675
0.97305 0.17063 0.81654
0.77611 0.37449 0.83936
0.44171 0.84060 0.18066
0.28353 0.71796 0.64045
0.55300 0.25640 0.63942
0.52110 0.02677 0.30513
0.55582 0.51699 0.69157
0.68306 0.35305 0.94466
0.50200 0.83787 0.25896
0.52087 0.73566 0.87658
0.18659 0.84629 0.81463
0.42976 0.97596 0.55147
0.20294 0.56863 0.97047
0.42476 0.96227 0.84563
0.69733 0.25904 0.71589
0.15812 0.63851 0.90607
0.44618 0.96817 0.59786
0.13006 0.41748 0.72079
0.58538 0.64659 0.11866
0.02826 0.18183 0.82636
0.12706 0.89498 0.00954
0.82840 0.77843 0.32109
0.74851 0.64124 0.30712
0.02055 0.74667 0.54417
0.98110 0.53915 0.62086
0.14140 0.76334 0.11178
0.16868 0.25412 0.24997
0.36281 0.93863 0.07072
0.24054 0.34052 0.88358
0.14097 0.26071 0.83356
0.58694 0.76780 0.27193
0.76994 0.15663 0.91670
0.70241 0.09126 0.87197
0.39904 0.89565 0.19701
0.99755 0.53998 0.90871
0.22955 0.58132 0.72886
0.74874 0.19664 0.96009
0.43770 0.77052 0.64699
0.68758 0.87836 0.22086
0.72919 0.31681 0.39047
0.35968 0.83714 0.30911
0.87338 0.84229 0.14376
0.70755 0.17375 0.80835
0.63781 0.06643 0.11812
0.59959 0.30232 0.72676
0.24645 0.72100 0.77536
0.77273 0.25182 0.40745
0.16762 0.53039 0.83118
0.49008 0.37739 0.92863
0.97778 0.87633 0.43608
0.70124 0.04688 0.10979
0.78280 0.90577 0.64173
0.01255 0.89915 0.66303
0.32489 0.48079 0.59506
0.74933 0.65045 0.93062
0.32286 0.19418 0.68331
0.52299 0.35077 0.46410
0.82676 0.53036 0.65481
0.74272 0.06697 0.72865
0.01225 0.20413 0.10406
0.87661 0.52019 0.45088
0.13856 0.80505 0.68683
0.16698 0.92013 0.55200
0.49915 0.71242 0.14888
0.47015 0.26260 0.10921
0.98654 0.32519 0.19492
0.04565 0.88136 0.40490
0.47429 0.34937 0.44774
0.80013 0.48210 0.89144
0.38126 0.56137 0.68290
0.39544 0.47859 0.66004
0.52664 0.70526 0.67704
0.04071 0.02130 0.64932
0.32559 0.87347 0.12471
0.18684 0.39110 0.72997
0.05389 0.79366 0.20337
0.17932 0.54812 0.01363
0.59745 0.57138 0.73416
0.70135 0.89927 0.40551
0.60389 0.87304 0.52830
0.81480 0.48372 0.59312
0.06679 0.88332 0.72408
0.75734 0.27206 0.57402
0.58534 0.20343 0.30501
0.10056 0.64448 0.17411
0.78410 0.72684 0.60467
0.02114 0.52160 0.06218
0.05897 0.19907 0.81405
0.48223 0.16438 0.12160
0.41094 0.15439 0.51048
0.66370 0.78890 0.20690
0.58032 0.59162 0.28737
0.72963 0.15524 0.18757
0.09227 0.88051 0.45411
0.05531 0.61222 0.01199
0.84467 0.86435 0.13735
0.04417 0.51129 0.00089
0.80562 0.68753 0.46032
0.77990 0.92694 0.97141
0.95634 0.10857 0.46317
0.50380 0.36860 0.39166
0.38856 0.99584 0.86366
0.25465 0.34683 0.08430
0.74732 0.94552 0.94328
0.14917 0.25865 0.13146
0.78974 0.03022 0.28052
0.11069 0.70072 0.23796
0.67120 0.66576 0.86607
0.36330 0.00166 0.96162
0.06852 0.32231 0.43600
0.81303 0.37091 0.12452
0.83190 0.98557 0.54912
0.76106 0.02557 0.43544
0.38648 0.85155 0.93184
0.27216 0.87996 0.35704
0.14126 0.50792 0.69179
0.04560 0.43293 0.16460
0.26731 0.24999 0.14416
0.56331 0.69168 0.54002
0.54555 0.78955 0.53351
0.32940 0.56837 0.22753
0.33294 0.59398 0.05513
0.95715 0.87902 0.99374
0.29315 0.78659 0.92920
0.79937 0.56994 0.96846
0.72827 0.42398 0.49498
0.80294 0.51356 0.05690
0.40908 0.82596 0.55548
0.69363 0.85105 0.90483
0.03564 0.42016 0.00959
0.45081 0.28150 0.31928
0.11250 0.49445 0.86527
0.73942 0.32835 0.59672
0.56515 0.59253 0.77512
0.58412 0.26983 0.78624
0.97583 0.03730 0.73388
0.20101 0.80564 0.19861
0.37091 0.73567 0.45877
0.18919 0.79415 0.71843
0.81507 0.09083 0.49767
0.60288 0.15658 0.49970
0.84743 0.10851 0.98818
0.33265 0.89725 0.43667
0.95499 0.50209 0.98607
0.95319 0.32523 0.19584
0.46189 0.48715 0.64007
0.52002 0.62511 0.24776
0.87532 0.22568 0.10476
0.96835 0.53354 0.56789
0.31329 0.95977 0.58283
0.23589 0.02261 0.72245
0.12194 0.14188 0.04941
0.86573 0.56949 0.76946
0.91936 0.04916 0.96108
0.82596 0.98692 0.08301
0.03659 0.44518 0.26980
0.92180 0.83917 0.72442
0.54642 0.46950 0.63166
0.62301 0.22557 0.76331
0.33363 0.70392 0.54518
0.50075 0.79659 0.46201
0.34694 0.12774 0.34868
0.80751 0.08399 0.50291
0.07184 0.13126 0.43106
0.41725 0.93167 0.72069
0.12334 0.68253 0.03330
0.08166 0.69728 0.45662
0.01720 0.61759 0.81838
0.72681 0.63319 0.25689
0.84438 0.48885 0.32941
0.88195 0.94856 0.14420
0.50380 0.93618 0.41031
0.43671 0.39484 0.76493
0.19247 0.95880 0.05554
0.39796 0.93964 0.62414
0.51312 0.67512 0.65683
0.09825 0.58874 0.88849
0.37218 0.17349 0.92653
0.79972 0.36483 0.15629
0.46953 0.65336 0.52421
0.76241 0.54304 0.95108
0.65470 0.38075 0.26032
0.05317 0.83811 0.21070
0.51447 0.27440 0.21035
0.84733 0.48490 0.77248
0.64200 0.30104 0.96505
0.38622 0.56143 0.67454
0.30587 0.79225 0.46700
0.35878 0.80823 0.56682
0.21759 0.44185 0.94574
0.73957 0.31851 0.83753
0.39438 0.15689 0.34198
0.99962 0.74940 0.91857
0.16401 0.42177 0.89207
0.90707 0.86829 0.24853
0.46556 0.71930 0.79763
0.41049 0.55675 0.48110
0.40108 0.25697 0.92147
0.61429 0.96803 0.59219
0.88128 0.60225 0.10398
0.71727 0.13777 0.56117
0.59685 0.58354 0.54104
0.37333 0.24261 0.32086
0.53119 0.30404 0.72279
0.22155 0.94717 0.62707
0.10278 0.07645 0.90792
0.24818 0.94799 0.36892
0.33468 0.41275 0.04490
0.95699 0.17012 0.10445
0.94262 0.67862 0.04266
0.72235 0.03554 0.63580
0.98131 0.81820 0.52077
0.49791 0.20773 0.17507
0.49361 0.47093 0.35973
0.02959 0.59158 0.88663
0.11953 0.44058 0.01387
0.00314 0.08919 0.05075
0.79099 0.79346 0.08584
0.45496 0.78965 0.16699
0.16261 0.77873 0.71267
0.39574 0.42051 0.99889
0.01260 0.01410 0.08471
0.20609 0.73028 0.02648
0.46262 0.51162 0.82463
0.74183 0.19250 0.41741
0.66747 0.12570 0.97230
0.60708 0.41537 0.70709
0.44158 0.94816 0.15013
0.63761 0.49486 0.34652
0.24945 0.69155 0.12154
0.38597 0.71175 0.57534
0.72587 0.36499 0.21671
0.76507 0.32147 0.65444
0.72399 0.65635 0.25237
0.62290 0.57466 0.28031
0.86118 0.02804 0.40501
0.67060 0.93702 0.22336
0.53575 0.82899 0.58106
0.51077 0.26453 0.09559
0.70088 0.20642 0.11199
0.13517 0.81899 0.71466
0.55869 0.89461 0.63804
0.35188 0.97284 0.50419
0.50259 0.43623 0.12686
0.18357 0.91372 0.53652
0.42210 0.83712 0.09544
0.59204 0.52960 0.86061
0.61486 0.16788 0.65792
0.34219 0.41999 0.46839
0.71472 0.03277 0.15556
0.48839 0.64096 0.56227
0.80370 0.21823 0.61333
0.21860 0.36906 0.95769
0.69253 0.67509 0.48924
0.94863 0.35393 0.37133
0.24439 0.13313 0.11345
0.84420 0.34619 0.16249
0.20618 0.68522 0.16810
0.74457 0.69039 0.42101
0.44551 0.63302 0.49128
0.85084 0.16022 0.42797
0.49583 0.47703 0.90855
0.29150 0.31190 0.25417
0.63415 0.23054 0.71504
0.95116 0.61310 0.87727
0.76457 0.60886 0.03731
0.56412 0.69607 0.11734
0.64750 0.36962 0.87051
0.46393 0.42997 0.39247
0.12510 0.20706 0.07890
0.94350 0.46207 0.38459
0.86076 0.92289 0.92442
0.31020 0.11487 0.64442
0.20272 0.15667 0.62453
0.22995 0.76339 0.75637
0.50272 0.86645 0.41360
0.44132 0.44542 0.73420
0.65007 0.29879 0.24041
0.59673 0.47473 0.88865
0.22190 0.67856 0.52119
0.80820 0.13275 0.74344
0.03771 0.05873 0.65546
0.85550 0.95648 0.86110
0.11968 0.71616 0.85347
0.20893 0.57085 0.67169
0.20860 0.84092 0.18388
0.61727 0.22422 0.75101
0.01062 0.72034 0.47929
0.35159 0.25702 0.64818
0.51715 0.82016 0.08571
0.59578 0.94469 0.22539
0.33531 0.30808 0.92128
0.60486 0.18783 0.34056
0.54826 0.57498 0.90820
0.11585 0.15432 0.32657
0.28444 0.89197 0.86303
0.88489 0.67136 0.71113
0.87092 0.41344 0.19413
0.68209 0.33182 0.69501
0.37544 0.25488 0.49169
0.12262 0.39060 0.64897
0.76942 0.05744 0.89041
0.84618 0.99949 0.03640
0.88367 0.61917 0.06716
0.67298 0.89763 0.85191
0.61195 0.97031 0.29436
0.62912 0.75080 0.15553
0.50134 0.32340 0.26403
0.98757 0.80974 0.97177
0.01041 0.10025 0.46742
0.21283 0.65548 0.36532
0.98106 0.62177 0.88481
0.29699 0.65289 0.91120
0.25964 0.36180 0.71113
0.59423 0.83336 0.13453
0.51245 0.82356 0.51599
0.21099 0.34709 0.18076
0.75805 0.52400 0.49059
0.44086 0.01993 0.52509
0.00362 0.06781 0.74705
0.71567 0.95400 0.04770
0.48867 0.72550 0.16346
0.49834 0.74409 0.25695
0.27696 0.77215 0.87546
0.43310 0.33249 0.55422
0.23240 0.83508 0.81872
0.86370 0.08950 0.74245
0.62269 0.42448 0.21126
0.61176 0.94030 0.83853
0.42427 0.06836 0.83120
0.11138 0.80160 0.54443
0.22036 0.90551 0.83265
0.02490 0.50095 0.89387
0.27740 0.16296 0.54966
0.66469 0.80247 0.56640
0.27075 0.33828 0.55876
0.32031 0.13883 0.63466
0.16856 0.06397 0.82623
0.58510 0.12320 0.38912
0.51173 0.36180 0.85000
0.90451 0.75436 0.95797
0.61258 0.26849 0.45513
0.27866 0.24522 0.59380
0.78853 0.98116 0.30476
0.86268 0.65651 0.34842
0.39391 0.68048 0.83145
0.81050 0.74120 0.29176
0.30442 0.49889 0.14791
0.87432 0.64519 0.39014
0.43686 0.74149 0.41969
0.22221 0.33277 0.30658
0.52726 0.83988 0.85201
0.59943 0.21870 0.62312
0.77816 0.91975 0.14003
0.83568 0.52539 0.40186
0.84365 0.75840 0.56140
0.79951 0.71787 0.94717
0.58763 0.21194 0.53032
0.46562 0.25730 0.64242
0.83858 0.40401 0.99761
0.58808 0.24697 0.42481
0.12187 0.61541 0.07355
0.23759 0.99308 0.29173
0.91733 0.70072 0.46485
0.71701 0.31774 0.26718
0.89709 0.87441 0.40689
0.12703 0.98921 0.64884
0.94035 0.60141 0.33028
0.35998 0.03615 0.40545
0.55548 0.52531 0.53374
0.57868 0.77913 0.79082
0.85287 0.40651 0.00144
0.32861 0.86688 0.33110
0.78293 0.99188 0.86661
0.82586 0.56111 0.89096
0.74184 0.15392 0.98867
0.18239 0.11757 0.32550
0.34641 0.56275 0.33202
0.10407 0.75292 0.71231
0.27709 0.32229 0.18532
0.03186 0.93591 0.98723
0.12609 0.67137 0.52188
0.27637 0.01070 0.51889
0.16130 0.08659 0.34289
0.05085 0.83567 0.84036
0.28457 0.71234 0.11332
0.19454 0.00114 0.42772
0.88146 0.18731 0.53911
0.99853 0.23919 0.06354
0.25028 0.21485 0.65810
0.15474 0.37202 0.32871
0.99084 0.08657 0.38738
0.20796 0.31330 0.66419
0.24646 0.79655 0.40673
0.13855 0.14298 0.18157
0.84012 0.82068 0.24515
0.16175 0.99150 0.05339
0.97073 0.23403 0.11477
0.90666 0.46197 0.52420
0.10129 0.36689 0.43313
0.99307 0.13975 0.32799
0.92697 0.45327 0.16768
0.60393 0.55682 0.99593
0.92175 0.25434 0.64789
0.58771 0.29982 0.72825
0.72000 0.64451 0.74907
0.21757 0.53090 0.10485
0.10584 0.72095 0.21034
0.78302 0.48345 0.74292
0.59555 0.92576 0.23547
0.65005 0.04073 0.69256
0.11733 0.75604 0.02360
0.24133 0.63402 0.71519
0.95508 0.28468 0.50033
0.48329 0.90727 0.57150
0.06346 0.89847 0.75731
0.82735 0.88120 0.60565
0.60098 0.16932 0.07592
0.50375 0.11514 0.53732
0.95683 0.90185 0.17872
0.53881 0.53187 0.06804
0.97364 0.90161 0.34658
0.54031 0.85275 0.58290
0.06786 0.01398 0.48423
0.81901 0.68649 0.55593
0.21838 0.22834 0.50014
0.38764 0.82593 0.26666
0.08895 0.68611 0.96624
0.06886 0.14712 0.84277
0.52794 0.59320 0.46777
0.07460 0.39815 0.28317
0.37518 0.13244 0.19007
0.75381 0.71548 0.24089
0.88318 0.67579 0.42739
0.51535 0.81985 0.52972
0.96625 0.52991 0.49485
0.67502 0.78676 0.15794
0.69885 0.69124 0.39137
0.78875 0.58915 0.24717
0.92272 0.96526 0.08616
0.25095 0.68223 0.50957
0.11670 0.91866 0.51390
0.18008 0.21287 0.51250
0.54243 0.34204 0.76098
0.25214 0.47239 0.91736
0.92384 0.50384 0.86170
0.67064 0.29519 0.47621
0.45834 0.57267 0.44882
0.44655 0.43524 0.12085
0.73516 0.29698 0.04918
0.71409 0.62631 0.14691
0.30004 0.60845 0.40031
0.86439 0.41663 0.15797
0.02634 0.02613 0.40465
0.28072 0.49232 0.04245
0.39283 0.63170 0.51608
0.45941 0.60811 0.89533
0.57433 0.14076 0.67258
0.80845 0.52613 0.86240
0.64252 0.96745 0.63448
0.57815 0.56982 0.65879
0.29585 0.60724 0.23018
0.65112 0.75747 0.69807
0.79854 0.59173 0.68746
0.44601 0.45837 0.68633
0.46558 0.46678 0.48755
0.69038 0.74047 0.07431
0.81114 0.92008 0.17942
0.82188 0.90949 0.44715
0.49498 0.79019 0.01505
0.25683 0.95823 0.10050
0.02792 0.23612 0.98093
0.23767 0.93307 0.75760
0.83377 0.70484 0.99053
0.59213 0.37033 0.35921
0.07558 0.52482 0.91703
0.44804 0.64801 0.16339
0.55587 0.82320 0.96139
0.27848 0.42774 0.32393
0.61256 0.75217 0.82119
0.78019 0.52352 0.73250
0.69547 0.46766 0.06510
0.93148 0.05220 0.47248
0.62291 0.96066 0.12409
0.07827 0.61095 0.97661
0.91059 0.85971 0.71832
0.63293 0.05825 0.90899
0.00823 0.52006 0.83492
0.50472 0.38690 0.18729
0.29541 0.24253 0.05802
0.65291 0.97195 0.65836
0.53524 0.06076 0.67110
0.90426 0.34153 0.44232
0.72095 0.23802 0.35030
0.40129 0.73984 0.56836
0.60676 0.43821 0.33347
0.33737 0.52222 0.07643
0.21665 0.66739 0.55550
0.15964 0.85967 0.04250
0.49709 0.93360 0.62429
0.05910 0.00991 0.69257
0.94255 0.38131 0.20540
0.72948 0.93052 0.12351
0.71908 0.02863 0.36198
0.94125 0.18739 0.11660
0.57380 0.54336 0.91937
0.48823 0.60320 0.73451
0.55649 0.06119 0.75046
0.30541 0.24351 0.18412
0.74040 0.49829 0.75706
0.72561 0.83342 0.75264
0.80508 0.86674 0.52258
0.26859 0.33669 0.81044
0.18238 0.68713 0.20132
0.87542 0.03202 0.89170
0.89446 0.51763 0.16296
0.09832 0.34008 0.07748
0.47770 0.54507 0.32413
0.32968 0.93889 0.71853
0.70636 0.37733 0.28541
0.00744 0.05482 0.25576
0.65326 0.09777 0.22434
0.61556 0.76329 0.34484
0.92355 0.85085 0.26432
0.37111 0.01722 0.40204
0.60846 0.17481 0.40512
0.82996 0.64001 0.34441
0.67828 0.42626 0.12893
0.27403 0.66588 0.42375
0.72502 0.96910 0.08992
0.88394 0.36060 0.14443
0.61782 0.01763 0.28497
0.18379 0.93836 0.96768
0.75107 0.36099 0.35494
0.25293 0.35053 0.79015
0.22424 0.42678 0.12288
0.17175 0.48998 0.85943
0.46397 0.00630 0.85152
0.59556 0.27622 0.84520
0.76635 0.77005 0.35737
0.89152 0.38708 0.06531
0.71908 0.46830 0.90820
0.55680 0.16196 0.99029
0.41171 0.14887 0.97247
0.15027 0.09902 0.97465
0.45847 0.28782 0.03621
0.34280 0.73101 0.40345
0.34655 0.67715 0.55618
0.53266 0.80261 0.29795
0.61391 0.76839 0.52322
0.68104 0.86120 0.05393
0.73767 0.16128 0.99389
0.57413 0.93145 0.91740
0.83846 0.46948 0.08657
0.67620 0.82634 0.56956
0.51705 0.27409 0.72315
0.11283 0.66677 0.76260
0.31987 0.80052 0.32747
0.17817 0.21606 0.98920
0.74891 0.77328 0.40587
0.47396 0.38065 0.14278
0.20836 0.01153 0.81998
0.63017 0.51157 0.00437
0.09555 0.07950 0.91722
0.93565 0.49382 0.62364
0.05030 0.85978 0.89741
0.39366 0.15944 0.27476
0.97396 0.62342 0.98985
0.99582 0.41495 0.48672
0.23683 0.26268 0.91203
0.64374 0.81962 0.72191
0.43669 0.81656 0.75312
0.22466 0.83297 0.30504
0.91057 0.51691 0.78966
0.85507 0.67751 0.46249
0.73255 0.95659 0.24387
0.61598 0.27178 0.12042
0.01595 0.00074 0.68633
0.37894 0.25162 0.37764
0.38593 0.11671 0.20112
0.84813 0.84292 0.81517
0.80873 0.55937 0.91158
0.65746 0.29628 0.20991
0.27255 0.66108 0.40011
0.30012 0.75963 0.37641
0.45430 0.46697 0.83277
0.43425 0.20263 0.14993
0.13275 0.09920 0.45168
0.95517 0.21368 0.82707
0.57533 0.94786 0.89691
0.79240 0.04438 0.78030
0.30306 0.87000 0.47806
0.45368 0.09109 0.95066
0.59659 0.22728 0.94764
0.65840 0.23138 0.89759
0.06369 0.26178 0.94719
0.22254 0.62120 0.85229
0.38499 0.42606 0.67585
0.98855 0.91065 0.24461
0.45758 0.73458 0.69353
0.08516 0.48395 0.77993
0.00138 0.19262 0.72216
0.88249 0.41639 0.18509
0.52306 0.23401 0.22619
0.39841 0.50122 0.44233
0.47480 0.50308 0.63409
0.63118 0.96122 0.03074
0.16940 0.89297 0.77748
0.38500 0.14290 0.06072
0.33696 0.34207 0.74236
0.02169 0.98182 0.32437
0.14786 0.32614 0.68918
0.88699 0.69207 0.39594
0.30075 0.31442 0.84827
0.43874 0.34281 0.89024
0.72364 0.72680 0.15887
0.92231 0.27941 0.31561
0.49042 0.08430 0.93144
0.22001 0.81004 0.22663
0.65118 0.70318 0.52849
0.23004 0.49020 0.02303
0.57162 0.16022 0.12228
0.10867 0.15304 0.90191
0.33825 0.12532 0.15913
0.69716 0.26116 0.45943
0.82091 0.11238 0.98770
0.77740 0.43412 0.32017
0.64405 0.29679 0.76513
0.60686 0.74343 0.74139
0.70040 0.44994 0.38086
0.49406 0.16881 0.41170
0.94507 0.10482 0.96385
0.22659 0.97268 0.49040
0.61809 0.64438 0.63029
0.30810 0.15302 0.34343
0.60086 0.85705 0.50891
0.81460 0.55350 0.56482
0.25566 0.54937 0.53780
0.35773 0.72999 0.80281
0.70264 0.07424 0.23343
0.67412 0.77216 0.24103
0.40122 0.39760 0.56228
0.74833 0.19238 0.59435
0.09200 0.68253 0.31996
0.69503 0.79266 0.46557
0.85042 0.13747 0.00982
0.75220 0.42619 0.14362
0.85706 0.58705 0.32566
0.50009 0.67265 0.20720
0.02121 0.17684 0.73535
0.27138 0.36997 0.27048
0.73024 0.34113 0.51684
0.71603 0.79612 0.79713
0.42969 0.73722 0.31576
0.13384 0.03781 0.44128
0.48055 0.86221 0.04705
0.58300 0.94008 0.64071
0.14649 0.79189 0.59901
0.11674 0.89698 0.03304
0.64272 0.54395 0.14908
0.06941 0.55706 0.02938
0.63682 0.38207 0.95451
0.48320 0.76285 0.58303
0.59559 0.56856 0.12818
0.58198 0.55511 0.86798
0.93884 0.72832 0.32862
0.94742 0.95722 0.21364
0.75271 0.37049 0.33012
0.86397 0.48809 0.04236
0.12259 0.85721 0.38444
0.13738 0.53535 0.78443
0.75000 0.16357 0.80051
0.97750 0.34560 0.14478
0.28664 0.22060 0.72285
0.71347 0.88061 0.69304
0.79470 0.84671 0.44201
0.62521 0.14300 0.54487
0.81697 0.51620 0.41485
0.07843 0.64401 0.04980
0.46261 0.90592 0.69238
0.40425 0.69464 0.84157
0.29262 0.63532 0.78914
0.81580 0.03667 0.11702
0.33642 0.84017 0.44026
0.21949 0.81896 0.34100
0.79653 0.12191 0.39027
0.23117 0.14997 0.23261
0.30091 0.13695 0.64055
0.70861 0.10778 0.31478
0.71504 0.28180 0.04092
0.05642 0.60612 0.24122
0.77503 0.34925 0.59653
0.43356 0.16557 0.37240
0.49535 0.87776 0.73791
0.63578 0.18729 0.84020
0.18808 0.48079 0.99134
0.77568 0.42543 0.82550
0.78610 0.63257 0.55811
0.40261 0.15222 0.40613
0.57025 0.55036 0.99998
0.26116 0.04861 0.36973
0.92656 0.05566 0.95947
0.31752 0.64500 0.17126
0.33637 0.14046 0.79631
0.05455 0.25516 0.25038
0.31480 0.08212 0.35473
0.68769 0.61876 0.13074
0.73945 0.01985 0.59685
0.98446 0.95706 0.11282
0.08021 0.88891 0.81386
0.16958 0.73040 0.68564
0.08532 0.20866 0.93876
0.00466 0.32257 0.20885
0.34432 0.66492 0.70445
0.26005 0.23369 0.45362
0.07973 0.45014 0.40712
0.53826 0.29884 0.18917
0.91412 0.06795 0.02926
0.22370 0.99478 0.98571
0.96388 0.56559 0.65254
0.76849 0.28895 0.09581
0.19879 0.62970 0.87761
0.12907 0.20690 0.43748
0.46203 0.81272 0.07733
0.78456 0.33940 0.44225
0.39097 0.45022 0.08037
0.30732 0.67950 0.41553
0.42994 0.54864 0.27068
0.45105 0.15966 0.73079
0.21599 0.08357 0.01636
0.49025 0.83279 0.75688
0.53449 0.36185 0.03733
0.98969 0.30924 0.15188
0.18571 0.82357 0.05826
0.73459 0.12716 0.19139
0.21338 0.96989 0.66698
0.68135 0.72131 0.05733
0.18330 0.23154 0.94616
0.44973 0.81331 0.86647
0.44197 0.92921 0.59715
0.86040 0.55829 0.78387
0.47000 0.11947 0.99349
0.46096 0.44607 0.10969
0.97902 0.55122 0.97388
0.79507 0.14260 0.19446
0.83364 0.85092 0.35530
0.81528 0.49156 0.17915
0.51190 0.71480 0.49286
0.15890 0.84977 0.87567
0.49530 0.96047 0.21637
0.10110 0.31059 0.47032
0.36165 0.35752 0.42938
0.61981 0.42891 0.16997
0.43253 0.72292 0.87373
0.72851 0.86623 0.23530
0.68527 0.01337 0.27325
0.50972 0.09490 0.22335
0.59555 0.48111 0.16990
0.14726 0.51139 0.36128
0.76819 0.61751 0.19344
0.05731 0.22238 0.87133
0.39094 0.69240 0.55166
0.64719 0.98800 0.96183
0.11109 0.58120 0.37437
0.24627 0.53284 0.66237
0.89534 0.17176 0.25225
0.49788 0.39762 0.52338
0.02179 0.99974 0.18671
0.83324 0.07946 0.35052
0.29601 0.63618 0.37113
0.94540 0.80146 0.22682
0.02455 0.34239 0.90096
0.11374 0.18186 0.22105
0.43267 0.14084 0.94978
0.84703 0.82068 0.78739
0.59311 0.92545 0.82835
0.51465 0.00253 0.09443
0.32823 0.89365 0.45701
0.14107 0.51738 0.41356
0.38609 0.52610 0.21560
0.66234 0.96569 0.03348
0.83805 0.93134 0.14470
0.24597 0.58363 0.96600
0.56397 0.42317 0.99869
0.52853 0.84775 0.56997
0.63337 0.10820 0.39212
0.62010 0.49154 0.81762
0.24836 0.16193 0.57064
0.24576 0.56911 0.76074
0.55989 0.61017 0.72357
0.20043 0.97089 0.27610
0.52397 0.54223 0.30182
0.39404 0.43457 0.20070
0.51591 0.66020 0.85377
0.34567 0.01361 0.45795
0.25802 0.48931 0.68914
0.78290 0.75819 0.08078
0.41646 0.72469 0.00412
0.69214 0.86169 0.08514
0.79145 0.39599 0.01065
0.24491 0.59661 0.72621
0.63503 0.93954 0.24933
0.70836 0.31655 0.48875
0.62044 0.50127 0.03945
0.31266 0.67672 0.00766
0.19853 0.94856 0.62434
0.59289 0.95746 0.10604
0.24266 0.26715 0.77655
0.46261 0.76488 0.27293
0.12008 0.39505 0.53445
0.15224 0.85399 0.62605
0.40286 0.00758 0.73859
0.77819 0.63448 0.38939
0.41964 0.04248 0.93284
0.74051 0.46454 0.95879
0.14215 0.96642 0.51086
0.52073 0.03722 0.96262
0.90901 0.97816 0.53215
0.16339 0.99209 0.08937
0.68144 0.99822 0.66547
0.24676 0.52917 0.90395
0.08011 0.63143 0.58946
0.16192 0.48931 0.62218
0.83301 0.59415 0.99933
0.52812 0.65710 0.87145
0.46262 0.62870 0.72737
0.09674 0.76814 0.24529
0.97443 0.37546 0.92671
0.33064 0.02732 0.31263
0.73799 0.50867 0.48616
0.70628 0.74185 0.72760
0.02225 0.81261 0.98819
0.98487 0.21966 0.69746
0.22875 0.18882 0.66036
0.44236 0.01816 0.74426
0.31806 0.66538 0.76304
0.57485 0.89465 0.73970
0.28576 0.30971 0.22925
0.46164 0.56418 0.59672
0.77600 0.55673 0.54133
0.49068 0.44079 0.71088
0.28289 0.79917 0.17753
0.84541 0.36351 0.44902
0.04502 0.00681 0.77359
0.52428 0.26767 0.36594
0.77432 0.22619 0.21051
0.14505 0.82240 0.92943
0.65241 0.80474 0.58184
0.15871 0.61183 0.03834
0.76649 0.88158 0.06288
0.58126 0.88736 0.58385
0.61077 0.31313 0.17324
0.29860 0.07084 0.22166
0.53419 0.90328 0.72319
0.20027 0.71174 0.06976
0.98680 0.71176 0.21367
0.31236 0.79056 0.66599
0.90671 0.57708 0.31695
0.56599 0.03604 0.50144
0.79865 0.71871 0.16127
0.26587 0.06841 0.31773
0.62183 0.15952 0.21271
0.61613 0.27975 0.34881
0.41831 0.27425 0.28734
0.34404 0.67761 0.34166
0.37043 0.53594 0.71828
0.31792 0.38788 0.35889
0.53670 0.73046 0.33574
0.02077 0.64135 0.33367
0.62851 0.09061 0.26701
0.52915 0.81279 0.66014
0.81205 0.71130 0.13747
0.11287 0.50996 0.13372
0.42371 0.50160 0.89279
0.27422 0.47174 0.28902
0.94176 0.57888 0.22098
0.13281 0.04007 0.70045
0.07963 0.98258 0.01830
0.02561 0.10969 0.43630
0.62612 0.75655 0.11010
0.79627 0.01774 0.04607
0.96408 0.14044 0.68139
0.26418 0.81179 0.35095
0.75645 0.51840 0.71223
0.12870 0.27721 0.08064
0.47250 0.43610 0.61822
0.40930 0.56177 0.88115
0.37560 0.17287 0.55892
0.57220 0.43385 0.49810
0.27922 0.82706 0.06085
0.71347 0.38316 0.61958
0.07915 0.16859 0.98797
0.29791 0.45075 0.97841
0.66753 0.34218 0.75573
0.36429 0.88896 0.44845
0.41880 0.94516 0.86942
0.58627 0.54134 0.31630
0.15653 0.10381 0.60289
0.78059 0.46543 0.80354
0.87914 0.78362 0.38291
0.10012 0.56552 0.45543
0.17183 0.05830 0.09187
0.98887 0.87646 0.90941
0.36550 0.09773 0.81936
0.66740 0.17612 0.74869
0.62856 0.46263 0.13281
0.41981 0.63787 0.28923
0.26044 0.28243 0.21936
0.31088 0.82666 0.66446
0.31424 0.20032 0.18276
0.87928 0.56452 0.08858
0.57112 0.58540 0.66735
0.16250 0.81095 0.22270
0.35763 0.74268 0.87259
0.96050 0.61018 0.41037
0.35697 0.39365 0.98395
0.06851 0.83131 0.46717
0.71807 0.85301 0.70184
0.78742 0.80844 0.37581
0.51971 0.37161 0.06013
0.56558 0.42165 0.75140
0.04391 0.83573 0.79084
0.56980 0.56365 0.18054
0.29032 0.53000 0.21227
0.65976 0.55485 0.04870
0.91828 0.41518 0.12123
0.22023 0.29713 0.93836
0.08936 0.63513 0.42995
0.37896 0.61131 0.62203
0.91491 0.43345 0.45537
0.46387 0.95411 0.84369
0.12160 0.17698 0.82377
0.26845 0.27921 0.61768
0.22112 0.39358 0.97888
0.49820 0.95715 0.19966
0.22573 0.02126 0.51769
0.84675 0.02590 0.50062
0.77368 0.43125 0.08290
0.40887 0.60130 0.57244
0.68701 0.19965 0.23548
0.91550 0.16293 0.94903
0.15006 0.22838 0.96991
0.83630 0.89268 0.94207
0.42338 0.25245 0.41093
0.07060 0.94201 0.65923
0.39455 0.41836 0.67040
0.78178 0.40142 0.09342
0.03705 0.16078 0.30721
0.92751 0.78273 0.99713
0.66975 0.44425 0.55597
0.27789 0.85204 0.64664
0.73168 0.97034 0.23311
0.35730 0.90383 0.51482
0.85859 0.80449 0.31046
0.57175 0.78052 0.07281
0.36008 0.20859 0.81734
0.91775 0.16689 0.30389
0.04273 0.84567 0.26679
0.37091 0.31625 0.89759
0.51704 0.45564 0.43078
0.58845 0.34261 0.80684
0.75206 0.47271 0.68582
0.10477 0.30611 0.08349
0.82951 0.91685 0.98255
0.35148 0.76387 0.93938
0.74351 0.08330 0.65275
0.01208 0.26277 0.95855
0.48844 0.87802 0.64938
0.88405 0.66052 0.51341
0.84612 0.65024 0.74700
0.46151 0.10421 0.65749
0.40730 0.45431 0.16062
0.80467 0.82344 0.22966
0.34735 0.52511 0.97064
0.83473 0.25941 0.39965
0.36683 0.24634 0.93183
0.50502 0.49827 0.77497
0.19507 0.66824 0.21846
0.13766 0.99101 0.83130
0.61380 0.92984 0.43158
0.19510 0.68642 0.06492
0.86920 0.05357 0.16245
0.95963 0.05921 0.17319
0.32376 0.33973 0.07386
0.41199 0.54391 0.15824
0.30444 0.46166 0.10579
0.29435 0.05338 0.99110
0.48551 0.75664 0.91758
0.67888 0.94235 0.52330
0.50735 0.35009 0.52873
0.22019 0.28796 0.60993
0.84790 0.52119 0.15503
0.13802 0.77632 0.28998
0.90152 0.82121 0.09284
0.49614 0.42446 0.12645
0.68252 0.92941 0.81682
0.36797 0.21168 0.90391
0.38804 0.18608 0.03219
0.23405 0.56548 0.61162
0.93677 0.38017 0.08609
0.36422 0.82267 0.35632
0.36912 0.85114 0.17501
0.34752 0.01174 0.12233
0.64855 0.68470 0.46313
0.37660 0.10820 0.41320
0.74170 0.40067 0.48847
0.89523 0.72769 0.60322
0.14372 0.04636 0.84908
0.22091 0.15710 0.91994
0.05138 0.87362 0.45512
0.98854 0.94453 0.78009
0.01107 0.79733 0.81057
0.25035 0.87246 0.34448
0.93968 0.52584 0.14688
0.75152 0.05653 0.34343
0.90742 0.26252 0.18418
0.78741 0.85756 0.07815
0.79357 0.45592 0.82090
0.05407 0.53061 0.09047
0.61717 0.40776 0.01701
0.79152 0.57086 0.69769
0.47459 0.84110 0.75257
0.63569 0.92974 0.21711
0.24885 0.88756 0.92371
0.03016 0.96841 0.98261
0.26484 0.02542 0.45973
0.40368 0.30807 0.10478
0.55548 0.80994 0.20597
0.24788 0.56424 0.98167
0.68935 0.51712 0.06703
0.55404 0.72879 0.53734
0.61861 0.62517 0.32433
0.50293 0.20977 0.92894
0.51888 0.24622 0.93189
0.51796 0.85108 0.82432
0.68379 0.79719 0.88640
0.59817 0.78684 0.13014
0.06624 0.76734 0.03972
0.19953 0.51426 0.85160
0.39517 0.52757 0.68020
0.84984 0.85201 0.83688
0.11473 0.09407 0.12703
0.69305 0.51443 0.59109
0.93556 0.04801 0.30532
0.38166 0.72628 0.45185
0.91311 0.02666 0.57496
0.64186 0.83651 0.77287
0.39364 0.58114 0.76512
0.53966 0.67460 0.42301
0.54286 0.72966 0.16808
0.39714 0.53481 0.06384
0.66467 0.01685 0.23094
0.36142 0.51917 0.08805
0.03677 0.71176 0.32090
0.29875 0.19087 0.50740
0.33621 0.72538 0.67018
0.24983 0.89344 0.97285
0.49815 0.20170 0.14570
0.54770 0.08261 0.16983
0.10402 0.57222 0.85819
0.31893 0.80299 0.39234
0.32617 0.11329 0.24097
0.30596 0.02686 0.43010
0.30792 0.28156 0.91856
0.24671 0.86619 0.10549
0.77446 0.68128 0.09814
0.95026 0.45392 0.33002
0.11836 0.80035 0.39392
0.50829 0.44457 0.75001
0.25248 0.37222 0.16269
0.04401 0.77678 0.02618
0.00243 0.68712 0.63935
0.20128 0.05268 0.86875
0.73218 0.98345 0.91898
0.98505 0.97745 0.80937
0.36816 0.79346 0.27405
0.50445 0.65665 0.72418
0.38524 0.19509 0.86012
0.19000 0.20198 0.24657
0.37766 0.00187 0.68358
0.96241 0.67039 0.39136
0.82351 0.68061 0.20142
0.76483 0.63666 0.23146
0.20090 0.65616 0.50753
0.36841 0.55956 0.88955
0.34898 0.58559 0.46057
0.29194 0.24705 0.69106
0.57930 0.40617 0.73070
0.20272 0.02143 0.60415
0.44141 0.20227 0.92275
0.72212 0.77359 0.44850
0.32259 0.23370 0.73585
0.79594 0.74441 0.86957
0.95230 0.83851 0.98591
0.87884 0.13806 0.49486
0.67475 0.82794 0.90619
0.26003 0.43348 0.77592
0.35950 0.16680 0.16795
0.13148 0.14497 0.51027
0.44788 0.47036 0.52964
0.48538 0.78211 0.57845
0.25059 0.00190 0.42195
0.88706 0.20053 0.78332
0.99673 0.65893 0.74110
0.76706 0.71607 0.52693
0.45866 0.81607 0.37002
0.09066 0.40360 0.14399
0.31891 0.26605 0.61336
0.82371 0.34752 0.21799
0.50963 0.68769 0.56751
0.86759 0.22565 0.38116
0.84763 0.42220 0.29568
0.17654 0.92138 0.35380
0.27498 0.01027 0.13978
0.79604 0.29447 0.55397
0.07731 0.25119 0.72092
0.11416 0.30018 0.67120
0.54415 0.55861 0.98051
0.35895 0.54656 0.97819
0.98932 0.04381 0.62696
0.29893 0.57907 0.80032
0.44239 0.33187 0.07149
0.75506 0.96353 0.90760
0.11547 0.77691 0.32568
0.51478 0.00892 0.65267
0.47385 0.06713 0.71095
0.66613 0.25930 0.27813
0.64588 0.60928 0.90605
0.36541 0.66146 0.86485
0.62574 0.59098 0.38351
0.02825 0.33671 0.76504
0.85686 0.73943 0.21187
0.93124 0.03005 0.07386
0.15164 0.63438 0.70888
0.78248 0.45159 0.25174
0.06563 0.12834 0.71044
0.26483 0.38265 0.04684
0.95141 0.12432 0.03011
0.36728 0.35826 0.53080
0.86496 0.19761 0.52146
0.97699 0.35078 0.21941
0.49985 0.13707 0.27670
0.76860 0.52355 0.77121
0.13510 0.55036 0.18722
0.96606 0.85350 0.22499
0.17764 0.59778 0.67569
0.83680 0.59371 0.40947
0.52361 0.48347 0.63899
0.60503 0.56554 0.41253
0.35878 0.79774 0.34625
0.93266 0.91766 0.43030
0.89412 0.71464 0.75008
0.98943 0.42431 0.99642
0.28837 0.64043 0.17848
0.58076 0.67966 0.99799
0.19693 0.08800 0.79511
0.61514 0.79984 0.24120
0.68329 0.87185 0.89028
0.08334 0.64755 0.63669
0.64563 0.57754 0.39379
0.45747 0.68121 0.76718
0.71245 0.16542 0.75897
0.25257 0.79912 0.50641
0.36902 0.88273 0.98684
0.06990 0.16865 0.99445
0.23289 0.16092 0.95711
0.63877 0.40860 0.87722
0.77231 0.38637 0.35710
0.68542 0.07924 0.22652
0.14354 0.02301 0.07068
0.69219 0.58252 0.60332
0.02691 0.18399 0.57202
0.04978 0.63464 0.85544
0.71538 0.52186 0.52055
0.01067 0.33879 0.84226
0.56271 0.91924 0.33703
0.34629 0.26796 0.93017
0.18733 0.83170 0.99058
0.39693 0.79719 0.78833
0.33447 0.60810 0.34927
0.05567 0.47519 0.72734
0.42368 0.13916 0.99417
0.57029 0.45090 0.47509
0.13776 0.20422 0.38607
0.54888 0.41877 0.91344
0.76850 0.86539 0.05576
0.53646 0.57808 0.42514
0.86973 0.74224 0.46933
0.73883 0.80602 0.62149
0.14673 0.15561 0.93965
0.89686 0.63749 0.03210
0.49647 0.24566 0.36440
0.48909 0.90876 0.04999
0.52123 0.72285 0.23687
0.66862 0.71358 0.19048
0.16589 0.62178 0.43593
0.98958 0.99367 0.12899
0.32715 0.91015 0.35758
0.83702 0.83399 0.79402
0.73230 0.50848 0.75612
0.23074 0.24626 0.75853
0.47459 0.76820 0.22046
0.07900 0.64556 0.71849
0.26248 0.52575 0.96665
0.41865 0.63054 0.95328
0.37932 0.64992 0.65543
0.44802 0.83489 0.11725
0.96143 0.31429 0.95251
0.67496 0.96830 0.24382
0.03604 0.88547 0.29829
0.61870 0.76304 0.77000
0.35139 0.99442 0.28284
0.35207 0.63179 0.68710
0.57760 0.70859 0.15653
0.91128 0.22603 0.21298
0.52625 0.10857 0.63169
0.51722 0.73183 0.86311
0.81624 0.74635 0.78381
0.08154 0.79923 0.45403
0.53427 0.51451 0.34198
0.32639 0.34330 0.84315
0.85401 0.02434 0.11143
0.25133 0.43745 0.84312
0.46973 0.81139 0.95541
0.34519 0.24891 0.00352
0.27243 0.62454 0.11644
0.12776 0.13668 0.92896
0.86454 0.27103 0.37070
0.04815 0.19998 0.91800
0.85752 0.11754 0.90078
0.30818 0.82857 0.88960
0.96317 0.77220 0.82446
0.27990 0.52872 0.08041
0.32874 0.81475 0.09998
0.17903 0.27672 0.92555
0.81021 0.38519 0.77852
0.37784 0.78065 0.65987
0.02994 0.19631 0.05120
0.17491 0.94893 0.46539
0.60775 0.90067 0.92912
0.71734 0.01987 0.77311
0.70049 0.22169 0.81860
0.71684 0.73498 0.18354
0.45608 0.12993 0.05942
0.42083 0.52099 0.54349
0.24887 0.82023 0.79290
0.13263 0.11905 0.95486
0.28795 0.70031 0.33214
0.75238 0.35822 0.27016
0.66961 0.31979 0.06310
0.59574 0.17296 0.79509
0.16643 0.62849 0.21201
0.20521 0.55782 0.15880
0.49206 0.80888 0.57199
0.81314 0.51000 0.51004
0.04803 0.39529 0.32220
0.24656 0.90269 0.45320
0.94593 0.90596 0.97587
0.67078 0.08352 0.91520
0.53657 0.33714 0.31017
0.65546 0.96963 0.64495
0.76830 0.67345 0.31319
0.55413 0.90599 0.02000
0.18436 0.33795 0.87759
0.68564 0.17196 0.83482
0.79237 0.22817 0.90017
0.13181 0.43526 0.04867
0.86202 0.49561 0.09555
0.55487 0.22065 0.04639
0.23788 0.18501 0.14644
0.56400 0.84819 0.93543
0.54168 0.34672 0.54846
0.77625 0.64118 0.07853
0.63856 0.13713 0.17390
0.29649 0.30875 0.70476
0.85299 0.19597 0.06370
0.30156 0.18241 0.76712
0.80007 0.78475 0.78483
0.27510 0.74793 0.79890
0.89083 0.61225 0.64913
0.60638 0.21827 0.05748
0.45065 0.82892 0.64998
0.00023 0.71822 0.77844
0.01312 0.65627 0.28616
0.81206 0.80311 0.37117
0.42847 0.52268 0.86126
0.27060 0.26329 0.19723
0.54763 0.81053 0.22313
0.40591 0.50542 0.68237
0.96475 0.93121 0.83378
0.26250 0.17162 0.31550
0.81994 0.65556 0.93105
0.63834 0.18875 0.32403
0.59998 0.67179 0.72333
0.42969 0.50064 0.34115
0.98232 0.43069 0.92544
0.49009 0.89624 0.57532
0.45264 0.73077 0.31854
0.12347 0.32675 0.94572
0.16847 0.24838 0.96695
0.86003 0.43447 0.53492
0.39881 0.13694 0.77108
0.86523 0.52664 0.94907
0.90577 0.53507 0.67261
0.94691 0.90359 0.20151
0.02095 0.09328 0.16255
0.10149 0.82700 0.67896
0.78231 0.57425 0.32662
0.94270 0.68520 0.55060
0.55640 0.84670 0.46181
0.10494 0.42322 0.13338
0.92854 0.13610 0.78327
0.00449 0.21764 0.87594
0.01145 0.76625 0.86091
0.60457 0.01012 0.66303
0.43659 0.65049 0.35730
0.44480 0.86682 0.48058
0.92852 0.89811 0.84991
0.66734 0.08731 0.12562
0.72288 0.33610 0.27582
0.31890 0.26790 0.35577
0.10699 0.52272 0.55868
0.54917 0.91322 0.47442
0.16445 0.31019 0.84874
0.75218 0.28025 0.34435
0.00524 0.33874 0.46134
0.84437 0.36470 0.35604
0.61911 0.71182 0.05468
0.53773 0.39190 0.48557
0.35541 0.37096 0.28505
0.03776 0.65014 0.48984
0.88179 0.73687 0.40382
0.81966 0.71714 0.44520
0.52073 0.99179 0.63559
0.31511 0.45506 0.13326
0.85572 0.74458 0.46019
0.21473 0.71931 0.02148
0.48211 0.63755 0.69401
0.07872 0.80049 0.59009
0.03378 0.16425 0.30154
0.34164 0.80638 0.38852
0.61659 0.66203 0.57805
0.40292 0.88540 0.50729
0.54619 0.97078 0.83642
0.98879 0.07960 0.71554
0.90014 0.23164 0.28499
0.75529 0.20133 0.16279
0.88246 0.87222 0.50650
0.10045 0.82131 0.55551
0.04002 0.07226 0.92358
0.11201 0.36698 0.50087
0.97683 0.87831 0.55278
0.67801 0.04267 0.17394
0.21765 0.48719 0.73424
0.30312 0.98136 0.60155
0.58869 0.63570 0.27548
0.02313 0.04059 0.70685
0.10804 0.86988 0.19372
0.45627 0.53530 0.44289
0.52841 0.18262 0.86849
0.68833 0.64757 0.74044
0.17595 0.51170 0.93401
0.14550 0.37432 0.08978
0.50501 0.48625 0.63932
0.78603 0.56095 0.80362
0.32509 0.48566 0.90646
0.92558 0.34594 0.32360
0.04801 0.84439 0.42199
0.59105 0.57519 0.81165
0.87916 0.72331 0.50432
0.85245 0.15621 0.88257
0.83995 0.45819 0.89081
0.50456 0.86184 0.27818
0.05832 0.64880 0.97631
0.99858 0.36504 0.46976
0.39192 0.90953 0.85575
0.89769 0.16656 0.90250
0.74463 0.62852 0.89696
0.95832 0.72574 0.87106
0.18675 0.96732 0.17816
0.33517 0.94511 0.58657
0.00847 0.11271 0.87906
0.32909 0.21534 0.00584
0.10012 0.28287 0.38214
0.48543 0.55589 0.68700
0.93317 0.31002 0.03224
0.80355 0.22694 0.55060
0.04076 0.26658 0.30756
0.13055 0.11369 0.04888
0.23803 0.23486 0.16851
0.80948 0.23352 0.92430
0.03783 0.18666 0.59628
0.58812 0.37754 0.72243
0.73809 0.74900 0.88088
0.95067 0.83683 0.78874
0.01302 0.22590 0.72958
0.97232 0.87242 0.42119
0.28350 0.97835 0.78530
0.19836 0.59503 0.61231
0.77171 0.86041 0.75514
0.00605 0.35743 0.31437
0.55266 0.84605 0.83256
0.68774 0.01185 0.44670
0.44025 0.86183 0.22344
0.34297 0.28612 0.78791
0.45685 0.04869 0.85017
0.17769 0.99039 0.95118
0.55668 0.14474 0.20237
0.93681 0.52178 0.77818
0.32275 0.81000 0.54281
0.49559 0.55222 0.18588
0.76086 0.62887 0.66291
0.53848 0.70758 0.00249
0.26532 0.97331 0.65280
0.13405 0.14758 0.35919
0.55197 0.51509 0.53592
0.91302 0.82688 0.09327
0.64438 0.14773 0.56310
0.61572 0.93675 0.84044
0.75049 0.07985 0.39288
0.75916 0.76262 0.70132
0.96251 0.22804 0.28709
0.23408 0.82135 0.26956
0.21376 0.53374 0.17017
0.95549 0.26781 0.72019
0.88832 0.87457 0.37633
0.92903 0.57829 0.53412
0.99808 0.56293 0.48576
0.06172 0.13843 0.58960
0.56609 0.01771 0.99013
0.45503 0.39751 0.08853
0.74568 0.32888 0.12664
0.72456 0.48852 0.92939
0.40579 0.18067 0.27093
0.83702 0.86388 0.72161
0.37679 0.42382 0.12882
0.87418 0.65756 0.34773
0.76262 0.78475 0.56336
0.23425 0.45765 0.22567
0.74881 0.39654 0.81190
0.42815 0.08462 0.71272
0.17369 0.14296 0.98885
0.38797 0.07094 0.56625
0.34278 0.68076 0.33387
0.84984 0.00512 0.29995
0.46351 0.41163 0.14596
0.38487 0.79208 0.13526
0.03054 0.14546 0.83765
0.81981 0.42481 0.67672
0.76772 0.08881 0.50653
0.79988 0.00414 0.99410
0.87731 0.82390 0.66279
0.80138 0.23965 0.92796
0.82673 0.00089 0.77117
0.95845 0.03822 0.32746
0.55229 0.06457 0.59558
0.01748 0.95772 0.38077
0.33166 0.96834 0.09637
0.72575 0.29546 0.13928
0.23776 0.52310 0.61718
0.46078 0.12984 0.46593
0.10879 0.42792 0.01874
0.80613 0.53032 0.94127
0.96786 0.27954 0.82119
0.03669 0.90915 0.03498
0.27287 0.89331 0.42015
0.59538 0.63426 0.35796
0.41703 0.32847 0.69264
0.20931 0.21941 0.42861
0.41085 0.00932 0.17729
0.11619 0.34307 0.97926
0.24882 0.13193 0.94192
0.92048 0.98083 0.04524
0.48266 0.49604 0.87068
0.52776 0.33621 0.97157
0.05709 0.93627 0.12348
0.61306 0.00030 0.19969
0.34364 0.10617 0.37693
0.91044 0.65143 0.71566
0.54445 0.18651 0.91113
0.59263 0.08449 0.86361
0.54837 0.11410 0.19159
0.58639 0.36934 0.87769
0.71181 0.27893 0.05810
0.10238 0.69033 0.68082
0.47928 0.30738 0.61696
0.38359 0.72644 0.35416
0.18610 0.13269 0.35425
0.91854 0.42806 0.57118
0.09773 0.91154 0.38950
0.75614 0.12202 0.68938
0.85778 0.21698 0.12766
0.03708 0.74706 0.98475
0.05875 0.38202 0.07630
0.96560 0.22676 0.26232
0.31157 0.25409 0.33028
0.00480 0.48216 0.28920
0.46646 0.51039 0.99918
0.10171 0.77065 0.49669
0.63575 0.17004 0.57138
0.62418 0.96211 0.19290
0.59097 0.51331 0.69947
0.83076 0.34286 0.00449
0.44975 0.07651 0.60691
0.29227 0.86985 0.21932
0.45106 0.03270 0.70847
0.96105 0.47470 0.68004
0.05108 0.65185 0.11668
0.93769 0.59492 0.97903
0.85523 0.00131 0.19443
0.01837 0.65883 0.65495
0.64026 0.55802 0.45136
0.20875 0.69842 0.07850
0.97711 0.09047 0.81988
0.17945 0.46646 0.90293
0.49887 0.47311 0.82060
0.49271 0.24273 0.40816
0.07953 0.37288 0.03072
0.72183 0.47998 0.02084
0.60187 0.91526 0.63228
0.64439 0.31261 0.16531
0.69035 0.27479 0.96242
0.65522 0.78110 0.09204
0.35914 0.99371 0.87505
0.95646 0.61234 0.20788
0.88532 0.24739 0.69793
0.49642 0.21944 0.77197
0.51040 0.96705 0.22863
0.51421 0.11347 0.64171
0.85501 0.24496 0.98066
0.71499 0.43646 0.11797
0.59744 0.61605 0.37733
0.19533 0.43317 0.94353
0.60005 0.84897 0.65471
0.29174 0.83313 0.36127
0.72953 0.27932 0.72969
0.54424 0.84009 0.18212
0.62223 0.90341 0.78747
0.38461 0.57195 0.77874
0.81007 0.38549 0.49760
0.18506 0.43675 0.28339
0.82658 0.32293 0.42298
0.74635 0.22587 0.07164
0.18049 0.43628 0.26530
0.92570 0.84453 0.76818
0.28371 0.86209 0.13138
0.62874 0.29030 0.62573
0.17631 0.29384 0.50486
0.87106 0.80430 0.63164
0.65282 0.38811 0.85182
0.49458 0.53353 0.99979
0.50642 0.53560 0.41456
0.48113 0.96257 0.63107
0.86305 0.02175 0.36161
0.63363 0.94206 0.52947
0.17373 0.55837 0.90602
0.00170 0.65342 0.86086
0.99645 0.08572 0.34915
0.13419 0.22562 0.84295
0.91368 0.06469 0.67498
0.88228 0.93639 0.95647
0.46768 0.08778 0.92351
0.27681 0.01118 0.42781
0.05444 0.11958 0.16816
0.68045 0.97499 0.69514
0.46213 0.97791 0.41586
0.73628 0.09993 0.24491
