0.87564 0.18310 0.46271 0.81580 0.36449
0.88051 0.51844 0.67719 0.44965 0.22886
0.08866 0.33340 0.81450 0.23752 0.23666
0.33756 0.17997 0.44265 0.29308 0.01602
0.63263 0.12478 0.11208 0.19402 0.76058
0.07331 0.37266 0.24213 0.34524 0.74781
0.84150 0.04510 0.21576 0.66287 0.16470
0.95344 0.46460 0.74914 0.49428 0.69392
0.87260 0.13611 0.06445 0.15172 0.78759
0.81517 0.82521 0.55328 0.82938 0.88593
0.69634 0.36515 0.53544 0.26670 0.36124
0.89128 0.24167 0.84753 0.77839 0.93583
0.70330 0.71832 0.42438 0.43035 0.08762
0.32096 0.37930 0.38935 0.78772 0.10249
0.57694 0.66484 0.92730 0.01671 0.55004
0.50057 0.79001 0.16882 0.27596 0.94693
0.01059 0.52024 0.15611 0.43663 0.74976
0.10056 0.64641 0.48009 0.07624 0.43923
0.27818 0.71214 0.83394 0.75402 0.16267
0.37347 0.27141 0.16471 0.45250 0.21364
0.35445 0.21385 0.43728 0.60534 0.63955
0.97022 0.79227 0.58976 0.83736 0.42655
0.97811 0.47827 0.47219 0.82500 0.53480
0.90937 0.65382 0.23068 0.23936 0.31860
0.88279 0.85265 0.02598 0.94550 0.61526
0.90032 0.62334 0.08399 0.25890 0.92479
0.23647 0.55669 0.86212 0.27868 0.70971
0.48006 0.82741 0.75685 0.85376 0.84386
0.36958 0.45456 0.72829 0.82916 0.11981
0.02348 0.67969 0.41101 0.15875 0.05777
0.22149 0.12536 0.78601 0.69382 0.33927
0.27348 0.75866 0.22534 0.46263 0.58824
0.43075 0.29790 0.33557 0.50499 0.76448
0.56496 0.12999 0.04841 0.46827 0.80365
0.88304 0.34237 0.81521 0.53543 0.23221
0.03322 0.61721 0.12309 0.91338 0.46351
0.04557 0.82445 0.29619 0.67234 0.15930
0.94594 0.58007 0.22506 0.09029 0.37132
0.29421 0.66739 0.10185 0.45244 0.09477
0.68371 0.43307 0.18121 0.08409 0.63841
0.28937 0.05535 0.49670 0.21573 0.43657
0.40049 0.87953 0.43156 0.82091 0.95459
0.07097 0.47527 0.03433 0.39664 0.42079
0.57598 0.24094 0.68839 0.51214 0.99343
0.48539 0.15591 0.99359 0.40955 0.13979
0.12344 0.34077 0.20742 0.24524 0.80728
0.21263 0.45172 0.13318 0.08779 0.76462
0.88600 0.75326 0.69922 0.04340 0.12087
0.69802 0.02858 0.33453 0.24393 0.75132
0.88660 0.99427 0.14105 0.96897 0.88412
0.58061 0.87161 0.29830 0.64842 0.19445
0.04517 0.51771 0.39513 0.62488 0.17470
0.38257 0.12020 0.49635 0.27134 0.08298
0.21288 0.68905 0.69430 0.96771 0.88471
0.79731 0.49489 0.08325 0.93691 0.47063
0.14116 0.27187 0.93501 0.22924 0.68854
0.96324 0.91266 0.56560 0.45943 0.65016
0.57132 0.09149 0.55761 0.45449 0.23555
0.22087 0.09969 0.97701 0.56386 0.10506
0.78678 0.34208 0.57060 0.38056 0.35048
0.14993 0.15784 0.25806 0.84789 0.70978
0.53371 0.41875 0.21890 0.22768 0.89686
0.63444 0.00898 0.32970 0.64530 0.37294
0.68212 0.37973 0.92449 0.02035 0.04416
0.65229 0.64668 0.17334 0.76807 0.88593
0.40403 0.61070 0.29104 0.98769 0.86820
0.13505 0.17425 0.92142 0.52503 0.09718
0.03532 0.47649 0.05703 0.89263 0.23964
0.23404 0.97060 0.06870 0.57932 0.17005
0.75825 0.01097 0.52626 0.46226 0.95277
0.60018 0.34627 0.73172 0.55552 0.36931
0.17085 0.46289 0.49751 0.40058 0.78943
0.28408 0.85418 0.18534 0.58962 0.85374
0.12223 0.53468 0.98631 0.00623 0.57676
0.61892 0.39848 0.30418 0.54528 0.40905
0.26368 0.53973 0.39349 0.88855 0.49621
0.84929 0.03379 0.03657 0.18782 0.78903
0.85388 0.96735 0.61157 0.68046 0.53162
0.89661 0.75924 0.11813 0.73565 0.67555
0.36679 0.78278 0.13301 0.91495 0.07115
0.06355 0.32714 0.16171 0.12033 0.26554
0.20638 0.68731 0.90291 0.94520 0.01430
0.64173 0.68739 0.31700 0.95702 0.16777
0.74557 0.37143 0.19538 0.01163 0.00250
0.84519 0.05469 0.17445 0.17567 0.77539
0.29164 0.30967 0.62509 0.24599 0.41959
0.12289 0.87583 0.12344 0.93703 0.01673
0.41332 0.03482 0.40990 0.31375 0.09453
0.57716 0.35030 0.65460 0.60160 0.50659
0.11589 0.38478 0.35163 0.99797 0.08016
0.36394 0.56990 0.07001 0.89362 0.90085
0.56805 0.96363 0.52420 0.83440 0.26652
0.68540 0.65038 0.40529 0.69201 0.99044
0.62736 0.80535 0.30867 0.57914 0.45334
0.74492 0.35142 0.02959 0.77264 0.07301
0.96624 0.01985 0.81252 0.59049 0.65185
0.88521 0.20496 0.54709 0.39830 0.65565
0.43861 0.31015 0.39504 0.12757 0.25794
0.25262 0.89598 0.80744 0.84191 0.73122
0.48921 0.63973 0.21641 0.61358 0.02659
0.13903 0.83008 0.76119 0.65001 0.72314
0.67167 0.33868 0.39327 0.93759 0.59133
0.43771 0.78347 0.53845 0.94531 0.03970
0.40904 0.39435 0.06744 0.22687 0.58863
0.39844 0.02363 0.36989 0.78835 0.46834
0.66506 0.81998 0.96071 0.42683 0.81925
0.64163 0.43200 0.36263 0.97735 0.96601
0.20232 0.26652 0.07913 0.90144 0.57420
0.84953 0.85641 0.50699 0.17033 0.16832
0.36312 0.80324 0.95480 0.34036 0.10425
0.29865 0.39493 0.52066 0.02046 0.28164
0.43750 0.83460 0.25144 0.06452 0.82416
0.82617 0.15284 0.34348 0.46101 0.01155
0.81310 0.71824 0.11057 0.76846 0.04158
0.40828 0.06323 0.30488 0.14417 0.11137
0.70957 0.77291 0.66130 0.02605 0.14688
0.20207 0.00529 0.37181 0.74955 0.08811
0.35568 0.27477 0.41070 0.68222 0.47069
0.06897 0.19052 0.70977 0.51888 0.09119
0.03728 0.57467 0.79671 0.56740 0.86197
0.72571 0.10465 0.47252 0.44439 0.24712
0.29304 0.28199 0.35586 0.05877 0.50525
0.13179 0.15357 0.87659 0.43758 0.49836
0.53366 0.28848 0.61419 0.90889 0.36752
0.07118 0.77795 0.10655 0.32051 0.90309
0.02080 0.76889 0.43204 0.71538 0.66120
0.26420 0.55355 0.93295 0.38104 0.05758
0.16856 0.23163 0.19820 0.53157 0.29399
0.81847 0.80005 0.51566 0.13746 0.94058
0.34371 0.07655 0.01772 0.99446 0.13649
0.69020 0.11522 0.50692 0.28517 0.32967
0.83670 0.34147 0.16858 0.23711 0.19721
0.75161 0.97918 0.82717 0.46657 0.23088
0.86628 0.75223 0.53941 0.45887 0.29702
0.60503 0.68100 0.12905 0.73645 0.63716
0.09232 0.23334 0.45496 0.33138 0.25874
0.85288 0.78389 0.40873 0.46791 0.06002
0.65147 0.89797 0.74940 0.14446 0.21030
0.13113 0.80814 0.31432 0.43931 0.51088
0.78189 0.57298 0.96495 0.77605 0.34678
0.76158 0.09582 0.58362 0.55285 0.57969
0.23978 0.44797 0.44602 0.63456 0.39080
0.83959 0.82365 0.41710 0.51751 0.12929
0.70134 0.99748 0.18527 0.58971 0.76128
0.21217 0.11086 0.38702 0.31182 0.46874
0.72626 0.40438 0.64949 0.82515 0.54447
0.12899 0.07634 0.70738 0.67603 0.77574
0.55187 0.47292 0.72067 0.06583 0.23701
0.32107 0.92361 0.99988 0.25356 0.28937
0.80014 0.24800 0.37099 0.40374 0.81498
0.88010 0.26566 0.14894 0.86485 0.39793
0.27578 0.62456 0.67796 0.27420 0.99557
0.89703 0.62657 0.85346 0.93922 0.02779
0.82419 0.39890 0.05316 0.98521 0.47037
0.39583 0.12080 0.60736 0.67848 0.14201
0.33080 0.34853 0.77072 0.41960 0.73512
0.68145 0.07812 0.47340 0.34935 0.07020
0.84339 0.05583 0.77953 0.18016 0.43459
0.81045 0.86754 0.70375 0.68157 0.99864
0.00195 0.00536 0.46782 0.86908 0.20011
0.70755 0.55945 0.62672 0.61927 0.85851
0.21919 0.11657 0.39943 0.93016 0.95250
0.36759 0.54423 0.93830 0.02029 0.10686
0.25533 0.53068 0.52123 0.95896 0.58897
0.21105 0.96431 0.38206 0.09624 0.97261
0.67496 0.98905 0.19449 0.40853 0.65931
0.51115 0.00134 0.94141 0.03036 0.27276
0.35420 0.08812 0.04676 0.04794 0.95837
0.82406 0.82960 0.90527 0.60702 0.58051
0.66975 0.50665 0.39065 0.90815 0.11149
0.08249 0.34762 0.47950 0.08350 0.94521
0.15365 0.52769 0.05116 0.87839 0.70320
0.86539 0.23918 0.83777 0.01913 0.24191
0.75021 0.06238 0.45287 0.08231 0.94276
0.37331 0.56777 0.41448 0.85371 0.26145
0.00697 0.21104 0.69297 0.00454 0.38009
0.39458 0.77593 0.75595 0.66566 0.41819
0.99476 0.80421 0.64180 0.52304 0.51413
0.65299 0.53820 0.32780 0.19804 0.84370
0.73940 0.87204 0.69981 0.68793 0.51096
0.06747 0.25984 0.13667 0.77520 0.01318
0.82014 0.90192 0.90169 0.56978 0.81630
0.47742 0.91852 0.32460 0.28330 0.29714
0.73280 0.32498 0.59074 0.35551 0.41367
0.82212 0.53615 0.84442 0.92638 0.99611
0.87710 0.78777 0.27895 0.16373 0.93979
0.38434 0.55960 0.67177 0.47716 0.96952
0.20943 0.30732 0.78804 0.82590 0.11208
0.37496 0.31063 0.24098 0.31568 0.25023
0.22893 0.19496 0.52889 0.01976 0.55567
0.36110 0.50802 0.07219 0.39207 0.94873
0.86563 0.32654 0.49358 0.90484 0.28891
0.27544 0.98322 0.34100 0.29603 0.55637
0.89009 0.61238 0.76174 0.53937 0.12386
0.65804 0.28768 0.93720 0.63492 0.47796
0.03563 0.89518 0.25948 0.03340 0.67874
0.92371 0.24115 0.07219 0.44173 0.23456
0.56182 0.54966 0.21111 0.51293 0.72350
0.92518 0.14449 0.78467 0.57514 0.32663
0.03085 0.93848 0.07233 0.29215 0.26274
0.97366 0.95958 0.39490 0.92966 0.29426
0.04022 0.29257 0.85297 0.57110 0.90526
0.05910 0.37670 0.96253 0.80549 0.76858
0.89571 0.76431 0.74420 0.39951 0.45224
0.13665 0.77319 0.48931 0.79841 0.45168
0.53577 0.19275 0.45029 0.23834 0.30595
0.52066 0.98866 0.66634 0.74038 0.40364
0.07041 0.96357 0.67442 0.10178 0.01893
0.79930 0.66546 0.31619 0.51447 0.15334
0.48291 0.87318 0.04294 0.43026 0.38297
0.35496 0.15821 0.75799 0.68903 0.49812
0.28751 0.32979 0.40414 0.43206 0.95314
0.70447 0.29744 0.34481 0.49215 0.79372
0.76436 0.64242 0.45158 0.05260 0.33852
0.04458 0.22687 0.26337 0.57804 0.54527
0.33937 0.55546 0.08253 0.39314 0.65201
0.70531 0.03014 0.56205 0.04925 0.09059
0.00561 0.38315 0.01964 0.22238 0.60943
0.52052 0.53919 0.95192 0.41223 0.14376
0.65330 0.78782 0.79379 0.80399 0.57142
0.97276 0.58253 0.62933 0.43327 0.07175
0.57520 0.47862 0.40329 0.42407 0.94484
0.59038 0.57187 0.67789 0.54212 0.95306
0.59711 0.19951 0.26610 0.47899 0.65733
0.56799 0.84032 0.42728 0.28242 0.06356
0.90270 0.16818 0.16864 0.64252 0.09480
0.24500 0.32105 0.59970 0.29559 0.36936
0.08485 0.18960 0.43642 0.80072 0.72396
0.37357 0.79251 0.74977 0.85428 0.86680
0.03230 0.69718 0.15154 0.76183 0.80229
0.82592 0.45970 0.79195 0.89602 0.00388
0.61937 0.76776 0.70694 0.75751 0.17618
0.54941 0.69037 0.37368 0.73167 0.42995
0.04816 0.85697 0.76463 0.59584 0.07536
0.44146 0.44776 0.28891 0.46200 0.91715
0.03087 0.71320 0.44887 0.90185 0.71940
0.47967 0.96426 0.63971 0.07460 0.59070
0.57331 0.47966 0.58854 0.41097 0.25976
0.79846 0.02044 0.41115 0.55220 0.38977
0.86995 0.78589 0.41148 0.02100 0.74240
0.84121 0.39020 0.32202 0.14491 0.82729
0.14532 0.97792 0.84988 0.86471 0.96123
0.25733 0.82822 0.43628 0.28602 0.90779
0.07848 0.01973 0.90654 0.46238 0.95405
0.84389 0.88815 0.89472 0.19679 0.07769
0.51231 0.04641 0.97396 0.74493 0.72909
0.27897 0.92604 0.29848 0.32143 0.63568
0.16152 0.84458 0.71019 0.32978 0.18240
0.87441 0.46370 0.29469 0.54736 0.86333
0.61751 0.75696 0.41195 0.96783 0.23741
0.18102 0.11743 0.40699 0.64242 0.31183
0.81594 0.75283 0.52547 0.15428 0.57495
0.85872 0.55186 0.99012 0.69743 0.08388
0.08093 0.35974 0.67016 0.29817 0.30335
0.84309 0.06275 0.07943 0.74690 0.65590
0.08622 0.33058 0.00978 0.55325 0.57475
0.92202 0.03414 0.37084 0.25415 0.76920
0.78937 0.44318 0.66935 0.78918 0.26791
0.41970 0.23165 0.09797 0.86982 0.74355
0.02291 0.85357 0.96250 0.79276 0.65131
0.09412 0.68531 0.44681 0.77953 0.30314
0.15065 0.50185 0.58894 0.79916 0.18450
0.48100 0.64323 0.93884 0.20625 0.36569
0.63845 0.83414 0.72356 0.74914 0.70939
0.36565 0.93456 0.78023 0.18124 0.56244
0.11359 0.87048 0.81574 0.13701 0.23028
0.53805 0.28515 0.67299 0.21031 0.76201
0.43260 0.88732 0.99078 0.50514 0.56652
0.84808 0.00137 0.28901 0.60727 0.73113
0.85260 0.56583 0.48017 0.28299 0.53359
0.31102 0.19828 0.84822 0.63878 0.93620
0.15770 0.11357 0.38200 0.85167 0.12719
0.89281 0.38612 0.45948 0.16825 0.41524
0.40020 0.51466 0.91233 0.53118 0.10174
0.52354 0.35085 0.92932 0.38154 0.23569
0.54495 0.29117 0.73447 0.25004 0.47243
0.35209 0.08091 0.42997 0.46559 0.94988
0.25342 0.81327 0.11874 0.39732 0.96457
0.82366 0.22778 0.49626 0.86559 0.41515
0.46332 0.95972 0.80860 0.65954 0.78752
0.86619 0.19162 0.60955 0.27016 0.81230
0.06844 0.03324 0.68982 0.50034 0.89620
0.03478 0.29098 0.23743 0.19287 0.35486
0.72764 0.43600 0.32827 0.14054 0.04004
0.66714 0.02888 0.36334 0.81942 0.62861
0.02926 0.64776 0.57204 0.63816 0.13117
0.79030 0.05004 0.74352 0.86695 0.09717
0.96884 0.89887 0.70854 0.42574 0.24387
0.14111 0.44799 0.79551 0.40787 0.64446
0.67472 0.15625 0.19009 0.86407 0.14138
0.41269 0.31677 0.11638 0.60794 0.19972
0.65280 0.08829 0.42817 0.47213 0.19870
0.57823 0.69871 0.15087 0.24796 0.22877
0.24317 0.80849 0.40899 0.96051 0.07293
0.80681 0.79442 0.17163 0.39659 0.54683
0.17248 0.76592 0.75389 0.02892 0.76272
0.26551 0.06473 0.89348 0.60645 0.78238
0.29647 0.70018 0.20158 0.39144 0.36209
0.30638 0.49776 0.37187 0.31140 0.08881
0.38623 0.27580 0.03290 0.53335 0.69643
0.29165 0.31616 0.64622 0.89634 0.10249
0.51170 0.17209 0.78091 0.24173 0.78101
0.12411 0.60090 0.93434 0.53589 0.31038
0.16415 0.50785 0.26292 0.93452 0.21828
0.62848 0.29071 0.73835 0.47580 0.32005
0.13467 0.75630 0.37745 0.75745 0.48983
0.81484 0.39523 0.90357 0.63282 0.64774
0.58113 0.30067 0.92533 0.01296 0.48550
0.04331 0.90245 0.21729 0.34749 0.41049
0.25714 0.36616 0.21989 0.34934 0.31532
0.35325 0.86680 0.50438 0.99132 0.27327
0.03612 0.06528 0.93607 0.26793 0.89925
0.33534 0.75240 0.37488 0.12396 0.81974
0.43397 0.54381 0.14313 0.69740 0.06423
0.20476 0.44165 0.32304 0.67836 0.98928
0.04909 0.30775 0.76309 0.22397 0.68561
0.42056 0.55612 0.79682 0.35685 0.16120
0.82791 0.81099 0.94895 0.71902 0.80201
0.20567 0.75323 0.67288 0.23780 0.72169
0.28448 0.91931 0.55290 0.83128 0.98950
0.36852 0.48083 0.14324 0.02991 0.98046
0.47256 0.82943 0.77997 0.84227 0.81810
0.18213 0.31198 0.60368 0.92764 0.00252
0.65421 0.09694 0.33138 0.13426 0.20570
0.13000 0.38468 0.01757 0.06083 0.44695
0.39530 0.53238 0.15805 0.96293 0.53918
0.94543 0.23478 0.15378 0.45897 0.89416
0.97782 0.20071 0.01805 0.86447 0.28865
0.33321 0.51299 0.36843 0.83770 0.09327
0.71596 0.76118 0.32240 0.88735 0.58117
0.65779 0.74483 0.01442 0.47567 0.27558
0.62053 0.22014 0.39290 0.80141 0.06029
0.89495 0.17067 0.23398 0.15510 0.47239
0.29761 0.10376 0.41324 0.44070 0.18384
0.79267 0.07528 0.46988 0.35116 0.46173
0.08353 0.37237 0.62297 0.54028 0.44278
0.07725 0.47128 0.59647 0.48660 0.47053
0.54540 0.11563 0.35691 0.76790 0.65303
0.48257 0.22510 0.79801 0.84289 0.48605
0.33845 0.37745 0.96564 0.41046 0.14755
0.99507 0.81534 0.91931 0.43733 0.96236
0.69441 0.19738 0.03283 0.53767 0.13154
0.14778 0.98574 0.49231 0.33196 0.90280
0.54394 0.45979 0.23522 0.56856 0.85144
0.79373 0.30441 0.29409 0.06352 0.48159
0.99015 0.84160 0.76849 0.74457 0.89788
0.30600 0.49317 0.82867 0.66853 0.57142
0.65161 0.65129 0.37553 0.04567 0.71414
0.12340 0.79883 0.25949 0.26565 0.09006
0.75320 0.18768 0.10683 0.31703 0.57776
0.62615 0.68794 0.55764 0.78512 0.40492
0.71961 0.88077 0.99957 0.99596 0.83509
0.86525 0.62456 0.59580 0.28301 0.39630
0.75014 0.23009 0.70069 0.44194 0.85078
0.66374 0.88641 0.55629 0.10290 0.58259
0.77961 0.85579 0.76654 0.50431 0.59588
0.08016 0.63161 0.76172 0.01788 0.98681
0.24877 0.70315 0.08502 0.60128 0.32717
0.19295 0.97422 0.08169 0.03719 0.63943
0.71442 0.53300 0.58577 0.11925 0.65718
0.34893 0.19691 0.45799 0.10301 0.46694
0.39111 0.26752 0.74819 0.44200 0.57260
0.07918 0.12767 0.81719 0.35449 0.90247
0.50223 0.16833 0.40610 0.41559 0.98928
0.98957 0.16909 0.76699 0.48190 0.27645
0.62381 0.50281 0.78256 0.78771 0.85500
0.06552 0.87148 0.47861 0.90375 0.59697
0.04967 0.31310 0.42339 0.63841 0.65778
0.23404 0.55717 0.16483 0.24260 0.94352
0.60152 0.78275 0.23384 0.90268 0.61087
0.81766 0.82892 0.50353 0.65553 0.35958
0.29864 0.78058 0.70926 0.67243 0.85907
0.07101 0.55660 0.96121 0.81144 0.62914
0.22140 0.43018 0.76435 0.03106 0.55516
0.84714 0.87836 0.95751 0.09842 0.80366
0.98592 0.47426 0.65931 0.71565 0.10858
0.15563 0.78916 0.44055 0.32292 0.19556
0.55642 0.51485 0.38324 0.68591 0.27135
0.00791 0.68527 0.31316 0.83729 0.89103
0.38848 0.41543 0.10247 0.31500 0.80177
0.57264 0.35258 0.99393 0.97218 0.30808
0.61918 0.49807 0.87698 0.93664 0.34353
0.01943 0.40144 0.95560 0.22825 0.25237
0.86284 0.73421 0.93677 0.93258 0.81684
0.95201 0.03721 0.69520 0.84046 0.34549
0.77928 0.08018 0.90916 0.16342 0.80709
0.38968 0.61820 0.96532 0.20650 0.28173
0.96639 0.13016 0.93560 0.31055 0.81866
0.74156 0.23045 0.92486 0.26691 0.94237
0.03545 0.89793 0.98272 0.57894 0.07399
0.46846 0.35827 0.37624 0.07758 0.79740
0.79592 0.11030 0.27310 0.35436 0.94624
0.26714 0.77121 0.33910 0.92387 0.29724
0.34604 0.62533 0.09308 0.48364 0.72304
0.92892 0.09698 0.65015 0.79978 0.29801
0.87863 0.58528 0.38514 0.30904 0.50926
0.47337 0.92707 0.82847 0.60300 0.04199
0.40408 0.86237 0.69143 0.63624 0.82274
0.88208 0.93184 0.61940 0.57791 0.25246
0.07264 0.64719 0.13057 0.41001 0.09582
0.10327 0.87186 0.78028 0.22898 0.45201
0.09185 0.94248 0.02583 0.61923 0.81540
0.14882 0.56295 0.03890 0.69536 0.99619
0.09644 0.80405 0.98101 0.84901 0.40633
0.98051 0.45024 0.90306 0.39369 0.11122
0.96983 0.73767 0.13543 0.17412 0.34027
0.30470 0.86563 0.60449 0.15923 0.34378
0.57706 0.41013 0.81417 0.70780 0.46254
0.03408 0.55283 0.10603 0.13274 0.66168
0.17970 0.88957 0.19232 0.85518 0.25846
0.83756 0.45204 0.26410 0.67989 0.80953
0.18897 0.67686 0.25587 0.37231 0.22167
0.97845 0.99336 0.06396 0.38128 0.41729
0.30809 0.47257 0.82135 0.74454 0.69522
0.70825 0.80942 0.46764 0.00903 0.19097
0.69706 0.37121 0.95716 0.18966 0.49300
0.05209 0.52265 0.40606 0.93379 0.50538
0.89911 0.88987 0.29985 0.68038 0.82313
0.23633 0.41760 0.87313 0.36638 0.39037
0.76977 0.81335 0.70385 0.09034 0.47871
0.44241 0.86505 0.93833 0.88476 0.31520
0.45076 0.24531 0.35014 0.02724 0.18414
0.14823 0.90495 0.33851 0.76385 0.35739
0.16792 0.29504 0.27642 0.44694 0.65482
0.63121 0.82551 0.70572 0.62700 0.18249
0.17645 0.21920 0.79164 0.60856 0.95147
0.80236 0.76597 0.92977 0.59223 0.83845
0.46751 0.85608 0.06784 0.40372 0.21399
0.03680 0.38919 0.05353 0.98642 0.62497
0.52378 0.63007 0.89626 0.48434 0.33289
0.33052 0.31993 0.91782 0.79712 0.48586
0.48390 0.42386 0.78061 0.39581 0.55618
0.43583 0.20557 0.76318 0.44920 0.29958
0.17909 0.49385 0.60259 0.15482 0.15632
0.42658 0.54605 0.97253 0.54899 0.28540
0.58690 0.08262 0.47341 0.99248 0.31729
0.40397 0.91912 0.88577 0.37397 0.96537
0.72152 0.07993 0.36864 0.71927 0.23910
0.26861 0.29459 0.37291 0.55318 0.15499
0.92797 0.05278 0.91200 0.85485 0.58786
0.57188 0.39414 0.84682 0.56954 0.05096
0.18849 0.33300 0.39274 0.76870 0.88308
0.46818 0.59072 0.91765 0.83316 0.09099
0.64188 0.65048 0.44108 0.09640 0.38317
0.21930 0.90251 0.81255 0.10776 0.01659
0.82323 0.44376 0.26977 0.33640 0.33460
0.03898 0.01539 0.91977 0.20644 0.86576
0.85597 0.23420 0.85459 0.93584 0.61619
0.84300 0.83400 0.96040 0.31285 0.05155
0.64362 0.26551 0.27842 0.20045 0.27745
0.21805 0.49220 0.91376 0.17683 0.12771
0.12529 0.83648 0.68436 0.94517 0.32855
0.07126 0.34156 0.13357 0.42862 0.82096
0.16378 0.28166 0.97744 0.87940 0.93139
0.00914 0.85783 0.53530 0.84402 0.72840
0.12595 0.11672 0.75607 0.87066 0.81952
0.86807 0.42359 0.49796 0.56197 0.61593
0.04974 0.54206 0.40226 0.48598 0.96415
0.55987 0.27564 0.17740 0.14087 0.49879
0.88228 0.27035 0.69843 0.79870 0.79365
0.11263 0.88451 0.18801 0.54612 0.65171
0.21355 0.22629 0.82993 0.67226 0.65474
0.38947 0.93357 0.54022 0.97903 0.51916
0.60463 0.27954 0.20511 0.15079 0.50216
0.07724 0.34303 0.41180 0.93588 0.37808
0.00191 0.04974 0.37724 0.23300 0.39862
0.88814 0.26164 0.12415 0.21597 0.18504
0.70183 0.65616 0.53640 0.10742 0.76611
0.57274 0.27409 0.96061 0.39689 0.18339
0.00594 0.82634 0.94043 0.88883 0.89136
0.75980 0.93184 0.82446 0.61033 0.62201
0.95310 0.53301 0.47416 0.43447 0.76634
0.12853 0.50508 0.61687 0.78816 0.15114
0.02331 0.33894 0.06683 0.25115 0.27530
0.65519 0.43293 0.30387 0.38944 0.57482
0.17864 0.78681 0.42178 0.55631 0.72036
0.92729 0.37198 0.12183 0.29120 0.31169
0.18281 0.86584 0.70990 0.81850 0.02010
0.14814 0.49028 0.73964 0.69155 0.75397
0.56314 0.43366 0.47210 0.79932 0.78900
0.95210 0.48092 0.59171 0.32192 0.68938
0.94351 0.24132 0.74280 0.90296 0.92631
0.66290 0.02935 0.59898 0.40446 0.42015
0.61280 0.40244 0.30811 0.38932 0.69985
0.90868 0.59423 0.81102 0.93662 0.67632
0.27079 0.21709 0.42239 0.90164 0.88459
0.45632 0.64216 0.20080 0.93520 0.28178
0.84101 0.10168 0.38773 0.51201 0.88578
0.84725 0.11544 0.24157 0.45550 0.29248
0.51151 0.72003 0.52521 0.41158 0.81696
0.69017 0.45007 0.63755 0.92683 0.04333
0.39901 0.17894 0.42561 0.68284 0.02947
0.92475 0.16384 0.19829 0.56681 0.94137
0.96766 0.08440 0.88758 0.64358 0.83829
0.90749 0.14534 0.51632 0.14722 0.35592
0.05234 0.76120 0.48258 0.08495 0.42058
0.99059 0.56613 0.21124 0.72687 0.49201
0.67428 0.04318 0.04815 0.13988 0.56312
0.01086 0.43628 0.45992 0.54876 0.29708
0.75726 0.18515 0.27575 0.10668 0.96098
0.38215 0.11380 0.96930 0.62520 0.05497
0.71345 0.15102 0.16377 0.73237 0.45910
0.54748 0.83411 0.33160 0.28530 0.10233
0.66511 0.53765 0.84228 0.94686 0.14231
0.61083 0.77069 0.62928 0.74025 0.81851
0.35941 0.80512 0.21495 0.59295 0.21608
0.66545 0.14232 0.93342 0.56825 0.08853
0.38362 0.49694 0.17003 0.43160 0.50101
0.60095 0.13454 0.63310 0.77269 0.08409
0.01143 0.60426 0.23434 0.63997 0.76636
0.65842 0.36839 0.98896 0.84010 0.65524
0.06239 0.70888 0.86674 0.37710 0.07430
0.19671 0.99104 0.37521 0.65897 0.21993
0.99469 0.91947 0.33399 0.43768 0.95693
0.66745 0.91058 0.56097 0.27178 0.07974
0.71337 0.79636 0.83362 0.72662 0.93348
0.02982 0.16433 0.28563 0.45962 0.82301
0.20279 0.83690 0.53365 0.01280 0.06712
0.47906 0.15010 0.07383 0.85176 0.59321
0.87413 0.72615 0.86059 0.38943 0.31714
0.06905 0.25835 0.80454 0.28936 0.59479
0.00188 0.95942 0.85366 0.51645 0.69565
0.81090 0.68849 0.70015 0.99847 0.51319
0.51621 0.73723 0.00067 0.85462 0.08143
0.92692 0.14146 0.88786 0.80665 0.43091
0.26443 0.08779 0.63092 0.27654 0.15497
0.95025 0.48994 0.64660 0.61128 0.94853
0.04681 0.60386 0.29464 0.47244 0.75790
0.90648 0.96074 0.53656 0.25806 0.02065
0.26896 0.58967 0.30901 0.58340 0.51557
0.34103 0.35232 0.14648 0.36679 0.41853
0.29456 0.54383 0.40634 0.41439 0.91863
0.21078 0.67273 0.93274 0.20338 0.63445
0.50191 0.14528 0.68966 0.12093 0.08536
0.77153 0.29454 0.39096 0.84462 0.47067
0.06712 0.33439 0.75167 0.87617 0.72001
0.79941 0.06043 0.86738 0.43404 0.46041
0.60804 0.93166 0.45403 0.60236 0.36535
0.41749 0.60487 0.05020 0.49895 0.07415
0.68578 0.94020 0.89674 0.44738 0.50295
0.70850 0.24778 0.05640 0.39451 0.73444
0.90436 0.48287 0.62566 0.73930 0.18066
0.42817 0.80774 0.60231 0.37392 0.85649
0.90810 0.70124 0.28234 0.07201 0.47717
0.52810 0.41314 0.58449 0.20809 0.19619
0.48282 0.74144 0.89692 0.83647 0.58663
0.37653 0.71847 0.59880 0.95449 0.60785
0.38981 0.93437 0.80036 0.71627 0.09411
0.46424 0.82416 0.47842 0.48764 0.81527
0.18893 0.86484 0.79850 0.78385 0.08077
0.21465 0.77935 0.24885 0.77165 0.04192
0.69523 0.37224 0.48677 0.94183 0.36655
0.85800 0.86427 0.27405 0.59896 0.94991
0.90348 0.70734 0.47696 0.14549 0.70618
0.23261 0.30431 0.12619 0.93439 0.37155
0.00218 0.07858 0.61991 0.13233 0.67231
0.22758 0.99406 0.11113 0.30469 0.06399
0.77543 0.11879 0.70098 0.66025 0.66131
0.14893 0.08313 0.52462 0.31999 0.11610
0.46092 0.16475 0.73902 0.16974 0.72453
0.43094 0.62178 0.29319 0.29103 0.09626
0.53500 0.00937 0.59389 0.66175 0.79181
0.36455 0.95808 0.34385 0.08180 0.16007
0.63938 0.02493 0.21692 0.70358 0.63695
0.29033 0.44472 0.53066 0.84121 0.93434
0.10747 0.37588 0.27066 0.44460 0.47405
0.12413 0.84486 0.47700 0.77247 0.71662
0.12865 0.13081 0.73325 0.07157 0.61168
0.59376 0.32230 0.43894 0.20060 0.58963
0.74370 0.71866 0.04989 0.68942 0.97339
0.51170 0.47246 0.94996 0.42783 0.18000
0.37541 0.11290 0.03155 0.48782 0.96482
0.68193 0.23466 0.99900 0.74546 0.00377
0.16946 0.66259 0.59488 0.35088 0.15394
0.81072 0.84209 0.53721 0.43739 0.93992
0.36327 0.51479 0.94268 0.08250 0.01164
0.28413 0.25316 0.48205 0.33992 0.35751
0.25430 0.92165 0.83384 0.63307 0.68168
0.39227 0.56295 0.46849 0.07647 0.43740
0.56761 0.80337 0.07267 0.84912 0.40065
0.73811 0.42722 0.14455 0.06768 0.01789
0.36103 0.95529 0.22327 0.68920 0.43086
0.41214 0.08415 0.20087 0.90215 0.84625
0.33333 0.91294 0.29344 0.77519 0.40769
0.75960 0.85853 0.74528 0.99957 0.89077
0.24219 0.31841 0.65018 0.38532 0.62359
0.51991 0.41337 0.94956 0.95679 0.09691
0.58963 0.70846 0.43954 0.19461 0.23920
0.03620 0.33412 0.39119 0.73365 0.78278
0.40372 0.49988 0.62141 0.23639 0.05455
0.05386 0.28201 0.08492 0.06691 0.59162
0.11159 0.02733 0.97268 0.54553 0.34564
0.57798 0.79576 0.46553 0.96901 0.29940
0.12254 0.71718 0.50985 0.00177 0.28039
0.52917 0.54475 0.96393 0.06632 0.84241
0.58924 0.88188 0.51902 0.14777 0.37566
0.51444 0.55128 0.20001 0.42959 0.19646
0.29805 0.93897 0.48813 0.84877 0.76483
0.23763 0.14165 0.17417 0.78155 0.79258
0.56066 0.26296 0.04940 0.67328 0.78151
0.22436 0.74206 0.30490 0.42867 0.25851
0.98682 0.01388 0.33739 0.09976 0.69992
0.18620 0.32278 0.62154 0.45868 0.73030
0.48517 0.28849 0.53463 0.10693 0.40872
0.64920 0.46447 0.79884 0.20609 0.62470
0.70723 0.33017 0.72169 0.63927 0.62051
0.79098 0.36748 0.39110 0.70540 0.09023
0.47070 0.33234 0.84530 0.09712 0.17961
0.23843 0.01646 0.21528 0.06441 0.33902
0.65132 0.46898 0.20013 0.13014 0.42267
0.22411 0.49076 0.86597 0.57086 0.20207
0.06307 0.74766 0.30225 0.40183 0.61956
0.52819 0.56386 0.12723 0.56391 0.88973
0.61175 0.35451 0.12838 0.41139 0.53367
0.96582 0.12766 0.60176 0.44299 0.18398
0.72690 0.50847 0.45195 0.81973 0.42670
0.22404 0.26057 0.05181 0.82785 0.67884
0.63549 0.56785 0.80931 0.28378 0.32053
0.01112 0.94192 0.62634 0.83591 0.31181
0.90444 0.47335 0.10698 0.64771 0.79510
0.08632 0.66651 0.36345 0.43793 0.27577
0.21830 0.40248 0.60178 0.07506 0.19071
0.42712 0.06085 0.23402 0.60230 0.35887
0.31748 0.34867 0.30322 0.31977 0.62823
0.68070 0.46155 0.58200 0.69688 0.82028
0.73098 0.76781 0.47490 0.30234 0.53277
0.14809 0.12621 0.07531 0.13005 0.05100
0.00352 0.50194 0.63162 0.61487 0.51681
0.44969 0.31592 0.44447 0.50414 0.17031
0.93448 0.77176 0.69421 0.26110 0.02237
0.79685 0.80648 0.73477 0.21322 0.92913
0.29996 0.52342 0.40920 0.84172 0.85347
0.49007 0.57279 0.79351 0.06298 0.07452
0.80655 0.74847 0.31485 0.43101 0.25833
0.54555 0.27901 0.98058 0.07888 0.85300
0.02213 0.73766 0.82633 0.64848 0.03590
0.15041 0.95727 0.42769 0.23523 0.69653
0.63640 0.90065 0.44307 0.14401 0.44807
0.44014 0.15436 0.07116 0.49111 0.29796
0.03243 0.97208 0.05633 0.98065 0.40210
0.84216 0.89337 0.83422 0.54340 0.89033
0.99661 0.54805 0.11547 0.78099 0.34928
0.74636 0.14229 0.82459 0.70014 0.90987
0.74818 0.24072 0.51035 0.59692 0.10517
0.30496 0.09993 0.02627 0.54906 0.39144
0.06699 0.05125 0.95977 0.25391 0.24748
0.08159 0.56468 0.09125 0.91890 0.91060
0.30809 0.11480 0.08593 0.28650 0.45097
0.23372 0.97746 0.86571 0.90930 0.51900
0.95438 0.33046 0.62658 0.14067 0.65269
0.95554 0.88271 0.45051 0.97565 0.65057
0.25180 0.59008 0.36875 0.32971 0.53569
0.17971 0.43201 0.07017 0.18946 0.85046
0.72683 0.72054 0.27879 0.79803 0.46325
0.15691 0.83304 0.38278 0.92781 0.74336
0.49362 0.90992 0.81675 0.61826 0.19535
0.64890 0.91788 0.13475 0.81178 0.00690
0.87291 0.22611 0.70071 0.94862 0.87003
0.66783 0.82877 0.61120 0.16950 0.07361
0.79120 0.97555 0.27058 0.81504 0.36728
0.99165 0.37936 0.78433 0.39515 0.67693
0.81487 0.79894 0.34438 0.14106 0.36117
0.79605 0.27336 0.88290 0.71640 0.56379
0.64826 0.63952 0.76160 0.50679 0.97263
0.66987 0.66993 0.87478 0.08658 0.19886
0.60897 0.44141 0.76768 0.32090 0.96642
0.11458 0.00491 0.18560 0.16562 0.64059
0.42981 0.67406 0.16970 0.05242 0.50007
0.29099 0.79080 0.61381 0.20985 0.40378
0.68984 0.03845 0.58743 0.39967 0.48080
0.14146 0.36919 0.59685 0.56820 0.97385
0.42531 0.30201 0.45427 0.39538 0.87930
0.43441 0.16591 0.50793 0.51478 0.65987
0.86761 0.04557 0.78767 0.06347 0.69451
0.19292 0.24208 0.55702 0.57433 0.97922
0.15239 0.64284 0.03248 0.13854 0.40771
0.63988 0.75031 0.22385 0.09122 0.00226
0.27032 0.62912 0.08538 0.49806 0.90908
0.97406 0.56256 0.57510 0.06014 0.13209
0.52673 0.80033 0.03073 0.72836 0.83885
0.36250 0.17741 0.86294 0.53978 0.74627
0.35979 0.53951 0.79523 0.48616 0.07729
0.62469 0.07904 0.04542 0.26074 0.81742
0.99525 0.21141 0.72646 0.40780 0.61914
0.58082 0.45092 0.29816 0.80822 0.17192
0.13021 0.71999 0.31575 0.22272 0.31995
0.88627 0.68367 0.99192 0.23015 0.13969
0.25995 0.59475 0.92003 0.38808 0.77479
0.89999 0.84182 0.67025 0.28310 0.62980
0.88586 0.58867 0.54649 0.79862 0.39719
0.79655 0.78465 0.03618 0.26078 0.84323
0.09363 0.12893 0.74521 0.77485 0.28297
0.40607 0.99742 0.81357 0.80100 0.34481
0.25320 0.92268 0.83714 0.98194 0.12159
0.46675 0.97445 0.28656 0.04169 0.80669
0.81639 0.60095 0.61815 0.54914 0.67252
0.89878 0.76364 0.17115 0.58636 0.60735
0.70245 0.37440 0.41906 0.34866 0.95042
0.25587 0.12951 0.85229 0.79583 0.18652
0.04985 0.98323 0.06696 0.41208 0.84728
0.93728 0.07362 0.50703 0.63340 0.30090
0.15868 0.36261 0.10456 0.85535 0.88825
0.52893 0.83187 0.84128 0.82337 0.80353
0.41386 0.69013 0.21859 0.51136 0.48124
0.90173 0.19822 0.35341 0.43980 0.05638
0.72386 0.94228 0.18292 0.45409 0.65155
0.03616 0.12057 0.80592 0.98028 0.17208
0.93091 0.76206 0.79545 0.45500 0.47026
0.70230 0.19811 0.75801 0.55920 0.30241
0.29728 0.09495 0.47959 0.97397 0.36905
0.72076 0.07545 0.15031 0.71489 0.20050
0.54318 0.49713 0.11961 0.81892 0.34053
0.65763 0.01911 0.68864 0.38762 0.65286
0.20613 0.55030 0.35379 0.99767 0.66495
0.09630 0.92659 0.40987 0.88477 0.14128
0.90425 0.33414 0.34426 0.85513 0.38426
0.11172 0.88016 0.91477 0.28593 0.36762
0.61992 0.52641 0.04420 0.37607 0.78712
0.38205 0.14094 0.55650 0.99877 0.85312
0.33514 0.01128 0.13784 0.04371 0.68139
0.94014 0.58764 0.91910 0.78714 0.50055
0.27002 0.25078 0.66917 0.49724 0.18249
0.34102 0.11733 0.86721 0.26300 0.46537
0.48567 0.99880 0.36896 0.93966 0.58037
0.68708 0.66676 0.31827 0.83850 0.53562
0.51665 0.53799 0.30833 0.35188 0.78341
0.84309 0.31029 0.78725 0.25829 0.64131
0.05607 0.77907 0.50847 0.08118 0.12585
0.03934 0.95950 0.41390 0.35379 0.55236
0.50377 0.81589 0.28320 0.95248 0.75262
0.65452 0.19301 0.70989 0.11961 0.23637
0.31893 0.81489 0.07201 0.83996 0.98607
0.16284 0.43106 0.79360 0.94599 0.22726
0.62809 0.96127 0.78550 0.75763 0.32851
0.84632 0.77407 0.35068 0.92431 0.57543
0.36368 0.83125 0.37753 0.29978 0.33023
0.25267 0.86960 0.74773 0.25891 0.47679
0.12657 0.08504 0.86702 0.60934 0.66687
0.88094 0.69352 0.55767 0.84718 0.88461
0.92042 0.86853 0.04572 0.88948 0.65651
0.75851 0.57546 0.58222 0.58884 0.57488
0.53507 0.43509 0.57137 0.04572 0.06890
0.45974 0.73672 0.66022 0.99901 0.87093
0.30023 0.20459 0.49301 0.78290 0.70275
0.58565 0.25012 0.24721 0.86601 0.46236
0.95709 0.64362 0.48231 0.07389 0.53475
0.82039 0.03486 0.03969 0.36780 0.58578
0.74334 0.68486 0.73719 0.08524 0.05960
0.77807 0.71341 0.46376 0.41280 0.88012
0.73074 0.95214 0.79111 0.26000 0.45524
0.69835 0.82016 0.96120 0.05109 0.24327
0.22414 0.28918 0.19921 0.40590 0.84087
0.97708 0.67699 0.89917 0.35341 0.39484
0.20371 0.09678 0.60847 0.73571 0.75504
0.62393 0.84060 0.08948 0.60229 0.73604
0.76696 0.50919 0.61067 0.04106 0.68376
0.95689 0.64390 0.22527 0.94743 0.30154
0.30454 0.02608 0.18293 0.85498 0.11879
0.65417 0.71631 0.01810 0.98695 0.50843
0.74684 0.03996 0.79989 0.95031 0.98964
0.17817 0.65968 0.90507 0.98452 0.28806
0.74051 0.28993 0.95648 0.97405 0.25946
0.65891 0.80632 0.58490 0.70257 0.98941
0.25414 0.46305 0.30933 0.82119 0.78424
0.87178 0.30301 0.16625 0.89407 0.01935
0.84862 0.55484 0.43669 0.87469 0.90941
0.35609 0.52008 0.55845 0.36066 0.90593
0.55492 0.75091 0.23801 0.58018 0.31611
0.55815 0.82540 0.64426 0.54673 0.15255
0.08616 0.47675 0.94896 0.64129 0.60177
0.87782 0.70314 0.70250 0.03457 0.26505
0.37767 0.33708 0.81138 0.74569 0.68329
0.05492 0.69504 0.30187 0.36451 0.84436
0.18819 0.13153 0.72099 0.20703 0.60683
0.75823 0.56242 0.57088 0.22150 0.96453
0.90248 0.47031 0.49179 0.03455 0.20782
0.53998 0.76415 0.57569 0.87286 0.12470
0.71495 0.38390 0.70150 0.92931 0.70271
0.99097 0.40564 0.77782 0.53704 0.83839
0.04043 0.10152 0.48658 0.23844 0.98574
0.12046 0.58121 0.94273 0.00417 0.18886
0.36089 0.95675 0.87436 0.49103 0.95811
0.11347 0.24783 0.30064 0.02283 0.03694
0.67175 0.91278 0.30115 0.35232 0.58516
0.90983 0.50958 0.84575 0.54994 0.37180
0.73789 0.75708 0.14689 0.53388 0.12481
0.25181 0.22023 0.70329 0.41897 0.72166
0.12934 0.63516 0.33292 0.30583 0.36951
0.05011 0.46000 0.72674 0.13123 0.58642
0.27827 0.89906 0.63013 0.28209 0.53794
0.96308 0.44661 0.73593 0.90754 0.79473
0.84276 0.81235 0.77038 0.94056 0.35194
0.27946 0.41713 0.09641 0.23321 0.94485
0.90456 0.16829 0.83044 0.47820 0.54646
0.01996 0.59581 0.86204 0.59239 0.49376
0.46208 0.03748 0.56208 0.08897 0.29396
0.47560 0.09857 0.98466 0.22453 0.67519
0.41488 0.48720 0.89163 0.91367 0.50200
0.40818 0.05980 0.65508 0.70767 0.32146
0.14028 0.71066 0.97772 0.46203 0.56330
0.81060 0.07430 0.40092 0.73091 0.53853
0.54630 0.44077 0.00866 0.87417 0.14428
0.83895 0.26414 0.79202 0.31154 0.34147
0.46697 0.60810 0.14816 0.96822 0.66841
0.97708 0.83685 0.93915 0.52660 0.70805
0.36165 0.82102 0.34313 0.75465 0.96937
0.91330 0.55920 0.32185 0.94838 0.45841
0.99490 0.69629 0.67831 0.96117 0.45861
0.26733 0.24250 0.52660 0.49214 0.25759
0.68280 0.32559 0.62814 0.48750 0.33910
0.24751 0.56268 0.22062 0.96592 0.63971
0.32632 0.77841 0.79931 0.97201 0.74801
0.39625 0.61935 0.50817 0.30594 0.35303
0.51004 0.40913 0.28159 0.17098 0.34808
0.20032 0.66597 0.68179 0.31292 0.90237
0.02598 0.20247 0.69818 0.55447 0.05606
0.76646 0.70442 0.74941 0.47432 0.34688
0.82567 0.20985 0.80682 0.65153 0.40536
0.14906 0.80363 0.08128 0.52913 0.13963
0.10060 0.52101 0.63083 0.93059 0.08892
0.96831 0.48192 0.43777 0.33744 0.08866
0.18325 0.12075 0.56145 0.32927 0.33407
0.57503 0.82203 0.77679 0.91308 0.59234
0.83243 0.57690 0.91424 0.41771 0.74065
0.50755 0.95939 0.92120 0.38555 0.36570
0.84016 0.43286 0.98388 0.60849 0.81020
0.52131 0.43273 0.12342 0.72243 0.65755
0.43014 0.06250 0.06488 0.30374 0.68137
0.12446 0.29371 0.71576 0.37700 0.63171
0.48419 0.06378 0.75465 0.22407 0.76147
0.86696 0.40252 0.76814 0.42540 0.08187
0.16362 0.21319 0.81368 0.25357 0.83366
0.75319 0.84357 0.75638 0.73872 0.77650
0.16902 0.05214 0.82731 0.71167 0.34218
0.04771 0.92573 0.04740 0.81295 0.33147
0.18335 0.49523 0.19264 0.97624 0.65151
0.42757 0.14326 0.09061 0.36938 0.39550
0.02760 0.07358 0.93233 0.37997 0.45982
0.06196 0.58242 0.52163 0.62518 0.21596
0.38832 0.33416 0.16530 0.98279 0.87730
0.10425 0.27476 0.47953 0.42917 0.06607
0.46426 0.97377 0.32059 0.78164 0.23187
0.46953 0.21659 0.57291 0.14820 0.75274
0.58138 0.08183 0.78547 0.11379 0.21521
0.49578 0.00121 0.62311 0.11730 0.12682
0.53907 0.38172 0.80688 0.23475 0.64708
0.28337 0.57159 0.13517 0.74621 0.55883
0.28025 0.16498 0.23208 0.27264 0.82679
0.64673 0.60613 0.14178 0.67712 0.76213
0.52619 0.34283 0.24526 0.94703 0.18633
0.02904 0.40451 0.49948 0.17673 0.11576
0.73544 0.46927 0.86705 0.14244 0.62659
0.00836 0.60599 0.68621 0.04721 0.40003
0.53197 0.77508 0.68868 0.74606 0.63205
0.14073 0.58750 0.69664 0.35524 0.61107
0.15903 0.77657 0.12373 0.45221 0.78001
0.36026 0.51222 0.36101 0.99087 0.64097
0.93954 0.55490 0.56183 0.58178 0.16242
0.63383 0.07711 0.16817 0.96971 0.70074
0.28425 0.38698 0.25946 0.26420 0.48705
0.33172 0.23325 0.67563 0.64583 0.83056
0.44558 0.14219 0.24791 0.23178 0.86646
0.07061 0.56774 0.60818 0.41825 0.57526
0.74162 0.33177 0.27957 0.93461 0.13740
0.78195 0.84994 0.06934 0.17957 0.88944
0.16013 0.78695 0.08605 0.12794 0.05897
0.54090 0.85452 0.18566 0.31189 0.35710
0.31474 0.78522 0.95752 0.99522 0.44254
0.33541 0.05896 0.95666 0.02414 0.97922
0.71352 0.06469 0.33278 0.67758 0.02766
0.93503 0.94630 0.13225 0.95441 0.98386
0.45800 0.46429 0.86920 0.11270 0.50479
0.30529 0.47784 0.06994 0.21908 0.36649
0.12864 0.11849 0.57077 0.81119 0.10435
0.59955 0.98292 0.13808 0.18631 0.67302
0.61965 0.64602 0.35227 0.88505 0.35001
0.25744 0.64213 0.93218 0.91100 0.11154
0.52913 0.18096 0.84501 0.97635 0.27355
0.55260 0.38018 0.45046 0.53159 0.09509
0.60142 0.88609 0.51209 0.96544 0.48490
0.37080 0.34388 0.19697 0.95678 0.02948
0.41337 0.30243 0.26341 0.59810 0.39244
0.61857 0.64678 0.38378 0.14905 0.64516
0.14608 0.01577 0.25062 0.77366 0.79676
0.84694 0.80587 0.38797 0.25611 0.29267
0.77196 0.27464 0.74636 0.05459 0.32810
0.39243 0.98116 0.11592 0.89184 0.73071
0.49898 0.74335 0.02042 0.30727 0.79750
0.91951 0.44173 0.23750 0.60653 0.86114
0.20332 0.97606 0.54938 0.45524 0.06585
0.84790 0.56917 0.87138 0.91419 0.21234
0.62857 0.68065 0.59133 0.65969 0.93556
0.32241 0.02587 0.64198 0.82278 0.64282
0.21930 0.65432 0.45755 0.11194 0.48000
0.23602 0.32881 0.14676 0.06728 0.56747
0.26129 0.37755 0.06046 0.24079 0.07245
0.85285 0.20817 0.41783 0.33326 0.12453
0.27866 0.17863 0.96307 0.87913 0.96915
0.01460 0.75482 0.21335 0.23126 0.22535
0.09951 0.34682 0.70790 0.68285 0.02562
0.33103 0.48706 0.46933 0.43055 0.98588
0.45709 0.57886 0.28268 0.89922 0.44306
0.87765 0.44983 0.53469 0.57570 0.74512
0.87051 0.40040 0.04243 0.08348 0.31728
0.63962 0.53979 0.99363 0.33578 0.73136
0.70934 0.37595 0.87680 0.90188 0.36352
0.51497 0.90238 0.81698 0.41294 0.82852
0.35920 0.09802 0.38721 0.89623 0.82644
0.61754 0.38349 0.58081 0.60713 0.78862
0.06637 0.40450 0.74780 0.01201 0.83456
0.09494 0.77322 0.54033 0.54077 0.42493
0.57700 0.52715 0.69851 0.13157 0.61214
0.90900 0.96572 0.40686 0.76220 0.62492
0.82920 0.08736 0.24626 0.06996 0.04608
0.55820 0.29749 0.52950 0.69383 0.99646
0.29508 0.48854 0.46056 0.85881 0.57664
0.10607 0.77566 0.55243 0.41211 0.31252
0.06093 0.16386 0.18059 0.89142 0.04260
0.01583 0.54171 0.59184 0.05797 0.22220
0.38375 0.47401 0.78867 0.21557 0.75861
0.30499 0.39013 0.93514 0.05424 0.80277
0.67375 0.13571 0.83490 0.55814 0.74748
0.08289 0.32144 0.39823 0.40678 0.58752
0.96268 0.69026 0.14030 0.86503 0.80113
0.79405 0.84430 0.51779 0.93122 0.88084
0.66366 0.97498 0.72221 0.96662 0.38810
0.43145 0.13146 0.98197 0.17788 0.71778
0.13138 0.84726 0.47602 0.68813 0.43218
0.02331 0.17537 0.57800 0.50290 0.98955
0.58232 0.61124 0.93118 0.97825 0.11634
0.46137 0.28681 0.88922 0.00771 0.22598
0.76516 0.76578 0.03314 0.50362 0.61258
0.95066 0.26774 0.39785 0.95685 0.07193
0.88410 0.74844 0.39741 0.55024 0.96873
0.00705 0.80332 0.30408 0.21334 0.05285
0.80687 0.40195 0.32456 0.00044 0.89949
0.90131 0.91236 0.51756 0.18409 0.64670
0.08001 0.67775 0.85865 0.47383 0.19837
0.64115 0.24102 0.99075 0.85326 0.59574
0.82934 0.36433 0.69100 0.61564 0.82040
0.83064 0.86160 0.51821 0.94063 0.27076
0.88891 0.91863 0.61469 0.74787 0.65878
0.41666 0.66451 0.96850 0.66018 0.60544
0.48319 0.36843 0.03935 0.15940 0.27923
0.30676 0.10207 0.75781 0.40001 0.36503
0.67088 0.21154 0.66425 0.75650 0.64102
0.54523 0.71858 0.44487 0.26030 0.85446
0.24669 0.16907 0.89036 0.18394 0.67840
0.07904 0.63344 0.28105 0.51082 0.56169
0.37095 0.60445 0.49368 0.61059 0.94909
0.56353 0.52947 0.18214 0.29505 0.33069
0.72695 0.70718 0.54088 0.07954 0.43016
0.65819 0.76507 0.02681 0.06050 0.31211
0.71876 0.96344 0.46478 0.46573 0.10832
0.75483 0.20717 0.35889 0.22793 0.70673
0.73683 0.39250 0.84368 0.40186 0.83961
0.47438 0.36596 0.46581 0.85559 0.24967
0.76523 0.58869 0.75996 0.27309 0.29604
0.40841 0.24826 0.30745 0.89744 0.63188
0.11710 0.48785 0.42632 0.62748 0.13357
0.97790 0.92236 0.15597 0.23451 0.10707
0.32244 0.58620 0.82965 0.99272 0.88573
0.40497 0.08724 0.32322 0.43442 0.94397
0.78476 0.38641 0.52821 0.19311 0.38640
0.18887 0.00054 0.23816 0.22751 0.38713
0.62112 0.86894 0.85150 0.00598 0.43343
0.08429 0.56969 0.08297 0.45323 0.80353
0.66768 0.41457 0.09837 0.37428 0.18777
0.28917 0.00835 0.10142 0.44585 0.97944
0.73227 0.02554 0.36322 0.91602 0.11930
0.01785 0.37048 0.82630 0.50066 0.05050
0.49798 0.03736 0.27556 0.16739 0.55214
0.45806 0.56741 0.70757 0.53651 0.07296
0.16115 0.83940 0.71824 0.91375 0.45160
0.93395 0.44379 0.30009 0.20071 0.10840
0.72641 0.95664 0.44997 0.88877 0.90969
0.56586 0.56116 0.53369 0.01538 0.82934
0.29943 0.43342 0.70375 0.90672 0.23496
0.60104 0.21986 0.40209 0.54510 0.96859
0.16959 0.46377 0.75215 0.65339 0.85249
0.88111 0.09290 0.56293 0.97593 0.39011
0.17531 0.36547 0.02491 0.52130 0.33832
0.66468 0.42362 0.45622 0.31664 0.85974
0.29768 0.16476 0.26935 0.85152 0.59294
0.13855 0.48986 0.87727 0.32661 0.67641
0.16330 0.02823 0.34547 0.43993 0.28071
0.02272 0.47978 0.24307 0.41766 0.27161
0.73421 0.11256 0.64484 0.13703 0.67422
0.44182 0.76707 0.05770 0.95313 0.42864
0.94618 0.48811 0.92570 0.47251 0.97685
0.03249 0.24821 0.53258 0.76173 0.27585
0.44667 0.21663 0.43849 0.65176 0.40912
0.67190 0.97328 0.27599 0.36531 0.68109
0.53178 0.95197 0.64363 0.36687 0.50679
0.59743 0.11376 0.39426 0.33149 0.39172
0.29868 0.59334 0.61783 0.43430 0.11013
0.89355 0.81889 0.32052 0.39566 0.74572
0.24565 0.45501 0.44201 0.52014 0.93320
0.50248 0.01257 0.21032 0.00753 0.17756
0.83664 0.41229 0.32578 0.96956 0.22194
0.15911 0.33538 0.33589 0.66362 0.57152
0.46136 0.22203 0.66987 0.96421 0.10345
0.86684 0.50299 0.75752 0.43311 0.90630
0.04900 0.00384 0.50955 0.90380 0.01443
0.96946 0.61829 0.66555 0.20452 0.10655
0.84574 0.71557 0.65303 0.52199 0.58655
0.83886 0.60898 0.57648 0.77526 0.50581
0.46645 0.18801 0.15927 0.18209 0.51685
0.79282 0.29326 0.03244 0.92514 0.96182
0.51708 0.68732 0.93281 0.44159 0.56506
0.64929 0.52378 0.85404 0.82127 0.22868
0.67807 0.46851 0.73422 0.96112 0.37795
0.48431 0.76327 0.46035 0.25512 0.88586
0.50339 0.90309 0.61588 0.33428 0.11301
0.76179 0.44530 0.66440 0.13526 0.91942
0.56173 0.88685 0.28394 0.51550 0.14203
0.18438 0.28834 0.10020 0.43547 0.51281
0.47090 0.13590 0.68021 0.22086 0.05916
0.54891 0.17412 0.13244 0.22085 0.55334
0.55505 0.50229 0.86272 0.59321 0.63952
0.71838 0.96574 0.82442 0.27102 0.55055
0.26545 0.43223 0.21628 0.60221 0.95523
0.21484 0.40076 0.28398 0.33415 0.35730
0.86684 0.26970 0.33181 0.17691 0.36606
0.04686 0.15305 0.29364 0.93888 0.76883
0.24372 0.49923 0.81365 0.06438 0.87276
0.35298 0.54031 0.40700 0.95224 0.53372
0.41018 0.12939 0.13919 0.87296 0.61205
0.06187 0.08403 0.21199 0.48092 0.95110
0.58973 0.06184 0.45271 0.52066 0.66591
0.34562 0.64704 0.89501 0.44802 0.29642
0.74327 0.63350 0.37867 0.98219 0.64467
0.80552 0.98852 0.32201 0.15908 0.35586
0.32113 0.99365 0.10662 0.44527 0.65591
0.21993 0.40399 0.43266 0.35921 0.80117
0.71166 0.44789 0.37279 0.01449 0.21967
0.50519 0.78946 0.01686 0.85874 0.87771
0.23534 0.17269 0.97564 0.28426 0.94302
0.25112 0.36408 0.84719 0.48983 0.80946
0.88553 0.68239 0.24476 0.18640 0.24960
0.86471 0.78162 0.60150 0.84518 0.22660
0.79981 0.02144 0.22757 0.05220 0.01392
0.76657 0.42995 0.50534 0.33431 0.76614
0.32730 0.06768 0.46944 0.01623 0.93054
0.08605 0.00520 0.72844 0.80975 0.35073
0.56444 0.06257 0.12446 0.72012 0.96008
0.61335 0.80601 0.39672 0.20903 0.06461
0.88981 0.06926 0.96981 0.72421 0.40746
0.20523 0.55231 0.30177 0.96363 0.86391
0.38621 0.96018 0.57038 0.14268 0.58754
0.43347 0.10538 0.66440 0.58980 0.09542
0.82460 0.66069 0.96969 0.40722 0.87889
0.94975 0.38692 0.69531 0.89309 0.06551
0.26386 0.55481 0.10368 0.64177 0.18612
0.48508 0.76817 0.38363 0.77384 0.48443
0.16430 0.15545 0.54626 0.68523 0.13227
0.74438 0.00921 0.97507 0.33213 0.96261
0.09130 0.35853 0.23867 0.74372 0.77356
0.68274 0.58109 0.77449 0.23303 0.99621
0.90929 0.02980 0.12620 0.41962 0.13412
0.68350 0.75502 0.48175 0.68530 0.83980
0.90072 0.70612 0.32852 0.12089 0.84853
0.76379 0.47282 0.57178 0.62171 0.00940
0.43580 0.27910 0.76901 0.83505 0.20335
0.66492 0.39970 0.34285 0.45787 0.01863
0.89925 0.66433 0.62862 0.61016 0.77234
0.05064 0.03429 0.02856 0.36859 0.88389
0.71118 0.33381 0.75371 0.50168 0.75560
0.09046 0.49869 0.14147 0.88348 0.45632
0.97282 0.82902 0.54573 0.45551 0.79432
0.11471 0.52430 0.15755 0.23021 0.28232
0.67853 0.94625 0.12378 0.53866 0.45093
0.29316 0.81042 0.49496 0.01688 0.27481
0.98627 0.33688 0.06560 0.33365 0.66336
0.32072 0.57754 0.62990 0.38441 0.08062
0.94178 0.66984 0.74892 0.40688 0.39418
0.98392 0.48101 0.74057 0.07370 0.96888
0.85735 0.17431 0.28742 0.59895 0.87924
0.88329 0.50464 0.76116 0.07837 0.09135
0.55531 0.82460 0.73804 0.20338 0.54977
0.96998 0.54462 0.91441 0.31917 0.56542
0.81514 0.97892 0.37332 0.98376 0.25616
0.87481 0.07109 0.74685 0.17534 0.70425
0.89531 0.75814 0.32501 0.15202 0.33309
0.91971 0.78144 0.40092 0.60023 0.91147
0.34580 0.05012 0.39281 0.53740 0.92084
0.95716 0.92968 0.67612 0.01567 0.03472
0.11523 0.69980 0.22064 0.58804 0.38351
0.41769 0.96617 0.12160 0.76481 0.76707
0.06970 0.99328 0.30533 0.69669 0.30126
0.43220 0.68230 0.23809 0.86563 0.58359
0.11310 0.96718 0.62262 0.45897 0.04591
0.26471 0.29782 0.33875 0.40640 0.36983
0.93935 0.29733 0.07603 0.16334 0.08286
0.86255 0.79473 0.59475 0.83117 0.61415
0.70998 0.74706 0.48869 0.71076 0.02697
0.93655 0.12341 0.66818 0.70912 0.63445
0.48547 0.67498 0.32333 0.65574 0.64300
0.34351 0.67248 0.18720 0.74308 0.06616
0.64658 0.37352 0.76649 0.44287 0.74113
0.75648 0.04388 0.68861 0.41432 0.05938
0.00234 0.62838 0.46711 0.41755 0.38270
0.36970 0.41284 0.10978 0.10354 0.71725
0.94835 0.66969 0.00295 0.98541 0.72133
0.11969 0.76000 0.24724 0.22609 0.29469
0.90988 0.04482 0.67733 0.14775 0.21998
0.55763 0.50244 0.85994 0.47463 0.87947
0.82700 0.30303 0.72998 0.67978 0.71270
0.24479 0.14414 0.54491 0.40943 0.17117
0.96726 0.14323 0.60321 0.91006 0.49994
0.87224 0.73313 0.75817 0.47751 0.01541
0.47037 0.20621 0.30800 0.84134 0.71603
0.76798 0.84736 0.51981 0.25841 0.14831
0.81456 0.11094 0.34975 0.30841 0.02548
0.81573 0.28595 0.36509 0.18658 0.29257
0.14044 0.92525 0.91845 0.34282 0.05961
0.23867 0.15951 0.39403 0.08365 0.51980
0.42344 0.43423 0.18958 0.96395 0.24730
0.71057 0.99952 0.57928 0.59271 0.34902
0.29787 0.85089 0.72797 0.65737 0.08032
0.20477 0.14830 0.05420 0.26259 0.05651
0.52145 0.20290 0.05743 0.11956 0.10561
0.75507 0.91522 0.17550 0.95173 0.90992
0.58332 0.32707 0.64411 0.93517 0.74500
0.29663 0.22030 0.09288 0.23854 0.49342
0.80926 0.07161 0.05018 0.31513 0.79550
0.85243 0.42626 0.63334 0.81602 0.65895
0.74443 0.38301 0.77575 0.83870 0.66306
0.11037 0.36723 0.49774 0.60479 0.21518
0.86636 0.42064 0.66678 0.67346 0.73438
0.43996 0.72406 0.15022 0.69161 0.48768
0.67569 0.74944 0.57729 0.36493 0.08295
0.54299 0.57834 0.11219 0.71639 0.67130
0.70919 0.04984 0.63779 0.21994 0.90820
0.17793 0.06184 0.63319 0.05254 0.88311
0.86875 0.01961 0.09611 0.63588 0.23753
0.10124 0.80964 0.93177 0.23077 0.10312
0.24151 0.64830 0.24812 0.03693 0.92623
0.11475 0.30048 0.47432 0.67278 0.26134
0.54412 0.41091 0.07377 0.50977 0.21632
0.82813 0.18054 0.60450 0.00820 0.58644
0.20396 0.08961 0.19327 0.84961 0.57578
0.32402 0.47615 0.02489 0.51934 0.59068
0.19783 0.58119 0.10224 0.81883 0.30425
0.65657 0.59953 0.57252 0.02050 0.36955
0.43367 0.21843 0.85531 0.02589 0.71990
0.04310 0.28034 0.75846 0.31245 0.57783
0.83976 0.72128 0.11294 0.02237 0.04908
0.80282 0.81262 0.33059 0.35052 0.30332
0.16229 0.65108 0.80425 0.06932 0.47215
0.16461 0.79825 0.67694 0.86957 0.79317
0.46348 0.75091 0.07659 0.17563 0.45080
0.03885 0.71053 0.09076 0.01959 0.38285
0.06704 0.68693 0.88826 0.42410 0.90943
0.60178 0.01666 0.48960 0.48568 0.14718
0.41180 0.04399 0.51360 0.64893 0.94688
0.46082 0.23661 0.27213 0.34338 0.78783
0.26175 0.43136 0.36791 0.12826 0.92076
0.78687 0.01323 0.38649 0.14702 0.24698
0.84725 0.60181 0.55100 0.83138 0.51118
0.56421 0.26510 0.41241 0.91583 0.63784
0.18493 0.33592 0.21894 0.14647 0.36177
0.54011 0.08097 0.83654 0.84116 0.90250
0.89564 0.44407 0.97696 0.66990 0.11010
0.20024 0.89891 0.09699 0.56659 0.51912
0.69621 0.09805 0.56815 0.71996 0.41610
0.30011 0.58950 0.61107 0.75481 0.92389
0.67322 0.32898 0.61519 0.05831 0.08343
0.99663 0.31839 0.53857 0.67642 0.17818
0.45809 0.22984 0.12244 0.05041 0.54828
0.81652 0.39881 0.65957 0.46563 0.99993
0.56489 0.02851 0.39113 0.93072 0.22017
0.02770 0.45388 0.41610 0.25615 0.24808
0.14789 0.61194 0.97826 0.03172 0.70041
0.41440 0.87944 0.35548 0.42072 0.47639
0.30355 0.13995 0.51632 0.21743 0.65751
0.66213 0.25236 0.88062 0.57421 0.42602
0.70069 0.45771 0.27031 0.51574 0.47167
0.19538 0.20944 0.71417 0.57191 0.28312
0.03904 0.52069 0.99998 0.37371 0.36891
0.05106 0.43340 0.13336 0.39488 0.09004
0.91723 0.47757 0.05368 0.13316 0.89286
0.24368 0.13970 0.96351 0.92944 0.90633
0.28905 0.82212 0.88350 0.29440 0.37014
0.54300 0.34588 0.31937 0.30035 0.48632
0.78812 0.47724 0.63394 0.93188 0.14651
0.62818 0.13548 0.90576 0.21235 0.66589
0.38504 0.47460 0.36889 0.04574 0.47136
0.68887 0.90425 0.70356 0.55638 0.97897
0.17200 0.09501 0.07870 0.34922 0.49400
0.97995 0.10916 0.53673 0.49747 0.80310
0.88683 0.78282 0.44784 0.21476 0.21549
0.44489 0.60790 0.96937 0.39776 0.04813
0.54435 0.61148 0.22488 0.70161 0.68586
0.61850 0.83276 0.68944 0.56794 0.67199
0.85449 0.13615 0.61440 0.23500 0.00749
0.43948 0.78618 0.23101 0.40118 0.49176
0.25486 0.29630 0.91383 0.17384 0.91164
0.85234 0.32533 0.67589 0.49687 0.77552
0.29990 0.45290 0.81162 0.54416 0.57664
0.22431 0.23359 0.55264 0.03933 0.92701
0.80637 0.11012 0.89075 0.03856 0.72046
0.68729 0.86928 0.50269 0.29336 0.23118
0.85999 0.87381 0.13737 0.22495 0.70142
0.83542 0.80532 0.85458 0.98880 0.67061
0.01524 0.09686 0.87967 0.47238 0.75875
0.25106 0.74828 0.38839 0.12161 0.02530
0.31408 0.26561 0.25943 0.37139 0.19212
0.30630 0.32010 0.43815 0.81533 0.20863
0.15630 0.73442 0.16167 0.07896 0.38061
0.64740 0.77987 0.12091 0.89501 0.08987
0.50297 0.08689 0.29636 0.75849 0.43694
0.63152 0.94772 0.68878 0.80174 0.96363
0.29948 0.01689 0.79592 0.47256 0.85759
0.56970 0.32502 0.54567 0.13463 0.11240
0.70270 0.45264 0.61698 0.91120 0.54742
0.09721 0.52489 0.31206 0.30212 0.95966
0.39442 0.86684 0.13902 0.72931 0.03241
0.28015 0.10444 0.83433 0.39627 0.15273
0.87714 0.29144 0.55508 0.39780 0.46913
0.52049 0.52569 0.93002 0.24932 0.10331
0.39192 0.32612 0.64078 0.77406 0.09347
0.66367 0.53357 0.66320 0.36165 0.77159
0.65839 0.21706 0.10919 0.32627 0.18470
0.45323 0.56923 0.82898 0.38149 0.01241
0.23035 0.33826 0.85936 0.45238 0.71994
0.98520 0.89828 0.19239 0.11205 0.08388
0.22531 0.47706 0.77708 0.62832 0.23986
0.33500 0.35232 0.02241 0.22329 0.91398
0.36627 0.00750 0.97810 0.98725 0.60045
0.29966 0.67211 0.94047 0.04060 0.31658
0.47679 0.23880 0.48286 0.21154 0.51606
0.46748 0.83539 0.95043 0.16797 0.62246
0.47346 0.72599 0.90491 0.68760 0.66100
0.15729 0.12577 0.66344 0.85918 0.92389
0.84077 0.64290 0.44504 0.51352 0.27807
0.93438 0.77015 0.49568 0.07505 0.88236
0.78683 0.51138 0.43077 0.40242 0.86198
0.45437 0.60875 0.87744 0.44233 0.77344
0.64205 0.87072 0.34468 0.33084 0.79328
0.75047 0.34622 0.56136 0.26425 0.61760
0.47801 0.79482 0.27008 0.17334 0.61603
0.38835 0.02414 0.28166 0.99531 0.23409
0.51105 0.16799 0.02300 0.53889 0.36188
0.95065 0.00957 0.06872 0.08369 0.33794
0.89501 0.57115 0.04501 0.58038 0.34969
0.75215 0.97932 0.71722 0.58030 0.54503
0.31882 0.49751 0.91328 0.72772 0.50862
0.77079 0.77268 0.20767 0.28980 0.29839
0.63191 0.38154 0.78994 0.20702 0.87273
0.10862 0.34167 0.57834 0.46814 0.33354
0.87340 0.12374 0.46769 0.90203 0.78147
0.92050 0.02423 0.89690 0.68837 0.96360
0.79515 0.31562 0.87193 0.64589 0.26149
0.45821 0.98164 0.97750 0.76195 0.07821
0.31898 0.43413 0.63644 0.35900 0.86141
0.26837 0.63779 0.90544 0.81022 0.94094
0.00703 0.76257 0.30093 0.19256 0.93225
0.00048 0.43345 0.26467 0.89616 0.02434
0.02292 0.87686 0.86450 0.98012 0.50449
0.87935 0.45078 0.45045 0.74053 0.76563
0.85679 0.09296 0.39734 0.81312 0.72347
0.63324 0.49746 0.28983 0.15526 0.29317
0.13653 0.63334 0.60908 0.66536 0.79149
0.34117 0.60260 0.25760 0.22841 0.54152
0.75957 0.08954 0.20099 0.09554 0.93308
0.50708 0.02201 0.57519 0.68702 0.82174
0.47991 0.28710 0.60179 0.79887 0.04020
0.98854 0.23723 0.37987 0.47981 0.33078
0.74802 0.32761 0.15440 0.22877 0.61318
0.08841 0.38584 0.25174 0.66994 0.07148
0.36560 0.00079 0.52742 0.91272 0.18925
0.88606 0.28489 0.09177 0.92922 0.77251
0.34936 0.07224 0.10143 0.10180 0.84097
0.61985 0.70667 0.45911 0.71376 0.69469
0.58837 0.90718 0.95706 0.72784 0.20866
0.40075 0.87773 0.61902 0.75179 0.45094
0.21016 0.73994 0.09672 0.47673 0.22525
0.41976 0.02330 0.32023 0.94740 0.48282
0.62311 0.36779 0.48177 0.75802 0.71452
0.97313 0.35536 0.45284 0.19094 0.95896
0.74565 0.73529 0.33130 0.39376 0.38499
0.15420 0.32459 0.72396 0.45516 0.44331
0.42453 0.45126 0.35539 0.39085 0.63526
0.70392 0.51374 0.73702 0.88655 0.65389
0.45282 0.24177 0.98290 0.52948 0.39519
0.91261 0.30048 0.20186 0.51672 0.01090
0.49850 0.86750 0.57693 0.80568 0.91771
0.91053 0.88251 0.44999 0.92509 0.79461
0.06553 0.13805 0.32509 0.22343 0.67602
0.42331 0.55867 0.35969 0.41947 0.31542
0.54450 0.46890 0.26642 0.14046 0.87225
0.52504 0.66567 0.48012 0.71175 0.40510
0.89926 0.24512 0.65432 0.18654 0.83724
0.52853 0.75568 0.29829 0.60302 0.42114
0.77903 0.67315 0.94596 0.17543 0.87961
0.15101 0.56215 0.11192 0.96031 0.73617
0.23052 0.12924 0.90551 0.65284 0.24680
0.18818 0.34569 0.23630 0.02573 0.94426
0.06435 0.73534 0.68480 0.33926 0.98205
0.09092 0.67243 0.55188 0.79491 0.99405
0.63581 0.76303 0.57783 0.15876 0.43880
0.92299 0.26714 0.26639 0.56606 0.33842
0.82848 0.01883 0.93220 0.30349 0.87904
0.50817 0.84167 0.67725 0.53183 0.59921
0.32488 0.20295 0.58130 0.12262 0.33497
0.21200 0.49809 0.40423 0.25222 0.52002
0.79012 0.31774 0.92330 0.49990 0.66092
0.98665 0.87819 0.26646 0.14084 0.81738
0.08757 0.46556 0.43107 0.75319 0.87517
0.13017 0.53790 0.67799 0.87316 0.34089
0.68027 0.71944 0.55756 0.80240 0.18726
0.40463 0.71337 0.37543 0.20532 0.74070
0.45175 0.14196 0.83837 0.50425 0.11443
0.69394 0.71687 0.91169 0.33653 0.91153
0.94099 0.20193 0.84106 0.13912 0.90316
0.81987 0.77863 0.65033 0.46147 0.35986
0.70755 0.77884 0.20832 0.23940 0.58542
0.87816 0.17092 0.36747 0.38765 0.67815
0.59908 0.83991 0.91047 0.35868 0.02489
0.97327 0.26727 0.14397 0.46515 0.73763
0.44851 0.19334 0.92959 0.96619 0.90594
0.26286 0.05412 0.55143 0.90026 0.67150
0.10487 0.48339 0.54372 0.37083 0.69602
0.88492 0.40763 0.86932 0.98584 0.04350
0.48339 0.22242 0.59917 0.37488 0.59612
0.80618 0.72323 0.40551 0.39591 0.53650
0.67673 0.30690 0.54281 0.59367 0.11704
0.41952 0.94493 0.26830 0.21163 0.85572
0.86844 0.13463 0.17187 0.71300 0.43613
0.36425 0.10256 0.15193 0.22482 0.12075
0.62725 0.72397 0.85566 0.56479 0.76758
0.53262 0.23092 0.90282 0.92073 0.93165
0.71013 0.12458 0.18427 0.79071 0.66054
0.30768 0.63768 0.28968 0.76958 0.80820
0.66595 0.88539 0.75835 0.76754 0.77833
0.90970 0.04706 0.75550 0.04771 0.14703
0.24245 0.06666 0.56055 0.65229 0.08376
0.77096 0.35922 0.11499 0.84665 0.35735
0.34438 0.97541 0.93579 0.08893 0.98147
0.61229 0.19337 0.91341 0.18768 0.76966
0.12229 0.52599 0.47708 0.90341 0.33837
0.09008 0.05967 0.36005 0.10801 0.92910
0.21654 0.25997 0.91672 0.00920 0.40433
0.66764 0.63382 0.11363 0.55110 0.73601
0.50114 0.93590 0.81094 0.38780 0.76264
0.29990 0.39068 0.40479 0.47049 0.79422
0.37336 0.79546 0.21883 0.80388 0.81948
0.02758 0.84559 0.92221 0.54776 0.03817
0.22929 0.49580 0.24473 0.65253 0.42688
0.63463 0.80936 0.15930 0.93147 0.32422
0.09238 0.35622 0.52399 0.89865 0.84702
0.14256 0.65507 0.21388 0.69519 0.30664
0.49736 0.25475 0.03075 0.42646 0.29941
0.10707 0.11617 0.64077 0.36864 0.31211
0.42132 0.86030 0.13914 0.21869 0.80774
0.19489 0.22921 0.44234 0.69096 0.75832
0.55265 0.09274 0.85617 0.36801 0.44304
0.85767 0.72337 0.08282 0.50802 0.11910
0.38976 0.35112 0.60743 0.03540 0.55455
0.14836 0.82542 0.24931 0.45430 0.59756
0.87249 0.90986 0.00908 0.69706 0.70652
0.63022 0.74726 0.48758 0.27479 0.06153
0.10003 0.17320 0.94253 0.70374 0.28800
0.20012 0.01635 0.02656 0.07395 0.13876
0.75363 0.51996 0.75486 0.71029 0.05436
0.84522 0.04067 0.23540 0.96451 0.12010
0.46562 0.38111 0.20194 0.98775 0.49392
0.68608 0.42047 0.47545 0.17152 0.24007
0.85746 0.45998 0.64603 0.99190 0.70145
0.53834 0.07948 0.33943 0.14471 0.30255
0.71191 0.25705 0.82513 0.08589 0.88074
0.45956 0.74131 0.17821 0.33216 0.72007
0.15865 0.93695 0.27289 0.48830 0.54365
0.03051 0.95750 0.36259 0.27329 0.46922
0.88685 0.93115 0.17613 0.51395 0.74488
0.51439 0.69262 0.97318 0.94754 0.54652
0.76631 0.10070 0.80280 0.03856 0.07305
0.54284 0.05411 0.16046 0.15400 0.18755
0.18632 0.19304 0.28876 0.12256 0.33106
0.64403 0.80631 0.28443 0.11863 0.62784
0.01383 0.70868 0.65007 0.23751 0.01617
0.45177 0.38411 0.12877 0.74531 0.60836
0.62134 0.93752 0.00180 0.72989 0.09286
0.26084 0.49182 0.75970 0.82713 0.73342
0.82645 0.41935 0.32005 0.99540 0.12054
0.78581 0.93347 0.20615 0.30235 0.09505
0.32471 0.11127 0.93965 0.05215 0.12253
0.49227 0.58529 0.74887 0.85592 0.29905
0.80096 0.45211 0.75423 0.58658 0.21603
0.76704 0.19075 0.21862 0.83502 0.32719
0.34103 0.82733 0.38720 0.84271 0.99071
0.63391 0.35135 0.88934 0.28993 0.07036
0.89751 0.33682 0.51974 0.06112 0.68305
0.10222 0.88934 0.16451 0.48497 0.71962
0.76334 0.13970 0.70535 0.35782 0.03105
0.53035 0.81531 0.25528 0.96375 0.75851
0.58400 0.40737 0.31118 0.21934 0.38639
0.34537 0.12495 0.86950 0.56066 0.58169
0.01527 0.55361 0.85250 0.06759 0.86288
0.18725 0.64272 0.91518 0.98391 0.05158
0.31287 0.52573 0.56590 0.20277 0.79147
0.82828 0.42891 0.58676 0.10728 0.44181
0.50652 0.05225 0.59523 0.65176 0.74284
0.61282 0.34285 0.56126 0.18813 0.40372
0.41120 0.28391 0.54810 0.59111 0.20741
0.12248 0.99969 0.94672 0.35426 0.48252
0.20032 0.94359 0.05594 0.83801 0.84027
0.37974 0.74341 0.52138 0.60752 0.96654
0.55916 0.23445 0.09328 0.94170 0.24236
0.70780 0.26094 0.27577 0.11214 0.33935
0.37621 0.68180 0.98547 0.74703 0.20796
0.62098 0.26808 0.06948 0.77106 0.72442
0.62458 0.20302 0.54688 0.08544 0.66319
0.59540 0.98115 0.01520 0.25965 0.91049
0.50683 0.25657 0.91928 0.60999 0.42977
0.85595 0.66723 0.18625 0.52952 0.85968
0.05902 0.26516 0.52438 0.94337 0.39578
0.67678 0.36933 0.98916 0.78160 0.15682
0.99717 0.74190 0.72667 0.91657 0.79066
0.73268 0.37468 0.62783 0.43233 0.06904
0.87215 0.00863 0.57858 0.33525 0.52737
0.09693 0.59342 0.16714 0.10632 0.95795
0.90274 0.16514 0.26023 0.46600 0.87214
0.26348 0.75696 0.81578 0.83402 0.08995
0.73145 0.53509 0.32868 0.35429 0.47005
0.25113 0.32687 0.04953 0.41669 0.42623
0.28342 0.50261 0.44002 0.47657 0.90113
0.31258 0.74164 0.92409 0.31942 0.09167
0.91233 0.39135 0.76717 0.03433 0.79142
0.49864 0.73851 0.33771 0.02636 0.54611
0.77039 0.10720 0.55959 0.93584 0.30701
0.83116 0.15320 0.55876 0.77964 0.88796
0.58258 0.14550 0.42895 0.74374 0.12628
0.73099 0.97915 0.87142 0.52220 0.77089
0.06766 0.12054 0.77193 0.82334 0.86373
0.91202 0.37054 0.86779 0.67499 0.86990
0.96846 0.79366 0.95745 0.69767 0.91848
0.76720 0.90964 0.23229 0.81606 0.56913
0.16200 0.08749 0.13879 0.84178 0.78131
0.26359 0.69184 0.51735 0.09511 0.47281
0.80535 0.32383 0.62352 0.26079 0.57691
0.54044 0.75231 0.10921 0.08223 0.37291
0.49574 0.24177 0.66010 0.78555 0.57432
0.82477 0.42463 0.25267 0.02440 0.49441
0.55865 0.08373 0.35483 0.60563 0.73274
0.74071 0.48299 0.17960 0.93796 0.02082
0.80249 0.34221 0.66459 0.29174 0.50022
0.11959 0.17098 0.08042 0.20122 0.34847
0.29753 0.91788 0.12063 0.64743 0.53162
0.70756 0.65793 0.43528 0.45436 0.21091
0.64844 0.00457 0.52755 0.09332 0.47421
0.27694 0.01655 0.99098 0.84426 0.35958
0.03201 0.47163 0.11577 0.73771 0.22020
0.90297 0.88708 0.55159 0.57894 0.44499
0.24057 0.35382 0.93723 0.10025 0.53545
0.09400 0.00627 0.54630 0.79065 0.82051
0.66506 0.56461 0.41656 0.66025 0.59033
0.73096 0.66385 0.26618 0.85269 0.79392
0.30581 0.86094 0.40780 0.84098 0.22853
0.92438 0.69015 0.38308 0.27186 0.73513
0.15726 0.18524 0.94366 0.08027 0.68659
0.73417 0.80578 0.43407 0.90454 0.11108
0.90482 0.66409 0.84114 0.25227 0.60939
0.65936 0.86485 0.60238 0.57648 0.34860
0.00154 0.48079 0.16402 0.41029 0.99966
0.68767 0.89003 0.91114 0.61497 0.85074
0.51350 0.60723 0.45409 0.65977 0.95588
0.39540 0.81527 0.91743 0.93967 0.88096
0.90771 0.15563 0.80468 0.00264 0.44988
0.55644 0.85658 0.80877 0.67754 0.21232
0.85273 0.60206 0.20481 0.56947 0.18981
0.34813 0.81939 0.99480 0.48379 0.08402
0.30404 0.59728 0.97489 0.19384 0.56823
0.72627 0.81096 0.01963 0.76887 0.43904
0.79426 0.73348 0.11886 0.17977 0.28176
0.03197 0.38350 0.49039 0.60256 0.85151
0.68509 0.37165 0.57387 0.56363 0.48949
0.13118 0.77247 0.66498 0.31928 0.97384
0.01526 0.30278 0.96756 0.58363 0.87042
0.51607 0.08940 0.54696 0.83768 0.22406
0.87465 0.68024 0.68335 0.84151 0.63355
0.83875 0.34960 0.95631 0.49574 0.95221
0.13756 0.80861 0.66984 0.41366 0.23230
0.28152 0.29563 0.76713 0.40133 0.18453
0.98464 0.33212 0.50487 0.41029 0.86018
0.64670 0.48190 0.85382 0.00521 0.58478
0.04018 0.23117 0.88198 0.99926 0.62695
0.16813 0.69965 0.92253 0.33839 0.99307
0.28219 0.79735 0.89733 0.87716 0.72069
0.11485 0.27682 0.35363 0.29523 0.85719
0.77500 0.28004 0.27596 0.63879 0.40119
0.54569 0.06350 0.53279 0.12480 0.13058
0.24253 0.39990 0.49274 0.70291 0.06269
0.07416 0.58237 0.21777 0.53753 0.45457
0.86586 0.67890 0.27590 0.58255 0.02373
0.22615 0.64385 0.58044 0.60950 0.03970
0.98392 0.67974 0.57943 0.31841 0.47177
0.16575 0.20760 0.57584 0.78543 0.30115
0.57295 0.97454 0.58494 0.51221 0.56580
0.04866 0.85145 0.97954 0.23468 0.92605
0.54670 0.25271 0.53980 0.55189 0.12440
0.22674 0.43352 0.70389 0.55515 0.97125
0.02659 0.12230 0.79714 0.68993 0.05830
0.43467 0.27304 0.82652 0.07283 0.32501
0.78220 0.10904 0.98032 0.84893 0.21960
0.06946 0.23780 0.29549 0.42908 0.03739
0.37972 0.88005 0.33794 0.19610 0.40559
0.16740 0.74162 0.94632 0.66999 0.00441
0.10322 0.85075 0.22650 0.63159 0.95605
0.39883 0.42285 0.41295 0.28796 0.25915
0.64763 0.74724 0.74446 0.10889 0.97871
0.54717 0.75765 0.64150 0.61889 0.53526
0.34990 0.59385 0.67978 0.40629 0.21516
0.35578 0.40239 0.44948 0.27576 0.06157
0.38895 0.69638 0.94197 0.72136 0.34632
0.42776 0.24240 0.70665 0.53303 0.92812
0.21270 0.54898 0.54761 0.95895 0.73843
0.12105 0.16793 0.77479 0.81077 0.86933
0.45180 0.47538 0.77155 0.99257 0.96418
0.02986 0.24639 0.08209 0.11352 0.51555
0.16914 0.22635 0.51903 0.68533 0.53413
0.61886 0.78112 0.05945 0.87537 0.35242
0.79783 0.64779 0.31070 0.14428 0.99794
0.80327 0.41913 0.85230 0.27303 0.83709
0.83687 0.51943 0.17156 0.24752 0.30089
0.58397 0.96764 0.15169 0.90829 0.23639
0.52998 0.64431 0.83855 0.97835 0.56736
0.66261 0.44958 0.20808 0.03286 0.53657
0.93658 0.08349 0.60164 0.82379 0.62347
0.11587 0.19876 0.24043 0.87768 0.01917
0.43484 0.12896 0.88462 0.95293 0.40879
0.06170 0.10804 0.87373 0.19729 0.89835
0.41077 0.43798 0.68482 0.14878 0.44447
0.88721 0.97269 0.69125 0.38281 0.89255
0.04860 0.78848 0.45874 0.05309 0.35786
0.74332 0.15727 0.40118 0.48753 0.17760
0.29868 0.18937 0.53672 0.77900 0.91112
0.01483 0.43581 0.89093 0.08918 0.23953
0.72269 0.98223 0.87956 0.26074 0.34462
0.08583 0.81075 0.69587 0.94572 0.74533
0.96533 0.24477 0.62029 0.33187 0.60311
0.29645 0.29283 0.36328 0.64322 0.07357
0.46929 0.86835 0.25989 0.86435 0.66479
0.00273 0.77880 0.88589 0.41805 0.87869
0.83639 0.75062 0.96351 0.76133 0.83092
0.10682 0.53696 0.34754 0.17845 0.21151
0.63331 0.90063 0.77886 0.71529 0.83997
0.76195 0.76974 0.57543 0.24083 0.65192
0.47562 0.93412 0.30628 0.25092 0.66528
0.29568 0.51507 0.85604 0.38229 0.87044
0.54672 0.40032 0.27129 0.16864 0.88801
0.36675 0.63179 0.17701 0.68001 0.49479
0.62517 0.69129 0.57865 0.06910 0.12372
0.37120 0.37857 0.50714 0.66209 0.51543
0.20245 0.59351 0.52480 0.17481 0.53696
0.41296 0.88484 0.91192 0.31154 0.35277
0.83530 0.05868 0.68889 0.72190 0.48719
0.97060 0.20141 0.80225 0.96398 0.76679
0.15015 0.92443 0.30499 0.27248 0.35600
0.15923 0.37586 0.24528 0.34061 0.45482
0.28978 0.65954 0.31382 0.94298 0.10332
0.43979 0.92388 0.99167 0.00823 0.83326
0.43999 0.86476 0.83270 0.21023 0.07559
0.38874 0.39391 0.48124 0.85537 0.22912
0.84196 0.41269 0.95204 0.25501 0.14901
0.94999 0.59780 0.52917 0.90107 0.85458
0.32733 0.69005 0.92743 0.31366 0.28383
0.77316 0.01572 0.98909 0.69312 0.05066
0.23527 0.13060 0.90958 0.32648 0.39165
0.61600 0.17763 0.01131 0.35680 0.55273
0.61391 0.67163 0.53106 0.71091 0.34215
0.45678 0.65603 0.37380 0.53148 0.30050
0.91138 0.65894 0.88622 0.87977 0.40507
0.62065 0.79211 0.59264 0.49445 0.05453
0.28143 0.94084 0.73089 0.99969 0.07564
0.26188 0.92514 0.65080 0.28314 0.18665
0.74118 0.83962 0.86918 0.98394 0.60476
0.80745 0.88350 0.11572 0.79248 0.00384
0.76494 0.56741 0.73309 0.62390 0.87403
0.74893 0.08235 0.47927 0.07626 0.18941
0.14965 0.33410 0.62165 0.05214 0.00615
0.23615 0.90467 0.53659 0.45317 0.73231
0.12389 0.39707 0.69694 0.93682 0.55338
0.55600 0.58804 0.62914 0.15420 0.21071
0.77988 0.75346 0.71409 0.95325 0.04167
0.87427 0.35758 0.36662 0.79482 0.57800
0.58355 0.80992 0.95501 0.15891 0.99175
0.58991 0.63943 0.64684 0.95763 0.67078
0.95013 0.96672 0.88754 0.70634 0.66525
0.87135 0.66890 0.06497 0.44376 0.14825
0.00326 0.81815 0.40655 0.19825 0.40760
0.42769 0.03012 0.89589 0.92535 0.67556
0.60833 0.37779 0.34784 0.04802 0.42690
0.95067 0.06194 0.90244 0.22175 0.84524
0.22865 0.76081 0.70356 0.41658 0.52972
0.36908 0.92817 0.90407 0.34073 0.93703
0.32785 0.86306 0.10959 0.07714 0.41577
0.17698 0.39615 0.64233 0.64358 0.34958
0.30816 0.97804 0.65863 0.77100 0.40535
0.62204 0.10977 0.32304 0.05960 0.65343
0.79387 0.01439 0.88774 0.14010 0.11230
0.78734 0.35024 0.99494 0.41689 0.74095
0.18585 0.90333 0.93941 0.86999 0.50583
0.03104 0.90002 0.78114 0.44075 0.78541
0.19894 0.74961 0.42997 0.29117 0.89762
0.98422 0.16986 0.41396 0.99050 0.07461
0.08930 0.67307 0.35143 0.23718 0.77641
0.57635 0.13879 0.51002 0.62887 0.26877
0.34016 0.73272 0.48108 0.65852 0.92381
0.76518 0.48333 0.48042 0.49555 0.12094
0.09037 0.41894 0.35757 0.48362 0.00659
0.02665 0.03884 0.09265 0.60694 0.76764
0.68667 0.33148 0.25486 0.63046 0.39453
0.08517 0.90647 0.37080 0.72396 0.60399
0.91674 0.28857 0.92131 0.21101 0.29625
0.42709 0.53272 0.01477 0.87999 0.64838
0.17981 0.90687 0.53618 0.08170 0.70193
0.44637 0.46349 0.24650 0.19457 0.40781
0.08601 0.31070 0.31757 0.74823 0.64470
0.82184 0.65479 0.00682 0.17272 0.17929
0.55583 0.32903 0.86129 0.29941 0.54242
0.13491 0.17013 0.05127 0.70035 0.16776
0.39042 0.21460 0.76526 0.74264 0.08819
0.79080 0.32017 0.75563 0.09909 0.26694
0.80325 0.78703 0.24611 0.87673 0.20137
0.89474 0.54998 0.35143 0.07518 0.25842
0.73256 0.68379 0.03819 0.41708 0.43103
0.38146 0.07518 0.89224 0.17004 0.86125
0.69203 0.31293 0.63341 0.47699 0.97392
0.98613 0.09109 0.42553 0.41243 0.42097
0.84950 0.56659 0.77591 0.22782 0.66946
0.49685 0.67373 0.20264 0.30437 0.47448
0.70279 0.93503 0.35781 0.54305 0.43878
0.36639 0.43037 0.99737 0.32980 0.33020
0.24202 0.20641 0.47537 0.11238 0.07839
0.94405 0.83924 0.31940 0.98790 0.36505
0.65216 0.15485 0.24063 0.61526 0.52911
0.04776 0.82937 0.51978 0.20592 0.07677
0.46970 0.90885 0.57403 0.75868 0.21813
0.26723 0.40669 0.80343 0.40787 0.44205
0.82931 0.62741 0.18224 0.45827 0.19285
0.71925 0.48035 0.26556 0.26564 0.81511
0.26415 0.11454 0.68164 0.79367 0.70838
0.30748 0.12828 0.78306 0.12030 0.20983
0.10546 0.88382 0.86215 0.58049 0.21249
0.73891 0.28115 0.08410 0.98673 0.14658
0.66165 0.93409 0.75475 0.44027 0.56325
0.52058 0.24657 0.31919 0.08454 0.64414
0.98283 0.02585 0.79457 0.07085 0.22631
0.25447 0.12124 0.62145 0.76022 0.37887
0.17375 0.12020 0.71879 0.23485 0.12929
0.14813 0.04286 0.19279 0.24199 0.07314
0.29448 0.26522 0.88436 0.71891 0.89292
0.50087 0.34748 0.37575 0.24453 0.40186
0.40231 0.85512 0.58069 0.41716 0.52244
0.37982 0.15976 0.40878 0.18554 0.70739
0.45539 0.98002 0.23071 0.94957 0.83888
0.95224 0.31737 0.54721 0.85475 0.06310
0.32021 0.82850 0.95197 0.51011 0.91474
0.95406 0.54242 0.81298 0.70544 0.58094
0.55292 0.29956 0.09355 0.67628 0.66463
0.00986 0.15931 0.36905 0.00719 0.66838
0.70490 0.54450 0.18118 0.17829 0.30631
0.09927 0.80826 0.45471 0.72919 0.42223
0.54521 0.12453 0.94462 0.70358 0.64898
0.39267 0.48939 0.84160 0.04896 0.80175
0.51834 0.85207 0.17182 0.25494 0.25776
0.09237 0.86223 0.34198 0.64276 0.48772
0.22383 0.33509 0.99907 0.82471 0.92501
0.34275 0.75776 0.63473 0.60636 0.67729
0.58190 0.63364 0.57752 0.03446 0.04314
0.05812 0.85603 0.56767 0.89538 0.45003
0.17824 0.43785 0.31772 0.13252 0.73548
0.04901 0.37006 0.94916 0.90182 0.12108
0.25744 0.19215 0.94240 0.64683 0.70035
0.07243 0.37844 0.59721 0.43190 0.24610
0.00566 0.70140 0.29304 0.89585 0.43870
0.06673 0.41729 0.49404 0.98922 0.45944
0.81871 0.39162 0.60451 0.52988 0.56146
0.91680 0.22575 0.65045 0.00942 0.47125
0.57917 0.28811 0.11115 0.95837 0.83504
0.97341 0.51198 0.96547 0.81577 0.77674
0.36492 0.19453 0.59191 0.99834 0.56802
0.22814 0.78807 0.05370 0.48863 0.21313
0.52991 0.84082 0.99574 0.59992 0.12203
0.26118 0.48509 0.68456 0.06755 0.33419
0.76049 0.44219 0.83524 0.78675 0.48441
0.36758 0.68231 0.59836 0.64685 0.72832
0.41042 0.26110 0.29211 0.08971 0.66516
0.49148 0.20192 0.69472 0.82701 0.01905
0.64727 0.68927 0.39583 0.77526 0.54350
0.98838 0.27456 0.18362 0.74029 0.88376
0.90450 0.70857 0.36908 0.95100 0.32641
0.36592 0.40580 0.18334 0.62218 0.41543
0.37768 0.71430 0.30983 0.20995 0.40988
0.12134 0.73621 0.97558 0.79830 0.51097
0.32246 0.91039 0.34806 0.30527 0.38053
0.35216 0.50540 0.39715 0.51633 0.27400
0.80639 0.42165 0.22566 0.11802 0.49880
0.06172 0.68708 0.60894 0.82076 0.99923
0.88934 0.95486 0.93591 0.81456 0.37694
0.79128 0.80300 0.18133 0.63082 0.50818
0.51513 0.34645 0.25005 0.15163 0.38383
0.42676 0.55357 0.03123 0.62343 0.91770
0.15585 0.10814 0.50587 0.14190 0.94218
0.94136 0.06523 0.36192 0.77833 0.57334
0.44327 0.84846 0.61975 0.08230 0.98406
0.75940 0.53393 0.59074 0.05575 0.75675
0.39067 0.82525 0.66438 0.57508 0.21654
0.56094 0.74130 0.33862 0.60273 0.52910
0.19852 0.23321 0.29101 0.49518 0.56396
0.87243 0.14528 0.60817 0.92013 0.47084
0.62454 0.93335 0.43974 0.00628 0.72680
0.56211 0.66025 0.88139 0.23137 0.68701
0.64207 0.10581 0.14419 0.62321 0.60227
0.07165 0.87152 0.14520 0.38975 0.16864
0.64584 0.28452 0.58162 0.73884 0.63642
0.44908 0.85758 0.41827 0.86471 0.46221
0.40218 0.96358 0.92503 0.18626 0.82613
0.25999 0.89038 0.12812 0.92782 0.84077
0.15395 0.12611 0.25471 0.43498 0.18316
0.16684 0.49332 0.69748 0.49669 0.39476
0.83892 0.16313 0.46518 0.27641 0.19221
0.61246 0.70448 0.99881 0.52119 0.81335
0.70806 0.46738 0.80195 0.07406 0.26514
0.67439 0.34762 0.23827 0.68624 0.45529
0.89422 0.60156 0.63602 0.32539 0.68316
0.36799 0.78761 0.06583 0.74749 0.03969
0.51969 0.51553 0.62868 0.68326 0.69852
0.85646 0.76391 0.19677 0.33802 0.85626
0.08284 0.53334 0.71725 0.13508 0.45346
0.76093 0.15380 0.50734 0.57956 0.31301
0.27079 0.34410 0.14961 0.63520 0.95572
0.43341 0.99663 0.00579 0.18610 0.14424
0.01092 0.85105 0.53981 0.27631 0.06958
0.92486 0.49236 0.14449 0.65737 0.23750
0.90072 0.11635 0.60797 0.26930 0.13454
0.19321 0.33321 0.61637 0.34290 0.40604
0.03386 0.40698 0.69481 0.88647 0.32171
0.35638 0.47418 0.25365 0.79441 0.25440
0.31422 0.59950 0.32631 0.05586 0.06782
0.62844 0.45287 0.60810 0.74851 0.35567
0.70038 0.97660 0.78687 0.09345 0.97362
0.95917 0.24633 0.86707 0.86457 0.25168
0.04584 0.97466 0.30938 0.50241 0.71886
0.21379 0.44036 0.85871 0.32833 0.82065
0.64702 0.02834 0.44961 0.94809 0.55025
0.15935 0.91747 0.02782 0.87058 0.58130
0.12162 0.81469 0.78061 0.40895 0.66965
0.68622 0.55509 0.47803 0.01966 0.18306
0.70438 0.18076 0.32907 0.28296 0.75559
0.84332 0.14780 0.57285 0.03427 0.91962
0.65599 0.17032 0.43203 0.76047 0.76404
0.41444 0.86796 0.07068 0.87362 0.96591
0.25659 0.69275 0.74960 0.30388 0.57443
0.36547 0.52952 0.09609 0.93034 0.84167
0.06265 0.18129 0.42307 0.98915 0.89987
0.75431 0.24236 0.91836 0.15235 0.40252
0.10331 0.29202 0.71580 0.22981 0.69531
0.28235 0.10972 0.68022 0.66800 0.49052
0.13364 0.80498 0.43414 0.01365 0.06926
0.19522 0.57118 0.37083 0.59802 0.02443
0.50775 0.65618 0.03670 0.29725 0.79903
0.66055 0.38322 0.31955 0.06950 0.28998
0.47915 0.83501 0.08674 0.95536 0.24780
0.33178 0.73570 0.14586 0.33053 0.35629
0.33898 0.13846 0.69258 0.47288 0.40299
0.84281 0.61308 0.25534 0.66671 0.83748
0.59595 0.05824 0.15907 0.00288 0.11932
0.32721 0.88412 0.07470 0.12674 0.27566
0.93662 0.09675 0.09346 0.12216 0.24573
0.92629 0.12070 0.82823 0.12534 0.17131
0.47650 0.65273 0.59441 0.87439 0.11771
0.37653 0.92242 0.56778 0.06962 0.29690
0.34439 0.69458 0.88006 0.26200 0.56158
0.40613 0.80035 0.34191 0.19155 0.45785
0.67753 0.09342 0.52013 0.28389 0.22638
0.99098 0.58775 0.39622 0.06713 0.36994
0.05350 0.07793 0.80525 0.59337 0.71526
0.52907 0.22477 0.58809 0.08086 0.00624
0.35671 0.15932 0.98080 0.80315 0.85535
0.74001 0.11767 0.46516 0.37395 0.57405
0.24375 0.18033 0.70981 0.70910 0.49960
0.14234 0.83863 0.10182 0.87847 0.25975
0.06629 0.85915 0.86849 0.93477 0.34456
0.10936 0.09432 0.95811 0.68093 0.42342
0.16212 0.74183 0.97609 0.74143 0.42779
0.71036 0.17378 0.27411 0.50514 0.57093
0.76852 0.71722 0.36093 0.53142 0.40203
0.24952 0.86923 0.20686 0.95224 0.22872
0.15562 0.54663 0.10017 0.51703 0.00692
0.39827 0.80195 0.68908 0.49488 0.33141
0.73901 0.25181 0.52119 0.95546 0.07262
0.72923 0.17916 0.01135 0.76869 0.22519
0.03274 0.29252 0.92849 0.07137 0.63235
0.38499 0.04571 0.86929 0.36435 0.05178
0.88000 0.22470 0.82017 0.38879 0.10647
0.75389 0.74929 0.88507 0.31253 0.51677
0.44713 0.68011 0.68689 0.19342 0.80066
0.35833 0.50922 0.56484 0.07323 0.57192
0.59123 0.82566 0.84897 0.27005 0.61827
0.96379 0.45676 0.48063 0.09254 0.36665
0.23648 0.83993 0.79526 0.70240 0.91750
0.74397 0.44945 0.81466 0.98325 0.16784
0.46432 0.43786 0.34751 0.56226 0.69756
0.35361 0.70640 0.85023 0.84528 0.19276
0.52856 0.43279 0.53536 0.82797 0.46901
0.19060 0.99911 0.28907 0.61220 0.68284
0.03504 0.35829 0.20059 0.29640 0.51765
0.87629 0.62556 0.40218 0.11853 0.98864
0.12960 0.88748 0.30808 0.65653 0.27251
0.96815 0.35279 0.18264 0.26606 0.72874
0.14012 0.37268 0.34319 0.95938 0.61487
0.09179 0.43726 0.08820 0.78891 0.94565
0.49451 0.21566 0.47737 0.76969 0.45414
0.26275 0.60415 0.79607 0.78206 0.46954
0.22896 0.87395 0.44106 0.97981 0.47426
0.62928 0.48504 0.32670 0.83769 0.44142
0.96670 0.16767 0.92922 0.23468 0.92415
0.31113 0.14173 0.25100 0.32800 0.12015
0.48723 0.09930 0.33246 0.94801 0.39155
0.38284 0.17593 0.17253 0.00301 0.28089
0.90664 0.70322 0.37651 0.15210 0.07499
0.07447 0.24488 0.89581 0.40572 0.85037
0.78653 0.11231 0.79568 0.87613 0.23691
0.92331 0.92102 0.83388 0.29950 0.78737
0.29109 0.76407 0.55069 0.06185 0.58047
0.49987 0.34791 0.17383 0.42471 0.50904
0.94826 0.20648 0.41201 0.65700 0.56412
0.54775 0.83895 0.82130 0.80387 0.80794
0.49426 0.38110 0.50544 0.29339 0.93436
0.67607 0.07402 0.41496 0.76017 0.41413
0.29359 0.43565 0.99767 0.33436 0.84890
0.37756 0.56853 0.47355 0.20259 0.81945
0.82852 0.09462 0.29253 0.49977 0.27361
0.93640 0.21340 0.94130 0.82109 0.26678
0.92346 0.56294 0.86522 0.29756 0.67822
0.68607 0.12459 0.98572 0.79252 0.76206
0.11808 0.23758 0.67616 0.24771 0.54680
0.95595 0.58877 0.95973 0.74084 0.39163
0.94124 0.18981 0.96676 0.82796 0.92143
0.91472 0.71395 0.35369 0.77739 0.62072
0.49438 0.32203 0.05219 0.34254 0.89564
0.08039 0.66316 0.86969 0.28445 0.10412
0.34314 0.78376 0.21741 0.09805 0.22000
0.56627 0.77959 0.09185 0.33851 0.57061
0.50375 0.84652 0.43814 0.09854 0.93686
0.68388 0.86019 0.52309 0.12570 0.84821
0.22409 0.85843 0.02319 0.59115 0.13657
0.70026 0.97990 0.48021 0.94387 0.89070
0.08734 0.68397 0.41002 0.94349 0.31204
0.66003 0.00096 0.27866 0.89723 0.79836
0.24031 0.77277 0.01469 0.21722 0.12826
0.59367 0.14131 0.14782 0.70332 0.94756
0.56999 0.88783 0.01544 0.35399 0.20895
0.97427 0.04170 0.46760 0.12922 0.75807
0.90043 0.90706 0.91381 0.58155 0.76309
0.96145 0.60428 0.57867 0.37853 0.60883
0.69922 0.25357 0.04477 0.04929 0.08475
0.12849 0.44760 0.13967 0.27936 0.41132
0.78430 0.38849 0.72041 0.49261 0.17692
0.15536 0.31895 0.23550 0.21471 0.50507
0.46951 0.80346 0.28099 0.58921 0.98540
0.21729 0.71232 0.18925 0.27177 0.48028
0.07670 0.44101 0.51641 0.16922 0.84805
0.59071 0.07559 0.76340 0.08716 0.54470
0.79555 0.07880 0.17033 0.25895 0.50594
0.01340 0.55306 0.03525 0.33277 0.44754
0.04695 0.14000 0.82013 0.42115 0.47117
0.63611 0.52005 0.39695 0.34791 0.08088
0.82198 0.29711 0.64816 0.81367 0.11188
0.96005 0.55725 0.68626 0.81790 0.43985
0.35982 0.42355 0.05164 0.14571 0.45966
0.68640 0.97779 0.59434 0.61117 0.31307
0.82984 0.40856 0.44822 0.59931 0.08198
0.98989 0.92311 0.07271 0.09517 0.03117
0.17266 0.03249 0.94025 0.04721 0.42592
0.82246 0.02424 0.00329 0.60248 0.57405
0.99430 0.29908 0.34980 0.51975 0.99423
0.73516 0.81711 0.43572 0.28854 0.74283
0.34405 0.03422 0.39378 0.06597 0.76380
0.94147 0.54709 0.58220 0.29257 0.09884
0.33569 0.38095 0.79049 0.33093 0.81495
0.21953 0.90540 0.53821 0.64708 0.20419
0.50015 0.01007 0.74886 0.43003 0.48487
0.53090 0.75051 0.90082 0.02504 0.12924
0.48989 0.78539 0.33920 0.28461 0.72210
0.27553 0.05966 0.44721 0.71303 0.93942
0.26590 0.34035 0.12987 0.13443 0.04609
0.39038 0.36461 0.89620 0.29306 0.09534
0.95932 0.38789 0.79361 0.56157 0.72237
0.33819 0.26917 0.86278 0.20427 0.49107
0.20527 0.26157 0.17656 0.33321 0.58859
0.06158 0.07362 0.69535 0.54368 0.20003
0.92211 0.19456 0.60882 0.71657 0.42301
0.18907 0.58272 0.14721 0.44084 0.66587
0.97736 0.09459 0.19708 0.93207 0.59180
0.61726 0.76783 0.10892 0.80019 0.11300
0.89347 0.02919 0.86349 0.37042 0.49345
0.13074 0.61182 0.37191 0.09261 0.72277
0.92429 0.26923 0.14765 0.97445 0.42491
0.40120 0.78473 0.03027 0.60753 0.87723
0.56731 0.93882 0.68852 0.72361 0.04631
0.82235 0.86213 0.88742 0.58807 0.15276
0.84705 0.07467 0.55495 0.18841 0.25579
0.11397 0.69367 0.76546 0.20579 0.16269
0.09316 0.96820 0.06237 0.31971 0.33545
0.38579 0.33482 0.56677 0.63382 0.67333
0.07275 0.84799 0.95668 0.79851 0.83772
0.44656 0.05039 0.37053 0.45280 0.19714
0.50967 0.86400 0.45857 0.56348 0.62674
0.97821 0.26006 0.63000 0.53013 0.78877
0.88344 0.11899 0.62088 0.09286 0.74265
0.15027 0.82955 0.25929 0.18634 0.08731
0.08674 0.78287 0.67953 0.64883 0.98113
0.61707 0.01251 0.71533 0.09615 0.34803
0.75712 0.44114 0.92326 0.31597 0.26930
0.04000 0.00265 0.25398 0.51536 0.18777
0.98718 0.00400 0.87529 0.76130 0.51354
0.47071 0.21799 0.43695 0.47573 0.47950
0.40634 0.07025 0.91557 0.33091 0.45579
0.94995 0.61214 0.42134 0.92037 0.60103
0.01611 0.10763 0.93729 0.49104 0.13243
0.69379 0.15094 0.12369 0.78652 0.16800
0.30167 0.48252 0.14213 0.21784 0.15034
0.33271 0.00333 0.60526 0.72248 0.40782
0.12316 0.59956 0.40041 0.19791 0.41000
0.00617 0.34663 0.21118 0.60649 0.96526
0.13899 0.81519 0.86442 0.49718 0.22488
0.75937 0.44454 0.87866 0.87423 0.77188
0.75853 0.15260 0.35424 0.46735 0.76094
0.98913 0.88412 0.78900 0.37905 0.24831
0.21069 0.54979 0.20290 0.96524 0.01501
0.85511 0.11330 0.40023 0.19231 0.67221
0.48151 0.47184 0.01055 0.42294 0.84786
0.42977 0.99113 0.26399 0.56723 0.07857
0.98031 0.35265 0.88058 0.77968 0.28044
0.79571 0.60357 0.13884 0.04452 0.91571
0.27736 0.67968 0.56467 0.34950 0.02390
0.39380 0.41718 0.77250 0.26769 0.55806
0.98699 0.25815 0.90455 0.85655 0.82823
0.15849 0.17302 0.72560 0.11136 0.85135
0.62803 0.22398 0.93002 0.76037 0.47360
0.13232 0.20619 0.71360 0.03016 0.44102
0.97696 0.37296 0.53533 0.20811 0.49211
0.12676 0.91595 0.10755 0.57944 0.68893
0.60608 0.61334 0.73260 0.32233 0.49118
0.50932 0.34990 0.48927 0.04886 0.13460
0.92006 0.92693 0.00054 0.13203 0.35686
0.71698 0.34937 0.21873 0.23521 0.15455
0.77238 0.94168 0.74283 0.35315 0.33834
0.26582 0.34571 0.29503 0.47056 0.78202
0.84999 0.47189 0.38283 0.68586 0.04330
0.80179 0.70060 0.68132 0.08944 0.14849
0.26783 0.90131 0.47959 0.82738 0.57907
0.21069 0.67288 0.78398 0.44938 0.30611
0.84633 0.42259 0.23674 0.36249 0.29600
0.16284 0.22088 0.78886 0.04358 0.29390
0.78124 0.11247 0.34923 0.32763 0.66351
0.19048 0.62389 0.23296 0.34600 0.32855
0.16295 0.50682 0.94591 0.84904 0.40397
0.53042 0.52644 0.49051 0.90123 0.91197
0.86205 0.01492 0.41191 0.95571 0.65640
0.95263 0.15749 0.22165 0.74569 0.34354
0.90462 0.30218 0.80306 0.69512 0.55824
0.82387 0.55959 0.14809 0.26822 0.44686
0.49382 0.86162 0.81837 0.33007 0.81470
0.34154 0.29716 0.42426 0.67974 0.64542
0.24646 0.06055 0.82846 0.83614 0.06481
0.07608 0.60616 0.84870 0.60169 0.60295
0.59502 0.12263 0.37150 0.81169 0.59892
0.69474 0.81115 0.91826 0.88379 0.39260
0.08517 0.74468 0.99367 0.37173 0.64185
0.69285 0.43468 0.26045 0.61075 0.71405
0.68045 0.68576 0.39048 0.88341 0.49784
0.72692 0.37700 0.72644 0.04085 0.27336
0.80544 0.64188 0.29469 0.67709 0.33452
0.93761 0.72852 0.98596 0.88785 0.79907
0.34132 0.16887 0.26084 0.70781 0.51471
0.07079 0.07933 0.39169 0.02270 0.21715
0.32635 0.48188 0.96607 0.99382 0.39705
0.63836 0.12173 0.35249 0.40396 0.52754
0.46819 0.44662 0.50492 0.92805 0.09413
0.92731 0.74873 0.62607 0.72416 0.26113
0.50466 0.27970 0.34930 0.46726 0.96656
0.48145 0.06738 0.46684 0.00549 0.54398
0.49450 0.04156 0.96498 0.50266 0.30586
0.53920 0.88492 0.39101 0.02048 0.03076
0.44118 0.31271 0.90536 0.74699 0.93934
0.25488 0.20596 0.31458 0.53564 0.82949
0.16633 0.10002 0.46577 0.43210 0.52819
0.78218 0.95445 0.12828 0.06870 0.26265
0.96403 0.02249 0.39251 0.64465 0.86621
0.09318 0.61306 0.49509 0.93443 0.91056
0.53179 0.82133 0.07136 0.72505 0.77535
0.36593 0.92307 0.08726 0.92283 0.91856
0.73471 0.01008 0.90020 0.73595 0.39415
0.45166 0.73307 0.78004 0.04518 0.08341
0.40058 0.16245 0.04213 0.74810 0.90191
