0.89155 0.93901 0.43122 0.21702 0.97066
0.72798 0.27777 0.47546 0.63388 0.90382
0.53958 0.70365 0.97590 0.47905 0.70328
0.87680 0.31166 0.00245 0.67463 0.39854
0.27389 0.98529 0.64035 0.23482 0.55958
0.33225 0.32049 0.83394 0.41097 0.15794
0.12271 0.87015 0.90335 0.97201 0.59041
0.56146 0.89169 0.36551 0.31349 0.09023
0.83495 0.13056 0.54462 0.58840 0.06813
0.46208 0.97656 0.41682 0.60182 0.41677
0.74015 0.44634 0.73086 0.66940 0.77785
0.30314 0.19708 0.27812 0.25396 0.86650
0.33804 0.92087 0.40719 0.90764 0.95674
0.65907 0.76887 0.71413 0.90722 0.59135
0.08404 0.06416 0.32575 0.14625 0.02178
0.35171 0.86394 0.52280 0.31552 0.87504
0.22903 0.48909 0.23158 0.36820 0.62900
0.79017 0.09872 0.43964 0.25304 0.16537
0.35336 0.89962 0.10426 0.62464 0.36007
0.76921 0.23308 0.66936 0.18057 0.15553
0.93452 0.74572 0.87277 0.54687 0.33386
0.00278 0.36964 0.86889 0.34679 0.48777
0.51788 0.58070 0.36016 0.36966 0.60042
0.73468 0.28549 0.96306 0.33179 0.29896
0.39671 0.85839 0.52531 0.15892 0.61649
0.50272 0.89657 0.29923 0.29606 0.39371
0.19237 0.45625 0.49727 0.12723 0.89090
0.85082 0.81256 0.10368 0.69467 0.09689
0.31821 0.86349 0.61627 0.59974 0.78939
0.62784 0.25204 0.46456 0.41997 0.66480
0.51660 0.15384 0.17048 0.00384 0.78463
0.44920 0.55562 0.79815 0.77034 0.18775
0.76188 0.68073 0.10730 0.78700 0.99835
0.57086 0.48382 0.09410 0.77023 0.91663
0.02886 0.04071 0.80587 0.53577 0.25394
0.36453 0.34091 0.15390 0.75190 0.37349
0.45496 0.82551 0.11877 0.84113 0.62967
0.10506 0.91460 0.11619 0.63588 0.93365
0.64389 0.27427 0.18578 0.84965 0.88365
0.03564 0.65472 0.20538 0.74793 0.76765
0.21610 0.29203 0.31229 0.92849 0.65747
0.11344 0.92923 0.12939 0.01882 0.78551
0.14537 0.41477 0.90714 0.83935 0.08154
0.40462 0.47499 0.11972 0.43645 0.46858
0.29836 0.91018 0.05840 0.16575 0.76485
0.29868 0.29368 0.37553 0.84627 0.70342
0.52521 0.69485 0.49090 0.92173 0.52758
0.23780 0.31484 0.20978 0.49703 0.14617
0.61963 0.26350 0.35777 0.19545 0.34385
0.25445 0.54683 0.32630 0.10920 0.27830
0.96126 0.48229 0.78587 0.12303 0.42210
0.00638 0.72792 0.72633 0.71974 0.17949
0.57715 0.85798 0.59675 0.12086 0.18804
0.27712 0.09361 0.53154 0.93364 0.85074
0.84241 0.03556 0.59675 0.71113 0.98067
0.87067 0.88048 0.81654 0.96599 0.84210
0.23321 0.55243 0.32040 0.75063 0.39373
0.88938 0.55030 0.15411 0.41223 0.61857
0.43844 0.79259 0.16102 0.62769 0.70097
0.81875 0.36493 0.90835 0.91358 0.92539
0.26067 0.03845 0.63553 0.26728 0.12711
0.87053 0.24783 0.89492 0.12536 0.91805
0.84245 0.50057 0.28432 0.12365 0.54053
0.65175 0.14526 0.84886 0.14032 0.47809
0.46857 0.12772 0.95915 0.15661 0.78428
0.97015 0.93883 0.77199 0.82035 0.67104
0.20408 0.85081 0.17888 0.93242 0.47704
0.78418 0.49360 0.13460 0.38459 0.94673
0.58323 0.48971 0.80720 0.23509 0.03391
0.53488 0.04223 0.60274 0.26464 0.48998
0.08737 0.42924 0.98072 0.89441 0.91422
0.94756 0.75015 0.78688 0.71584 0.83140
0.89161 0.27473 0.87204 0.75609 0.96461
0.05173 0.08385 0.85734 0.92505 0.95625
0.26652 0.32655 0.86203 0.33104 0.10042
0.00454 0.34483 0.68192 0.10628 0.30903
0.18950 0.50297 0.47622 0.20317 0.96358
0.27524 0.50100 0.40916 0.67725 0.33686
0.72715 0.93891 0.70622 0.03699 0.75369
0.00875 0.66669 0.39826 0.84321 0.99747
0.64657 0.21640 0.89076 0.10207 0.48555
0.11781 0.48978 0.16171 0.83717 0.97543
0.05741 0.67259 0.82253 0.44408 0.04895
0.68897 0.12929 0.98009 0.32401 0.33149
0.37933 0.95595 0.37113 0.70474 0.93876
0.76446 0.62302 0.49909 0.21345 0.35981
0.63908 0.22020 0.59808 0.42239 0.07763
0.91546 0.22423 0.98429 0.09390 0.78940
0.37998 0.31646 0.86512 0.54451 0.90853
0.56162 0.51374 0.97916 0.91926 0.87618
0.56633 0.07907 0.36999 0.85064 0.85876
0.54373 0.69468 0.82681 0.68330 0.72387
0.31907 0.28989 0.21320 0.12578 0.75095
0.80082 0.36684 0.83429 0.79131 0.37963
0.81101 0.56379 0.37711 0.90673 0.88786
0.07492 0.74141 0.32457 0.92324 0.68875
0.05021 0.81541 0.39622 0.97580 0.57444
0.72063 0.92826 0.66538 0.15884 0.88880
0.16756 0.86363 0.63094 0.81402 0.73833
0.27338 0.67726 0.50516 0.31214 0.57387
0.42634 0.54475 0.12057 0.15362 0.05003
0.64041 0.62790 0.94102 0.92938 0.18676
0.43633 0.33495 0.65006 0.01526 0.35479
0.80412 0.56069 0.95940 0.36328 0.47807
0.44231 0.01586 0.37015 0.38668 0.04808
0.81402 0.22610 0.67706 0.75687 0.86648
0.58439 0.94619 0.16272 0.17543 0.03193
0.47071 0.55270 0.28647 0.16221 0.22938
0.83581 0.41576 0.75584 0.83819 0.82828
0.50483 0.77708 0.42154 0.77140 0.62428
0.55257 0.98866 0.46755 0.61015 0.60924
0.55176 0.20192 0.11477 0.23918 0.20398
0.03814 0.42819 0.99785 0.35972 0.83113
0.81655 0.81387 0.57716 0.82548 0.06385
0.43438 0.50684 0.99153 0.11251 0.12496
0.52677 0.36719 0.65988 0.58943 0.42520
0.27455 0.89421 0.88521 0.05504 0.16310
0.97679 0.56440 0.35784 0.52100 0.67322
0.20458 0.55593 0.86715 0.10913 0.87291
0.06541 0.08054 0.97299 0.43226 0.43932
0.98788 0.04222 0.31307 0.29891 0.96624
0.34187 0.03771 0.78630 0.30131 0.58397
0.27331 0.48255 0.60440 0.82959 0.18021
0.29104 0.64881 0.46333 0.44885 0.51552
0.01478 0.51680 0.58161 0.59850 0.44066
0.18953 0.75584 0.04218 0.58544 0.30363
0.24598 0.86758 0.35731 0.66269 0.96544
0.35386 0.17532 0.92588 0.74686 0.86007
0.35279 0.22936 0.33433 0.72755 0.05906
0.72802 0.64085 0.62262 0.54947 0.39826
0.45516 0.04724 0.70370 0.10586 0.02183
0.58769 0.42159 0.64450 0.87959 0.95210
0.49464 0.40984 0.59763 0.99972 0.15606
0.75130 0.58554 0.03807 0.80763 0.71619
0.79879 0.68549 0.58556 0.36387 0.50784
0.32455 0.77614 0.42541 0.57602 0.95555
0.60165 0.09756 0.59332 0.37528 0.30732
0.06231 0.25258 0.51739 0.73541 0.32066
0.77839 0.73610 0.88459 0.72187 0.91320
0.92664 0.83691 0.52395 0.15554 0.58950
0.06230 0.78610 0.43216 0.73176 0.50507
0.08818 0.98848 0.47037 0.28060 0.27068
0.42467 0.56416 0.28864 0.10457 0.78430
0.19713 0.54722 0.04937 0.79487 0.37640
0.41624 0.44597 0.61113 0.56458 0.82983
0.07702 0.83013 0.94763 0.17967 0.40303
0.82752 0.60032 0.01683 0.91806 0.63192
0.72376 0.07696 0.84948 0.16972 0.67518
0.42144 0.96737 0.39085 0.57235 0.38618
0.41948 0.01971 0.39145 0.19016 0.75838
0.64207 0.52391 0.85954 0.48129 0.14738
0.32456 0.05181 0.46964 0.59129 0.53288
0.22134 0.44386 0.18569 0.40899 0.43241
0.08830 0.95039 0.07028 0.28695 0.93970
0.16785 0.93176 0.19064 0.02687 0.86700
0.38449 0.35183 0.12101 0.51500 0.80246
0.59328 0.02022 0.90157 0.19961 0.20321
0.45141 0.99579 0.00315 0.72007 0.11930
0.19404 0.46792 0.69480 0.48682 0.94397
0.79306 0.92935 0.46248 0.96399 0.67071
0.51439 0.89760 0.45830 0.60329 0.90692
0.58215 0.47461 0.05035 0.12189 0.56349
0.54811 0.58652 0.70375 0.45815 0.76675
0.07993 0.28983 0.54908 0.13110 0.61204
0.78562 0.75618 0.63747 0.29823 0.98437
0.48306 0.68288 0.04147 0.81775 0.32644
0.60486 0.44086 0.86083 0.93447 0.50263
0.27650 0.12631 0.08676 0.27686 0.80078
0.82126 0.89174 0.22057 0.59961 0.13158
0.67572 0.41923 0.22103 0.17710 0.49492
0.08581 0.24800 0.08104 0.07362 0.44791
0.77199 0.10705 0.66406 0.10357 0.48089
0.33123 0.48735 0.97337 0.95654 0.31423
0.87716 0.14616 0.56694 0.42609 0.27974
0.45296 0.26864 0.17910 0.82565 0.18100
0.80667 0.26560 0.30429 0.48479 0.71044
0.33738 0.56466 0.00928 0.40472 0.65075
0.94829 0.58288 0.23808 0.30929 0.77070
0.13079 0.03737 0.59537 0.60052 0.34236
0.12260 0.12100 0.07651 0.50103 0.49437
0.50471 0.02718 0.86625 0.98047 0.73893
0.54064 0.39968 0.71604 0.49096 0.98875
0.58810 0.09660 0.26147 0.88420 0.46187
0.34089 0.02891 0.34977 0.53800 0.95408
0.45704 0.53417 0.39355 0.69513 0.49065
0.85981 0.36462 0.72810 0.51473 0.64912
0.90969 0.76352 0.44874 0.85353 0.88811
0.57999 0.98728 0.28001 0.68788 0.34509
0.64966 0.33954 0.97252 0.90632 0.84753
0.78021 0.30216 0.20098 0.22025 0.68121
0.49352 0.92655 0.32819 0.06482 0.28069
0.61293 0.24371 0.91480 0.81219 0.08235
0.45464 0.15459 0.68299 0.75321 0.27472
0.17569 0.70204 0.87837 0.99688 0.82129
0.21634 0.49761 0.01236 0.93693 0.48761
0.23751 0.84917 0.02347 0.14171 0.48213
0.42952 0.74455 0.12783 0.16684 0.10536
0.85226 0.73157 0.57201 0.42966 0.87328
0.27009 0.14256 0.76425 0.77510 0.80719
0.83165 0.68081 0.84138 0.45834 0.95028
0.00140 0.29238 0.46640 0.88358 0.04922
0.76273 0.94495 0.63423 0.32523 0.78692
0.31501 0.78930 0.61260 0.21302 0.05582
0.20942 0.59311 0.21845 0.57680 0.03589
0.17961 0.90994 0.93061 0.65710 0.19468
0.91602 0.61647 0.86297 0.27268 0.74489
0.84538 0.47079 0.88472 0.77655 0.07676
0.91880 0.64919 0.16205 0.11739 0.04102
0.27823 0.94688 0.49535 0.78076 0.87222
0.60976 0.33352 0.24277 0.74513 0.30284
0.99707 0.84631 0.59913 0.73753 0.24712
0.83326 0.31248 0.97070 0.82974 0.24913
0.00238 0.09760 0.23025 0.61714 0.55733
0.87510 0.59269 0.26612 0.95428 0.73661
0.02316 0.96566 0.40890 0.59189 0.80259
0.84890 0.19454 0.91526 0.13157 0.06900
0.40330 0.13465 0.68987 0.28279 0.16932
0.97352 0.72818 0.91041 0.14283 0.55981
0.32267 0.67938 0.78074 0.70414 0.85677
0.90611 0.43287 0.44776 0.94484 0.34637
0.15873 0.78665 0.15352 0.63325 0.22126
0.66072 0.25944 0.21825 0.76448 0.22029
0.03098 0.39014 0.38859 0.48876 0.10594
0.89797 0.32478 0.27393 0.83370 0.72246
0.62057 0.76184 0.90136 0.55764 0.06928
0.02853 0.90497 0.13617 0.18197 0.87249
0.70257 0.23716 0.53994 0.36761 0.18483
0.23675 0.25352 0.55507 0.06455 0.81195
0.74933 0.09922 0.34029 0.79124 0.30474
0.95415 0.44203 0.89605 0.03857 0.07586
0.04912 0.55885 0.32529 0.78650 0.57438
0.90870 0.71529 0.13086 0.52840 0.47694
0.01941 0.00110 0.87557 0.40191 0.88716
0.66951 0.16874 0.11049 0.33518 0.41930
0.54422 0.40448 0.68230 0.58159 0.38144
0.35346 0.42985 0.92660 0.17429 0.06275
0.66216 0.54578 0.72940 0.21462 0.13898
0.51766 0.83874 0.04342 0.08035 0.87610
0.49569 0.85508 0.73043 0.55897 0.91369
0.59210 0.53746 0.37341 0.49329 0.32935
0.72430 0.44063 0.06304 0.46173 0.95547
0.63912 0.48899 0.90506 0.31716 0.89452
0.79974 0.02403 0.51827 0.70676 0.30218
0.31187 0.20045 0.80266 0.22426 0.98367
0.16806 0.02416 0.46946 0.36549 0.30365
0.40523 0.04580 0.85981 0.72391 0.09245
0.05964 0.22696 0.88483 0.78094 0.57783
0.10149 0.27413 0.21434 0.33295 0.86887
0.07758 0.27403 0.70296 0.83089 0.58416
0.74598 0.08609 0.80471 0.98163 0.28649
0.83999 0.68526 0.31214 0.99916 0.74337
0.86410 0.98458 0.17565 0.65459 0.22649
0.89150 0.61200 0.70216 0.92353 0.79602
0.43841 0.40048 0.06584 0.89139 0.82916
0.08779 0.27815 0.70496 0.42163 0.71172
0.26125 0.18271 0.16613 0.86784 0.64180
0.37652 0.98952 0.43012 0.25243 0.29641
0.54231 0.97891 0.21695 0.42524 0.49608
0.16238 0.76295 0.08738 0.96337 0.83687
0.68695 0.57153 0.98316 0.48363 0.91798
0.38956 0.20238 0.94363 0.34706 0.47273
0.28028 0.58195 0.11235 0.56537 0.15129
0.79496 0.20203 0.11651 0.37473 0.01945
0.82087 0.38673 0.17868 0.64700 0.87170
0.95376 0.37404 0.31342 0.85789 0.32427
0.33047 0.67229 0.09483 0.55477 0.45897
0.04617 0.39061 0.09680 0.01694 0.03371
0.49290 0.68831 0.75604 0.50681 0.98781
0.18148 0.59402 0.51803 0.44482 0.87971
0.14120 0.22886 0.35825 0.96102 0.27225
0.83612 0.74746 0.47673 0.67712 0.42973
0.70333 0.69091 0.54424 0.92112 0.42215
0.82327 0.69363 0.27098 0.57215 0.39778
0.60421 0.07179 0.08867 0.49445 0.57125
0.59853 0.63680 0.31039 0.90942 0.95483
0.88092 0.08045 0.92638 0.51827 0.98664
0.34358 0.50400 0.88457 0.76864 0.96971
0.16562 0.71614 0.68916 0.69008 0.53928
0.39473 0.47518 0.86711 0.64255 0.44993
0.59129 0.21753 0.93583 0.18311 0.96321
0.93050 0.04680 0.98285 0.48448 0.78946
0.12079 0.64418 0.31088 0.94276 0.51698
0.57072 0.78701 0.00895 0.75653 0.09399
0.41633 0.87743 0.20658 0.98840 0.96985
0.83883 0.13201 0.59099 0.89080 0.02531
0.95526 0.63745 0.31459 0.31799 0.67193
0.31167 0.83525 0.17442 0.96984 0.10473
0.21829 0.55070 0.91828 0.81448 0.39133
0.10199 0.42398 0.42379 0.46774 0.74447
0.46698 0.43757 0.27357 0.35646 0.31595
0.27639 0.66731 0.67251 0.06699 0.03958
0.22638 0.59377 0.69725 0.30321 0.61153
0.20707 0.34037 0.24451 0.10294 0.02017
0.82377 0.98461 0.51369 0.31009 0.89656
0.16826 0.51643 0.38359 0.57542 0.79180
0.97614 0.51375 0.79610 0.09476 0.94821
0.59795 0.04894 0.29459 0.34448 0.88178
0.67717 0.24384 0.98291 0.64606 0.98847
0.78380 0.46534 0.07838 0.53075 0.63564
0.23142 0.38440 0.65200 0.32744 0.27231
0.72281 0.19642 0.63616 0.99135 0.58730
0.73939 0.97771 0.73847 0.82647 0.04587
0.79229 0.62729 0.26076 0.24827 0.60774
0.29231 0.45125 0.60873 0.61055 0.07029
0.60115 0.67591 0.06522 0.57239 0.42426
0.28962 0.19052 0.05798 0.23613 0.24265
0.44318 0.17166 0.30379 0.93879 0.85062
0.84262 0.81103 0.23133 0.38799 0.47146
0.70388 0.85069 0.03972 0.53340 0.28604
0.37036 0.03748 0.37916 0.83722 0.80490
0.90560 0.75995 0.48964 0.86982 0.51263
0.78649 0.29304 0.00030 0.78781 0.49638
0.40082 0.91152 0.60665 0.39419 0.47340
0.79679 0.88634 0.41645 0.81305 0.30781
0.51817 0.88059 0.82220 0.09668 0.86088
0.10046 0.51752 0.56460 0.61999 0.21841
0.02626 0.42933 0.81699 0.62798 0.81570
0.69340 0.91736 0.58616 0.69782 0.82586
0.77251 0.28251 0.22915 0.06590 0.32474
0.25102 0.91044 0.93974 0.91358 0.66153
0.53732 0.47072 0.91650 0.85834 0.27117
0.34933 0.19713 0.84128 0.04878 0.43728
0.21454 0.92594 0.50146 0.67141 0.68313
0.97146 0.35311 0.87189 0.18978 0.66624
0.95307 0.65513 0.42022 0.64162 0.71067
0.72254 0.30858 0.19635 0.38394 0.10117
0.30169 0.47006 0.29696 0.81608 0.02060
0.74921 0.20677 0.48156 0.69511 0.66675
0.64452 0.40738 0.11327 0.45766 0.90728
0.38392 0.14277 0.04969 0.75536 0.19447
0.97047 0.56585 0.69807 0.06606 0.56578
0.53684 0.93219 0.22470 0.82785 0.72827
0.35088 0.78819 0.33609 0.24112 0.72029
0.87623 0.96261 0.76915 0.73688 0.29873
0.26519 0.35112 0.19895 0.09839 0.74359
0.20927 0.86059 0.76074 0.81702 0.32407
0.19463 0.32567 0.12032 0.96532 0.62066
0.59442 0.19805 0.65138 0.96229 0.18239
0.40911 0.56338 0.14433 0.93879 0.68886
0.30753 0.43546 0.34518 0.86820 0.81145
0.42592 0.92337 0.70842 0.31215 0.62097
0.98676 0.35228 0.21873 0.06559 0.13629
0.95313 0.25167 0.08062 0.20539 0.54821
0.33614 0.25654 0.99969 0.22083 0.44538
0.58662 0.10479 0.62349 0.41309 0.38341
0.71164 0.12940 0.75246 0.79757 0.88318
0.76387 0.79070 0.25015 0.37625 0.54182
0.71147 0.03070 0.83705 0.21195 0.59858
0.02731 0.74993 0.57791 0.72745 0.70285
0.14371 0.42500 0.88311 0.26506 0.94972
0.24036 0.56008 0.11834 0.75280 0.44763
0.57680 0.46682 0.82100 0.68466 0.68615
0.05088 0.57798 0.02960 0.84981 0.58704
0.06773 0.27901 0.03191 0.95042 0.33598
0.64412 0.50148 0.43928 0.03218 0.95827
0.32906 0.04943 0.39925 0.23852 0.38910
0.92026 0.51803 0.77811 0.37074 0.50617
0.99169 0.11007 0.58358 0.53242 0.60492
0.63057 0.58947 0.47809 0.82235 0.82453
0.35998 0.08098 0.45062 0.58066 0.22108
0.94686 0.01195 0.43652 0.15496 0.81258
0.57845 0.54984 0.47737 0.75877 0.01289
0.61080 0.79798 0.73307 0.54167 0.52844
0.63327 0.72005 0.41514 0.91822 0.02733
0.10272 0.25338 0.34504 0.49417 0.91400
0.20946 0.43529 0.89847 0.44639 0.87437
0.98738 0.25265 0.53213 0.33431 0.88076
0.76044 0.20980 0.23911 0.47471 0.28254
0.11983 0.45368 0.65272 0.56790 0.23565
0.44587 0.79060 0.72914 0.06251 0.70708
0.90444 0.82024 0.58703 0.32479 0.22127
0.23550 0.63749 0.71304 0.00555 0.61101
0.33050 0.69835 0.11632 0.78211 0.65278
0.35687 0.07039 0.41870 0.88479 0.56946
0.79034 0.83074 0.65714 0.02157 0.69662
0.53020 0.42921 0.56728 0.30664 0.00849
0.42502 0.37350 0.95855 0.68150 0.22082
0.73302 0.07838 0.19788 0.65187 0.81530
0.04878 0.44194 0.97135 0.30063 0.11223
0.59995 0.16018 0.60961 0.36105 0.32851
0.91191 0.43338 0.05789 0.26229 0.76535
0.28911 0.38506 0.86921 0.28614 0.96011
0.53656 0.93246 0.79574 0.26826 0.93390
0.26263 0.02295 0.50642 0.94975 0.70832
0.21359 0.45169 0.05864 0.06105 0.50034
0.86355 0.19287 0.21019 0.99958 0.93665
0.43178 0.27784 0.06070 0.03428 0.19338
0.45026 0.39264 0.51342 0.10246 0.02078
0.60150 0.80436 0.84181 0.87132 0.11528
0.35305 0.64410 0.26868 0.87095 0.62267
0.60268 0.23234 0.10659 0.15045 0.60415
0.46997 0.96269 0.89572 0.67568 0.32898
0.74229 0.02269 0.83278 0.66403 0.00803
0.29913 0.72365 0.74847 0.92647 0.15898
0.76379 0.47582 0.41349 0.41868 0.39114
0.42261 0.05372 0.66777 0.53320 0.13685
0.83325 0.23534 0.99731 0.32153 0.73456
0.02381 0.82552 0.51683 0.00729 0.37074
0.45989 0.87125 0.75419 0.69799 0.72295
0.97841 0.15515 0.65561 0.26202 0.64056
0.15872 0.04301 0.89560 0.38120 0.06573
0.93341 0.82748 0.26464 0.35443 0.27505
0.39997 0.79917 0.01194 0.17325 0.40623
0.64000 0.16459 0.85601 0.42470 0.56904
0.95887 0.89280 0.18861 0.74890 0.19332
0.58102 0.07324 0.24947 0.19548 0.94722
0.61172 0.10162 0.65620 0.50476 0.64574
0.90634 0.94495 0.99847 0.55553 0.06704
0.11066 0.22758 0.93094 0.05551 0.76036
0.20033 0.61646 0.79560 0.12601 0.21277
0.95301 0.04920 0.59460 0.13034 0.90914
0.95456 0.48984 0.20940 0.80869 0.27794
0.05108 0.60608 0.52517 0.68180 0.60352
0.24014 0.64549 0.58451 0.10560 0.69258
0.97209 0.88095 0.31561 0.10962 0.01466
0.67099 0.68289 0.00346 0.99741 0.23877
0.35213 0.03336 0.72278 0.64307 0.37796
0.03831 0.96895 0.48098 0.57479 0.51046
0.42263 0.15503 0.66319 0.45633 0.64385
0.96937 0.61856 0.40483 0.49768 0.17215
0.95996 0.80928 0.42865 0.23592 0.15219
0.86868 0.84413 0.06362 0.38473 0.35167
0.50480 0.47438 0.75394 0.67739 0.78145
0.96785 0.17107 0.06781 0.11920 0.65672
0.23057 0.87483 0.26384 0.61716 0.77150
0.77020 0.68751 0.80787 0.97266 0.01655
0.15077 0.49146 0.39578 0.80975 0.33749
0.60131 0.11156 0.33743 0.86615 0.31828
0.78785 0.46013 0.88018 0.50678 0.36834
0.14074 0.47272 0.63909 0.69937 0.81036
0.09014 0.89462 0.58621 0.64884 0.21663
0.66084 0.14856 0.60270 0.08555 0.41867
0.79917 0.45400 0.34974 0.76746 0.27947
0.15768 0.84923 0.27847 0.75625 0.43758
0.39176 0.54703 0.63320 0.41213 0.63396
0.35403 0.59354 0.13571 0.88290 0.42586
0.87994 0.22823 0.25786 0.73623 0.73307
0.51389 0.40304 0.11656 0.54717 0.25647
0.97906 0.44885 0.13632 0.29837 0.44609
0.78783 0.63486 0.10530 0.90329 0.48330
0.74278 0.01518 0.93312 0.50762 0.31872
0.89519 0.96168 0.89445 0.45494 0.29484
0.13053 0.29096 0.87115 0.28071 0.86993
0.07769 0.61047 0.43795 0.15463 0.35142
0.99679 0.31386 0.86107 0.67204 0.53299
0.53996 0.88117 0.28068 0.45445 0.10694
0.98156 0.13375 0.71282 0.53031 0.85103
0.04078 0.20148 0.78180 0.10510 0.22494
0.41882 0.90062 0.08115 0.07934 0.49699
0.66284 0.85701 0.23478 0.11727 0.73756
0.99128 0.78042 0.76449 0.19909 0.83033
0.67068 0.82465 0.36655 0.42968 0.70139
0.06362 0.68672 0.09242 0.91565 0.99813
0.07971 0.94961 0.27377 0.48915 0.19429
0.80060 0.66973 0.85412 0.18032 0.06438
0.70485 0.92351 0.56424 0.58611 0.40646
0.42018 0.90348 0.27709 0.86143 0.86828
0.05767 0.08427 0.28336 0.56613 0.49021
0.10902 0.32294 0.03647 0.08104 0.66248
0.46831 0.54862 0.05286 0.50562 0.59988
0.00286 0.70949 0.43873 0.23744 0.38823
0.53655 0.57700 0.57163 0.13021 0.11061
0.44118 0.16961 0.97144 0.83455 0.25812
0.20350 0.53117 0.42646 0.37277 0.47340
0.47336 0.38858 0.29413 0.93510 0.49330
0.80413 0.54240 0.44251 0.59154 0.21354
0.77894 0.41719 0.98875 0.04697 0.74146
0.05723 0.52305 0.41896 0.80806 0.96780
0.18440 0.84086 0.43577 0.14935 0.24238
0.04116 0.13219 0.26141 0.99923 0.92301
0.76809 0.67225 0.89725 0.25061 0.15160
0.25778 0.38110 0.73459 0.28437 0.29153
0.50877 0.61154 0.94566 0.30767 0.99958
0.32329 0.22401 0.78878 0.51363 0.72845
0.69740 0.92677 0.87542 0.55700 0.40221
0.36842 0.71150 0.13973 0.34093 0.91143
0.68478 0.29375 0.41387 0.66481 0.39149
0.24147 0.12790 0.64805 0.38469 0.25178
0.09923 0.64146 0.74022 0.43201 0.83315
0.59336 0.97356 0.53468 0.37925 0.70398
0.13923 0.86497 0.97201 0.26242 0.34970
0.41540 0.77440 0.09086 0.16693 0.34855
0.53264 0.57448 0.47507 0.82027 0.60831
0.01072 0.89719 0.08723 0.37855 0.05354
0.78172 0.74422 0.10962 0.90922 0.96958
0.24495 0.06115 0.59015 0.24800 0.67303
0.32479 0.28440 0.48904 0.22919 0.88665
0.55260 0.24850 0.61618 0.83429 0.88831
0.09343 0.26640 0.89755 0.92599 0.25957
0.62538 0.89940 0.70459 0.39025 0.52798
0.82296 0.16604 0.50492 0.79438 0.40468
0.68085 0.57890 0.68446 0.28377 0.88043
0.18824 0.01803 0.92672 0.17486 0.85733
0.86509 0.98269 0.29499 0.40971 0.33561
0.59738 0.38296 0.95035 0.59334 0.37191
0.66081 0.10296 0.76230 0.43835 0.07786
0.67271 0.60355 0.15993 0.47904 0.76685
0.27944 0.51977 0.31961 0.47774 0.35057
0.56371 0.88782 0.42459 0.68370 0.21707
0.41223 0.36286 0.67286 0.69202 0.59894
0.88806 0.42007 0.98937 0.63009 0.36086
0.84010 0.91930 0.76951 0.78870 0.78597
0.51956 0.97162 0.23154 0.65570 0.14270
0.06524 0.86941 0.54745 0.22407 0.78876
0.14341 0.60825 0.98278 0.42890 0.81936
0.29884 0.52644 0.90323 0.06507 0.95223
0.16081 0.84409 0.03663 0.03771 0.95825
0.54306 0.94977 0.83013 0.46476 0.51140
0.37481 0.88339 0.72193 0.39671 0.91439
0.93792 0.46605 0.04548 0.27341 0.76177
0.04881 0.81558 0.31675 0.11691 0.38890
0.19212 0.56002 0.96992 0.68691 0.01496
0.76052 0.86570 0.74276 0.06313 0.93675
0.26475 0.07193 0.15589 0.02019 0.56641
0.46937 0.15974 0.42744 0.12686 0.20496
0.10615 0.49931 0.99595 0.41314 0.31841
0.05819 0.14448 0.30574 0.31670 0.70543
0.87312 0.11520 0.05617 0.89930 0.39797
0.49841 0.71748 0.75717 0.24607 0.81300
0.84662 0.44381 0.57907 0.52986 0.95004
0.47033 0.63026 0.62775 0.14034 0.33043
0.83921 0.17222 0.54872 0.01140 0.54963
0.31143 0.54741 0.06596 0.17605 0.79535
0.60452 0.83893 0.41056 0.14364 0.14826
0.05183 0.23524 0.90358 0.25093 0.33203
0.03511 0.00364 0.80362 0.36369 0.66203
0.18065 0.87828 0.05262 0.68956 0.28992
0.14850 0.90269 0.25873 0.74639 0.06126
0.15787 0.54785 0.61734 0.93781 0.82236
0.41134 0.35859 0.36875 0.74532 0.35886
0.42761 0.61346 0.63071 0.43578 0.84526
0.95305 0.23012 0.71322 0.36618 0.17598
0.15157 0.38269 0.13535 0.20026 0.97617
0.47496 0.88890 0.74541 0.45325 0.82930
0.35021 0.04929 0.40762 0.49300 0.15349
0.71353 0.10419 0.03979 0.67967 0.52577
0.26445 0.98749 0.95849 0.54541 0.19348
0.17488 0.08179 0.97761 0.35588 0.84816
0.22667 0.16891 0.02565 0.25129 0.11859
0.96764 0.96457 0.03194 0.75664 0.52857
0.06001 0.70489 0.99885 0.43802 0.80023
0.55549 0.19170 0.70209 0.16032 0.21853
0.70962 0.06674 0.09901 0.20450 0.91840
0.76773 0.02235 0.64988 0.87305 0.75882
0.32329 0.57180 0.45474 0.40895 0.44036
0.08867 0.78520 0.29585 0.42242 0.50075
0.67569 0.86115 0.66408 0.47797 0.66878
0.51897 0.62890 0.50784 0.59391 0.87854
0.70792 0.49783 0.86224 0.23264 0.10889
0.26241 0.08250 0.82848 0.23080 0.46520
0.31160 0.80478 0.53422 0.56065 0.42318
0.76213 0.51534 0.51104 0.12155 0.16181
0.25073 0.93592 0.36343 0.71197 0.94918
0.37568 0.64176 0.87800 0.93526 0.83000
0.78672 0.03622 0.60413 0.36705 0.85496
0.37595 0.62472 0.45924 0.76163 0.60490
0.56735 0.36354 0.01838 0.47300 0.02252
0.26678 0.05817 0.45100 0.03574 0.52028
0.24652 0.83375 0.28289 0.92740 0.23912
0.75125 0.80231 0.72653 0.29884 0.07075
0.80256 0.37847 0.94401 0.94376 0.14498
0.28194 0.47329 0.50609 0.58105 0.45137
0.70346 0.36483 0.59266 0.91273 0.81647
0.64370 0.29435 0.73448 0.84603 0.17714
0.22699 0.08969 0.40424 0.59084 0.71032
0.04841 0.99234 0.11102 0.62428 0.32961
0.86534 0.73620 0.58183 0.83733 0.87479
0.32864 0.32285 0.46690 0.99036 0.38153
0.75470 0.93178 0.79550 0.68627 0.61032
0.22241 0.28760 0.81343 0.08897 0.04187
0.21375 0.61463 0.79767 0.31771 0.69478
0.56831 0.32682 0.51379 0.38275 0.50912
0.32675 0.57436 0.47328 0.82191 0.11860
0.21096 0.63521 0.24788 0.07975 0.70878
0.95518 0.94392 0.77012 0.10643 0.91410
0.46868 0.51491 0.98427 0.71792 0.92699
0.12528 0.19307 0.07039 0.32271 0.78208
0.59082 0.79723 0.04418 0.83136 0.93570
0.98912 0.01619 0.26311 0.70264 0.33927
0.25109 0.33192 0.45456 0.77038 0.67405
0.97009 0.35035 0.89934 0.61374 0.39423
0.24249 0.50809 0.80487 0.15210 0.08679
0.81573 0.50698 0.52215 0.93170 0.40370
0.57293 0.93116 0.39963 0.37977 0.18831
0.90731 0.14811 0.83876 0.96254 0.89309
0.36862 0.76273 0.29807 0.80980 0.81805
0.10284 0.46855 0.19701 0.57333 0.70042
0.31602 0.26168 0.38186 0.91894 0.94393
0.27948 0.06360 0.40428 0.70218 0.26635
0.76112 0.67016 0.34870 0.16149 0.45872
0.36924 0.31217 0.42557 0.74175 0.52868
0.82618 0.27225 0.25190 0.30317 0.33916
0.57319 0.81844 0.68588 0.48529 0.65810
0.93447 0.35600 0.24653 0.48379 0.86236
0.47180 0.42817 0.55248 0.84485 0.20724
0.58480 0.26259 0.11172 0.00629 0.08401
0.65810 0.64220 0.50807 0.89457 0.51938
0.99714 0.79744 0.71393 0.08465 0.13101
0.86128 0.59914 0.92143 0.65675 0.43222
0.22988 0.69069 0.35426 0.99953 0.04241
0.36782 0.25588 0.52933 0.30991 0.86580
0.68679 0.04693 0.45711 0.09266 0.75154
0.14388 0.10359 0.37009 0.38078 0.77752
0.94698 0.99297 0.66793 0.07546 0.76873
0.69723 0.58966 0.25945 0.01875 0.75593
0.81414 0.56917 0.26781 0.13565 0.25942
0.55916 0.87797 0.26561 0.89636 0.95558
0.49111 0.46496 0.17435 0.99730 0.06262
0.79809 0.34204 0.65700 0.17806 0.76620
0.76815 0.33038 0.81668 0.79771 0.27713
0.16500 0.56901 0.38243 0.00926 0.64106
0.99125 0.88901 0.28948 0.43254 0.67570
0.58687 0.95752 0.32513 0.70958 0.65533
0.17430 0.75134 0.88563 0.42711 0.60439
0.30411 0.94622 0.60381 0.45864 0.80564
0.33563 0.03650 0.53701 0.94822 0.15200
0.20226 0.23798 0.09952 0.90989 0.74215
0.67669 0.57882 0.52413 0.47933 0.95563
0.38187 0.71319 0.97705 0.68372 0.55959
0.93425 0.01658 0.16308 0.33782 0.38687
0.31357 0.27106 0.56521 0.54731 0.89618
0.80673 0.20921 0.64546 0.03412 0.87495
0.43574 0.98358 0.77856 0.76679 0.52490
0.19436 0.89905 0.53780 0.81531 0.52632
0.40987 0.57577 0.74799 0.89115 0.31182
0.19738 0.80808 0.47552 0.80954 0.91484
0.65154 0.42710 0.68970 0.78779 0.29638
0.76910 0.22501 0.76485 0.16646 0.26243
0.94373 0.70238 0.03940 0.59099 0.64260
0.32131 0.93767 0.22562 0.49261 0.02763
0.92357 0.25296 0.93579 0.37466 0.62360
0.50376 0.26776 0.12170 0.14105 0.00130
0.20627 0.73651 0.54520 0.62178 0.21626
0.50368 0.93167 0.92354 0.24915 0.52396
0.61174 0.07481 0.53382 0.85452 0.38561
0.01774 0.04673 0.90139 0.29332 0.46353
0.43390 0.66491 0.08569 0.82270 0.48840
0.48731 0.34370 0.27706 0.10099 0.64999
0.92591 0.24590 0.20426 0.64121 0.54932
0.21374 0.26229 0.57584 0.14026 0.29828
0.17429 0.02275 0.76788 0.69381 0.69121
0.09273 0.64064 0.52049 0.80652 0.98943
0.15092 0.35035 0.59504 0.41943 0.17894
0.20971 0.58340 0.75019 0.79411 0.58468
0.48251 0.23939 0.66027 0.12998 0.85324
0.27123 0.19033 0.22317 0.50587 0.86250
0.40714 0.23831 0.01828 0.20586 0.20282
0.92631 0.38225 0.33783 0.72669 0.41583
0.37909 0.58814 0.65372 0.71957 0.80187
0.83557 0.58305 0.14585 0.98489 0.42569
0.39466 0.98038 0.99676 0.05542 0.93424
0.27964 0.74873 0.34527 0.27571 0.43853
0.46426 0.78672 0.69699 0.21089 0.61001
0.27333 0.98494 0.79891 0.44352 0.10677
0.48812 0.37308 0.80810 0.06406 0.90412
0.82753 0.06664 0.95043 0.47137 0.85904
0.31321 0.18471 0.80693 0.12044 0.07031
0.08435 0.69035 0.85968 0.20248 0.86367
0.21574 0.08199 0.97652 0.07605 0.89684
0.29504 0.55039 0.09574 0.76527 0.73620
0.50942 0.44856 0.98925 0.97454 0.93511
0.39269 0.03710 0.02538 0.82577 0.33551
0.88195 0.18307 0.18342 0.48018 0.72044
0.06138 0.59141 0.77660 0.45377 0.83737
0.45741 0.50320 0.49190 0.32561 0.18220
0.46258 0.46124 0.70511 0.84509 0.71783
0.25976 0.53188 0.60734 0.50173 0.38277
0.05510 0.22371 0.56037 0.01103 0.22635
0.07159 0.70904 0.05166 0.95071 0.71618
0.29767 0.52546 0.32690 0.06454 0.46781
0.28653 0.85013 0.53414 0.09437 0.46389
0.08689 0.66377 0.83717 0.52103 0.38169
0.48791 0.53045 0.57507 0.87540 0.15369
0.11371 0.10803 0.83960 0.00947 0.94552
0.49496 0.60717 0.61008 0.69447 0.15633
0.71788 0.08135 0.19983 0.20677 0.84109
0.04163 0.89387 0.31703 0.56036 0.75496
0.13071 0.39856 0.83247 0.01520 0.07946
0.72015 0.64228 0.54463 0.35500 0.86926
0.98487 0.12907 0.41150 0.63944 0.91031
0.60683 0.60174 0.11615 0.64171 0.15846
0.18809 0.68893 0.84406 0.74302 0.07376
0.68142 0.46719 0.41184 0.58600 0.63478
0.44047 0.21823 0.81461 0.27501 0.12599
0.28776 0.64391 0.83674 0.57181 0.66175
0.85120 0.69726 0.66801 0.57497 0.98866
0.29840 0.30686 0.46247 0.22278 0.30344
0.02691 0.94401 0.10920 0.33881 0.09715
0.16910 0.29346 0.78226 0.37301 0.88283
0.50656 0.43763 0.18802 0.72673 0.33010
0.35972 0.24865 0.64068 0.22564 0.23481
0.79922 0.39542 0.36116 0.33431 0.38045
0.07151 0.85013 0.52899 0.13599 0.37291
0.00719 0.11786 0.04633 0.23768 0.97226
0.13294 0.90645 0.41346 0.72568 0.06163
0.10760 0.15207 0.34063 0.40528 0.98061
0.66969 0.07922 0.68173 0.38360 0.81833
0.65439 0.32978 0.82609 0.59908 0.07949
0.30253 0.26010 0.90013 0.27645 0.56665
0.40910 0.14815 0.41427 0.76000 0.70624
0.54954 0.91392 0.35240 0.69706 0.69410
0.94180 0.80488 0.92085 0.83485 0.01128
0.86314 0.72561 0.78558 0.75202 0.56702
0.33382 0.12584 0.28053 0.17551 0.52170
0.25835 0.65221 0.52394 0.49500 0.65560
0.47964 0.94887 0.54736 0.38738 0.63729
0.62044 0.83126 0.45711 0.40445 0.98168
0.25595 0.04905 0.27236 0.69873 0.43789
0.86366 0.73435 0.81153 0.01939 0.50466
0.65000 0.44338 0.48136 0.68130 0.94800
0.98439 0.92830 0.73229 0.21138 0.89340
0.08767 0.85621 0.96549 0.86547 0.21103
0.21012 0.66636 0.24866 0.41856 0.09569
0.15916 0.46676 0.45650 0.91199 0.29643
0.69243 0.32131 0.43659 0.08565 0.53078
0.85505 0.16065 0.52939 0.83824 0.04723
0.33202 0.09950 0.42990 0.68786 0.39980
0.03246 0.23768 0.11117 0.98558 0.86346
0.28738 0.75993 0.34609 0.93501 0.70564
0.83762 0.90438 0.62980 0.33245 0.66862
0.52560 0.56076 0.75449 0.14951 0.62832
0.25247 0.21904 0.85702 0.75598 0.13002
0.35216 0.32539 0.19831 0.20519 0.91027
0.19866 0.71652 0.84170 0.05571 0.57300
0.09118 0.79132 0.57056 0.22055 0.02202
0.06830 0.87128 0.92479 0.25504 0.65498
0.77564 0.42272 0.43101 0.70610 0.81241
0.85580 0.13260 0.34515 0.14022 0.53514
0.79543 0.27640 0.08257 0.99787 0.60203
0.19504 0.13979 0.17492 0.37231 0.31442
0.57334 0.96735 0.15741 0.67303 0.84242
0.84639 0.46932 0.49894 0.78081 0.00332
0.33856 0.30805 0.29974 0.31650 0.98437
0.57487 0.00476 0.27870 0.17591 0.52679
0.10914 0.72054 0.29587 0.23054 0.63196
0.28889 0.78931 0.08687 0.12708 0.22669
0.45157 0.77759 0.38413 0.28390 0.04806
0.98363 0.63769 0.24873 0.11110 0.38981
0.01819 0.35160 0.60021 0.94522 0.33395
0.16238 0.32395 0.70775 0.67824 0.62662
0.40467 0.60390 0.65347 0.80910 0.31317
0.42912 0.15049 0.25482 0.80634 0.86389
0.64541 0.87488 0.81055 0.21726 0.96020
0.96285 0.33226 0.85540 0.62605 0.79529
0.64242 0.33203 0.69231 0.04959 0.76591
0.57479 0.84295 0.19012 0.03688 0.10471
0.38585 0.50572 0.94613 0.56517 0.94823
0.60706 0.43849 0.05695 0.91593 0.48694
0.78493 0.18805 0.66474 0.64112 0.60360
0.70371 0.27613 0.59616 0.46296 0.04378
0.19616 0.66215 0.74801 0.58765 0.61743
0.23984 0.69598 0.45186 0.17418 0.13996
0.51038 0.74108 0.19927 0.70810 0.17761
0.70712 0.64305 0.83096 0.38932 0.40657
0.60930 0.59331 0.75985 0.02484 0.41493
0.91099 0.26268 0.66264 0.78062 0.35435
0.23936 0.29296 0.36867 0.32364 0.39053
0.85561 0.59956 0.65469 0.91731 0.04821
0.25736 0.88813 0.91434 0.97484 0.92015
0.62599 0.95494 0.72371 0.94114 0.67053
0.65125 0.83512 0.54085 0.34335 0.98783
0.54515 0.44256 0.08021 0.54660 0.52977
0.20352 0.98007 0.08548 0.43469 0.51904
0.50022 0.26954 0.23323 0.94658 0.60727
0.55418 0.43714 0.46401 0.44865 0.26637
0.83397 0.09331 0.48206 0.53730 0.66657
0.47788 0.22135 0.64100 0.22424 0.80280
0.42812 0.40167 0.79333 0.52576 0.89163
0.52123 0.42248 0.53232 0.70058 0.48078
0.22412 0.05430 0.64533 0.81191 0.31041
0.50419 0.46361 0.84380 0.78798 0.06387
0.66286 0.99776 0.69630 0.54742 0.22225
0.65549 0.00235 0.37069 0.55946 0.73513
0.26883 0.11437 0.25811 0.63103 0.47494
0.67596 0.81057 0.56620 0.18660 0.21248
0.54328 0.45308 0.79590 0.15704 0.01822
0.50872 0.83361 0.39160 0.16688 0.11407
0.82010 0.05743 0.69297 0.69778 0.01904
0.55110 0.09780 0.40255 0.12281 0.94950
0.99080 0.18710 0.83084 0.02544 0.05843
0.52750 0.42004 0.17618 0.66440 0.15529
0.13680 0.51070 0.99132 0.35556 0.81456
0.02286 0.28257 0.57557 0.60382 0.84128
0.91623 0.36320 0.06164 0.53711 0.07707
0.57462 0.17879 0.48607 0.79394 0.03526
0.30890 0.91029 0.69262 0.50621 0.30988
0.11497 0.87766 0.60936 0.42454 0.11129
0.33611 0.42019 0.74252 0.78553 0.57596
0.87224 0.18126 0.78019 0.13609 0.62564
0.08387 0.63431 0.13784 0.85749 0.68209
0.71418 0.17540 0.34982 0.60594 0.67187
0.16873 0.89479 0.04118 0.00329 0.69306
0.24946 0.58428 0.32580 0.97402 0.18427
0.98380 0.14473 0.12070 0.04434 0.22386
0.72349 0.35894 0.68609 0.18410 0.25014
0.99853 0.80595 0.65242 0.52097 0.05728
0.71435 0.64080 0.60038 0.85796 0.09759
0.80564 0.06320 0.48698 0.73952 0.55647
0.73765 0.28250 0.51259 0.96154 0.96932
0.29538 0.23840 0.84120 0.58578 0.40586
0.50790 0.85859 0.75852 0.95246 0.75391
0.79649 0.94050 0.34069 0.50372 0.17952
0.76744 0.10507 0.15367 0.04116 0.01417
0.77793 0.01182 0.68898 0.56093 0.50567
0.00650 0.70630 0.01362 0.96726 0.33814
0.77447 0.90142 0.07137 0.68119 0.75146
0.48710 0.98139 0.36048 0.07952 0.20493
0.38839 0.07267 0.88432 0.73765 0.13862
0.49387 0.79565 0.49561 0.69192 0.33668
0.08739 0.55405 0.64542 0.85564 0.97777
0.06302 0.48252 0.48045 0.38587 0.27143
0.18455 0.05807 0.21201 0.56206 0.36021
0.50923 0.54953 0.81658 0.85530 0.27841
0.01166 0.85382 0.70888 0.66965 0.63480
0.02842 0.13067 0.15060 0.96611 0.44456
0.49816 0.60798 0.82916 0.36806 0.28358
0.01143 0.35269 0.17993 0.62533 0.52055
0.61822 0.10156 0.17431 0.59984 0.49436
0.06196 0.88864 0.23767 0.60487 0.91493
0.70581 0.38717 0.63068 0.37544 0.91628
0.43236 0.95839 0.54075 0.75898 0.79168
0.70192 0.60801 0.13669 0.92244 0.30302
0.51342 0.73037 0.99627 0.35672 0.20268
0.68934 0.43133 0.46063 0.69796 0.22905
0.20197 0.44182 0.24152 0.97907 0.03414
0.39893 0.66265 0.33394 0.59449 0.07336
0.96613 0.97063 0.95770 0.08622 0.87568
0.26269 0.88207 0.36773 0.65748 0.02102
0.82137 0.27351 0.25328 0.69831 0.39758
0.17649 0.30907 0.18055 0.20706 0.13011
0.43406 0.41590 0.08196 0.19140 0.96495
0.77314 0.38182 0.38725 0.53980 0.20903
0.88711 0.29884 0.25375 0.43677 0.19317
0.90209 0.78735 0.54151 0.46195 0.94249
0.82034 0.39972 0.70370 0.42444 0.58771
0.38832 0.83717 0.44934 0.56931 0.21618
0.72081 0.13732 0.70403 0.47988 0.81603
0.11356 0.34027 0.55020 0.64752 0.86588
0.62923 0.03311 0.66340 0.71414 0.75040
0.48796 0.87822 0.30009 0.68477 0.32622
0.88357 0.61863 0.34716 0.82821 0.57200
0.21741 0.42573 0.61765 0.56751 0.16702
0.07943 0.03223 0.59499 0.09992 0.38472
0.74639 0.64002 0.55436 0.54138 0.38966
0.63671 0.76306 0.28393 0.97363 0.24912
0.16806 0.87133 0.51703 0.35174 0.56767
0.01017 0.11902 0.09329 0.89748 0.32155
0.14719 0.77710 0.17175 0.96020 0.57381
0.07504 0.47242 0.06597 0.73081 0.31500
0.63331 0.17373 0.78155 0.32375 0.98833
0.71508 0.41136 0.41898 0.18097 0.84217
0.90947 0.40532 0.72879 0.41596 0.35822
0.96239 0.17956 0.70853 0.94714 0.07881
0.23756 0.09295 0.69775 0.15396 0.58012
0.22821 0.64201 0.85375 0.09041 0.69930
0.61016 0.95711 0.22215 0.54362 0.78960
0.62779 0.92011 0.07042 0.53851 0.41682
0.10466 0.45087 0.25443 0.69126 0.99656
0.47146 0.76064 0.46715 0.71909 0.94454
0.69384 0.38761 0.46532 0.50969 0.75260
0.55868 0.50242 0.07386 0.75934 0.83076
0.14142 0.74537 0.51875 0.95659 0.49650
0.43150 0.12614 0.93454 0.34961 0.33276
0.94606 0.48037 0.09051 0.99845 0.18587
0.62874 0.78917 0.44144 0.06898 0.53140
0.09417 0.79763 0.92596 0.67518 0.91497
0.85964 0.37579 0.44667 0.35301 0.61349
0.25827 0.97960 0.02028 0.42504 0.03438
0.42515 0.05968 0.65617 0.65770 0.38158
0.19071 0.20105 0.26848 0.42836 0.84096
0.67478 0.37199 0.22640 0.85735 0.31489
0.27810 0.46201 0.56740 0.82087 0.40975
0.10864 0.66523 0.51774 0.35929 0.78150
0.13668 0.14282 0.53156 0.46382 0.08962
0.33461 0.67985 0.91818 0.41027 0.82808
0.91120 0.07819 0.89659 0.63510 0.49658
0.35690 0.77920 0.70354 0.56684 0.09115
0.64722 0.72824 0.45140 0.78040 0.46113
0.83946 0.28312 0.48890 0.18576 0.08299
0.48967 0.53842 0.72418 0.37347 0.41502
0.13972 0.61526 0.15669 0.69648 0.16339
0.32405 0.78105 0.73919 0.40846 0.02479
0.70983 0.10654 0.30257 0.89971 0.57313
0.17052 0.31706 0.52558 0.69222 0.51890
0.30448 0.35782 0.96341 0.99011 0.21047
0.92163 0.00056 0.44239 0.22555 0.31421
0.02598 0.06701 0.51093 0.50385 0.94759
0.57531 0.10397 0.51950 0.07012 0.46964
0.77275 0.99587 0.27832 0.18512 0.27948
0.09440 0.15221 0.55234 0.16428 0.85325
0.38583 0.04893 0.09859 0.92659 0.26535
0.17720 0.51618 0.97962 0.07498 0.14195
0.71962 0.21185 0.91514 0.01198 0.38129
0.95119 0.26005 0.63828 0.37456 0.69993
0.47331 0.04146 0.91153 0.34701 0.61182
0.81045 0.61486 0.53648 0.61221 0.02889
0.72191 0.89970 0.33495 0.50229 0.78090
0.69106 0.95922 0.83018 0.99560 0.50542
0.02830 0.08148 0.07949 0.58337 0.34475
0.58598 0.79351 0.73143 0.08378 0.84611
0.73810 0.83140 0.68817 0.75748 0.71633
0.86225 0.20127 0.02292 0.91767 0.04963
0.86395 0.00713 0.83105 0.96244 0.21970
0.82539 0.97790 0.05918 0.54426 0.43298
0.20079 0.09463 0.42114 0.94068 0.21340
0.94350 0.36282 0.94156 0.23624 0.54636
0.28718 0.02807 0.82363 0.65250 0.58695
0.97592 0.67708 0.13683 0.06578 0.21443
0.43913 0.45228 0.29444 0.98040 0.12880
0.15840 0.12909 0.41478 0.78026 0.44331
0.03329 0.18563 0.95460 0.40356 0.34715
0.96261 0.66957 0.74742 0.41563 0.64164
0.26451 0.10815 0.47817 0.62874 0.48127
0.67147 0.45713 0.45586 0.06288 0.12699
0.72416 0.31935 0.39224 0.77801 0.60595
0.52469 0.86759 0.23737 0.12678 0.58577
0.46750 0.50328 0.92705 0.04403 0.03300
0.91936 0.40498 0.73621 0.35692 0.70155
0.91192 0.80887 0.24944 0.54425 0.27405
0.67967 0.47895 0.69884 0.00652 0.56880
0.71354 0.35109 0.36772 0.61086 0.12277
0.39140 0.22743 0.73484 0.23503 0.09544
0.43491 0.57618 0.62159 0.18161 0.96748
0.69495 0.72680 0.56105 0.55707 0.12436
0.98295 0.14049 0.26265 0.11944 0.13863
0.67216 0.92742 0.39227 0.35760 0.39251
0.82622 0.29341 0.79470 0.17925 0.73126
0.12876 0.88619 0.05087 0.83871 0.43147
0.18092 0.84816 0.43363 0.82434 0.32176
0.14238 0.10379 0.64361 0.98963 0.03570
0.02835 0.06923 0.88085 0.98003 0.09538
0.00885 0.68725 0.59916 0.63075 0.79328
0.71689 0.18736 0.10551 0.93173 0.28880
0.80463 0.91033 0.81884 0.20512 0.11844
0.57427 0.11179 0.31857 0.10069 0.72437
0.30897 0.62669 0.40599 0.24017 0.80305
0.59446 0.89992 0.27644 0.27804 0.11136
0.27927 0.07846 0.35437 0.57746 0.61399
0.70182 0.19890 0.62635 0.71620 0.90365
0.79669 0.10012 0.85438 0.02829 0.66154
0.45662 0.43827 0.08656 0.73446 0.95467
0.96480 0.64008 0.50328 0.58776 0.94432
0.49940 0.09091 0.26978 0.52710 0.19712
0.78963 0.22111 0.93995 0.13888 0.66687
0.63496 0.87284 0.26260 0.55952 0.11337
0.21514 0.70027 0.82722 0.72590 0.68910
0.54947 0.97093 0.60135 0.88882 0.16601
0.04031 0.12607 0.22790 0.82723 0.54624
0.98146 0.89055 0.27878 0.03237 0.90848
0.83539 0.34313 0.92414 0.04123 0.54577
0.42582 0.42508 0.87099 0.62891 0.56167
0.23442 0.81249 0.53786 0.42614 0.60884
0.43109 0.18460 0.83901 0.24833 0.60536
0.66175 0.95260 0.19965 0.28879 0.15359
0.37404 0.56744 0.23579 0.94428 0.72155
0.95983 0.66389 0.16258 0.08624 0.43123
0.32307 0.38591 0.58487 0.55310 0.24879
0.34164 0.10656 0.74109 0.53553 0.99173
0.74337 0.74870 0.30110 0.84282 0.48269
0.91064 0.28539 0.40628 0.99223 0.21503
0.28910 0.26877 0.13738 0.16626 0.56249
0.29529 0.77002 0.93856 0.26399 0.99793
0.98976 0.40639 0.95424 0.31009 0.35729
0.22030 0.01780 0.05174 0.05050 0.18937
0.34146 0.48883 0.20915 0.42496 0.45326
0.72557 0.05229 0.12244 0.68449 0.57534
0.37072 0.18263 0.58666 0.93404 0.99115
0.39883 0.77716 0.19236 0.58533 0.92082
0.01433 0.69101 0.90729 0.30504 0.69274
0.78254 0.34594 0.08323 0.86801 0.76596
0.82589 0.78275 0.58318 0.01218 0.03707
0.66575 0.55841 0.75560 0.76981 0.90496
0.38543 0.23995 0.72043 0.38914 0.01527
0.39339 0.60851 0.60092 0.67614 0.35329
0.11279 0.49077 0.22203 0.79072 0.23503
0.78970 0.18455 0.74099 0.02983 0.53030
0.04783 0.24252 0.24511 0.38107 0.28088
0.59000 0.87421 0.43189 0.34976 0.84370
0.14718 0.06463 0.08414 0.95611 0.80982
0.85875 0.28688 0.84585 0.55706 0.42895
0.73377 0.49247 0.39318 0.80520 0.50876
0.72014 0.70907 0.76856 0.50551 0.59526
0.85644 0.44153 0.83855 0.77748 0.98483
0.56838 0.36473 0.03581 0.87456 0.11027
0.19398 0.57900 0.47884 0.34786 0.55028
0.24037 0.71967 0.83613 0.91975 0.70534
0.69703 0.95212 0.96359 0.66004 0.99268
0.85820 0.04006 0.56556 0.10850 0.78251
0.06659 0.86215 0.48574 0.40519 0.16349
0.79509 0.09243 0.97540 0.18497 0.29547
0.50331 0.31321 0.72600 0.00556 0.39099
0.65625 0.95232 0.66037 0.02128 0.04597
0.13626 0.90462 0.10739 0.50926 0.08409
0.35513 0.76851 0.74995 0.16787 0.48856
0.02582 0.76199 0.92842 0.38984 0.69838
0.42861 0.10377 0.02478 0.69925 0.98650
0.32868 0.56824 0.07383 0.71359 0.02816
0.16744 0.66436 0.84550 0.41112 0.11586
0.14955 0.42299 0.89196 0.65986 0.61113
0.08498 0.12203 0.68124 0.06574 0.92273
0.81950 0.70546 0.20133 0.54038 0.56505
0.89414 0.66799 0.06278 0.64350 0.18696
0.66508 0.43813 0.53251 0.15782 0.24784
0.03720 0.40997 0.40838 0.01030 0.88873
0.58142 0.54815 0.18174 0.63330 0.41618
0.14759 0.40459 0.64516 0.14277 0.85146
0.24262 0.03535 0.83354 0.11298 0.95337
0.34594 0.10113 0.69480 0.23484 0.73813
0.08187 0.56078 0.11820 0.05885 0.04430
0.76239 0.69748 0.64883 0.75462 0.66778
0.61764 0.90971 0.19161 0.00870 0.25843
0.19342 0.41296 0.79574 0.66807 0.44208
0.40449 0.11174 0.05302 0.13013 0.93771
0.63313 0.15221 0.13156 0.52933 0.11075
0.40494 0.34497 0.86944 0.93308 0.38489
0.92315 0.09998 0.06846 0.98968 0.36363
0.70610 0.09423 0.08119 0.09914 0.22422
0.33304 0.21299 0.87068 0.16112 0.71822
0.68394 0.86503 0.33699 0.40579 0.55699
0.86187 0.68859 0.10448 0.86052 0.63009
0.75770 0.47713 0.19374 0.19611 0.25869
0.16098 0.00455 0.43258 0.31968 0.85654
0.36705 0.62788 0.65853 0.40679 0.44630
0.74229 0.00530 0.09142 0.03166 0.09279
0.26170 0.05115 0.56132 0.92054 0.73545
0.99819 0.00713 0.83475 0.15807 0.95148
0.86624 0.36652 0.27263 0.54179 0.15661
0.71642 0.00503 0.79755 0.31040 0.07504
0.36610 0.11028 0.66217 0.26068 0.19092
0.38348 0.86878 0.65632 0.26913 0.87245
0.56249 0.41711 0.43471 0.84758 0.54682
0.22605 0.41240 0.48780 0.67264 0.21139
0.67396 0.41439 0.77142 0.42962 0.79996
0.70409 0.45049 0.71940 0.69285 0.59582
0.99209 0.02902 0.91391 0.64556 0.49625
0.70978 0.91886 0.62376 0.45699 0.93467
0.23781 0.36328 0.42420 0.82722 0.83489
0.51718 0.75155 0.81960 0.68585 0.73989
0.55938 0.87236 0.44214 0.92722 0.20824
0.35319 0.54687 0.27343 0.30437 0.42046
0.15269 0.95848 0.61614 0.54981 0.24775
0.66065 0.91464 0.32479 0.89623 0.51945
0.88799 0.13084 0.48643 0.35261 0.29085
0.68880 0.32697 0.77854 0.46833 0.14699
0.77070 0.71846 0.22005 0.36867 0.67789
0.28102 0.84805 0.52067 0.37046 0.90611
0.34783 0.43875 0.25898 0.73218 0.03006
0.94265 0.89432 0.14376 0.48780 0.11825
0.19214 0.80399 0.23695 0.51559 0.28547
0.74397 0.88148 0.56658 0.32837 0.97588
0.81819 0.82312 0.77767 0.61479 0.78493
0.85968 0.29458 0.48104 0.99402 0.96990
0.32169 0.09705 0.62960 0.51714 0.24046
0.94281 0.35136 0.40229 0.39525 0.05000
0.72533 0.12591 0.58703 0.08990 0.50039
0.72565 0.07357 0.63297 0.77422 0.65554
0.91558 0.76795 0.13149 0.59305 0.64285
0.61349 0.09587 0.74593 0.24637 0.55967
0.49817 0.44118 0.46989 0.92989 0.63442
0.95124 0.48381 0.06428 0.78848 0.59169
0.72803 0.66965 0.05363 0.28845 0.44174
0.34514 0.06518 0.83162 0.67032 0.00151
0.79109 0.85766 0.57970 0.87265 0.52991
0.26997 0.64080 0.68719 0.98809 0.20269
0.45657 0.17414 0.55844 0.20103 0.95551
0.00955 0.65781 0.24017 0.76968 0.15210
0.42444 0.79203 0.25190 0.80095 0.53596
0.46669 0.89690 0.73065 0.18982 0.01063
0.22102 0.78618 0.24015 0.87765 0.82624
0.12753 0.45464 0.97136 0.37671 0.35859
0.69020 0.03900 0.27019 0.38035 0.82827
0.90256 0.73189 0.99928 0.44697 0.64352
0.24093 0.26047 0.98334 0.59887 0.60185
0.86960 0.97901 0.77677 0.49159 0.58230
0.94193 0.61007 0.13838 0.19829 0.42319
0.25848 0.38907 0.60627 0.64073 0.12835
0.25999 0.96670 0.24300 0.26753 0.23818
0.97361 0.58463 0.92792 0.05236 0.03991
0.21566 0.32803 0.74008 0.60857 0.54119
0.35239 0.56706 0.29841 0.51304 0.04403
0.29900 0.86964 0.77399 0.25706 0.48238
0.73944 0.65326 0.69203 0.59282 0.45040
0.84966 0.76646 0.15872 0.30053 0.81238
0.97193 0.23051 0.15417 0.13608 0.81993
0.92453 0.69233 0.50650 0.97844 0.57010
0.16299 0.19159 0.35847 0.32857 0.24248
0.37292 0.88159 0.99069 0.02904 0.64191
0.11286 0.55861 0.51358 0.37183 0.79648
0.91948 0.37392 0.65011 0.14724 0.84109
0.53106 0.96467 0.63894 0.82028 0.77404
0.03631 0.11111 0.66183 0.33909 0.30134
0.50752 0.30939 0.04833 0.20082 0.85542
0.92093 0.32598 0.23088 0.64399 0.38963
0.18745 0.37121 0.59710 0.19880 0.70925
0.97284 0.84553 0.79722 0.91192 0.23121
0.91993 0.99834 0.89548 0.69208 0.09018
0.81479 0.48806 0.34626 0.86018 0.05994
0.85765 0.72197 0.00084 0.53678 0.51288
0.00122 0.32781 0.88665 0.96652 0.06789
0.88475 0.36285 0.83373 0.04016 0.90113
0.16573 0.45243 0.64535 0.63259 0.65471
0.97888 0.40852 0.80083 0.61887 0.18696
0.84181 0.94188 0.04849 0.28036 0.07334
0.22070 0.59286 0.67352 0.49082 0.96993
0.46026 0.87153 0.02334 0.39140 0.83998
0.00579 0.84934 0.67890 0.28705 0.02633
0.07282 0.89255 0.66433 0.27688 0.67726
0.24299 0.29577 0.85051 0.36041 0.11359
0.08151 0.10091 0.58822 0.57505 0.62417
0.55534 0.37993 0.69147 0.61984 0.71864
0.95194 0.75495 0.73377 0.83210 0.43618
0.48148 0.56326 0.08613 0.34686 0.54060
0.64783 0.63055 0.25715 0.96375 0.49479
0.88940 0.88097 0.90477 0.73949 0.58127
0.55967 0.76016 0.06937 0.15592 0.97812
0.87237 0.86429 0.53220 0.16273 0.26220
0.14281 0.42523 0.85788 0.54061 0.27586
0.03949 0.53571 0.27046 0.53368 0.56137
0.63884 0.03374 0.41031 0.84222 0.06479
0.12412 0.80790 0.51929 0.20765 0.65747
0.33894 0.10360 0.28234 0.60947 0.18208
0.15598 0.67511 0.44017 0.67214 0.56539
0.39006 0.93884 0.95316 0.88650 0.99540
0.30546 0.73161 0.35748 0.52532 0.98775
0.53644 0.57373 0.50477 0.46840 0.10231
0.23184 0.04122 0.51313 0.37549 0.03628
0.88393 0.32696 0.08792 0.58423 0.69705
0.51185 0.18571 0.73043 0.31213 0.31254
0.42871 0.09003 0.85303 0.48166 0.30430
0.28947 0.08619 0.78208 0.72785 0.38276
0.13847 0.65158 0.21534 0.20359 0.74776
0.08430 0.15808 0.89786 0.90575 0.12340
0.93934 0.42268 0.79777 0.80812 0.69122
0.05015 0.71767 0.62367 0.24004 0.59317
0.92568 0.32954 0.37749 0.16654 0.34598
0.58364 0.08945 0.08377 0.39010 0.91743
0.30007 0.83169 0.20891 0.33484 0.81942
0.96598 0.25291 0.78265 0.93695 0.80345
0.79432 0.67932 0.05808 0.67653 0.31464
0.88402 0.28751 0.60441 0.83973 0.12044
0.72443 0.84918 0.26539 0.62921 0.81685
0.25848 0.59030 0.64503 0.87044 0.36353
0.02018 0.49280 0.78999 0.42930 0.14046
0.79755 0.16033 0.61846 0.95573 0.29374
0.79077 0.46263 0.01909 0.83238 0.37019
0.71453 0.80943 0.81013 0.62299 0.78812
0.21063 0.70930 0.44201 0.54822 0.43061
0.88057 0.32272 0.58535 0.18811 0.60992
0.35149 0.95572 0.57193 0.49804 0.38373
0.92193 0.71955 0.52707 0.84492 0.03018
0.71470 0.39006 0.39270 0.44526 0.07453
0.36563 0.07310 0.57368 0.36716 0.38723
0.10186 0.07762 0.04343 0.11901 0.18107
0.68602 0.89219 0.57091 0.45791 0.86249
0.23511 0.62172 0.16720 0.25013 0.43517
0.62942 0.81763 0.61049 0.37410 0.00274
0.24663 0.84806 0.68257 0.49097 0.36769
0.25969 0.44049 0.49242 0.84438 0.29099
0.59557 0.51718 0.16047 0.90793 0.91330
0.38105 0.05871 0.00506 0.25949 0.93977
0.49158 0.22498 0.24228 0.13248 0.97252
0.16599 0.07160 0.35291 0.33163 0.21311
0.79749 0.09604 0.09673 0.78427 0.85848
0.35372 0.33731 0.40880 0.02283 0.50417
0.15608 0.14436 0.94192 0.84382 0.86513
0.71738 0.08744 0.23068 0.30808 0.72540
0.89744 0.96677 0.11948 0.42354 0.00173
0.82949 0.12837 0.85848 0.20033 0.14813
0.18827 0.04219 0.95790 0.47863 0.44535
0.06711 0.64600 0.05182 0.87422 0.00578
0.79919 0.03932 0.81884 0.05772 0.45861
0.08792 0.93767 0.30224 0.84152 0.41752
0.09829 0.44208 0.36217 0.77314 0.59329
0.02400 0.16101 0.87041 0.38277 0.68436
0.25617 0.80130 0.57655 0.02776 0.55062
0.56237 0.56393 0.75273 0.85150 0.55264
0.70864 0.80120 0.07584 0.52115 0.63128
0.92177 0.72457 0.54631 0.00176 0.25100
0.82329 0.31754 0.37606 0.61065 0.45090
0.81098 0.78069 0.04430 0.47745 0.11757
0.68192 0.23619 0.19519 0.84122 0.06282
0.29137 0.36794 0.95459 0.84712 0.44818
0.83361 0.86141 0.97633 0.71555 0.23647
0.06216 0.87147 0.64303 0.47943 0.64842
0.00846 0.67669 0.48626 0.99129 0.26220
0.29223 0.34401 0.32552 0.94123 0.65869
0.58440 0.65095 0.28985 0.98691 0.16578
0.79247 0.00006 0.40062 0.46767 0.66413
0.92848 0.02351 0.14507 0.52263 0.90888
0.53362 0.76639 0.21134 0.34233 0.05588
0.08502 0.66373 0.86969 0.89353 0.34676
0.57966 0.74714 0.30856 0.45868 0.97129
0.63702 0.83933 0.00945 0.61222 0.75126
0.69038 0.16685 0.62900 0.37836 0.59026
0.79903 0.64894 0.12783 0.14784 0.82484
0.67643 0.67773 0.26161 0.00104 0.40282
0.04035 0.57046 0.04312 0.56151 0.43135
0.97267 0.46795 0.71052 0.20147 0.92797
0.66252 0.96433 0.47400 0.49666 0.44629
0.42182 0.15042 0.62068 0.86781 0.07628
0.34040 0.43209 0.86450 0.04255 0.46313
0.42815 0.41037 0.36177 0.31736 0.17519
0.55179 0.03913 0.43034 0.25779 0.54166
0.52799 0.81858 0.31940 0.50588 0.14455
0.43830 0.08930 0.50400 0.51065 0.81407
0.36212 0.21093 0.90369 0.38161 0.26907
0.70974 0.87891 0.89695 0.07404 0.57870
0.36401 0.25610 0.59071 0.84675 0.68192
0.91014 0.11015 0.05179 0.45169 0.20274
0.05391 0.52398 0.45898 0.55404 0.92837
0.97762 0.17661 0.70494 0.73026 0.39270
0.78178 0.93444 0.52551 0.66471 0.21349
0.33981 0.91371 0.61106 0.85592 0.21759
0.19579 0.21669 0.60421 0.59539 0.71582
0.12392 0.38202 0.81316 0.74441 0.78815
0.04687 0.29749 0.02611 0.02546 0.96873
0.98703 0.83630 0.52757 0.64479 0.88535
0.06540 0.70321 0.70712 0.14285 0.04678
0.74297 0.55829 0.56064 0.19530 0.23144
0.66720 0.32660 0.66434 0.34083 0.13448
0.65996 0.49522 0.82342 0.29640 0.25539
0.96752 0.16596 0.53751 0.77301 0.45054
0.86654 0.39188 0.83362 0.55157 0.85587
0.93484 0.50140 0.72200 0.84162 0.66286
0.89228 0.32772 0.67537 0.62747 0.59108
0.77132 0.48801 0.76152 0.45243 0.65701
0.14839 0.78774 0.40517 0.42848 0.02304
0.64753 0.71381 0.43505 0.51618 0.49743
0.43412 0.28097 0.41337 0.55828 0.20974
0.34898 0.51674 0.60578 0.45658 0.04834
0.44538 0.34117 0.59619 0.24503 0.17274
0.13694 0.97190 0.40807 0.93166 0.36701
0.38455 0.75163 0.39224 0.80018 0.21583
0.94812 0.02342 0.00788 0.89621 0.75527
0.32274 0.54996 0.57072 0.18337 0.84162
0.24577 0.41606 0.93674 0.16842 0.32056
0.21928 0.80576 0.12957 0.20071 0.43411
0.55498 0.71690 0.09185 0.10103 0.57270
0.95651 0.76821 0.05586 0.71343 0.65952
0.40231 0.08125 0.02119 0.96795 0.90474
0.42197 0.91170 0.54660 0.09360 0.68147
0.56558 0.48833 0.87697 0.05355 0.13665
0.57738 0.38469 0.86534 0.05864 0.32332
0.71535 0.67495 0.95850 0.35799 0.99148
0.58634 0.79996 0.11489 0.50782 0.70881
0.41854 0.88842 0.85744 0.78970 0.50064
0.94555 0.36182 0.23138 0.90540 0.65693
0.20430 0.93725 0.55935 0.99812 0.88881
0.27515 0.74368 0.69176 0.71597 0.25058
0.76616 0.12321 0.64647 0.96801 0.55859
0.63600 0.49081 0.63977 0.73285 0.14582
0.75143 0.34607 0.46453 0.96684 0.69056
0.04177 0.51771 0.74486 0.40268 0.86683
0.89491 0.47514 0.39363 0.85928 0.92793
0.51633 0.66375 0.83252 0.48843 0.41203
0.20751 0.47786 0.16580 0.94153 0.35003
0.83104 0.54110 0.36085 0.44674 0.46373
0.31069 0.48287 0.02949 0.79368 0.65800
0.86804 0.09507 0.69710 0.62433 0.03116
0.89227 0.09628 0.66395 0.11369 0.26728
0.08659 0.52690 0.27148 0.58631 0.94825
0.13032 0.46881 0.29739 0.08908 0.19547
0.62325 0.81201 0.53926 0.97102 0.57646
0.31927 0.31722 0.72594 0.32637 0.75479
0.13016 0.66687 0.45888 0.80750 0.24589
0.15107 0.66455 0.00659 0.62373 0.87049
0.70911 0.71310 0.66977 0.56548 0.90280
0.67703 0.89366 0.30769 0.70158 0.15647
0.06449 0.53109 0.91783 0.17926 0.10899
0.65791 0.90948 0.60046 0.33442 0.52418
0.93250 0.34834 0.10997 0.90956 0.49400
0.75852 0.96792 0.39223 0.47052 0.85559
0.73080 0.75484 0.30457 0.63914 0.09179
0.67514 0.23502 0.03737 0.71024 0.31670
0.57069 0.85368 0.00299 0.73744 0.33771
0.02472 0.63863 0.67224 0.28584 0.00036
0.02938 0.88577 0.45256 0.33774 0.66356
0.57992 0.53687 0.83404 0.20294 0.12463
0.23865 0.88112 0.40468 0.88818 0.59338
0.67944 0.12737 0.34900 0.94211 0.72804
0.07425 0.01607 0.69184 0.91581 0.85419
0.19422 0.75598 0.66429 0.80325 0.91176
0.03147 0.10997 0.19544 0.54587 0.95660
0.62741 0.57241 0.01661 0.07698 0.45095
0.42810 0.98327 0.14710 0.53009 0.11541
0.68365 0.10629 0.54393 0.40304 0.11440
0.91230 0.98138 0.07266 0.84534 0.78350
0.60543 0.41856 0.44604 0.04608 0.70156
0.13985 0.47649 0.78160 0.65488 0.02285
0.93762 0.88883 0.50666 0.90254 0.87403
0.25581 0.07170 0.83712 0.56531 0.56397
0.40168 0.69385 0.80592 0.53438 0.89334
0.22296 0.09994 0.65275 0.34463 0.70870
0.08303 0.86964 0.59657 0.06716 0.63933
0.38435 0.73762 0.90393 0.70497 0.46365
0.26664 0.00999 0.03150 0.17210 0.54844
0.07535 0.94627 0.74152 0.09596 0.52034
0.41779 0.75740 0.25012 0.64022 0.47589
0.53630 0.18206 0.38282 0.46803 0.67707
0.88104 0.98452 0.14066 0.52968 0.36460
0.12581 0.03089 0.57458 0.74525 0.62050
0.09513 0.87568 0.27019 0.21052 0.21161
0.87453 0.81575 0.86450 0.27833 0.65713
0.34087 0.26679 0.38068 0.45230 0.90967
0.96243 0.29286 0.44507 0.07241 0.82513
0.22677 0.83369 0.26723 0.98193 0.07462
0.82525 0.27947 0.72789 0.73653 0.63801
0.78371 0.66954 0.69590 0.06164 0.82122
0.24563 0.61464 0.20166 0.73640 0.06687
0.65026 0.15140 0.67595 0.28268 0.16313
0.20239 0.65879 0.38069 0.45539 0.31623
0.62358 0.67748 0.93983 0.98955 0.37798
0.74581 0.91550 0.86676 0.71328 0.36450
0.67613 0.67747 0.20592 0.20544 0.50740
0.12243 0.62130 0.40162 0.92324 0.94470
0.54891 0.00346 0.88587 0.82161 0.86905
0.72654 0.34272 0.37720 0.49617 0.22402
0.05500 0.80332 0.04873 0.31044 0.83620
0.50454 0.76183 0.11509 0.10757 0.71824
0.00988 0.06135 0.65736 0.48125 0.84362
0.74084 0.19181 0.31943 0.22177 0.18093
0.66865 0.73747 0.06338 0.06626 0.30710
0.72692 0.39347 0.95076 0.48985 0.19166
0.94984 0.10236 0.06870 0.81566 0.19404
0.49308 0.60530 0.27385 0.90021 0.96713
0.82228 0.38817 0.09834 0.11713 0.80304
0.85287 0.51101 0.53694 0.44646 0.94215
0.66490 0.35028 0.24090 0.35024 0.87946
0.56797 0.19159 0.70824 0.91658 0.72106
0.86483 0.26209 0.70123 0.49734 0.87596
0.34599 0.96847 0.34635 0.13568 0.13366
0.60660 0.70541 0.53862 0.73339 0.52926
0.61573 0.63771 0.35413 0.81648 0.75738
0.38030 0.33217 0.38280 0.75745 0.94442
0.08476 0.11397 0.59591 0.84129 0.55986
0.81978 0.19302 0.68960 0.18414 0.92599
0.34930 0.23245 0.46105 0.64691 0.18075
0.53369 0.12917 0.69511 0.54547 0.20769
0.85005 0.57689 0.15984 0.21183 0.50612
0.58048 0.43676 0.68384 0.23481 0.65769
0.82743 0.65933 0.63356 0.30630 0.98084
0.88551 0.30412 0.67305 0.53070 0.37173
0.14983 0.47451 0.22163 0.57987 0.94056
0.60633 0.03421 0.07095 0.06537 0.33595
0.71730 0.47636 0.10753 0.98288 0.17920
0.08284 0.48282 0.63279 0.16803 0.91253
0.21995 0.77151 0.16558 0.32484 0.17976
0.32054 0.61808 0.73839 0.94937 0.30521
0.17789 0.49359 0.63951 0.72727 0.18467
0.91119 0.73040 0.16304 0.07967 0.68084
0.45285 0.09998 0.32766 0.40460 0.81263
0.20201 0.92861 0.17901 0.26169 0.96947
0.50842 0.80286 0.26717 0.72888 0.85640
0.44596 0.63217 0.14752 0.29430 0.69843
0.57993 0.63296 0.36479 0.52335 0.84971
0.92460 0.09954 0.26118 0.36166 0.01771
0.00939 0.02219 0.65381 0.17376 0.67537
0.01318 0.74216 0.92906 0.03684 0.15122
0.78815 0.90144 0.52070 0.34886 0.02486
0.75527 0.55822 0.69051 0.42623 0.37449
0.22854 0.14014 0.25230 0.40634 0.28156
0.66253 0.41282 0.37890 0.13178 0.73133
0.56961 0.32436 0.81244 0.30615 0.58550
0.88582 0.89463 0.60802 0.42447 0.97350
0.83187 0.66894 0.84081 0.86206 0.88198
0.00903 0.62583 0.13446 0.60323 0.81925
0.22642 0.67856 0.73862 0.79255 0.08270
0.63418 0.98622 0.32335 0.06414 0.36545
0.73626 0.78371 0.31111 0.20565 0.21669
0.97841 0.47297 0.56521 0.07226 0.06140
0.66959 0.89870 0.69651 0.60874 0.25957
0.49336 0.05394 0.05236 0.74210 0.32012
0.77590 0.97099 0.68510 0.53967 0.18908
0.57637 0.55242 0.70515 0.41101 0.44203
0.89374 0.67595 0.40211 0.51923 0.17627
0.71924 0.09150 0.12316 0.83698 0.95878
0.95908 0.07687 0.71606 0.47426 0.09475
0.15278 0.94340 0.09326 0.23883 0.14769
0.53140 0.56498 0.92326 0.70119 0.58567
0.03166 0.71465 0.51131 0.55451 0.08599
0.69016 0.61427 0.15171 0.47352 0.90199
0.49032 0.77552 0.98776 0.29647 0.04212
0.38355 0.71863 0.45512 0.56817 0.42139
0.21338 0.51767 0.04683 0.30389 0.71768
0.12755 0.55143 0.78728 0.85808 0.33412
0.85238 0.74994 0.84846 0.63001 0.93349
0.68426 0.29425 0.07684 0.84193 0.85898
0.18628 0.01335 0.65231 0.87143 0.82676
0.66403 0.12001 0.74449 0.99018 0.63860
0.63932 0.49536 0.36011 0.59588 0.29038
0.91493 0.30231 0.49382 0.53880 0.47052
0.76046 0.70712 0.31356 0.05682 0.37386
0.14863 0.23235 0.01148 0.11164 0.01112
0.37114 0.28705 0.96374 0.79603 0.51530
0.70534 0.71883 0.80427 0.12067 0.39409
0.91782 0.52060 0.41706 0.74983 0.15526
0.24153 0.51929 0.04795 0.96189 0.62699
0.63270 0.45463 0.91540 0.74152 0.49095
0.22010 0.70144 0.23612 0.60120 0.50003
0.59234 0.42251 0.93234 0.30595 0.92125
0.30544 0.35358 0.73574 0.66052 0.87993
0.79893 0.19646 0.40980 0.54323 0.24043
0.83666 0.72943 0.57843 0.78436 0.80915
0.19495 0.33942 0.45995 0.79028 0.54497
0.07711 0.28902 0.42034 0.94139 0.65141
0.16953 0.16721 0.10521 0.53065 0.25865
0.04476 0.62755 0.04398 0.86526 0.61038
0.11172 0.11408 0.16693 0.65679 0.45606
0.31350 0.47396 0.92112 0.57026 0.12059
0.00646 0.54235 0.15082 0.39928 0.40168
0.94801 0.50093 0.88827 0.47589 0.19808
0.54252 0.42289 0.57736 0.28262 0.76348
0.80451 0.39375 0.39916 0.23310 0.23014
0.33901 0.08612 0.99598 0.97743 0.44391
0.46744 0.19501 0.44702 0.90345 0.36642
0.26149 0.11035 0.53831 0.15404 0.67111
0.68456 0.31875 0.47555 0.35439 0.09494
0.14197 0.86098 0.50781 0.97843 0.31493
0.43935 0.59091 0.08476 0.36470 0.50963
0.09776 0.67502 0.89884 0.38848 0.21238
0.90864 0.15480 0.11936 0.30201 0.08161
0.93414 0.62213 0.75158 0.03228 0.24299
0.43826 0.81897 0.57038 0.38629 0.32249
0.36421 0.86437 0.69112 0.08927 0.19166
0.99232 0.71905 0.88159 0.95802 0.24453
0.89862 0.46282 0.44634 0.31717 0.52301
0.21832 0.17355 0.06416 0.29519 0.10106
0.64054 0.84836 0.07666 0.78581 0.02653
0.42428 0.01132 0.19320 0.84070 0.53029
0.45950 0.52030 0.13234 0.69251 0.44070
0.75238 0.26543 0.80938 0.20073 0.55457
0.02475 0.68282 0.40045 0.59038 0.06814
0.81171 0.90416 0.31066 0.51314 0.96476
0.87981 0.93706 0.04715 0.39825 0.06104
0.50566 0.25227 0.13409 0.90643 0.87388
0.15109 0.87627 0.33745 0.53422 0.84411
0.93532 0.43885 0.90626 0.69713 0.10611
0.71480 0.04108 0.76775 0.98843 0.25931
0.11739 0.30120 0.73606 0.65298 0.43990
0.71343 0.48607 0.80746 0.56107 0.88964
0.66206 0.25203 0.72598 0.52245 0.19327
0.01552 0.40672 0.53518 0.49957 0.87937
0.68421 0.58813 0.53392 0.96209 0.78883
0.60009 0.47083 0.08719 0.05970 0.22056
0.20768 0.95066 0.39747 0.87947 0.53647
0.73086 0.98508 0.86475 0.09803 0.44335
0.75316 0.81791 0.19949 0.67726 0.03940
0.37771 0.46842 0.10708 0.43674 0.77722
0.49874 0.04444 0.10262 0.64286 0.24723
0.16234 0.19729 0.67036 0.35679 0.03621
0.77086 0.70220 0.60061 0.11594 0.90723
0.70485 0.57098 0.75771 0.82751 0.99292
0.12437 0.62779 0.56733 0.62855 0.84735
0.14034 0.88859 0.08394 0.86550 0.22960
0.86269 0.53060 0.47526 0.59279 0.31004
0.13080 0.22363 0.05651 0.83589 0.64451
0.26875 0.00456 0.51934 0.24920 0.87788
0.61614 0.97908 0.25409 0.74179 0.60194
0.42573 0.96993 0.54263 0.16880 0.50297
0.38833 0.87865 0.22011 0.66010 0.68229
0.10175 0.20225 0.69976 0.10146 0.30453
0.40164 0.22799 0.98005 0.39739 0.76057
0.70212 0.70407 0.82965 0.14840 0.70048
0.60942 0.33714 0.42634 0.35973 0.80251
0.26254 0.59793 0.51040 0.58593 0.57685
0.11860 0.39940 0.77857 0.99080 0.30327
0.39047 0.57394 0.31279 0.33940 0.43613
0.62429 0.98910 0.64474 0.97494 0.61766
0.59991 0.90493 0.83762 0.95723 0.91368
0.84546 0.79769 0.24051 0.19653 0.19270
0.52818 0.57323 0.51546 0.68772 0.02006
0.85642 0.72440 0.35893 0.77812 0.37285
0.59575 0.13667 0.61773 0.50503 0.50091
0.72396 0.70493 0.15611 0.74828 0.23220
0.01626 0.34756 0.87927 0.69874 0.36024
0.42363 0.37651 0.11293 0.28645 0.91910
0.62741 0.36702 0.81196 0.21328 0.41687
0.74851 0.76730 0.51018 0.07717 0.23417
0.42907 0.41322 0.15305 0.85121 0.02385
0.11839 0.35714 0.27967 0.93158 0.65823
0.30245 0.60971 0.93391 0.86249 0.97698
0.88057 0.88941 0.76020 0.33192 0.12384
0.20581 0.69427 0.01427 0.41420 0.97086
0.74423 0.99162 0.46376 0.10334 0.12887
0.10849 0.37480 0.83028 0.85537 0.42645
0.93560 0.41345 0.31130 0.68933 0.91070
0.75796 0.69096 0.97496 0.15964 0.40788
0.19188 0.03185 0.01023 0.89158 0.41632
0.14210 0.56279 0.19463 0.74715 0.99364
0.76169 0.51227 0.84440 0.08828 0.04594
0.22960 0.05455 0.40587 0.15453 0.65503
0.32224 0.39251 0.50067 0.98998 0.76860
0.48194 0.66005 0.94705 0.85507 0.37646
0.13903 0.99363 0.99068 0.74637 0.99455
0.76254 0.07696 0.48119 0.11137 0.65775
0.71819 0.51063 0.07462 0.59914 0.51656
0.24028 0.28933 0.85551 0.84453 0.50903
0.80451 0.10908 0.54305 0.00632 0.32809
0.15823 0.87478 0.27183 0.59135 0.31665
0.37769 0.50683 0.92534 0.02561 0.14450
0.84233 0.45166 0.60003 0.27575 0.69594
0.72263 0.73131 0.24702 0.70112 0.73711
0.96722 0.40190 0.54936 0.94818 0.41207
0.32930 0.55775 0.26769 0.42384 0.44396
0.17080 0.21209 0.87498 0.89578 0.69109
0.45975 0.21750 0.23617 0.20731 0.15907
0.18030 0.10094 0.15608 0.32464 0.65588
0.10594 0.94026 0.04241 0.89271 0.29729
0.69662 0.60702 0.20573 0.11343 0.93026
0.37486 0.09191 0.50719 0.49931 0.82109
0.92485 0.52956 0.40223 0.13577 0.32259
0.21707 0.98511 0.33575 0.37420 0.70007
0.17535 0.09678 0.43434 0.74864 0.68730
0.33765 0.51220 0.20441 0.96933 0.36196
0.06095 0.00857 0.01057 0.19857 0.10346
0.14928 0.13169 0.77657 0.44412 0.29143
0.00453 0.44502 0.85680 0.24181 0.41892
0.69774 0.74552 0.23587 0.28381 0.64924
0.83057 0.59723 0.36758 0.71310 0.56595
0.59587 0.65252 0.37358 0.94267 0.20191
0.08521 0.31024 0.80238 0.31668 0.30474
0.29586 0.70512 0.67366 0.23461 0.13808
0.37761 0.09128 0.35570 0.12082 0.82729
0.36447 0.03609 0.81083 0.90634 0.39634
0.53980 0.03975 0.80889 0.10117 0.20294
0.59534 0.40059 0.61210 0.69044 0.96126
0.51174 0.88842 0.82847 0.33147 0.79382
0.67242 0.43001 0.67118 0.50348 0.30205
0.09712 0.00566 0.16918 0.45126 0.37126
0.43712 0.48804 0.23963 0.29466 0.69380
0.70367 0.22764 0.38358 0.08212 0.20878
0.56726 0.85656 0.06807 0.47297 0.57277
0.25465 0.73322 0.33894 0.92004 0.63592
0.17459 0.93732 0.73570 0.75672 0.00095
0.00343 0.04805 0.29873 0.96383 0.35803
0.73767 0.15051 0.01192 0.71296 0.60172
0.69160 0.36860 0.01605 0.52734 0.08140
0.63692 0.71318 0.64362 0.32039 0.97237
0.08562 0.90045 0.50012 0.46758 0.70295
0.69478 0.59537 0.12636 0.60959 0.32805
0.73304 0.05175 0.49780 0.01243 0.87788
0.53984 0.12377 0.70147 0.94767 0.03059
0.53906 0.37738 0.60294 0.74293 0.51344
0.64595 0.94137 0.03637 0.04636 0.85240
0.73459 0.95054 0.33030 0.18194 0.03592
0.47535 0.35841 0.53931 0.78322 0.87203
0.92833 0.62762 0.39734 0.26641 0.25410
0.90677 0.51657 0.21285 0.02901 0.78588
0.28408 0.55267 0.97470 0.77248 0.11291
0.73485 0.62581 0.35665 0.51062 0.51595
0.79978 0.16981 0.79063 0.24714 0.30578
0.58732 0.26866 0.13704 0.66219 0.62315
0.10211 0.26729 0.68007 0.06745 0.53793
0.00093 0.43451 0.03671 0.65054 0.92817
0.83744 0.81800 0.58877 0.18641 0.17782
0.97012 0.32233 0.88898 0.70590 0.90761
0.67058 0.31770 0.93027 0.94862 0.65439
0.76935 0.32655 0.77364 0.35050 0.23507
0.82996 0.46607 0.08586 0.74611 0.59619
0.07824 0.06134 0.69635 0.88186 0.89958
0.20599 0.75412 0.44962 0.65252 0.44820
0.69748 0.45504 0.25650 0.21940 0.78760
0.28287 0.51659 0.49766 0.78606 0.72729
0.18163 0.75702 0.27806 0.32033 0.02244
0.50154 0.89080 0.06755 0.35792 0.94269
0.94553 0.52338 0.05791 0.26014 0.03408
0.18081 0.18694 0.58493 0.77230 0.94689
0.70442 0.52895 0.40868 0.36973 0.12707
0.05962 0.84099 0.56847 0.03476 0.82062
0.49885 0.02801 0.83906 0.44745 0.88948
0.77923 0.06381 0.83123 0.19848 0.12511
0.06380 0.37005 0.82526 0.18462 0.21343
0.03714 0.26317 0.34484 0.07454 0.77841
0.83460 0.28136 0.79262 0.41920 0.76196
0.32512 0.43364 0.25666 0.42623 0.46418
0.41997 0.29789 0.15423 0.29239 0.12113
0.02404 0.32119 0.48761 0.85902 0.81768
0.11890 0.17634 0.76792 0.48062 0.04935
0.24175 0.75452 0.46807 0.08648 0.08801
0.43149 0.84262 0.94646 0.77152 0.61206
0.25239 0.44360 0.08690 0.19735 0.10529
0.01829 0.20186 0.06288 0.72209 0.54101
0.20457 0.91102 0.76966 0.61550 0.76653
0.45921 0.19694 0.51439 0.77427 0.26308
0.57378 0.64160 0.81851 0.92629 0.09349
0.15438 0.31024 0.31814 0.23692 0.71433
0.38024 0.80988 0.60183 0.43142 0.02855
0.72274 0.95819 0.06836 0.21170 0.46953
0.37672 0.12124 0.67935 0.51541 0.14106
0.30808 0.15044 0.61919 0.90167 0.05283
0.04290 0.99145 0.41741 0.04967 0.39957
0.70592 0.59001 0.18262 0.75403 0.49653
0.08407 0.87218 0.30279 0.73636 0.89376
0.15052 0.84135 0.18562 0.78644 0.05084
0.17646 0.75647 0.57615 0.13704 0.05932
0.48217 0.49636 0.34549 0.20123 0.49390
0.17541 0.72575 0.08630 0.25850 0.81565
0.73887 0.24680 0.27780 0.48540 0.77529
0.42256 0.86546 0.18050 0.57718 0.09224
0.06120 0.17651 0.39406 0.88669 0.31841
0.65444 0.00126 0.11009 0.31781 0.13378
0.26701 0.61248 0.73615 0.39175 0.97576
0.78176 0.67086 0.20313 0.10969 0.28826
0.01943 0.98740 0.87359 0.63801 0.96133
0.74665 0.20964 0.21511 0.13490 0.48274
0.67922 0.31758 0.57535 0.81295 0.29778
0.20465 0.11234 0.89551 0.86222 0.63512
0.04839 0.27822 0.76485 0.29240 0.01188
0.17148 0.65317 0.74276 0.71846 0.63110
0.06564 0.02339 0.40115 0.14248 0.84073
0.90313 0.22216 0.70582 0.00027 0.42888
0.29246 0.14630 0.16484 0.18836 0.64054
0.83099 0.47676 0.61454 0.21273 0.53416
0.10395 0.47861 0.07767 0.74846 0.40234
0.39647 0.92139 0.06232 0.82847 0.41389
0.88657 0.29335 0.58175 0.62027 0.90788
0.42515 0.15696 0.18021 0.43413 0.90622
0.07927 0.25250 0.36665 0.47161 0.09841
0.37851 0.27279 0.12412 0.37735 0.84071
0.89635 0.87719 0.23760 0.61517 0.00286
0.35878 0.31813 0.65081 0.44165 0.64103
0.15845 0.98783 0.77493 0.32886 0.56799
0.37360 0.03017 0.34133 0.96398 0.29451
0.90827 0.87939 0.82940 0.87074 0.64682
0.68843 0.07734 0.90473 0.10570 0.77039
0.81552 0.96816 0.65714 0.13095 0.94295
0.10602 0.70831 0.17239 0.39386 0.18455
0.68057 0.32203 0.32277 0.13887 0.88387
0.78091 0.50498 0.11104 0.49033 0.97477
0.19575 0.44587 0.64871 0.19286 0.74371
0.33600 0.83883 0.73110 0.85685 0.83767
0.10088 0.67488 0.21202 0.26479 0.93704
0.43686 0.77148 0.28075 0.26118 0.42635
0.59848 0.68772 0.22699 0.97775 0.38710
0.90229 0.91485 0.12899 0.74515 0.15120
0.65800 0.60915 0.00201 0.52164 0.72871
0.37431 0.80364 0.38740 0.95879 0.23757
0.64286 0.57206 0.16668 0.19802 0.57691
0.29539 0.23098 0.32836 0.45662 0.62308
0.33709 0.25054 0.20501 0.40794 0.88150
0.34164 0.66746 0.52860 0.58120 0.18825
0.50701 0.90377 0.77112 0.23193 0.83888
0.61433 0.04294 0.41298 0.28481 0.64107
0.31337 0.81514 0.29315 0.36059 0.92969
0.54176 0.61132 0.74747 0.58049 0.83897
0.45161 0.05994 0.31755 0.40877 0.17363
0.88873 0.88436 0.39176 0.43259 0.59466
0.10005 0.26411 0.66266 0.81655 0.44842
0.25706 0.45914 0.08271 0.52928 0.68702
0.39199 0.40515 0.17518 0.46695 0.46591
0.07392 0.78624 0.86746 0.94051 0.77671
0.89789 0.25642 0.94548 0.56080 0.77734
0.88025 0.33983 0.00030 0.49033 0.75206
0.99854 0.45978 0.10890 0.55418 0.56227
0.18781 0.80174 0.72522 0.61751 0.91834
0.68486 0.25864 0.83894 0.72996 0.47905
0.77621 0.41056 0.70420 0.00670 0.77629
0.24532 0.82872 0.89854 0.92812 0.95536
0.44163 0.40402 0.93194 0.08669 0.31950
0.88885 0.70243 0.06668 0.43011 0.46433
0.04557 0.19960 0.19418 0.60223 0.07484
0.15828 0.39449 0.67907 0.58616 0.41249
0.62434 0.56634 0.68380 0.65093 0.86826
0.54276 0.18129 0.58779 0.69745 0.55325
0.14474 0.99228 0.28764 0.55344 0.43255
0.96567 0.64153 0.74024 0.61632 0.08674
0.44615 0.71699 0.90672 0.92591 0.49778
0.75661 0.27564 0.78629 0.70029 0.66572
0.69045 0.08720 0.66073 0.09851 0.25294
0.97612 0.07721 0.80484 0.85222 0.15370
0.01788 0.51740 0.62097 0.87552 0.74437
0.34815 0.61474 0.42641 0.87511 0.66759
0.56951 0.57436 0.93643 0.01102 0.25149
0.61790 0.39477 0.38920 0.89091 0.31243
0.44090 0.47090 0.10711 0.06350 0.81033
0.85407 0.00888 0.43208 0.23199 0.70506
0.64001 0.85637 0.04528 0.67971 0.15860
0.16377 0.90780 0.21494 0.79171 0.93769
0.08246 0.17903 0.58494 0.84812 0.35137
0.90312 0.43006 0.55162 0.96371 0.96346
0.44350 0.18391 0.28025 0.40632 0.61408
0.70885 0.43210 0.31823 0.98078 0.92913
0.11489 0.23324 0.70954 0.05541 0.01322
0.35118 0.83405 0.28265 0.47625 0.01439
0.06327 0.73290 0.66021 0.50624 0.13067
0.78895 0.35125 0.67564 0.85761 0.15249
0.70514 0.24705 0.99316 0.98594 0.28461
0.77568 0.85783 0.45864 0.99811 0.88347
0.55473 0.98342 0.88164 0.36324 0.57347
0.28073 0.08182 0.56970 0.55735 0.91145
0.33043 0.56418 0.39739 0.54561 0.05687
0.17193 0.93163 0.40015 0.11641 0.23917
0.15780 0.66391 0.26066 0.33340 0.74776
0.36661 0.23576 0.89165 0.83981 0.87857
0.05672 0.76586 0.49066 0.09208 0.42967
0.84646 0.57106 0.64384 0.65310 0.24069
0.99347 0.80072 0.82088 0.49169 0.65805
0.91388 0.26611 0.08913 0.20648 0.45161
0.91615 0.01699 0.90473 0.29349 0.27215
0.40387 0.64439 0.85923 0.04885 0.49367
0.76610 0.28350 0.53657 0.66408 0.57085
0.64059 0.73054 0.15085 0.57782 0.46764
0.62673 0.80467 0.77229 0.56473 0.80886
0.67582 0.72269 0.25013 0.20200 0.28897
0.66392 0.89127 0.75995 0.06735 0.14228
0.70526 0.64118 0.26063 0.68023 0.02756
0.99958 0.99337 0.35656 0.98321 0.21715
0.79004 0.88548 0.80744 0.55117 0.51526
0.09468 0.39335 0.04761 0.94384 0.80561
0.16298 0.82765 0.90657 0.12490 0.38815
0.78475 0.90519 0.42763 0.65949 0.01846
0.67835 0.09567 0.83724 0.74680 0.67682
0.03860 0.68645 0.49206 0.78361 0.10799
0.80815 0.74768 0.14137 0.39630 0.46457
0.44092 0.61241 0.18421 0.98286 0.62798
0.34449 0.34834 0.14369 0.00784 0.37946
0.23803 0.48061 0.71505 0.39228 0.19520
0.85524 0.39231 0.08838 0.49918 0.94446
0.50756 0.54524 0.51299 0.34887 0.87655
0.88507 0.37312 0.76890 0.65758 0.16093
0.91681 0.26560 0.31610 0.50953 0.64493
0.66320 0.40988 0.30830 0.71470 0.41517
0.09478 0.63659 0.14248 0.27015 0.08161
0.98276 0.95073 0.81435 0.67611 0.32917
0.74581 0.25432 0.33396 0.01594 0.00100
0.81169 0.08803 0.20783 0.15763 0.59157
0.34742 0.90841 0.75354 0.98287 0.37907
0.35465 0.75311 0.48980 0.98136 0.66173
0.54711 0.11791 0.09853 0.50727 0.85807
0.61562 0.24959 0.51227 0.53861 0.15064
0.44801 0.63163 0.87599 0.50200 0.48681
0.70814 0.85828 0.29808 0.05155 0.60640
0.23978 0.43598 0.63617 0.17747 0.79951
0.18596 0.72717 0.74058 0.94967 0.36087
0.61624 0.10157 0.31123 0.19635 0.30215
0.66291 0.12380 0.57739 0.79819 0.54333
0.05742 0.65190 0.19445 0.07180 0.88394
0.76703 0.78237 0.54651 0.75937 0.83988
0.12228 0.18445 0.25759 0.07449 0.02810
0.89156 0.13827 0.90304 0.15129 0.92653
0.81175 0.41984 0.02131 0.62500 0.45870
0.81892 0.00670 0.15524 0.79529 0.97014
0.85052 0.43788 0.96253 0.05503 0.00335
0.12691 0.44095 0.01218 0.71300 0.28700
0.97505 0.72147 0.77946 0.69275 0.53596
0.62848 0.67086 0.87432 0.39591 0.20934
0.28621 0.61566 0.94028 0.88134 0.76758
0.29582 0.79517 0.16904 0.09969 0.47984
0.14982 0.41598 0.67221 0.99444 0.96396
0.30074 0.03649 0.44974 0.02994 0.20254
0.36415 0.60707 0.63126 0.48826 0.51716
0.40106 0.64003 0.47350 0.56549 0.29454
0.98854 0.97195 0.55665 0.94555 0.44635
0.07913 0.08097 0.76501 0.75655 0.06224
0.21289 0.36192 0.46419 0.07737 0.64170
0.32370 0.41133 0.97090 0.42212 0.46623
0.31070 0.73800 0.35183 0.60855 0.41761
0.82559 0.34915 0.63493 0.67265 0.18829
0.74679 0.77014 0.17480 0.22496 0.37613
0.40955 0.82271 0.89631 0.99746 0.39301
0.76727 0.04907 0.04204 0.96139 0.89661
0.33586 0.86288 0.86861 0.65581 0.43580
0.77287 0.74848 0.16500 0.51476 0.24355
0.75921 0.56975 0.16925 0.62333 0.74578
0.83405 0.22432 0.37522 0.86188 0.82338
0.24557 0.94895 0.43413 0.44476 0.78126
0.19329 0.96154 0.47803 0.19565 0.81280
0.98322 0.77331 0.15529 0.05729 0.93319
0.03953 0.49200 0.13466 0.72343 0.06127
0.96228 0.80946 0.69375 0.54917 0.16126
0.33480 0.22229 0.02511 0.36330 0.87616
0.18315 0.76326 0.56194 0.58925 0.29343
0.61050 0.68308 0.64944 0.39415 0.73612
0.15597 0.96120 0.00932 0.52103 0.83495
0.39798 0.39036 0.70015 0.57252 0.87289
0.70830 0.43255 0.24270 0.85734 0.16013
0.87984 0.60736 0.19797 0.80879 0.69763
0.65096 0.30725 0.59174 0.03976 0.14624
0.75381 0.04106 0.61074 0.03270 0.77546
0.86417 0.75520 0.43693 0.25347 0.26302
0.26969 0.18277 0.11577 0.90528 0.69772
0.17493 0.39212 0.05803 0.70938 0.22452
0.44432 0.87127 0.80892 0.73179 0.76530
0.41666 0.96149 0.72384 0.21236 0.02609
0.15689 0.53984 0.84514 0.21794 0.39639
0.21459 0.17668 0.27620 0.15840 0.89262
0.15217 0.23921 0.66811 0.62787 0.87739
0.61678 0.95262 0.93681 0.64241 0.57407
0.00787 0.20754 0.48443 0.08928 0.52460
0.31858 0.75414 0.65422 0.22661 0.75868
0.93551 0.51430 0.15434 0.21271 0.54163
0.84599 0.11279 0.19102 0.28885 0.69965
0.35412 0.08450 0.45785 0.65522 0.59069
0.51224 0.46778 0.11436 0.48344 0.96590
0.56741 0.78992 0.67973 0.51619 0.31458
0.90812 0.07138 0.99633 0.23753 0.46569
0.05687 0.88032 0.34118 0.60460 0.40479
0.18837 0.37035 0.72097 0.92430 0.46216
0.52047 0.43283 0.43405 0.14615 0.19190
0.36076 0.77467 0.10979 0.86934 0.23898
0.20985 0.70203 0.99254 0.37007 0.07156
0.96807 0.32578 0.88585 0.70120 0.28819
0.67114 0.46815 0.30311 0.40836 0.69997
0.56239 0.65695 0.70394 0.11203 0.53671
0.80888 0.92303 0.13279 0.22835 0.25256
0.33804 0.70233 0.58763 0.95099 0.62864
0.34125 0.71481 0.66348 0.30191 0.18619
0.25565 0.41744 0.42549 0.82244 0.25163
0.38786 0.86829 0.11245 0.25569 0.89334
0.50368 0.05234 0.75809 0.20839 0.79036
0.29627 0.30505 0.23602 0.31964 0.04669
0.74058 0.16302 0.58006 0.68818 0.72317
0.55749 0.65487 0.48990 0.26407 0.79496
0.50782 0.94227 0.75539 0.48728 0.99145
0.25259 0.97283 0.25352 0.93820 0.41231
0.58179 0.69264 0.86283 0.91593 0.07950
0.45953 0.16438 0.47446 0.84494 0.50965
0.30730 0.33263 0.52021 0.56147 0.73197
0.38705 0.79390 0.80100 0.38962 0.10044
0.18654 0.09107 0.13278 0.48669 0.10896
0.26174 0.78472 0.25685 0.51804 0.11137
0.49781 0.94085 0.46828 0.67155 0.99260
0.42110 0.90591 0.99366 0.94633 0.39989
0.88045 0.04860 0.80481 0.51584 0.44754
0.68806 0.19351 0.27195 0.64388 0.65955
0.05203 0.46683 0.89378 0.98376 0.36609
0.23008 0.37673 0.76381 0.36832 0.78085
0.06477 0.92089 0.67001 0.24748 0.72078
0.93352 0.99033 0.24171 0.33728 0.92762
0.57410 0.42656 0.54830 0.28323 0.19568
0.71923 0.67472 0.02499 0.63077 0.60053
0.24279 0.94570 0.38731 0.70221 0.92773
0.95065 0.97078 0.79209 0.74578 0.91175
0.09876 0.74850 0.33991 0.76554 0.54703
0.20574 0.20378 0.59737 0.03034 0.20021
0.46838 0.93757 0.59601 0.99236 0.34610
0.42190 0.98179 0.31666 0.82373 0.79648
0.55962 0.79702 0.15978 0.55352 0.93817
0.81313 0.12158 0.81110 0.80825 0.86008
0.11816 0.70300 0.73898 0.50253 0.50909
0.61530 0.09567 0.73650 0.18890 0.96439
0.47208 0.96741 0.17517 0.58152 0.37717
0.84485 0.35902 0.85436 0.52286 0.38821
0.64508 0.94736 0.55707 0.73323 0.84335
0.03611 0.20044 0.27096 0.55155 0.43239
0.50419 0.57500 0.62600 0.48960 0.97709
0.44192 0.89407 0.27593 0.41981 0.93513
0.74382 0.26398 0.70911 0.81032 0.37595
0.94868 0.92561 0.11612 0.22499 0.62023
0.05542 0.08089 0.64818 0.96139 0.74084
0.09864 0.19995 0.01727 0.03263 0.11190
0.32938 0.13670 0.07041 0.41912 0.76712
0.75790 0.77296 0.60686 0.49938 0.37723
0.23759 0.80793 0.05115 0.72330 0.49655
0.48016 0.03926 0.46843 0.12567 0.26959
0.22538 0.30163 0.63905 0.78626 0.91235
0.06346 0.92274 0.77400 0.37117 0.97942
0.08282 0.00834 0.56746 0.29459 0.92917
0.68735 0.76826 0.82104 0.64886 0.08269
0.81567 0.61377 0.00296 0.47733 0.61599
0.07619 0.63764 0.57661 0.66431 0.67906
0.92895 0.83593 0.35315 0.88152 0.17432
0.22723 0.75918 0.19821 0.34200 0.26546
0.04297 0.27277 0.92834 0.26708 0.82739
0.28268 0.70388 0.63975 0.81381 0.61325
0.67121 0.40227 0.55005 0.48499 0.74065
0.55641 0.86191 0.05343 0.26152 0.79065
0.00357 0.84084 0.53535 0.68425 0.27217
0.13100 0.93155 0.00316 0.91173 0.11407
0.45281 0.65110 0.98383 0.49121 0.34340
0.56474 0.65027 0.73206 0.35083 0.09002
0.85556 0.98459 0.05687 0.36680 0.93743
0.91307 0.36664 0.74740 0.95684 0.26181
0.28331 0.97555 0.23315 0.94911 0.75629
0.82285 0.26042 0.17563 0.11174 0.23613
0.20855 0.11988 0.55752 0.62731 0.29652
0.31749 0.70523 0.52631 0.99450 0.85462
0.87287 0.31444 0.24901 0.14873 0.28873
0.36140 0.63065 0.94136 0.61333 0.44971
0.90384 0.92105 0.80386 0.51572 0.57045
0.59524 0.50373 0.97755 0.48582 0.97033
0.11773 0.96152 0.14796 0.16983 0.11186
0.91674 0.85084 0.43765 0.94830 0.98947
0.96375 0.14195 0.49814 0.58237 0.29590
0.51095 0.54867 0.03858 0.46773 0.79119
0.48332 0.43955 0.18111 0.58165 0.88370
0.11182 0.90326 0.08034 0.52162 0.82505
0.10926 0.12606 0.31150 0.98068 0.79529
0.29147 0.50587 0.62918 0.99932 0.47231
0.00176 0.99707 0.56705 0.57717 0.70269
0.38608 0.94075 0.25659 0.55163 0.63717
0.18228 0.65858 0.80407 0.06720 0.27556
0.22278 0.81078 0.05739 0.85024 0.86096
0.80770 0.41302 0.89039 0.30736 0.79338
0.48063 0.43283 0.45378 0.06023 0.24140
0.23888 0.93089 0.94347 0.80789 0.64014
0.39119 0.29592 0.93941 0.53677 0.52534
0.95126 0.78024 0.53529 0.27126 0.64038
0.90395 0.24815 0.22703 0.20444 0.54907
0.92274 0.94533 0.20017 0.32392 0.54605
0.77334 0.92409 0.82322 0.50330 0.73642
0.49833 0.87426 0.06803 0.65731 0.10922
0.19803 0.49020 0.74209 0.86550 0.62558
0.25326 0.42465 0.31358 0.18956 0.55204
0.79715 0.62476 0.00068 0.10244 0.43665
0.52894 0.64190 0.06119 0.20776 0.58420
0.26853 0.96227 0.12761 0.61316 0.81203
0.69976 0.12842 0.17146 0.69251 0.82101
0.94769 0.59285 0.91933 0.97449 0.15789
0.60408 0.80277 0.80140 0.09296 0.12125
0.37112 0.09122 0.93524 0.95722 0.60479
0.14023 0.68793 0.42552 0.12640 0.94555
0.07821 0.57686 0.01760 0.37401 0.33368
0.45868 0.14210 0.16737 0.98141 0.15807
0.43092 0.74126 0.74462 0.09109 0.87797
0.46162 0.24369 0.29413 0.91799 0.90552
0.03578 0.71640 0.28493 0.69627 0.07321
0.98862 0.66808 0.16432 0.95026 0.09257
0.17013 0.69575 0.39331 0.83179 0.75776
0.83702 0.37643 0.63494 0.66896 0.94108
0.84576 0.92342 0.54936 0.43745 0.73803
0.22185 0.81722 0.48216 0.96936 0.87409
0.62637 0.04769 0.14003 0.38013 0.29748
0.78752 0.20330 0.26514 0.84770 0.73003
0.16813 0.50101 0.31535 0.77953 0.03740
0.32694 0.36953 0.46118 0.94191 0.82317
0.39393 0.41923 0.46462 0.43577 0.72083
0.11160 0.97259 0.60477 0.60399 0.54400
0.67732 0.66463 0.70504 0.85062 0.30305
0.65664 0.67372 0.49197 0.81950 0.85779
0.22425 0.62006 0.22464 0.42969 0.23458
0.54016 0.65186 0.97410 0.89435 0.48757
0.91371 0.96028 0.33909 0.60308 0.11816
0.39300 0.81809 0.46180 0.22011 0.77030
0.76625 0.56054 0.10411 0.29248 0.39564
0.47857 0.21789 0.67794 0.76873 0.02162
0.43631 0.70922 0.85252 0.94486 0.45257
0.71296 0.96790 0.91185 0.46414 0.63563
0.37738 0.80062 0.73730 0.33260 0.75116
0.36437 0.65164 0.80466 0.98105 0.09628
0.40742 0.81567 0.07560 0.64267 0.67640
0.96727 0.33068 0.39371 0.62081 0.58296
0.41993 0.64110 0.60033 0.86362 0.24722
0.62533 0.22244 0.04589 0.96741 0.32431
0.75548 0.63159 0.49844 0.30648 0.50867
0.22247 0.01832 0.66426 0.03121 0.07137
0.59054 0.43868 0.93470 0.09757 0.21044
0.77749 0.95144 0.84037 0.63859 0.76767
0.84611 0.11955 0.53255 0.53238 0.45844
0.18252 0.32499 0.70108 0.72508 0.40428
0.36677 0.39655 0.22997 0.83658 0.18091
0.18056 0.62621 0.68780 0.45253 0.35993
0.74914 0.12863 0.03174 0.68114 0.28561
0.95535 0.39282 0.29029 0.99645 0.60702
0.87303 0.05720 0.76915 0.42270 0.58952
0.52749 0.75707 0.80722 0.91451 0.82293
0.19024 0.13663 0.94120 0.34204 0.47000
0.44333 0.14545 0.04410 0.06448 0.99433
0.72750 0.75108 0.47505 0.84211 0.09276
0.69434 0.20317 0.41118 0.17811 0.04400
0.63766 0.65729 0.44631 0.19534 0.19208
0.46479 0.05244 0.10616 0.36948 0.16104
0.98568 0.20975 0.97524 0.66819 0.16090
0.89413 0.12791 0.39738 0.03338 0.28879
0.60701 0.22814 0.07131 0.70546 0.10183
0.23814 0.85797 0.37333 0.44099 0.11123
0.70212 0.13755 0.22748 0.97716 0.33429
0.57841 0.08780 0.94699 0.25285 0.44552
0.34634 0.93145 0.66151 0.95482 0.04156
0.30435 0.03928 0.19783 0.99059 0.74127
0.45983 0.86576 0.52208 0.38800 0.73431
0.61326 0.87557 0.83844 0.93120 0.40516
0.69251 0.38912 0.96941 0.69775 0.99715
0.29527 0.96643 0.99576 0.13901 0.77612
0.11084 0.20453 0.97820 0.59459 0.14543
0.89853 0.39895 0.47089 0.66438 0.13940
0.47150 0.50491 0.64241 0.77671 0.70082
0.50974 0.36183 0.92313 0.57376 0.95417
0.59390 0.68609 0.46553 0.23849 0.87164
0.70592 0.38978 0.41694 0.13024 0.61342
0.92287 0.61706 0.97363 0.78640 0.08410
0.68250 0.78039 0.69763 0.24311 0.18150
0.08422 0.00371 0.69968 0.88112 0.98510
0.41522 0.77366 0.85549 0.27461 0.22754
0.48658 0.73305 0.97815 0.04656 0.92042
0.67990 0.04517 0.47395 0.66718 0.73000
0.54478 0.96440 0.62657 0.45243 0.89326
0.36953 0.59932 0.50564 0.42105 0.50813
0.93368 0.47283 0.61964 0.17817 0.82449
0.59490 0.93811 0.63590 0.48900 0.47867
0.95524 0.32481 0.36429 0.02870 0.98249
0.66556 0.55793 0.80745 0.64068 0.07904
0.60195 0.76679 0.63044 0.22394 0.82404
0.38319 0.93029 0.70624 0.79660 0.70344
0.43912 0.31181 0.26184 0.43975 0.67903
0.50574 0.25194 0.19723 0.28746 0.35961
0.38986 0.66627 0.66554 0.43219 0.49034
0.72447 0.29393 0.01013 0.41529 0.84744
0.32986 0.79605 0.56025 0.68200 0.98527
0.50038 0.88748 0.57415 0.50150 0.05893
