0.96754 0.50064
0.37748 0.63252
0.80909 0.71454
0.42350 0.58149
0.71134 1.09568
0.86087 0.57518
0.20719 0.21888
0.42550 0.62155
0.26568 0.41162
0.62694 0.69048
0.13846 0.23931
0.48527 0.55216
0.33274 0.45550
0.54326 0.31790
0.39019 0.44947
0.37132 0.67718
0.21357 0.07850
0.63679 0.80638
0.70329 0.68179
0.15480 -0.02079
0.33722 0.20705
0.42217 0.30575
0.48881 0.76932
0.39347 0.33062
0.80221 0.26073
0.78490 0.55989
1.12678 0.72084
-0.05628 0.20044
0.18603 0.24280
0.84373 0.49845
0.50056 0.14829
-0.02969 0.17599
1.04838 0.61955
0.10247 0.23597
0.11344 0.62045
0.27746 0.45902
0.22736 0.70238
0.52941 0.68808
0.56099 0.68512
0.17263 0.07232
0.13643 0.94122
0.89717 0.76246
1.03619 0.34004
0.53256 0.86505
0.50580 0.93145
0.55011 0.75835
0.01541 0.02231
0.78873 0.47706
0.79523 0.59994
0.54767 0.93105
0.25275 0.29900
0.84524 0.33715
0.03733 0.05898
0.03755 0.19316
0.21777 0.50397
0.83669 0.45022
0.82153 0.60739
0.32222 1.01255
0.59083 0.90995
0.55139 0.96053
0.67474 0.63300
0.65684 0.51334
0.46745 0.82161
0.02894 0.83060
0.44193 0.71570
0.93326 0.63777
0.79365 0.23562
0.41438 0.73695
0.45909 0.49040
0.95153 0.77685
0.63046 0.66657
0.38715 1.08428
0.24254 0.43080
0.25857 0.88375
0.51597 0.43416
0.86056 0.50524
0.48891 0.19764
0.11250 0.44800
0.66753 0.77965
0.46253 0.19446
0.49187 0.70201
0.31597 0.84033
0.45353 0.93802
0.29445 0.47207
0.11365 0.36689
0.38074 0.34522
0.25055 0.50232
0.15395 0.60478
0.08326 0.23176
0.39326 -0.00869
0.44911 0.39146
0.61397 0.59512
0.32016 0.88099
0.07560 0.43961
0.45373 0.81454
0.16560 0.50560
0.65537 0.58382
0.65720 0.11958
0.29191 0.99840
0.53958 0.74373
0.30317 0.17509
0.72655 0.32259
0.83425 0.71857
0.40724 0.36004
0.85785 0.41579
0.15755 0.21509
0.76440 0.54138
0.37114 0.69222
0.53135 0.41031
0.35649 0.39788
0.51895 0.51273
0.31797 0.82445
0.68292 0.77241
0.22027 0.55679
0.26942 0.55863
0.00640 0.78657
0.45918 0.84283
0.54643 0.49244
0.43796 0.64001
0.67052 0.67246
0.41760 0.22390
0.40983 0.42453
0.58985 0.68492
0.23018 -0.07062
0.16670 0.41991
0.61728 0.90784
0.21783 0.99787
0.14260 0.55694
0.03868 0.06415
0.10249 0.83798
0.26059 0.85524
0.36292 0.94775
0.84106 0.91336
0.13065 0.20992
0.89763 0.20873
0.31199 0.47603
0.41695 0.03953
0.62414 0.67341
0.33950 0.23658
0.81559 0.33276
0.62369 0.78401
0.76170 0.80366
0.43432 0.03844
0.48884 0.87700
0.42255 0.95242
0.32158 0.85046
0.31210 0.12405
0.41436 0.88087
0.96128 0.53613
0.86245 0.62539
0.92696 0.45429
0.66789 1.03369
0.28078 0.50604
1.06725 0.40515
0.30769 0.29368
0.94082 0.22173
0.43479 0.40822
0.16965 0.91793
0.44033 0.66406
0.13164 0.15446
0.25277 0.41423
-0.05048 1.18500
0.95173 0.80765
-0.03601 0.03306
0.66776 0.57500
0.02124 0.82511
1.04732 0.46989
-0.11450 0.76800
0.21831 0.53289
-0.13283 0.25804
0.13947 0.31122
0.37657 0.76175
0.48791 0.85801
0.40449 0.20975
0.92410 0.73310
0.08673 0.67958
0.00772 0.14057
0.52872 0.26793
0.85565 0.77036
0.86685 0.61751
0.78417 0.42571
0.32467 0.79265
0.30601 0.31102
0.06702 0.98055
1.07131 0.41342
0.31797 0.17097
0.44168 0.77048
0.37746 0.70541
0.29333 0.16284
0.04748 0.53845
0.76397 0.70644
0.46534 0.91714
0.97663 0.21178
0.30516 0.92874
0.16726 0.91739
0.07533 0.98467
0.54571 0.77301
1.03235 0.55472
-0.02418 0.86953
0.49046 0.60271
0.38079 0.18396
0.07177 0.15047
0.71813 0.53894
0.09116 0.21111
0.33815 1.09449
0.70203 0.80688
0.45839 0.78473
0.25843 0.25400
0.36636 0.12453
0.24115 1.16504
0.55321 0.59390
0.93917 0.26523
0.52617 0.59935
0.27595 0.94134
0.64271 0.26120
0.31708 0.76553
0.16698 0.68946
0.51382 0.06694
0.26114 0.69435
0.60722 0.11114
1.09814 0.75562
0.06657 0.33659
0.87205 0.62723
0.31838 0.56933
0.09397 0.42830
0.71931 -0.03647
0.61339 0.77091
0.35082 0.08915
0.18054 0.96599
0.29872 0.89275
0.45056 1.02779
0.84127 0.44852
0.31137 0.51169
0.27934 0.37533
0.26200 0.97170
0.28596 0.32636
0.44859 0.48822
0.75286 0.83262
0.95359 0.72553
0.66813 0.56743
0.32490 0.45970
0.88692 0.70792
0.62868 -0.14341
0.28843 0.33417
0.55404 0.95535
0.41374 0.58134
-0.11109 0.06982
0.23288 -0.01510
0.20843 0.75157
0.06024 0.78605
0.25598 0.49251
0.98525 0.47216
1.04399 0.67072
0.28765 0.43405
0.36419 0.84251
0.89792 0.63259
0.43117 0.31719
0.14330 0.23194
0.50731 0.01039
0.43156 0.64337
0.54606 0.39127
-0.06444 0.26141
0.67719 0.13302
0.32071 0.50342
0.51715 0.09523
0.72058 0.56188
0.41196 0.88257
0.68102 0.25760
0.47088 0.36073
0.99973 0.65434
0.66213 0.80309
0.63875 0.17815
0.95734 0.18686
0.03107 0.23355
0.07521 0.21755
0.35632 0.76078
0.05771 0.24371
0.62800 0.92797
0.64330 0.88138
0.48391 0.61484
0.29516 0.71011
0.38665 1.03947
-0.02366 0.60078
0.95636 0.96757
0.18351 0.41236
0.05370 0.91460
0.42672 0.45307
0.27104 0.34051
0.42859 0.28582
0.67595 0.96037
0.67654 0.85152
0.91349 0.50904
0.51236 0.19713
0.54220 0.92834
0.47796 0.81071
0.10973 0.13285
0.68313 -0.08858
0.27035 0.33317
0.64686 0.67750
0.29302 0.62221
0.30148 0.91976
0.64345 0.91722
0.76510 0.70829
0.65971 0.55978
1.08465 0.59353
0.08606 0.39302
0.50353 0.81346
0.52312 1.06297
0.40321 0.61208
0.97625 0.72081
-0.30234 0.44223
0.56534 0.89845
0.24316 0.52960
0.43625 0.80497
0.69786 0.87953
0.29648 1.00260
0.73213 0.73406
0.53615 0.86924
0.38428 0.51368
0.60873 0.81492
0.07825 0.03000
1.11019 0.46551
0.20626 0.78632
0.42363 0.58304
0.61769 0.62530
0.73265 0.70474
0.13921 0.94957
0.49012 1.06700
0.09385 0.43382
0.89637 0.89612
0.57345 0.77014
0.75197 0.02217
0.45737 0.77730
0.27977 0.39677
0.63153 0.26799
1.01004 0.34080
0.27323 1.00623
0.55639 0.91752
1.14822 0.11648
0.46856 0.74394
0.35165 0.81548
0.01235 0.41913
0.99649 0.76707
0.18529 0.13436
0.42435 0.09395
0.49633 0.99457
0.98509 0.57333
0.17405 0.86055
0.09999 0.52520
1.08797 0.75920
1.07432 0.64156
0.21690 1.05427
0.05011 -0.02098
0.52994 0.58808
0.26474 0.43336
0.40580 0.16709
0.80986 0.54318
-0.17823 0.10676
0.58017 0.54340
0.67842 0.82990
0.51752 0.96318
0.55258 0.02921
0.78412 0.49569
0.05831 0.08284
0.94933 0.68868
0.68470 -0.01549
0.73335 0.49027
0.90693 0.82467
0.57307 0.60205
0.72718 0.57798
0.25628 0.23955
0.49570 0.51979
0.60533 0.52176
0.89627 0.66243
0.18979 0.47032
0.21337 0.61308
0.90378 0.43309
0.33814 0.70318
0.36888 0.56510
0.24213 0.44940
0.66857 0.68410
0.09510 0.51328
0.02448 0.44544
0.41693 0.12074
0.42338 0.26933
0.75661 0.31025
0.45077 0.40413
0.26653 -0.00440
0.61224 0.64698
-0.00236 0.19032
0.06027 0.27194
1.00395 0.55004
1.06941 0.74491
0.86936 0.18799
0.04234 0.81330
0.37575 0.03727
0.41571 0.19274
0.48274 0.90640
0.11443 0.41086
0.20168 0.39266
1.00820 0.65892
0.72267 0.84578
0.71000 0.12110
0.54842 0.79339
0.11963 0.00153
0.06906 0.16477
0.55482 0.59246
0.83607 0.12122
0.33788 0.44497
0.68561 0.90283
0.60579 0.50266
0.97139 0.12875
1.05505 0.48842
0.80736 0.08563
0.32650 0.45206
0.36660 0.54690
0.71415 1.02393
-0.07120 0.74348
1.04241 0.57464
1.04723 0.57367
0.58957 0.94384
0.45861 0.59804
0.13433 0.66777
0.48703 0.21423
-0.05244 0.46816
0.65497 0.81947
0.61015 0.88636
0.46219 0.67008
0.43843 0.86355
0.18897 0.75609
0.56682 0.41737
0.73461 0.60567
0.34668 0.43564
0.28927 0.40659
0.70003 0.79691
0.44807 0.91666
0.39160 0.65783
0.92653 0.45073
1.02853 0.52583
-0.04594 0.93827
0.62113 0.62249
-0.01615 0.92045
0.48074 0.47806
0.29472 0.76048
0.83030 0.52859
0.71191 -0.01305
0.24228 0.12150
1.01263 0.40191
0.54675 0.23448
0.21282 0.21185
0.50090 0.69974
0.29727 0.96272
0.41047 0.88904
0.33442 0.90963
0.80153 0.62893
0.35682 0.31808
-0.00959 -0.04832
0.48861 0.45166
-0.03531 0.09721
0.20635 0.17902
0.10959 0.32314
0.20204 0.47835
0.60793 0.67034
0.17687 1.06772
0.40382 0.91297
0.49979 0.98867
0.03461 0.73992
0.18079 0.23426
0.60003 0.87896
0.14609 0.25341
0.86030 0.56025
0.32373 0.44749
0.98287 0.13031
0.49428 0.92128
0.39788 0.15887
0.35618 0.33419
0.45390 0.80761
0.18072 0.03783
0.55906 0.16588
0.12006 0.24474
0.25365 0.88308
0.39569 0.28473
0.64130 0.57594
0.27442 0.37400
0.91008 0.12585
0.82433 0.68516
1.13331 0.53722
1.02770 0.49217
0.46957 0.77863
0.78154 0.54010
0.23988 0.28326
0.29594 1.13919
0.36914 0.04608
0.15195 0.65560
0.21086 0.05919
0.87609 0.37169
0.39801 0.23370
0.41516 0.55054
0.31691 0.31546
0.50543 0.45203
1.15189 0.71698
-0.02999 0.88232
0.34140 0.33088
0.54231 1.02326
0.12197 0.18609
0.80586 0.01937
0.73407 0.69490
0.24183 1.09943
0.30351 0.89789
0.39849 0.46163
0.25130 0.16942
0.65641 0.35719
0.61714 0.69967
0.92391 0.16639
1.01541 0.47600
0.68991 0.70978
0.32388 -0.07939
0.88150 0.77876
1.06363 0.33510
0.45076 0.75463
0.00480 0.43312
0.34800 0.81080
0.75677 -0.20812
0.86215 0.61861
0.66351 0.51322
0.20154 0.78210
0.37444 0.59175
0.77399 0.51271
0.48482 0.97479
0.19074 0.19037
0.15139 0.23309
0.50194 0.64060
0.55467 0.78841
0.36120 1.11920
0.59555 0.06716
0.21705 0.37832
1.17076 0.63858
0.48614 0.85259
0.82510 0.48090
0.90720 0.68714
0.94129 0.46514
0.62286 0.83680
0.81078 0.62807
0.32655 0.73198
0.41592 0.61444
0.11898 0.54555
0.34735 0.36760
0.28381 0.33371
0.66888 0.95544
0.95644 0.59023
0.24531 0.62049
0.18419 0.83544
0.79599 0.41808
0.32492 0.39593
0.25132 0.47305
0.20236 0.49367
0.18967 0.09969
0.60385 0.56016
-0.05915 0.11001
0.22764 0.91339
0.43301 0.63662
0.62563 0.68965
0.60656 0.27453
0.12603 0.25035
0.47537 0.60863
0.55309 0.97263
0.50945 0.80051
0.46008 0.31356
0.66784 0.50169
0.16285 0.86651
0.46184 0.48613
1.11619 0.09055
0.86422 0.53141
0.28179 0.41319
0.37729 0.62967
1.00716 0.70652
0.30680 0.81054
0.64928 0.62483
0.27124 0.45350
0.67193 0.01038
0.51218 0.96661
0.26302 0.22082
0.50281 0.68461
1.02626 0.57498
0.80793 0.05610
0.17073 0.89869
0.28080 0.39662
0.23437 0.56524
0.70842 0.81087
0.29776 0.63652
0.30312 0.86227
0.67797 0.88040
0.18200 0.27806
0.45375 0.64823
0.91205 0.59755
0.20432 0.12603
0.40540 0.64329
0.55218 0.78807
-0.00058 0.06025
0.66817 0.09678
0.19979 0.33458
0.49887 0.88940
0.33590 0.38347
-0.10752 0.18857
0.49950 0.70785
-0.13418 0.10219
0.17057 0.48133
0.20004 0.17417
0.50243 0.24778
0.04179 0.75873
0.92597 0.65671
0.28887 0.63971
0.58490 0.74427
0.51900 0.70185
0.44562 0.20541
0.74891 0.42954
0.26107 0.31529
0.39119 0.48252
0.20499 0.34538
0.40136 0.19266
0.41212 0.92814
0.49573 0.10103
0.33069 0.77379
0.46068 0.77782
1.04276 0.71529
0.36647 0.85912
0.17405 0.37678
0.39263 0.95214
0.30744 0.39545
0.67481 0.68320
0.93099 0.66666
0.45311 0.99625
0.22109 0.42929
0.35135 0.43862
0.50506 0.75987
0.83704 0.84121
0.42158 0.53098
1.00311 0.33530
0.50346 0.26854
1.13764 0.81245
0.89038 0.40102
0.68034 0.72481
0.05867 0.28867
0.38916 0.35060
1.19139 0.63335
0.31937 0.03909
0.39590 0.51379
0.66679 1.03282
0.39478 0.27365
-0.02221 -0.18897
0.33025 0.61606
0.20655 0.66449
0.78101 0.47416
0.59778 0.50447
-0.04084 0.26738
0.69769 0.40317
-0.03302 0.86706
0.21110 0.22149
0.05070 0.74803
0.60266 0.82348
0.51383 0.15404
0.72459 0.85634
0.42583 0.16606
0.98769 0.28712
0.38574 0.87987
1.08729 0.07225
0.43634 0.19766
0.38917 0.87385
0.03625 1.01905
0.87111 0.75612
0.25530 0.19359
-0.01091 0.41232
0.13778 0.43672
0.17538 0.47256
0.02966 0.34357
1.01260 0.36251
0.34768 0.53431
0.64809 0.18010
0.34382 0.54184
0.13601 0.33448
0.52922 -0.05705
0.16646 0.20815
0.31188 0.95837
0.14238 0.32509
0.76103 0.66922
0.26620 0.78186
0.46641 0.93251
0.57249 1.11513
0.49514 0.59405
0.25902 1.02821
0.39469 0.63628
0.37050 0.44599
0.10577 0.22429
0.42547 0.65415
-0.08750 0.33132
1.06242 0.29822
-0.19282 1.01894
0.74029 0.78747
1.19398 0.50389
0.47675 0.91065
0.33689 0.87479
-0.07007 0.11525
0.23928 0.20513
0.43068 0.72836
0.43326 0.74832
0.37958 0.67358
-0.00714 0.99932
0.40596 0.82082
0.53630 0.53497
0.79205 0.54538
0.71713 -0.09697
0.37045 0.33970
0.09841 0.26910
0.35936 0.38163
0.57783 0.90692
0.54192 0.99444
0.94894 0.55234
0.44847 0.61541
0.25780 0.38626
0.84668 0.72925
0.89130 0.72918
0.29502 0.42699
0.48750 0.31139
0.46516 0.11206
0.59159 0.76444
0.10026 0.62563
0.99474 0.68928
0.91517 0.62597
0.54242 0.06806
0.22423 0.60383
0.80857 0.59841
0.62636 0.10633
0.77690 0.77816
0.03411 0.33445
0.40039 0.04340
0.89118 0.43102
0.98013 0.55397
0.36670 0.83025
0.09188 0.01183
0.43859 0.15081
0.43262 0.86903
0.63228 0.98545
0.89350 0.74477
0.42434 0.40695
0.41517 0.63902
0.53870 0.26803
0.34608 0.34326
0.26035 0.17001
0.11948 0.09868
0.82678 0.55509
0.78307 0.61023
0.48412 0.83646
0.22791 0.84714
0.38896 0.73404
0.91478 0.59374
0.11875 0.76112
0.31744 0.92957
0.26570 0.00188
0.38423 0.27135
0.43229 0.64894
0.37864 0.81084
0.09457 -0.15672
0.99887 0.50988
0.67042 0.07216
0.54410 0.71556
0.02021 0.82865
0.74121 0.79417
0.39316 0.52683
0.43036 0.42597
0.13149 -0.09502
0.79693 0.81597
0.15718 0.00650
0.79142 0.60976
0.13839 0.41330
0.40783 0.51501
0.17357 0.03437
1.01523 0.75657
1.03369 0.40368
0.70192 0.95127
0.51418 0.12394
0.16510 0.19830
0.19872 0.63341
0.60190 0.46027
0.15269 0.11342
0.52535 0.95872
0.90245 0.73326
0.20188 0.49488
0.20004 0.86535
1.00603 0.67764
0.83144 0.54238
0.43697 0.44321
0.95898 0.66140
0.50716 0.90199
0.07187 0.58266
0.69179 0.61584
0.74216 0.48025
0.51841 0.59726
0.89042 0.67066
0.85706 0.14353
0.52907 0.81138
0.28255 1.04250
0.28411 0.54697
0.30317 0.45029
0.10907 0.25567
0.43174 1.00281
0.60391 0.92253
0.54989 0.08419
0.55510 0.88877
0.38877 0.52707
1.01119 0.63618
0.39550 0.62407
0.57788 0.54157
0.66899 0.16051
0.90130 0.50039
0.96293 0.38642
0.27793 0.85555
0.40571 1.01652
0.36780 0.91555
0.41893 0.98485
0.52051 0.02004
-0.02418 0.90602
0.97210 0.51304
-0.02820 0.00104
0.07876 0.23614
0.18101 0.85757
0.95281 0.15384
0.05397 0.79256
0.41836 0.25808
0.56787 0.20071
0.07514 0.78933
0.47198 0.78659
0.40261 0.74472
0.46694 0.61749
0.13892 0.33796
0.65895 0.51570
0.81234 0.59020
0.60694 0.47739
0.18510 0.93884
1.23992 0.04734
0.14674 0.16121
0.69848 0.98052
0.36143 1.02400
0.45400 0.93277
0.46359 0.50520
-0.04976 0.48324
0.32130 0.34812
0.01707 0.24220
0.92643 0.21498
0.29478 0.61135
0.87998 0.71987
0.58532 0.94256
0.22971 0.76026
0.04792 0.39731
0.54233 0.85401
0.34276 0.52322
0.42769 0.09448
0.48801 0.32963
0.37086 0.07233
0.47739 0.22970
0.42126 0.54991
0.47942 0.22403
0.26252 0.56113
0.47203 0.73891
0.43144 0.60650
0.70267 0.13443
0.34486 0.43607
0.57608 0.98407
0.13398 0.94507
0.94793 0.62003
0.05051 1.11550
0.50262 0.20039
0.42057 0.96844
0.43157 0.65437
0.19226 0.15134
0.83048 0.69240
0.28789 0.35636
0.71683 0.68163
0.43733 0.44893
0.15564 0.21585
0.43354 0.86500
0.96828 0.63605
1.00588 -0.00729
-0.01647 0.49352
0.61088 0.74296
0.30858 0.08254
0.89227 0.32257
0.60048 0.73769
0.53920 0.85193
0.42934 0.78473
0.97085 0.13382
0.60749 0.91023
0.16535 0.17458
1.15687 0.10775
0.36094 0.51693
0.53344 0.66579
0.80388 0.17945
1.02268 0.57080
0.97047 0.52241
0.37432 0.62082
1.00450 0.62282
0.14414 0.74242
0.11202 0.36315
0.72733 0.08395
-0.06440 0.97700
-0.15095 0.31377
0.52405 0.27496
0.82238 0.69638
0.73868 0.38458
0.06378 0.00769
0.38424 -0.01377
0.02953 0.23703
0.06935 0.92992
0.02501 0.85616
0.55752 0.79347
0.16201 -0.10789
0.19229 0.59711
0.71670 0.80355
0.45222 0.91741
0.47111 0.12166
0.84822 0.57207
0.07755 0.19847
1.01407 0.59473
0.54671 0.50020
0.43682 0.73903
0.14465 1.02014
0.67904 0.56961
0.37180 0.86000
0.06456 0.49292
0.31210 0.75394
0.39965 0.22004
0.06202 0.25896
0.72202 0.82394
0.04338 0.28377
0.81388 0.60519
0.48327 0.14410
0.57392 0.64656
0.38128 0.24432
0.34286 0.02838
0.08455 0.35888
1.15746 0.59709
1.01572 0.70597
0.29231 0.57833
0.06417 0.32683
0.40477 0.88775
0.16514 0.14420
0.01667 0.31852
0.26363 0.75986
0.63651 -0.08976
0.34204 0.84902
0.23109 0.44156
0.45244 1.04242
0.59341 0.76439
0.48340 0.61060
0.13107 1.15555
0.22571 0.35582
0.10136 0.85567
0.52693 0.79564
0.94163 0.10540
0.97772 0.76504
0.07500 0.56541
-0.11710 0.34282
0.26562 0.21062
0.26982 0.91635
0.14238 0.08479
0.17304 1.01094
0.97671 0.69182
-0.01859 0.55870
0.06585 0.35627
0.58788 0.84501
0.52973 0.35497
0.27557 0.48435
0.32065 0.16628
0.85280 0.62908
0.87043 0.18103
0.44063 0.56907
0.49183 0.75607
0.87485 0.49529
0.64835 0.83092
0.04128 0.25797
0.99804 0.04795
0.84536 0.70247
0.43313 0.14058
0.82787 0.59506
0.71273 0.24952
0.71245 0.61462
0.86979 0.74652
0.01923 0.03020
1.02327 0.61269
0.52141 1.07105
0.33178 0.77395
1.17052 0.74062
0.42005 0.70198
0.49619 0.29972
0.45904 0.74155
0.24696 0.43154
0.41274 0.23346
0.25859 0.61293
0.10894 0.39258
0.58433 0.86947
0.59489 0.84491
0.38397 0.80876
0.10663 0.50007
-0.04493 1.10415
0.34259 0.38975
0.35555 0.58437
0.73066 0.40806
0.89295 0.71881
0.24219 0.80599
0.00801 0.98999
0.38190 0.00530
0.10811 0.38576
0.21152 -0.04012
0.80876 0.57820
0.22618 0.33385
0.18428 0.29953
0.35777 0.65280
0.86516 0.48487
0.27214 0.21387
0.66983 0.54509
0.30763 0.70433
0.88256 0.39446
0.62384 0.49546
1.03182 0.62238
0.75172 0.33970
0.52395 0.77496
-0.09416 0.85106
0.50897 0.07439
0.17659 0.34096
0.89046 0.27961
0.06645 0.46211
0.07040 0.08717
0.21482 0.20360
1.02088 0.52704
0.29660 0.18715
0.98462 0.60318
0.71025 0.47220
0.88265 0.52360
0.24675 0.96925
0.69751 0.81746
0.47997 0.06078
0.16406 0.14737
0.08775 0.43650
1.03066 0.18073
1.09471 0.54119
0.94147 0.67328
0.53010 0.79287
0.55634 1.00741
0.55586 0.67609
0.62044 0.71544
0.49557 0.81541
0.76850 0.32858
0.64369 0.03405
0.30787 0.83551
0.23199 0.44274
0.32310 0.84821
0.73511 0.94070
0.43821 0.45941
0.09280 0.78964
0.62079 0.62984
0.61002 0.80024
0.23169 0.45023
0.62265 0.78427
0.01136 0.92642
0.58426 0.59233
0.26339 0.77096
0.11780 0.83217
0.14371 0.29610
-0.07770 0.75783
0.73338 0.15377
0.70120 0.74302
0.76363 0.50169
0.74576 0.14693
0.97138 0.78931
0.60354 0.01965
1.07761 0.64981
0.91136 0.57391
0.39026 0.69217
0.46192 0.31296
0.60038 -0.13480
0.24064 0.22330
1.03948 0.51804
0.03246 0.07416
0.41711 0.21454
0.56288 0.82040
0.77374 0.64894
0.54273 1.06134
0.27550 0.61437
-0.03491 0.28190
0.79598 0.56743
0.36721 0.30422
0.54642 0.05363
0.05847 0.75227
0.37828 0.07339
0.70322 0.95102
0.53230 0.06157
0.21612 0.75069
1.06561 0.12042
0.76832 0.30812
0.40875 0.77447
0.97894 0.54998
0.19750 0.10637
0.33327 0.79932
1.04303 0.56841
0.57872 0.12734
0.05483 0.08207
-0.02964 0.20138
0.23487 0.42762
0.29717 0.30068
0.91894 0.73702
0.90726 -0.02705
-0.06156 0.26149
0.34860 0.25554
0.10837 0.06165
0.51312 0.84813
1.06547 0.64626
0.37301 0.70364
0.20377 0.77449
0.84811 0.33161
0.29618 0.10118
0.14959 0.52921
0.60831 0.86535
0.63247 0.49087
-0.00611 0.23500
0.52961 0.84863
0.00542 0.34890
0.27166 1.06892
0.91955 0.70985
0.57622 0.35440
0.41665 0.70486
0.09581 0.00737
0.30250 0.87127
0.60351 0.98158
0.74930 0.53454
0.43999 0.13433
0.31179 0.70002
0.46863 0.82369
0.88178 0.30071
0.69099 0.94958
0.34143 0.04441
0.25007 -0.00749
0.45349 0.57255
0.54240 0.39666
0.10752 0.15768
0.26773 0.21269
0.34873 0.61159
0.18079 0.33697
0.19469 -0.04124
1.02273 0.50715
0.68083 0.85508
0.74682 0.67315
0.60384 0.39654
0.50725 0.81085
0.91222 0.55651
0.46110 0.78921
0.44300 0.66388
0.39189 0.64897
0.09491 0.40282
-0.07033 0.96221
0.61964 0.51619
0.13733 0.30667
0.94710 0.58775
0.00438 0.34746
0.19162 0.48582
0.31921 0.39198
0.81404 0.59791
0.40995 0.77658
0.81218 0.34560
0.56266 0.52341
0.43986 0.75185
0.52074 0.87193
0.83670 0.52748
0.30860 0.77545
0.28027 0.69361
0.45533 0.64574
0.45719 0.74799
0.78157 0.34903
0.82202 0.50955
0.66564 0.69874
0.61241 0.19809
0.35598 0.38326
1.04405 0.12241
0.12653 0.02665
0.13062 0.44810
0.53094 0.95208
0.59027 0.69612
0.14959 1.00585
0.98030 0.67521
0.72024 0.10394
0.20635 0.06124
0.07324 0.27336
0.49123 0.21196
0.18089 0.07676
0.53373 0.58326
0.35815 0.98654
0.34974 1.04868
0.14271 0.96463
0.45219 0.23797
0.19538 0.89108
0.39241 0.70023
0.36350 0.07102
0.84594 0.53923
0.26902 0.26004
0.73621 0.49318
0.71814 0.06046
0.15501 0.96724
0.14034 0.04881
0.96882 0.62628
0.32637 0.24362
0.41053 0.49269
0.35764 0.10153
0.27195 0.78885
0.24390 0.47656
0.46830 0.68069
0.44062 -0.06140
1.31259 0.55544
1.04107 0.23308
0.44405 0.60647
0.86925 0.13445
0.29614 0.73396
0.02733 0.27973
0.36438 0.37748
0.35515 0.20884
-0.01203 0.05453
0.37007 0.52021
0.62646 0.79002
0.53781 0.70438
0.33025 0.24926
0.55662 0.55903
0.07256 1.03332
0.74742 1.07109
0.52561 0.74093
0.84980 0.39111
0.59918 0.07266
0.57614 0.82725
0.41785 0.82786
0.27729 0.18891
0.95496 0.62511
0.19263 1.04583
0.72948 0.26223
0.42975 0.55126
0.69888 0.52599
0.54711 0.73997
-0.06343 0.25915
0.53873 0.83339
0.23965 0.50201
0.49257 0.63863
0.38006 0.69349
0.65698 0.81207
0.49513 0.85669
0.11710 0.09749
0.59635 0.73448
0.70599 0.65468
0.61590 0.78185
0.47439 0.70028
1.07495 0.65845
0.42193 0.42903
0.59079 0.50972
0.33153 0.49313
0.49200 0.87584
0.76670 0.08152
-0.04482 0.31598
0.15025 0.33445
0.19789 0.78591
0.44686 0.09070
0.27877 0.70149
0.56869 0.33123
0.63580 0.23310
0.95887 0.73239
0.25151 0.33010
0.77086 0.16866
0.53309 0.07335
0.70000 0.77086
0.48016 0.35016
0.95257 0.32241
0.54355 0.15701
0.72594 0.37394
0.49207 0.25294
0.27815 0.31678
0.36651 0.92528
0.58861 0.88702
0.70968 0.82511
0.44652 0.86253
0.54862 0.73136
0.94850 0.46294
0.49057 0.98700
0.15619 0.79834
0.35990 0.41977
0.21411 0.56836
0.33354 0.65272
0.17224 0.21755
0.13642 0.83714
0.15538 0.38501
0.99583 0.60399
0.31234 0.96970
0.42357 0.66491
0.65002 0.89362
0.60972 0.74221
0.31566 0.11143
0.45305 0.85691
0.83646 0.40862
0.67331 0.82856
0.70956 0.76497
0.56650 0.37254
0.08150 -0.02170
0.10964 0.48638
0.53037 0.48727
0.36599 0.32193
0.63747 0.66644
0.36849 0.16406
0.03571 -0.22248
0.63857 0.77456
0.24231 0.93128
0.01687 0.17312
0.65513 0.40350
0.45908 0.70095
0.42403 0.46554
0.57562 0.79503
0.32187 0.44249
0.06545 0.44189
0.27870 0.18574
0.54250 0.51654
0.56409 1.03496
0.04156 0.88853
0.27183 0.24514
0.87313 0.67446
0.31021 0.24652
0.21446 0.15952
0.76337 0.65818
0.43915 0.73761
0.56435 0.87865
0.52486 0.84001
0.12388 0.87952
0.29844 1.15920
0.70439 0.80547
0.51274 0.79338
0.64446 0.64979
0.62164 0.61761
0.83848 0.81231
0.25873 0.65730
0.25604 1.03936
1.05186 0.50677
0.51285 0.86499
0.60809 0.72721
0.15713 0.13436
0.11217 0.35902
0.47215 0.95082
0.37023 0.91753
0.04714 0.45292
0.58525 0.63654
0.16258 0.31680
0.36961 0.85281
0.51738 0.64623
0.19474 0.65924
0.70314 0.46938
0.04009 0.13003
0.50647 0.75102
1.04448 0.59042
0.55992 -0.02500
0.41222 0.58740
0.56192 0.31043
0.29468 0.64556
0.29036 1.02743
0.54533 0.82405
0.60298 0.75284
0.25322 0.32623
0.26103 1.01934
0.55770 0.72556
0.51679 0.83213
0.22834 0.33833
-0.01133 0.35790
0.80744 0.59904
0.98611 0.51818
0.29661 0.28568
0.76203 0.92730
0.96723 0.52342
-0.02887 0.34787
1.17063 0.58491
-0.04818 0.97457
0.78951 0.29164
0.57745 0.86846
0.55241 0.71426
0.62014 0.58236
0.73974 0.38371
0.73717 0.47303
0.91742 0.46642
-0.03504 0.18625
0.55298 0.80282
0.37448 0.40299
1.06964 0.74236
1.01619 0.79032
0.92945 0.43583
0.71293 0.76293
0.42413 0.80314
0.92632 0.62522
0.23837 0.19103
0.44574 0.63165
0.55009 0.19453
1.10478 0.63852
0.53259 0.78829
0.28059 0.32269
0.19549 0.41960
0.85370 0.62254
0.34286 0.28981
0.08423 0.58906
0.31135 0.19897
0.89008 0.16050
0.45343 0.87012
0.79384 0.70495
0.45424 0.74665
0.03120 0.20182
0.31733 0.61149
0.96484 0.42295
0.73585 0.79020
0.35664 0.64134
0.01767 0.44224
0.81944 0.23942
1.18954 0.69750
1.04785 0.65082
0.28451 1.05046
0.10208 0.31099
0.55796 0.94414
0.25931 0.48279
0.44125 0.65479
0.49913 0.57719
0.86647 0.80812
0.55420 0.46927
0.45699 0.26733
0.82401 0.45744
0.21779 0.06691
0.27578 0.62853
0.50524 0.88771
0.11814 0.15866
0.18481 0.12104
0.80457 0.20129
0.62790 0.18223
0.68454 0.03326
0.41457 0.68085
0.87130 0.56936
0.69620 0.14477
0.14511 0.63633
0.07623 0.48359
0.29147 0.44571
0.10511 0.83532
0.11634 0.16071
0.49443 0.78308
0.32763 0.54319
0.91299 0.75907
0.45583 0.78248
0.49949 0.27230
0.10850 0.30586
0.86452 0.64623
0.91520 0.18536
0.17416 0.47543
0.42817 0.53335
-0.13783 0.36950
0.34388 0.19489
0.34169 0.49251
0.76421 0.51845
-0.02990 0.46628
0.29772 0.75799
0.94575 0.81308
0.55911 0.75190
0.47261 0.53311
0.89848 0.06664
0.98444 0.78684
0.98003 0.74293
0.22544 0.13496
0.05525 0.79016
0.35632 0.08174
0.67909 1.10618
0.90687 0.48479
0.58884 0.49101
0.36807 1.03220
0.55970 0.76497
0.28144 0.40285
0.50407 0.54815
0.37815 0.75655
0.27266 0.89796
0.55747 0.12112
0.18918 0.51127
0.28369 0.65530
0.01628 0.92225
0.28312 -0.11031
0.31271 0.27937
0.88427 0.66633
0.53603 0.86673
0.07664 0.72298
0.31426 0.05377
0.49305 0.83250
0.22611 0.87710
0.94942 0.49033
0.37368 0.60740
0.86729 0.54277
0.42404 0.09018
0.92575 0.31707
0.61727 0.54344
0.01886 0.11882
0.19047 0.94747
0.39904 0.91589
0.80197 0.25171
0.55012 0.08210
0.04271 0.76342
0.20775 0.05510
0.00832 0.32292
0.66970 0.56008
0.23353 0.31743
0.50348 0.68395
1.10498 0.07203
0.12348 0.91952
0.31560 0.73270
0.95086 0.31379
0.56451 0.71669
0.58467 0.36876
0.63461 0.06971
0.44643 0.99573
0.42724 0.22276
0.05944 0.00669
0.08492 0.21777
0.53487 0.25178
0.52006 0.16945
0.78122 0.60590
0.90172 0.52983
0.55027 0.58006
0.14931 0.89909
0.08730 1.03115
0.55188 0.59336
0.55447 0.89989
0.25004 0.31622
0.12219 0.55676
0.48056 0.74001
0.89471 0.54935
0.73675 0.58065
1.00907 0.49043
0.30848 0.44073
0.38835 0.60373
0.24566 0.66601
0.03030 0.96846
0.36290 0.46742
0.47917 0.20818
0.43430 0.27071
1.01769 -0.00708
0.55999 0.71363
0.09950 -0.03736
0.33340 0.59697
0.26393 0.54817
0.53890 0.87017
0.42287 0.86624
0.65791 0.86491
0.55170 0.69252
0.36742 0.54105
0.76153 0.11087
0.43198 0.61788
0.84383 0.83387
0.64802 0.48791
-0.15738 0.37533
0.10293 0.75663
0.35960 0.20631
0.36291 0.45955
0.58353 1.04945
0.11608 0.40421
0.18113 0.33925
0.06452 0.04566
0.26161 0.80672
0.31238 0.57542
0.36895 0.48408
0.10129 0.28447
0.32198 0.88332
1.05049 0.85043
0.89741 0.50043
0.76196 0.84378
0.36916 1.02991
0.78241 0.80709
0.41371 0.76546
0.41917 0.68663
0.32668 0.30807
0.22593 0.13114
0.58961 0.83317
0.10639 0.19591
0.94803 0.79736
0.31704 0.99728
0.27450 0.47162
0.17591 0.24219
0.60264 0.93398
-0.00416 0.12597
0.45824 0.82070
0.34467 0.11594
0.56092 0.86519
0.45903 0.39530
0.09815 0.37064
0.16663 0.75282
0.06870 0.59859
0.49306 0.27109
0.59046 -0.04194
0.44968 0.65418
0.93531 0.61346
0.93381 0.75904
0.34030 0.43858
0.25189 0.45953
1.03673 0.94981
0.94292 0.50004
0.39940 0.00851
0.43316 0.97500
0.63782 0.74197
0.51214 0.51865
0.38680 -0.09489
0.65611 0.78602
0.31967 0.46466
0.29638 0.25566
0.44617 0.72983
0.95265 0.65658
1.05228 0.61623
0.22739 0.51674
0.30538 0.20020
0.12299 -0.02413
0.74827 1.15814
0.43003 0.75643
0.60422 0.08335
0.77955 0.11896
0.95962 0.63068
0.91317 0.49055
0.25851 0.39896
0.86335 0.56866
0.18287 0.45472
-0.08206 0.19167
0.13299 0.43415
0.65222 0.61983
0.67536 0.64741
0.92560 0.18913
0.85907 0.34449
0.58344 0.93090
0.41497 0.87277
0.06823 0.88036
0.15199 0.62579
0.95966 0.75234
0.99604 0.76452
0.34987 0.39334
0.20618 0.72965
0.44279 0.66424
0.55329 0.03343
0.85021 0.65692
0.45962 0.67230
0.32792 0.51468
0.56801 0.91865
0.73350 0.44486
0.44942 0.58325
0.37530 0.41503
0.28114 0.01275
0.21763 0.45791
-0.04229 0.97717
0.74032 0.14952
0.79849 0.63348
0.54294 0.87708
0.27952 1.02678
0.30216 0.43206
0.39849 0.24385
0.51021 0.60769
0.02228 0.90756
-0.00629 0.44153
0.29737 0.46390
0.32131 0.46799
0.42947 0.56358
0.94973 0.76676
0.32830 0.53164
0.39166 0.62218
0.38815 0.39895
0.20336 0.43379
-0.13738 0.01927
0.53788 0.73155
0.52122 0.85299
0.49352 0.66313
0.50647 0.37061
0.86434 0.46897
0.18272 0.99051
0.82182 0.24802
0.51850 0.85074
0.44940 0.55164
0.45027 0.79613
0.44978 0.50810
0.11116 1.02487
0.28586 0.66470
-0.08323 0.79179
0.36057 0.17635
0.98220 0.76645
0.48609 0.30149
0.31937 0.20271
0.95368 0.76630
0.65590 0.93665
0.25129 0.89137
0.96852 0.61915
0.30811 0.47704
0.37022 0.87405
0.66216 0.52376
0.43195 0.91421
0.24090 0.84954
0.60559 0.52991
0.41128 0.84873
0.89517 0.35935
0.79880 0.24769
0.46777 0.84877
0.35814 0.97880
0.71070 0.48884
0.70032 0.35083
0.96759 0.64220
0.91114 0.69442
0.74066 0.62443
0.57984 0.40296
0.44351 0.12554
0.38050 0.81114
0.63933 0.95467
0.57185 0.87307
0.62842 0.37788
1.00804 0.60306
0.26752 0.64606
0.47191 0.20283
0.43558 0.72780
0.37707 0.06532
0.18502 0.59496
0.00449 0.74346
0.58248 0.12789
0.47055 0.59657
0.27867 0.58641
0.25893 0.96107
0.30704 0.89745
0.28027 0.95916
1.01372 0.49636
0.26876 0.87234
0.69699 0.43791
0.15542 0.60924
0.16024 0.92036
0.16120 1.03145
0.36066 0.53152
-0.06107 0.28160
0.36416 0.31866
0.16204 0.45475
0.42391 0.67493
0.41274 0.60062
0.14558 0.83903
0.57245 -0.06411
0.43404 1.04219
0.13668 0.34886
0.38285 0.68088
1.06364 0.60013
0.54076 0.66695
0.88218 0.43308
0.71201 0.38998
0.72795 0.80896
0.66824 1.08689
0.62702 0.96556
0.28265 0.57127
0.33603 0.93198
0.37555 0.76029
0.01813 0.18235
0.33823 0.49344
0.67735 -0.00456
0.37822 0.14583
0.22657 0.96352
1.00232 0.49384
0.40478 0.55759
0.25438 0.39515
0.69839 0.42084
0.20873 0.60916
0.96345 0.62387
0.18356 0.68539
0.14074 0.51480
0.34625 0.57072
0.46702 0.71283
0.31196 0.43917
0.88922 0.75433
0.39908 0.12617
0.03176 0.54335
0.79677 0.28326
0.81383 0.59264
0.67190 0.48305
0.52314 0.91331
0.82576 0.94019
0.47707 0.61277
0.35639 0.15696
-0.16568 0.93347
0.47456 0.71512
0.70569 0.26890
-0.01430 1.11168
0.70176 0.49168
0.21539 0.31525
0.24907 0.27201
0.38960 0.93322
0.81629 0.40581
0.53189 0.83197
0.82304 0.56384
0.47743 0.78220
0.34824 0.44471
0.31729 0.79555
0.80108 0.66648
0.64019 0.79785
0.46780 0.97372
0.61271 0.71148
0.36646 0.32786
0.56721 0.99832
0.42699 0.91257
0.38377 0.66768
0.11701 0.54812
0.35548 0.71978
0.29414 0.81497
0.40734 0.63242
0.54144 0.59925
0.88365 -0.02760
0.51401 1.01912
0.84634 0.67015
0.37489 0.63186
0.51791 0.40463
0.91086 0.83893
0.42233 -0.01133
0.25618 0.03443
0.67173 0.19855
0.75126 0.48666
0.63929 0.44348
0.55895 0.94580
0.92559 0.60293
0.32740 0.99452
-0.03728 0.79374
0.12435 0.30953
0.68492 0.49095
0.47936 0.48210
0.45955 0.97830
0.24078 0.23460
0.50977 0.41659
0.94805 0.59183
0.32626 0.10159
0.42860 -0.04772
0.90432 0.51321
0.21097 0.07634
0.54317 0.79003
0.52715 0.43286
1.03009 0.54702
0.01363 0.22370
0.27925 0.92644
0.01169 -0.08171
0.09620 0.14462
-0.17537 0.14283
0.03126 0.60170
1.05799 0.59645
0.47989 -0.12221
0.22232 0.06395
0.91164 0.51548
0.33936 0.56856
0.51410 0.71759
0.76268 0.81178
0.18608 0.54026
0.37140 0.62168
0.31860 0.11601
0.88557 0.44562
0.92416 0.38515
0.07198 0.09607
0.36235 0.57289
0.48450 1.00584
0.10123 0.59530
0.72820 0.71286
0.15820 0.93707
0.26511 0.99950
0.51219 0.44265
0.57421 0.46325
0.31821 0.11508
0.22484 0.64390
0.81032 0.40392
0.70229 0.10464
0.12570 0.30917
1.05573 0.12170
0.66547 1.23422
0.10972 0.42092
0.63566 0.36423
1.10933 -0.01751
0.66298 0.11711
0.44530 0.92965
0.04958 0.59894
0.51359 0.85819
0.16485 0.32838
0.31204 0.01805
0.04812 0.74537
0.47627 0.84929
0.36155 0.81783
0.26172 0.54558
0.46999 0.83161
0.81748 0.04188
0.67654 0.99689
0.27510 0.77948
0.12825 0.51850
1.08421 0.19785
0.38761 0.99636
0.59809 0.74671
0.55617 0.98833
0.51317 0.90598
0.56841 0.84399
0.94159 0.02178
0.81217 0.66013
0.40953 0.39414
0.29614 0.89661
0.33289 0.73346
0.61121 0.83787
0.30095 0.66480
0.31544 0.81455
-0.03331 0.00818
0.74618 0.96209
0.87205 0.10441
0.19644 -0.04792
1.06425 0.13756
0.44718 0.11027
1.12108 0.65048
1.00416 -0.01039
0.75085 0.77075
0.28021 0.49212
0.45170 0.33788
0.47870 -0.11840
0.18285 0.64868
0.43179 0.91446
0.69075 0.32610
0.02445 0.98577
0.33065 0.46969
0.00964 0.91226
0.79877 0.83012
0.34203 0.35035
0.50092 0.77169
0.14367 0.50606
0.94032 0.12319
0.49291 0.31065
0.18622 0.16456
0.77036 0.40377
0.18752 0.41452
0.68192 0.39321
-0.06747 0.09834
1.01428 0.61139
0.76933 0.81323
0.09149 0.19506
0.62517 0.88081
0.45211 0.34839
0.52340 0.84151
0.60579 0.57797
-0.18905 0.37657
0.18937 0.40583
0.25578 0.65477
0.22236 0.25018
0.34289 0.17475
0.22481 0.46305
0.65271 0.57876
0.33330 0.89029
0.32956 0.98569
0.44775 0.03755
0.31742 0.42017
0.99038 0.72508
0.34656 0.42701
0.46237 0.76255
0.26717 0.92877
1.11512 0.49444
0.56990 0.46630
0.86937 0.52092
0.05868 0.35045
1.05894 -0.04880
0.26250 0.34469
0.29529 0.85438
0.50372 0.94282
0.52536 0.31993
0.44415 0.22872
0.33171 0.97851
0.13357 0.53144
0.32333 0.68174
0.41984 0.85195
0.14937 0.24222
0.55835 1.10107
0.40238 0.18089
0.48325 0.97621
0.64080 0.69971
0.39778 1.02083
0.59930 0.53384
0.22219 0.98051
0.74147 0.40955
1.07812 0.78395
0.92765 0.76780
0.98781 0.12619
0.35798 0.45864
-0.12892 0.12127
0.10951 1.12106
0.39309 0.22250
0.40184 0.62044
0.62046 0.90393
0.33536 0.88665
0.48937 0.46974
0.02564 0.46875
0.08617 0.43838
0.93182 0.68053
0.57406 0.96576
0.54181 -0.01050
0.80619 0.42556
0.48078 0.28858
0.32428 0.15796
0.58945 0.93398
-0.13364 0.15518
0.26566 0.66094
0.37962 0.10613
0.57360 0.64984
0.52851 0.32992
0.04973 0.25738
0.90800 0.15780
1.05163 0.62123
0.33341 0.99494
0.35780 0.83665
0.42478 0.64011
0.10857 0.75586
0.36028 0.04471
0.10062 0.33799
0.06712 0.32497
0.27976 0.84551
0.16888 0.19034
0.56387 0.88543
0.24040 0.51803
0.86613 0.39678
0.49716 0.18268
0.72662 0.29956
0.27364 0.26940
0.83143 0.55372
-0.04628 0.19595
0.87387 0.49050
-0.00146 1.02558
0.44635 1.05268
0.21257 0.54075
0.90654 0.45251
0.43200 0.57145
0.77133 0.51319
0.26885 0.32555
0.55010 0.96431
0.48794 0.10888
0.63682 0.38360
0.15533 0.38830
0.45045 0.69473
0.44807 0.47725
0.89513 0.45194
0.38890 0.24457
0.51587 0.96833
0.37611 0.71183
0.70699 0.56691
0.18495 0.08207
0.65150 1.05075
0.99757 0.68222
0.96928 0.63708
0.78253 0.02717
0.46636 0.64964
0.54212 0.15604
0.03325 0.06969
0.39707 0.66792
0.31598 0.61533
0.74555 0.59133
0.16753 0.43969
0.38238 0.48699
0.93709 0.41510
0.31339 0.74364
0.01737 -0.01641
0.51950 0.64366
0.52657 0.77165
0.23343 0.23919
0.54718 0.98498
0.57821 -0.07931
0.71512 0.51138
0.32963 0.32500
0.32118 0.41438
0.85884 0.68038
0.40663 0.85281
0.95305 0.17376
0.52399 0.66880
0.33786 0.84223
0.37733 0.88934
0.13033 0.83924
1.03467 0.70574
0.76209 0.69020
0.65041 0.23815
0.89015 0.74572
0.16302 0.41618
0.55673 1.13053
0.60273 0.41442
0.21634 0.18784
0.28788 0.08905
0.38542 0.45901
0.28904 0.53641
0.57967 0.79036
0.86498 0.20219
0.83626 0.66400
0.16307 0.97806
0.34307 -0.02194
0.80959 0.59279
0.83862 0.54358
-0.07398 0.85709
0.29475 0.63888
0.88530 0.55096
0.44494 0.49835
0.03723 0.15582
0.33817 0.70474
0.13450 0.28501
0.18494 0.35989
0.04310 0.48340
0.86586 -0.03579
0.83213 0.66775
0.94319 0.51369
0.77788 0.37437
0.44898 0.68040
0.66416 0.23186
0.62290 0.69965
0.16121 1.06665
0.21028 0.73511
0.40327 0.50047
0.56405 0.92486
0.69396 0.79885
0.35029 -0.08669
0.20973 0.58898
0.31525 0.70073
0.25529 0.41426
0.47807 0.58013
0.38491 0.07547
0.42296 0.64896
0.23696 0.85314
0.71847 0.44544
0.81842 0.58429
1.03811 0.57033
0.93567 0.55839
0.78941 0.29273
1.11092 0.62877
0.34524 0.81919
0.50407 0.84404
0.36897 0.81000
0.35787 0.07225
0.92507 0.58751
0.18217 0.47162
0.48000 0.17924
0.35989 0.02651
0.93751 0.45364
0.58588 0.77895
0.34316 0.74632
0.62478 0.70462
0.28479 0.19144
0.21319 0.27755
0.38810 0.77678
0.16423 -0.10993
0.27329 0.06659
0.37284 0.33791
0.35680 0.72619
0.21391 0.29342
1.03630 0.58543
0.36679 0.50523
0.52105 1.00388
0.26723 0.37436
-0.04405 0.79875
0.15839 0.70060
0.92151 0.67614
0.57803 0.87665
0.54652 0.68796
0.63017 0.69335
1.05769 0.67404
0.74866 0.34874
0.13626 0.34919
0.55437 0.23794
0.84987 0.77986
0.86679 0.47798
0.59763 0.16362
0.71525 0.85259
0.31011 0.50194
0.12398 0.03576
0.07681 0.06086
0.22154 0.08497
0.42071 -0.00368
1.07099 0.46037
0.28400 0.84879
0.37388 0.25491
-0.01949 0.52387
0.64888 0.51597
0.52141 0.75998
0.19627 0.20509
0.97395 0.55855
0.48284 1.19808
0.69583 0.32214
0.28922 0.44596
0.83831 0.56051
0.37918 0.25842
0.85174 0.60992
0.43474 0.74990
0.53690 0.32721
0.59586 0.78475
0.47287 1.04180
0.18307 0.38291
0.11762 0.13467
0.32787 0.30677
0.25097 0.49032
0.30950 0.57576
0.40628 1.04148
0.60271 0.14395
0.06405 0.32597
0.32429 0.37610
0.45178 0.54075
0.23927 0.95856
0.13908 0.69484
-0.15870 1.03823
0.46107 0.96742
0.44066 0.68497
0.06833 0.82219
0.48607 0.86601
1.03036 0.24600
0.19860 1.01261
0.80568 0.20199
-0.03203 0.27221
0.07072 0.00845
0.41221 0.77034
0.86279 0.57298
0.64276 0.93188
0.29082 0.45384
0.35936 0.48498
0.49338 0.66989
0.09832 0.61178
0.16614 1.01420
0.93155 0.88556
0.48267 0.16603
0.57154 0.17410
0.89199 0.53158
0.30929 0.74309
0.79921 0.58433
0.93209 0.63631
0.97955 0.08837
0.66071 0.02558
0.51601 0.72304
0.95284 0.54562
0.15172 0.39035
-0.03139 0.12681
0.59831 0.88833
0.35134 0.50420
0.53729 0.60517
0.25368 0.66940
0.00355 0.04907
0.04930 0.31102
0.37595 0.52797
0.55548 0.42841
0.32316 0.43350
0.92428 0.06412
0.31166 0.88652
0.90254 0.51066
0.28242 0.20208
0.10113 0.93212
0.38429 0.43966
0.71997 0.82831
-0.22791 0.92161
0.41025 0.89011
0.37350 0.59430
0.14108 0.19192
0.56702 0.16518
0.54540 0.60813
0.24228 0.32318
0.30054 0.57676
0.80643 0.80310
0.63106 0.63179
0.28527 0.32676
1.10105 0.63721
0.91244 0.59976
0.45258 0.44542
0.58906 0.94281
0.32962 0.33857
0.36964 0.63893
1.05619 0.16280
0.07947 0.18149
1.03979 0.82621
0.38290 0.03348
0.27762 0.35697
0.90258 0.57508
0.88088 0.62694
0.49117 0.94346
0.57354 0.83916
0.24067 0.45515
0.08037 0.12536
0.24185 0.07015
0.06256 0.43657
-0.07556 0.45984
0.56314 0.84953
-0.04747 0.04429
0.46760 0.58045
0.25218 0.60704
0.42375 0.99617
0.31269 0.17608
0.30741 0.19157
0.29014 0.09644
-0.00309 0.65050
0.37771 0.60002
0.45982 0.43788
0.83874 0.42510
0.23250 0.90446
0.38936 0.78574
0.26503 0.37350
0.91666 0.58353
0.19566 0.29395
0.78439 0.49470
0.05783 0.84409
-0.10872 0.83563
-0.00897 -0.11273
0.88210 0.06629
0.40702 -0.07391
0.45976 0.18340
0.01751 0.09652
1.11023 0.70505
0.11870 0.14850
0.33211 0.44831
0.76893 0.43867
0.78206 0.36466
0.42119 0.33067
0.52566 0.36033
0.27638 0.32645
0.16583 0.33149
0.17096 0.46897
0.09798 0.27114
0.41189 0.56466
-0.05288 0.31686
0.20196 0.96979
0.69881 0.76713
0.10361 1.06865
0.91975 0.02581
0.17403 0.57134
0.52384 0.87236
0.11625 0.27378
0.06664 0.06394
-0.15021 1.04910
0.28481 0.33769
0.11524 0.41004
0.27351 0.28215
0.39821 0.05572
0.95510 0.62188
0.54517 0.81928
0.55544 0.43956
0.26124 0.28138
-0.05214 0.39226
0.29187 0.77728
0.34690 0.35714
0.40963 0.76291
0.95541 0.09526
0.56853 0.15723
0.53623 0.72550
0.40875 0.95489
0.49474 0.24844
0.34161 0.06554
0.32171 0.46920
0.55697 0.70203
0.40686 1.07069
0.23490 0.96592
0.82690 0.25992
0.54706 0.61544
0.45826 0.85993
0.27839 0.26256
0.80719 0.52674
0.24877 0.59250
0.43930 0.10706
0.58285 0.62490
0.48219 0.65863
0.33977 0.31211
0.29219 0.42695
0.69916 0.60121
0.18466 0.44422
0.05649 0.51882
0.50427 0.89570
0.71372 0.40722
0.49924 0.91847
-0.10955 0.97433
0.18949 0.21699
0.40771 0.44659
0.98478 0.35129
0.38891 0.77275
0.36381 0.51465
0.55059 0.79003
0.81390 0.50372
0.92437 0.73204
0.64007 0.57956
0.34229 0.63364
0.29643 0.43289
0.66072 0.68807
0.04808 0.00108
0.39654 0.54535
0.34881 0.41828
0.57532 0.13526
0.61804 0.93708
0.40584 0.08278
0.30977 0.95664
1.01920 0.73893
0.86945 0.50911
0.38944 0.04593
0.56457 0.42703
0.24660 0.60836
0.97985 0.43651
0.54220 0.59689
0.87338 0.65691
0.30587 0.79265
0.72690 0.86455
1.02658 0.07824
0.30410 0.00743
0.27247 0.79268
0.74629 0.28884
0.44087 0.95340
0.15489 0.99020
0.34038 1.03510
0.85687 0.62534
-0.03993 0.14798
0.72249 0.78462
0.12213 0.99789
0.44072 0.25937
0.37988 0.95108
0.51532 1.05853
0.14242 0.71959
0.29635 0.81285
0.26899 0.59818
0.25479 0.64493
0.90083 0.83020
0.21553 0.19647
0.91977 0.61165
0.03214 0.33274
0.47126 0.59693
0.97302 0.50332
0.23867 0.55967
0.91762 0.51794
0.80225 0.46994
0.50226 0.96514
0.62404 0.75044
0.27262 0.25886
0.81174 0.26432
-0.11259 0.73657
-0.04358 0.33876
0.49777 0.56351
0.49512 0.86432
0.74985 0.29427
0.09590 -0.01234
0.45328 -0.00334
0.67754 0.61317
0.73284 0.63509
0.84376 0.52275
0.09308 0.26773
0.82513 0.53592
0.51210 1.08360
0.34017 0.78096
0.00232 -0.13484
0.40228 0.77094
0.27379 0.39692
0.37868 0.40589
0.50065 0.85619
0.83664 0.51173
0.94260 0.56954
0.50755 0.35782
0.47966 0.46637
0.29490 0.00030
0.29818 0.72460
0.45463 0.86862
-0.07182 0.32209
0.19188 0.88099
0.70536 0.63542
0.15765 0.55149
0.19005 0.30960
0.57397 0.69001
0.10300 0.33631
0.10229 0.87369
0.81227 0.16665
0.87961 0.23610
0.87241 0.43826
0.45354 0.18378
1.06898 0.70672
0.21331 0.35927
0.18438 0.56112
0.36542 1.07197
0.50448 1.10072
0.68018 0.91919
1.03797 0.58375
0.71757 0.37146
0.07104 0.41680
0.19739 0.33756
0.46980 0.70144
0.49169 0.56396
0.33995 0.65196
0.98320 0.42803
0.75199 0.39157
0.12680 0.92580
0.15480 0.30023
0.62808 0.08102
-0.03899 0.22278
0.17618 0.24798
0.76528 0.39376
0.17612 0.27446
0.43578 0.34949
0.40261 0.55048
1.05105 0.66428
0.39130 0.34478
0.20863 0.19800
0.28698 0.99389
0.05661 -0.02124
0.46127 0.77113
0.65454 0.81402
0.15247 0.32414
0.67272 0.92383
0.76640 0.37416
0.84586 0.38871
0.42772 0.35444
0.92878 0.35049
0.12451 0.36563
-0.08366 0.62277
0.38922 1.07021
0.23929 0.66772
0.63744 0.09818
0.04598 0.37170
0.30713 0.93113
0.62123 0.68917
0.29254 0.67860
0.59187 0.55710
0.93032 0.62433
0.24659 0.95723
0.40030 0.68331
0.75944 0.51100
0.96652 0.58683
0.88050 0.53953
0.41535 0.39638
0.41226 0.35469
0.30556 0.13267
0.21615 0.24960
0.70439 0.70397
-0.00193 0.49207
0.28107 0.14392
0.40502 0.65956
0.89137 0.42705
0.97348 0.53595
0.29260 0.79070
0.53692 0.70480
0.24517 0.79756
0.20988 0.29232
0.31750 0.59423
0.25823 0.09878
0.92847 0.63286
1.14814 0.66517
0.97124 0.58345
0.54356 0.69435
0.69614 0.54749
0.15697 0.09935
0.25942 0.86795
0.73250 0.75479
0.48653 0.67602
0.05419 0.83551
0.61478 0.46709
1.00441 0.17686
0.31300 0.59915
0.09946 0.22359
0.21929 0.82683
0.42726 0.91164
0.11609 0.31249
0.55237 0.35282
0.39350 0.29873
0.23904 0.19437
0.76193 -0.06844
0.55360 0.40470
0.34882 0.12989
0.54001 -0.00751
0.45647 0.49199
0.48108 0.40896
0.68804 0.79171
0.14941 0.57091
0.92119 0.62757
0.31689 0.07459
0.18369 0.52752
0.31434 0.23522
0.34905 0.38369
1.17631 0.10502
0.71877 0.31361
0.42458 0.54220
0.72452 0.81193
0.84093 0.57728
1.01858 0.66307
0.38506 0.13622
0.69936 0.19592
0.52680 0.67652
0.29543 0.88645
0.82182 -0.00634
0.43422 0.92413
0.40958 0.69309
0.06983 0.48357
0.65194 0.73741
0.13963 0.76391
0.12812 0.18474
0.32042 0.75264
0.22106 0.97635
0.13553 0.84062
0.35889 0.84519
0.20030 -0.13972
0.85747 0.77496
0.41702 0.83850
0.43924 0.48897
0.56581 0.90558
0.67742 0.89016
0.14326 0.55598
0.12397 0.18282
0.73148 0.56313
0.23622 0.50150
0.51008 0.65632
0.20628 0.92657
0.25966 -0.07645
0.67756 0.67620
0.64070 0.93610
0.58854 0.80768
0.93109 0.48318
0.53866 -0.02667
0.58333 0.76023
0.58718 0.85143
0.30080 0.27823
0.56723 0.05763
1.02728 0.16937
0.24874 0.65097
0.99808 0.58361
0.30043 0.36089
0.48444 0.67327
0.37602 0.91328
0.64486 0.95101
0.71265 0.99282
0.40628 0.71244
0.46274 0.96106
0.63803 0.99847
0.69709 0.93069
0.02694 0.76669
0.54835 0.60629
0.57892 0.99569
-0.00919 0.12403
0.74477 0.41966
0.39298 0.46855
0.78057 0.80179
0.78798 0.14893
0.41309 1.07999
0.52572 0.90776
0.87595 0.21547
0.38974 0.50566
0.39692 0.26083
0.43681 0.09723
0.82380 0.04941
0.13488 0.40823
0.71307 1.01084
0.35546 0.23227
0.31843 0.66575
0.95292 0.78181
0.76057 0.61184
0.55389 0.18755
-0.01037 0.90274
0.76042 0.59823
0.55393 0.56940
0.90690 0.57027
0.29734 0.92399
0.75493 0.81173
0.26147 0.95648
0.48291 0.42195
0.21406 0.73195
0.85367 0.24751
0.50630 0.83536
0.41897 0.08775
0.09583 0.27998
0.33892 0.60727
0.87848 0.52381
0.33310 0.40973
0.22529 0.24804
0.30502 0.52962
0.85455 0.58535
0.20335 0.17275
0.11114 -0.14118
0.17816 0.96723
0.38549 0.85024
0.37590 0.86678
0.66831 0.81447
0.87181 0.47192
0.34225 0.04316
0.50896 0.13461
0.19393 0.16588
-0.04287 0.88191
0.23665 0.26956
-0.07781 0.76761
0.08370 0.15657
0.10741 0.30706
0.46962 0.56017
0.24338 0.34463
0.17720 0.91979
1.05769 0.82870
0.38973 0.68239
0.33782 0.48671
1.03303 0.80849
0.32277 0.53273
0.67008 -0.02698
0.37825 0.79744
0.95902 0.71058
0.39782 0.12422
0.61856 0.85960
0.98580 0.04091
0.07699 0.41061
0.43329 0.09892
-0.00108 0.98853
0.70821 0.91077
0.40772 0.58831
0.62774 0.73285
0.71315 0.42861
0.34459 0.11836
0.23624 0.76785
0.43211 0.84578
0.52032 -0.05057
0.71849 0.79565
-0.09299 0.75587
0.18287 0.55395
0.75521 0.66994
0.87839 0.16193
0.23951 -0.14973
0.78711 0.45007
0.03096 0.79406
0.36683 0.54382
0.06370 0.31681
0.47110 0.34801
0.82997 0.31175
0.24175 0.15357
0.47083 1.03214
1.14217 0.59686
0.94803 0.62741
0.22917 0.62035
0.13925 0.84997
0.02971 0.04152
0.13365 0.93085
0.76618 0.77914
0.29139 0.71144
0.21030 0.53899
0.66223 0.89083
0.81811 0.95785
0.44169 0.57353
0.79871 0.34753
0.20922 0.57487
0.34225 0.46554
0.36187 0.33999
0.92804 0.69457
0.56689 0.44253
0.40320 0.23673
0.85013 0.33015
0.11805 0.13474
0.17873 0.09880
0.83570 0.14814
0.49421 0.52148
0.34325 0.49262
0.61633 0.66213
0.84121 0.83561
0.29942 0.29631
0.22692 0.18774
0.97760 0.62051
0.73341 0.25180
0.79332 0.57630
0.24970 0.34611
0.22363 0.03690
0.78858 0.51686
0.15967 0.19953
0.40317 0.51881
0.09407 0.80431
0.20505 0.50604
0.40776 0.85579
0.38730 0.52820
0.65477 0.00363
0.36829 0.57880
0.09078 0.43166
0.19854 0.44688
0.83076 0.03737
-0.14020 0.36204
0.80179 0.05644
0.36467 0.55204
0.00363 0.41156
0.16875 0.46079
0.46284 0.81302
0.36566 0.82760
0.15323 0.53382
0.19610 0.36232
0.79252 0.71284
0.25860 0.61916
0.63016 0.84621
0.31054 0.96208
0.11204 0.19252
0.23372 0.12430
0.57814 0.77366
0.42040 0.67157
0.26276 0.27340
0.73980 0.28226
0.99083 0.66782
0.35625 0.51877
0.50271 0.97111
0.36059 0.71648
0.46121 0.62937
0.30622 0.67956
0.66660 0.02725
0.19135 0.23471
-0.08036 0.21184
0.20673 0.83103
0.15605 0.80503
0.05280 0.20534
0.00156 0.04474
0.84792 0.54531
0.59385 0.60204
0.61386 0.28511
0.20335 0.14955
0.63876 0.56013
0.21888 0.88881
0.92398 0.45639
0.67485 0.76045
1.03012 0.24850
0.67158 0.89359
0.02216 0.39894
0.49654 0.28568
0.26879 0.89232
0.45704 0.88190
0.43735 0.95707
1.07596 0.63729
0.29451 0.55809
0.69625 0.19557
0.91893 0.48772
0.42897 0.71586
0.64205 0.00013
0.24397 0.39146
0.04235 0.47247
0.94296 -0.01100
0.98393 0.73419
0.40627 0.76156
0.32787 0.47612
0.01331 0.90354
0.16074 0.14822
0.17093 0.23073
0.32675 0.70058
0.84512 0.56021
0.83979 0.29831
0.71957 0.09429
0.52575 0.32589
0.54627 0.57194
1.02691 0.63447
0.65730 0.10953
0.37598 0.71313
0.46781 0.76695
0.52492 0.78830
0.17381 0.73188
0.30652 0.08731
0.32984 0.14642
0.69592 0.76111
0.84309 0.61361
0.24570 0.10301
0.48835 0.29242
0.57551 0.09757
0.47422 0.79041
1.06452 0.62180
1.07276 0.58857
0.38877 0.49232
0.17584 0.81898
0.54186 0.96908
-0.03823 0.41049
0.23966 0.73805
0.23051 0.97486
0.59564 0.77585
0.75549 0.74361
0.51887 0.63099
0.50708 0.77677
0.76973 0.32259
0.46761 0.83698
0.57219 0.00504
0.69201 0.22283
0.10125 -0.08012
0.40660 0.81355
0.93371 0.73375
0.48684 0.46624
0.29401 1.01628
0.38603 0.31741
0.46347 0.69308
0.21099 0.21676
-0.00235 0.57574
0.07794 0.83437
0.31115 0.20889
0.78476 1.07889
0.36478 0.99238
0.62396 0.41180
0.55578 0.02540
0.14068 0.46893
0.23401 0.39533
0.21291 0.83196
0.38918 0.65619
0.03517 0.03543
0.70054 0.79509
0.57104 0.67688
0.92761 0.25334
0.04231 0.40206
0.89388 0.31943
0.77068 0.60944
0.21696 0.22329
0.82732 0.56260
0.62538 0.11168
0.77114 0.51571
0.54667 0.88530
0.16928 0.83227
0.17709 0.96977
0.17629 0.33257
0.46245 0.80800
0.61678 0.92079
1.01715 0.56368
0.61569 -0.13165
1.08198 0.74643
0.39421 0.60388
0.91350 0.60354
0.35341 0.35642
0.86887 -0.07725
0.76697 0.91339
0.16939 0.15597
0.19628 0.91786
0.53389 0.83873
0.61684 -0.02904
0.53379 0.87430
0.36584 0.68553
0.82689 0.55418
0.17094 0.57569
0.29523 0.92404
0.19419 0.62511
0.95380 0.59612
0.93011 0.56905
0.22612 0.27177
0.42946 0.79995
0.68499 0.35805
0.70094 0.05033
0.26729 0.18530
0.46368 0.75167
0.51102 0.81339
0.77326 0.82221
0.09752 1.00108
0.43534 0.72119
0.28444 0.58146
1.07975 0.72064
0.56018 0.52087
0.77234 0.22696
0.94582 0.57626
0.40864 0.88018
0.50013 0.81525
0.49411 0.93243
0.42482 0.46730
0.28239 0.23196
0.56985 0.25233
0.29655 0.13131
0.58760 0.57052
0.58041 1.04372
0.93673 0.56821
0.44981 -0.01664
0.79761 0.61623
0.74299 0.83927
0.65642 0.66526
0.40688 0.66451
0.40085 0.20024
0.03284 0.41929
0.47722 0.67471
0.07439 0.15650
0.21849 0.22510
0.15413 0.83946
0.31250 0.09923
0.18959 0.09069
0.17865 0.18377
0.15458 0.29063
0.14733 0.32675
0.24186 0.42272
0.37255 0.16725
0.06997 0.11856
0.72828 0.71548
0.35458 0.58719
0.87291 0.68146
0.24156 0.79870
1.14009 0.10007
0.44053 0.28350
0.28744 0.30096
0.82772 0.52595
-0.10128 -0.05217
0.74339 0.51951
1.09024 0.41787
0.74083 0.63959
0.53447 0.35735
-0.01222 0.87266
0.12292 0.32824
1.09948 0.35026
0.28290 0.51980
0.17745 0.25397
0.16112 0.86095
0.15385 0.59264
0.45175 0.99651
0.40133 0.62895
0.42108 0.83574
0.87049 0.72997
0.69049 0.51876
0.63936 0.89402
0.79677 0.29211
0.49240 -0.04891
0.19599 0.40318
0.64682 0.04293
1.04514 0.51506
-0.01806 0.46747
0.11535 0.09774
0.45914 0.78854
0.54596 0.71919
0.35431 0.76893
0.11592 0.21357
0.12888 0.24952
-0.00790 0.09834
-0.06057 0.20917
0.94762 0.65795
0.53782 0.70729
0.53047 0.89147
1.11543 0.63547
0.20506 0.28631
0.34272 0.63038
0.38858 0.66898
0.45960 0.72980
0.67400 0.93100
1.16204 0.61591
0.26685 0.42041
0.87295 0.55172
0.43968 0.29690
0.87455 0.70942
0.46714 0.82258
0.68442 0.80846
0.45120 0.59154
0.27078 0.61711
-0.03802 0.89228
0.20885 0.56551
0.41701 0.47389
0.38430 0.69517
0.46108 0.28121
0.36900 0.22087
0.34352 0.16564
0.42278 0.67687
0.73179 0.54136
0.39198 0.44649
0.11683 0.38159
0.83307 0.69905
-0.04523 0.34567
0.24811 1.00724
0.30793 1.03971
0.35810 0.42046
0.34696 0.40890
0.66232 0.07390
0.94487 0.60781
0.50477 0.53136
0.21851 0.21163
0.27483 0.98594
0.91295 0.76932
0.66934 0.40348
0.57197 0.43796
0.58823 0.77178
0.30185 0.20695
0.58411 0.87606
-0.08588 0.08022
0.08464 0.23935
0.97400 0.80731
0.28143 0.52980
0.67131 0.78102
0.46902 0.31941
0.03952 0.92228
1.07833 0.58554
0.81733 0.52321
0.98663 0.15479
0.06080 0.96351
0.02971 0.63186
0.44034 0.72418
0.17872 0.72305
0.41971 0.23000
0.35590 0.45311
-0.09218 0.05491
0.86718 0.62534
0.32823 0.47974
0.48436 0.36062
0.37514 1.00226
0.21947 0.81986
0.46764 0.62526
0.54687 0.81822
0.38171 0.70722
0.71923 0.27032
0.01545 0.32696
-0.00986 0.24696
0.29758 0.56083
0.14071 1.02733
0.23032 0.10052
0.53302 0.86998
-0.05592 0.91764
0.38585 0.20443
0.71373 0.47445
-0.11439 -0.01428
0.75053 0.69816
0.13454 -0.06056
0.72345 0.68864
0.16205 0.14501
0.60703 0.05295
0.48241 0.94415
0.61681 0.86361
0.35790 0.96619
0.30472 0.24518
0.84146 0.67623
0.40654 0.34757
0.56455 0.94986
0.12137 0.92101
0.76011 0.45254
0.40717 0.42866
0.40182 0.40188
0.69764 -0.09416
0.18307 0.17372
0.54816 0.83068
0.00031 0.36961
0.49551 0.64371
-0.00707 0.93320
0.64316 0.35541
0.95176 0.66866
0.43997 0.86695
0.88868 0.78098
0.07529 0.16633
0.14512 0.03350
0.35109 0.10167
0.97031 0.71627
0.91314 0.65499
-0.09606 -0.01190
0.44191 0.84596
0.46021 0.72267
0.31503 0.73255
0.73437 0.01775
0.31560 0.36223
0.12545 0.89109
0.94324 0.11832
0.09164 0.13126
0.32403 0.90315
0.18176 0.08363
0.89738 0.48964
0.63294 0.74457
0.62068 0.73484
0.19627 0.72663
1.04291 0.66624
0.47955 0.39247
0.60090 0.91639
0.53499 0.47275
0.07022 0.20884
0.89190 0.15039
0.39982 0.64956
0.06492 0.13076
0.70423 0.80128
-0.09181 1.08653
0.24660 0.19300
0.70707 0.88791
0.67546 0.47615
0.22769 0.00965
0.31392 0.23934
-0.09670 0.13227
0.39271 0.56137
0.15898 0.86261
1.05322 0.77049
0.19962 0.11578
0.67000 0.63349
0.47264 0.39417
0.08529 0.09096
0.59941 0.73380
0.25419 0.78918
0.34454 0.91852
0.39600 0.68153
0.58281 0.87820
0.57290 -0.04230
0.49130 0.74716
0.61022 0.80289
0.36183 0.82034
0.02265 0.35026
0.46855 0.12353
-0.20413 0.10755
0.38177 0.53429
0.29123 0.67889
0.98442 0.49046
0.75868 0.61336
0.82630 0.53740
0.30802 0.40854
0.61154 0.60831
0.41738 0.75012
0.40404 0.41950
0.92531 0.51006
0.22339 0.19798
0.40419 0.55597
0.69371 0.59766
0.58833 0.02651
0.40514 1.18630
0.86735 0.54830
0.50212 0.50271
0.27745 0.76963
0.66720 0.48013
0.63175 0.91981
0.87209 0.50514
0.04912 -0.06141
0.47527 0.81730
0.22794 0.12631
0.55870 1.01109
0.32800 0.47538
0.54846 0.54965
0.04349 0.18421
0.76546 1.16051
0.76616 0.53195
0.66634 0.21599
0.10665 0.11529
0.21249 0.17721
0.31052 0.50930
0.85356 0.67879
0.81601 0.04978
0.37273 0.21226
0.69761 0.95796
0.40615 0.29095
0.36266 0.18175
0.79260 0.39178
0.87103 0.59096
0.65267 0.84295
0.22226 0.38299
0.49392 0.73274
0.97173 -0.03301
0.52640 0.43414
0.64878 0.23176
-0.00646 0.41005
0.88486 -0.01653
0.91124 0.82489
0.30294 0.38554
0.68584 0.88437
0.28105 1.03023
1.18976 0.68596
0.54130 0.74274
0.77260 0.69320
0.25921 0.55698
0.67360 0.82982
0.90360 0.52422
0.88522 0.47466
0.33528 0.55042
0.35975 0.39734
0.31563 0.32722
0.03923 0.35211
0.23722 0.51423
0.88351 0.60673
0.88300 0.72304
0.79015 0.95787
0.27002 0.31030
0.33453 0.84617
0.78475 0.52458
0.85816 0.57664
0.54326 0.69654
0.36867 0.16605
0.62291 0.56641
0.26385 0.10539
0.20879 -0.10645
0.00796 1.01399
0.41550 1.01005
0.31235 0.00921
0.67277 0.57732
0.73544 0.30618
0.24688 0.52364
0.12426 0.32296
0.87130 0.52023
0.50246 0.69739
0.94259 0.57321
0.23708 0.80087
0.68445 0.46616
0.09851 0.43183
0.47381 0.72792
1.08124 0.81259
0.49619 0.63089
0.85797 0.30991
0.32718 0.45313
0.50013 0.70370
0.23906 0.89219
0.52702 0.85599
0.18069 0.39765
0.64402 0.83094
0.48458 0.17045
0.95856 0.09505
0.50142 0.79293
0.57765 0.96651
0.62166 0.76741
0.48225 0.80674
0.81570 0.65589
0.18563 0.48735
0.02779 -0.32078
0.26772 0.28933
0.40668 0.42415
0.80229 0.29660
0.54447 0.56715
0.55554 0.68442
0.28768 0.15592
0.55184 0.75205
0.57723 0.41355
-0.02771 0.18248
-0.04830 1.16548
0.57036 0.64382
0.30171 0.13584
0.28131 0.57411
0.03313 0.51241
0.62658 0.85288
0.92904 0.71584
0.27262 0.86367
0.53244 0.20799
0.23414 0.69353
0.97130 0.49184
-0.05255 0.25590
0.60548 1.06363
0.46455 0.00398
0.91321 0.66583
0.96137 0.63432
0.92398 0.80623
0.39077 0.28152
0.46503 0.93505
0.13977 0.20220
0.22339 0.34556
0.50763 0.12650
0.31585 0.31248
0.41389 0.80372
0.37682 0.62719
0.71457 0.06165
0.24984 0.71374
0.64388 0.91409
0.17322 0.90421
0.69539 1.01997
0.70276 0.55771
0.52437 1.07920
0.05858 0.17857
0.64145 0.12264
0.14456 1.03883
0.23779 0.43279
0.94887 0.79694
0.20244 0.99115
0.33080 0.78409
0.41752 0.86144
0.41056 0.87053
0.49428 0.87998
1.02446 0.71219
0.44013 1.10884
0.10135 0.98757
0.10691 -0.17043
0.92308 0.31121
0.43428 0.46343
0.99116 0.77183
0.53758 0.79714
0.65269 0.66714
0.51279 0.88051
0.53923 0.05542
0.31936 0.40206
0.78194 0.67030
0.48279 0.54406
0.27052 0.95298
0.18069 0.11394
0.30767 0.80716
0.73247 0.48115
0.35529 0.84593
0.24852 0.36237
0.74272 0.67314
0.25690 0.48536
0.46074 0.35599
0.62995 0.19935
0.50852 0.61592
0.23488 0.42846
0.67028 0.51514
-0.03562 0.83690
0.19367 0.45561
0.07785 0.36430
0.34724 0.28703
0.94186 0.49820
-0.07554 0.27123
0.96320 0.54309
0.06514 0.25953
0.61919 0.49520
0.66773 0.90996
0.80809 0.60892
0.71440 0.95001
-0.07371 0.99736
0.19454 0.02605
0.49214 0.84753
0.60894 0.24485
0.20728 0.42896
0.47081 0.60322
0.01765 0.22504
-0.01604 0.31260
0.80152 0.68359
-0.01723 1.00315
0.18822 0.54882
0.30207 0.91314
0.39961 0.12717
0.35862 1.08875
0.12402 -0.00011
0.95372 0.67961
0.64375 0.76961
0.37974 0.09752
0.05398 0.35352
0.10150 0.33136
1.01411 0.64027
0.10278 0.08514
0.35547 0.96062
0.66369 0.64878
0.51173 0.91303
0.33433 0.68517
0.21997 0.74834
0.67816 0.40813
0.39616 0.70416
0.49385 0.47822
0.08861 0.01890
0.20022 0.88288
0.48977 0.74237
0.41868 0.84302
0.68057 0.13220
0.39547 0.71152
0.13162 0.20233
-0.00243 0.83185
0.61434 0.71573
0.73017 0.43818
0.91446 0.67132
0.16774 0.80873
0.70162 0.79999
0.89712 0.23646
0.22541 0.28890
0.53654 0.87660
0.49096 0.59456
0.73195 0.97086
0.31287 0.08676
0.99160 0.48248
0.22204 0.32304
0.85279 0.48366
0.09158 -0.09966
0.51925 0.83914
0.08025 0.05636
0.12221 0.16116
0.14614 0.00132
0.73815 0.28259
0.11603 0.34489
0.30324 0.15114
0.23543 0.50890
0.17081 0.69983
0.37731 0.77535
-0.03993 0.29148
0.96310 0.66815
0.72856 0.32997
0.01145 0.34008
0.60808 0.89103
0.61242 0.66314
0.57402 0.99347
-0.00623 0.02865
0.75639 0.61671
0.24300 0.41254
0.16392 0.31535
1.03020 0.43934
0.61320 0.28601
0.33658 0.72777
0.29602 0.08147
0.77770 0.62089
0.30711 0.04357
0.86926 0.77045
0.37101 0.83541
0.25107 0.52540
0.19762 0.97471
0.39342 0.47578
0.26212 0.76181
0.26419 0.05431
0.30140 0.63515
0.22961 0.89250
0.82798 0.52789
0.15419 0.18591
0.29177 0.54069
0.31417 0.93733
0.38213 0.11552
0.08095 0.37343
0.83858 0.59186
0.87556 0.62564
0.14618 1.05578
0.36033 0.71803
1.15685 0.48019
0.32558 0.17251
0.48366 0.87688
0.37764 0.71617
0.64639 0.86775
0.46940 0.29248
0.53185 0.91934
0.28544 0.29642
0.27964 0.15121
0.53064 0.94329
0.92967 0.64146
0.46358 0.06417
0.80009 0.57967
0.48113 0.05574
0.77112 0.43546
0.63366 0.70279
0.02229 1.05444
0.42895 -0.08065
0.48078 -0.06743
0.17888 0.15188
0.89734 0.59487
0.28875 -0.06671
-0.00695 1.02055
0.77421 0.02577
0.01333 -0.00396
0.40894 0.14639
1.01905 0.47854
0.25603 0.18086
0.54058 0.58641
0.56009 0.85093
0.69717 0.77229
-0.02228 0.94176
0.90918 0.40320
0.08170 0.53174
0.91836 0.62473
0.27047 0.90397
0.54714 0.34456
0.51597 0.88815
0.52324 0.97676
0.18718 0.64337
0.56229 0.72725
0.61890 0.84589
0.60114 0.65191
0.31586 -0.14547
0.22264 0.56466
0.49577 0.77781
0.73579 0.44555
0.51570 0.31007
1.06734 0.08564
0.59589 1.03824
0.58102 0.72478
0.73448 0.39577
0.80676 0.65373
1.04580 0.50381
0.51971 1.04525
1.00239 0.68490
0.58841 0.73617
0.19439 0.80697
0.72280 1.03487
0.92557 0.65463
0.23890 0.47968
0.78283 0.82022
0.74939 0.67547
0.71393 -0.03912
0.87552 0.69961
0.17304 0.52298
0.17473 0.66537
0.43312 0.23367
-0.00541 -0.01121
1.00031 0.72216
0.41463 0.19902
0.37375 0.01144
0.41649 0.57382
0.57916 0.60763
0.09276 0.93981
0.95023 0.68497
0.58619 0.93519
0.25837 0.48607
0.58851 0.82014
0.13044 0.98849
0.58044 0.78302
0.18721 0.25314
0.33794 0.28606
0.57544 0.86887
0.65371 0.89443
0.55692 0.14036
0.00308 0.92705
0.76054 0.29780
0.98456 0.11347
0.71558 0.43498
0.39167 0.35574
0.13668 0.54756
0.60771 0.03607
1.10903 0.78565
0.59057 0.72605
0.51493 0.63454
0.47680 0.45580
0.46216 -0.06168
0.12486 0.30291
0.22233 0.09378
0.63280 0.85964
0.47538 0.26717
0.02213 0.25577
0.60751 1.00326
0.35008 0.11176
-0.08538 0.09238
0.20115 0.61907
0.95912 0.09038
0.52946 0.67972
0.74850 0.56774
0.63522 0.80067
0.45820 0.79320
0.56041 0.70687
0.39971 0.66617
0.90764 0.45423
0.88361 0.08785
0.02197 0.72314
0.31852 0.53127
0.76365 0.22400
0.24147 0.12388
0.03297 0.21857
0.64670 0.87627
0.84031 0.76644
0.39404 0.34240
0.07682 0.18839
1.03789 0.66898
0.92242 0.66543
0.97868 0.66330
0.07996 0.66131
0.90255 0.62460
0.88103 0.72645
0.31258 0.82582
0.70101 0.34328
0.15738 0.95346
0.07929 0.32756
0.05212 0.41562
0.94494 0.19186
0.06502 0.68738
0.40345 0.12795
0.57279 0.54706
0.73865 0.07932
0.11151 0.30526
0.68099 0.39459
0.26940 0.50594
0.38328 0.41657
1.05394 0.15964
0.62903 0.69873
0.28931 0.71566
0.01898 0.39074
1.11899 0.57940
0.28879 0.60518
0.55787 0.79715
0.90021 0.55268
0.41842 0.82422
0.38736 0.60000
0.54679 0.98031
0.06458 0.10566
0.57011 0.34910
1.04582 0.53245
-0.18796 1.15213
0.40232 0.32360
1.17152 0.53901
1.08687 0.02506
0.13224 0.94844
0.15282 0.87470
0.43647 0.00632
0.13873 0.30884
0.71129 0.32686
0.55537 0.90333
0.43412 0.47818
-0.07229 0.17758
0.17447 0.62440
0.37470 0.44339
0.47633 0.82631
0.96543 0.79035
-0.00300 0.31430
0.29224 0.34915
0.51127 0.79034
0.54003 0.56221
1.02122 0.61362
0.99312 0.67535
0.39161 0.75638
0.65384 0.64072
0.88352 0.66535
1.10082 0.04271
0.08506 0.38611
0.63437 1.06664
0.44813 0.10741
0.06234 0.76824
0.18002 0.40535
0.00648 0.03246
0.25012 0.97069
0.29425 0.28086
0.79201 0.42915
0.00504 1.02863
0.28461 0.42369
0.46376 0.86850
0.59449 0.54366
0.38150 0.12543
0.96241 0.47027
1.02471 0.55461
0.38715 0.94690
0.08667 0.35046
0.87828 0.17562
0.21333 0.10556
0.66339 0.99193
0.43939 -0.01116
0.54011 0.43935
0.67549 0.97058
-0.02002 0.39058
0.29477 0.48382
0.24736 0.06783
0.83691 0.63514
0.28412 0.21338
0.34906 0.09613
0.98477 0.79465
0.20598 0.61977
0.17159 0.03965
0.89703 0.77970
0.44829 0.81069
0.53985 0.85069
0.70140 0.39098
0.57095 0.96079
0.39905 -0.02157
0.76381 0.15728
0.88441 0.57365
0.49829 1.08875
0.34821 0.50266
0.64260 0.76128
0.79000 -0.06451
0.44190 0.41292
0.33520 1.07016
0.26825 0.59829
0.77283 0.59886
0.16782 0.21139
0.31515 0.48540
0.11283 0.43037
0.49253 0.98050
0.73487 0.54417
0.81571 0.67143
0.97136 0.07682
0.37652 0.35600
0.58820 0.72738
0.31228 0.56838
0.41178 0.19565
-0.07294 -0.00099
0.25830 1.09664
0.00174 0.54530
0.09911 0.18997
0.09211 0.73172
0.60599 0.71251
0.76851 1.05416
0.58955 0.53523
-0.03799 0.26018
0.08618 1.11463
-0.07055 0.82192
0.60543 0.61923
0.19942 1.00850
0.53137 1.03799
0.26556 0.27439
0.15075 0.09800
0.17937 0.09051
0.94748 0.58713
0.90343 0.63328
0.47854 0.54942
0.18423 0.32363
0.56708 0.70380
0.41483 0.78729
0.63326 0.76723
0.84189 0.23248
0.77490 0.52480
0.89991 0.61457
0.17061 0.21297
0.49108 0.53403
0.29359 0.47891
0.91440 0.52656
0.45701 0.24444
0.30765 0.83876
0.31564 0.30612
0.66702 0.71321
0.52764 0.88383
0.28565 0.87332
0.43828 0.75115
0.70968 0.89589
1.10085 0.55821
0.23349 0.47262
-0.04083 0.36899
0.27276 0.91186
0.46740 0.44073
0.73838 0.40467
0.20875 0.52257
0.87309 0.76419
1.04770 0.54132
0.61658 1.08059
0.21725 0.28444
0.95399 0.49443
0.99806 0.42330
0.52291 0.92402
0.52900 0.89615
0.75736 0.54069
0.62143 0.98307
0.35598 0.70550
0.27826 0.29484
0.56423 1.12273
0.46690 0.81087
0.37616 0.21754
0.51678 0.03540
0.25363 0.16840
0.33281 0.84619
0.86937 0.66723
0.12216 0.10878
1.12529 0.63207
0.98154 0.62616
0.71241 0.45389
0.18140 0.87587
-0.03275 -0.12821
0.92409 0.57320
0.81915 0.24099
0.21225 0.38782
0.86723 0.26394
0.62969 0.04316
0.80953 0.59334
0.84580 0.21899
0.38347 0.70894
0.45574 0.56594
0.53244 0.92911
0.52841 0.68848
0.46680 0.73561
0.76426 0.52668
0.34354 0.83416
0.18619 0.79393
1.09717 0.77634
1.04522 0.65684
0.08098 0.30117
0.32755 0.64609
0.25394 0.44382
0.56293 0.72100
0.23031 0.37940
1.19222 0.75608
0.41162 0.55482
1.03334 0.24695
1.04432 0.47564
0.46343 0.47956
0.85557 0.35998
0.09635 0.12101
0.80210 0.03308
0.31369 0.88145
0.53699 0.22545
1.04734 0.55192
0.40755 0.60917
-0.09751 0.15016
0.34679 0.24303
0.79584 0.51368
0.78005 0.24559
0.38932 0.50090
0.70099 0.69370
0.71643 0.67906
0.27313 0.27398
0.78499 0.76047
-0.00664 0.19805
-0.06996 0.27832
1.04605 0.68172
0.54388 0.90657
0.37383 0.63522
0.77896 0.93824
0.24021 0.18958
0.33412 0.39685
0.09602 0.48529
-0.02636 0.18157
0.30047 0.43018
0.76710 0.58791
0.21958 0.38068
0.35076 0.53419
0.13150 0.83153
0.76147 0.98454
0.90315 0.49292
0.76424 0.41378
0.47624 0.92051
0.60518 0.52941
0.41425 0.18293
0.49183 1.15510
0.54202 0.22460
0.76070 0.62809
0.35477 1.01128
0.57103 0.69319
0.98114 0.53345
0.84912 0.79228
0.52334 0.56236
0.77755 0.30968
0.69196 0.39552
0.95593 0.45155
1.11214 0.69535
0.82135 0.44951
0.11849 0.30533
0.10954 0.69358
0.40849 0.73256
0.50057 0.80608
0.89326 0.51823
0.84627 0.99071
0.80598 -0.10765
0.99160 0.56610
0.58314 0.48107
0.22857 0.98865
0.56459 0.68504
0.12698 0.30151
0.22108 0.23306
0.09600 0.69515
0.89891 0.84040
0.62985 0.85268
0.90059 0.80493
0.35420 0.95453
0.81372 1.11472
0.05676 0.29154
0.44749 0.84192
0.54506 -0.05632
0.45612 0.98398
0.34580 -0.10107
0.41732 0.38594
0.42773 0.09004
0.10915 0.94464
0.16861 0.11601
0.72715 0.60154
0.56731 0.09950
0.73245 0.65462
1.16264 -0.04129
0.87030 0.23684
0.41794 0.83362
0.55216 0.81142
0.64111 0.66665
0.49468 0.70237
0.36315 0.84101
0.41020 0.23317
1.00082 0.66124
-0.06053 0.41386
0.00134 0.28132
0.43195 0.37172
0.35140 0.17210
0.58895 0.83093
0.54677 0.81913
0.43192 0.49377
0.28537 0.43880
0.74492 0.63326
0.43014 0.34875
-0.00508 0.44171
0.06125 -0.11452
0.71897 0.82826
0.79260 0.67384
0.70771 0.67539
0.12275 -0.04574
0.31477 0.72095
0.27748 0.27074
0.30862 0.47050
0.12817 0.69969
0.46760 0.15585
0.68281 0.83363
0.90845 0.10066
0.18436 0.33008
0.03220 0.95818
1.07835 0.83486
0.05566 0.35276
1.00203 0.56718
0.36808 0.51111
0.36461 0.20760
0.43648 0.78587
0.83504 0.60563
0.57535 0.79498
0.45143 0.71857
0.48398 0.27882
0.97442 0.77830
0.37413 0.59878
0.45946 0.80567
0.56167 0.65998
-0.09024 0.46348
0.01932 0.92987
0.98012 0.69035
0.27402 0.71264
0.44414 0.64944
0.76050 0.28412
0.38072 0.90501
0.92795 0.61036
-0.02666 0.81436
0.01436 0.88462
0.75503 0.75217
0.57279 0.52625
0.65968 -0.08322
0.81781 0.55593
0.50195 0.76891
0.42231 0.73154
0.22317 0.78799
0.37448 0.73874
0.49488 0.78836
0.70252 0.66183
0.83958 0.66451
0.59098 0.96535
0.25900 0.31880
0.62303 0.54340
0.82527 0.65199
0.08268 0.40442
1.01315 0.34745
0.12139 0.44586
0.97398 0.72977
0.01163 0.13902
0.56293 0.11598
0.45074 0.96014
1.21735 0.71375
1.02739 0.87131
0.24951 0.66037
1.04807 0.76460
0.29003 0.50711
0.22576 1.15381
0.16047 0.89697
0.98627 0.88708
0.20717 0.24743
0.32584 0.64487
0.61850 0.82371
0.27758 0.86926
0.83335 0.56486
0.74990 0.33933
0.19473 0.40672
0.91058 0.62888
0.50711 0.82008
0.81351 0.55691
0.09852 0.42379
0.19394 0.51082
0.14148 0.52591
0.46455 0.92503
-0.04266 0.32719
0.55486 1.00971
0.34027 0.82413
0.39261 0.86434
0.66661 0.26720
0.88436 0.18993
0.35393 0.54317
0.15837 0.46758
0.24675 0.50969
0.82404 0.35337
0.28232 0.58351
0.69904 0.65201
0.64176 0.52981
0.39334 0.55632
0.54299 0.74494
1.05130 0.59440
0.18588 0.25806
0.34294 0.36061
0.16754 1.07315
0.78210 0.85078
0.63731 0.01090
0.59221 0.05699
0.49105 0.79493
0.29956 0.86203
0.02461 0.97729
0.40349 0.15552
0.26128 0.45561
0.69675 0.49169
0.05988 0.27902
0.45517 0.74985
0.59550 0.95827
0.85383 0.23925
0.12990 0.93552
0.63301 0.02728
0.31738 0.47564
0.34575 0.44329
0.50451 1.05344
0.25959 0.39408
0.32425 0.81092
0.77039 0.65940
0.54200 1.06081
0.88632 0.79309
0.40002 0.78584
0.35440 0.77947
0.41895 0.90242
0.52485 0.94210
0.22422 0.44052
0.86641 0.34877
0.10961 0.48390
0.39271 0.88381
0.57431 0.75000
0.31398 0.85405
0.34863 0.94516
0.20535 0.32622
0.56949 0.59982
0.68534 0.77447
0.53900 0.11805
0.98365 0.18757
0.26854 0.25723
0.47622 0.96371
0.69705 0.92312
0.43295 0.54901
0.43378 0.81878
0.42478 0.31453
0.36074 0.01927
0.43674 0.19670
0.24809 0.61534
0.48053 0.95273
0.35137 0.76755
0.48788 0.56815
0.12688 0.53976
0.09159 0.23135
0.55938 0.37088
0.39801 0.69311
0.26868 0.00616
0.45328 0.84497
0.27187 0.26256
0.92031 0.68966
0.50496 0.59424
0.64197 0.83784
0.76374 0.55699
0.32873 0.41588
0.28280 0.56134
0.31365 0.70196
1.15460 0.58358
0.79093 -0.01287
0.35544 0.31670
0.96231 0.46708
0.96034 0.78580
0.49504 -0.04094
0.59574 0.75186
0.48511 0.94428
0.49357 0.80042
0.26981 0.25628
0.31031 0.38027
0.48222 1.06274
0.31810 0.19143
1.04681 0.49006
0.05187 0.15260
0.47593 0.63060
1.05608 0.49234
0.38116 0.77634
0.65120 0.81865
0.16882 0.37257
0.39065 0.64833
0.49443 0.74426
0.86825 0.41110
0.38161 0.98022
0.33094 0.34270
0.48905 0.79871
0.44410 0.99881
0.54403 0.82024
0.28256 0.73645
0.21003 0.96112
0.52917 1.08362
0.04856 0.11844
0.85835 0.72473
0.26042 0.42433
0.37484 0.98498
0.31398 0.63009
0.28326 0.76324
0.81530 0.58094
0.83463 0.40343
0.90954 0.08571
0.44384 0.59415
0.06046 0.15466
0.33440 0.21262
0.64660 0.67829
0.59322 0.94116
0.52840 0.92140
0.98089 0.59793
0.02996 0.39061
0.44613 1.01964
0.40485 0.74144
0.03053 -0.04725
0.82777 0.51140
0.48809 0.95284
0.78258 0.35868
0.97547 0.39217
0.26246 0.05755
0.09618 0.91225
0.00939 0.37790
0.17209 0.28104
0.36754 0.98387
0.04947 0.07235
0.39484 0.75591
0.14406 0.57682
0.31189 -0.12196
0.30663 0.42636
0.32182 0.93811
0.21642 0.65420
0.80307 0.60264
0.43640 0.14985
0.72703 0.47427
0.26024 0.23941
0.31765 0.15076
0.62823 0.11937
0.40370 0.31785
0.13026 -0.02187
0.47523 0.33944
0.02541 1.03996
0.22536 0.59854
0.98096 0.56632
0.43956 0.49788
0.16414 0.43079
0.37105 0.52785
0.70456 0.80665
0.59817 0.19125
0.60177 0.57321
0.52753 0.69984
0.05282 0.40048
0.23033 0.41126
0.55466 0.70880
0.23700 0.74538
0.26401 0.48096
0.31628 0.63495
0.19252 0.48165
0.27594 0.22761
1.11877 0.39411
0.56970 0.56512
0.44835 0.95984
0.69592 0.19667
-0.01038 0.13111
0.17999 0.24998
0.96280 0.66485
0.12604 0.32538
0.40334 0.85707
0.16130 1.05123
0.42112 0.78436
0.07410 0.93421
0.41026 0.41990
0.56897 0.51463
0.87697 0.46353
0.58239 0.88575
0.34654 0.58241
0.34290 0.07328
0.32433 1.02397
0.22693 0.23727
0.12430 0.89138
0.54381 0.75499
0.93295 0.17286
0.80883 0.15566
0.33622 0.46632
-0.04795 0.24224
0.41636 0.51828
1.04574 0.78689
0.57330 0.96233
0.46943 0.69091
-0.09883 1.00917
0.18424 0.01159
-0.04994 0.58097
0.61758 0.06746
0.27884 0.41760
0.41250 0.63053
0.86532 0.52727
0.46537 0.76686
0.40637 0.46026
0.34649 0.64391
0.36976 0.16784
0.21230 0.97646
0.66860 0.04870
0.44111 0.44962
0.26312 0.69097
0.52187 0.62008
0.53869 0.17242
0.19604 0.33551
0.30240 0.84702
0.87369 0.41223
0.54544 0.65683
0.63571 0.86381
0.72922 0.15916
0.84086 0.65570
0.86646 0.43147
1.08719 0.61151
1.09026 0.69415
0.91018 0.53790
0.41959 0.06847
0.92960 0.54952
0.01176 0.89219
0.53778 0.89143
0.05107 0.72080
0.18824 0.96829
0.87975 0.55799
0.48493 0.10893
0.82092 0.68720
-0.11012 0.49420
0.40449 0.57600
0.82822 0.72295
0.72060 0.87883
0.85374 0.56314
0.09889 0.31696
0.25568 0.88763
1.07478 0.53956
1.05636 0.55398
0.41624 0.38312
0.37284 0.45359
0.41691 0.61348
0.79930 0.30332
1.07940 0.64553
0.22802 0.18397
0.58476 0.86535
0.34441 -0.08067
0.38731 0.21189
0.51701 0.13590
-0.05901 0.48079
0.48823 0.87866
0.56968 0.83668
0.37562 0.78255
0.44564 0.76702
0.90164 0.25090
0.54478 0.78122
0.48242 0.10028
0.47893 -0.04906
0.44026 0.58897
0.04651 0.21917
-0.09476 0.79131
0.49913 0.20702
0.24821 0.59096
0.22309 0.30024
0.68284 0.09846
0.58162 0.78139
0.21680 0.25113
-0.07387 0.38352
0.55845 0.68123
1.03158 0.70969
0.20344 0.10225
0.41984 -0.00029
0.06505 0.01886
-0.08473 0.87626
-0.16101 0.19511
0.65158 0.33379
0.61407 0.81903
0.57835 0.72597
0.93988 0.40429
0.54655 0.78026
0.01019 -0.11863
0.34520 0.47769
0.28921 0.05713
0.57669 0.54636
0.45320 0.36791
0.05437 0.75906
0.97395 0.81106
0.30695 0.43374
0.52977 0.76902
0.59556 0.32637
0.37376 0.84280
0.65063 0.73253
0.59257 0.07030
0.25617 0.73504
0.09503 0.45707
0.42296 0.80223
0.66791 1.09324
0.47358 0.82148
0.45780 0.25662
0.63095 0.68101
0.42243 0.94130
0.34225 0.71489
0.66004 0.20287
0.42346 0.39163
0.04694 0.28397
0.45813 0.99311
0.88922 0.49125
0.33374 0.24754
0.89273 0.63872
0.47753 0.84137
0.59026 0.74021
0.90678 0.53828
0.31939 0.77063
1.01637 0.53740
0.61054 0.98793
0.25976 0.92819
0.12000 0.32911
0.72509 0.02062
0.95236 0.58028
0.57474 0.35277
0.45687 0.86540
0.92728 0.56466
0.81951 0.62589
0.41194 0.56837
0.31949 0.11229
0.22601 0.45401
0.38573 0.72827
1.05068 0.54805
0.50364 0.34373
0.02343 0.47510
0.44255 0.64460
0.32183 0.17838
0.26513 0.61672
0.25419 0.65511
0.37398 0.91169
0.41458 0.29012
0.50568 0.99685
1.00810 0.60038
0.89534 0.66742
0.82675 0.42083
0.95949 0.59253
0.45814 0.66974
0.83975 0.72982
0.50468 0.39529
0.90842 0.71631
0.39218 0.41021
0.57220 1.00650
0.39353 0.77296
0.19181 0.92673
0.59063 -0.13432
0.24837 0.81330
0.43156 0.82752
0.52616 0.27828
0.38964 0.28671
0.59933 1.09187
0.74202 0.67947
0.51514 0.53917
0.37387 0.74570
0.04136 -0.03614
0.55484 0.49393
0.59378 0.75301
0.03469 0.16165
0.74528 0.63587
0.68087 1.05504
-0.15887 0.83432
0.15968 0.32545
0.19025 0.33790
0.33858 0.62412
0.62656 0.59422
0.00244 0.22150
0.42634 0.66253
0.16450 0.38824
0.47331 0.72541
1.14376 0.12983
0.55896 0.84100
0.68328 0.12804
0.75628 0.60570
0.18406 0.69361
0.55452 0.70618
0.09388 0.92592
0.11230 0.07465
0.91803 0.65555
0.46664 0.72224
0.04741 0.08774
0.73735 0.51542
0.36273 0.93533
0.71964 0.79288
0.49366 0.83429
0.34006 0.34580
0.68247 0.52544
0.10321 0.09090
0.01765 0.14926
0.15889 0.17133
0.44385 0.45086
0.42730 0.17807
0.41248 0.45894
0.11127 0.32478
0.51485 0.63140
0.12570 0.25023
0.57058 0.10170
0.31548 0.82603
0.98661 0.54062
0.30619 0.78330
0.77445 0.76282
0.34746 0.70027
0.43699 0.82431
0.44706 -0.03943
1.08755 0.52339
1.06796 0.72562
0.88243 0.63779
0.39731 0.46867
0.69153 0.64307
0.94840 0.52579
0.10401 0.14131
0.62410 0.48249
0.69065 0.27892
0.10679 0.36564
0.60851 0.25166
0.58507 0.36960
0.53417 0.95203
0.07827 0.85284
-0.12131 0.93701
0.41704 0.57091
0.77505 0.46983
0.33302 0.89812
0.86263 0.57640
0.16274 1.12447
0.79494 0.55549
0.98399 0.59086
0.89758 0.68851
0.34940 -0.04766
0.42656 0.86717
0.95278 0.25473
0.27351 0.65244
0.13336 0.83845
1.07633 0.59064
1.07835 0.78736
0.61439 -0.05042
0.79896 0.14105
0.10214 0.83035
1.22251 0.12101
0.38606 0.52848
0.00585 0.51288
0.12252 0.36194
0.41756 0.38080
1.06365 0.16258
0.62746 0.80677
0.27596 0.87062
0.69304 0.80375
0.82651 0.68297
-0.13135 0.47406
0.28383 0.20689
0.68812 0.82808
0.43835 0.25517
-0.06986 0.88508
0.31535 0.42842
0.20849 0.78083
0.97441 0.65126
0.20798 0.07754
0.16252 0.03568
0.43423 0.86643
0.73149 0.69737
0.37190 0.24045
0.13888 0.91541
0.46978 0.81105
0.20844 0.78287
0.25243 0.87032
0.23236 0.50567
0.75161 0.59683
0.34098 0.13925
0.58719 0.94954
0.03724 0.05534
0.12716 0.36598
0.92835 0.30155
0.51749 0.15404
0.41038 0.46952
0.21883 0.75612
0.99909 0.82901
0.46219 0.44127
0.49917 0.96391
0.30519 0.55512
0.57763 0.13965
0.48640 0.89984
0.46890 0.77457
0.80217 0.74716
0.04039 0.05613
0.02621 0.03042
0.25999 0.57554
0.50562 0.74819
0.55384 0.88211
0.58178 1.22236
0.29199 0.51744
0.96107 0.44068
0.85683 0.68541
0.35738 0.11270
0.32274 0.65641
0.46549 0.13497
0.43453 0.14182
0.78938 0.58746
0.13195 1.05019
0.16910 0.93575
0.31866 0.43429
0.06847 0.07060
0.96575 0.38944
0.20001 0.70722
0.24805 0.85329
0.26648 0.34494
0.56408 0.36288
0.36333 0.44334
0.52894 0.17652
0.37708 0.10912
0.41301 0.99015
0.89140 0.57760
0.74478 0.67364
0.30182 0.33543
0.90526 0.53791
0.17739 0.29065
0.77242 0.35907
0.44869 0.46206
0.22368 0.09288
0.43641 0.69598
0.49446 0.84548
0.31663 1.12722
0.62446 0.15131
0.81955 0.94788
0.54582 0.71020
0.08268 -0.00031
0.23347 0.26191
0.38124 0.81146
0.43540 0.46230
0.18379 0.25057
0.70543 0.20437
0.60058 0.93194
0.46172 0.87130
0.17218 0.28588
0.88880 0.64634
0.39078 0.34304
0.81746 0.51011
0.96188 0.70392
0.91006 0.43634
0.33954 0.95292
0.12077 0.09924
0.18118 0.13392
0.35014 0.83881
0.24744 0.51524
0.35352 0.63799
-0.00035 0.42521
0.16152 0.53032
0.76150 0.50398
0.88912 0.78580
0.35263 0.97175
0.03347 0.25828
0.39610 0.09529
0.24888 0.89002
0.36378 0.31129
0.42181 0.29442
0.41994 0.69888
1.04760 0.48697
-0.06010 0.22939
0.36333 0.62141
0.24875 0.31138
0.25060 0.66264
0.85879 0.21967
0.07227 0.25150
0.45991 0.51090
0.01195 0.06879
0.13018 0.32601
0.52956 1.01771
0.45397 0.58339
0.12852 1.04234
0.41623 0.39560
0.62057 0.15205
0.16050 0.33597
0.33589 0.42041
0.51724 1.07696
0.27992 0.75174
0.66481 0.46062
0.48064 0.36770
0.64253 1.08587
0.22327 0.49677
0.20632 0.90162
0.43617 0.53467
0.34865 0.54286
0.43763 -0.03925
0.47855 0.75748
0.85224 0.63799
1.00201 0.04863
1.00921 -0.12102
0.80824 0.65541
0.47304 0.88987
0.21645 0.88243
0.64589 0.46626
0.45749 0.55456
0.07788 1.02247
0.43715 0.06340
0.74713 0.25100
0.24095 0.10310
0.86816 0.38442
0.80210 0.43840
0.45819 0.64392
0.83157 0.02625
0.13274 0.41607
0.46083 0.87937
0.58848 0.89181
1.00075 0.66331
0.27970 0.59910
0.32498 0.11423
0.64225 0.93768
0.25143 0.47711
0.25735 0.98171
0.12956 0.31540
0.89544 0.87437
0.01995 0.03802
0.55158 0.72278
0.69682 0.62638
-0.17783 0.96224
0.41966 0.45808
1.00429 0.51107
0.73320 0.84858
0.99162 0.65608
0.72692 0.69635
0.97547 0.48722
0.27098 0.99052
0.13654 0.43264
0.37899 0.05915
0.30331 0.89474
0.61308 0.67359
1.01092 0.61778
0.33126 0.59808
0.43162 0.76803
0.95125 0.76172
-0.02026 0.49293
0.32450 0.24749
-0.03366 0.03866
1.00475 0.13527
0.86173 0.33489
0.13578 0.35104
0.68587 0.80617
0.49947 1.10834
0.92005 0.55025
0.34517 0.80164
0.82442 0.55336
1.13949 0.60514
0.46966 0.80375
0.27890 0.41278
0.32527 0.52533
0.12242 0.55444
0.86404 0.29725
0.60725 0.70367
0.04280 0.10901
0.69811 0.88146
0.28371 0.87011
0.42405 0.74497
0.22595 0.38538
0.30177 0.45932
0.39723 0.12954
-0.09347 0.91739
0.57123 0.05078
0.18727 0.50386
0.37119 0.51886
0.33639 0.53037
0.05244 0.33032
0.16650 0.85975
0.26178 0.43234
0.65484 0.54524
0.43163 -0.00870
0.53839 0.82027
0.62209 0.00441
0.17195 0.21686
0.30803 0.72506
0.15442 0.33186
1.01249 0.37338
0.75487 -0.04993
0.39362 0.59662
0.69424 0.58811
0.37583 0.51942
0.65222 0.51135
0.91019 0.60758
0.51096 0.70177
0.19916 0.35267
0.45563 0.60458
0.10803 0.75750
0.76000 0.76366
0.91003 0.04160
-0.02945 0.10007
0.16487 -0.04563
0.60799 0.85531
1.04756 0.62234
0.34553 0.72531
0.57765 0.63927
0.23788 0.42646
0.46353 -0.08443
0.37139 1.02959
0.59521 0.13048
0.36206 0.52339
0.96321 0.50546
0.45378 0.62952
0.91048 0.78223
0.41120 0.44072
0.66630 0.53100
0.59148 0.92709
0.86897 0.49814
0.41477 0.07918
0.92899 0.68742
0.70056 0.29981
0.23493 0.06949
0.09375 0.31773
0.52057 0.65815
0.53115 0.87068
0.03220 0.17206
0.44061 1.04266
0.58862 1.02719
-0.08338 0.29070
0.76406 0.90697
0.85616 0.66793
0.23382 0.55469
0.30184 0.74283
0.87289 0.64248
0.91424 0.46551
0.56351 0.83773
1.08554 0.70307
0.90486 0.09453
0.32162 0.68614
-0.07647 1.03301
0.35704 0.48656
0.73077 0.55200
0.62165 1.20303
0.21417 0.13035
-0.17072 0.10023
0.25410 1.02847
0.36198 0.63499
0.35210 0.52899
-0.03547 0.46381
0.48065 0.89977
0.17957 0.25284
0.46067 0.56860
0.80649 0.34263
0.42955 0.50241
0.97082 0.17331
0.46412 0.80850
0.46063 0.49873
0.94571 0.54792
1.05409 0.62742
0.11598 0.25208
0.33633 0.45703
1.10514 0.18957
0.97726 0.53843
0.21494 0.95441
0.32923 0.51069
0.59491 0.16814
0.81762 0.62256
0.41802 0.88341
0.60424 1.03898
0.70819 0.30360
0.36948 0.42105
0.35615 1.05743
-0.15726 1.05835
0.77615 0.72874
0.77712 0.62788
0.15900 0.74019
0.24503 0.06138
0.50558 0.52882
0.47714 0.40120
0.42195 0.93377
0.60726 0.78378
0.59703 0.64932
0.73258 0.09285
0.28715 0.31315
0.30111 0.70149
0.40924 0.78534
0.50615 0.88495
0.38220 0.66516
0.96112 0.64557
0.27287 0.54843
0.61416 0.27902
0.07126 0.86532
0.59905 0.57580
0.85715 0.72879
0.49843 0.41952
0.97761 0.55441
1.04223 0.13260
0.69673 0.46052
0.73852 0.01014
0.12917 0.95030
0.40251 1.03186
0.11747 0.35239
0.84861 0.63880
0.03218 0.44104
-0.06530 0.98502
0.29735 0.78951
0.51096 0.88832
0.30721 0.73687
0.51246 0.93663
0.48595 0.64122
0.40602 0.25229
0.79903 0.13375
0.26745 0.06101
0.56624 0.85414
0.14296 0.75500
0.21669 0.40292
0.41384 0.23109
0.13434 0.15420
0.64777 0.80864
-0.19242 0.20828
0.08267 0.28210
-0.04845 0.25605
0.37307 0.20161
0.94305 0.66920
0.51623 0.83362
0.25573 0.49229
0.18439 0.80010
0.90250 0.15347
0.17525 0.85990
0.22853 0.29558
0.04921 0.38343
0.49600 0.32274
0.58197 0.81315
0.94622 0.59726
0.61308 0.72194
0.41489 0.31987
0.67714 0.75615
0.05611 -0.03966
0.02023 0.18884
0.29518 0.99401
0.02644 -0.01483
1.07014 0.45553
0.33638 0.35410
0.86183 0.59777
-0.00680 0.27247
0.26973 0.18889
0.64040 0.67200
0.13617 0.76111
0.64366 0.05235
0.13871 0.10854
0.15427 0.67570
-0.13676 0.23890
0.42335 1.07811
0.69691 -0.00872
0.33010 0.18393
0.75384 0.27259
0.67036 0.55197
0.47061 0.60615
0.12996 0.10190
0.38732 0.51711
0.52089 0.66955
0.66569 0.37492
0.10959 0.79678
1.08134 0.45603
0.71831 0.58904
0.75038 0.64701
0.42276 0.30934
0.14998 0.18233
0.72902 0.50070
0.25343 0.50412
0.01809 0.74816
0.43690 0.19218
0.57776 0.74809
0.32977 0.51238
0.21610 0.40219
0.61687 0.38869
1.03487 0.13565
-0.03129 0.23469
0.06321 -0.11165
0.27334 0.40709
-0.12149 1.03556
0.86161 0.62587
0.64499 0.86075
0.86126 0.75898
0.93447 0.58715
0.34875 -0.00126
0.42563 0.61255
0.82113 0.27183
0.89925 0.28357
0.67162 0.37103
0.14579 0.74262
0.66530 0.09128
0.24564 0.77569
0.14561 0.10920
0.44596 0.86341
0.09435 0.09027
0.24737 0.10564
0.03783 0.21762
0.70003 0.61706
0.33995 0.76739
0.51804 0.63680
0.48891 0.43387
0.37130 0.81793
0.69685 0.27774
0.40308 0.50447
0.35891 0.73938
0.77005 0.52549
0.95756 0.49651
0.34707 0.83093
0.16782 0.82129
0.17944 0.54477
0.36865 0.20839
0.61589 0.18266
0.51122 0.82772
0.42905 1.01431
0.97473 0.72628
0.42875 0.81047
0.95658 0.57288
0.03690 0.41130
0.14704 0.73473
0.56092 0.94654
0.37311 0.40449
0.81924 0.47121
0.06222 0.03141
0.01537 -0.09300
0.40481 0.88648
0.05342 0.25849
0.34701 0.11122
0.74889 0.66118
0.39752 0.01853
0.59523 0.89823
0.37270 0.17987
0.29132 0.90149
0.17470 0.87229
0.23015 0.24234
0.52214 0.32422
0.34804 0.48420
0.55379 0.62561
0.94387 0.60518
0.23900 0.40592
0.44829 0.54782
0.62105 0.42498
0.96000 0.58026
1.13982 0.49673
0.51425 0.48912
1.06938 0.75134
0.18408 0.29735
0.13263 0.23636
1.12407 0.13482
1.00557 0.59158
0.78132 0.00599
0.82496 0.57554
0.59389 0.57387
0.43119 0.78279
0.60636 0.24334
1.02316 0.54309
0.62904 -0.07837
0.73775 0.01388
0.86225 0.51258
0.17350 0.08831
0.02434 0.09139
0.25179 0.35299
1.19496 0.68098
0.08799 0.04729
0.82116 0.14538
0.64951 0.65494
0.21006 0.16371
0.83719 0.44574
0.11079 0.67622
0.69660 0.72380
0.63995 0.20000
0.25362 0.08007
0.57540 0.94351
0.84001 0.68816
0.85537 0.28761
0.27662 0.74593
0.38569 0.41501
0.04883 0.51493
0.28866 1.12541
0.93015 0.56218
0.81232 0.71870
0.72570 0.20656
0.74219 0.75122
0.37160 0.48379
0.50495 0.62690
0.94151 0.67076
0.27430 0.53706
0.71070 0.75472
0.10414 0.77938
0.30341 0.55588
0.32027 0.72127
0.65257 0.89937
0.30209 0.05961
0.04571 0.41302
0.70575 0.57358
0.32302 0.05152
0.16869 1.04377
0.49448 0.60853
0.33207 0.18301
0.28151 0.52164
1.05006 0.54386
0.11651 0.31766
1.07592 0.44394
0.29756 0.51115
0.50683 1.02729
0.53897 0.60650
0.19409 0.90208
0.41148 0.62718
0.13342 0.15889
0.31857 0.38748
0.30825 0.27272
1.13205 0.58685
0.74657 0.68847
0.27677 0.57835
0.16154 -0.09823
0.06908 0.72226
0.23289 0.32942
0.65550 0.35471
0.51892 0.83921
1.01993 0.69154
