0.72299 0.96873
0.52724 0.76428
0.15344 0.21967
0.25469 0.35813
0.88201 1.00940
0.28719 0.88550
0.11792 0.67848
0.47310 0.21471
0.54072 1.01731
0.26090 0.45440
0.29966 0.54945
0.28749 0.29800
0.63894 0.21689
0.63863 0.85960
0.55882 0.92091
0.93945 0.78539
0.34858 0.28701
0.73924 0.43525
0.32026 0.57834
0.34414 0.46238
0.13398 0.50159
0.76305 0.20133
0.33406 0.76149
0.63345 0.68192
0.50085 0.60571
0.43152 0.97754
0.81977 0.66638
0.12936 0.17629
0.86470 0.41583
0.79814 0.17851
0.95378 1.07356
0.73679 -0.02849
0.13947 0.20506
0.03435 0.69764
0.79557 0.19480
0.86014 0.58528
0.90297 0.34933
0.15300 0.27895
0.50460 0.17284
0.32748 0.46342
0.35454 -0.01551
0.36074 0.13523
0.75004 0.86189
0.24856 0.75342
0.47452 0.80625
0.64829 0.81802
0.14889 -0.15598
0.54313 0.10880
0.36268 0.15414
0.35197 0.39133
0.23798 0.90913
0.87337 0.09769
0.72428 0.42662
0.69700 1.06062
0.65925 0.94910
0.59659 -0.01429
1.07781 0.93048
0.40758 0.32520
0.25664 0.12088
0.42351 0.17559
1.03087 0.13131
1.10421 0.81189
0.31512 1.01325
0.09611 0.23486
0.69331 0.59821
0.77032 0.22245
0.10085 0.01098
0.75992 0.22352
1.02816 0.88588
0.33605 1.10020
1.06901 0.89688
0.48085 0.24317
0.21087 0.27735
0.76324 0.87387
0.05645 0.53911
0.40736 0.26240
0.01994 0.52031
0.82307 0.55853
0.10361 0.97115
0.11802 0.12881
0.71373 0.76276
0.53369 0.22744
-0.10240 0.62862
0.02037 0.63567
-0.12886 0.49573
0.10518 0.33139
0.74636 0.79649
0.45367 0.45257
0.60649 0.94245
0.50586 -0.19698
0.80698 0.97831
0.08164 0.22523
0.59764 0.73521
0.79703 -0.06975
0.28513 0.39764
0.46667 0.65398
0.42242 0.15708
0.14952 0.01440
0.77506 -0.13915
0.00249 0.51121
1.03809 1.02737
0.99869 0.79476
0.97990 0.16472
0.54009 0.04213
0.69265 0.05425
1.04436 0.08635
0.82005 0.48066
0.77073 0.99111
0.93061 0.93332
0.22701 0.12911
0.66783 0.76161
1.01396 0.68683
0.41867 0.36945
0.92435 0.39147
0.26261 0.18835
-0.11119 0.55168
0.26730 0.53537
0.08628 0.57825
0.22013 0.38444
0.98516 0.86998
1.18236 0.88458
0.65729 0.09136
1.00232 0.66770
0.72817 0.22760
0.91739 0.89810
0.00011 0.46458
0.46597 0.37978
-0.07317 0.38189
0.75344 0.70974
0.97424 0.78665
0.93716 0.37134
0.19823 0.41998
0.80440 0.88080
0.75705 -0.04637
0.32363 0.13166
-0.09144 0.57609
0.73854 0.36474
0.64899 1.11775
0.35137 0.22754
0.44425 0.19863
0.87076 1.06269
0.55703 0.18042
0.49823 0.08872
0.75028 0.97762
0.66556 -0.00065
0.14623 0.31638
0.40717 0.72842
0.71360 0.47940
0.54598 0.90851
0.61833 1.03694
0.74362 0.47218
0.79726 0.43048
0.42474 0.58837
0.60276 0.48698
0.74733 0.46600
0.69806 0.24021
0.69290 0.37760
0.21753 0.90865
0.37050 0.25984
0.10511 0.36395
1.05027 -0.03789
0.29928 0.42102
0.33385 0.52666
0.68437 0.30037
0.90668 0.72875
0.46862 0.39764
0.64806 0.75376
0.38195 0.97783
0.61774 0.22220
0.52729 0.84706
0.78427 0.83861
0.81538 0.06729
0.76826 0.36356
-0.00861 0.43422
0.09548 0.90427
0.77673 0.85197
0.91511 0.75772
1.13677 0.16008
0.79777 -0.14021
0.64341 0.27427
0.11117 0.42994
0.14016 0.93103
0.58767 0.59708
0.34215 0.92009
0.83356 0.17995
0.33260 0.36137
0.70661 0.71786
0.31424 0.77782
1.02459 0.26732
0.81697 0.79770
-0.02533 0.27365
0.45295 0.20429
0.74257 0.90110
0.64325 0.60366
0.38938 0.50348
0.23033 0.88227
0.52689 -0.00338
0.49191 0.23556
0.29375 0.77065
0.77442 0.68390
1.05870 0.89114
0.21965 1.06706
0.60603 -0.13795
0.17815 0.58887
0.59928 0.87778
0.99966 0.90515
0.25558 1.07051
0.43612 0.73628
0.60476 0.35025
0.66394 0.73587
0.94102 -0.07031
0.04540 0.34917
0.08849 0.61531
0.36713 0.37355
0.78572 1.09802
0.89279 0.08168
0.65289 0.51182
0.24850 0.05762
0.99538 0.03683
0.33915 0.06717
0.68507 0.05344
0.98489 0.18694
0.90515 0.45480
0.03696 0.26958
0.03217 0.54191
0.53545 -0.06401
0.85198 0.13867
0.72431 0.62105
0.84235 0.16684
-0.03829 0.44276
-0.20201 0.76914
0.59977 0.12365
1.03427 0.83458
0.30014 0.37258
0.40555 0.63798
0.62564 0.35401
0.75400 0.12469
0.24989 0.33959
0.70695 0.90238
0.08262 0.61679
0.34553 0.94636
0.41703 0.29472
1.06618 0.22889
0.15028 0.47696
-0.06336 0.26230
0.80736 0.78230
0.89810 0.33199
0.85071 0.26184
-0.11200 0.59426
0.11998 0.12455
0.82596 0.33881
0.28586 -0.00031
0.21760 0.53391
0.25979 0.44527
0.52006 0.97454
0.68614 0.72669
0.35682 0.31415
0.29719 0.33386
-0.00460 0.08491
0.73782 0.78568
1.03397 0.72184
0.87630 0.22930
0.18381 0.76019
0.73195 0.24009
0.64860 0.99434
0.16351 0.45515
0.38236 0.35871
0.45286 0.22436
0.17494 0.13235
0.24516 -0.03440
0.59610 0.31691
0.29979 0.99148
0.55476 0.92753
0.47773 0.64780
0.31774 0.77206
0.56454 0.29261
-0.02441 0.08274
0.23356 0.19178
0.73323 0.55594
0.80255 0.86773
0.47538 0.88100
0.19744 0.28961
0.75529 0.82422
0.78975 0.21088
1.05877 0.91747
0.45651 0.32037
0.16513 0.57368
0.75534 0.98464
0.93791 0.91827
0.41685 0.34613
1.00111 0.69186
0.38487 1.03630
-0.02472 0.54089
0.68375 0.38795
0.11490 0.25602
0.24463 0.28411
0.68456 -0.01473
0.44324 0.43434
0.60909 0.22098
0.40458 1.04047
0.62767 0.96677
0.28200 0.25999
0.28088 0.28893
0.74367 -0.04913
0.72985 0.20552
0.80216 0.45908
0.33145 1.04213
0.40662 0.39238
0.56825 0.28506
0.44371 0.29314
0.64300 0.98397
-0.03482 0.20687
-0.06361 0.08336
0.04377 0.22380
0.08126 0.55453
0.43996 0.36961
0.36674 0.24861
0.33307 0.98035
0.83041 0.60930
0.60895 0.11426
0.35348 0.32668
0.58340 0.06869
0.28513 0.10597
0.36374 0.39909
0.67234 0.67663
0.01201 0.57915
0.64593 0.16942
0.24443 0.49749
0.43877 0.07489
0.97291 0.88566
0.71171 0.93119
0.17921 0.43911
0.70626 0.85630
0.39790 0.98226
0.71403 0.50031
0.81740 0.91494
0.30193 0.12059
0.77188 0.38286
0.68294 -0.09132
1.05417 0.84857
0.67948 1.04151
0.99514 0.86257
0.48865 0.81926
0.93780 0.80552
0.84339 0.22176
0.11702 0.75354
0.60559 -0.00320
1.07105 0.45860
0.55608 0.30564
0.95889 0.25570
0.87683 0.28535
0.50002 0.41065
0.22532 1.07022
0.36322 -0.09283
0.79305 0.60373
0.31027 0.17288
0.88356 0.06569
0.67594 0.91903
0.61871 1.03034
0.93883 0.29648
0.78914 0.96939
0.05836 0.23750
0.63915 0.79894
0.45803 0.42448
0.22018 1.01265
0.42653 0.48717
0.33117 0.33665
0.81755 0.38476
0.11573 0.42454
0.11354 0.45719
0.15044 0.97787
0.70424 0.55313
0.19644 0.12013
0.57430 0.86173
0.44890 0.41667
0.19227 0.79849
0.02407 0.19291
0.74935 0.75406
0.84185 0.48738
0.56144 0.79624
0.97531 0.88125
0.04053 0.78000
0.81610 0.18847
0.66961 0.18640
0.48156 0.03810
0.15954 0.79664
0.45257 0.46267
0.58074 0.45832
0.80027 0.20363
0.17909 0.08798
0.22933 1.09682
0.07204 0.35767
-0.14808 0.48172
0.87165 0.17398
0.00552 -0.01923
0.32109 0.98584
0.30688 0.17129
0.35986 -0.13839
0.89435 0.83405
0.91525 0.79050
0.45359 0.13340
0.43484 0.90324
0.80423 0.52189
0.97607 0.86434
0.42009 0.27174
0.64040 0.12377
1.06331 0.51258
0.46139 0.27287
0.94810 0.07780
0.01682 0.26205
0.30971 0.96956
0.66831 0.30691
0.08541 0.22268
0.87747 0.73617
0.45924 1.09448
0.63417 0.79404
0.77168 0.08154
0.36157 0.31412
0.54256 0.36633
-0.03505 0.66512
1.00470 0.14197
0.24515 0.86730
0.46206 0.26902
0.85233 0.13007
0.69083 0.72917
0.47541 -0.03638
0.68274 1.05789
0.72156 0.01420
0.86276 0.30799
0.23868 0.25803
0.86066 0.25281
0.37817 0.70155
0.54153 0.84997
0.86768 0.41199
0.79757 0.67041
0.14061 0.21294
0.94666 0.77749
0.42346 0.76152
0.17967 0.21104
0.71384 0.23482
0.11867 0.44686
0.72130 0.20569
0.32852 0.25298
0.95005 0.11549
0.34644 0.23708
0.40868 -0.06028
0.73757 0.14716
0.33600 0.40508
0.81186 0.67319
0.78841 0.39820
0.25650 0.23558
0.55687 0.76496
1.02451 0.31785
0.34168 1.04512
0.92675 0.38517
0.08972 0.25332
0.59648 0.82746
0.58767 0.33582
0.39059 0.18689
0.67426 0.90193
0.54326 0.10458
0.31559 -0.00701
-0.05048 0.70887
1.01694 0.91101
0.30596 0.11540
0.97508 0.14066
0.22155 0.30172
0.86556 0.22581
0.78745 0.90535
0.81913 0.29520
0.88942 0.82142
0.73769 1.12902
0.91974 0.91268
0.98999 0.43232
0.94264 0.62474
1.11462 0.20099
0.53316 0.58821
-0.05271 0.60345
0.03867 0.36009
0.49930 0.58626
0.24860 0.38228
0.06616 0.04654
0.92887 0.21553
0.82076 0.58337
0.80050 0.93178
0.75238 0.75175
0.25591 0.10043
0.98371 0.83649
0.83641 0.12366
0.98144 0.43677
0.38964 0.70827
0.62853 0.28494
0.64746 -0.00840
0.10800 0.16645
0.49857 0.88250
0.28676 0.24900
0.43116 0.81445
0.11535 0.34498
0.53117 0.13302
0.31015 0.95537
0.41035 0.23483
0.25756 0.43192
0.09443 0.47623
0.71995 0.10570
0.89830 1.01453
0.87489 0.27379
0.84962 0.73796
0.52328 0.17622
0.94683 0.65062
0.95494 0.81801
0.83323 0.83102
0.41356 0.87553
0.71142 0.92600
0.73885 0.34356
0.48616 0.28105
0.66787 0.89220
0.26930 0.58807
0.80209 0.78573
0.53087 1.00099
0.52065 0.35721
0.52463 0.67860
0.19421 0.15487
0.37084 1.20797
0.67016 0.61991
0.80757 0.11696
0.31403 0.11852
0.25390 0.66940
0.29497 0.96175
0.11957 0.66578
0.89969 0.72547
0.82125 0.45576
0.18998 0.12831
0.39678 0.47239
0.52790 0.56213
0.69119 0.12768
0.30755 0.32549
0.79335 0.09964
0.34938 0.93720
0.47272 0.05407
0.62054 0.99081
0.16751 0.95899
0.62821 -0.09922
0.18549 0.74760
0.64148 0.78148
0.84132 0.84517
0.73727 0.91237
0.36851 0.36314
0.63946 -0.01843
0.00004 0.40017
0.82688 1.08350
0.75739 0.43140
0.82915 0.38029
0.73264 0.77075
0.38997 0.85131
0.38162 0.19747
0.16788 0.39184
0.86386 0.62757
0.52786 0.96304
0.16066 0.20093
0.24277 1.01416
0.94640 0.68722
0.54977 0.70410
0.40221 -0.06814
0.42930 0.32825
0.66962 0.17590
0.49891 0.55197
0.68279 0.44011
1.02608 0.62963
0.89989 0.96707
0.66020 0.13008
0.98707 0.65725
0.35106 0.87393
0.29815 0.16560
0.17483 0.34332
0.42680 -0.04001
0.65855 0.90670
0.30795 1.05277
0.08788 0.41922
0.49784 0.46347
0.82388 0.92693
0.46539 0.08975
0.39276 0.29245
0.33492 1.04657
0.85064 0.17599
0.24034 0.84503
0.73228 0.28326
1.01479 0.76807
0.85153 0.87947
0.56155 0.04539
0.67035 1.09746
1.01817 0.65761
0.90921 0.11336
1.07566 0.90651
0.87642 0.51581
0.08237 0.20915
0.94460 0.85425
0.63825 0.26056
0.84897 0.43795
0.75036 0.74987
0.13510 0.17211
0.74408 0.98238
0.21706 0.41283
0.94873 0.83065
0.92964 0.86528
0.16514 0.23273
0.92637 0.96153
0.51300 0.85025
-0.00992 0.37773
0.23813 0.16692
1.02896 0.78114
0.87313 0.90461
0.76993 0.13446
0.07025 0.51202
0.06737 0.71392
0.11469 0.51242
0.25818 0.30991
0.75947 0.78238
0.35983 0.08156
0.25132 0.35980
0.38998 0.21365
0.62007 0.89686
0.60478 -0.00351
0.94073 0.70196
0.82986 0.48900
0.36038 0.28547
0.38127 0.41343
1.08097 0.31671
0.62535 0.33921
0.12157 0.88677
0.42232 0.27071
0.37191 0.79895
0.48012 -0.01441
0.51950 -0.04979
1.06081 0.66493
0.10677 0.65303
0.72370 0.78059
0.08516 0.11753
0.68909 -0.12456
0.98242 0.77281
1.08442 1.01111
0.28714 0.04034
0.72350 0.29987
0.51226 0.78618
0.51310 0.09213
0.50539 0.84969
0.53930 0.05506
0.62171 0.46260
0.85742 0.63580
0.09201 0.42817
0.47767 0.82124
0.81436 0.40202
0.96088 0.97914
0.44027 0.76744
0.66181 0.92860
0.84034 0.90699
0.53357 0.02915
0.14327 0.93292
0.23894 0.28827
0.84101 1.07070
0.78769 0.83212
0.80703 0.24194
0.95621 0.34126
0.66978 0.85498
0.81231 0.19306
0.31132 0.05354
0.43638 0.98633
0.96904 0.76346
0.70113 0.10465
0.28793 0.35210
0.29798 0.49960
0.95296 0.35654
0.35578 -0.06665
0.91473 0.73604
0.05260 0.56512
0.07437 0.21060
0.46661 0.31273
0.21467 0.21357
0.33084 0.84673
0.91254 0.55769
1.09976 0.05023
0.30638 0.82209
0.23505 0.96753
0.23001 1.02954
0.83732 0.63491
0.83927 0.55886
0.85603 0.61089
-0.01875 0.56331
0.79311 0.26024
0.04259 0.93687
0.49320 0.14921
0.00479 0.26601
0.11901 0.21736
0.19417 0.17252
-0.00641 0.53788
0.46792 0.96992
0.26019 1.01415
0.20992 0.84232
0.86212 0.42062
0.18151 0.51552
0.37677 0.69310
0.07254 0.20974
0.11637 0.29531
0.84398 0.19856
0.79061 0.28096
0.48540 0.71654
0.24690 0.30948
0.16836 0.28466
0.16772 0.14114
0.40031 -0.03048
0.35886 0.09925
0.90525 0.58836
0.51104 0.25312
0.75965 0.94702
0.18632 0.86780
0.48537 0.11352
0.71171 0.10442
0.33450 0.95148
0.32310 0.97359
0.05473 0.53100
0.30062 0.82156
0.88551 1.14544
1.04242 0.19234
0.40719 1.13884
0.18546 0.44518
0.47779 0.93200
0.38652 -0.02766
1.06807 0.28880
0.18581 0.20373
0.30266 0.88909
0.61739 -0.00061
0.22778 0.79982
0.64387 -0.07711
0.14362 0.15563
0.67215 0.10044
0.34363 0.26547
0.93396 0.47731
0.71640 0.60520
0.80799 1.17258
0.16146 0.40699
0.77978 0.97006
0.13253 0.01720
0.17599 -0.03717
0.99075 0.20518
0.72839 0.00521
0.33605 0.95522
0.65900 0.26314
0.47970 0.22068
0.58898 -0.08537
0.66267 0.90487
0.97652 0.18371
0.13330 0.17559
0.18681 0.20921
0.46229 0.83634
0.28929 0.67671
0.61619 0.30743
0.84329 -0.02572
0.69778 0.92087
0.27891 0.56556
0.78314 0.21919
0.42568 0.46821
0.16372 0.26460
0.87805 0.31895
0.91723 0.80986
0.28299 0.21738
0.63072 0.81391
0.24691 0.12098
0.32290 0.29579
0.31396 0.52344
0.80737 0.82411
0.15426 0.97699
0.15019 0.12569
0.36897 0.82497
0.41285 0.84652
0.88735 0.62224
0.85375 0.94707
0.24249 0.95775
0.29752 0.45309
0.72307 0.72244
0.20688 0.32126
0.91343 0.76621
0.41690 0.28536
0.87409 0.24148
0.39268 0.33291
0.48524 0.31549
0.67518 0.62272
0.41678 0.37645
0.15028 0.55897
0.77231 0.60917
0.03194 0.77389
0.04178 0.47648
0.73323 0.18787
0.74353 -0.08051
0.23096 0.22992
0.20798 0.83575
0.31131 -0.01401
0.44112 0.24276
0.67080 0.25059
0.83148 0.41379
0.10099 0.45211
0.44549 1.02024
0.59927 0.08839
0.08251 0.29038
0.69273 0.24159
0.76935 0.29629
-0.03150 0.59942
0.01626 0.31825
0.83913 0.83504
0.78889 0.36545
0.04501 0.65721
0.83948 0.54233
0.52865 0.84818
0.13284 0.86395
0.20422 0.68402
1.01670 0.53859
0.02247 0.51277
0.78990 0.95828
0.65766 1.01285
0.87481 0.50305
0.07703 0.64549
0.25815 0.99883
0.72025 0.42189
0.14972 0.98620
0.17843 0.32143
0.60704 0.48353
0.18288 0.32286
-0.01365 0.52673
0.44718 0.43258
0.84898 0.94744
0.19004 0.10443
0.71150 0.47588
0.65386 0.21758
0.76217 -0.03806
0.83072 0.21267
0.10538 0.82876
0.10599 0.30668
0.72809 0.36306
0.56733 0.36723
0.29627 0.52210
0.66607 0.92216
1.00699 0.94026
0.18325 0.14634
0.46948 -0.02069
0.26919 1.05115
0.29667 0.29464
0.11557 0.62052
0.34448 0.39634
0.80092 0.11159
0.66861 0.17848
0.92040 0.26876
-0.05997 0.27585
0.51537 -0.11744
0.33633 0.71904
0.58661 0.05589
0.03556 0.56750
0.06216 0.11655
0.97106 0.55362
0.36414 1.01942
0.28218 0.34980
0.26680 0.09565
0.16699 0.92884
0.07083 0.50217
0.66419 1.01045
0.55671 0.11906
0.93212 0.80150
1.00126 0.50341
1.00047 0.89494
0.77127 0.47445
0.18247 0.35343
0.45312 0.32100
0.45296 0.86382
0.35230 0.87321
0.14645 0.39230
0.75746 0.23352
0.80059 0.94430
0.52940 0.72334
0.85384 0.16961
0.34591 0.53088
1.05227 0.21605
0.98981 0.42907
0.75168 0.94812
0.65193 0.27913
0.88619 0.48933
0.06753 1.05152
0.12789 0.86137
0.17548 0.47457
0.39066 0.34209
0.23098 0.32276
0.84584 0.25695
0.14294 0.00290
0.68942 -0.18336
-0.01642 0.33851
0.44678 0.78974
0.12590 0.34769
0.19405 0.18616
0.29743 0.59036
-0.01924 0.45310
0.35865 0.19064
0.36349 0.26032
0.97012 0.90659
0.05423 0.81544
0.28601 0.91144
0.98266 0.33717
0.44466 0.39015
0.76457 0.89078
0.83408 0.20984
0.72699 0.81748
1.04256 0.87461
0.49694 -0.08284
0.27804 0.93693
0.43275 1.09117
0.45244 0.30457
0.25527 0.50093
0.80753 1.02608
1.02590 0.22950
0.23794 0.27934
1.15817 1.01739
0.88393 0.97958
0.93934 0.97035
0.84936 0.05951
0.83186 0.77970
0.22516 0.13970
0.13918 0.98764
0.75282 0.46539
0.35430 0.13522
0.53651 0.28615
0.67206 0.91471
0.53276 0.70086
0.27018 0.02738
0.55373 0.39878
0.33694 0.28190
0.16860 0.59823
0.74804 0.86578
0.67199 0.72501
0.82786 0.82953
0.59630 0.16171
0.91545 1.02338
0.68597 0.22486
0.91868 0.77538
0.08474 0.24324
-0.10598 0.70666
0.52129 0.34048
0.22616 0.22729
0.28897 0.21804
0.76671 0.80283
0.67031 0.36686
0.69187 1.06264
0.31638 0.35370
0.62324 -0.00700
0.53648 0.57802
0.42608 0.79118
0.63487 0.40561
0.79905 0.91328
0.77503 0.43890
0.56816 0.88730
0.72855 0.70879
0.16752 0.56158
0.57539 0.66938
0.88808 0.27804
0.55093 0.83634
0.43451 0.15104
0.42697 0.85250
1.11987 0.76704
0.57984 0.45777
0.39201 0.33149
0.23809 0.25847
0.56956 0.91313
0.29601 0.98853
1.05703 0.60518
0.89583 0.65118
0.94284 0.68338
-0.01175 0.39730
0.46301 0.10298
0.89387 0.19216
0.88490 1.01714
0.75774 0.54505
0.55628 1.00651
0.16502 0.21215
0.24471 0.29370
0.87263 0.47133
0.98573 0.63224
0.12720 0.25210
0.96598 0.36140
0.10240 0.90824
0.80972 0.16016
0.80733 0.09708
0.06414 0.48659
0.10389 0.32781
0.39197 0.98669
0.57003 0.04817
0.83808 0.61177
0.86602 0.32655
0.07154 0.23133
0.86107 0.51494
0.92304 0.69142
0.69836 0.21662
0.18807 0.59439
0.88138 0.32161
0.92564 0.81801
0.35647 0.42330
0.99264 0.39392
0.65525 0.82542
0.79782 0.96497
0.13047 0.46621
0.39813 0.27148
0.00252 0.45560
0.83921 0.32982
0.35568 0.87980
0.73590 0.88601
0.87459 0.67282
0.99334 0.42611
1.04198 0.38085
0.16184 0.35762
0.05667 0.73999
0.80745 0.50867
0.45049 0.78446
0.84068 0.26091
0.01621 0.44040
1.10233 0.71383
0.66635 0.16685
0.87785 0.78994
0.33128 0.01919
0.68613 0.59149
0.13142 0.39519
0.41457 0.25535
0.33340 0.21037
0.58473 0.05189
0.51194 0.16220
0.42031 0.81950
0.78941 0.70095
0.64902 0.45914
0.15912 0.44298
0.88151 0.18914
0.52543 0.01005
0.42286 0.81899
0.61953 0.95078
0.30182 0.68750
0.18320 0.54781
0.08146 0.90174
0.65772 0.12148
0.56817 0.89184
0.99822 0.53071
0.76031 0.81067
0.83094 0.78552
0.82012 0.14202
0.67768 0.73378
0.63435 0.42952
0.18087 0.62733
0.17843 0.88198
0.19763 0.95317
0.94163 0.77810
0.46207 0.25036
0.47609 0.17488
0.68709 0.43838
0.06798 0.56336
0.80950 0.72439
0.23055 0.88000
0.49484 1.05263
0.32998 0.31317
0.27598 0.47577
0.90531 0.37496
0.87805 0.01761
0.21976 0.09162
0.92190 0.98200
0.11927 0.53636
0.62144 0.20949
0.70289 0.12039
0.07432 0.96032
0.90732 0.62148
0.83163 0.95120
1.03686 0.21488
0.81877 0.74833
0.81650 0.40413
0.56955 0.02225
0.77150 0.25955
0.53936 0.50275
0.41931 0.13713
0.65890 0.04513
0.48906 0.40443
0.90181 0.40811
-0.02153 0.52616
0.70772 0.96198
0.37449 0.13782
0.38152 1.04655
1.02911 0.10682
0.56755 0.28134
0.24015 1.05445
0.50952 0.08830
0.78324 0.14879
0.70447 0.91969
0.21285 0.84540
0.44785 0.95611
0.65787 0.51812
0.49105 1.00743
0.61077 0.47510
0.18680 0.42609
0.47755 0.31963
0.00638 0.73235
0.66061 0.28242
0.29054 0.32541
0.26849 0.88078
0.29183 0.11723
0.80145 0.50605
-0.05590 0.63232
0.92291 0.68973
0.86849 0.84731
0.88872 0.97698
0.54761 0.24891
0.54059 0.21276
0.43035 0.94061
0.58243 0.42729
0.40416 0.19710
0.76993 0.74724
0.87161 0.07074
0.42510 0.81359
0.17464 0.13621
0.17576 0.79302
0.92958 0.28747
0.24740 0.38168
0.69251 0.94526
0.91704 1.12558
-0.06709 0.41628
0.92772 0.85650
0.35256 0.27369
0.09171 0.32911
0.83027 1.01416
0.21059 0.12637
0.84911 0.37571
0.62984 0.07349
0.67341 0.15359
0.79127 0.94672
0.65337 0.28321
0.50564 -0.05399
0.33488 0.17414
0.74955 0.36629
0.10221 -0.00357
1.01546 0.77781
0.57973 0.06385
0.34603 0.81257
0.46231 1.06043
0.99952 0.10235
0.32850 0.32444
0.85984 0.88307
0.16428 0.43148
0.72718 0.78668
0.53029 0.23347
0.70952 0.56697
0.70226 0.19431
0.44200 0.72437
0.70233 0.29255
0.71041 0.22796
0.72619 0.88913
0.77799 0.03781
0.36410 0.70237
0.63670 0.04709
0.76179 0.17350
0.49005 0.83376
0.22546 0.90152
0.84760 0.44003
0.37173 0.23078
0.31653 0.07300
0.89789 0.33089
0.76223 0.96863
0.28472 0.32967
0.58439 0.56274
1.05589 0.93929
0.42569 0.34567
0.47048 0.93005
0.10962 0.48293
0.26856 0.25423
0.92062 0.23874
0.32459 0.31532
0.50589 1.03519
0.49820 0.26517
0.50622 0.44526
0.12735 0.64173
-0.03398 0.44021
0.58754 0.70545
0.22291 0.36907
0.85216 0.35056
0.34384 0.74940
0.74464 0.95436
0.28799 0.51557
0.54778 0.66414
0.09954 0.49176
0.89092 0.17201
0.62940 0.55160
0.50347 0.71125
0.18927 0.25454
0.82953 0.11701
0.22287 0.10572
0.42329 0.67398
0.55240 1.12097
0.31493 0.26633
0.62547 0.19303
0.50705 0.42970
0.73013 0.48315
0.89009 0.01680
0.80646 0.71103
0.28923 0.87157
0.44908 1.06044
0.22617 0.88957
0.48364 0.27540
0.94088 0.97605
0.20958 0.19454
0.01308 0.53219
0.35120 0.21692
0.13293 0.45536
0.51222 0.57581
0.10362 0.78256
0.82641 0.12576
0.46582 0.27074
-0.05717 0.32337
0.44876 0.80794
0.70687 0.22132
0.23862 0.20187
0.66186 0.26687
0.62198 0.98605
0.76573 0.07191
0.35586 0.31566
0.81945 0.93088
0.55532 0.82740
0.83157 0.06216
0.48409 0.83514
0.44740 0.80005
0.20989 0.25666
0.44537 0.89813
0.65022 0.60259
0.17346 0.45200
0.16959 0.17188
0.31952 0.09429
0.20181 0.21886
0.53372 0.82556
0.35347 0.77473
0.00192 0.59048
0.07675 0.31736
0.16212 0.86058
0.61434 0.20355
-0.11990 0.57124
0.32832 0.04723
0.26335 -0.04695
0.35603 -0.04016
0.76329 0.12880
0.49442 0.31133
0.47977 0.13741
0.07512 0.40192
0.72515 0.29753
0.82852 0.15509
0.67199 0.91425
0.22068 0.33689
0.44051 0.77372
0.48032 1.08774
0.83184 0.20556
0.81067 0.85600
0.21134 0.31393
0.28404 0.27111
0.78105 0.80276
0.40125 0.16088
0.76237 0.34348
0.38059 0.91434
0.82761 0.20866
0.67512 0.74303
0.03749 0.46204
0.56890 0.93260
1.07830 0.44422
0.66905 0.89499
0.03935 0.18047
0.87563 0.22845
0.59141 0.00867
0.31145 0.90626
0.38703 0.01258
0.18535 0.14393
0.22280 0.71425
0.79040 0.12055
0.03085 0.54860
0.84179 0.25138
0.40804 0.16769
0.75289 0.05324
0.50687 0.22539
0.31115 0.92547
0.22586 0.54796
0.34895 0.47442
0.67400 0.08076
0.63043 1.08421
0.06391 0.49148
0.46335 0.66222
0.29215 0.28561
0.75155 0.60202
0.51292 0.44927
0.47672 0.07496
0.45072 0.21492
1.09502 0.02983
0.36321 0.96841
0.63951 0.36253
0.10161 0.23155
0.36240 0.48442
0.73094 0.24933
0.25479 0.51239
0.55080 0.53257
0.31601 0.14331
0.08709 0.01156
0.19170 0.91808
0.69241 0.15058
0.63808 0.70442
0.33049 0.85072
0.88601 0.64046
0.80352 1.00109
0.40247 0.32606
0.87648 0.19332
0.31606 0.31541
0.06403 0.48099
0.83694 1.03577
0.59564 0.08553
0.23556 0.23484
0.75288 0.93085
0.71962 -0.05313
0.40561 0.90745
0.31660 0.09488
0.71099 0.95769
0.45960 0.06486
0.76848 0.50236
0.65172 0.85176
1.03897 0.84056
0.19390 0.31498
0.36452 0.92528
0.19817 0.21958
0.20546 0.52806
0.01773 0.44130
0.59845 0.90238
0.75853 0.40894
0.11454 0.41625
0.62338 0.85891
0.31413 0.48035
0.26432 0.36484
0.82087 0.20928
0.00106 0.55655
0.71171 0.42398
0.69279 0.25069
0.48033 0.04750
0.22789 0.41806
-0.06058 0.56415
0.48291 0.33040
0.43501 1.10088
0.37818 0.14755
0.44898 0.66677
0.68793 0.76883
0.17927 1.00311
0.87037 0.00409
0.05185 0.45351
0.97744 0.20911
0.68235 0.92145
0.34132 0.19762
0.66799 0.24599
0.02747 0.12596
0.48336 0.87096
0.67271 0.84068
0.24189 0.10868
1.03598 0.54503
0.60902 0.60155
0.33002 0.94928
0.63741 0.75581
0.28277 0.18715
0.40981 0.16458
0.31541 0.41860
0.87942 0.40800
0.34950 1.04134
0.13613 0.23698
0.86150 0.08825
0.83896 0.91590
0.64103 0.48047
0.12383 0.67616
0.87192 0.50574
0.81818 0.95660
0.78325 1.07277
0.50765 0.23005
0.19145 0.60724
0.30307 0.25115
0.86945 0.67170
0.79774 0.10237
0.86920 0.52843
0.81723 -0.05273
0.41202 0.14957
0.90342 1.03454
0.84693 0.27078
0.52017 0.76663
0.68282 0.26037
0.09302 0.32864
0.10578 0.56865
0.62566 0.32326
0.83461 0.86399
0.44464 0.22287
0.43125 -0.04519
0.52803 0.01726
0.21895 0.53039
0.74367 0.09717
0.47642 0.99017
0.25088 0.52579
0.27881 0.39279
0.35449 0.17146
0.36596 1.00804
0.19350 0.51175
0.83642 0.85169
0.65301 0.04987
0.21963 0.42581
0.69076 0.67562
0.70850 0.99735
0.16982 0.25577
0.25188 0.14089
0.54322 0.29211
0.89723 0.95635
0.68028 0.01889
0.74840 0.43843
0.69609 0.79389
0.04599 0.14719
0.68069 0.85485
0.61337 -0.09329
0.06239 0.89395
0.74721 0.95438
0.85249 0.64266
0.05227 0.64909
0.61640 0.53041
0.13437 0.36207
0.75990 0.50404
0.61756 -0.00597
0.03663 0.56561
0.74206 0.94348
0.50569 0.64750
0.79535 0.23618
0.02677 0.36634
0.25839 0.11439
0.46664 0.91054
0.08402 0.44063
0.08930 0.25237
-0.08423 0.51757
0.84082 0.91003
0.35458 0.78270
0.94565 1.05469
0.48863 0.12039
0.85626 0.19346
0.26833 0.41324
0.35060 0.49743
0.72518 0.39854
0.40741 -0.15120
0.78177 1.05656
0.53639 0.51874
1.07751 0.22793
0.80768 1.06502
0.79881 0.82226
0.79641 0.47737
0.21997 0.48202
0.03307 0.45844
0.20617 0.88310
0.31863 0.77273
-0.08376 0.51612
-0.03566 0.64993
0.98237 0.82105
0.83231 0.87715
0.27066 0.94964
0.02160 0.39744
0.68061 0.89308
0.26309 0.47437
0.38024 0.86599
0.13208 0.17049
0.09479 0.15098
0.95629 0.51474
0.88657 0.18072
-0.02416 0.70114
0.77752 0.25479
0.27855 0.14440
0.06147 0.46537
0.71178 0.17721
0.45992 0.56879
0.92410 1.02224
-0.03799 0.40913
0.05925 0.34552
0.70856 0.25518
1.03816 0.58653
0.66369 0.93944
0.04100 0.47651
0.51357 -0.03616
0.81662 0.90140
0.43158 0.13431
0.33503 0.99265
0.25748 0.88709
0.78245 0.92258
0.09769 0.15916
0.25969 1.09464
0.81644 0.01610
0.89824 0.70784
0.73349 0.29699
0.65753 0.15131
0.40586 0.13008
0.81455 0.49987
0.90273 0.94405
0.63688 0.22379
1.06430 0.95831
0.73209 0.31523
0.74170 0.83041
0.43591 0.10368
0.59621 0.13300
0.58037 0.18497
0.05112 0.25391
0.33891 0.89645
0.53284 0.35903
-0.02215 0.40768
0.87467 0.78005
0.19008 0.38319
0.99555 0.63742
0.67612 0.03513
0.45114 0.15204
0.41150 0.55308
0.59706 0.85678
0.35183 0.41149
0.71565 0.80331
0.36395 0.07985
0.27475 0.23896
0.08146 0.32325
0.97179 0.47452
0.49783 0.45699
0.74290 0.03422
0.77652 0.20379
0.14382 0.61580
0.43104 -0.02105
0.48061 0.11221
0.92725 0.75482
0.38739 0.81568
0.77450 0.81050
0.38343 0.22047
0.26615 0.92196
0.61394 0.83245
0.61372 -0.00340
0.82805 0.54738
0.31930 0.17591
0.95494 0.24660
0.71289 0.33615
0.08078 0.51856
0.81479 0.02433
0.69405 0.41554
0.11561 0.24050
1.03342 0.39910
0.02141 0.24507
0.22325 0.16436
0.42888 0.98684
0.54401 0.01225
0.88771 0.05778
0.36057 0.97791
0.91621 0.95486
0.97415 0.25982
0.73900 0.51090
0.27740 0.43290
0.82418 0.96591
0.21749 0.34490
0.92420 0.23965
0.62562 0.69448
0.86801 0.55138
0.10434 0.25729
0.12174 0.31910
1.00430 0.99950
0.90654 0.72910
0.18462 0.85366
0.81679 0.08710
0.14126 0.38787
0.31775 0.42651
0.57159 0.76721
0.19519 0.28197
0.91168 0.07479
0.96730 0.12843
0.33748 0.41807
0.01294 0.33246
0.71039 0.79577
0.78214 0.41350
0.50602 0.93627
0.92709 0.38531
0.39982 0.17242
0.88140 1.04358
0.78210 0.61053
0.69324 0.25555
0.00550 0.76791
0.86590 0.98485
0.54868 0.90922
0.89753 0.93630
0.60917 0.09806
0.16046 0.37556
0.72409 0.92949
0.80359 0.46082
0.74400 0.26908
0.84082 0.54847
0.76278 0.85762
0.13258 0.42071
0.18084 0.26187
0.91567 0.94578
0.73349 0.33523
0.90995 0.13848
0.93995 0.27799
0.30971 0.90056
-0.00490 0.57775
0.93052 0.60686
0.54640 0.62786
0.72315 0.82277
0.55132 0.09184
0.21190 0.30769
0.38528 0.91923
0.04377 1.01503
0.68864 1.03893
0.40527 0.84054
0.25995 1.13512
-0.04159 0.37348
0.06975 0.58023
0.17366 0.56072
0.72888 0.03963
0.86030 0.40378
0.94162 1.00441
0.77130 1.02109
-0.06826 0.44483
0.64449 0.01673
0.51831 0.55184
0.85614 0.23446
0.65171 0.03382
0.30236 0.11554
0.19911 0.49867
0.88763 0.12789
0.67925 0.81308
0.98862 0.98861
0.15822 0.24722
0.90447 0.27469
0.78017 1.01072
0.15359 0.38106
0.83234 0.86442
0.35756 0.93706
0.51684 0.21222
0.33466 0.32080
0.03060 0.37882
0.02588 0.44128
0.02157 0.35841
0.14974 0.73838
-0.05573 0.50919
0.80303 1.04064
0.59365 0.91884
0.18672 0.23280
0.60104 0.01752
0.32851 0.85211
0.55405 0.27853
0.00124 0.10953
0.30286 0.80061
0.66871 0.10189
0.09854 0.42395
0.32072 0.70894
0.59924 0.04561
0.88202 0.08736
0.88602 0.72099
0.79953 0.58083
0.89005 0.25788
0.95605 0.59635
0.75645 0.99302
0.70715 0.52048
0.77001 0.95425
1.02305 0.14806
0.23936 1.13067
0.81862 0.96797
1.10941 0.46091
0.61025 0.95565
0.34160 1.02333
0.78326 0.74618
0.92555 0.30017
1.04202 0.12358
0.70823 0.56204
-0.00982 0.61501
0.59110 1.02172
1.01798 1.07641
0.99139 0.35358
0.24537 0.34970
0.56900 0.74556
0.05816 0.43747
0.12621 0.21413
0.46815 0.98840
0.78996 0.68792
0.07006 0.42601
0.86102 0.39593
0.14533 -0.05223
0.54111 0.03709
0.89270 0.20918
0.91358 0.81261
0.64698 0.22804
0.94108 0.91225
0.19824 0.63407
0.53023 0.95999
0.11803 0.54345
0.02690 0.00224
0.55957 -0.07325
0.76835 0.80166
-0.10893 0.28019
0.41944 1.00896
0.47024 0.93590
0.24962 0.17996
-0.03478 0.47065
0.80771 1.05537
0.48317 0.17214
0.65440 0.53724
0.15927 0.70226
0.34915 0.87390
0.86706 0.15062
0.37195 0.38623
0.06461 0.51417
0.15446 0.37372
-0.01179 0.09731
0.72887 1.03858
0.44699 0.18956
0.41535 0.29935
0.06500 0.09415
0.46766 0.22025
0.67557 0.17557
0.72330 0.00101
-0.02357 0.72207
0.46096 0.15399
0.92229 0.93928
0.48434 1.04549
0.50616 0.39460
0.78015 0.08511
0.79895 0.76595
0.44037 0.06661
0.33586 0.61584
0.53071 0.76143
0.34428 0.02157
0.79395 0.10172
0.87911 0.29512
0.25994 0.26291
0.75307 0.88858
0.53365 0.07639
0.38469 0.11939
0.91769 1.05691
0.77119 1.14913
-0.00086 0.77570
0.81722 0.71089
0.62701 0.68965
0.22566 0.05467
0.00237 0.62057
0.48182 0.33791
0.92648 0.12090
0.93859 0.10844
0.15291 0.20975
0.32309 0.82986
0.78787 0.92272
0.42181 0.04000
0.34012 0.22696
0.20638 0.88422
0.44270 0.42359
0.92574 0.80303
0.40060 0.43595
0.35876 0.20794
-0.02159 0.38563
0.62207 1.08480
0.35345 0.46135
0.75332 0.78293
0.85933 0.39432
0.83059 0.78415
0.40069 0.35633
0.39104 0.16425
0.59930 0.98318
0.19790 0.44912
0.28446 0.14007
0.70864 0.16709
0.27576 0.88784
0.47864 0.00070
0.97347 0.82222
0.96784 0.87151
0.68367 0.73706
0.81240 0.12744
0.13806 0.21532
0.16641 0.06788
0.25135 1.09754
0.70484 0.42454
0.55686 0.01095
0.48607 0.35851
0.40406 0.59999
0.56947 0.90545
0.31577 0.18254
0.02787 0.51537
0.33572 0.73080
0.12282 -0.05694
0.29619 0.92786
-0.09910 0.51968
0.67964 0.07841
0.14085 0.61318
0.74967 0.14302
0.86722 -0.05825
0.99710 0.60275
0.84369 0.66461
0.08317 0.38947
-0.02422 0.59011
0.26809 0.66928
0.50354 0.84819
0.21875 0.89967
0.63741 0.07996
0.08602 0.82217
0.51043 0.91227
0.32455 0.33333
0.21133 0.29819
0.18016 0.21598
0.66559 0.32293
0.38096 0.38428
0.40670 0.71089
0.25502 0.14256
0.14134 0.06428
0.24830 0.14083
0.61066 0.46874
0.40031 0.38558
0.65481 0.75037
0.10023 0.41569
0.73492 0.15751
0.31503 0.84825
1.10737 0.40330
0.02075 0.27714
0.90102 0.14051
-0.02900 0.51456
0.04931 0.61319
0.73785 0.42763
0.83997 0.22192
0.20576 0.24950
0.09570 0.23548
0.98848 0.79916
0.61964 0.56963
0.29566 0.84782
1.02297 0.13254
0.27312 0.16636
0.19395 0.37361
0.16249 0.34032
0.25805 1.06094
0.30748 0.24866
0.36766 0.95114
0.72416 0.17095
0.37114 0.37296
0.83021 0.85290
0.20861 0.23537
0.24402 0.88658
0.39782 0.06556
0.80807 0.39241
0.43578 0.14223
0.66452 0.71232
0.75672 1.05072
0.69446 0.24046
0.79442 0.50537
0.33351 0.10125
0.53580 0.91159
0.91426 0.82911
0.58171 0.82991
0.44089 0.08832
0.36686 0.98463
0.98120 1.01946
0.17194 0.36859
0.99516 0.84462
0.30849 1.01008
0.70491 0.86662
0.59177 0.82360
0.33825 1.01189
1.03410 0.13631
0.43113 0.15640
0.26163 0.18984
0.61249 0.86269
0.84201 0.36777
0.23999 0.28069
0.35821 0.37672
0.41098 0.50481
0.28003 -0.05454
0.62914 0.82594
0.82135 0.62059
0.10421 0.66800
0.53439 -0.00035
0.24701 0.17612
0.24862 1.04357
0.99605 0.30805
0.85816 0.00404
0.51663 0.20587
0.85042 0.64681
0.27157 0.73399
0.44219 0.96317
0.01218 0.42468
0.00644 0.50214
0.63975 0.33127
0.46708 0.56933
0.35534 0.22030
0.63627 1.00807
0.55398 0.02005
0.15499 0.16864
0.80010 0.89647
0.33731 0.95668
0.80613 0.45173
0.86303 0.61342
0.00640 0.77407
0.58736 0.33587
0.86591 0.26536
0.83860 1.12287
0.18048 0.11686
0.91532 0.87508
0.62475 0.07261
0.10893 0.36267
0.74559 0.71813
0.64537 0.33336
0.08528 0.18082
0.81753 0.35295
0.90293 0.21849
0.77035 0.82963
0.86781 0.42696
0.31853 0.24285
0.81548 0.86213
0.88614 0.94349
0.24774 0.90327
0.43117 -0.00471
0.82465 0.18327
-0.11321 0.78879
0.87489 0.89481
0.32024 0.93439
0.70637 0.86886
0.86283 -0.04097
0.22974 0.33206
-0.00550 1.04399
0.97584 0.53012
0.88338 0.98612
0.83380 0.71703
0.12205 0.47207
0.09023 0.52633
0.74228 0.88290
0.41499 -0.04292
0.54952 -0.01057
0.55866 0.99129
0.76757 0.12888
0.10935 0.45312
0.37463 0.21932
0.61926 -0.03027
0.13069 0.45299
0.56638 0.30521
0.39397 1.05289
0.49044 0.50884
0.72093 0.46845
0.70972 0.51776
0.43965 0.89600
0.03811 0.46792
0.50784 0.46053
0.40172 0.43861
0.17501 0.56858
0.47585 0.39365
0.67071 1.15179
0.90348 0.02644
0.86632 0.22719
0.14113 0.49004
0.45186 0.23129
0.83035 0.18079
1.08221 0.76098
0.50486 0.30830
0.56559 0.64678
0.91526 0.41152
0.67701 0.09558
0.94989 0.59660
0.59232 0.03625
0.20616 0.36265
0.50160 0.58743
0.19611 0.22793
0.54694 -0.03992
0.23314 0.26718
0.15039 0.86321
0.31172 0.17731
0.98151 0.49596
0.58855 0.33241
0.99759 0.80142
0.92055 0.75016
0.77713 0.71276
-0.00330 0.10851
0.36622 0.86882
0.64031 0.60166
0.35710 0.33561
0.18840 0.14710
0.90870 1.00740
0.88581 0.12719
0.27187 0.49787
-0.18563 0.53775
0.86555 0.19282
0.74598 1.04588
0.39263 0.68739
0.55125 0.48352
0.79206 1.02287
0.47705 0.43887
0.56416 0.34994
0.52016 0.39073
0.53088 0.94223
0.96556 0.96480
0.67129 0.90998
0.54947 0.29619
0.34439 0.31937
0.81866 1.11112
0.45136 0.80930
0.05690 0.65107
0.57986 0.10413
0.98923 0.98559
0.51487 0.07147
0.11116 0.23240
0.10294 0.00402
0.85499 0.36896
0.64875 0.72375
0.86428 0.31417
0.11056 0.60026
0.63115 0.85438
0.58365 -0.16660
0.34038 0.65774
0.22948 0.85977
0.68925 0.65120
0.28841 0.33722
0.46658 0.20945
0.82505 0.77266
0.82696 0.24530
0.40652 0.11266
0.33120 0.94130
0.64862 0.92527
0.35772 0.94129
0.24885 0.28147
0.44869 0.90608
0.09208 0.85626
0.68806 0.97573
0.75540 0.91183
0.17007 0.38233
0.56159 0.83673
0.29399 0.76223
0.31439 0.51121
0.79113 0.51147
0.18625 0.60990
1.02174 0.55440
0.07334 0.47894
0.92702 0.78943
0.29897 0.26448
0.75589 0.22651
-0.00041 0.59224
0.95203 0.47680
0.84506 0.35687
0.83531 0.16490
0.31865 0.89403
0.86844 0.68040
1.22813 0.81606
0.60445 -0.03285
0.55895 0.93543
0.60087 0.15850
0.03554 0.38680
0.53057 1.14284
0.86056 1.10618
0.05319 0.16453
0.92411 0.71177
0.95003 1.00149
1.03027 0.83073
0.08015 0.41335
0.92302 1.10390
0.59741 0.40150
0.22347 0.99549
0.16160 1.03184
0.94247 0.97234
0.73677 0.28403
0.87562 0.83828
0.97694 0.69974
0.79855 0.76171
0.21932 0.75645
0.92422 0.14780
0.83077 0.15339
0.82886 0.21082
0.48686 0.44017
0.42239 0.96816
0.48270 -0.04017
0.69276 0.14349
0.46180 1.02943
0.88610 1.02208
0.65733 0.79855
0.23357 0.99255
-0.06108 0.41594
0.50941 0.37705
0.53292 0.15834
0.81915 0.22915
0.21308 0.17719
0.45906 0.39809
0.80041 0.35571
1.19559 0.92080
0.76359 0.28530
0.65319 0.67253
0.59803 0.53060
-0.02375 0.30441
0.88981 0.85089
0.53055 0.27386
0.71193 0.29565
0.96602 0.05447
-0.05421 0.35511
0.54831 0.90345
0.30407 0.67477
0.43232 0.77793
0.26643 0.31433
0.14208 0.36889
0.59865 0.53195
0.79356 0.98809
0.25523 0.57959
0.35864 0.42013
0.16952 0.99334
0.26437 0.17583
0.56484 0.00341
0.85230 0.10675
0.13275 0.17363
0.82410 0.07465
0.50092 0.85826
0.93582 0.47215
1.00539 0.25509
0.71088 0.58932
0.46060 1.03368
0.52263 0.03596
0.25563 0.13304
0.78872 1.01959
0.15337 0.59442
0.26916 0.99375
0.40293 -0.01068
0.23613 0.15939
0.26101 0.28893
0.47992 0.03576
0.26701 0.35601
-0.05191 0.64321
0.36814 0.66021
0.77610 -0.04042
0.04920 0.38042
0.30923 0.71452
0.74675 0.27496
1.03200 0.58499
0.83777 0.96201
0.85017 0.28729
0.83664 0.82452
0.08257 0.34797
0.27796 0.82784
0.76141 0.90647
0.53144 0.70593
0.79977 0.90042
-0.10600 0.64721
0.20396 0.39013
0.32001 0.40271
0.80584 0.06606
0.92219 0.75881
0.00503 0.65430
0.77746 0.33306
0.03524 0.03250
0.25805 0.33978
0.86064 0.59709
0.21640 0.14644
0.33003 0.14524
0.99303 0.88526
0.62428 0.29822
0.35691 0.82867
0.15204 0.29961
0.70476 0.97455
0.87287 0.24890
0.01370 0.50140
0.36148 0.45345
0.88167 0.71467
0.76032 0.52140
0.22609 0.88587
0.83925 0.80411
0.22931 0.62423
0.48810 0.58551
0.49649 0.79725
0.91735 0.39039
-0.08946 0.48014
0.68955 0.20708
0.92632 0.14553
0.70429 0.28477
0.45725 0.49329
0.24866 0.43044
0.21074 0.03534
0.49552 1.08888
0.76226 0.77078
0.97264 0.96516
0.18913 0.26350
0.90252 0.31195
0.78227 0.64319
0.41848 0.23552
0.53306 0.14655
0.77492 0.84932
0.22147 0.95414
0.20836 0.34024
0.09230 0.26826
0.05183 0.33000
0.47052 0.72052
0.59444 -0.00715
0.20563 0.50653
1.18273 1.04898
0.92167 0.20692
0.23002 0.10339
0.82069 0.22912
0.81940 0.30287
0.30094 0.89224
0.19660 0.47994
0.91162 0.80384
0.72019 0.74125
0.68707 0.83362
0.34586 0.57275
0.68623 0.87066
0.87351 0.58621
0.43506 0.69005
0.76791 0.21753
0.41895 0.39056
0.84576 0.86513
0.48726 -0.08908
0.21280 0.22415
0.94844 0.92190
0.84576 0.80896
0.86343 0.43948
0.90979 0.19817
0.92630 0.43949
0.13338 0.64748
0.77339 1.06362
-0.10551 0.57177
0.71958 0.19931
0.74427 0.47963
0.34384 0.42608
0.15163 0.07449
0.24828 -0.09646
0.06966 0.57331
0.33775 0.60920
0.30904 0.34911
0.78291 0.77966
0.06517 0.53692
0.58404 0.47377
0.25839 0.57273
0.94540 0.27208
0.53991 0.04005
0.24435 1.05579
0.33238 1.00081
0.70252 0.24617
0.13347 0.16721
0.50713 0.80095
0.65722 0.77796
0.47002 0.80865
-0.04171 0.40647
0.63003 0.19183
0.62535 0.74905
-0.01852 0.73609
0.77600 0.41953
0.37835 0.75587
0.74303 0.85596
0.65585 0.25697
0.13198 0.19745
0.17859 0.48858
0.57062 0.16635
0.94847 0.92206
0.28241 0.55454
-0.12284 0.82014
0.17670 0.58567
-0.01224 0.65350
0.44305 0.24230
0.60620 1.01688
0.37240 0.91925
0.08605 0.61503
0.65826 0.61771
1.03376 0.36314
0.66924 0.16647
0.34531 1.01219
0.69049 0.06585
0.91388 0.92145
0.75483 1.08063
0.67948 0.12268
0.07471 0.18749
0.53073 0.59442
0.05006 0.23841
0.29744 0.24421
0.68711 0.52654
0.60662 0.82317
0.50874 0.24054
0.63830 0.71350
0.36566 -0.06108
0.31620 0.87131
1.04384 0.20452
0.96712 0.60042
0.77104 0.05413
0.67766 1.05946
0.69221 0.34515
0.16141 0.51621
0.71246 0.24111
0.79219 0.65338
0.91492 0.27156
0.73298 0.90235
0.68054 0.65760
0.74681 0.32653
0.46358 0.03704
0.88940 1.00203
0.48828 0.34973
0.64003 0.27593
0.19456 0.26121
0.00900 0.64613
0.13577 0.29776
0.33341 0.88015
0.69431 -0.09325
0.77709 0.12367
-0.00623 0.68999
0.57504 0.36250
0.23866 0.26586
0.74504 0.32523
0.24813 0.47526
0.25341 0.39312
0.78688 0.75545
0.55164 0.29526
0.13994 0.40686
0.13624 0.14858
0.35734 0.91806
0.64603 0.03941
0.79784 0.86104
0.36815 0.29419
1.01864 1.08593
0.87886 0.84029
0.93220 0.35104
0.36701 0.23129
0.68272 0.47841
0.28528 0.17756
0.40844 0.19444
0.22365 0.82094
0.53116 0.85783
0.40378 0.48532
-0.01350 0.55218
0.57307 0.24777
0.58478 0.08765
0.27871 0.91041
0.89082 0.31196
0.01675 0.35852
0.78718 0.58163
0.69909 0.80935
0.16244 0.39199
0.76555 0.80547
0.09911 0.29238
0.22485 0.83299
0.79768 0.56199
0.12349 0.55665
0.15608 0.69728
0.22969 0.44780
0.59459 0.13382
0.58274 0.30871
1.03386 0.89270
0.12609 0.28187
0.29074 0.87946
0.94368 0.42266
0.79506 0.89679
0.39056 0.87695
0.16245 0.74568
0.31108 0.18208
0.87025 1.09451
0.62247 0.17936
0.01770 0.51185
0.40010 0.42477
0.60173 0.26179
0.38375 0.43083
-0.01365 0.62258
-0.08630 0.77358
0.58377 0.77753
0.77875 1.01642
0.27138 0.36647
0.83851 0.29668
0.58699 1.21733
0.56273 -0.20236
0.57965 0.80479
0.47012 0.51902
0.08198 0.78975
0.65222 0.87851
-0.11684 0.73800
0.05535 0.56788
0.87001 0.90588
0.64515 0.23069
0.78186 0.92253
0.28179 0.32566
0.81847 1.07065
0.25758 0.92531
0.15362 0.26835
0.73182 0.58078
0.75788 1.03925
0.91838 0.77781
0.41802 0.44420
0.38233 0.74690
0.55899 0.92878
1.05495 0.06096
0.07596 0.18342
0.94473 0.69624
0.13892 0.48949
0.55371 0.28826
0.39407 0.30098
0.35456 0.29904
0.77221 0.22657
0.54760 0.63484
1.02763 0.81329
0.03851 0.57214
0.74398 0.31311
0.17256 0.36322
0.77913 0.04549
0.63122 0.09181
0.57100 1.23876
0.73517 0.43863
0.63271 0.78162
0.80285 0.05147
0.30892 0.16567
0.67969 0.30752
0.48946 0.16000
0.88927 0.96071
0.67909 0.01264
0.16217 0.58762
0.99965 0.53988
0.19333 0.78216
0.30046 0.35966
0.77002 -0.02410
0.79721 0.75771
0.48642 0.38028
0.46768 0.88941
0.95572 0.93882
0.12722 0.91483
0.38518 0.90145
0.32759 0.81999
0.75526 0.56161
0.11852 0.55311
0.54120 -0.02327
0.02892 0.17001
0.34457 0.88571
0.16449 0.44741
1.05907 0.17502
0.23557 0.81615
0.90133 0.75624
1.08250 0.83763
0.81299 0.93878
0.04857 0.41753
0.72712 0.13505
0.86796 0.88287
0.85802 0.41113
0.77730 0.82472
0.10190 0.78151
-0.05279 0.73593
0.15946 0.11708
0.52574 0.81748
0.97969 0.65519
0.48745 0.42099
0.95906 0.93610
0.52849 0.88269
0.97810 0.23590
0.64073 0.83489
0.64646 0.12041
0.45652 0.77586
0.39413 0.40549
0.69065 0.22877
0.29355 0.42242
0.50983 0.19202
0.47920 0.77005
0.31114 0.17928
0.33643 0.05403
0.75074 0.46635
0.76866 0.91790
0.59184 0.63527
-0.00349 0.54392
0.75696 0.99298
0.13812 0.34420
1.04822 0.11127
0.34827 0.78274
0.80751 0.37586
0.51006 0.66961
0.95147 0.27050
0.87955 0.22340
0.65214 0.85734
0.21420 0.54215
0.64637 -0.07501
0.49943 0.69878
0.80698 0.04281
0.51662 -0.01083
0.98073 0.46844
0.70266 0.29642
0.68345 0.05948
0.58705 0.05631
0.48443 0.87987
0.74117 0.38491
1.01585 0.73249
0.01662 0.86808
0.89075 0.27045
0.58668 0.73630
0.75708 1.13238
0.78991 0.34838
0.73728 0.35998
0.72508 -0.06571
0.64482 0.15849
0.66728 0.33680
0.83382 0.99357
0.99211 0.83790
0.74139 0.85600
0.04532 0.34880
0.18731 0.88581
0.09617 0.26366
0.51310 0.01005
0.14530 1.02697
0.58018 0.08408
0.84180 0.22620
0.23960 0.22362
0.66729 0.88508
0.84921 0.13213
0.51231 0.88536
-0.02609 0.26888
0.21673 0.74269
0.65331 1.03754
0.90065 0.95361
0.55073 0.54514
0.39440 0.54963
0.91240 0.85226
0.14936 0.30517
0.59337 0.44283
0.32396 0.41887
0.35556 0.28749
0.68566 0.96268
0.09283 1.00301
0.56200 0.40363
0.65454 0.11746
-0.16489 0.51219
0.05576 0.52847
0.50724 0.59114
0.88633 -0.09535
0.56633 0.35131
0.38896 0.96197
0.04343 0.72177
0.89464 0.04734
0.29117 0.16211
0.83634 0.86602
0.51893 0.59571
0.67223 0.17120
0.80417 0.09500
0.53856 0.85008
0.42689 0.27602
0.14631 0.12171
0.28345 0.20204
0.73730 0.87728
0.73449 0.69387
0.62554 0.16464
0.26314 -0.05709
0.77032 0.98319
0.74375 -0.09025
0.53789 0.48833
0.43608 0.29663
0.57690 -0.07496
0.94270 1.00835
0.34493 0.77075
0.67481 1.11501
1.01035 0.76412
0.28571 0.14061
1.00577 0.90420
0.08814 0.26207
0.67025 -0.07700
0.85671 0.74635
0.71190 0.38470
0.23024 0.48873
0.40143 0.27877
0.75800 0.02747
0.08762 0.29493
0.54741 0.76774
0.70582 0.53815
1.03127 0.11752
0.73618 1.07628
0.61429 0.50278
0.43201 0.43483
0.05409 0.47535
0.63947 0.21695
-0.06169 0.64337
0.62803 0.19948
0.57629 0.62707
0.60208 0.36040
0.97372 0.77598
0.35408 -0.15462
0.56911 0.80047
0.66549 0.40282
0.43120 0.11979
0.09634 0.16187
0.60373 -0.05757
0.28835 0.86817
0.88100 0.16663
0.11823 0.26358
0.55512 0.62809
0.78736 0.05108
0.37711 0.76880
-0.01730 0.64682
0.81725 -0.08774
0.04316 0.19446
0.81239 0.31962
0.63128 0.12274
0.61245 0.33885
0.49172 0.30732
0.29293 0.31185
0.79186 0.77739
0.76575 0.71764
0.59330 0.88247
0.51671 -0.02272
0.49650 0.13453
0.66883 0.96703
0.71494 1.05662
0.85601 0.35707
0.53273 0.10334
0.24654 0.25382
0.31235 0.13925
0.69975 0.10959
0.86756 1.00152
0.88519 0.24971
0.81404 0.03035
0.49930 0.02092
0.30663 0.11364
0.11584 0.04299
0.67958 0.25537
0.58557 0.52567
0.39633 0.27770
0.86340 0.80460
0.82225 0.47223
0.50750 0.79879
0.48892 0.12012
0.73896 0.90152
0.19067 0.27787
0.60528 0.13089
0.09713 0.44603
0.90608 0.72542
0.52668 0.30339
0.31957 0.96651
0.23444 0.71899
0.36016 0.05294
0.43434 0.16216
0.51237 0.94144
0.38819 0.22739
0.42685 0.08423
0.62860 0.75123
0.11035 0.15528
0.36000 0.38023
0.51730 0.01055
0.68565 0.27353
0.27907 0.19083
0.16921 0.21695
0.04693 0.20508
0.08758 0.68652
0.34440 0.24011
0.08828 0.44931
0.80604 -0.02307
0.96452 0.56823
0.15796 0.27488
0.30185 0.66048
0.05024 0.42182
0.90005 0.84716
0.90580 0.23628
0.81515 0.75773
0.77448 1.00093
1.00627 1.02251
0.29654 0.49047
0.65154 0.99061
0.38333 0.27187
0.77620 0.28359
0.05009 0.52240
0.98719 0.84479
0.86801 0.18559
0.60591 0.88366
0.64390 0.05823
0.06692 0.80365
0.51980 -0.14484
0.93026 0.09121
0.80626 0.61757
0.83060 0.10397
0.86394 0.65505
0.62408 -0.06544
0.20229 0.88705
0.50965 0.76171
0.05960 0.92851
0.91769 0.19015
0.10360 0.49991
0.84735 0.84148
1.00500 0.83960
0.41155 0.09036
-0.03290 0.58893
0.00956 0.33201
0.46859 0.58225
0.76327 0.02282
1.10637 0.31248
0.39244 0.36997
0.84478 1.06528
0.66905 0.31022
0.86947 -0.02362
0.95622 0.97978
0.10990 0.25498
0.38410 0.18026
0.80584 0.00602
0.95593 0.40351
0.07203 0.84811
0.18248 0.54938
0.62838 0.81978
0.47030 0.92453
0.56292 0.93973
0.54831 0.98412
0.25081 0.37696
0.90225 0.12937
0.76029 0.41524
0.63851 0.80481
0.13528 0.28852
0.81237 0.04223
0.46112 0.93465
0.11520 0.52381
1.20046 1.03961
0.54063 0.93177
0.76503 0.99324
0.51538 0.21952
0.65505 0.79365
0.93058 0.46458
0.36832 0.98603
0.60889 0.79446
0.98344 0.66683
0.30325 0.45036
0.25317 0.18729
0.67499 0.28385
0.89221 0.13697
0.47465 0.15008
0.32658 0.62701
0.44156 0.45078
0.75199 0.55162
1.07525 0.62952
0.48909 0.18884
0.24057 0.24422
0.33958 0.19659
0.26130 0.85773
0.48866 0.15099
0.77877 0.80903
0.31595 0.19984
0.27531 0.78101
0.54028 1.02819
0.24769 0.08408
0.33767 0.39836
0.09392 0.54194
0.77291 0.78439
0.06111 0.61979
0.55428 0.29812
0.27768 0.34786
0.12143 0.18436
0.84331 0.46860
0.32139 0.95507
0.39285 0.99284
0.66844 1.05098
0.85333 0.22740
0.71051 0.94265
0.43073 0.47496
0.29630 1.07794
0.06921 0.14668
0.49036 0.19324
0.82474 0.93277
1.04111 0.45400
0.04163 0.42082
0.37814 0.02142
0.79328 -0.04693
0.37595 0.16906
0.41748 0.18553
0.58257 0.82799
0.35578 0.91551
0.68109 0.22467
0.25011 0.36138
0.89460 0.35405
0.91916 0.10345
0.09102 0.90715
0.88192 0.32258
1.04750 0.86988
0.40757 0.85722
0.60068 0.04060
0.32547 0.13716
0.23441 0.07533
0.41640 0.72454
0.39434 0.91174
0.73873 0.29207
0.39027 0.20921
0.47555 0.86445
0.78708 0.22612
0.68585 0.88370
0.46858 0.56885
0.91980 0.20815
0.43650 0.89185
0.69311 0.86072
0.22549 0.45271
0.53844 1.01253
0.66558 0.30101
0.23016 0.27270
0.39524 0.46587
0.11022 0.75572
-0.04439 0.64465
-0.07884 0.55529
0.37948 0.37507
0.34733 0.88320
0.29661 0.43928
0.45492 1.06998
0.27607 1.06623
0.77581 0.69211
0.79522 0.30232
0.79740 0.10467
0.74467 0.15471
0.62293 0.79300
0.61241 0.38576
0.70499 0.77316
0.82153 -0.09310
0.09093 0.28234
0.47223 0.05038
0.16943 0.27242
0.78424 0.35158
0.49742 0.97444
0.24495 1.10350
0.75584 0.48961
0.41981 0.47677
1.07879 0.25929
0.45810 -0.07686
0.85495 0.56871
0.17328 0.25690
0.90387 0.87713
0.11563 0.53853
0.19332 0.81675
0.70869 0.33549
0.32648 0.03944
0.28129 0.33085
0.67031 -0.14064
0.07682 0.18943
0.19962 0.30626
0.66638 0.97342
0.18387 0.14859
0.50664 0.01093
0.53054 -0.09555
0.51678 0.24258
0.57476 0.11856
0.77378 1.02921
0.69797 0.45465
0.51911 0.33342
0.94242 0.11183
-0.05090 0.39754
0.99279 0.96488
0.15162 0.42399
0.16026 0.32928
0.07208 0.20707
0.61343 0.05605
0.78120 0.85299
1.00879 0.79789
0.15314 0.92588
0.89500 0.36450
0.99518 0.52017
0.41530 0.52048
0.39949 0.11150
0.18307 0.90848
0.16242 0.87171
0.30333 0.58776
0.40640 1.16436
0.78273 1.03148
0.80143 0.36680
0.58811 0.06101
0.33200 0.32277
0.80503 0.19215
0.92549 0.25540
0.61117 0.07523
0.78480 0.14804
0.72914 0.03652
0.68616 0.96893
0.93954 0.66462
0.71750 0.31257
0.44082 0.42000
0.48904 0.98113
0.95268 0.48455
0.76591 0.05320
0.64752 0.79412
0.30747 0.15472
0.15645 0.43746
0.05846 0.29053
0.82177 0.41722
0.87504 0.38490
0.81622 0.58743
0.24252 0.27184
0.24845 0.30168
0.22183 0.67784
0.46809 0.33393
0.21410 0.78590
0.52835 0.28515
0.46249 1.05622
0.09436 0.16984
0.53120 -0.04206
0.30810 1.02320
0.35045 0.37238
-0.03201 0.48319
-0.01989 0.54931
0.28373 0.28663
0.00178 0.53790
0.48233 0.64426
0.78998 0.94705
0.61116 0.39438
0.85582 0.85225
1.02445 0.11708
0.88506 0.54298
0.49839 -0.12583
0.38969 0.92753
0.35092 0.18595
0.21214 0.44988
0.41269 0.95843
0.26562 0.99581
1.00455 1.02135
0.72819 1.02745
0.56769 0.70468
0.64500 0.77777
-0.00992 0.53576
0.37595 0.96854
0.58476 0.70775
0.60610 1.01063
0.40880 0.36633
0.78308 0.01714
0.60105 0.10943
0.17384 0.67393
0.16975 -0.08015
-0.12497 0.61795
0.88284 1.10303
0.48436 0.68270
0.44207 0.28245
0.11669 0.41028
0.38053 0.39036
0.05513 0.61875
0.38689 -0.00467
0.87677 0.15975
0.32902 0.07240
0.33661 0.11417
0.31079 0.98455
0.33467 0.15993
0.60653 -0.06285
0.39968 0.83508
0.31335 0.50130
0.07633 0.50693
0.17429 0.54017
0.97489 0.53794
0.82740 0.50783
0.06265 0.67980
0.29554 1.17626
0.34432 0.20738
0.19872 0.43745
0.34046 0.88472
0.24870 0.77521
0.44231 0.30963
0.10952 0.60093
0.45629 0.29980
0.61089 0.69848
0.36336 0.87424
0.41973 0.76826
0.20018 0.92552
0.83326 0.36594
0.15492 0.41107
0.48307 0.26044
0.11694 0.49769
0.76638 0.22703
0.66024 0.84472
0.37969 0.99806
0.83910 0.31988
0.01358 0.59200
0.39827 0.17293
0.15724 0.19528
0.10709 0.36458
0.19742 0.37221
-0.05103 0.77583
0.23574 1.05658
0.14220 0.10503
0.76478 0.37655
0.01815 0.25205
0.25253 0.96055
0.49786 1.00771
0.92137 0.97873
0.28803 0.15719
0.22708 0.12862
0.30940 0.19625
-0.08208 0.44652
0.40435 0.24171
0.32383 0.54464
0.30003 0.16784
0.86577 0.89841
0.53769 0.60075
0.90700 0.13893
0.54515 0.63728
1.01457 0.14007
0.15972 0.74412
0.24111 0.54690
0.55136 0.07341
0.49321 0.64451
0.84558 0.27495
0.24167 0.10849
0.41449 0.20370
0.74838 0.21709
0.46302 0.08187
0.15094 0.44188
0.25986 -0.02251
0.09025 0.56180
0.98315 0.16327
0.88453 0.88255
0.57538 0.35441
0.52700 0.83873
0.51965 -0.06152
0.72355 0.97654
0.80216 0.53994
0.68785 0.27938
0.76592 0.22683
0.77137 0.36023
0.74967 0.56832
0.87648 0.98791
0.24649 0.22884
0.42590 0.81603
0.73463 0.33055
1.01426 0.20707
0.16520 0.33654
0.31341 0.49905
0.11449 0.25955
0.34069 0.06005
0.47120 0.89933
0.83486 0.05105
0.48708 0.02508
0.34157 0.07950
0.68494 0.90173
0.55422 0.82872
0.93884 0.75253
0.43827 0.74813
0.71168 0.33104
1.08755 0.88295
0.02075 0.43507
0.06852 0.58195
0.00160 0.47776
0.85301 0.58320
0.15688 0.30881
-0.05156 0.50810
0.51159 0.90244
0.42168 0.03865
0.92771 0.68854
0.56400 0.20947
0.43704 0.76798
0.94051 0.85329
0.29698 0.76447
0.29393 0.34648
0.68788 0.43348
0.88884 0.80755
0.16859 0.35848
0.56628 0.21281
0.72288 0.72433
0.65230 0.34426
0.80343 0.04139
0.25205 0.87733
0.36195 0.20547
0.91685 0.53633
0.68297 0.37491
0.98355 0.22279
0.69344 0.06724
0.55623 0.45862
0.77057 0.29903
0.59321 0.89709
0.52151 -0.00111
0.75891 0.20562
0.37840 1.04679
0.28874 0.21960
1.03977 0.75166
0.74567 0.12382
0.62791 0.13101
0.47135 0.64037
0.89949 0.10039
0.56702 0.98391
0.13018 0.16294
0.33182 0.15958
0.90007 0.42787
1.02511 0.34965
0.46711 0.98254
0.26954 0.78231
0.43560 0.22558
0.38196 0.75056
0.04396 0.23944
0.69843 0.10763
0.23252 0.79619
0.37902 0.12481
0.61362 0.78167
0.38496 0.09559
0.78924 0.16641
0.38362 0.20651
0.59112 0.10137
0.85450 0.12033
0.65674 0.03008
1.06106 0.22361
0.79270 0.14487
0.36187 1.12080
0.62683 0.78433
0.55288 0.64826
0.94588 0.78759
0.09560 -0.05968
0.98294 0.18776
0.68064 0.17155
0.81678 0.39492
0.11243 0.25050
0.66026 0.30894
0.05872 0.50735
0.81823 0.92802
0.82472 0.91174
0.42468 0.54152
0.64247 -0.01340
0.22087 0.30080
-0.02823 0.46606
0.45978 -0.01591
0.56488 0.78383
0.42424 0.97782
0.63213 0.63863
0.97234 0.47308
0.51336 0.02935
0.02894 0.50089
0.67440 0.30123
0.08514 0.51458
0.88364 0.59866
0.25829 0.04313
0.04296 0.31453
0.49587 0.34044
0.73014 0.25935
0.40003 0.96402
0.60269 1.09936
0.79138 0.67242
0.40128 0.23308
0.28777 0.27729
0.36799 0.55359
0.51810 0.22160
0.34879 0.30652
0.83095 0.16697
0.76199 0.87600
0.58112 -0.00624
0.90736 0.93007
0.10454 0.41982
0.13823 0.44052
0.52418 0.46724
0.66998 0.10526
0.15297 0.05069
0.19744 0.24513
0.58118 -0.02262
0.59859 0.17430
0.99620 0.91914
0.22818 0.91996
0.28378 0.27026
0.85623 0.38021
0.19055 0.79356
0.16141 0.82357
0.19031 0.88562
0.62219 0.15071
0.26395 0.47613
0.46773 0.04600
0.90903 0.65028
0.47160 0.26846
0.70753 0.50108
0.66870 0.16843
0.02988 0.27503
0.20861 0.35972
0.58917 0.87998
0.13144 0.58856
0.41194 0.86418
0.23254 0.36298
1.14858 1.13793
0.38886 0.38946
0.53342 -0.04215
0.08342 0.85100
0.07322 0.32576
0.98569 1.07844
0.45908 0.43329
0.50316 0.98733
0.18408 0.93646
-0.03616 0.38285
0.00551 0.35810
0.00015 0.51379
0.76931 0.16753
0.57318 -0.01682
0.51271 0.55484
0.10336 0.33271
0.57727 0.68908
0.91121 0.48679
0.78088 0.06842
0.66540 -0.02488
0.67877 0.44123
-0.12461 0.35503
0.29203 0.70403
0.32237 0.52553
0.98794 1.01608
0.20893 0.53892
0.47127 0.98922
0.65903 0.28821
0.00389 0.56444
0.87021 1.05742
0.12853 0.36556
0.74148 0.73575
0.25187 0.52501
0.29033 0.75843
0.56637 0.59738
0.57620 0.87894
0.72895 0.04376
0.07405 0.39559
0.27003 0.25960
0.60837 -0.00064
0.59943 0.02236
0.30017 0.18100
0.25683 0.90087
0.21245 0.23844
0.10602 0.57300
0.26111 0.51230
0.70527 0.84146
0.87067 0.06465
0.35891 0.95108
0.20371 0.47591
0.08003 -0.04809
1.08425 1.09731
0.92773 0.42431
0.13521 0.16081
0.51636 0.19948
0.69358 0.83463
0.40430 0.99233
0.69699 0.90165
1.01342 0.37371
0.86386 0.27286
0.85276 0.54288
0.41564 0.50657
0.19617 0.41240
0.08578 0.29834
0.81214 0.37184
0.36549 -0.05916
0.39229 0.58991
0.51997 0.83207
0.55472 0.46173
-0.01836 0.90102
0.88130 0.04288
0.24292 0.77003
0.91235 0.32176
0.89042 0.29552
0.01148 0.10800
0.22513 1.10400
0.91699 0.54224
0.07127 0.89707
0.25364 0.43761
0.74436 0.41504
0.08118 0.59807
0.71113 0.20791
0.81243 0.78009
0.21921 0.78195
0.80704 0.88228
0.78805 1.12816
0.43835 0.36641
0.72411 0.54457
0.24476 0.15550
0.90150 0.36411
0.83699 0.92479
0.37122 0.31306
0.19395 0.67313
0.72925 0.72063
0.30153 0.27270
0.11251 0.48706
0.77749 0.65726
0.98665 0.80271
0.20456 0.10115
0.79851 0.38447
0.38369 0.79590
0.10258 0.47174
0.16263 0.45087
0.60944 0.90090
0.96696 0.20063
0.38424 0.08384
0.05375 0.30788
-0.10236 0.45118
0.25340 0.86406
0.64255 0.18298
0.90569 0.89729
0.63774 0.67331
0.37696 0.06596
0.12659 0.65226
0.56629 0.51218
0.11457 0.46176
0.09555 0.45530
0.66233 0.19454
0.17723 0.24959
0.61874 0.38602
0.02437 0.78697
0.12264 0.56313
0.41495 0.13295
0.40898 0.86154
1.02730 0.19863
0.44071 0.38934
0.11025 0.17570
0.20482 0.55242
0.49488 0.86648
0.83631 0.37165
0.37033 0.13634
0.64566 -0.07842
0.09964 0.51208
0.17401 -0.00670
0.61848 0.55571
0.00327 0.94458
0.56059 0.24991
0.68767 0.67249
0.71776 0.30684
0.78738 0.91830
0.53375 0.35182
0.54967 0.93708
0.95595 0.79491
-0.13667 0.62148
0.78134 0.77314
0.69181 0.22316
0.85513 0.14154
1.03236 0.99893
-0.07158 0.13771
0.72926 0.30875
0.19857 0.20383
0.42836 -0.09988
0.65332 0.04721
0.66345 -0.12839
0.34463 0.93171
0.86412 0.82515
0.05207 0.55927
0.14569 0.29379
0.73707 0.93855
0.00070 0.59132
0.24772 0.99675
0.59169 0.86321
0.94166 0.96037
0.49097 -0.07629
0.58693 0.97392
0.16633 0.96622
0.18489 0.03301
0.35776 0.52534
0.96484 0.41413
0.58417 0.80921
0.01480 0.59755
0.11983 0.58843
0.29987 -0.06641
0.22783 1.00012
0.79521 0.68485
0.62865 0.12363
0.51682 -0.07346
0.04508 0.55502
0.57682 0.06398
0.13880 0.93474
0.71529 0.34618
0.27452 0.21473
0.91493 1.08967
0.99808 0.22268
0.05126 0.35228
0.57576 -0.11244
0.18891 0.74273
0.03107 0.59190
0.78339 1.00758
0.87297 0.70792
0.42009 0.93218
0.13809 0.18470
0.90055 0.86156
0.96879 0.02839
0.48246 1.03803
0.32743 0.53815
0.42205 0.57682
0.38972 0.13796
0.63168 0.12342
0.69305 -0.23577
0.83338 0.74347
0.45816 1.02808
0.83136 0.33164
0.85995 0.45719
0.62356 1.05918
0.78351 0.93547
0.54470 0.88432
0.07000 0.85520
0.16533 0.63303
0.29600 0.91770
0.82177 0.86855
0.76165 0.27969
0.74239 0.22499
0.45229 0.29844
1.06305 0.95889
0.51532 0.10827
0.08008 0.49333
0.21739 0.34027
0.57856 0.04626
0.78496 0.45780
0.34927 0.90813
0.19659 0.94145
0.71755 0.67807
0.54517 0.24429
0.82632 0.17197
0.77886 0.90630
0.40386 0.26748
0.07605 0.76445
0.02616 0.74668
0.84308 0.34010
0.60985 0.77919
0.13863 0.43412
0.57780 0.29390
0.51478 0.54710
0.42679 0.78321
0.78197 0.88840
0.25166 0.79456
0.05100 0.44192
0.27761 -0.02503
0.63931 0.76732
0.66609 -0.08545
1.00100 0.86253
0.20838 0.54623
0.45753 -0.07968
0.71167 0.93676
0.52313 0.40052
1.07854 0.90848
0.63536 0.48202
0.25035 0.87299
0.92690 0.78394
0.86921 0.91630
0.15967 0.15526
0.56723 0.29855
0.13727 0.38300
0.80981 0.19595
0.22239 0.70652
0.79020 0.74162
0.80145 0.83102
0.24648 0.44421
-0.03437 0.49605
0.72730 0.44195
0.25082 0.05496
0.10750 0.62153
0.15827 0.44267
0.86106 0.21632
0.62091 0.62885
0.85785 0.88365
0.52839 0.93717
0.96518 0.86059
0.43747 0.83912
0.45275 0.29041
0.84750 0.07414
0.66981 0.56331
0.97292 0.20991
0.63268 0.81890
0.55941 0.92448
0.24678 0.80987
0.39761 0.51036
0.06619 0.11807
0.86574 0.90212
0.35412 0.89952
0.74306 0.20346
0.52063 0.18626
0.50717 -0.11303
0.95185 0.20336
0.62859 1.03419
0.60877 0.02799
0.89545 0.91883
0.52339 0.07937
0.39239 0.90112
0.20338 0.85116
0.39967 -0.06153
0.99759 0.79460
0.71583 0.86376
0.42254 0.51600
0.78665 0.88467
0.56356 0.50413
0.75471 0.26773
0.67812 0.18578
0.07055 0.02067
0.25785 0.16288
0.09409 0.61609
0.91255 0.10330
1.04322 0.73321
0.00509 0.54999
0.29657 0.56864
0.27108 0.39306
0.43601 0.65878
0.01231 0.36462
0.80456 0.95571
0.46963 0.39866
0.31720 0.47728
0.88421 0.28861
0.39607 0.06292
1.01545 0.76571
0.77032 0.01783
0.67062 0.80502
0.72116 0.87795
0.34278 0.47833
0.67320 -0.02804
0.37452 0.11468
0.33902 0.21338
0.79083 0.27952
0.43341 0.17021
0.35041 -0.05129
0.76993 0.28333
0.75068 1.16832
0.62885 -0.12463
0.50143 0.48146
0.14808 0.11569
0.90410 0.47793
0.45968 0.42761
0.62737 0.99459
0.47408 0.71346
0.85608 1.07060
0.98495 0.35741
0.22305 0.87773
-0.02116 0.27487
0.86717 0.15071
0.67210 0.00308
0.66049 0.15698
0.04756 0.26960
0.11334 -0.08095
0.05280 0.36594
0.86356 0.67151
0.26392 0.76780
0.35485 0.18874
0.83646 0.18127
0.04340 0.26664
0.93006 0.42083
0.76815 0.87156
0.20398 0.06871
0.32664 0.79056
0.15261 0.21186
0.55718 0.93072
0.38751 0.39767
0.22415 0.22840
0.51389 0.59841
0.26947 0.73133
0.02722 0.31891
0.25724 0.39615
0.74989 0.21637
0.09989 0.48326
0.35269 0.32176
0.41975 1.10711
0.91825 0.37582
0.23814 0.85420
0.68865 0.03418
0.36270 0.92915
0.30279 0.41103
0.39739 0.25462
0.49684 0.12706
0.70047 0.27286
0.85054 0.26629
0.84526 0.89441
0.62278 0.97983
0.83025 0.80079
0.80178 0.88614
0.70377 0.84540
0.63946 0.64462
0.76197 1.09012
0.97712 0.87145
0.13051 0.63288
0.51441 0.06183
0.98341 0.80041
0.89428 0.36766
0.47113 0.06414
0.60620 0.25356
0.55694 0.69358
0.57059 -0.11850
0.93300 0.61476
0.56442 0.46938
1.07035 0.77185
0.70909 0.31320
0.38409 0.91680
0.67653 0.16765
0.69944 0.15916
0.62079 0.80393
0.37140 0.85984
0.60044 0.89827
0.64674 0.31867
0.20712 0.62296
0.72441 0.80942
1.04255 0.81121
0.86441 0.45498
0.76442 0.96889
1.02841 0.04483
0.17658 0.61143
0.56328 0.02398
0.49358 -0.03727
0.65848 0.21217
0.92568 0.45900
0.69590 0.17778
0.10691 0.88931
0.81273 0.85062
0.25678 0.76431
0.36628 0.00685
0.07560 0.50845
0.95280 0.02542
0.52715 0.67344
0.74639 0.31142
0.05752 0.55076
0.69726 0.44870
0.71612 0.13567
0.05256 0.15686
0.63158 0.14452
0.32513 0.36727
0.22116 0.29365
0.03881 0.86338
0.15187 0.62269
0.25768 0.33087
0.51253 0.44904
0.85448 0.06042
0.12270 0.11791
0.59006 0.93052
0.74146 0.95540
0.67881 -0.01515
0.48414 0.38205
0.65139 0.61365
0.38458 0.28375
0.75229 1.02481
0.76236 0.71541
0.80796 0.19939
0.66857 0.31688
0.64513 0.26764
0.54143 0.41110
0.13557 0.58329
0.49354 0.04107
0.40756 0.38546
0.78858 0.33831
0.06336 0.66956
0.53143 -0.07841
0.42315 0.49894
0.24073 0.50966
0.48929 0.07411
0.34553 0.30019
0.85789 0.32687
0.53904 0.38299
0.24441 0.79369
0.82534 0.72122
0.86705 0.40173
0.24604 0.52560
0.15573 0.87050
0.82207 0.16620
0.30925 0.17414
0.32803 0.23801
0.48280 0.87703
0.44399 0.60596
0.22014 0.19459
0.40273 0.99740
0.70571 0.99502
0.62041 0.23517
0.84005 0.30105
0.50958 0.20542
0.52045 -0.04333
0.66315 0.73783
1.22873 0.89513
0.15468 0.21772
0.92322 0.15739
0.08793 0.17097
0.47834 0.87597
0.54958 0.90256
0.91470 0.22460
0.50445 0.89461
0.64854 0.31320
0.18851 0.35871
0.80399 0.80469
0.86463 0.36154
0.16492 0.50371
0.20440 -0.09488
0.94071 0.93059
0.39186 0.86876
0.31512 0.53565
0.79412 0.64431
0.84700 0.74537
0.82076 0.09246
0.43396 0.42433
0.69497 0.32676
0.44519 0.97883
0.07917 0.25482
0.94359 0.83357
0.37954 0.88697
0.93073 0.23964
0.68381 0.79991
0.44759 -0.02262
0.48378 0.61290
0.53194 0.75002
0.13849 0.97183
0.99399 0.96045
0.14514 0.17817
0.39060 0.97253
0.66378 0.11753
0.90428 0.73890
0.54694 0.23632
0.28033 0.22942
0.52726 1.10865
0.48122 0.33257
0.21997 1.07464
0.14670 0.22929
0.69828 0.88834
0.87261 0.25533
0.83224 0.96311
-0.01391 0.36116
0.87050 0.09670
0.46856 0.38863
0.03036 0.13917
0.38174 0.80177
0.66545 0.44985
0.86653 0.68140
0.31846 0.41135
0.57761 -0.06272
0.34007 0.04715
0.38107 0.40837
0.94326 0.88532
0.84896 0.33194
0.48784 0.08991
0.98136 1.00435
0.86575 -0.01846
1.04904 0.49572
0.23412 0.81921
0.73466 0.88065
0.30563 0.85371
0.19641 0.29996
0.95097 0.57535
-0.04359 0.44122
-0.00003 0.51569
0.74119 1.10173
0.93945 0.14072
0.53955 0.45827
0.10503 0.41810
0.49299 -0.04252
0.05232 0.47492
0.88912 0.44486
0.11492 0.17757
0.19081 0.23315
0.96410 0.81075
0.35235 0.32244
0.87228 0.26607
0.27202 0.19362
0.70643 0.84384
-0.07715 0.56358
0.88078 0.74838
0.89189 0.33496
0.55020 -0.06039
0.23216 0.84429
0.04109 0.73818
0.37822 0.64001
0.37370 0.31226
0.52422 0.21467
1.02552 -0.09830
0.28544 0.15087
0.25985 0.19679
-0.12597 0.45176
0.73646 0.89083
1.04634 0.64911
-0.03540 0.57778
0.15952 0.94776
0.28966 0.09697
0.39539 0.35544
0.04187 0.40759
0.25669 0.52019
0.98686 1.02511
0.86196 0.52100
0.00019 0.40786
0.43901 0.81751
0.10195 0.19085
0.72300 0.12025
0.84256 0.27006
0.03044 0.55249
0.43638 0.28878
0.91090 0.84370
0.59641 1.01272
0.65027 0.34691
0.36112 0.86958
-0.01276 0.59758
0.50506 0.15907
0.31397 0.19130
0.33891 0.13490
0.84221 0.58651
0.40053 0.28417
0.53261 0.37751
0.43988 0.90467
0.89306 0.18571
0.21026 0.22622
0.44910 1.05383
0.99427 1.08206
0.33419 1.07287
0.36581 0.28112
0.14220 0.48896
0.64842 0.57185
0.04116 0.73223
0.19519 0.04435
0.48119 0.03552
0.96604 0.14113
0.83995 0.94806
0.60575 0.77332
0.76169 0.15447
0.69080 0.20034
0.39474 0.70105
0.32714 0.98723
0.86440 0.68819
0.89053 0.43383
0.19401 0.39780
0.13489 0.30255
0.64498 1.03654
0.86733 0.82909
1.11284 0.31121
0.31062 0.23855
0.30807 0.30022
0.86872 0.39451
0.85346 0.21635
0.23974 0.17967
0.91427 0.96460
0.43894 0.19504
0.61251 0.55704
0.69327 0.36587
0.56332 1.07121
0.37340 0.90300
0.24074 0.42107
0.70430 0.94532
0.23947 0.50687
0.77663 0.64683
0.94302 0.73575
0.38533 0.87741
0.30544 0.18645
0.11626 0.36934
0.49692 1.00711
0.94015 0.75654
0.86383 0.68327
0.85619 0.30293
0.61822 0.95643
0.40621 0.37595
0.78226 0.59760
0.19676 0.50907
0.94347 0.54365
-0.07478 0.40438
0.18747 0.58939
0.80854 0.24567
0.30162 0.23736
0.87090 0.72389
0.32143 0.87997
0.86193 0.85657
0.57494 0.71151
0.98561 0.69778
0.72562 0.94187
0.17461 0.62257
0.04068 0.98384
-0.09453 0.54122
0.06355 0.49806
0.70102 0.93265
0.42697 1.09985
0.21424 0.47759
0.63759 0.26908
0.73710 -0.09197
1.00258 0.63522
0.36827 1.05571
0.35727 0.14317
0.47511 0.80541
0.85574 0.99501
0.69991 0.73931
0.88953 0.16532
0.38582 0.39287
0.81322 0.51159
0.91176 0.83179
0.01416 0.48826
0.05660 0.47497
0.66509 0.05510
0.29946 0.97956
0.79936 0.28035
0.55627 0.21909
0.89299 0.86141
0.68908 0.85821
0.77564 0.76590
0.14489 0.06540
0.66547 0.17755
0.05794 0.14085
0.33745 0.96172
0.61442 0.34940
-0.00685 0.48141
1.00572 0.89395
-0.01208 0.55020
0.67541 0.08668
0.81356 0.92305
0.59491 0.88190
0.05359 0.65843
0.02140 0.14420
0.85432 0.92528
0.95010 0.35433
0.54010 0.47988
0.81375 0.49727
0.19984 0.31886
0.14968 0.19877
0.46768 0.33097
0.74877 0.20023
0.51843 -0.01673
0.41329 0.76817
0.30961 0.52410
0.83803 0.17551
0.95984 1.22699
-0.02362 0.53261
0.61480 0.93180
0.43629 0.64313
0.70253 0.76768
0.40246 0.28930
0.82773 0.26999
0.64032 0.76740
0.14664 0.01627
0.66714 -0.20671
0.03245 0.49456
0.58001 0.89217
0.14184 0.75788
0.35999 1.08563
0.40548 0.87132
0.82673 0.20545
0.84631 0.25969
0.82921 1.11435
0.39059 0.91730
0.96294 0.17720
0.65699 0.15174
0.24779 0.56665
0.84780 0.14662
0.07232 0.33650
0.78519 0.83817
0.05447 0.70134
0.41702 0.69174
0.61937 0.71553
0.34913 0.58016
0.33334 0.36870
0.20394 0.38622
0.20492 0.56245
0.14139 0.44348
0.37943 0.84235
0.23812 0.21290
0.78761 0.85127
0.68255 -0.13685
0.85720 0.57374
0.12175 0.27988
0.62278 0.74773
0.29820 0.31596
0.17034 1.06073
0.35278 0.36675
0.94624 0.05638
0.34113 0.88846
0.18740 0.50231
0.56240 0.55180
0.99276 -0.00798
0.70638 0.27596
0.14878 0.63549
0.77294 0.33814
0.63251 0.21392
0.01596 0.72096
0.56291 0.76997
0.49672 -0.15157
1.02985 0.98964
0.18108 0.37591
0.11669 0.59861
0.78728 1.08615
0.05961 0.43962
0.59481 0.85189
0.26353 0.74012
0.07279 0.35549
0.81814 0.89088
0.29230 0.15920
0.99344 0.50231
-0.00013 0.23902
0.20027 0.29953
0.91919 0.81455
0.98083 0.46897
0.40545 1.02743
0.20209 0.34814
-0.00024 0.41920
0.09876 0.14575
0.14003 0.64726
0.73851 0.99738
0.80606 0.94390
1.02276 0.20025
0.11661 0.48385
0.75056 0.61817
0.70469 0.17282
0.41944 0.18925
0.94227 0.22560
0.56008 0.01235
0.99557 0.83020
0.07554 0.33995
0.72555 0.00355
0.69294 0.28818
0.91994 0.17298
0.58953 0.82139
0.80953 0.71239
0.09849 0.43866
0.19263 0.57969
0.10656 0.35950
0.67325 0.53141
0.42221 -0.00474
0.70316 -0.07251
0.45969 0.52927
0.16789 0.31792
1.03751 1.12018
0.10679 0.59898
0.79905 0.24505
0.18620 0.63780
0.29476 0.77220
1.07504 0.97952
0.37052 0.26614
0.33001 -0.05450
-0.20673 0.47608
0.31337 0.03495
0.53269 0.41450
0.79414 0.98294
0.74163 0.26398
0.63368 0.21514
0.82211 0.40438
0.44333 0.89473
0.25857 0.35871
0.97870 0.50706
0.08943 0.24825
0.69309 0.93297
0.60155 0.51570
0.85607 0.05458
0.46225 -0.04064
0.45001 -0.06686
0.84667 0.18798
0.64642 0.13119
0.82452 0.24371
0.66529 0.27613
0.24709 0.77151
0.38061 0.49897
0.26058 0.43394
0.30911 0.23109
0.73525 0.13729
0.66817 -0.07756
0.97366 0.26037
0.43570 0.37855
0.51797 0.47754
0.11186 0.30251
0.21904 0.30949
1.00223 0.96550
0.17626 0.20144
0.35219 0.51200
0.41716 0.09456
0.24016 0.21873
0.63825 0.02345
0.59226 0.19607
0.93688 0.42644
0.82881 0.76761
0.78158 0.57472
0.76895 0.00823
0.29126 0.82275
0.65607 -0.03001
0.92251 0.96909
0.08616 0.74577
0.76145 0.92344
0.92924 0.53742
1.10754 0.38331
0.14199 0.33687
1.01339 0.97844
0.69348 0.92597
0.76717 0.48845
0.38215 0.79836
0.91245 0.16477
0.90318 0.23258
0.50047 0.97152
0.89263 0.26655
0.18665 0.64976
0.89099 0.32008
0.58701 0.53024
1.04203 0.24858
0.27019 0.31416
0.17999 0.87273
0.12610 0.19236
0.49159 -0.06516
0.98284 0.72891
0.58459 0.44417
0.69849 0.10515
0.63002 0.63142
0.11360 0.88010
0.35852 0.97746
0.19927 0.34405
0.75690 0.37163
0.05738 0.45601
0.82122 1.00175
0.47566 0.54796
0.64827 0.89997
0.44593 0.49757
0.13536 0.43394
0.90070 0.55551
0.04831 0.63029
0.23260 0.84010
0.73359 -0.12153
0.71433 0.70088
0.27270 0.24209
0.60583 1.08105
0.17473 0.97176
0.52573 0.84654
0.88800 0.71732
0.56894 0.06244
0.66724 0.69448
0.88490 0.89067
0.56360 0.38311
0.56773 0.51384
0.35017 0.27115
0.48594 0.77747
0.27671 0.96243
0.01838 0.58977
0.87464 0.35601
0.47315 -0.08083
0.49731 0.07526
0.40991 0.40978
0.76988 0.31397
0.99944 0.95574
0.34649 0.47152
0.95281 0.29619
0.66453 -0.07135
0.86205 0.93249
0.05718 0.20033
0.51631 0.41649
0.13593 0.49035
0.69993 0.18992
0.55990 0.64112
0.19559 0.30203
0.70181 0.48532
0.78781 0.81774
0.88282 1.02285
0.36168 0.01074
0.81024 0.53336
0.45013 0.01429
0.21853 0.26563
1.18988 0.76542
0.84184 0.84955
0.95994 0.90938
0.86400 0.56880
-0.07879 0.35896
0.40148 0.41564
0.78671 0.17686
0.88782 0.90008
0.58055 0.09260
0.65556 0.39742
0.14309 0.15552
0.62665 0.37778
0.83730 -0.01320
0.30428 -0.10909
0.10712 0.48710
0.91203 0.73584
0.49490 0.41083
0.69662 0.75835
0.42808 -0.18441
0.22400 0.25037
0.50123 0.47272
0.79247 0.02654
0.01370 0.50629
0.11659 0.50322
0.52313 0.46671
0.51389 0.83238
1.13819 0.84791
0.32920 0.38216
-0.04678 0.43293
1.05221 0.34143
0.85619 0.27288
0.13057 0.45341
0.28790 0.48602
0.50361 0.05092
0.41472 0.69699
1.06101 0.11443
0.80390 0.14868
0.28393 1.13300
0.17862 0.06161
0.43702 0.13694
0.55064 0.38662
-0.00421 0.50429
0.65394 0.71079
0.09463 0.34585
0.25938 0.37251
0.97555 0.72104
0.76864 0.25912
0.73307 0.65726
-0.08866 0.56620
0.20204 0.52936
0.74569 0.07716
1.04646 0.81375
0.23631 0.29068
0.87103 0.06238
0.54879 0.77195
0.78906 0.46341
0.23893 1.08516
0.64801 0.37696
0.42291 0.40066
0.43487 1.08611
0.36758 -0.09985
0.55690 1.03076
1.02277 0.70256
0.22135 0.30127
0.52382 0.87404
0.05743 0.41507
0.70166 0.09368
0.37824 0.91899
0.17072 0.09811
0.28106 0.38141
0.41001 0.03244
0.12668 0.23939
0.28684 0.39180
0.46612 0.67354
0.77065 0.18059
0.00828 0.45053
0.70019 0.91166
0.38292 0.97807
0.39830 0.11945
0.04120 0.36294
0.86214 0.84584
0.35223 0.08408
0.24532 0.28570
0.88687 0.69311
0.82788 0.38622
0.61531 0.39286
0.34130 0.11660
0.45042 0.47883
0.45221 0.02845
0.03908 0.13916
0.65050 1.13747
0.05156 0.64664
0.76039 0.14007
1.09794 0.22630
0.66092 0.91927
1.03564 0.68890
0.08493 0.63080
0.17672 0.21239
0.50255 0.61607
0.87868 -0.05535
0.33598 0.31520
0.59541 0.09695
0.94959 0.11278
0.84183 0.83591
0.69431 0.15052
0.17677 0.18300
0.42500 1.04556
0.57098 0.07641
0.34095 0.95643
0.71581 0.20643
0.27753 0.21196
0.34129 0.26006
0.21404 0.50811
0.06443 0.45610
1.03367 0.99063
0.82670 0.20335
0.72425 0.76799
0.62733 0.25525
0.63023 -0.00654
0.45035 0.62121
0.64749 0.76352
0.63764 0.11155
0.02870 0.75431
0.30104 0.03814
0.26155 0.31811
0.82539 0.40567
0.23234 0.35042
0.79141 0.35793
0.86066 0.32808
0.37909 0.13451
0.26543 0.84920
0.61510 0.01970
0.70442 0.22993
0.39986 0.35822
0.52559 0.84589
0.44907 -0.15295
0.79114 1.01464
0.43318 0.44116
-0.04143 0.20991
1.05434 0.55544
0.03332 0.52384
0.84421 0.04423
0.07030 0.48571
0.38357 0.88609
0.31872 1.02875
0.37390 0.82139
0.22824 0.36944
0.45407 0.86292
0.26782 0.31358
-0.02325 0.18885
0.67924 0.36668
0.41741 0.80027
0.42763 0.52801
0.90460 0.31226
0.70764 0.25241
0.32487 0.65625
0.94215 0.46628
-0.01317 0.45352
1.00292 0.79785
0.78090 0.84354
0.75745 1.03180
-0.00547 0.58822
0.71252 0.24267
0.76655 0.90371
0.51544 0.86655
0.72285 0.06712
1.02326 0.84746
0.91012 0.40408
0.51293 0.89687
0.66695 0.06629
0.66299 0.21086
0.17241 0.30006
1.01871 0.51233
0.23896 1.01952
0.92445 0.52065
0.34053 0.03052
0.51818 -0.09363
0.36787 0.35344
0.76384 0.05075
-0.07828 0.58362
0.78698 0.61745
-0.16839 0.47951
0.94186 0.35705
0.89889 0.18290
0.09646 0.36933
0.77892 0.14865
0.59949 0.95988
0.59841 0.57521
0.99839 0.57277
0.49571 0.53142
0.41004 0.03877
0.19876 0.26798
0.68017 0.81972
0.81679 0.47727
0.69924 0.39816
0.97773 0.38874
0.20296 0.16128
0.18991 0.40649
0.39864 0.57435
0.50333 0.52726
0.40357 0.94613
0.42634 0.75082
0.43393 0.15090
0.83018 0.85342
0.47840 0.28109
0.26087 0.50208
0.11458 0.82181
0.97597 0.86981
0.41519 0.11057
0.48552 0.30737
0.44573 -0.04490
1.00498 0.18437
0.35615 0.21327
0.09611 0.45825
0.99507 0.32317
0.41485 0.48903
0.72582 0.51972
-0.23299 0.45598
0.27748 0.62624
0.85450 0.59691
0.80551 0.27955
0.46611 1.10809
0.24460 0.19023
0.45290 0.43346
0.27192 1.07102
0.51496 0.32836
0.77483 0.23741
0.62090 0.99032
0.87161 0.30170
0.82705 0.60895
-0.04383 0.59571
0.91890 0.41258
0.66466 0.03561
0.13727 0.40113
0.31473 0.01186
0.41975 0.31206
0.39727 0.59494
0.83570 0.76831
0.96099 0.52236
0.76031 0.21279
-0.01305 0.12429
0.47907 0.76231
0.09908 0.96837
0.59025 -0.14468
0.23718 1.17500
0.56249 0.51044
0.56465 0.42419
0.20374 0.49178
0.79523 0.93743
0.83546 0.23618
0.23115 0.41111
0.84062 0.81430
0.68927 0.79770
0.80629 0.87045
0.26607 0.34696
0.59215 0.85255
0.99762 0.44228
0.50983 0.47815
0.71149 0.86241
0.07295 0.22176
0.92030 0.24127
0.67258 0.84883
0.54142 0.97784
0.20830 0.03890
0.90686 0.19579
0.28887 0.77631
0.28750 0.78921
0.69201 1.02721
0.14570 0.07504
0.07633 0.34510
0.89408 1.02724
0.75769 -0.03995
0.53095 0.91084
0.19573 1.06142
0.30454 0.85317
0.56264 0.26845
0.29956 0.48937
0.34769 -0.00302
0.85024 0.25851
0.06850 0.12196
0.28916 0.47985
0.49420 0.19625
0.27837 0.81777
0.10787 0.58715
0.36010 0.15426
0.90729 0.47974
0.42658 0.72122
0.25450 0.26392
0.96519 0.47566
0.99761 0.74906
0.29220 0.47053
0.75899 1.11729
0.07458 0.28169
0.23962 0.19840
0.80276 -0.12822
0.30128 0.45036
0.85899 0.10725
0.12014 0.21003
0.46646 0.38228
0.98177 0.45359
0.01366 0.72114
0.22654 0.70439
0.88391 0.81713
0.70446 -0.10762
0.30933 0.28418
0.51212 0.23651
0.05928 0.41005
0.36196 0.30914
0.00307 0.65408
0.70518 0.30990
0.81046 1.19675
0.00706 0.38422
0.40030 0.03868
0.62732 0.98034
0.36937 0.23441
-0.02613 0.67140
0.72906 0.14470
0.08213 0.38447
0.26460 0.35430
0.15415 0.89731
0.21299 0.42319
0.87587 0.61553
0.85339 0.65322
1.04724 0.98877
0.18966 0.30877
0.27639 0.87271
0.83194 0.13345
0.56152 0.29626
0.73583 0.42416
0.44095 0.09394
0.66204 0.11451
0.48729 0.18306
0.07047 0.26139
0.43324 0.26223
1.09197 0.43013
0.90467 0.19193
0.59808 0.12803
0.75629 0.46509
0.58931 0.72583
0.40774 0.96953
0.38162 -0.00144
0.53958 -0.01426
0.72249 1.00477
0.86831 0.35010
0.14589 0.68825
0.07667 0.17459
0.68877 0.99281
0.57107 0.25717
0.32151 0.15627
0.77145 0.36503
0.14249 0.34887
0.47706 0.37803
0.52265 0.98737
0.14502 0.24358
0.63837 -0.04478
0.73327 0.20601
0.50961 0.78680
0.94115 0.31605
0.19622 0.40328
0.55802 -0.00387
0.31806 0.14219
0.74947 0.24680
0.72564 0.81720
0.86095 0.21271
-0.02864 0.57349
0.04767 0.60873
0.23658 0.29956
0.08886 0.56034
0.56342 0.76350
0.28079 0.09263
0.15188 0.60993
0.64130 0.06878
0.56252 0.33458
0.80863 0.23840
0.86602 0.88595
0.37477 1.02169
0.82174 0.12833
0.71721 0.31967
0.86398 0.71260
0.90077 1.01089
0.12528 0.34682
0.17732 0.59321
0.30362 0.40088
0.54558 0.06351
0.09103 0.46098
0.35798 0.82405
0.74616 0.86529
0.60274 0.17898
0.33288 0.36837
0.31531 0.91169
0.56760 -0.14231
0.32217 0.31070
0.39359 0.36759
0.19046 0.16692
0.24797 0.79103
0.88630 0.33350
0.19314 0.14011
0.39247 0.18184
0.17022 0.74811
0.91945 0.11411
0.52396 0.15614
0.56717 0.78266
0.28135 0.91558
0.01784 0.56767
0.34048 0.15425
0.22871 0.42826
0.07646 0.20282
0.78223 0.78479
-0.24923 0.72182
0.36001 0.44067
0.16338 0.70243
0.28065 0.03479
0.47113 0.11769
0.17110 0.20827
0.52300 0.77115
-0.07926 0.48164
0.21979 0.19845
0.88926 0.44382
0.82734 0.07697
0.59910 0.10428
0.91248 0.51689
-0.01628 0.79541
0.23271 0.88145
0.89845 0.12268
0.62814 0.43066
0.86557 0.08997
0.46887 0.93948
0.76594 0.17106
0.76708 0.56198
0.38952 -0.00012
0.33637 0.70023
0.58619 -0.03028
0.67818 0.80780
0.16960 0.60091
0.08336 0.58653
0.43262 0.28213
0.53779 0.75147
0.20202 0.88683
0.47325 0.90136
0.31678 0.98187
0.22718 0.13281
0.80939 0.87345
0.78470 0.93672
0.97363 0.27913
0.83880 0.86635
0.47497 0.87562
0.27960 0.86175
0.63467 0.70695
0.40769 0.64545
0.18092 0.73839
1.02730 0.34702
0.35040 0.01798
0.45762 0.31113
0.37497 0.09207
0.82692 0.77911
-0.09981 0.64885
0.63854 1.01970
0.73428 0.79297
0.27870 0.67614
0.34685 0.87942
0.82180 0.79710
0.86832 0.95557
0.60703 0.43299
0.09508 0.50959
0.60572 0.03876
0.90317 0.38131
0.36505 0.49839
0.33251 0.73859
0.57018 0.68650
0.38814 -0.12019
-0.10784 0.53228
0.49886 0.17182
0.63150 0.00172
0.17761 0.43403
0.35726 0.25330
0.65577 1.00973
0.17304 0.83007
0.22644 0.44462
0.15335 0.99591
0.76763 0.82790
0.78616 0.75292
1.04216 0.87742
0.25439 0.02690
0.90634 0.99396
0.83620 0.39675
0.41240 0.51809
0.72206 0.21293
0.80915 1.06034
0.27405 -0.02575
0.12980 0.88599
0.80991 0.47553
0.75202 0.27105
0.20986 0.83885
0.76848 0.17643
0.54250 0.11564
0.72385 0.29774
1.07656 0.97146
0.05728 0.43820
0.33980 0.29790
0.76887 0.15313
0.51911 0.24307
0.49669 0.40843
0.55500 0.77472
0.49731 0.72724
-0.10856 0.48873
0.09092 0.02377
0.71032 0.79518
0.92514 0.29967
0.76389 0.31967
0.86902 0.06150
0.26532 0.13164
0.70620 0.83794
0.47592 0.98322
0.67867 0.92435
-0.14379 0.64232
0.67532 0.17668
1.02390 0.12704
1.05952 0.85034
0.80531 0.61478
0.48174 0.95579
0.78286 0.87684
0.24562 0.90572
0.71030 0.57373
0.19171 0.80790
0.17658 0.44871
0.37503 0.44634
0.51501 0.28026
0.71385 -0.09110
0.34080 -0.12484
0.93185 0.31562
0.51833 0.14377
0.26173 0.19800
0.14178 0.37233
0.77098 0.32882
0.86307 0.95910
0.75921 0.78864
1.16591 0.22751
0.33029 0.56373
0.48827 -0.13174
0.88603 0.14187
0.61334 0.82352
0.56320 -0.03148
0.99285 0.76344
0.04614 0.30228
0.71984 0.25844
0.91202 0.82697
0.71577 0.71945
0.32894 0.42928
0.76213 0.15708
0.88975 0.91690
0.51027 0.64276
0.60560 0.01084
0.10692 0.49907
0.77954 0.69549
1.03654 0.42643
0.70940 0.19654
0.89019 0.30185
0.77198 0.43646
0.74697 0.18708
0.93690 0.60903
0.72313 0.24719
1.12183 0.54127
0.62165 0.01540
0.55049 0.75055
0.57407 0.35799
0.81740 0.31128
0.12394 0.19554
0.15087 0.20998
0.71933 0.85291
0.12844 0.88484
0.46440 0.20417
0.70047 0.88343
0.12669 0.35542
0.95245 0.97550
0.12589 1.03383
0.58435 0.27562
0.04461 1.14780
0.89387 0.89648
0.08229 0.34451
-0.02766 0.50901
0.39639 0.45599
0.38192 0.03005
0.78310 0.30284
0.95942 0.51359
0.12961 0.23592
-0.02446 0.54941
0.14970 0.26631
0.74839 0.12009
-0.07931 0.66824
0.16175 0.61735
0.01283 0.28144
0.73248 0.10326
0.68570 0.18898
0.14957 0.46734
0.98105 0.88687
0.55554 0.02771
0.81077 0.81011
0.12794 0.81677
0.90643 0.85716
0.91752 0.92578
0.10096 0.92631
0.97619 0.89707
0.34676 0.84363
0.16544 0.24982
0.79813 0.74146
0.25059 0.88004
0.70993 0.55413
0.04572 0.28242
0.84585 0.93275
0.42378 0.97399
0.23037 0.52947
0.50085 0.81950
1.03438 0.98884
0.57024 0.34017
0.42198 0.17700
-0.10079 0.37758
0.86678 0.24796
0.79205 -0.04691
0.17588 0.15635
1.11907 0.71236
0.32533 0.88147
0.14467 0.56097
0.55164 0.08175
0.33793 0.80109
0.70441 0.42091
0.19118 0.54315
0.61016 0.15873
0.71687 0.82027
0.86295 0.18860
0.16567 0.74685
0.18564 1.01247
0.51398 0.37210
0.04025 0.41990
0.59884 0.58415
0.15532 0.15780
0.99604 1.03125
0.55123 0.28667
0.72044 0.80614
0.93055 0.27036
0.44094 0.29488
0.14932 0.23230
0.94061 0.91441
0.36640 0.20092
0.51784 0.48350
0.81846 1.04657
0.38093 0.34428
0.76582 0.96438
0.16340 0.34839
0.30174 0.30303
0.66695 0.75092
0.45165 0.38290
0.42019 0.69949
0.67892 1.01261
0.49222 0.22663
0.51027 0.00628
0.29176 0.28548
-0.03572 0.34905
0.53615 0.38870
0.56185 0.88192
0.23192 0.29111
0.02840 0.54053
-0.19119 0.31460
0.31089 0.14432
0.16960 0.23632
0.98249 1.05067
0.19642 0.78533
-0.23360 0.62413
0.70194 0.97064
0.18660 1.06831
0.43435 -0.04272
0.57630 0.91910
0.03348 0.41924
0.25351 0.39767
0.66187 0.26507
0.38853 0.89061
0.96565 0.19763
0.17979 0.13861
0.91295 0.67157
0.68690 0.23424
0.84836 0.40219
0.83150 0.82963
0.98525 0.33208
0.72410 0.43362
1.04591 0.31362
0.14590 0.20897
0.64043 0.60260
0.39901 0.03573
0.21561 0.68530
0.55125 0.08854
0.98285 0.29181
0.30616 0.37794
0.79687 0.26906
0.64196 0.48269
0.70229 0.38890
0.83903 0.53410
0.36382 0.85992
0.70195 0.09227
0.70152 0.12776
0.40980 0.98227
0.15805 0.71963
-0.06630 0.79703
0.37533 0.72948
0.79600 0.54444
0.34097 -0.00106
0.84129 -0.03038
0.64023 0.73425
0.78167 0.35103
0.05496 0.49112
0.03184 0.55243
0.95857 0.28830
1.04193 0.60966
0.79571 0.90405
0.81508 0.07487
0.89048 0.23579
0.50093 0.91379
0.25652 0.41713
0.57794 0.25000
0.72487 -0.13437
0.09443 0.95588
0.36780 0.02065
0.80733 0.64668
0.82623 0.33953
0.82827 0.88149
0.82488 0.77252
0.36727 0.50710
0.52207 0.45311
0.50741 0.72141
0.96504 0.02551
0.78561 0.90757
0.59779 0.94878
0.27223 -0.04822
0.80841 0.37371
0.24732 1.08654
0.92502 0.45082
0.54836 0.33877
0.77919 0.12071
1.04206 0.52029
0.78415 0.94975
0.56848 0.40922
1.01558 0.84545
1.08274 0.38894
0.09433 0.31178
0.78446 -0.05386
1.03411 0.74053
0.35545 0.40479
0.70331 0.25521
0.18587 0.18559
0.59980 0.21106
0.04720 0.78091
0.43662 0.28714
0.89852 -0.01274
0.23690 -0.00340
0.04204 0.58869
0.45801 1.05955
0.44431 0.72379
0.92669 0.11698
0.30552 0.28512
0.23083 0.22017
0.20729 0.73301
0.31174 0.95638
0.76347 0.57900
0.49746 0.91728
0.75438 0.76917
0.80776 0.03909
0.15448 0.17852
0.67784 0.43452
0.19567 0.29497
-0.12884 0.53856
0.74911 0.43219
0.12715 0.22860
0.91593 0.46391
0.23018 0.47384
0.87044 0.53059
-0.11286 0.47612
0.04802 0.69055
0.78044 0.17823
0.30962 0.47070
0.31935 0.53799
0.65366 0.00734
0.45738 0.84197
0.42896 0.36757
0.27766 0.67066
1.06932 0.93179
0.56683 0.20217
0.71212 0.89280
0.73722 0.52605
0.15719 1.07277
0.81824 0.95795
-0.06152 0.34888
0.68966 0.90006
0.67636 0.32839
0.48924 0.86805
0.52705 -0.01127
0.43018 0.14178
0.15667 -0.01161
0.56687 0.38620
0.21253 0.84603
0.33040 0.87037
0.35111 0.80237
0.67869 0.80898
0.66506 0.94430
0.11622 0.32532
0.73668 0.91379
0.92480 0.90926
0.70795 1.12301
0.19665 0.25745
0.07411 0.43310
0.13558 0.37661
0.44823 0.33219
1.01780 0.24710
0.66965 0.10508
0.82728 0.21549
0.15372 0.02855
0.83459 0.04116
0.71188 0.06142
0.27368 0.80488
0.27907 0.91428
1.05449 0.15034
0.00027 0.31085
0.37469 0.98816
0.71344 0.33986
0.70950 0.33487
0.26378 0.43078
0.82131 0.88721
0.34304 0.14466
0.95527 0.31950
0.38996 0.79304
0.85691 0.44190
0.65795 0.24163
0.03404 0.47218
0.41586 0.85676
-0.03509 0.37769
0.50393 0.24436
0.86363 1.16384
0.50547 0.65656
0.89979 0.83936
0.76352 0.20569
0.02228 0.51572
0.93947 0.13117
0.15746 0.58843
0.32095 0.30935
-0.21266 0.56827
0.67774 0.93169
0.70709 0.51955
0.59935 0.70558
0.44542 0.39181
0.95543 0.67767
0.04745 0.05240
0.02991 0.67769
0.34123 0.26192
0.22123 0.16026
0.87191 0.38601
-0.00058 1.04222
0.80673 0.54910
0.46019 0.95003
0.87526 0.97766
0.45995 -0.03058
0.43936 0.09471
0.98895 0.25067
0.86354 0.28075
0.60376 0.81087
0.92462 0.63316
0.59036 0.05295
0.78003 0.89248
0.08713 0.33663
0.73985 0.86727
0.47258 -0.07027
0.23923 1.05548
0.66056 0.86711
0.12751 0.31288
0.33039 0.43472
0.30798 0.87475
0.36026 0.72596
0.23030 0.32941
0.90783 0.12953
0.34751 0.98883
0.93035 0.71829
0.26097 1.01916
0.57931 0.68997
0.05966 0.55529
0.44145 0.67230
1.07438 0.83830
0.46857 0.12554
0.71036 0.70999
0.86205 0.89385
0.07997 0.57276
0.39427 1.02046
0.34754 0.53029
0.77084 0.23582
-0.01714 0.61279
0.38057 0.96124
0.92107 0.57465
0.51425 0.97014
0.61047 0.80469
0.90218 0.88848
0.55712 0.88423
0.90221 1.19635
0.58056 0.16176
0.25445 0.09818
0.89259 0.72917
0.44418 0.29343
0.54457 -0.01732
0.67792 0.56887
0.26291 1.12411
0.44598 0.12377
0.99557 0.66703
0.81236 0.26250
0.69706 0.43222
0.87820 0.41835
0.32514 0.41088
0.55683 0.76461
0.32967 0.96559
0.92197 1.00917
0.85908 0.91460
0.09219 0.57168
0.73006 0.20375
0.94971 0.74655
