0.58955 0.25780 0.98558 0.31815
1.01755 0.43566 0.82717 0.60599
0.15115 0.98023 0.09293 0.80367
0.48152 0.80118 0.85957 0.85596
0.01013 0.73017 0.36589 0.44391
0.75165 0.13387 0.96170 0.02999
0.10160 0.91751 0.10879 0.84621
0.39159 0.78221 0.32003 0.06666
0.24054 0.63724 0.74103 0.15294
0.00148 0.73940 0.32468 0.44623
0.34427 0.68693 0.98895 0.77128
0.09236 0.71577 0.84150 0.75526
0.32961 0.87924 0.10636 0.79476
0.34989 0.38024 0.57475 0.88832
0.12331 0.97489 0.98490 0.53535
0.35571 0.66870 0.96184 0.73994
0.30661 0.34801 0.01568 0.65909
0.28996 0.33604 0.04980 0.67716
0.14761 0.96291 0.11598 0.83012
0.66880 0.46877 0.22258 0.02676
0.85895 0.44005 0.66842 0.95001
0.38172 0.65816 0.32309 0.02080
0.19766 0.97468 1.01691 0.51198
0.35530 0.42458 0.09908 0.90170
0.07819 0.39845 0.04666 0.20285
0.95195 0.71305 0.87379 0.74621
-0.02120 0.65127 0.13113 0.82728
0.18595 0.63342 0.34382 0.86662
0.54060 0.90671 0.11894 0.82201
0.15755 0.96199 0.96332 0.49817
0.11351 0.45398 0.73461 0.94108
0.33528 0.44933 0.03601 0.87110
0.88918 0.07912 0.73665 0.30994
0.23126 0.68268 0.72019 0.14653
0.64532 0.39952 0.89763 0.91389
0.96886 0.42687 0.82905 0.63870
0.86826 -0.02149 0.22948 0.08929
0.56625 0.92157 0.14084 0.76675
0.31366 0.40629 0.07948 0.92274
0.88727 0.46819 0.72746 0.93245
0.83271 0.86975 0.13980 0.25271
0.33756 0.85288 0.14106 0.79636
0.35065 0.81661 0.11258 0.46320
0.44896 0.55161 0.25988 0.08047
0.40843 0.61257 0.33759 0.62844
1.00133 0.44237 0.77915 0.59583
1.00953 0.38332 0.80971 0.61992
0.07173 0.94521 0.07096 0.84579
0.40512 0.66317 0.29848 0.03957
0.94856 0.53820 0.15523 0.58431
-0.00906 0.65629 0.08680 0.78226
0.42313 0.61861 0.33384 0.04848
0.56461 0.93684 0.08561 0.77514
0.50047 0.48610 0.32148 0.03549
0.09574 0.93972 0.08089 0.84123
0.59304 0.36971 0.81825 0.18506
0.14097 0.61181 0.33616 0.80569
0.54206 0.87460 0.12999 0.09822
0.17027 0.66936 0.27218 0.59597
0.25781 0.84150 0.26233 0.74224
0.29344 0.84269 0.30252 0.71817
0.31038 0.39657 0.56220 0.86101
1.00670 0.01907 0.47049 0.61587
0.36533 0.44517 0.07829 0.91840
-0.03108 0.67253 0.12320 0.79611
0.93552 0.54969 0.15699 0.58979
0.65185 0.60148 0.58183 0.62286
0.40208 0.63252 0.32873 0.61753
0.15023 0.09807 0.04356 0.44670
0.86833 0.56190 0.05007 0.41485
0.16642 0.13245 0.05036 0.40124
0.44195 0.64598 0.35087 0.57173
0.17822 0.68690 0.70847 0.26901
0.63975 0.59142 0.57278 0.59767
0.13964 0.93287 0.08945 0.82602
0.98136 0.43227 0.80906 0.60745
0.37323 0.20680 0.80964 0.65261
0.36607 0.21531 0.81860 0.62840
0.81449 0.84048 0.17662 0.27098
0.97732 0.04985 0.51531 0.63143
0.71943 0.43274 0.23139 0.04447
0.90179 0.75655 0.17864 0.42207
0.28205 0.45738 0.02912 0.89397
0.15248 0.08217 0.05177 0.40762
0.85849 0.02687 0.73825 0.31737
0.33060 0.72829 0.94731 0.76925
0.55848 0.37831 0.07487 0.39951
0.39713 0.62325 0.33915 0.01366
0.74723 0.06126 0.35485 0.46064
0.59757 0.24372 0.99452 0.32332
0.15581 0.61088 0.32551 0.78789
0.85278 0.86822 0.18981 0.23316
0.11017 0.94286 0.10839 0.84304
0.41466 0.62985 0.33047 0.60301
0.45193 0.46046 0.30749 0.06829
0.01317 0.64317 0.10298 0.82998
0.53556 0.85935 0.13835 0.10306
0.02682 0.46805 0.06598 0.19558
0.12537 0.94523 0.11134 0.82921
0.92390 0.74385 0.14649 0.42390
0.78851 0.28044 0.53355 0.63939
0.26091 0.84261 0.27271 0.77380
0.13297 0.67223 0.85638 0.72341
0.02988 0.65355 0.08014 0.81432
0.38728 0.64222 0.35630 0.61474
0.16500 0.92420 1.00395 0.53620
0.46760 0.48752 0.28812 0.02660
0.56376 0.23949 0.99946 0.33915
0.63331 0.40652 0.33167 0.19680
0.51024 0.80317 0.84817 0.84613
0.31633 0.37371 0.54872 0.87492
0.33832 0.46466 0.06861 0.87924
0.34408 0.62197 0.84686 0.61499
0.36356 0.22187 0.77037 0.61175
0.78615 0.27261 0.57562 0.67540
0.72983 0.06005 0.35379 0.43950
0.61663 0.40294 0.10259 0.42468
0.76264 0.05407 0.31537 0.43464
0.34689 0.37155 0.52036 0.86461
0.31804 0.35583 0.55541 0.88338
0.87354 0.88430 0.17812 0.29534
0.93017 0.91915 0.52627 0.89306
0.59972 0.59982 0.58521 0.59810
0.37217 0.63841 0.85878 0.61249
0.27246 0.82707 0.30329 0.77424
0.79345 0.27977 0.60079 0.67069
0.12319 0.93494 0.09816 0.83422
0.86713 0.08856 0.81117 0.32976
0.77180 0.28130 0.59502 0.70278
0.61262 0.43694 0.11344 0.39141
0.28111 0.59874 0.75350 0.20278
0.15300 0.95697 0.98489 0.55021
0.87995 0.45454 0.72295 0.95242
0.42866 0.80579 0.36533 0.05814
0.67478 0.40003 0.88609 0.90639
0.91931 0.62471 0.07617 0.43553
0.18565 0.73280 0.74051 0.24161
0.70603 0.47231 0.20100 -0.00238
0.43154 0.80947 0.36109 -0.01578
0.61403 0.41962 0.35995 0.19154
0.34130 0.77820 0.11471 0.44169
0.18217 0.10446 0.08067 0.42635
0.77824 0.14086 0.93968 0.11326
0.09083 0.71420 0.83345 0.72466
0.92118 0.77283 0.17072 0.39850
0.85021 0.88133 0.19175 0.23495
0.40759 0.67224 0.28189 0.62363
0.35984 0.78600 0.09303 0.46402
0.91544 0.53431 0.12793 0.58443
0.12163 0.62049 0.29085 0.56949
0.83169 -0.01109 0.25837 0.10632
0.18619 0.62976 0.30159 0.56708
0.60462 0.41761 0.07976 0.36519
0.94010 0.02674 0.46241 0.66596
0.61726 0.59163 0.58322 0.61394
0.98299 0.40157 0.82757 0.62734
-0.02925 0.73355 0.34977 0.42982
0.65401 0.39910 0.30644 0.20720
0.10315 0.68308 0.86878 0.72648
0.36370 0.20844 0.76464 0.63858
0.16488 0.64692 0.30325 0.57119
0.35185 0.36796 0.58172 0.86244
0.94342 0.76627 0.14129 0.41746
0.41600 0.62231 0.36048 0.04942
0.56593 0.40189 0.77734 0.14603
0.16280 0.59850 0.33268 0.83573
0.36599 0.64758 0.34446 0.04321
0.89026 0.02168 0.24279 0.12658
0.09625 0.43327 0.74226 0.94347
0.59124 0.45931 0.09021 0.37352
0.01844 0.69915 0.33370 0.45156
0.59638 0.45179 0.10444 0.39017
0.56408 0.24456 0.98736 0.32579
-0.00313 0.72552 0.32151 0.41109
0.42625 0.82259 0.37147 0.07140
0.32056 0.81695 0.29004 0.75485
0.99446 0.42603 0.77548 0.60332
0.77097 0.11238 0.93887 0.06844
0.43068 0.68252 0.31477 0.56560
0.42871 0.61955 0.30948 0.03997
0.43322 0.66071 0.32719 0.59313
0.14077 0.69707 0.75143 0.25095
0.90511 0.60929 0.06068 0.43016
0.21851 0.60144 0.30277 0.86143
0.14446 0.73625 0.76742 0.22557
0.51344 0.81453 0.83520 0.92722
0.90549 0.85315 0.53294 0.89589
0.30041 0.34318 -0.02134 0.63841
0.31993 0.68716 0.96566 0.72880
0.19310 0.10939 0.05806 0.45569
0.92679 0.95638 0.54313 0.93110
0.09729 0.95620 0.09275 0.82991
0.37388 0.62973 0.86261 0.61653
0.31300 0.39251 0.04808 0.89767
0.14168 0.96196 0.99644 0.55135
0.28921 0.85726 0.27418 0.76334
0.35254 0.32746 0.57626 0.88431
0.66741 0.45641 0.85927 0.92522
0.08166 0.93585 0.03672 0.81640
0.04329 0.40118 0.06182 0.20161
0.36241 0.61241 0.86088 0.60472
0.17476 0.66117 0.28384 0.58468
0.67041 0.41116 0.32999 0.19715
0.86763 0.01138 0.25071 0.12115
0.31310 0.89649 0.15209 0.79566
0.89285 0.68968 0.87828 0.79260
0.64287 0.42687 0.88449 0.90569
0.87383 0.59079 0.07654 0.42332
0.46461 0.78084 0.82995 0.90532
0.15956 0.61830 0.33455 0.80967
0.91642 0.70840 0.87312 0.78902
0.76961 0.10828 0.93381 0.08892
0.66434 0.57370 0.58677 0.60699
0.60768 0.44072 0.10814 0.38907
0.49637 0.94072 0.07382 0.80441
0.54200 0.90612 0.14487 0.12448
0.49387 0.92360 0.10502 0.78571
0.37721 0.83527 0.12230 0.44522
0.31423 0.74307 0.97595 0.74131
0.95627 0.68701 0.88009 0.79948
0.93688 0.70107 0.90741 0.75564
0.38465 0.66313 0.95170 0.76950
0.39174 0.68474 0.95698 0.74948
0.85894 0.02457 0.75758 0.31880
0.60250 0.42410 0.33398 0.22087
0.11310 0.90016 0.07399 0.79976
0.58666 0.27107 1.00755 0.33807
0.87585 0.06248 0.76030 0.28645
0.92477 0.43725 0.71382 0.90888
0.19835 0.67712 0.73887 0.27149
0.68043 0.42653 0.87150 0.90979
0.35695 0.42846 0.07274 0.90603
0.15575 0.93914 1.01805 0.52855
0.89079 0.42396 0.71308 0.90688
0.33928 0.86682 0.11400 0.78626
0.37072 0.60584 0.85323 0.63189
0.36472 0.23316 0.77411 0.62273
0.30385 0.83625 0.28065 0.72238
0.16463 0.69914 0.74875 0.22836
0.38410 0.19773 0.78122 0.60680
0.87996 0.46977 0.71026 0.86898
0.17549 0.92225 0.99388 0.56209
0.37276 0.22562 0.76803 0.60480
0.41836 0.76430 0.36291 -0.01198
0.60607 0.25816 0.95858 0.34441
0.72009 0.47682 0.20838 0.01789
0.25851 0.34712 0.00468 0.67002
-0.00692 0.66284 0.11668 0.80460
0.66444 0.43098 0.88249 0.89717
0.84887 0.00240 0.25342 0.16348
0.84719 0.01785 0.25557 0.08391
0.87909 0.75588 0.14936 0.43852
0.07722 0.43963 0.02810 0.20344
0.02185 0.67222 0.10930 0.79616
0.71444 0.04048 0.33974 0.45437
0.51118 0.85326 0.11703 0.10470
0.88104 0.44162 0.72941 0.92806
0.33141 0.43286 0.04204 0.89989
0.66745 0.42443 0.88484 0.87647
0.87212 0.83532 0.20049 0.30489
0.65001 0.63209 0.56803 0.62689
0.62145 0.42551 0.32702 0.20438
0.28426 0.87061 0.10106 0.83113
0.39446 0.77716 0.34773 0.06711
0.15803 0.69993 0.72292 0.28157
0.33454 0.38848 -0.01988 0.65346
0.41083 0.61722 0.30794 0.56954
0.76856 0.15244 0.94538 0.09615
0.55157 0.90492 0.08604 0.12524
0.52986 0.92480 0.11559 0.78046
0.43925 0.48594 0.33104 0.03456
0.91789 0.91692 0.54612 0.91317
0.88053 0.52995 0.08935 0.43083
0.92365 0.68068 0.89198 0.74866
0.16332 0.13116 0.05142 0.42463
0.84872 0.10568 0.75453 0.31823
0.57249 0.40072 0.83017 0.15021
0.51256 0.83607 0.82017 0.92430
0.16872 0.67361 0.72755 0.25501
0.04825 0.41388 0.03157 0.23951
0.00472 0.73523 0.34920 0.43668
-0.03788 0.71737 0.33418 0.47818
0.71856 0.06178 0.34518 0.44643
0.29926 0.59051 0.75484 0.19594
0.84644 0.00871 0.21308 0.14326
0.76387 0.25610 0.56736 0.63970
0.43388 0.69971 0.32035 0.56835
0.24273 0.63039 0.74456 0.22975
0.57474 0.48117 0.08707 0.39939
0.43609 0.66975 0.35970 0.60122
0.32271 0.37549 -0.00176 0.66315
0.23021 0.71145 0.75617 0.16474
0.71768 0.47183 0.23209 0.04805
0.40525 0.77178 0.37691 0.08419
0.51558 0.93835 0.08718 0.76818
0.90384 0.41286 0.72333 0.91174
0.52293 0.86304 0.10428 0.12654
0.90091 0.75552 0.10118 0.38810
0.26417 0.82017 0.29295 0.73400
0.14789 0.68519 0.71320 0.29026
0.88648 0.58150 0.09375 0.42271
0.39669 0.79145 0.13696 0.43310
0.35683 0.81276 0.16308 0.43254
0.95431 0.65888 0.89111 0.76802
0.35311 0.85213 0.09666 0.41579
0.64758 0.42433 0.89765 0.92497
1.00460 0.42757 0.81457 0.59485
0.29358 0.62289 0.75824 0.19715
0.05787 0.37790 0.04502 0.23063
0.90921 0.74039 0.14764 0.42302
0.73025 0.45965 0.24857 0.02763
0.92847 0.69989 0.90467 0.78526
0.13348 0.63830 0.24065 0.55667
0.41177 0.76984 0.36427 0.06389
0.25371 0.83324 0.30539 0.78437
0.33371 0.23377 0.81069 0.63871
0.71064 0.44253 0.16386 0.04376
0.41169 0.77960 0.34095 0.04311
0.35510 0.62548 0.95210 0.79223
0.91513 0.76407 0.14347 0.41143
0.91887 0.51910 0.11915 0.59654
0.92253 0.59213 0.06641 0.42732
0.94933 0.50404 0.17115 0.59019
0.14346 0.61240 0.24875 0.57643
0.49564 0.90502 0.10367 0.10684
0.13405 0.65836 0.28039 0.59223
1.00068 0.43808 0.82888 0.58807
0.55785 0.40003 0.81208 0.13647
0.26660 0.86535 0.28416 0.74051
0.78992 0.24828 0.57732 0.65960
0.39416 0.66292 0.35286 0.59089
0.26793 0.81419 0.29155 0.77686
0.89436 0.42316 0.72112 0.90348
0.86090 0.88467 0.15959 0.25196
0.95417 0.92495 0.50572 0.91574
0.89629 0.49992 0.13142 0.59165
0.89651 0.58853 0.08359 0.40752
0.92960 0.75181 0.14154 0.39681
0.37293 0.38134 0.57571 0.86034
0.67680 0.59046 0.55501 0.59337
0.43661 0.78937 0.36738 0.03431
0.64962 0.63457 0.59105 0.60891
0.40608 0.80505 0.14892 0.42379
0.32888 0.39989 0.06309 0.91201
0.24748 0.70981 0.72581 0.15641
0.37225 0.61321 0.88080 0.64398
0.14883 0.14037 0.01267 0.44888
0.95449 0.69207 0.83210 0.76240
0.59932 0.23573 0.97151 0.32655
0.52284 0.81695 0.86028 0.86785
0.11965 0.98240 0.97712 0.57013
0.78414 0.10366 0.93735 0.08393
0.83706 0.87959 0.15890 0.30200
0.10835 0.95325 0.11839 0.79915
0.09124 0.93788 0.06984 0.80789
0.35245 0.35759 0.57329 0.84147
0.87715 0.72933 0.86969 0.76648
0.42215 0.65555 0.30585 0.60329
0.49574 0.80883 0.87080 0.92238
0.40509 0.64209 0.33364 0.60409
0.24675 0.71601 0.73885 0.16256
0.94839 0.52694 0.11323 0.61169
0.70728 0.44961 0.21251 0.05079
0.86925 0.88628 0.13719 0.24758
0.60353 0.38377 0.76983 0.15544
0.84143 0.02767 0.25961 0.12525
0.35930 0.82378 0.13645 0.47463
0.58795 0.22450 0.98876 0.30803
0.91535 0.87124 0.53788 0.91521
0.63614 0.58499 0.56145 0.60603
0.47555 0.46612 0.29540 0.06205
0.57807 0.47098 0.09530 0.39977
0.41018 0.66407 0.30531 0.02470
0.37001 0.67211 0.99384 0.74413
0.15758 1.00432 0.99944 0.54137
0.37763 0.59908 0.82346 0.59596
0.29592 0.58660 0.74646 0.18563
0.16330 0.69421 0.71092 0.28101
0.26424 0.59648 0.82984 0.19990
0.79737 0.24977 0.58902 0.68224
0.65000 0.43048 0.84765 0.94369
0.88794 0.05334 0.75861 0.31302
0.79114 0.13054 0.94328 0.06267
0.74094 0.06422 0.34388 0.43092
0.63335 0.38985 0.31461 0.21186
0.88626 0.42270 0.69166 0.94407
0.84376 0.81962 0.14690 0.29311
0.05562 0.42380 0.03276 0.21030
0.44555 0.45325 0.33323 0.06449
0.12034 0.08742 0.05885 0.42967
0.16354 0.95681 1.00266 0.51247
0.32946 0.41206 0.56817 0.87281
-0.01294 0.72303 0.33691 0.45590
0.61555 0.45419 0.08387 0.42981
0.34357 0.61713 0.86810 0.63987
0.29989 0.35840 0.04011 0.68562
0.45606 0.48402 0.30518 0.06135
0.36548 0.64318 0.96313 0.80811
0.84665 0.84478 0.17358 0.24543
0.72949 0.43830 0.20540 0.01030
0.15294 0.67819 0.75208 0.23013
0.10748 0.44808 0.71879 1.00396
0.06179 0.41326 0.03663 0.20079
0.93186 0.67026 0.86384 0.73893
0.12472 0.95418 0.10502 0.79715
0.85482 0.00051 0.28404 0.11587
0.37923 0.22339 0.77892 0.63602
0.39783 0.59994 0.83539 0.57880
0.77456 0.08395 0.92844 0.08500
0.55452 0.86155 0.16546 0.14918
0.29810 0.40809 0.03641 0.85604
0.32864 0.43402 0.07127 0.88544
0.41663 0.63213 0.28485 0.07189
0.14466 0.95378 0.98886 0.54256
0.91948 0.70006 0.88706 0.78181
0.92976 0.92698 0.52871 0.91381
0.94283 0.53990 0.13842 0.58286
0.10733 0.67626 0.84093 0.72610
1.02800 0.39524 0.83127 0.58231
0.25888 0.70349 0.75030 0.17057
0.27211 0.65470 0.76169 0.18500
0.35123 0.41974 0.57618 0.88879
0.98493 0.01125 0.52645 0.68784
0.93236 0.54308 0.17893 0.59384
0.94905 0.53107 0.14574 0.57743
0.67718 0.43230 0.24112 0.04488
0.12205 0.69093 0.84063 0.75403
0.34975 0.37232 0.53225 0.86420
0.27148 0.31672 -0.02553 0.64550
0.64156 0.59779 0.57797 0.61938
0.08636 0.68904 0.83990 0.71008
0.41247 0.63687 0.34777 0.08470
0.86685 0.06870 0.76950 0.28812
0.87863 0.75873 0.13468 0.43391
0.64936 0.43258 0.88951 0.92923
0.68667 0.43868 0.87565 0.91269
0.96967 0.04587 0.49796 0.68328
0.93379 0.92465 0.51948 0.90139
0.16379 0.61044 0.28626 0.85976
0.82356 0.00247 0.24022 0.10078
0.31100 0.57903 0.75237 0.21500
0.38513 0.77070 0.39437 0.04600
0.32744 0.83982 0.11600 0.80365
0.31240 0.37430 -0.01114 0.65209
0.30595 0.82251 0.26391 0.76254
0.73986 0.03562 0.37770 0.44671
0.91298 0.58776 0.05468 0.43501
0.15887 0.10066 0.05429 0.43130
0.34505 0.39268 0.60698 0.88270
0.95752 0.67874 0.86201 0.74331
0.60843 0.40224 0.80947 0.16801
0.84565 -0.01075 0.24522 0.11031
0.58743 0.26483 1.00752 0.32977
1.01998 0.04129 0.48088 0.67911
0.16353 0.64081 0.33160 0.84637
0.01080 0.38804 0.01847 0.24533
0.24025 0.68301 0.72611 0.13714
0.39934 0.65757 0.29830 -0.00610
0.84310 0.90160 0.17049 0.29270
0.96203 0.01906 0.49965 0.66028
0.87053 0.54598 0.07441 0.41665
0.89430 0.01174 0.25088 0.14168
0.87274 0.41879 0.70942 0.93175
0.62652 0.40340 0.82514 0.19811
0.35817 0.38867 0.56735 0.88710
0.54296 0.90219 0.08183 0.81842
0.95951 0.53931 0.16032 0.57823
0.03712 0.42816 0.03965 0.19940
0.64158 0.43724 0.88009 0.92333
0.38224 0.57975 0.88299 0.62343
0.47414 0.79801 0.86931 0.89069
0.35947 0.68324 0.97645 0.74765
0.55852 0.29388 0.97234 0.32258
1.00590 0.01949 0.50718 0.63558
0.36382 0.43176 0.06823 0.86470
0.37684 0.80089 0.14939 0.46460
0.17626 0.15657 0.08480 0.48232
0.12156 0.92314 0.09461 0.84410
0.74081 0.07791 0.30586 0.44991
0.41181 0.62711 0.28517 0.04456
0.85449 0.08518 0.75808 0.32058
0.53477 0.96601 0.07920 0.75394
0.27308 0.58141 0.71284 0.20759
0.44337 0.64651 0.28575 0.59085
0.14896 0.67151 0.86674 0.70280
0.94219 0.49022 0.70770 0.96035
0.25964 0.80295 0.28804 0.75907
-0.02755 0.72675 0.33657 0.44179
0.91163 0.76507 0.13745 0.44238
0.12082 0.94650 1.03383 0.47714
0.95762 0.04502 0.48786 0.65121
0.11542 0.94142 0.11902 0.84468
0.25204 0.59234 0.73875 0.24448
0.66958 0.44016 0.85492 0.91707
0.86186 0.85038 0.19114 0.29429
0.59298 0.41260 0.80577 0.13800
0.64817 0.60430 0.59072 0.61575
0.62030 0.61447 0.56887 0.59997
0.58047 0.88095 0.07632 0.79488
0.25472 0.83742 0.28241 0.75264
0.08204 0.38645 0.00784 0.20115
0.63140 0.42333 0.30913 0.20763
0.19753 0.65663 0.31335 0.54753
0.32514 0.41142 0.05261 0.90624
0.58750 0.37829 0.80821 0.14792
0.90109 0.58473 0.05248 0.42756
0.53968 0.82597 0.12473 0.13232
0.33739 0.36142 0.55702 0.84941
0.39468 0.64202 0.33933 0.03885
0.33440 0.35590 0.54174 0.88082
0.28478 0.61395 0.75627 0.22112
0.70233 0.45107 0.24988 0.05140
0.95849 0.52756 0.13853 0.59952
0.95236 0.72705 0.86961 0.77227
0.93666 0.53572 0.16704 0.60536
0.79584 0.13022 0.97450 0.08486
0.02762 0.34962 0.05057 0.23515
0.11344 0.93413 0.07840 0.83457
0.52404 0.89386 0.07955 0.78039
0.36163 0.23294 0.75426 0.60046
0.16724 0.08852 0.05060 0.46897
0.85701 0.03120 0.27658 0.13195
0.60670 0.41148 0.76973 0.14126
0.60394 0.23897 1.03525 0.36450
0.85053 0.40505 0.66323 0.92494
0.14304 0.64178 0.33878 0.84523
0.65881 0.43839 0.86428 0.93951
0.99839 0.37204 0.83471 0.59057
0.67242 0.47301 0.25904 0.06135
0.75127 0.08334 0.96568 0.09150
0.59604 0.42232 0.06852 0.39238
0.80001 0.09074 0.90804 0.06130
0.34135 0.82246 0.12392 0.47938
0.78682 0.02887 0.31781 0.44495
0.84359 0.02841 0.26352 0.10501
0.60724 0.44681 0.06986 0.37645
0.56892 0.24467 0.97639 0.31583
0.68308 0.58250 0.55938 0.60481
0.14602 0.95233 0.99617 0.51468
0.37907 0.38456 0.60217 0.84637
0.82260 0.86641 0.18298 0.26938
1.00030 0.43985 0.82617 0.59700
0.07847 0.93881 0.10904 0.82491
0.66780 0.59123 0.57361 0.60911
0.34880 0.42309 0.05734 0.89475
0.54653 0.93712 0.12279 0.79360
0.57737 0.43265 0.06824 0.36002
0.93157 0.42793 0.81215 0.61409
0.37983 0.62551 0.35873 0.03461
0.02715 0.40218 0.03907 0.18418
0.79255 0.24692 0.59950 0.67921
0.29855 0.56448 0.75268 0.19496
0.26808 0.72337 0.71340 0.15901
0.65695 0.58959 0.57852 0.57850
0.40072 0.77107 0.08001 0.47567
0.57485 0.23217 0.97645 0.34253
0.38300 0.24534 0.77356 0.60639
0.93941 0.94277 0.54735 0.93338
0.35903 0.34661 0.58331 0.85416
0.33299 0.36567 -0.01369 0.66388
0.47287 0.49934 0.29315 0.07223
0.76716 0.12964 0.95486 0.08011
0.86015 0.73397 0.12712 0.38856
0.41066 0.47341 0.28628 -0.00314
0.73517 0.46335 0.21937 0.05105
0.36161 0.39382 0.56320 0.87301
0.26161 0.83552 0.28160 0.74870
0.91066 0.75360 0.14932 0.40603
0.32129 0.34631 -0.01652 0.61256
0.06401 0.45600 0.71547 0.96871
0.95651 0.48286 0.15832 0.54509
0.44749 0.47349 0.28134 0.04476
0.16114 0.69555 0.75529 0.26707
0.88502 0.60587 0.07602 0.45835
0.56388 0.32159 0.82596 0.15311
0.86587 0.86753 0.15050 0.27495
0.92084 0.53481 0.15632 0.55907
0.56210 0.37703 0.82381 0.19254
0.26772 0.58059 0.76802 0.21627
0.84546 0.86617 0.19395 0.27089
0.12825 0.68755 0.84467 0.73355
0.10787 0.96469 0.98970 0.53585
0.55969 0.43504 0.76938 0.17461
0.36607 0.78319 0.13791 0.44113
0.89741 0.87413 0.51935 0.92880
0.81507 0.08734 0.94912 0.08849
0.27126 0.67002 0.75405 0.13051
0.16669 0.71114 0.74349 0.26328
0.74337 0.04194 0.31536 0.40697
0.99115 0.43200 0.77174 0.61484
0.78669 0.30995 0.56866 0.69488
0.16696 0.10393 0.05954 0.44147
0.28450 0.31818 -0.00761 0.65920
0.33696 0.81001 0.09640 0.45752
0.83961 0.87443 0.15918 0.29712
0.04753 0.65905 0.08259 0.82866
0.74244 0.46789 0.23630 0.07129
0.11711 0.69073 0.88281 0.73690
0.98621 0.01002 0.46855 0.67958
0.62592 0.41855 0.77563 0.16772
0.36244 0.41178 0.04900 0.88478
0.95274 0.69753 0.87936 0.75153
0.15064 0.93648 0.99524 0.52166
0.92175 0.54423 0.16212 0.55965
0.78291 0.29148 0.57392 0.67679
0.90873 0.89086 0.50700 0.91478
0.43235 0.81492 0.37877 0.01701
0.75811 0.30560 0.58022 0.69419
0.36437 0.20114 0.80993 0.66528
0.23244 0.68827 0.72048 0.15017
0.88156 0.40589 0.70978 0.91754
0.68038 0.41455 0.90099 0.92752
0.29750 0.64563 0.76606 0.21301
0.35997 0.64938 0.95642 0.73365
0.80929 0.85201 0.16686 0.26011
0.80555 0.25776 0.57827 0.65034
0.98455 0.02862 0.47146 0.65288
0.66118 0.40919 0.88684 0.91239
0.40522 0.63818 0.32684 0.04477
0.40158 0.63079 0.33787 0.01058
0.94647 0.92149 0.53585 0.91995
0.57090 0.33393 0.82860 0.14575
0.03698 0.61833 0.07540 0.80641
0.75959 0.11950 0.98675 0.06350
0.91616 0.74548 0.15652 0.42152
0.29791 0.83026 0.31786 0.78691
0.96687 0.40853 0.81065 0.59130
0.33068 0.85602 0.09062 0.80201
0.27351 0.88482 0.17023 0.79761
0.22172 0.70608 0.71916 0.16853
0.43347 0.49308 0.28880 0.04250
0.41820 0.82647 0.36815 0.05515
0.69886 0.46809 0.25666 0.03561
0.34944 0.84997 0.15064 0.79323
0.59840 0.41277 0.08149 0.41519
0.10468 0.68192 0.86214 0.71449
0.72908 0.04308 0.36675 0.42820
0.69522 0.46091 0.19355 0.05730
0.73478 0.27561 0.56041 0.68621
0.85146 0.03157 0.27447 0.15532
0.86830 -0.01631 0.23532 0.15502
0.36173 0.83982 0.11968 0.78915
0.62895 0.39483 0.33285 0.26257
0.90892 0.57435 0.05354 0.42246
0.05189 0.41216 0.04735 0.21400
0.09431 0.48373 0.69041 0.98602
0.89613 0.58499 0.05119 0.42259
0.56323 0.26047 0.99896 0.36463
0.17815 0.66638 0.72048 0.24226
0.91526 0.46048 0.69708 0.91991
0.13069 0.94590 0.98040 0.52194
0.10224 0.94993 0.10350 0.82414
0.90366 0.51897 0.16744 0.63442
0.47981 0.49434 0.29103 0.06225
0.85455 0.85315 0.17475 0.26864
-0.00309 0.61803 0.16207 0.81207
0.78446 0.11868 0.93761 0.08104
0.31282 0.87167 0.10182 0.76446
0.77653 0.25328 0.54385 0.62444
0.42180 0.49089 0.28692 0.02610
0.42136 0.64034 0.31414 0.00004
0.16260 0.72005 0.72835 0.23046
0.13553 0.62760 0.87754 0.75689
0.16137 0.93115 1.00615 0.54962
0.28273 0.74481 0.74861 0.13486
0.35499 0.36954 0.55779 0.89250
0.16582 0.64863 0.28024 0.56956
0.09050 0.66737 0.83993 0.78628
-0.00436 0.75736 0.34712 0.46509
0.99318 0.38639 0.85698 0.62286
0.58658 0.42896 0.82152 0.16238
0.46307 0.75793 0.83298 0.90305
0.52541 0.78114 0.83992 0.89932
0.92189 0.90752 0.56234 0.91619
0.09626 0.94701 0.07152 0.85310
0.34207 0.86179 0.08664 0.81464
0.86232 -0.01130 0.26038 0.08999
0.21611 0.71891 0.74824 0.14987
0.35163 0.86952 0.13617 0.82423
0.61722 0.35975 0.34322 0.24715
0.55738 0.23715 0.96434 0.36033
0.29719 0.86316 0.26171 0.73008
0.16933 0.69844 0.71877 0.26866
0.15403 0.11884 0.06576 0.43356
0.40266 0.62696 0.29522 0.58072
0.18179 0.59614 0.32605 0.83189
0.55150 0.90536 0.09847 0.77427
0.38470 0.62189 0.32868 0.62612
0.33462 0.41587 0.06852 0.90177
0.17378 0.57513 0.30425 0.87084
0.02879 0.39460 0.05254 0.21134
0.36746 0.65803 0.97408 0.78233
-0.00875 0.74596 0.36559 0.43313
0.09838 0.45548 0.72185 0.95032
0.10579 0.69558 0.86277 0.77929
-0.01694 0.73091 0.36798 0.45918
0.35344 0.37898 0.53932 0.85814
0.66290 0.40081 0.31120 0.24488
0.16596 0.68087 0.74257 0.24662
0.53151 0.93974 0.11261 0.80240
0.11007 0.70456 0.85700 0.79028
0.40533 0.81858 0.37373 0.07095
0.28349 0.36992 0.00855 0.61920
0.22594 0.68133 0.76653 0.16377
0.98946 0.44909 0.83614 0.62105
0.23675 0.73215 0.77849 0.13131
1.01782 0.02888 0.51488 0.66990
0.93368 0.52606 0.14766 0.56886
0.53293 0.23109 0.98527 0.32262
1.00612 0.39311 0.81906 0.60041
0.87577 0.01281 0.24754 0.12920
0.74907 0.05129 0.34263 0.43793
0.38698 0.76043 0.39144 0.02986
1.00634 0.37342 0.82619 0.59742
0.18456 0.66662 0.28204 0.60274
0.95243 0.70775 0.87176 0.75611
0.33510 0.43752 0.01848 0.88411
0.89391 0.57060 0.10181 0.39909
0.17304 0.14381 0.05400 0.44380
0.33064 0.72625 0.96727 0.79226
0.93373 0.66887 0.86581 0.76667
0.84099 0.08099 0.77247 0.32480
0.61330 0.38128 0.74612 0.19564
0.08302 0.46029 0.72148 0.99649
0.88075 0.83364 0.17924 0.26237
0.33893 0.63593 0.88770 0.62182
0.95653 0.90586 0.54829 0.87842
0.92364 0.91558 0.51248 0.88750
0.84003 0.85387 0.15833 0.27072
0.94628 0.04806 0.48143 0.67302
0.49976 0.80653 0.83729 0.89762
0.12176 0.48009 0.72667 0.96452
1.00642 -0.00099 0.48322 0.66622
0.57398 0.89261 0.07757 0.79596
0.28724 0.85270 0.28686 0.73897
0.17482 0.64628 0.26772 0.58163
0.38387 0.63511 0.86162 0.58868
0.17453 0.10070 0.05991 0.43580
0.87155 0.59443 0.09397 0.44932
0.44181 0.49118 0.28857 0.04836
0.88984 0.57445 0.07177 0.43629
0.41442 0.85523 0.35596 0.04659
0.17988 0.60535 0.34766 0.87348
0.03136 0.43145 0.02452 0.17970
0.44072 0.47985 0.28510 0.03623
0.53640 0.85663 0.13574 0.09426
0.16487 0.63962 0.30915 0.84098
0.58586 0.28661 0.96723 0.34638
0.76033 0.04243 0.31824 0.42145
0.30525 0.57392 0.72888 0.23208
0.61824 0.40825 0.33125 0.19140
0.26115 0.66118 0.72993 0.15474
0.87017 0.89468 0.15992 0.24413
0.42601 0.68000 0.29352 0.00656
0.55670 0.87390 0.12073 0.14026
0.15810 0.64840 0.32567 0.86809
0.91417 0.77026 0.15125 0.37956
0.56470 0.90400 0.12007 0.07690
0.89078 0.00279 0.24610 0.12627
0.72098 0.05319 0.34864 0.42399
0.61604 0.26469 0.96110 0.35101
0.52107 0.80487 0.87139 0.92432
0.15557 0.10303 0.06372 0.42221
0.40683 0.20929 0.77411 0.62270
1.01775 0.39322 0.82875 0.61449
0.75496 0.27100 0.60305 0.68049
0.90740 0.69770 0.89146 0.76566
0.43239 0.49235 0.26672 0.03448
0.92066 0.54449 0.14897 0.61636
0.16398 0.99078 1.02197 0.54386
0.10106 0.44997 0.73296 0.97280
0.44147 0.50368 0.29262 0.03347
0.92472 0.70428 0.85598 0.76366
0.44289 0.45754 0.33147 0.04132
0.34912 0.57222 0.86178 0.56456
0.86927 0.77875 0.13790 0.39852
0.89816 0.06291 0.76903 0.32077
0.85867 0.06025 0.75258 0.36878
0.09651 0.66668 0.85499 0.76337
0.26507 0.59296 0.74901 0.23223
0.79373 0.27123 0.58007 0.66484
0.93098 0.51062 0.13601 0.58530
0.01003 0.61857 0.12590 0.81585
1.00924 0.00404 0.50368 0.66733
0.39766 0.22547 0.82031 0.59027
-0.00887 0.73947 0.32834 0.44475
0.49631 0.81672 0.88426 0.89640
0.61067 0.40588 0.29077 0.22855
0.13919 0.46844 0.72558 0.96912
-0.01084 0.72040 0.37268 0.43707
0.15990 0.69552 0.73741 0.27299
0.67514 0.46271 0.20496 0.04039
0.38591 0.68049 0.32269 0.61334
0.57296 0.28425 0.97275 0.36067
0.57640 0.26272 1.01450 0.33730
0.37277 0.22271 0.78999 0.61830
0.54091 0.92701 0.09651 0.75543
0.60480 0.46399 0.10335 0.38097
0.38571 0.32727 0.57232 0.87276
0.33940 0.38563 0.56521 0.88472
0.00339 0.63598 0.12748 0.80642
0.73310 0.28611 0.53864 0.68638
0.11135 0.45091 0.74538 0.97414
0.61699 0.41305 0.34262 0.23321
0.88905 0.42972 0.73224 0.87570
0.37753 0.20907 0.75554 0.62751
0.34245 0.70581 0.95389 0.76299
0.01723 0.74214 0.34077 0.42085
0.52301 0.90877 0.11514 0.80744
0.14178 0.68360 0.83493 0.74708
0.03509 0.65161 0.14065 0.77439
0.15674 0.61309 0.28405 0.57626
0.56391 0.89252 0.09623 0.16305
0.35903 0.79590 0.11064 0.44555
-0.00637 0.73279 0.37594 0.43389
0.34117 0.45632 0.03377 0.89073
0.95959 0.68513 0.84169 0.76575
0.55396 0.23393 0.98486 0.35388
0.25299 0.80274 0.26132 0.76307
0.15230 0.68806 0.73066 0.24115
0.76572 0.05841 0.35422 0.44069
0.31305 0.86359 0.09473 0.82228
0.55367 0.86511 0.13785 0.13246
0.37604 0.67827 0.33770 0.57842
0.63906 0.60364 0.55156 0.60560
0.40516 0.66315 0.30848 0.00948
0.28660 0.59591 0.77665 0.20908
0.37989 0.65834 0.33273 0.02385
0.74163 0.08013 0.31981 0.45693
0.28098 0.33690 0.03561 0.68803
0.16367 0.10160 0.01049 0.46336
0.91368 0.45765 0.70893 0.90537
0.15856 0.97523 0.95741 0.50938
0.84871 0.87810 0.15447 0.23534
0.55611 0.86824 0.10276 0.10089
0.25273 0.70393 0.76122 0.14436
0.18926 0.72332 0.73029 0.26370
0.84767 0.86836 0.19141 0.25888
0.24190 0.72443 0.72713 0.16719
0.13505 0.62204 0.32151 0.82894
0.82271 -0.03225 0.23897 0.16145
0.94454 0.51572 0.18332 0.61894
0.61932 0.42085 0.86243 0.91519
0.29392 0.58130 0.74245 0.21399
0.84637 0.85002 0.18796 0.27008
0.32571 0.32352 -0.01014 0.67595
0.99275 0.43160 0.84817 0.59521
0.14451 0.61111 0.28046 0.53883
0.92353 0.09064 0.75396 0.34042
0.44122 0.49886 0.29249 0.06599
0.33720 0.86968 0.11848 0.81718
0.47820 0.77463 0.86637 0.88537
0.27537 0.36294 -0.00532 0.65849
0.37954 0.67378 0.92866 0.79124
0.87819 0.05597 0.75220 0.32655
0.13125 0.66890 0.86771 0.74795
0.10177 0.68018 0.86833 0.71589
0.87712 0.86908 0.12357 0.28152
0.94166 0.89404 0.56515 0.93449
0.52452 0.81625 0.85007 0.92216
0.37016 0.36842 0.54443 0.85331
0.36846 0.71474 0.94926 0.78938
0.59354 0.45548 0.08297 0.37576
0.34321 0.69377 0.95902 0.79580
0.79634 0.31341 0.54545 0.71998
0.94206 0.53667 0.13624 0.57183
0.46232 0.48939 0.29064 0.03792
0.79969 0.27967 0.56733 0.72280
0.34789 0.61466 0.87838 0.60527
0.61702 0.34419 0.79507 0.15302
0.82702 0.04181 0.25888 0.12697
0.13804 0.61929 0.31791 0.84788
0.12728 0.68637 0.86175 0.72230
0.34527 0.70713 0.94561 0.74711
0.24090 0.67817 0.73110 0.16043
0.57776 0.25443 0.97447 0.30098
0.42146 0.65210 0.28139 0.04344
0.93653 0.52571 0.16971 0.58996
0.58976 0.39994 0.78705 0.18249
0.79595 0.26176 0.58231 0.68544
0.90237 0.93686 0.52023 0.87665
0.52504 0.77869 0.87465 0.88851
0.29134 0.38548 0.00837 0.65894
0.62766 0.39077 0.75964 0.20027
0.44123 0.66753 0.33516 0.01707
0.12009 0.68326 0.69327 0.25733
0.92783 0.51503 0.16540 0.59972
0.17781 0.11354 0.08851 0.38217
0.77893 0.05728 0.30887 0.41953
0.62328 0.44673 0.88872 0.90354
0.17217 0.69530 0.76933 0.25409
0.33515 0.84342 0.14110 0.43677
0.55886 0.77797 0.87851 0.89614
0.35276 0.83448 0.14479 0.41605
0.16788 0.61426 0.31094 0.84786
0.19827 0.72192 0.71629 0.27223
0.00806 0.75695 0.34363 0.42523
0.70282 0.45392 0.19564 0.05159
0.89134 0.76898 0.14971 0.38870
0.14013 0.66561 0.86964 0.76981
0.51132 0.50757 0.29219 0.03446
0.52732 0.93068 0.10038 0.80002
0.92216 0.93506 0.51166 0.87690
0.59463 0.49563 0.09015 0.39720
0.27693 0.40713 0.04538 0.86684
0.14509 0.73803 0.78525 0.24347
0.33566 0.68450 0.96994 0.75038
0.06618 0.38850 0.04219 0.22272
0.76167 0.07076 0.33100 0.44247
0.18004 0.66711 0.25984 0.59212
0.81049 0.15214 0.92115 0.09123
0.70311 0.47189 0.24304 0.01564
0.65190 0.45079 0.86145 0.89972
0.23613 0.66952 0.74050 0.13668
0.62081 0.37498 0.29101 0.25022
0.53868 0.78696 0.85789 0.92902
0.28445 0.34304 0.01786 0.64281
0.27397 0.83720 0.29526 0.72799
0.95906 0.03822 0.50431 0.62373
0.65478 0.42050 0.89121 0.90908
0.59691 0.43163 0.07572 0.37491
0.76685 0.05181 0.30937 0.46588
0.45297 0.49402 0.27206 0.04126
0.18066 0.67551 0.72576 0.25828
0.93216 0.71822 0.14448 0.41102
0.00483 0.74267 0.35607 0.46708
0.66278 0.58105 0.57750 0.62418
0.89014 0.57911 0.07666 0.40403
0.17432 0.61425 0.28681 0.59145
0.11285 0.70841 0.83797 0.74866
-0.00854 0.73572 0.34761 0.46425
0.14250 0.42987 0.68163 0.97460
0.56116 0.21665 0.99754 0.32503
0.96471 0.72097 0.89139 0.76285
0.77162 0.10116 0.92799 0.07328
0.08676 0.46938 0.73408 0.95343
0.91603 0.70120 0.87129 0.75893
0.56314 0.89176 0.13734 0.11866
0.56834 0.47392 0.10133 0.44303
0.25109 0.81788 0.28038 0.74432
0.14820 0.95959 0.98449 0.51554
0.97796 0.67184 0.86109 0.73928
0.95685 0.55934 0.17264 0.57985
0.51100 0.90819 0.12777 0.11922
0.92104 0.73202 0.12215 0.42726
0.96747 0.72015 0.92116 0.78624
0.34915 0.60513 0.91698 0.63090
0.05766 0.41883 0.05954 0.18815
0.78358 0.30626 0.58028 0.67376
0.61940 0.39770 0.30282 0.22505
0.42003 0.65347 0.30361 0.61993
0.40223 0.61957 0.34490 0.01832
0.74354 0.13048 0.93784 0.07804
0.41473 0.67087 0.32182 0.59554
0.00224 0.65021 0.10335 0.80625
0.33487 0.81039 0.12246 0.44066
0.84403 0.90152 0.19244 0.26309
0.33154 0.22501 0.78021 0.61470
0.70816 0.49289 0.21846 0.03005
0.17528 0.65376 0.27162 0.60292
0.23557 0.69850 0.78300 0.15637
0.04611 0.40546 0.05416 0.17837
0.34352 0.87813 0.11977 0.78038
0.90075 0.53136 0.16868 0.60606
0.35700 0.34246 0.59214 0.82913
0.11838 0.44925 0.75120 0.95234
0.24071 0.82966 0.27805 0.75236
0.13649 0.99589 0.99975 0.52449
0.04159 0.39619 0.06501 0.18788
0.35562 0.43375 0.03511 0.89573
0.01464 0.42020 0.05202 0.22094
0.96685 0.88998 0.53431 0.86486
0.52223 0.88531 0.11795 0.13824
0.69369 0.44093 0.24094 0.03188
0.38079 0.61975 0.88476 0.59969
0.39192 0.81274 0.12173 0.44856
0.77765 0.28005 0.56595 0.71696
0.85301 0.07320 0.75126 0.36163
0.39504 0.60793 0.32699 0.01104
0.68551 0.38667 0.88150 0.91730
0.76951 0.28785 0.58276 0.67292
0.15630 0.63094 0.28735 0.58723
0.37782 0.79958 0.11313 0.44569
0.54308 0.93608 0.10541 0.79320
0.69518 0.47652 0.28234 0.06612
0.60207 0.48474 0.10317 0.43159
-0.01450 0.65794 0.09435 0.78794
0.81999 -0.00341 0.23422 0.13362
0.15592 0.58433 0.32775 0.83620
0.92374 0.66278 0.89616 0.76516
0.62006 0.41427 0.30702 0.21409
0.53497 0.79963 0.85705 0.89743
0.61957 0.41565 0.30478 0.23579
0.34316 0.23932 0.78304 0.61849
0.23209 0.68409 0.73767 0.15167
0.13731 0.95891 0.99136 0.51228
0.59215 0.28161 0.97869 0.34036
0.19357 0.68432 0.72902 0.28574
0.87273 0.59424 0.06894 0.37993
0.59381 0.40965 0.31882 0.23743
0.28495 0.60576 0.72862 0.25027
0.40422 0.82953 0.16444 0.48176
1.03192 0.40317 0.83826 0.59970
0.50902 0.91818 0.09922 0.12872
0.88176 0.05160 0.78441 0.34869
0.53220 0.92277 0.08725 0.79709
0.16669 0.67421 0.73180 0.23699
0.55247 0.87911 0.13770 0.09485
0.40672 0.66282 0.32180 0.04169
0.50334 0.90134 0.08414 0.79597
0.40324 0.60704 0.32453 0.58483
0.78067 0.02106 0.32719 0.40768
0.54500 0.86729 0.10516 0.10767
0.12932 0.12646 0.04415 0.42413
0.57040 0.26543 0.97037 0.38717
0.53244 0.91836 0.12657 0.79476
0.27990 0.66906 0.72934 0.14261
0.74903 0.11119 0.93483 0.08682
0.74561 0.11949 0.95484 0.07899
0.55947 0.25177 0.97727 0.37173
0.84376 0.05579 0.21325 0.15107
0.64586 0.45084 0.24103 0.05685
0.67961 0.44513 0.91982 0.92711
0.15347 0.61043 0.32076 0.85635
0.01460 0.64482 0.13700 0.83080
0.15883 0.66174 0.30948 0.55226
0.25696 0.71400 0.76964 0.16920
0.89416 0.73827 0.13223 0.41319
0.76848 0.11062 0.92620 0.09693
0.59414 0.39963 0.82532 0.19311
0.89282 0.49296 0.71021 0.93210
-0.00957 0.71741 0.36724 0.45810
0.17467 0.14933 0.04930 0.46203
0.38112 0.36871 0.57241 0.86339
0.56758 0.87349 0.11404 0.12409
0.50241 0.81731 0.86654 0.86912
0.97611 0.69110 0.87020 0.79303
0.32767 0.37614 0.54851 0.89896
0.11985 0.48375 0.74727 0.97013
0.90607 0.94006 0.55559 0.90593
0.92341 0.69089 0.90290 0.74733
0.76755 0.03065 0.31925 0.44952
0.48978 0.79310 0.83393 0.88062
0.00537 0.65282 0.13128 0.79681
0.34166 0.22052 0.77909 0.64066
0.01855 0.67084 0.12532 0.83134
0.17803 0.60758 0.29402 0.55901
0.40903 0.67224 0.31380 0.61974
0.37424 0.82874 0.36659 0.05831
0.91305 0.90226 0.55308 0.90226
0.14134 0.15116 0.02775 0.44778
0.92056 0.91116 0.52795 0.94080
0.27313 0.32055 0.04977 0.66399
0.03576 0.40870 0.04838 0.21710
0.01031 0.63743 0.09344 0.79720
0.02259 0.40003 0.04709 0.24876
0.70468 0.46552 0.20975 0.06850
0.37882 0.79124 0.10580 0.43338
0.87066 0.73874 0.13080 0.38745
0.97154 0.00218 0.48285 0.66885
0.32769 0.87590 0.12231 0.82177
0.58150 0.25547 0.97247 0.31785
0.02479 0.65025 0.13668 0.82833
0.60754 0.43033 0.79546 0.20660
0.89743 0.54953 0.09197 0.42293
0.56234 0.91570 0.10347 0.76887
1.00551 0.04154 0.49316 0.66343
0.20836 0.09310 0.05671 0.44786
0.73701 0.07498 0.33154 0.42501
0.83447 0.20753 0.58274 0.69641
0.80523 0.10743 0.95574 0.06242
0.28311 0.36428 0.02348 0.64109
0.09702 0.47005 0.72966 0.96701
0.34267 0.67221 0.94238 0.80800
0.39597 0.34974 0.55096 0.83604
0.12863 0.93159 0.08206 0.81434
0.53978 0.78555 0.87655 0.93437
0.16386 0.62941 0.35586 0.83026
0.35901 0.59745 0.85641 0.63835
0.54992 0.93014 0.10035 0.76070
0.58196 0.38107 0.80014 0.16038
0.11214 0.49417 0.71285 0.94731
0.93222 0.91090 0.57218 0.91033
0.42909 0.48150 0.33961 0.07859
1.00016 0.44172 0.81014 0.58588
0.75672 0.04115 0.33803 0.45332
0.54062 0.93906 0.09323 0.76657
0.59150 0.26442 1.03870 0.37331
0.29036 0.64402 0.77724 0.22028
0.55963 0.89156 0.11243 0.78300
0.88711 -0.00196 0.24457 0.10063
0.63323 0.42551 0.08815 0.37418
0.34860 0.40786 0.06371 0.90190
0.36078 0.22128 0.74432 0.63389
0.83237 0.89736 0.18298 0.30263
0.26607 0.57794 0.78322 0.21863
0.08892 0.43222 0.69346 0.94315
0.10157 0.10104 0.07188 0.46261
0.16079 0.66620 0.86550 0.76565
0.08907 0.94848 0.08320 0.82079
0.76585 0.13020 0.94810 0.07282
0.34156 0.70856 0.94091 0.78951
0.87257 0.07614 0.76216 0.35381
0.45083 0.53034 0.28284 0.06511
0.37975 0.67878 0.94714 0.73771
0.26296 0.67935 0.76712 0.16417
0.17470 0.64888 0.25115 0.58401
0.02494 0.37487 0.01224 0.17142
0.35120 0.81958 0.09847 0.45362
0.18471 0.94997 0.97960 0.53513
0.09857 0.98745 0.09849 0.85514
0.19900 0.66463 0.74195 0.17321
0.70501 0.44560 0.18195 0.01323
0.80800 0.13478 0.91731 0.07955
0.56952 0.92657 0.09547 0.78652
0.28192 0.62081 0.78692 0.22939
0.37116 0.81188 0.13750 0.42503
0.89802 0.43126 0.72577 0.92214
0.60945 0.39880 0.30780 0.22771
0.39138 0.24014 0.77118 0.62212
0.90439 0.05731 0.72718 0.32831
0.00759 0.74284 0.33523 0.43609
0.77393 0.13044 0.91382 0.07066
0.59838 0.42405 0.06495 0.40064
0.91584 0.40081 0.70168 0.93557
0.43525 0.79236 0.34593 0.02474
0.17533 0.64470 0.26708 0.54476
0.16545 0.65630 0.26421 0.60888
0.29020 0.59213 0.75961 0.23516
0.73590 0.48676 0.21260 0.05238
0.28735 0.80541 0.32276 0.75637
0.92541 0.72107 0.11588 0.40941
0.45414 0.46669 0.29884 0.06633
0.31891 0.38243 0.01312 0.65536
0.29239 0.82537 0.28173 0.76769
0.70750 0.42286 0.89173 0.90853
0.11200 0.51069 0.72079 0.99253
0.54017 0.80182 0.15041 0.12873
0.35701 0.36018 0.57715 0.81656
0.66370 0.55982 0.56982 0.61136
0.23827 0.71386 0.73633 0.12778
0.96203 0.00903 0.50437 0.68312
0.31927 0.89307 0.09805 0.79906
0.44736 0.51137 0.29690 0.01950
0.97469 0.42104 0.78622 0.59239
0.29044 0.85621 0.29359 0.77989
0.13517 0.48433 0.70637 0.97932
0.40522 0.62994 0.32985 0.59967
0.53047 0.88306 0.14502 0.08317
0.16940 0.70397 0.72832 0.30238
0.67953 0.46249 0.21314 0.01083
0.92641 0.43726 0.68806 0.92711
0.99467 0.41810 0.83766 0.59528
0.18760 0.59583 0.32549 0.82679
0.19956 0.62216 0.34799 0.81830
0.87592 0.08454 0.75244 0.28693
0.62039 0.37786 0.31385 0.20467
0.26247 0.62826 0.76878 0.22241
0.16209 0.93497 1.01012 0.54775
0.55080 0.88560 0.11978 0.08499
0.75319 0.09555 0.93938 0.09963
0.39740 0.65879 0.34917 0.03223
0.14296 0.98991 1.01134 0.51243
0.93723 0.54866 0.18007 0.60018
0.89567 0.76437 0.18256 0.39739
0.33133 0.17365 0.73746 0.62795
0.60894 0.36380 0.81762 0.16238
0.84900 0.89122 0.17311 0.26053
0.12013 0.67922 0.82600 0.78610
0.83979 0.88503 0.16026 0.25594
0.56121 0.87274 0.10218 0.13344
0.93296 0.65403 0.87673 0.73082
0.67913 0.41201 0.88284 0.91096
0.92948 0.52618 0.18185 0.63339
0.54959 0.88834 0.10613 0.09024
0.09297 0.45183 0.76387 0.91102
0.92131 0.57936 0.07918 0.40968
0.57932 0.28274 0.98735 0.35609
0.74194 0.28152 0.57346 0.67106
0.00492 0.76692 0.32132 0.44876
0.67667 0.40912 0.90192 0.90452
0.45544 0.79382 0.36706 0.04988
0.40121 0.62468 0.89438 0.59613
0.97392 0.44723 0.83813 0.59387
0.68625 0.40260 0.91891 0.88173
0.04031 0.65424 0.12722 0.80074
0.14597 0.60128 0.35207 0.84365
0.31337 0.34649 0.03152 0.69361
0.33507 0.43901 0.09168 0.90961
0.64618 0.63088 0.56240 0.58547
0.74856 0.07523 0.32525 0.44463
0.39900 0.81493 0.37899 0.01445
0.62349 0.40956 0.33900 0.21477
0.87822 0.43552 0.70090 0.92418
0.62374 0.35978 0.31383 0.23830
0.31168 0.34985 0.00880 0.66661
-0.00399 0.76103 0.39859 0.42165
0.41955 0.64196 0.32243 0.59935
0.25525 0.66198 0.76898 0.16163
0.11684 0.94109 0.12821 0.83812
0.57737 0.42219 0.12611 0.36029
0.56952 0.26405 0.96312 0.34534
0.47670 0.48803 0.30372 0.09327
0.17130 0.63563 0.33872 0.84214
0.98218 0.38797 0.81898 0.62010
0.09468 0.49544 0.70124 0.96824
0.68692 0.48131 0.17055 0.02478
0.33793 0.21147 0.78180 0.63155
0.84848 0.85466 0.12920 0.26642
0.43648 0.81641 0.33854 0.01608
0.29819 0.81891 0.26830 0.74777
0.54808 0.76718 0.82920 0.90003
0.92004 0.54780 0.14151 0.58611
0.13007 0.96378 0.96520 0.50361
-0.02576 0.74219 0.35248 0.43998
0.04224 0.40883 0.07308 0.23336
0.13481 0.61147 0.33529 0.82191
0.88906 0.58126 0.05587 0.41652
0.16614 0.95952 1.01467 0.54421
0.33246 0.35079 0.02712 0.66847
0.32509 0.62408 0.86848 0.59623
0.93850 0.42245 0.71665 0.91608
0.92516 0.91517 0.55968 0.92826
1.00241 -0.00202 0.52687 0.65944
-0.01046 0.65419 0.14347 0.85145
0.11839 0.96290 1.01782 0.53941
0.37768 0.80169 0.14493 0.44120
0.89446 0.40101 0.69968 0.91812
0.69890 0.49009 0.18639 0.07092
0.89850 0.57004 0.06675 0.44495
0.59446 0.45567 0.08561 0.36336
0.95513 0.00835 0.47936 0.63521
0.92599 0.56738 0.08842 0.44456
0.89139 0.44243 0.69935 0.94962
0.64191 0.39004 0.33930 0.20370
0.67839 0.44290 0.23064 0.05654
0.33256 0.85763 0.12407 0.80052
0.41142 0.64984 0.32269 0.61934
0.99047 0.42485 0.82745 0.62959
0.11252 0.67753 0.85394 0.75614
0.38217 0.62149 0.32249 0.03842
0.88720 0.43657 0.68561 0.90684
0.55537 0.91493 0.09315 0.77589
0.33858 0.63068 0.88903 0.59695
0.89303 0.42863 0.69403 0.90183
0.32349 0.44260 0.02942 0.90525
0.59051 0.47412 0.09527 0.39924
0.66965 0.41223 0.91144 0.91986
0.10946 0.89893 0.07150 0.83209
0.89557 0.41874 0.70546 0.91643
0.62450 0.36643 0.80875 0.19718
0.89987 0.45091 0.72100 0.88657
0.42485 0.62637 0.31280 0.56722
0.67068 0.40012 0.89448 0.91335
0.77427 0.09007 0.95899 0.06160
0.35297 0.66066 0.93910 0.76761
0.36186 0.70664 0.97903 0.79134
0.74063 0.29914 0.55179 0.68844
1.02098 0.40894 0.80954 0.63032
0.56337 0.87549 0.11223 0.12853
0.17735 0.65148 0.29475 0.59723
-0.01255 0.64877 0.11764 0.75489
-0.03265 0.76508 0.33781 0.45131
0.41776 0.62062 0.32996 0.04573
0.83733 0.87269 0.20196 0.28859
0.29920 0.62504 0.78800 0.17353
0.03869 0.36874 0.04922 0.17934
0.99230 0.06401 0.52053 0.66041
0.91199 0.90301 0.54978 0.92723
0.92373 0.58163 0.07201 0.43930
0.92380 0.75272 0.15103 0.38494
0.99268 0.01834 0.49961 0.61393
0.41298 0.82176 0.38985 0.04741
0.90545 0.58238 0.06923 0.42317
0.17790 0.63734 0.33495 0.84385
0.77457 0.10123 0.32815 0.45145
0.97841 0.37958 0.81183 0.60681
0.36298 0.21348 0.81628 0.64653
0.31228 0.80083 0.13009 0.43074
0.28483 0.61054 0.76051 0.21795
0.25924 0.83759 0.30010 0.74843
0.30992 0.34981 0.02715 0.66075
0.17269 0.69776 0.72792 0.27367
0.93840 0.68274 0.88324 0.78135
0.38764 0.68271 0.93298 0.71968
0.19558 0.69479 0.74251 0.25824
0.19386 0.12889 0.06171 0.42158
0.59670 0.35817 0.30423 0.18237
0.92892 0.67260 0.86404 0.77442
0.44140 0.66175 0.30796 0.59656
0.87196 0.73794 0.11442 0.43429
0.84095 0.00677 0.25169 0.08429
0.15744 0.47573 0.74060 0.94413
0.11142 0.48991 0.75483 0.93008
0.29111 0.59991 0.74029 0.22564
0.35788 0.22608 0.77625 0.64041
0.35003 0.21133 0.75656 0.63173
0.45345 0.47636 0.28920 0.05080
0.00913 0.78181 0.35101 0.46271
0.58020 0.45084 0.13627 0.39305
0.25991 0.81544 0.27220 0.72653
0.37380 0.68537 0.31370 0.57641
0.37964 0.59937 0.86048 0.59409
0.91371 0.42457 0.71880 0.92790
0.35121 0.42248 0.03558 0.93405
0.79073 0.11104 0.94869 0.08940
0.35964 0.61832 0.85186 0.60009
0.47706 0.47301 0.29346 0.04598
0.11393 0.71843 0.85547 0.74262
0.96852 0.41576 0.81757 0.63439
0.15312 0.11315 0.04203 0.41579
0.39702 0.78535 0.40206 -0.00083
0.17181 0.67323 0.31099 0.52855
0.89124 0.56544 0.06157 0.44806
0.56886 0.40353 0.80948 0.16673
0.44693 0.47506 0.26189 0.02716
0.10498 0.46175 0.72405 0.96010
0.36704 0.34976 0.05079 0.65969
0.16070 0.61955 0.25804 0.54443
0.79877 0.13806 0.91738 0.04355
0.27231 0.70426 0.72546 0.17608
0.86449 0.06013 0.74434 0.29445
0.01232 0.74986 0.36821 0.42505
0.12734 0.49271 0.71571 0.96942
0.97914 0.02843 0.50222 0.66053
0.27610 0.81030 0.31714 0.74730
0.76397 0.29358 0.56953 0.66308
0.35842 0.81045 0.13894 0.43256
0.59997 0.43176 0.32760 0.23132
0.71254 0.43794 0.19810 0.01103
0.89325 0.75587 0.13734 0.41158
0.35028 0.41232 0.08404 0.88919
0.93417 0.39162 0.70892 0.94424
0.10087 0.93983 0.10333 0.81915
0.74043 0.03754 0.36512 0.41132
0.11021 0.43743 0.75639 0.94513
0.34245 0.61966 0.81507 0.59315
0.59973 0.39427 0.31287 0.22091
0.56629 0.35980 0.80871 0.18361
0.00310 0.72811 0.37848 0.42978
0.57587 0.26023 1.00509 0.34917
0.41726 0.77671 0.36810 0.04606
0.33242 0.89731 0.11794 0.75236
0.27234 0.82349 0.30043 0.78005
0.54981 0.91361 0.11771 0.82037
0.37757 0.65126 0.87053 0.59052
0.32469 0.44069 0.05161 0.87855
0.04739 0.39126 0.05576 0.21470
0.18317 0.64717 0.24454 0.61735
0.05699 0.39851 0.02473 0.18721
0.08865 0.91291 0.05780 0.82435
0.66687 0.42132 0.85934 0.95120
0.63453 0.41856 0.29169 0.21906
0.30628 0.58728 0.75606 0.22488
0.70469 0.43828 0.19717 0.03645
0.36875 0.61610 0.85266 0.60197
0.24929 0.66668 0.73862 0.12531
0.90848 0.89331 0.53715 0.91036
0.59263 0.43335 0.08856 0.39614
0.36130 0.41343 0.06545 0.87817
0.35933 0.58540 0.85121 0.59252
0.64186 0.42276 0.87175 0.89656
0.75950 0.25504 0.55140 0.66258
0.14306 0.98564 0.99180 0.52934
0.92473 0.91398 0.54302 0.90234
0.15544 0.96354 0.99975 0.54496
0.91758 0.54773 0.08178 0.41352
0.59869 0.43622 0.33831 0.21594
0.41328 0.80991 0.39352 0.02681
0.92109 0.57898 0.09785 0.42002
1.00499 0.41947 0.82024 0.58159
0.58482 0.27291 0.98171 0.32324
0.77998 0.08397 0.94381 0.09517
0.91138 0.71497 0.10764 0.42712
0.15054 0.66568 0.29722 0.57938
0.99568 0.39963 0.81269 0.59021
0.14054 0.93480 1.02181 0.53176
0.89353 0.76620 0.11337 0.42164
0.87545 -0.00077 0.20751 0.13949
0.34488 0.42098 0.52508 0.85069
0.50747 0.77437 0.85423 0.87187
0.34127 0.34700 0.54273 0.90547
0.64385 0.61415 0.56213 0.59382
0.89940 0.43020 0.69672 0.94609
0.15143 0.11245 0.05328 0.46546
0.58888 0.45321 0.10552 0.34211
0.33873 0.39515 0.55881 0.87086
0.75307 0.03828 0.35140 0.43520
0.15243 0.68417 0.72212 0.27865
0.60672 0.38465 0.79764 0.17124
0.77798 0.29191 0.55598 0.66689
0.74907 0.07958 0.35180 0.42289
0.33513 0.80652 0.12385 0.45274
0.30505 0.82957 0.28492 0.77051
0.92587 0.67777 0.89158 0.77294
0.05441 0.44050 0.05940 0.17492
0.17599 0.71330 0.72551 0.26570
0.84781 0.01476 0.23301 0.14215
0.16364 0.62464 0.32658 0.81646
0.12585 0.71916 0.73024 0.24071
0.33857 0.39165 0.05188 0.86661
0.89118 0.60726 0.05787 0.46686
0.18908 0.69456 0.72117 0.23843
-0.00447 0.40213 0.06697 0.22945
0.31188 0.85764 0.09447 0.78471
0.89920 0.53858 0.06658 0.44699
0.58656 0.39554 0.76563 0.17728
0.06064 0.47388 0.73983 0.96061
0.45862 0.48145 0.27352 0.03699
0.96028 0.43530 0.70330 0.91537
0.39274 0.63245 0.34547 0.01601
1.02317 0.04892 0.45158 0.71492
0.43025 0.66566 0.31593 0.01390
0.79270 0.08945 0.98027 0.12295
0.61803 0.41735 0.10324 0.35594
0.39419 0.65596 0.34244 0.59726
0.15242 0.68607 0.88141 0.77120
0.89825 0.58955 0.05172 0.42130
0.17021 0.14517 0.06586 0.42078
0.71573 0.47164 0.22908 0.05923
0.99687 0.01665 0.48658 0.65693
0.64760 0.60069 0.58180 0.60338
0.05189 0.73579 0.36493 0.41974
-0.01678 0.72971 0.33720 0.41906
0.88785 0.45415 0.70552 0.95114
0.60697 0.37250 0.29047 0.23328
0.57886 0.40873 0.82131 0.18123
0.54862 0.94059 0.11619 0.78714
0.47464 0.65747 0.33218 0.58202
0.28305 0.61220 0.76688 0.20014
0.25398 0.72804 0.77145 0.19913
-0.03236 0.73694 0.36218 0.46201
0.24112 0.71128 0.75969 0.17623
0.60630 0.41877 0.29589 0.23834
0.63830 0.58686 0.56421 0.61688
0.33097 0.38009 0.03038 0.91910
0.86032 0.90056 0.18095 0.25130
0.37022 0.23396 0.77249 0.61524
0.50089 0.82256 0.86498 0.90254
0.32484 0.87051 0.14351 0.75758
0.64052 0.56818 0.61180 0.56419
0.29725 0.83727 0.28893 0.76225
0.83670 0.86180 0.21469 0.29074
0.03830 0.37710 0.03811 0.17188
0.36833 0.80612 0.10701 0.44231
0.54056 0.90389 0.10994 0.11460
0.34366 0.85069 0.13386 0.81465
0.67250 0.40350 0.89242 0.92486
0.04544 0.38935 0.05460 0.20687
0.01230 0.67362 0.13370 0.79372
0.11017 0.92845 0.11745 0.82496
0.28723 0.34406 -0.00129 0.64865
0.72925 0.48358 0.23811 0.03789
0.63615 0.42821 0.87165 0.95336
0.12997 0.96896 0.10547 0.82000
0.37447 0.73163 0.97590 0.77478
0.56095 0.39133 0.76921 0.15274
0.98147 0.03875 0.48826 0.70318
0.12499 0.95403 0.10510 0.87425
0.99691 0.42320 0.82207 0.59141
0.09028 0.42079 0.71898 0.94991
0.61133 0.42208 0.07855 0.40061
0.36070 0.62261 0.88220 0.63270
0.85715 0.07935 0.76113 0.30395
0.41679 0.78897 0.34157 0.03923
0.18925 0.62556 0.27582 0.56535
0.37262 0.20380 0.78301 0.58900
0.32818 0.85489 0.12180 0.80031
1.01777 0.40383 0.79638 0.57511
0.78940 0.10907 0.96701 0.04468
-0.04473 0.63750 0.15404 0.82736
0.75709 0.05981 0.30858 0.44336
0.66191 0.59313 0.54997 0.61034
0.26500 0.79174 0.31756 0.75878
0.53017 0.91155 0.08652 0.81913
0.95314 0.70701 0.88462 0.73012
0.85058 0.86640 0.16885 0.26457
0.51759 0.81624 0.87093 0.88810
0.41624 0.80146 0.35943 0.05164
0.59368 0.42126 0.10713 0.35589
1.02155 0.42974 0.78509 0.60340
0.02570 0.65203 0.08804 0.81310
0.67858 0.46046 0.89624 0.90186
0.12299 0.70404 0.73356 0.25057
0.49526 0.83617 0.86785 0.91882
0.12965 0.47027 0.75155 0.93846
0.87478 0.08988 0.74375 0.34794
0.88054 0.61484 0.07779 0.41970
0.10443 0.45048 0.76149 0.96446
0.28787 0.59687 0.79948 0.22836
0.91094 0.91943 0.52732 0.90905
1.00727 0.01017 0.48418 0.67084
0.62827 0.46700 0.06711 0.38516
0.63680 0.57402 0.57244 0.62087
0.16110 0.70716 0.74689 0.27106
0.35343 0.61752 0.88957 0.61280
0.36498 0.21855 0.81002 0.63325
0.72623 0.42141 0.17389 0.01986
0.52733 0.82748 0.84194 0.90969
0.38384 0.68139 0.95481 0.74899
0.38285 0.62620 0.34930 0.02371
0.07393 0.39060 0.05148 0.20624
0.91596 0.73857 0.14829 0.41835
-0.02503 0.67059 0.37290 0.46316
0.59984 0.38650 0.78946 0.16272
0.44285 0.64604 0.33100 0.57021
0.76295 0.05792 0.33849 0.45302
0.16233 0.95973 1.00212 0.56347
0.08691 0.67554 0.87022 0.75738
0.51333 0.90904 0.10993 0.79969
0.13923 0.96848 1.04054 0.53569
0.88262 0.07135 0.78858 0.33080
0.16619 0.94861 1.00755 0.50893
0.11024 0.69078 0.87183 0.72673
0.44134 0.49655 0.30438 0.06797
0.63750 0.39741 0.32672 0.23226
0.85724 0.06831 0.75321 0.35027
0.27634 0.38686 -0.02231 0.64096
0.33194 0.68267 0.98314 0.74023
0.77210 0.11771 0.92480 0.08520
0.69809 0.41062 0.85662 0.89866
0.28336 0.33862 0.03030 0.66593
0.12566 0.71841 0.82998 0.70778
0.17547 0.64560 0.27330 0.57257
0.10848 0.88762 0.09811 0.83341
0.94346 0.52439 0.12505 0.60926
0.35332 0.61223 0.84498 0.57013
0.33462 0.43552 0.04374 0.90549
0.39828 0.78021 0.32564 0.04859
0.90025 0.56371 0.06676 0.43015
0.86735 0.04907 0.76751 0.33230
0.58665 0.39597 0.77181 0.16877
0.38732 0.69551 0.94146 0.80766
0.84700 0.84110 0.14069 0.26707
0.33449 0.60190 0.88573 0.60155
0.53280 0.78611 0.84425 0.94288
0.92667 0.69627 0.88888 0.79007
0.37514 0.79421 0.13327 0.43431
0.37655 0.67157 0.95784 0.79087
0.12381 0.93204 0.07236 0.81370
0.43473 0.74401 0.38321 0.03591
0.83202 -0.00538 0.26262 0.12588
0.33931 0.79773 0.13586 0.45246
0.15115 0.96474 0.98548 0.51871
0.15009 0.62014 0.34058 0.83982
0.12316 0.93158 0.04517 0.78204
0.85675 0.00219 0.25660 0.07722
0.51549 0.94461 0.08961 0.80260
0.91368 0.41977 0.67346 0.90547
0.65019 0.59089 0.56864 0.58341
0.71698 0.46749 0.24352 0.06529
0.97731 0.00246 0.55059 0.69143
0.42521 0.76229 0.35708 0.04943
0.28342 0.37135 -0.00520 0.67854
0.53819 0.87942 0.13291 0.12615
0.78226 0.14359 0.94338 0.06630
0.96026 0.52506 0.14938 0.57808
0.74684 0.30939 0.55941 0.68840
0.89814 0.73058 0.13598 0.40058
0.31598 0.86705 0.11091 0.81408
0.54065 0.92224 0.12504 0.80065
0.34867 0.81984 0.11507 0.43509
0.40172 0.64172 0.29361 0.01649
0.50325 0.80772 0.84006 0.89439
0.36467 0.40956 0.56414 0.86945
0.22029 0.75064 0.73242 0.26683
0.87842 0.56001 0.08441 0.41848
0.40300 0.65645 0.31311 0.07913
0.52667 0.80007 0.87045 0.89682
0.57472 0.41008 0.06448 0.39169
0.31798 0.87875 0.11570 0.82485
0.16797 0.12735 0.04873 0.43562
0.38354 0.20685 0.80285 0.64914
0.92930 0.87693 0.54292 0.91050
0.94349 0.52722 0.15566 0.59732
0.33274 0.43690 0.06874 0.89165
0.48526 0.46356 0.23839 0.02675
0.10527 0.43949 0.74706 0.96150
0.96561 0.00445 0.50518 0.64690
1.00897 0.43406 0.79507 0.61661
0.30360 0.83892 0.28848 0.78054
0.32229 0.35149 0.55868 0.87916
0.15030 0.70239 0.89578 0.75859
0.53707 0.86761 0.12807 0.14507
0.54239 0.93851 0.05607 0.79436
0.35637 0.62596 0.87098 0.62373
0.33351 0.59451 0.90095 0.62169
0.96401 0.71078 0.87991 0.78029
0.15805 0.95816 0.99888 0.52704
0.37109 0.21850 0.77286 0.64757
0.31951 0.85301 0.13016 0.79740
0.33447 0.43292 0.02675 0.87702
0.07342 0.40958 0.03608 0.20870
1.00793 0.36391 0.81752 0.57776
-0.01359 0.66253 0.09228 0.76041
0.47695 0.50858 0.32189 0.05539
0.60294 0.40910 0.11300 0.38305
0.32882 0.35798 0.01669 0.64125
0.29902 0.36676 0.03071 0.64039
0.30443 0.83391 0.25528 0.73482
0.16119 0.62199 0.30065 0.62408
0.42912 0.80620 0.35789 0.03991
0.53710 0.88875 0.13712 0.12682
0.67371 0.49630 0.18841 0.05100
0.28932 0.83462 0.28247 0.76675
0.28109 0.74011 0.73036 0.15565
0.65495 0.59772 0.59789 0.60091
0.43516 0.50097 0.30537 0.06710
0.86197 -0.00760 0.22951 0.15023
0.62646 0.41500 0.10718 0.40119
0.58705 0.87722 0.13502 0.13391
0.91206 0.94023 0.52401 0.93925
0.79336 0.10962 0.93770 0.07630
0.11055 0.96369 0.12597 0.85844
0.00501 0.63412 0.09504 0.83997
0.82978 0.02260 0.24071 0.12609
0.65088 0.43576 0.82146 0.92555
0.84071 0.05418 0.75863 0.34552
0.04352 0.43623 0.03930 0.19027
0.91609 0.66596 0.87629 0.77598
0.33336 0.70661 0.96400 0.75143
0.85625 0.05472 0.73616 0.33205
0.32656 0.87002 0.10772 0.78114
0.17953 0.63828 0.31463 0.83512
0.28750 0.63063 0.76636 0.20733
0.15733 0.13370 0.05484 0.42675
0.31677 0.69135 0.96278 0.81662
0.94374 0.70365 0.85290 0.76801
0.36548 0.40477 0.52903 0.82081
0.15616 0.63676 0.29687 0.81706
0.75035 0.08938 0.35317 0.43581
0.86540 0.08565 0.76960 0.33138
0.14208 0.44044 0.73209 0.95830
0.86087 0.83491 0.16742 0.25818
0.63540 0.43717 0.34142 0.23109
0.99585 0.03965 0.47630 0.67027
0.36790 0.77831 0.37255 0.03771
0.29806 0.86332 0.09818 0.79295
0.32044 0.42930 0.04953 0.89144
0.07620 0.93096 0.09409 0.85659
0.72919 0.06166 0.33950 0.46980
0.36038 0.68059 0.97492 0.73039
0.40817 0.61638 0.32571 0.02160
0.43779 0.67263 0.34113 0.58947
0.26848 0.61869 0.78388 0.21622
0.98163 0.00847 0.49500 0.61784
0.89553 0.41919 0.75401 0.94688
0.42131 0.61400 0.32638 0.58473
0.94470 0.50949 0.14425 0.55432
0.02668 0.74550 0.33011 0.44173
0.45374 0.50244 0.31478 0.05031
0.17082 0.66115 0.35786 0.86880
0.36300 0.21183 0.80049 0.61682
0.88903 0.60017 0.09674 0.46999
0.11755 0.61036 0.33288 0.81657
0.76056 0.30056 0.59670 0.72110
0.76875 0.25333 0.57786 0.69367
0.25525 0.73457 0.74642 0.15561
0.00860 0.64305 0.12343 0.79624
0.42570 0.64798 0.32461 0.04431
0.75665 0.07177 0.32343 0.42479
0.59143 0.36123 0.76987 0.13928
0.43026 0.63217 0.31916 0.60545
0.14919 0.96804 0.97719 0.55299
0.32458 0.91320 0.11786 0.78772
1.00190 0.02577 0.47265 0.66782
0.62280 0.41359 0.33709 0.21294
0.63613 0.42530 0.31186 0.23799
0.91327 0.88813 0.51284 0.91380
0.77959 0.25455 0.54482 0.67349
0.20072 0.63428 0.27942 0.61184
0.78787 0.24886 0.57101 0.65828
0.37926 0.21578 0.80573 0.63686
0.13283 0.09557 0.07058 0.44606
-0.00898 0.65579 0.11482 0.84789
0.11421 0.70178 0.86794 0.72795
0.97680 0.67276 0.89691 0.77373
0.00534 0.65563 0.14519 0.83217
0.74209 0.05359 0.31266 0.45849
0.02262 0.38903 0.03641 0.20628
0.87476 0.58210 0.06144 0.45903
0.07719 0.47759 0.71313 0.97367
0.10515 0.92433 0.10488 0.90157
0.08706 0.69514 0.86816 0.75930
0.83356 0.05175 0.78898 0.33839
0.76472 0.03268 0.34117 0.42981
0.93553 0.88128 0.52651 0.91609
0.18221 0.06980 0.02685 0.37350
0.91745 0.73400 0.20570 0.41463
0.12368 0.66551 0.87189 0.70844
0.37514 0.62617 0.33079 0.03454
0.14890 0.62554 0.35233 0.85262
0.32213 0.22315 0.79312 0.62804
0.58814 0.25619 0.99362 0.34627
0.39993 0.62403 0.30119 0.01381
0.76129 0.12311 0.92985 0.09277
0.33926 0.91635 0.10385 0.81405
0.29617 0.57948 0.75079 0.23041
0.59591 0.38852 0.33628 0.21693
0.23971 0.67081 0.76008 0.19191
0.00758 0.62562 0.13928 0.79835
-0.00173 0.76514 0.32560 0.44258
0.99665 0.41889 0.82803 0.61945
0.37298 0.64592 0.86115 0.58388
0.16563 0.66566 0.29755 0.88650
0.16666 0.13665 0.07561 0.43162
0.94841 0.55747 0.10819 0.61582
0.64449 0.59101 0.56479 0.57085
0.31175 0.90003 0.12191 0.79861
-0.03187 0.67108 0.12279 0.80705
0.16521 0.58719 0.33303 0.82220
0.30612 0.43343 0.04800 0.89140
0.34287 0.62532 0.85644 0.62889
0.34175 0.68470 0.93758 0.73648
1.02656 0.02209 0.50984 0.69816
0.96913 0.70171 0.85525 0.75760
0.70626 0.59389 0.58938 0.63377
0.50839 0.83084 0.88031 0.91615
0.88805 0.76078 0.12272 0.40630
0.50482 0.92669 0.08669 0.77303
0.88408 0.84676 0.18414 0.25266
0.40822 0.63965 0.31913 0.02530
0.63941 0.60580 0.57359 0.60879
0.64728 0.39777 0.30841 0.22287
0.17437 0.67298 0.26731 0.58948
0.62785 0.36595 0.31160 0.22954
0.66091 0.64344 0.60705 0.59141
0.41863 0.62076 0.34283 0.57675
0.84760 -0.01817 0.28523 0.10094
0.43264 0.79844 0.36278 0.07995
-0.01744 0.62318 0.17953 0.80940
0.92001 0.73576 0.11290 0.45188
0.18044 0.09546 0.04990 0.45200
0.94946 0.54647 0.14691 0.57880
0.33376 0.78941 0.09839 0.47246
0.65505 0.48852 0.84763 0.91946
0.31125 0.39098 0.02582 0.66979
0.87283 0.02795 0.76991 0.30848
0.92541 0.54827 0.18026 0.57611
0.33383 0.83971 0.12763 0.79899
0.38262 0.77423 0.36504 0.04419
0.85760 0.70589 0.15362 0.43312
0.97877 0.05067 0.48043 0.63472
0.43541 0.24505 0.75429 0.61320
0.36656 0.81788 0.13485 0.43802
0.51370 0.79342 0.86754 0.89188
0.63065 0.37619 0.30374 0.21015
0.98573 0.39938 0.82436 0.60903
0.12422 0.69807 0.85434 0.75216
0.54796 0.87003 0.14290 0.07225
0.16001 0.08858 0.10623 0.45577
0.66650 0.39891 0.87447 0.89701
0.51414 0.79461 0.86904 0.91570
0.13752 0.62458 0.26133 0.79161
0.93148 0.91780 0.53845 0.90831
-0.00834 0.75268 0.33321 0.45279
0.62623 0.59863 0.54320 0.59703
0.14212 0.61675 0.31226 0.54324
0.41684 0.48264 0.28982 0.01906
0.82891 0.03523 0.21867 0.06770
0.13303 0.64503 0.32757 0.82825
0.73897 0.05712 0.35518 0.43906
0.03909 0.65634 0.10607 0.83059
0.78612 0.10246 0.34754 0.40195
0.39326 0.79192 0.41528 0.03729
0.54087 0.87488 0.13954 0.07693
0.80165 0.08745 0.95756 0.06753
0.55902 0.44795 0.04902 0.38162
0.17055 0.09705 0.06161 0.41797
0.35488 0.34671 0.52188 0.88739
0.73582 0.06164 0.31934 0.40982
0.41568 0.73799 0.32063 0.02462
0.72198 0.46197 0.23077 0.03204
0.32392 0.33240 0.02549 0.69855
0.88962 0.93430 0.56877 0.89022
0.64460 0.42433 0.89239 0.90176
0.77202 0.11889 0.95119 0.09036
0.56591 0.23258 1.02309 0.30180
0.61840 0.36443 0.79131 0.18873
0.12697 1.00040 0.11007 0.83125
0.65643 0.60862 0.59185 0.56457
0.75806 0.04560 0.29974 0.44070
0.65579 0.42733 0.89151 0.90451
0.16091 0.67977 0.85695 0.74078
0.55987 0.87577 0.11412 0.12803
0.80272 0.25385 0.58780 0.66899
0.38930 0.44977 0.03003 0.85890
0.34664 0.59283 0.84694 0.60145
0.35044 0.76314 0.10923 0.43582
0.09187 0.64159 0.85053 0.74910
0.89003 0.59178 0.07100 0.44105
0.30560 0.39758 0.05892 0.88022
0.15873 0.12842 0.04497 0.43959
0.15330 0.95755 1.00435 0.54069
0.89029 0.75251 0.16037 0.43572
0.05350 0.38770 0.04985 0.19449
0.41235 0.64292 0.34090 0.61083
0.59499 0.24782 1.00909 0.33463
0.31398 0.84586 0.12893 0.82448
0.04210 0.40701 0.03883 0.18090
0.32646 0.82918 0.11917 0.45347
0.91076 0.46469 0.71962 0.90981
0.98269 0.02916 0.48698 0.64914
0.32907 0.84664 0.11150 0.80371
0.10046 0.43817 0.73843 0.97321
0.92733 0.69133 0.88950 0.75646
0.38038 0.63906 0.86633 0.58496
0.58126 0.39539 0.77643 0.18978
0.89616 0.05297 0.74485 0.32868
0.48388 0.81964 0.82712 0.89908
0.56642 0.23643 0.97582 0.35113
0.77054 0.28240 0.54989 0.66392
0.16475 0.13692 0.05372 0.43880
0.50045 0.83779 0.11581 0.10576
0.13057 0.64271 0.29245 0.57504
0.44138 0.83120 0.34691 0.05032
0.77033 0.25065 0.63424 0.66344
0.52249 0.92252 0.08522 0.82514
0.80663 0.07390 0.36272 0.43292
0.17027 0.62678 0.29869 0.50698
0.94087 0.88414 0.56105 0.90773
0.39297 0.84947 0.14374 0.46141
0.64092 0.59267 0.58892 0.58812
0.62955 0.61467 0.60162 0.59919
0.64440 0.42156 0.30162 0.24642
0.51896 0.80627 0.80899 0.88789
0.34296 0.70713 0.96044 0.79863
0.33947 0.79577 0.13207 0.44725
-0.00497 0.70344 0.31772 0.42267
0.95644 0.89655 0.56926 0.90835
0.93402 0.85073 0.56415 0.94023
0.10215 0.68306 0.88835 0.72994
0.51985 0.78807 0.85696 0.91299
0.87313 0.08057 0.78252 0.32249
0.33740 0.86515 0.12692 0.80482
0.54444 0.40144 0.76393 0.18839
0.86082 0.05670 0.79301 0.34897
1.01231 -0.00387 0.44839 0.67281
0.25572 0.66634 0.73977 0.16286
0.26032 0.67348 0.75503 0.14957
0.63102 0.61668 0.58413 0.59674
0.60117 0.39267 0.82391 0.15220
0.00874 0.66217 0.08591 0.79751
0.37480 0.60272 0.81886 0.63324
0.42032 0.78421 0.39430 0.04170
0.37425 0.81385 0.12034 0.42062
0.51998 0.83533 0.87206 0.87094
0.36164 0.62135 0.85373 0.60404
0.31656 0.79967 0.26491 0.76758
0.29572 0.56027 0.77725 0.23112
0.13857 0.61658 0.30408 0.81412
0.29726 0.58752 0.75390 0.19809
0.83939 0.05948 0.73193 0.34693
0.12214 0.46991 0.72080 0.96255
0.13208 0.94133 0.09278 0.83527
0.69534 0.44393 0.19964 0.06211
-0.01405 0.71580 0.36795 0.41974
0.88902 0.75017 0.15068 0.42810
0.77634 0.28215 0.56558 0.67798
0.01992 0.72391 0.35694 0.44094
0.39705 0.80660 0.41217 0.01100
0.83259 0.03497 0.23748 0.11266
0.30485 0.62082 0.76548 0.21384
0.85381 0.00934 0.23451 0.10480
0.31169 0.85808 0.12204 0.79556
0.86982 0.06779 0.74197 0.32129
0.10842 0.45751 0.73059 0.95785
0.87838 0.46503 0.73984 0.90902
0.36368 0.22782 0.78692 0.61786
0.29667 0.34404 0.03187 0.63838
0.98988 0.04013 0.49826 0.68095
0.10233 0.67839 0.85036 0.76448
0.84799 0.06469 0.76829 0.30965
0.33938 0.66395 0.95369 0.78500
0.28884 0.36141 0.03665 0.66569
0.16299 0.63218 0.28950 0.59727
0.35282 0.35476 0.57146 0.82757
0.52197 0.24634 0.98500 0.33325
0.45389 0.47045 0.30545 0.03679
0.40191 0.65230 0.30718 0.58308
0.34064 0.40611 0.06875 0.88383
0.55516 0.88559 0.13678 0.80371
0.02396 0.67764 0.11251 0.81215
0.06185 0.40357 0.04172 0.20666
0.84449 0.11179 0.75618 0.33896
0.78561 0.15254 0.92773 0.08802
0.01069 0.67441 0.14869 0.81719
0.13879 0.61332 0.31284 0.79826
-0.00514 0.78254 0.31739 0.41397
0.85256 0.87706 0.20205 0.24781
0.23829 0.72161 0.72166 0.18124
0.33681 0.21179 0.74670 0.64287
0.61899 0.37845 0.78039 0.18088
0.66774 0.61635 0.56074 0.62135
0.33675 0.78902 0.09869 0.44748
0.38787 0.16796 0.77754 0.62403
0.33020 0.24569 0.75883 0.63723
0.92953 0.93382 0.54159 0.91511
0.51038 0.78333 0.83038 0.93762
0.35332 0.37320 0.53913 0.88242
0.14390 0.11304 0.06188 0.45068
0.90853 0.88531 0.55320 0.94055
0.17088 0.70211 0.75200 0.24674
0.62011 0.45905 0.08655 0.38973
0.78258 0.13034 0.96224 0.09715
0.29011 0.85647 0.27879 0.76221
0.52050 0.88594 0.12685 0.12717
0.14492 0.10633 0.07690 0.43714
0.24837 0.83939 0.26955 0.75843
0.57448 0.86977 0.10692 0.11278
0.33623 0.40378 0.05021 0.94439
0.36978 0.66755 1.00838 0.75703
0.03050 0.76764 0.34699 0.44620
0.28473 0.87681 0.30540 0.74098
0.38469 0.61722 0.87166 0.64026
0.90887 0.01119 0.27740 0.12560
0.71753 0.43972 0.20130 0.06843
0.87505 -0.01212 0.23987 0.13042
0.38932 0.65448 0.33757 0.60466
0.97732 0.50315 0.15938 0.56827
0.34231 0.34477 0.55001 0.86308
0.92231 0.76785 0.12476 0.38824
0.91892 0.52730 0.15952 0.54719
0.09436 0.46971 0.74333 0.99698
0.32217 0.86443 0.08303 0.82154
0.43682 0.68403 0.33472 0.00480
0.57747 0.95326 0.10826 0.78041
0.95442 0.89687 0.51732 0.89208
0.86507 0.89431 0.13033 0.29324
0.87944 0.57373 0.08832 0.44248
0.17095 0.94501 1.01438 0.53975
0.29242 0.34541 0.02233 0.63350
0.63421 0.43935 0.09229 0.37977
0.14443 0.65265 0.28317 0.55334
0.29196 0.42618 0.02363 0.87181
0.16354 0.69190 0.70900 0.27699
1.01058 0.02039 0.48649 0.64786
0.21107 0.68024 0.69774 0.26309
0.88661 0.77012 0.15163 0.42875
0.61072 0.26314 0.97968 0.32128
0.79037 0.27155 0.56218 0.67084
0.09374 0.95254 0.10079 0.81527
0.45639 0.49993 0.27571 0.08203
0.23834 0.71442 0.73684 0.16274
0.61296 0.44799 0.05090 0.38260
0.59063 0.39883 0.81058 0.19019
0.85170 0.01333 0.20579 0.15723
0.54855 0.87204 0.14379 0.11441
0.85646 0.04671 0.77742 0.31099
0.36821 0.66683 0.31004 0.59002
0.64328 0.62348 0.59939 0.62140
0.29268 0.63883 0.77481 0.23457
0.11107 0.63812 0.83651 0.76091
0.30376 0.60609 0.71533 0.18718
0.61709 0.58726 0.59212 0.58094
0.21698 0.72240 0.74999 0.14930
0.51615 0.95883 0.11960 0.79266
0.59429 0.43118 0.08926 0.40097
0.28489 0.35089 -0.03091 0.67968
0.32979 0.83369 0.11299 0.78637
0.65601 0.59008 0.60390 0.59748
0.13354 0.07983 0.08414 0.43396
0.26984 0.62578 0.75265 0.21821
0.40830 0.59819 0.31677 0.02249
0.80452 0.29947 0.58660 0.66391
0.84284 -0.00065 0.24935 0.13839
0.28561 0.85716 0.12777 0.79185
0.00350 0.66994 0.13133 0.80301
0.31822 0.32198 -0.00631 0.66010
0.90618 0.58159 0.07911 0.43496
0.54775 0.22966 0.99307 0.35268
0.87398 0.07903 0.79305 0.32591
0.93339 0.57610 0.15615 0.60355
0.36888 0.63059 0.86470 0.57437
0.26960 0.62374 0.75965 0.21796
0.08427 0.46729 0.73156 0.97611
0.35903 0.67707 0.94572 0.72647
0.94124 0.52054 0.16633 0.56635
0.88893 0.00969 0.22123 0.11922
0.36112 0.65637 0.98985 0.75139
0.91779 0.77610 0.10890 0.40523
0.14409 0.63638 0.25407 0.59101
1.00293 0.03941 0.52893 0.64915
0.90481 0.72733 0.18720 0.42651
0.85800 0.07757 0.76953 0.32535
0.89761 0.43542 0.71989 0.92648
0.29166 0.38495 0.00688 0.66066
0.69734 0.48628 0.87154 0.91351
0.46145 0.81651 0.38363 0.02212
0.00349 0.38192 0.06193 0.20580
0.95176 0.69849 0.86416 0.77619
0.02350 0.65601 0.13856 0.82038
0.39188 0.39102 0.53857 0.88578
0.62060 0.25803 1.01699 0.35667
0.17738 0.65490 0.25761 0.61328
0.90913 0.42194 0.69582 0.90839
0.51379 0.82758 0.81593 0.92903
0.14737 0.61050 0.37945 0.87156
0.38470 0.20854 0.76935 0.60844
0.13096 0.48659 0.72067 0.95957
