0.21229 0.14388 0.26757 0.42577
0.98067 0.43650 0.64053 0.84095
0.80703 0.35250 0.84161 0.16496
0.75882 0.13546 0.58242 0.68308
0.92656 0.66342 0.55617 0.92467
0.05364 0.73596 0.70930 0.77718
0.79521 0.13050 0.64708 0.66274
0.67721 0.11478 0.15084 0.75470
0.07070 0.07585 0.84252 0.91679
0.80395 0.56156 0.51914 0.46825
0.18246 0.90118 0.99567 0.84882
0.30034 0.49355 0.80966 0.31653
0.23527 0.40855 0.89775 0.59334
0.20980 0.12257 0.29397 0.41694
0.18488 0.74316 0.20754 0.89109
0.00551 0.72716 0.69609 0.80923
1.06171 0.20866 0.65607 0.65349
0.80832 0.32512 0.77365 0.60818
0.04939 0.26891 0.73204 0.10585
0.84434 0.63612 0.97490 0.58803
0.81155 0.56994 0.49901 0.52025
0.63441 0.12561 0.64883 0.53929
0.95522 0.83915 0.37500 0.15158
0.14148 0.54163 0.37170 0.68522
0.16128 0.84354 1.00480 0.83778
0.46976 0.22945 0.33536 0.48650
0.93812 0.59014 0.67585 0.77076
0.67396 0.11456 0.12990 0.76364
0.37862 0.81264 0.48242 0.12611
0.07521 0.87266 0.30076 0.84900
0.70185 0.36592 0.09767 0.08837
0.17261 0.44990 0.82902 0.87283
0.76444 0.13470 0.63705 0.66467
0.44063 0.60826 0.10335 0.35730
0.16775 0.88198 1.00373 0.85446
0.13562 0.54719 0.38193 0.67626
0.39698 0.27039 0.28190 0.68989
0.03772 0.26302 0.74766 0.09715
0.38293 0.31105 0.16660 0.63170
0.31313 0.38984 0.87233 0.62288
0.97946 0.88076 0.37096 0.14202
0.29504 0.71568 0.24772 0.75522
0.08552 0.12216 0.83595 0.92288
0.33936 0.69009 0.23384 0.73154
0.77641 0.32618 0.75344 0.43316
0.38290 0.30463 0.22154 0.66866
0.65067 0.77576 0.15625 0.06303
0.11398 0.09869 0.23076 0.58530
0.72742 0.34216 0.76315 0.43258
0.94333 0.84188 0.36041 0.19460
0.21884 0.38413 0.87562 0.59718
0.06110 0.24239 0.71861 0.12524
0.70943 0.49345 0.02161 0.21115
0.04543 0.07403 0.96113 0.96274
0.13697 0.38141 0.04223 0.09318
0.24956 0.42267 0.91851 0.60199
0.85811 0.42505 0.71611 0.10705
0.05513 0.09979 0.81782 0.92498
0.30772 0.71718 0.24754 0.77556
0.72213 0.15517 0.07053 0.72123
0.27074 0.52693 0.85351 0.17622
0.05770 0.09667 0.85950 0.93392
1.00346 0.20891 0.66352 0.61466
0.15925 0.06262 0.22891 0.58855
0.95143 0.54988 0.73365 0.27252
0.42822 0.60163 0.15881 0.32606
0.23502 0.42030 0.59869 0.74541
0.30412 0.74042 0.23044 0.76282
0.15833 0.85004 1.00843 0.87503
0.32974 0.71125 0.26265 0.75837
0.27378 0.46704 0.78691 0.27648
0.24104 0.50129 0.78386 0.30534
0.23780 0.26757 0.37006 0.81263
0.73911 0.47693 0.47616 0.60308
0.05433 0.84132 0.32970 0.89096
0.74726 0.34138 0.76838 0.43792
0.46502 0.17204 0.34923 0.53908
0.95786 0.42559 0.95279 0.61743
0.21178 0.29154 0.33324 0.80551
0.27976 0.41334 0.92729 0.57848
0.19058 0.74703 0.17736 0.90229
0.64232 0.76765 0.11468 0.06057
0.95313 0.61191 0.69856 0.74398
0.83224 0.53503 0.96377 0.55372
0.73445 0.47956 0.04708 0.19905
0.18020 0.46179 0.82770 0.84192
0.45360 0.21083 0.35159 0.54309
0.27236 0.53084 0.77489 0.30125
0.87778 0.46221 0.75132 0.09079
0.16941 0.88836 0.97776 0.85238
0.79178 0.31820 0.81202 0.16797
0.77523 0.16364 0.62415 0.68766
0.01666 0.11014 0.94344 0.99859
0.49707 0.19609 0.33191 0.55903
0.60890 0.81669 0.17656 0.06405
0.39721 0.65838 0.15286 0.34923
0.46867 0.59498 0.15659 0.35460
0.01637 0.86307 0.31687 0.89006
0.04009 0.09801 0.94725 0.96517
0.25968 0.50576 0.83283 0.17100
0.71970 0.35242 0.11861 0.10425
0.22979 0.53711 0.81231 0.23962
0.89931 0.66938 0.55288 0.91921
0.99874 0.26192 0.65570 0.66362
0.16071 0.52660 0.40781 0.64196
0.14660 0.09083 0.21258 0.59306
0.62474 0.80383 0.15883 0.04478
0.90895 0.65099 0.56169 0.94863
0.79618 0.15733 0.64883 0.69315
0.13117 0.55620 0.40334 0.67668
0.80007 0.14234 0.67145 0.66588
0.79051 0.30440 0.72016 0.57589
0.81358 0.32453 0.76131 0.57087
0.69311 0.52548 0.02829 0.16406
0.13154 0.53178 0.40986 0.63643
0.60485 0.32866 0.47519 0.50953
0.93664 0.65263 0.58871 0.92562
0.71014 0.16549 0.09596 0.75557
0.17966 0.06973 0.20899 0.56620
0.10084 0.06850 0.82013 0.91903
0.75298 0.50233 0.55170 0.22882
0.13634 0.46790 0.81472 0.87801
0.84594 0.84381 0.43896 0.31386
0.92831 0.65838 0.57372 0.92231
0.60324 0.04883 0.00964 0.78956
0.95867 0.55815 0.73413 0.28727
0.47474 0.35313 0.46164 0.17657
0.00866 0.69895 0.71541 0.84529
0.48532 0.17828 0.37193 0.54474
0.93939 0.45190 0.58748 0.83937
0.16312 0.44646 0.86478 0.83914
0.64470 0.75390 0.11938 0.06157
0.50520 0.29683 0.49623 0.20491
0.00709 0.09817 0.96042 0.94504
0.62257 0.33661 0.48039 0.49321
0.83452 0.84357 0.45511 0.32134
0.85988 0.56623 0.94230 0.57316
0.21374 0.75228 0.23323 0.93648
0.60672 0.51827 0.40362 0.19124
0.14755 0.57819 0.41048 0.66092
0.69784 0.36657 0.12471 0.07458
0.71061 0.49655 0.53278 0.22725
0.56949 0.06220 0.01574 0.80652
0.59402 0.35135 0.45014 0.50808
0.99495 0.53564 0.74804 0.32647
0.37900 0.31595 0.25005 0.66458
0.58919 0.06149 0.06329 0.80339
0.76941 0.14659 0.65090 0.69295
0.75016 0.48122 0.55439 0.22290
0.68689 0.48519 0.01822 0.20261
0.29846 0.73619 0.22731 0.76700
0.53682 0.31968 0.47751 0.26043
0.69273 0.49931 0.00102 0.21409
0.20683 0.11891 0.28163 0.37674
0.81137 0.32325 0.74761 0.59044
0.12802 0.08908 0.19075 0.60178
0.59138 0.06106 0.03732 0.77188
0.97054 0.82966 0.38553 0.15350
0.81139 0.55653 0.54032 0.49821
0.65302 0.32906 0.45603 0.54077
0.05566 0.28234 0.72358 0.11596
0.74272 0.16014 0.67626 0.62343
0.19784 0.91416 0.96968 0.85900
0.73281 0.47798 0.52431 0.24605
0.95011 0.39455 0.55934 0.08882
0.42262 0.58199 0.17077 0.35513
0.95855 0.46088 0.61558 0.84446
0.97079 0.65090 0.60868 0.90881
0.80183 0.36138 0.74257 0.56985
0.09095 0.11652 0.83402 0.92547
0.25117 0.14520 0.28278 0.36358
0.22065 0.90224 0.97872 0.83303
0.17268 0.74302 0.19879 0.89416
0.17791 0.45633 0.83703 0.87426
0.59637 0.05393 0.00677 0.79301
0.85210 0.83900 0.45964 0.25900
0.19449 0.42479 0.85461 0.86265
0.36557 0.81959 0.44656 0.14392
0.09280 0.11857 0.83841 0.92053
0.18893 0.78864 0.21699 0.91414
0.09952 0.24435 0.72541 0.09455
0.71175 0.49538 0.04581 0.17079
0.93823 0.45408 0.59042 0.84941
0.83623 0.56754 0.48056 0.50261
0.76788 0.36293 0.75110 0.58067
0.97345 0.84938 0.40351 0.16545
0.64355 0.11676 0.67042 0.55205
0.68334 0.12966 0.15304 0.74608
0.08893 0.11613 0.84608 0.90307
0.81714 0.56306 0.51548 0.50288
0.98133 0.26298 0.66890 0.56669
0.51344 0.32449 0.50152 0.17609
0.85475 0.48699 0.73141 0.14017
0.65316 0.78690 0.15776 0.05684
0.75369 0.43915 0.53036 0.23661
0.49108 0.21446 0.35438 0.58458
0.64059 0.76637 0.15294 0.08038
0.99425 0.47211 0.61113 0.87956
1.02447 0.26754 0.68108 0.64332
0.96850 0.62536 0.71005 0.73555
0.81168 0.52312 0.55781 0.49600
0.05135 0.05932 0.96355 0.99134
0.50470 0.29188 0.49656 0.21482
0.80244 0.12841 0.67302 0.67596
0.02455 0.07039 0.98678 0.96878
0.96733 0.37725 0.55019 0.07941
0.84375 0.34086 0.78575 0.48912
0.95986 0.44675 0.61171 0.83292
0.74850 0.45722 0.57639 0.18635
0.15388 0.54907 0.43090 0.70009
0.03262 0.28527 0.74384 0.11929
0.97912 0.58181 0.72230 0.77165
0.49983 0.30004 0.46450 0.20283
0.14447 0.42703 0.82264 0.87599
0.42985 0.59806 0.16101 0.32099
0.97887 0.46516 0.95591 0.58781
0.03763 0.10229 0.94465 0.99040
1.02631 0.26367 0.69575 0.66609
0.23706 0.10138 0.30926 0.39485
0.28525 0.35152 0.59174 0.69942
0.85641 0.43580 0.73207 0.12487
0.17427 0.90960 0.98268 0.87112
0.98300 0.40877 0.54046 0.06857
0.97468 0.62328 0.67271 0.77766
0.80894 0.57769 0.96298 0.58269
0.93855 0.66645 0.57707 0.92440
0.85253 0.58577 0.54204 0.48520
0.05053 0.10255 0.83875 0.94536
0.73510 0.34074 0.10646 0.07991
0.81719 0.54788 0.49463 0.51434
0.50034 0.29698 0.44703 0.19188
0.72815 0.49424 0.55373 0.18579
0.21781 0.51737 0.84368 0.22701
0.63570 0.13431 0.10754 0.74644
0.87962 0.60460 0.96529 0.55705
0.26026 0.53153 0.79011 0.29177
0.64232 0.13210 0.70485 0.55074
0.42173 0.59579 0.15068 0.33593
0.60688 0.76080 0.14639 0.09003
0.16350 0.54922 0.38163 0.68221
0.37129 0.32888 0.23753 0.66863
0.19847 0.14005 0.33964 0.40216
0.71263 0.50365 -0.00199 0.16808
0.59610 0.50611 0.36313 0.16360
0.71125 0.09925 0.13490 0.74764
0.95683 0.55883 0.74200 0.29162
0.74635 0.48060 0.52985 0.20092
0.59737 0.51828 0.35369 0.18413
0.70330 0.10462 0.67040 0.56680
0.70065 0.47934 0.47489 0.64869
0.83845 0.53314 0.53309 0.45127
0.14045 0.43635 0.85823 0.84692
0.38655 0.61061 0.14549 0.33306
0.41116 0.82571 0.48815 0.10841
0.16574 0.44675 0.03581 0.10011
0.95529 0.61059 0.57919 0.93763
0.93202 0.65137 0.59413 0.94564
0.11640 0.41670 0.08925 0.10499
0.13614 0.05584 0.18251 0.60108
0.86305 0.56643 0.92814 0.60313
0.07567 0.24321 0.71997 0.14838
0.70540 0.11697 0.66079 0.57166
0.61047 0.52990 0.38293 0.18013
0.07747 0.10429 1.00494 0.95162
0.19592 0.71325 0.16400 0.87767
0.85377 0.57049 0.99279 0.57658
0.07781 0.09943 0.85378 0.89837
0.40454 0.29269 0.21373 0.69185
0.07031 0.28282 0.71442 0.08998
0.80558 0.84912 0.49358 0.27878
0.84578 0.88297 0.45331 0.28106
0.16651 0.85720 0.97194 0.85744
0.18763 0.73035 0.19407 0.90322
0.83976 0.85607 0.46496 0.30282
0.04123 0.71772 0.73828 0.81596
0.30523 0.73948 0.26883 0.76369
0.40660 0.25283 0.24845 0.67691
0.26845 0.37380 0.57420 0.73796
0.24133 0.24911 0.35330 0.83547
0.60210 0.49464 0.41259 0.24178
0.96109 0.66327 0.58676 0.92587
0.58334 0.05027 0.01786 0.78765
0.61453 0.50319 0.38994 0.19617
0.77401 0.15329 0.66626 0.69930
0.93991 0.42623 0.52337 0.08090
0.93109 0.53432 0.70401 0.29171
0.16131 0.48434 0.84109 0.88248
0.21111 0.75249 0.21939 0.91045
0.88601 0.47585 0.71982 0.11770
0.57932 0.46727 0.38018 0.18511
0.21731 0.60757 0.60329 0.27350
0.63472 0.80316 0.17913 0.07635
0.00828 0.73372 0.69892 0.76329
0.94862 0.61426 0.71334 0.75375
0.76825 0.13892 0.58904 0.65336
0.33329 0.71390 0.21658 0.74956
0.13354 0.42978 0.06100 0.10354
0.22106 0.10019 0.30788 0.37889
0.43101 0.62249 0.13208 0.31641
0.31032 0.73026 0.21786 0.73910
0.16960 0.74413 0.22319 0.90702
0.26089 0.40635 0.88386 0.59676
0.79284 0.35241 0.83785 0.18449
0.72983 0.49734 0.46171 0.61978
0.03551 0.10851 0.79922 0.93113
0.91160 0.63320 0.68566 0.73305
0.57547 0.32816 0.44336 0.51891
0.86182 0.45571 0.73915 0.08835
0.22008 0.29786 0.37999 0.81226
0.28007 0.38924 0.87469 0.62490
0.69838 0.11969 0.12070 0.76194
0.42108 0.80539 0.46756 0.11940
0.41132 0.60739 0.14284 0.36565
0.69330 0.33649 0.11537 0.06877
0.84350 0.53143 0.53989 0.48900
0.04365 0.09713 0.99077 0.97930
0.12162 0.53995 0.42339 0.68253
0.78684 0.35227 0.83038 0.44590
0.51672 0.33377 0.49761 0.20030
0.51235 0.33397 0.50719 0.21928
0.74770 0.48495 0.43726 0.59576
0.23161 0.65054 0.56597 0.27172
0.18119 0.84834 0.93302 0.87026
0.76970 0.15627 0.60076 0.66443
0.24974 0.50767 0.80276 0.31927
0.71518 0.34025 0.09656 0.08216
0.03232 0.81902 0.31349 0.89535
0.71846 0.34405 0.07923 0.10756
0.05716 0.07875 0.80579 0.93653
0.05148 0.11474 0.97414 0.97721
0.49194 0.22139 0.33265 0.56551
0.83569 0.60164 0.51756 0.49514
0.15966 0.87206 0.97391 0.85668
0.62697 0.34588 0.43723 0.54400
0.88333 0.49324 0.73172 0.10290
0.07149 0.26123 0.68809 0.12808
0.59254 0.36128 0.46110 0.53868
0.96202 0.67107 0.54920 0.92423
0.38156 0.82956 0.43793 0.07047
0.39071 0.28094 0.22980 0.70473
0.75986 0.47015 0.52529 0.19897
0.25088 0.27734 0.37267 0.80374
0.84677 0.60901 0.96316 0.60820
0.03219 0.85510 0.32553 0.90854
0.40561 0.84602 0.44622 0.07879
0.80950 0.32939 0.84566 0.18828
0.27098 0.39533 0.57609 0.72560
0.07806 0.30031 0.69844 0.10697
0.24508 0.55913 0.81503 0.20515
0.14662 0.46006 0.86531 0.87687
0.83230 0.59456 0.93909 0.56468
0.78950 0.16204 0.62038 0.68016
0.69364 0.15847 0.09267 0.73868
0.56312 0.04678 0.02150 0.80977
0.92979 0.83211 0.35067 0.17448
0.80049 0.37166 0.75642 0.56299
0.97925 0.46133 1.00601 0.59936
0.59178 0.07315 0.04891 0.76474
0.00099 0.71554 0.73547 0.79721
0.38066 0.81906 0.42562 0.11877
0.01345 0.74244 0.73768 0.82460
0.75031 0.44776 0.46758 0.65089
0.39169 0.27845 0.20311 0.64339
0.01840 0.85504 0.29591 0.90895
0.95624 0.44949 0.60400 0.86896
0.14452 0.42225 0.06331 0.15026
0.80117 0.83573 0.43378 0.30194
0.91961 0.68071 0.56885 0.93878
0.24861 0.11345 0.30056 0.35967
0.81976 0.37361 0.88851 0.16742
0.80505 0.35838 0.83584 0.13644
0.08919 0.26031 0.73688 0.10775
0.82837 0.62516 0.96502 0.56475
0.17715 0.47046 0.86481 0.88070
0.25814 0.42139 0.60517 0.72771
0.23262 0.10953 0.26116 0.37233
0.80315 0.81819 0.46930 0.32586
0.75648 0.48634 0.52269 0.23250
0.63491 0.11679 0.70915 0.54958
0.83368 0.54114 0.50448 0.47520
0.40641 0.58804 0.13605 0.33946
0.72200 0.47253 0.46147 0.63147
0.82823 0.80565 0.49247 0.27805
0.61339 0.33362 0.45707 0.55287
0.93512 0.47580 0.94808 0.61043
0.59457 0.32180 0.46575 0.53061
0.72121 0.34963 0.13423 0.09230
0.16399 0.04148 0.19799 0.59457
0.24428 0.52225 0.80029 0.35663
0.98205 0.23374 0.67741 0.64742
0.79768 0.35410 0.80806 0.40929
0.03120 0.76575 0.73710 0.81926
0.96160 0.59693 0.71238 0.75251
0.96709 0.44722 0.97691 0.56098
0.94024 0.40498 0.95326 0.59522
0.94118 0.62390 0.69434 0.76082
0.05752 0.24253 0.73780 0.10681
0.98982 0.39505 0.55016 0.06862
0.72955 0.51636 0.49184 0.63473
0.10133 0.11366 0.82586 0.93363
0.59626 0.44103 0.35556 0.24156
0.67467 0.13357 0.11892 0.77037
0.27762 0.60691 0.58000 0.29181
0.06726 0.11259 0.81426 0.92035
0.83213 0.57328 0.57358 0.46665
0.98124 0.44481 0.96246 0.60160
0.25581 0.39296 0.91221 0.60207
0.82662 0.81508 0.47953 0.29329
0.44249 0.21202 0.33757 0.52035
0.21808 0.58158 0.57554 0.31739
0.15698 0.40612 0.04784 0.09988
0.92762 0.63821 0.56488 0.88751
0.26769 0.50782 0.84484 0.31681
0.17544 0.46425 0.84864 0.84114
0.96245 0.59809 0.65323 0.78555
0.94936 0.52439 0.72670 0.28319
0.94053 0.58140 0.74544 0.24362
0.83414 0.57010 0.53685 0.49090
0.24890 0.48641 0.82220 0.17451
0.84060 0.44015 0.74990 0.11451
0.27288 0.54873 0.83429 0.34685
0.15296 0.52860 0.36632 0.65373
0.68299 0.11016 0.67427 0.56466
0.47756 0.18182 0.34517 0.53423
1.01304 0.22026 0.71151 0.63928
0.81961 0.29344 0.82989 0.14697
0.48688 0.19942 0.34909 0.54943
0.84773 0.48378 0.72482 0.09632
0.91058 0.66006 0.57414 0.94386
0.36364 0.28329 0.22942 0.69454
0.85506 0.43310 0.74258 0.12805
0.03637 0.73389 0.71706 0.76156
0.01483 0.68876 0.69502 0.79691
0.23145 0.67677 0.21090 0.88762
0.02714 0.73962 0.71976 0.76899
0.15710 0.05358 0.19476 0.58974
0.14422 0.44018 0.08289 0.10747
0.59244 0.07731 0.00742 0.77593
0.46642 0.15596 0.37707 0.53195
0.86254 0.44605 0.74675 0.12646
0.24314 0.52055 0.83054 0.21804
0.22072 0.09549 0.30390 0.40021
0.49593 0.30938 0.46561 0.21425
0.01925 0.76277 0.75839 0.80825
0.60489 0.33287 0.47593 0.54811
0.30080 0.50463 0.79406 0.31953
0.37144 0.30830 0.23945 0.65593
0.60534 0.33345 0.48957 0.54168
0.28044 0.29233 0.34997 0.81192
0.50571 0.32612 0.51004 0.21204
0.71169 0.50829 0.01001 0.17476
0.28685 0.39463 0.56227 0.72396
0.30079 0.74416 0.21950 0.75075
0.78387 0.31988 0.75464 0.55305
0.97463 0.41233 0.58395 0.86063
0.76432 0.36136 0.78521 0.44835
0.02743 0.75380 0.70686 0.78659
0.80330 0.36406 0.75481 0.56707
0.81736 0.30886 0.78208 0.59961
0.75665 0.49468 0.51678 0.18314
0.15386 0.08686 0.20535 0.60367
0.06291 0.11039 0.83180 0.89225
0.99737 0.21169 0.65643 0.66295
0.79629 0.30976 0.76388 0.56436
0.65219 0.77760 0.14047 0.09701
0.84265 0.59208 0.97051 0.57831
0.27591 0.40671 0.55213 0.74969
0.13004 0.10558 0.22042 0.60488
0.22770 0.59623 0.55266 0.29285
0.76591 0.33286 0.81644 0.43165
0.23525 0.13725 0.26696 0.39875
0.92417 0.84323 0.37757 0.16951
0.72999 0.33450 0.10424 0.08311
0.81761 0.57284 0.52019 0.48328
0.83081 0.49347 0.74210 0.13845
0.82401 0.33939 0.76110 0.57977
0.83833 0.59655 0.95247 0.60039
0.14659 0.54782 0.41648 0.67584
0.20395 0.03972 0.28759 0.39001
0.78717 0.30214 0.81047 0.47334
0.68898 0.81006 0.15723 0.09434
0.94113 0.63643 0.60983 0.89882
0.93555 0.43198 0.97009 0.60805
0.95313 0.60748 0.74768 0.75251
0.27271 0.73125 0.23292 0.74135
0.72635 0.46905 0.01784 0.18160
0.74098 0.13719 0.63520 0.64843
0.10372 0.08058 0.21306 0.56986
0.13855 0.09121 0.20601 0.61366
0.30349 0.69793 0.27258 0.75285
0.59838 0.06862 0.01562 0.81346
0.74872 0.32433 0.78536 0.46652
0.74070 0.45700 0.52797 0.19836
0.03730 0.08005 0.97901 0.96526
0.98201 0.43667 0.64555 0.85012
0.45417 0.22139 0.33895 0.55656
0.81944 0.83012 0.46550 0.29842
0.97501 0.61196 0.69178 0.75261
0.81996 0.84014 0.45037 0.29488
0.10650 0.08588 0.19378 0.61463
0.29101 0.54525 0.82915 0.20821
0.02412 0.81344 0.31710 0.88202
0.13812 0.06157 0.23371 0.62717
0.14318 0.88066 1.00300 0.85633
0.43997 0.58957 0.17468 0.32131
0.74163 0.35193 0.79246 0.45135
0.22961 0.54730 0.82418 0.24148
0.05692 0.26059 0.74274 0.12662
0.63228 0.34956 0.46976 0.53621
0.24765 0.60893 0.59943 0.31503
0.84339 0.80253 0.47354 0.31291
0.93681 0.53347 0.74255 0.28651
0.21292 0.61167 0.58426 0.29205
1.01516 0.22773 0.66264 0.65232
0.36374 0.85593 0.46657 0.09111
0.63755 0.76443 0.09102 0.06282
0.74167 0.49311 0.46070 0.64571
0.08760 0.06458 0.85547 0.95006
0.46067 0.20045 0.35847 0.52715
0.71094 0.35426 0.08500 0.08941
0.28231 0.40271 0.62351 0.71398
0.65006 0.11529 0.66030 0.55412
0.56692 0.07738 0.03063 0.78220
0.70738 0.10506 0.08937 0.79028
0.48312 0.30142 0.49244 0.20881
0.15101 0.53485 0.39702 0.62241
0.21982 0.10957 0.31180 0.36427
0.44580 0.16380 0.33998 0.54823
0.14878 0.45829 0.05025 0.11762
0.66588 0.12495 0.68783 0.56366
0.64873 0.33475 0.42766 0.50573
0.97367 0.40735 0.56776 0.07696
0.78766 0.13588 0.64923 0.66907
0.49683 0.30866 0.49680 0.23425
0.99988 0.63079 0.69061 0.74423
0.13481 0.52389 0.41951 0.65751
0.64109 0.32508 0.44379 0.53464
0.29498 0.53686 0.86840 0.20860
0.97131 0.42841 0.92061 0.59670
0.11671 0.04533 0.20348 0.58754
0.96578 0.43006 0.95754 0.60815
0.82040 0.51929 0.51834 0.49967
0.86294 0.45700 0.72900 0.13552
0.85517 0.45300 0.71725 0.11157
0.57139 0.04190 0.02644 0.80080
0.46548 0.59314 0.18346 0.38609
0.12091 0.40339 0.04816 0.08440
0.95456 0.83682 0.33997 0.15609
0.25991 0.53016 0.84397 0.20647
0.06951 0.25302 0.70082 0.09655
0.62888 0.31934 0.47344 0.52569
0.80238 0.34675 0.85293 0.14357
0.84057 0.81746 0.45825 0.26924
0.25437 0.53283 0.83684 0.20581
0.14742 0.42080 0.06927 0.11567
0.04983 0.86653 0.31799 0.90904
0.77604 0.57699 0.49729 0.48197
0.83135 0.40239 0.85466 0.11651
0.14376 0.51478 0.41389 0.65861
0.50848 0.30886 0.50280 0.20872
0.71498 0.50530 0.45413 0.60467
0.84754 0.45047 0.73323 0.10155
0.94997 0.85060 0.35657 0.19776
0.98329 0.22654 0.64690 0.63582
0.71499 0.49395 -0.00493 0.18450
0.82280 0.83785 0.45758 0.30248
0.50681 0.30150 0.49793 0.21837
0.03000 0.76026 0.75700 0.78109
0.82599 0.48431 0.71295 0.10778
0.64619 0.81439 0.13200 0.08051
0.36839 0.82275 0.47191 0.14278
0.73474 0.34882 0.06471 0.07083
0.65565 0.10740 0.11119 0.73868
0.47684 0.21009 0.34440 0.56019
0.99087 0.45785 0.58396 0.86076
0.97282 0.57469 0.70071 0.28082
0.75346 0.50160 0.02936 0.18719
0.06560 0.27802 0.69190 0.12066
0.04042 0.84569 0.29380 0.87268
0.97292 0.53558 0.70431 0.33516
0.29341 0.69746 0.26350 0.71875
0.65547 0.11196 0.67154 0.52576
0.28512 0.49675 0.81228 0.36132
0.79993 0.80929 0.48796 0.30780
0.44561 0.61656 0.18291 0.34410
0.70028 0.49513 0.54144 0.20039
0.62177 0.29809 0.42574 0.54333
0.79031 0.35127 0.75748 0.59428
0.73470 0.51704 0.03474 0.20269
0.76966 0.54222 0.01554 0.20337
0.13479 0.54097 0.38844 0.64953
0.81577 0.32051 0.75595 0.57841
0.12824 0.06011 0.23308 0.57849
0.69398 0.11484 0.68992 0.54876
0.95803 0.50263 0.59221 0.85975
0.38873 0.29636 0.18985 0.68134
0.70485 0.12186 0.12837 0.77323
0.95019 0.63392 0.69694 0.78957
0.15936 0.42844 0.05332 0.07930
0.50530 0.30540 0.47304 0.24244
0.63253 0.36412 0.48252 0.50197
0.63053 0.74929 0.16263 0.06533
0.34391 0.72115 0.25549 0.76364
0.05867 0.29066 0.68083 0.12741
0.61689 0.80084 0.15925 0.08025
0.68084 0.10242 0.67799 0.54389
0.92341 0.63048 0.56354 0.96296
0.72028 0.46563 0.55516 0.24659
0.95462 0.37850 0.54045 0.08921
0.17347 0.89417 0.95718 0.84707
0.94514 0.86950 0.35698 0.13668
0.42312 0.29354 0.22124 0.68135
0.95908 0.46724 0.60348 0.86289
0.79452 0.53869 0.54247 0.52225
0.62404 0.06484 0.68872 0.58507
0.59306 0.50401 0.38810 0.18751
0.69304 0.12576 0.10551 0.77551
0.15035 0.44733 0.83885 0.86721
0.19262 0.14198 0.32467 0.38236
0.13700 0.42637 0.01001 0.08787
0.25934 0.26849 0.39112 0.79236
0.39164 0.27909 0.23281 0.67471
0.84091 0.45608 0.72662 0.10068
0.37720 0.29469 0.25987 0.68525
0.06181 0.81195 0.33977 0.86052
0.54496 0.03327 0.03575 0.79209
0.13407 0.55197 0.44542 0.65951
0.39646 0.81731 0.45868 0.12206
0.22102 0.61999 0.55832 0.29193
0.28038 0.50645 0.80242 0.32368
0.68237 0.14673 0.11416 0.77653
0.30490 0.73932 0.24308 0.76471
0.12869 0.07364 0.20508 0.59150
0.43055 0.62199 0.13548 0.33035
0.07488 0.09739 0.82759 0.92533
0.06497 0.24689 0.72567 0.10127
0.85778 0.48140 0.71551 0.09995
0.07879 0.28095 0.76040 0.11964
0.21700 0.27425 0.36571 0.80082
0.01843 0.09117 0.97695 1.00550
0.37332 0.83206 0.46669 0.09720
0.22159 0.58197 0.59483 0.27387
0.81273 0.33284 0.87878 0.18847
0.29116 0.41083 0.90964 0.61622
0.31010 0.68414 0.24815 0.78137
0.27134 0.41293 0.55839 0.74242
0.49914 0.30476 0.49538 0.22332
0.13969 0.44048 0.05535 0.10660
0.77058 0.32859 0.74983 0.46310
0.23123 0.51677 0.82334 0.22403
0.61379 0.04558 0.03428 0.82951
0.72587 0.53193 0.55305 0.20625
0.20119 0.58553 0.62736 0.28595
0.52196 0.33520 0.45494 0.21004
0.99826 0.46898 0.61010 0.89365
0.98982 0.25852 0.67628 0.62127
0.61395 0.33366 0.47904 0.48285
0.71377 0.50134 0.45452 0.61377
0.09333 0.10108 0.21610 0.61311
0.37628 0.78206 0.45069 0.11280
0.21797 0.24646 0.30482 0.77820
0.02283 0.11532 0.96403 0.97421
0.96958 0.84043 0.37332 0.17148
0.61547 0.04877 0.01711 0.80055
0.37542 0.24275 0.22902 0.67057
0.69421 0.50631 0.03149 0.18427
0.64048 0.08174 0.70245 0.55286
0.74056 0.53085 0.05783 0.18637
0.70219 0.50997 0.02447 0.19026
0.79050 0.13191 0.64336 0.65509
0.60159 0.50224 0.37497 0.17470
0.63245 0.34622 0.45116 0.51221
0.94532 0.46820 0.57198 0.81381
0.52912 0.34884 0.51177 0.17602
0.99316 0.34920 0.57153 0.06430
0.95675 0.42832 0.94124 0.62608
0.22365 0.61935 0.57771 0.26957
0.50321 0.29014 0.47665 0.20323
0.83181 0.33919 0.85632 0.14929
0.11213 0.42645 0.06048 0.11062
0.09191 0.07757 0.80596 0.95701
0.12062 0.55263 0.39962 0.66068
0.78568 0.36550 0.79985 0.42790
0.23228 0.64297 0.53365 0.28122
0.09231 0.43383 0.03323 0.08864
0.18339 0.12037 0.29526 0.38971
0.12754 0.41623 0.07254 0.11255
0.80415 0.36890 0.74845 0.56931
0.96130 0.55329 0.73432 0.27054
0.60964 0.05822 0.03904 0.73979
0.04953 0.71880 0.71946 0.80032
0.81439 0.31217 0.84329 0.15763
0.72765 0.50247 0.03610 0.23209
0.27607 0.47633 0.83436 0.22701
0.19667 0.10640 0.27373 0.37589
0.94183 0.46209 0.93641 0.63112
0.68376 0.12190 0.15205 0.78593
0.24639 0.52698 0.85015 0.16119
0.96403 0.44907 0.62938 0.85595
0.28336 0.40864 0.87569 0.57628
0.05550 0.07950 0.97701 0.99128
0.23400 0.63086 0.55474 0.31867
0.46470 0.15153 0.34084 0.53636
0.77727 0.81647 0.44667 0.29245
0.98684 0.51591 0.73906 0.30841
0.29557 0.71519 0.25225 0.76729
0.97986 0.39042 0.56379 0.08193
0.05625 0.08833 0.94488 0.94069
0.23714 0.11422 0.31094 0.41431
0.10984 0.26741 0.72221 0.11401
0.95625 0.64311 0.70168 0.76233
0.73910 0.51418 0.48652 0.57461
0.43518 0.60604 0.10422 0.35435
0.95656 0.83216 0.36435 0.18245
0.28922 0.41025 0.89880 0.61118
0.03241 0.76101 0.74604 0.79962
0.48660 0.22100 0.39359 0.53171
0.95732 0.42375 0.94361 0.64693
0.24069 0.58531 0.55313 0.28204
0.08822 0.26362 0.72672 0.11427
0.63253 0.32464 0.45628 0.47987
0.42373 0.63027 0.16073 0.34964
0.21456 0.48081 0.84788 0.21691
0.62642 0.52339 0.38199 0.19446
0.74957 0.34353 0.78979 0.46347
0.63361 0.35152 0.45996 0.55000
0.73723 0.44921 0.52076 0.26535
0.26234 0.38204 0.57994 0.71871
0.71568 0.11401 0.69240 0.56196
0.94575 0.44226 0.63138 0.87263
0.96032 0.46507 0.96692 0.66360
0.07306 0.82575 0.31449 0.89409
0.29212 0.39776 0.87544 0.57601
0.95254 0.55032 0.73764 0.28875
0.37792 0.56644 0.14755 0.33358
0.60715 0.79272 0.13614 0.07772
0.01158 0.10278 1.01316 0.96097
0.24465 0.38925 0.87919 0.57276
0.39821 0.80383 0.46776 0.13348
0.01029 0.71516 0.74495 0.78587
0.69496 0.33355 0.12385 0.07878
0.44029 0.60723 0.16754 0.37217
0.72469 0.42531 0.53905 0.23049
0.93845 0.66918 0.58582 0.93415
0.91140 0.86844 0.39117 0.19796
0.02748 0.81968 0.33149 0.87425
0.98128 0.23577 0.66446 0.63028
0.67769 0.11942 0.12446 0.74661
0.78787 0.84956 0.47420 0.28658
0.79302 0.36783 0.81517 0.43227
0.81927 0.81290 0.43712 0.26554
0.20769 0.70579 0.22962 0.89276
0.03285 0.10833 1.01543 0.96550
0.70594 0.34623 0.09888 0.09724
0.96308 0.45153 0.94566 0.62907
-0.00717 0.75337 0.77008 0.80735
0.85375 0.45427 0.71033 0.14065
0.28256 0.37437 0.59860 0.75199
0.25123 0.37793 0.89951 0.60529
0.22265 0.08108 0.28859 0.39249
0.76702 0.33468 0.10299 0.06455
0.36681 0.83370 0.43736 0.08394
0.13543 0.42094 0.03861 0.11971
0.94845 0.55131 0.69251 0.31990
0.66587 0.12562 0.69078 0.53267
0.18026 0.44784 0.86653 0.85929
1.02919 0.37284 0.58933 0.06514
0.24219 0.60164 0.57992 0.27422
0.80378 0.11738 0.63780 0.68067
0.74149 0.48632 0.03233 0.22835
0.91930 0.65660 0.68458 0.78151
0.19587 0.47830 0.85455 0.84674
0.81603 0.34338 0.78231 0.60019
0.97503 0.26893 0.67346 0.60352
0.21626 0.56578 0.60478 0.28199
0.24823 0.63281 0.61876 0.27191
0.91881 0.63316 0.54701 0.89759
0.17754 0.88571 0.95876 0.87351
0.07338 0.10726 1.00726 1.03230
0.25473 0.47027 0.78579 0.33386
0.25476 0.52946 0.83421 0.22298
0.42147 0.58585 0.17904 0.36217
0.19567 0.73075 0.16777 0.88724
0.94844 0.37939 0.55272 0.08549
0.83680 0.58275 0.92800 0.57390
0.26307 0.40251 0.56656 0.74753
0.96608 0.39405 0.96085 0.61122
0.82035 0.81497 0.48378 0.32777
0.40792 0.84701 0.48342 0.08631
0.10715 0.86013 0.34141 0.91112
0.82971 0.80710 0.47847 0.31868
0.50874 0.32235 0.50524 0.20503
0.63221 0.76839 0.15802 0.10694
0.31566 0.74205 0.25144 0.72021
0.15648 0.45234 0.86908 0.85739
0.56012 0.07102 0.03504 0.78153
0.77510 0.37530 0.79897 0.41488
0.96898 0.64968 0.57660 0.95313
0.25042 0.53463 0.82842 0.16922
0.84186 0.34812 0.86231 0.15084
0.24469 0.27540 0.37368 0.77950
0.19882 0.76483 0.19795 0.87175
0.42448 0.57792 0.15778 0.34533
0.84324 0.52613 0.52496 0.47293
0.15947 0.53312 0.42939 0.64873
0.59439 0.46431 0.39307 0.14888
0.92594 0.87253 0.35517 0.13449
0.30480 0.49604 0.80263 0.30528
0.19505 0.46226 0.82984 0.87919
0.25117 0.49285 0.80166 0.29679
0.78115 0.34431 0.75045 0.59051
0.17561 0.54603 0.39465 0.67824
0.83142 0.85154 0.50531 0.25499
0.14018 0.41957 0.07394 0.11928
0.68704 0.12815 0.12799 0.77615
0.37020 0.29057 0.18136 0.65721
0.02876 0.77616 0.70402 0.80158
0.98275 0.25900 0.68179 0.65436
0.97590 0.25646 0.64967 0.67635
0.99390 0.51556 0.74703 0.27885
0.97772 0.23435 0.68514 0.63021
0.60869 0.77214 0.15630 0.08254
0.81933 0.83167 0.48565 0.30354
0.08783 0.83025 0.32632 0.86852
0.24281 0.48068 0.85560 0.18539
0.03245 0.27987 0.68993 0.11038
0.97852 0.87297 0.38024 0.13815
0.74025 0.48988 0.49778 0.61574
0.36324 0.29288 0.20994 0.68343
0.74485 0.38444 0.81754 0.41268
0.31560 0.73005 0.28472 0.71548
0.17441 0.46832 0.86069 0.88064
0.31261 0.73351 0.29369 0.78778
0.66392 0.78201 0.11645 0.07956
0.40831 0.28284 0.20074 0.68228
0.80298 0.31913 0.73477 0.57247
0.06936 0.27912 0.71067 0.13954
0.27427 0.35799 0.57734 0.75587
0.82826 0.81589 0.44660 0.30059
0.94329 0.85058 0.38146 0.16316
0.12901 0.07378 0.19618 0.60428
0.19718 0.88176 1.00107 0.89020
0.70613 0.50184 0.05934 0.20029
0.49221 0.31542 0.49292 0.22706
0.64124 0.12503 0.71582 0.53404
0.93620 0.88301 0.35155 0.17452
0.61469 0.51473 0.36820 0.17200
0.25919 0.50296 0.80816 0.34203
0.01847 0.72721 0.69068 0.80496
0.24564 0.60592 0.57539 0.29282
0.41763 0.62745 0.13688 0.34938
0.80009 0.34737 0.84871 0.10458
0.73883 0.44929 0.51410 0.20988
0.92841 0.81254 0.35943 0.16113
0.63131 0.76325 0.15835 0.08155
0.68294 0.79419 0.17453 0.09084
0.18926 0.47616 0.86457 0.87627
0.94565 0.38775 0.54885 0.03897
0.72411 0.45715 0.49818 0.62907
0.79300 0.15664 0.66057 0.65278
0.37591 0.79876 0.44140 0.11476
0.86463 0.49918 0.75074 0.08988
0.16695 0.88268 0.96890 0.89316
0.98006 0.44105 0.57876 0.86185
0.81699 0.34519 0.77515 0.59072
0.86048 0.47987 0.73033 0.08776
0.60085 0.49588 0.38746 0.16023
0.34015 0.81705 0.42837 0.10345
0.44025 0.59675 0.16123 0.35421
0.82102 0.34742 0.86679 0.16045
0.42764 0.29099 0.23071 0.64917
0.58729 0.06373 0.05409 0.83989
0.03579 0.09735 0.96221 0.94846
0.85822 0.48696 0.72715 0.11848
0.32430 0.72435 0.24883 0.79618
0.70343 0.50063 0.04520 0.23757
0.68850 0.12299 0.13525 0.78002
0.72669 0.34539 0.08694 0.05952
0.26508 0.50741 0.84500 0.21786
0.72418 0.46806 -0.00091 0.22471
0.15058 0.52190 0.39846 0.63740
0.24186 0.27575 0.38104 0.79150
0.27431 0.50466 0.83228 0.15836
0.58444 0.50225 0.40266 0.17193
0.80566 0.82190 0.48280 0.34827
0.39455 0.27130 0.22691 0.64736
0.94549 0.43342 0.95187 0.58389
0.05403 0.10982 0.82874 0.90544
0.84618 0.48135 0.72124 0.10569
0.25884 0.37149 0.56712 0.71706
0.14029 0.54016 0.38738 0.66009
0.97023 0.36616 0.54690 0.08628
0.14081 0.44310 0.07013 0.08836
0.68872 0.50422 0.02133 0.23520
0.61687 0.00470 0.02710 0.77963
0.25465 0.61633 0.61730 0.26481
1.01660 0.27901 0.64794 0.62631
0.82728 0.85382 0.45866 0.28083
0.48445 0.18921 0.39013 0.55266
0.96710 0.85303 0.35577 0.14668
0.95546 0.44594 0.92256 0.61849
0.18245 0.74256 0.20008 0.90612
0.86463 0.57060 0.96866 0.58510
0.13763 0.04529 0.18125 0.63315
0.88778 0.50815 0.75932 0.15384
0.94461 0.49407 0.58765 0.84416
0.57316 0.05366 0.03401 0.76707
0.96314 0.45490 0.62253 0.87195
0.02566 0.06789 0.96023 0.97331
0.60296 0.04592 0.02717 0.80744
0.94966 0.41974 0.95139 0.63308
0.57547 0.06455 0.00637 0.78298
0.36717 0.81733 0.46521 0.10226
0.26339 0.38994 0.58674 0.72767
0.72860 0.53221 0.47072 0.62960
0.96743 0.50718 0.62254 0.89165
0.85370 0.55029 0.57630 0.47637
0.90140 0.64010 0.56362 0.90027
-0.00634 0.70574 0.72991 0.79907
0.84763 0.61420 0.96415 0.60036
0.89603 0.68868 0.59624 0.88530
0.74993 0.50616 0.44980 0.61462
0.24213 0.59749 0.59534 0.31990
0.27794 0.39929 0.59243 0.71151
0.39377 0.29493 0.24731 0.66918
0.02935 0.12456 0.96452 0.94674
0.44639 0.66259 0.15316 0.33453
0.12405 0.39397 0.05487 0.09350
0.03603 0.25319 0.73853 0.12368
0.94474 0.53684 0.73909 0.30220
0.49423 0.19421 0.35159 0.58213
0.92848 0.66077 0.53537 0.91995
0.95926 0.61210 0.68992 0.73930
0.66570 0.75888 0.13054 0.08765
0.75913 0.42645 0.53200 0.18077
0.94948 0.79752 0.36154 0.13737
0.72395 0.51323 0.49133 0.61418
0.67885 0.34804 0.09564 0.09063
0.47312 0.17564 0.38701 0.53043
0.00545 0.74590 0.70617 0.80858
0.13304 0.08457 0.21576 0.57696
0.78737 0.33279 0.72107 0.57080
0.97857 0.58769 0.73690 0.31557
0.28814 0.38120 0.88401 0.60068
0.03630 0.06863 0.97687 0.99634
0.30362 0.71013 0.23650 0.74549
0.81383 0.56677 0.98465 0.59248
0.14530 0.51591 0.40927 0.66961
0.39739 0.25750 0.20759 0.67008
0.12794 0.09794 0.24173 0.62217
0.27987 0.75248 0.21446 0.74599
0.79627 0.36660 0.77519 0.55070
0.59872 0.07771 0.02287 0.77233
0.05941 0.07791 0.97903 0.99894
0.79195 0.15453 0.60689 0.70106
0.20287 0.61421 0.60826 0.29604
0.22845 0.63250 0.57304 0.29238
0.66048 0.14123 0.67243 0.56252
0.95742 0.43088 0.59586 0.84791
0.72855 0.09820 0.10373 0.76863
0.88055 0.57070 0.98980 0.57670
0.22602 0.73451 0.19227 0.90586
0.02572 0.09646 0.95389 0.98971
0.74322 0.46716 -0.00610 0.22625
0.80634 0.35359 0.84030 0.14929
0.77324 0.33149 0.74363 0.45213
0.25061 0.27055 0.38927 0.77185
0.27219 0.49223 0.74972 0.32229
0.03107 0.82133 0.31536 0.89105
0.25145 0.48911 0.82604 0.31857
0.81613 0.83657 0.43859 0.27076
0.68487 0.14458 0.09515 0.74690
0.67674 0.78140 0.12889 0.05312
0.71779 0.12392 0.15582 0.76346
0.26254 0.41014 0.88710 0.59802
0.07388 0.12592 0.88182 0.92040
0.58423 0.52299 0.42223 0.17486
0.40360 0.85001 0.47012 0.11542
0.99005 0.40772 0.56538 0.09848
0.65922 0.77349 0.12781 0.10155
0.74635 0.48855 0.50321 0.63144
0.79350 0.30940 0.76187 0.58524
0.08572 0.27405 0.74340 0.15969
1.01024 0.26425 0.66661 0.65698
0.96445 0.46135 0.62064 0.87130
0.78977 0.32612 0.85141 0.14637
0.71348 0.35693 0.10550 0.10244
0.71573 0.45594 0.55928 0.22757
0.44252 0.23837 0.25227 0.67456
0.81089 0.57939 0.51317 0.50052
0.63217 0.08058 0.66594 0.53375
0.22275 0.09012 0.32028 0.36363
0.62375 0.51820 0.35765 0.19896
0.13828 0.43756 0.03132 0.07483
0.08422 0.07563 0.80710 0.92697
0.17053 0.44960 0.81450 0.83967
0.92090 0.42865 0.92606 0.61223
0.93420 0.84125 0.35895 0.12914
0.70945 0.47337 0.52359 0.18278
0.58640 0.02837 0.02596 0.79913
0.72666 0.52810 0.45457 0.62459
0.01974 0.75273 0.68690 0.76913
0.74514 0.49508 0.49731 0.23191
0.18903 0.76855 0.17199 0.91140
0.19028 0.08376 0.27893 0.34170
0.99655 0.22620 0.69103 0.63844
0.26874 0.37028 0.87927 0.59167
0.19853 0.71979 0.20829 0.92385
0.07214 0.86996 0.28733 0.91764
0.85570 0.56876 0.53463 0.48876
0.26700 0.52518 0.83856 0.19382
0.94298 0.85895 0.36007 0.15730
0.22404 0.26870 0.38639 0.81685
0.86574 0.47039 0.72502 0.13373
0.40077 0.83329 0.43600 0.11431
1.01847 0.23537 0.65715 0.65735
0.85531 0.55613 0.94311 0.56567
0.79006 0.36473 0.83849 0.12159
0.65191 0.13557 0.66669 0.55664
0.93669 0.66430 0.56834 0.91148
0.95045 0.65166 0.56096 0.91328
0.99631 0.22547 0.68144 0.62821
0.38110 0.80589 0.46164 0.09339
0.96606 0.35682 0.59046 0.08517
0.22799 0.48590 0.86162 0.19945
0.30500 0.72609 0.28632 0.74854
0.92333 0.86337 0.33167 0.18452
0.25414 0.11621 0.27116 0.39047
0.61362 0.51509 0.37853 0.19042
0.29802 0.28531 0.31861 0.79899
0.11971 0.07892 0.19386 0.59323
0.69227 0.14047 0.11789 0.79532
0.18756 0.45249 0.82429 0.85513
0.25328 0.39473 0.59014 0.75668
0.40189 0.25010 0.22505 0.70295
0.70762 0.15391 0.13197 0.77617
0.16542 0.53419 0.40091 0.70242
0.63870 0.34718 0.45736 0.52362
0.40126 0.59723 0.15212 0.32569
0.97286 0.39354 0.53616 0.05012
0.75385 0.31568 0.78202 0.45146
0.30333 0.76041 0.27489 0.75346
0.85159 0.46744 0.72534 0.12848
0.21230 0.62094 0.57948 0.25428
0.85037 0.58758 0.96840 0.62530
0.15337 0.89251 1.02861 0.83642
0.98280 0.39387 0.95159 0.59982
0.22984 0.26588 0.36926 0.80933
0.97505 0.43505 0.96647 0.58926
0.32440 0.74165 0.23283 0.74514
0.50028 0.31450 0.49855 0.21857
0.19657 0.76668 0.18288 0.89633
0.94997 0.63351 0.69389 0.73169
0.78909 0.16697 0.66502 0.64716
0.69319 0.33320 0.09117 0.08300
0.80135 0.36814 0.84790 0.12256
0.80849 0.33220 0.75391 0.53864
0.19116 0.72512 0.23312 0.93596
0.97724 0.63998 0.70835 0.81371
0.06227 0.74106 0.75536 0.81877
0.36637 0.81121 0.46601 0.12178
0.94437 0.85329 0.37612 0.13633
0.73508 0.45069 0.51444 0.23685
0.25479 0.08065 0.30416 0.34612
0.28275 0.39600 0.58408 0.67145
0.05697 0.86520 0.33127 0.87318
0.63549 0.11763 0.67793 0.54317
0.12799 0.44024 0.04243 0.08067
0.97928 0.53701 0.69189 0.30036
0.96071 0.55771 0.74734 0.32192
0.77994 0.16931 0.61470 0.65900
0.24111 0.29426 0.40185 0.82932
0.02297 0.72454 0.75471 0.79548
0.46093 0.21411 0.36973 0.55049
0.25993 0.59286 0.56933 0.28052
0.03242 0.78944 0.73074 0.79494
0.06424 0.43621 0.05827 0.08289
0.78793 0.34481 0.84788 0.16651
0.39227 0.59132 0.11908 0.32982
0.95785 0.43672 0.94876 0.60722
0.22774 0.71395 0.19706 0.89789
0.25905 0.39262 0.54001 0.73612
0.17497 0.13129 0.32747 0.39287
0.62595 0.53880 0.35844 0.15996
0.60045 0.04965 0.01434 0.79656
0.68941 0.49750 0.05245 0.20931
0.93250 0.67883 0.57830 0.88207
0.93318 0.52485 0.72749 0.27068
0.61802 0.37782 0.48049 0.52113
0.94545 0.42123 0.64057 0.86157
0.18387 0.71343 0.18792 0.89859
0.51135 0.34413 0.47184 0.21324
0.98858 0.86574 0.40348 0.16633
0.29229 0.51303 0.79211 0.29383
0.21881 0.11812 0.26179 0.39280
0.06678 0.28019 0.70405 0.11082
0.82133 0.32061 0.85312 0.17758
0.12687 0.06320 0.18904 0.62361
0.47871 0.18556 0.39422 0.56335
0.97793 0.55212 0.72531 0.29268
0.38067 0.24700 0.23987 0.69184
0.17429 0.56383 0.39081 0.65998
0.29546 0.37916 0.58318 0.72480
0.24389 0.61949 0.59654 0.31998
0.95228 0.57184 0.71070 0.27867
0.26762 0.48140 0.78389 0.31695
0.60210 0.53482 0.38013 0.16518
0.26981 0.52799 0.84283 0.19099
0.61525 0.32046 0.44585 0.51253
0.28648 0.46354 0.77247 0.34820
0.99827 0.24841 0.63589 0.61408
0.29188 0.75028 0.27479 0.76029
0.05745 0.27300 0.72352 0.10158
0.26333 0.42141 0.60307 0.75766
0.63053 0.74700 0.12952 0.04409
0.24759 0.29647 0.33240 0.82031
0.41128 0.59151 0.17754 0.32942
0.36942 0.77207 0.42346 0.07269
0.03478 0.06927 0.98203 0.95307
0.78976 0.34502 0.86649 0.20078
0.72944 0.49112 0.46468 0.62339
0.12440 0.43920 0.05402 0.12495
0.99451 0.21865 0.68023 0.66116
0.63960 0.32963 0.45075 0.49550
0.66460 0.76777 0.12146 0.02857
0.08073 0.24638 0.71644 0.08801
0.07786 0.09320 0.96477 1.00919
0.51578 0.30310 0.46786 0.18401
0.13001 0.57113 0.40637 0.63711
0.71256 0.53018 0.49333 0.63242
0.11378 0.08215 0.22240 0.59667
0.24204 0.73239 0.20714 0.88534
0.59226 0.49698 0.36226 0.16532
0.25696 0.49022 0.77410 0.34718
0.95288 0.44018 0.62670 0.84921
0.63861 0.76705 0.14104 0.08913
0.75977 0.14855 0.63331 0.69789
0.96662 0.65523 0.68450 0.76620
0.05358 0.25988 0.72912 0.14713
0.64582 0.30283 0.43899 0.54887
0.11154 0.42340 0.02963 0.07033
0.29036 0.56102 0.85543 0.19684
0.21253 0.29322 0.34845 0.80891
0.67147 0.48751 0.36934 0.16210
0.21152 0.65009 0.58103 0.30453
0.31081 0.46199 0.82341 0.34438
0.92898 0.82736 0.36197 0.18815
0.19428 0.49784 0.85468 0.85010
0.06614 0.11104 0.81900 0.94040
0.38356 0.59385 0.15802 0.35622
0.79240 0.36492 0.75353 0.57160
0.21247 0.09090 0.30670 0.39637
0.04470 0.27508 0.70988 0.09283
0.60733 0.05976 0.02171 0.78183
0.67264 0.77326 0.12610 0.08682
0.13120 0.06715 0.21048 0.56971
0.79055 0.13583 0.61466 0.69531
0.74831 0.51356 0.48751 0.61516
0.20112 0.71193 0.23990 0.91102
0.22705 0.28686 0.31176 0.78152
0.39632 0.84177 0.44587 0.12208
0.80472 0.55230 0.50323 0.50893
0.94800 0.45405 0.93575 0.57772
0.04220 0.77119 0.70960 0.83389
0.20876 0.58790 0.55538 0.26075
0.17053 0.45114 0.84669 0.87146
0.94030 0.43901 0.97991 0.56085
0.03054 0.85562 0.33003 0.93926
0.41937 0.64391 0.13730 0.34988
0.28955 0.74744 0.21274 0.74281
0.91878 0.83140 0.36658 0.13671
0.74744 0.47528 0.55440 0.22526
0.65520 0.13456 0.67727 0.55464
0.06185 0.24014 0.72253 0.07318
0.04203 0.05447 0.97434 0.96852
0.75953 0.33347 0.78512 0.42441
0.71161 0.43563 0.54768 0.21809
0.18928 0.54310 0.41037 0.66529
0.76195 0.30288 0.75832 0.56086
0.95514 0.56298 0.67698 0.28785
0.85599 0.58627 0.94893 0.59033
0.95523 0.54131 0.73589 0.28004
0.98847 0.63952 0.68219 0.78423
0.29089 0.39056 0.87843 0.63484
0.59450 0.05117 0.01794 0.78174
0.63518 0.79563 0.18483 0.08592
0.67597 0.12130 0.64499 0.53964
0.28219 0.62862 0.59557 0.31494
0.04896 0.84625 0.30282 0.87180
0.25790 0.64819 0.58246 0.27698
0.04814 0.09917 0.97002 0.98102
0.70744 0.47749 -0.00198 0.22526
0.58577 0.35380 0.48101 0.51084
0.42112 0.29066 0.25394 0.65946
0.74471 0.47557 0.55737 0.23036
0.84536 0.58466 0.99362 0.62433
0.72230 0.34803 0.08896 0.10824
0.19982 0.45182 0.84159 0.82833
0.75563 0.32506 0.08708 0.08748
0.40574 0.27768 0.25511 0.67460
0.46690 0.19785 0.36945 0.55394
0.63369 0.15771 0.67375 0.53783
0.38634 0.81250 0.48696 0.07767
0.78710 0.34631 0.84661 0.16539
0.88418 0.46848 0.75222 0.14777
0.15591 0.44930 0.08375 0.11125
0.19489 0.90948 0.96606 0.81716
0.92087 0.68126 0.55861 0.90047
0.15077 0.45254 0.84065 0.86753
0.19778 0.88224 0.96679 0.84904
0.31917 0.47587 0.80202 0.33472
0.37049 0.79306 0.46318 0.13513
0.10497 0.40000 0.07055 0.13736
0.97659 0.39805 0.59151 0.06541
0.70904 0.45056 0.51333 0.17965
0.21330 0.39860 0.83822 0.84724
0.71251 0.48928 0.51097 0.63300
0.63086 0.14566 0.65309 0.50521
1.00290 0.39661 0.54544 0.05495
0.97352 0.30036 0.70903 0.64236
0.29454 0.74029 0.26352 0.76059
0.37640 0.81848 0.45701 0.13203
0.38345 0.31485 0.21613 0.66916
0.17005 0.90236 0.97829 0.86951
0.07375 0.10101 0.94659 0.96295
0.66648 0.78800 0.14944 0.07374
0.89592 0.46310 0.72193 0.12514
0.29045 0.38474 0.55798 0.78577
0.93622 0.63249 0.70637 0.78604
0.81616 0.35820 0.83232 0.16301
0.74286 0.45313 0.54482 0.24872
0.22419 0.29858 0.35926 0.80444
0.18149 0.87105 0.97580 0.83461
0.65417 0.78619 0.13284 0.06513
0.70334 0.47642 0.01650 0.22082
0.18812 0.40753 0.07497 0.12261
0.87719 0.58123 0.93269 0.58048
0.97227 0.38814 0.54215 0.07555
0.99280 0.24376 0.66296 0.62965
0.19937 0.13532 0.27025 0.38386
0.48539 0.19136 0.37050 0.50648
0.21535 0.26845 0.35960 0.79382
0.13916 0.56130 0.38813 0.70258
0.83190 0.84781 0.47535 0.25738
0.24236 0.35561 0.57354 0.76710
0.15140 0.44314 0.06717 0.10529
0.71925 0.35140 0.08855 0.07700
0.18537 0.73401 0.16443 0.90346
0.97703 0.38416 0.57949 0.08584
0.71394 0.49803 -0.03079 0.20583
0.25164 0.39979 0.90740 0.59906
0.98698 0.26047 0.66576 0.61287
0.82719 0.83047 0.45745 0.32620
0.46364 0.32863 0.47634 0.21117
0.94900 0.56278 0.75132 0.29814
0.76403 0.34459 0.79229 0.45707
0.11078 0.23363 0.72420 0.12362
0.02856 0.11290 0.91531 0.99458
0.76347 0.49200 0.54046 0.21706
0.25830 0.39347 0.59508 0.76115
0.40984 0.60250 0.14209 0.33514
0.23299 0.27727 0.38261 0.79355
0.93230 0.61296 0.72478 0.76545
0.85893 0.59901 0.95873 0.56432
0.13566 0.42006 0.00888 0.13302
0.75459 0.46237 0.52418 0.19175
0.97120 0.36947 0.54118 0.08136
0.68350 0.47853 0.03015 0.18708
0.29662 0.41152 0.61639 0.74529
0.95646 0.36655 0.54914 0.06302
0.77126 0.35273 0.73164 0.56600
0.81385 0.57607 0.95332 0.57249
0.80822 0.86142 0.47388 0.27583
0.78657 0.14678 0.62823 0.69467
0.10269 0.10127 0.84409 0.90828
0.16664 0.85317 0.98529 0.84829
0.50227 0.33233 0.50224 0.22681
0.41547 0.61748 0.16856 0.35857
0.70286 0.10926 0.12067 0.73332
0.94100 0.67073 0.54385 0.91724
0.62879 0.15978 0.65317 0.56243
0.28870 0.51526 0.81531 0.20017
0.58355 0.51442 0.38496 0.19172
0.17544 0.44103 0.81477 0.83350
0.81442 0.46760 0.69248 0.09774
0.04424 0.86044 0.31527 0.88782
0.16228 0.88499 0.99228 0.83445
0.05439 0.27244 0.70131 0.13486
0.32792 0.74755 0.23027 0.73593
0.80607 0.13852 0.63479 0.65676
0.44908 0.18720 0.35281 0.51865
0.98009 0.45261 0.62546 0.86223
0.12269 0.10616 0.16882 0.61318
0.41857 0.58737 0.15066 0.36096
0.66022 0.08463 0.13453 0.75193
0.69174 0.52009 0.01578 0.17935
0.20129 0.75690 0.17472 0.87716
0.66590 0.10958 0.66209 0.56464
0.02283 0.86814 0.33287 0.88963
0.72682 0.34892 0.13060 0.04798
0.74331 0.47659 0.49969 0.19979
0.91625 0.85907 0.38183 0.12537
1.01715 0.25008 0.68126 0.63286
0.71807 0.46668 0.56261 0.23044
0.06414 0.88081 0.31808 0.86312
0.82833 0.59933 0.54096 0.50527
0.37700 0.80407 0.46119 0.07154
0.81478 0.87434 0.49007 0.26551
0.28596 0.41396 0.88950 0.62114
0.19158 0.90157 0.95211 0.89692
0.29041 0.69604 0.23909 0.73271
0.76683 0.12912 0.62097 0.63974
0.16329 0.87473 0.98864 0.86136
0.48425 0.34155 0.48133 0.17303
0.88559 0.55758 0.96426 0.59275
0.08028 0.07207 0.83718 0.91055
0.93128 0.86189 0.36026 0.16219
0.04635 0.08480 0.97362 0.95164
0.05140 0.23257 0.73756 0.12694
0.85104 0.54958 0.51606 0.48687
0.22633 0.60456 0.57650 0.28504
0.07458 0.07705 0.21440 0.64033
0.95841 0.45104 0.97139 0.61058
0.77492 0.36302 0.81371 0.44854
0.99432 0.40858 0.54045 0.08143
0.26930 0.39131 0.60943 0.73266
0.78149 0.37606 0.87971 0.14405
0.03809 0.71987 0.69777 0.79018
0.64034 0.38260 0.44562 0.54705
0.67363 0.17232 0.13935 0.74547
0.47377 0.24620 0.36124 0.54416
0.91724 0.44427 0.91347 0.60140
0.61092 0.49537 0.35322 0.17645
0.38552 0.33157 0.23647 0.64672
0.79691 0.55904 0.53546 0.48050
0.41617 0.84923 0.47811 0.12703
0.91406 0.53981 0.72461 0.27938
0.97753 0.47992 0.63484 0.88917
0.29721 0.72854 0.24038 0.76195
0.87946 0.50127 0.72994 0.08916
0.97264 0.40565 0.59841 0.07852
0.67614 0.15578 0.15883 0.77462
0.68527 0.30075 0.10578 0.08048
0.43416 0.59280 0.14839 0.35203
0.97494 0.35753 0.57439 0.07224
0.93498 0.56185 0.69805 0.28205
0.65290 0.10715 0.65542 0.53045
0.97694 0.46786 0.59856 0.83236
0.50358 0.32973 0.50625 0.19552
0.46699 0.20653 0.36967 0.53606
1.01637 0.24522 0.67509 0.64740
0.94807 0.42561 0.98971 0.60276
0.79559 0.11774 0.62330 0.66545
0.61032 0.05397 0.03404 0.78260
0.94797 0.53408 0.76436 0.28406
0.25328 0.53234 0.84584 0.16245
0.00528 0.73803 0.70923 0.80530
0.23293 0.28108 0.35487 0.79578
0.24500 0.11902 0.29452 0.36544
0.60779 0.47529 0.37199 0.15611
0.20025 0.09358 0.30867 0.39002
0.80808 0.36521 0.86354 0.12744
0.73806 0.33704 0.09458 0.13136
0.81649 0.57772 0.53864 0.49200
0.44808 0.21745 0.34073 0.53229
0.57498 0.50468 0.39738 0.16248
0.09631 0.23787 0.72636 0.10531
0.73787 0.50162 0.46693 0.59378
0.19362 0.43988 0.82828 0.86427
0.94326 0.87564 0.38864 0.14757
0.29038 0.50691 0.79161 0.33136
0.71528 0.50008 0.02321 0.17094
0.14689 0.89169 0.96580 0.83652
0.16578 0.50724 0.41999 0.68286
0.85290 0.49131 0.76864 0.11354
1.02068 0.47749 0.59487 0.84590
0.83058 0.56725 0.52427 0.52125
0.88777 0.61871 0.70812 0.74808
0.08836 0.11271 0.81974 0.91122
0.74890 0.35272 0.79590 0.41978
0.94634 0.85745 0.42199 0.17024
0.05183 0.11398 0.99508 0.97202
0.67754 0.48557 0.46001 0.64404
0.26899 0.71242 0.26185 0.76940
0.99218 0.37874 0.57691 0.08950
0.79997 0.12323 0.61083 0.65861
0.62216 0.33940 0.46227 0.52567
0.83032 0.54509 0.51833 0.51146
1.02113 0.22788 0.67109 0.64226
0.93758 0.46148 0.94860 0.64478
0.94042 0.44198 0.98137 0.60832
0.43880 0.19251 0.34585 0.54719
0.42593 0.28279 0.28526 0.66082
0.22827 0.31460 0.39758 0.80265
0.48556 0.31343 0.49067 0.19055
0.71963 0.51762 0.45923 0.60993
0.60448 0.78034 0.14446 0.04282
0.98894 0.39247 0.55602 0.07167
0.73464 0.34379 0.10314 0.09513
0.04363 0.83801 0.34072 0.88301
0.74108 0.50255 0.47443 0.59890
0.83011 0.47988 0.77187 0.14378
0.08919 0.26987 0.71307 0.13098
0.22081 0.51414 0.84322 0.21674
0.78747 0.33296 0.78093 0.40433
0.00541 0.85239 0.28862 0.91186
0.28797 0.46773 0.74225 0.31058
0.18187 0.88026 0.99896 0.84601
0.78981 0.31420 0.77363 0.58962
0.02983 0.72667 0.72756 0.75044
0.57423 0.03742 0.04803 0.74044
0.75942 0.33390 0.80336 0.42585
0.17035 0.57231 0.39697 0.65280
0.81714 0.57916 0.49316 0.49807
0.66991 0.12260 0.66771 0.55116
0.15987 0.54393 0.40513 0.65978
0.37674 0.80704 0.48121 0.14798
0.97173 0.24806 0.65260 0.59950
0.83220 0.46819 0.75775 0.06938
0.23651 0.61283 0.58263 0.29842
0.93299 0.55360 0.72502 0.28380
0.58880 0.49753 0.38672 0.15039
0.43306 0.59138 0.16052 0.36299
0.73104 0.31372 0.10704 0.08414
0.69617 0.51493 0.49673 0.66042
0.93999 0.61038 0.70199 0.78346
0.22762 0.39840 0.90976 0.61516
0.16262 0.46818 0.86052 0.90834
0.93051 0.85635 0.38281 0.16452
0.04514 0.80484 0.33678 0.93597
0.19323 0.09801 0.29559 0.38406
0.46719 0.62837 0.17542 0.36724
0.25092 0.08456 0.31315 0.39731
0.96137 0.60755 0.70390 0.80980
0.74914 0.12115 0.59645 0.69593
0.27272 0.39363 0.56552 0.70300
0.04111 0.11980 1.01939 0.97130
0.36643 0.81000 0.45677 0.13789
0.44833 0.29158 0.45428 0.19922
0.19955 0.74117 0.18102 0.89750
0.93759 0.65588 0.73405 0.77840
0.95972 0.44664 0.95371 0.62308
0.13595 0.38861 0.04373 0.05691
0.19505 0.43465 0.86036 0.87256
0.72822 0.46521 0.53535 0.21043
0.68237 0.46387 0.01900 0.24529
0.22382 0.75016 0.19020 0.88669
0.06040 0.86219 0.33411 0.92466
0.66087 0.07516 0.66538 0.54213
0.17703 0.88384 1.02010 0.86228
0.07409 0.25183 0.71233 0.08679
0.03212 0.26099 0.69126 0.10546
0.62425 0.35509 0.45126 0.53616
0.16426 0.87727 1.01222 0.92020
0.82872 0.31701 0.75199 0.60013
0.98123 0.53862 0.76733 0.28213
0.48545 0.18150 0.34938 0.58021
0.37219 0.27580 0.21268 0.65199
0.69789 0.11406 0.14842 0.75635
0.17186 0.43786 0.82816 0.83703
0.17812 0.44424 0.84480 0.84458
0.24224 0.50051 0.85929 0.19396
0.34707 0.79209 0.49633 0.13082
0.28421 0.40195 0.59026 0.71396
0.65103 0.32010 0.45765 0.53892
0.17924 0.44941 0.84598 0.88753
0.69413 0.51106 0.01134 0.23044
0.08314 0.06624 0.81003 0.92223
0.94975 0.53396 0.72324 0.28597
0.76369 0.36821 0.87744 0.18775
0.95352 0.84995 0.38798 0.18400
0.41482 0.81101 0.46148 0.11299
0.60332 0.46268 0.34249 0.17060
0.57201 0.53210 0.37452 0.16684
0.76684 0.35146 0.80792 0.46428
0.99253 0.56204 0.72033 0.29413
0.97638 0.52385 0.70708 0.27717
0.67509 0.12337 0.15502 0.80290
0.30662 0.51000 0.77679 0.29749
0.12754 0.11146 0.20014 0.60991
0.19990 0.75169 0.20027 0.91733
0.73343 0.32725 0.11882 0.08412
0.97385 0.87518 0.36484 0.16556
0.46845 0.18200 0.40091 0.56738
0.31151 0.71843 0.24930 0.77033
0.17550 0.10738 0.13743 0.58841
0.81469 0.12447 0.67000 0.67513
0.94272 0.45796 0.62008 0.83329
0.97106 0.24439 0.68720 0.61255
0.83712 0.55130 0.52526 0.48094
0.31089 0.74796 0.23856 0.74480
0.51568 0.32052 0.52482 0.22337
0.11757 0.84859 0.31751 0.91759
0.12118 0.57493 0.39630 0.63914
0.41325 0.60545 0.16834 0.34478
0.61751 0.49852 0.36589 0.23053
0.26271 0.38031 0.89770 0.59154
0.95448 0.52338 0.70983 0.28430
0.27724 0.28238 0.37336 0.80825
0.97824 0.39301 0.57309 0.03307
0.96304 0.54775 0.71605 0.27638
0.75671 0.10453 0.59756 0.67215
0.26360 0.48294 0.78423 0.33627
0.24094 0.27146 0.35745 0.75301
0.26594 0.54401 0.79862 0.18461
0.70556 0.32612 0.09204 0.07322
0.80780 0.77537 0.44594 0.29430
0.81094 0.34611 0.76546 0.59739
0.39254 0.28613 0.22515 0.67188
0.96498 0.26833 0.63448 0.64826
0.59983 0.50911 0.38185 0.18101
0.79570 0.35972 0.84311 0.18814
0.70637 0.46642 0.45248 0.60951
0.02666 0.83219 0.30275 0.93328
0.79067 0.32785 0.75859 0.56352
0.57108 0.05610 0.05394 0.79796
0.84007 0.48206 0.75119 0.10340
0.72496 0.36939 0.80880 0.45875
0.58974 0.50746 0.36063 0.21416
0.82875 0.54880 0.51346 0.52061
0.23497 0.43476 0.87718 0.57549
0.71243 0.50195 0.04926 0.20509
0.61085 0.37129 0.46017 0.51449
0.31198 0.50329 0.77736 0.31512
0.69170 0.10586 0.67140 0.54051
0.99371 0.46403 0.63656 0.87038
0.85670 0.57596 0.96965 0.59890
0.03592 0.85264 0.32564 0.89196
0.24427 0.60278 0.54278 0.30741
0.05626 0.86813 0.26863 0.90548
0.68862 0.13331 0.12743 0.73190
0.20536 0.45070 0.82673 0.83462
0.62855 0.14896 0.11460 0.77019
0.87132 0.58839 0.99206 0.59073
0.16977 0.45604 0.08257 0.12903
0.85986 0.60410 0.97917 0.60408
0.14074 0.57541 0.37789 0.68774
0.93698 0.69866 0.59614 0.91242
0.71258 0.50885 0.01261 0.20050
0.66054 0.47891 0.34789 0.17860
0.05244 0.08034 0.97083 0.98055
0.72977 0.48671 0.00435 0.20348
0.73247 0.52364 0.04644 0.20107
0.75471 0.36097 0.80626 0.46583
0.22892 0.74263 0.16137 0.89747
0.21904 0.56997 0.57003 0.24933
0.39715 0.79625 0.46808 0.13248
1.02078 0.24739 0.66367 0.60748
0.31188 0.40174 0.89573 0.59002
0.12780 0.10008 0.20134 0.57973
0.94648 0.87331 0.37516 0.14812
0.85768 0.59454 0.96429 0.62568
0.28059 0.24930 0.36456 0.80309
0.59095 0.08250 0.03328 0.77597
0.77383 0.16532 0.61826 0.69193
0.98900 0.83499 0.40225 0.16609
0.79145 0.88294 0.48144 0.28993
0.58842 0.03865 -0.00329 0.78548
0.15029 0.88974 0.98155 0.84724
0.80345 0.17353 0.66284 0.67150
0.74955 0.36342 0.09998 0.05724
0.84908 0.47639 0.71710 0.12251
0.71088 0.33798 0.07494 0.05746
0.40214 0.81842 0.47747 0.13222
0.27779 0.42139 0.87952 0.59509
0.97950 0.41015 0.57542 0.09407
0.65330 0.09441 0.65958 0.55391
0.24428 0.37840 0.92153 0.60063
0.47806 0.20675 0.35662 0.55768
0.04093 0.83757 0.32914 0.91777
0.08755 0.10217 0.81251 0.91160
0.73126 0.48879 0.05346 0.20564
0.98179 0.24790 0.63876 0.60892
0.78258 0.32078 0.80796 0.43915
0.70686 0.11104 0.13660 0.76166
0.81205 0.33444 0.83049 0.17189
0.81283 0.59611 0.96236 0.55639
0.18809 0.75908 0.20660 0.90943
0.79169 0.55259 0.52833 0.47775
0.13067 0.41511 0.06146 0.09419
0.59640 0.34600 0.46819 0.51728
0.81117 0.52683 0.54405 0.51349
0.84154 0.56637 0.98434 0.62203
0.13748 0.85609 1.00435 0.83443
0.03885 0.09819 1.02086 0.97818
0.49175 0.18009 0.35623 0.55492
0.08319 0.08976 0.82802 0.92084
0.26182 0.39322 0.86376 0.58489
0.95351 0.60467 0.70020 0.74708
0.23507 0.49827 0.82892 0.21088
0.23367 0.52935 0.87339 0.19066
0.25101 0.41190 0.85148 0.56152
0.20732 0.13117 0.30457 0.38965
0.59615 0.04117 0.03663 0.81579
0.14227 0.89913 0.97358 0.83194
0.14478 0.89910 1.01643 0.85300
0.85151 0.44038 0.74035 0.11438
0.23797 0.58385 0.59759 0.25128
0.14010 0.54365 0.40921 0.64430
0.61306 0.52235 0.35720 0.19957
0.42746 0.58970 0.17929 0.37413
0.99195 0.39607 0.57796 0.09097
0.92781 0.63504 0.60764 0.94128
0.08645 0.10727 0.85555 0.90251
0.73602 0.48231 0.55014 0.23633
0.98569 0.44100 0.92342 0.60328
0.61156 0.79830 0.13114 0.09361
0.79393 0.84148 0.48468 0.32179
0.26503 0.44108 0.58109 0.72044
0.75203 0.36547 0.08312 0.07611
0.26679 0.41016 0.87394 0.56462
0.02050 0.73080 0.72265 0.79345
0.13794 0.54949 0.42310 0.64215
0.71075 0.46532 0.46164 0.63292
0.82618 0.55845 0.53520 0.48727
0.13400 0.08465 0.23383 0.58791
0.27124 0.54423 0.81999 0.20619
0.39570 0.26835 0.23375 0.69806
0.24686 0.48929 0.79115 0.27845
0.76392 0.32150 0.79785 0.43060
0.48275 0.19636 0.34329 0.55896
0.79486 0.34971 0.87526 0.18213
0.50185 0.31622 0.49672 0.21331
0.25617 0.42964 0.59196 0.76158
0.84474 0.57034 0.96955 0.57588
0.43325 0.80049 0.45106 0.11852
0.75307 0.49626 0.48761 0.61488
0.14432 0.51087 0.39652 0.67319
0.70862 0.32444 0.11192 0.10259
0.95410 0.60263 0.71780 0.75119
0.27674 0.36940 0.89866 0.63119
0.65464 0.78982 0.12834 0.08494
0.93984 0.54159 0.70749 0.29209
0.15200 0.06523 0.20508 0.59561
0.52800 0.34960 0.46513 0.20610
0.63477 0.12001 0.68189 0.56289
0.66477 0.15532 0.08178 0.76887
0.15651 0.74403 0.20841 0.89367
0.78477 0.13229 0.61695 0.68715
0.80731 0.80629 0.47326 0.27732
0.25296 0.41761 0.89460 0.59882
0.17434 0.72539 0.19907 0.88954
0.27710 0.52411 0.82257 0.21828
0.39599 0.77201 0.48162 0.10164
0.46822 0.60052 0.18642 0.33936
0.62057 0.33630 0.44329 0.50878
0.63809 0.11584 0.69090 0.58058
0.49194 0.31213 0.47820 0.18647
0.08082 0.11743 0.20267 0.60883
0.46291 0.17934 0.32450 0.55959
0.08454 0.07506 0.81792 0.91065
0.17418 0.90949 0.97976 0.86102
0.98585 0.22500 0.67974 0.68002
0.37162 0.29866 0.24372 0.65408
0.31025 0.49359 0.78057 0.30126
0.67604 0.10745 0.13890 0.77754
0.65255 0.10732 0.11737 0.76000
0.75096 0.33105 0.74811 0.58130
0.78676 0.31970 0.86678 0.15322
0.96884 0.61908 0.69140 0.75219
0.65164 0.12393 0.68589 0.55114
0.26382 0.45344 0.76021 0.28932
0.98370 0.30325 0.66889 0.63278
0.95924 0.45594 0.58661 0.82428
0.63817 0.76263 0.13448 0.08153
0.77130 0.31545 0.77181 0.58920
0.00781 0.82837 0.31656 0.91435
0.70967 0.54805 0.51078 0.63030
0.07051 0.10820 0.85339 0.92642
0.25454 0.40727 0.54551 0.73266
0.67522 0.12276 0.66176 0.56253
0.96308 0.42359 0.94108 0.59244
0.31912 0.52517 0.76491 0.34159
0.04581 0.75148 0.73130 0.84513
0.68742 0.11859 0.68147 0.56107
-0.01654 0.76277 0.69245 0.81570
0.95531 0.46684 0.62692 0.86289
0.66413 0.77955 0.16364 0.07713
0.19710 0.73718 0.18543 0.90349
0.00101 0.24300 0.73696 0.11139
0.21221 0.72262 0.19185 0.87081
0.95076 0.62035 0.61794 0.87967
0.80514 0.30630 0.78230 0.58293
0.72571 0.52317 0.47447 0.61373
0.72394 0.50039 0.52248 0.23495
0.69916 0.34717 0.11536 0.07714
0.22337 0.26345 0.39524 0.79671
0.79648 0.35007 0.79927 0.47056
0.18674 0.14170 0.31565 0.39873
0.08747 0.10706 0.97243 0.97176
0.58422 0.50997 0.33894 0.15744
0.72586 0.38544 0.09183 0.06536
0.12949 0.45644 0.07741 0.13711
0.58793 0.04124 -0.01398 0.81766
0.78628 0.83827 0.49964 0.28375
0.96770 0.44411 0.61679 0.84223
0.25774 0.10120 0.29840 0.37039
0.73614 0.46528 0.52726 0.21956
0.80391 0.33867 0.80673 0.46651
0.06605 0.10431 0.85205 0.91384
0.27237 0.52413 0.82901 0.25226
0.05375 0.82835 0.33179 0.90822
0.81632 0.33449 0.81097 0.15561
0.82366 0.45720 0.75509 0.10352
0.20530 0.74859 0.22314 0.88495
0.38209 0.28537 0.23577 0.66857
0.47079 0.17961 0.34860 0.51332
0.80883 0.34392 0.76750 0.56675
0.94667 0.62906 0.71420 0.75529
0.25691 0.51679 0.82936 0.17895
0.26067 0.28783 0.33418 0.80852
0.54291 0.02829 0.02996 0.75150
0.22964 0.77103 0.21222 0.91012
0.04636 0.05495 0.95918 0.96487
0.84627 0.57118 0.94592 0.54376
0.19752 0.87041 0.99938 0.87565
0.40236 0.30200 0.21715 0.68694
0.80403 0.82844 0.46121 0.29946
0.76373 0.51611 0.45138 0.59993
0.64306 0.79763 0.16294 0.07353
0.27195 0.40910 0.57983 0.69444
0.96035 0.38286 0.60452 0.06455
0.66621 0.10581 0.11802 0.77435
0.93738 0.45085 0.61135 0.86761
0.22849 0.60757 0.57673 0.31054
0.67416 0.12575 0.12752 0.75685
0.61419 0.49163 0.35646 0.17451
0.96335 0.24204 0.69964 0.69321
0.02119 0.82708 0.30478 0.88385
0.74869 0.48615 0.59495 0.20501
0.24370 0.61597 0.57380 0.30492
0.06031 0.08394 0.81105 0.91285
0.20318 0.60120 0.54464 0.28540
0.40079 0.28527 0.21377 0.68889
0.95204 0.39507 0.56565 0.02802
0.16590 0.42936 0.84560 0.89160
0.22550 0.30364 0.34805 0.80906
0.99674 0.38327 0.57818 0.07758
0.95398 0.46953 0.59138 0.85053
0.81984 0.14409 0.64704 0.62526
0.93571 0.86118 0.39509 0.18430
0.91517 0.44288 0.95789 0.64182
0.63478 0.31754 0.45464 0.52978
0.74508 0.32607 0.08664 0.09507
0.90373 0.61877 0.70527 0.77415
0.92605 0.68592 0.55494 0.92768
0.74950 0.35029 0.75241 0.44618
0.28084 0.38738 0.89193 0.59843
0.95243 0.47960 0.61861 0.88333
1.00234 0.62888 0.70786 0.72857
0.86678 0.46731 0.73577 0.10821
0.24705 0.38849 0.57127 0.74287
0.92992 0.64334 0.56404 0.89850
0.29307 0.39543 0.91173 0.58735
0.86313 0.59060 0.93691 0.60083
0.94949 0.44237 0.98315 0.59279
0.65781 0.13789 0.64414 0.54734
0.94244 0.65775 0.59280 0.91558
0.93021 0.57601 0.74749 0.29788
0.93728 0.65284 0.56976 0.92277
0.95356 0.45131 0.61618 0.87194
0.04002 0.09796 0.82263 0.93291
0.68824 0.15597 0.11200 0.73171
0.89648 0.63333 0.57836 0.92600
0.26995 0.50568 0.79973 0.34244
0.95867 0.59646 0.71124 0.30082
0.76199 0.36393 0.11187 0.08553
0.36300 0.80647 0.46448 0.08572
0.24759 0.39629 0.57589 0.74961
0.84471 0.59339 0.98598 0.55538
0.74474 0.49088 0.52530 0.21937
0.07464 0.08092 0.84743 0.94296
0.95856 0.61975 0.58117 0.92979
0.22067 0.28938 0.35906 0.79772
-0.00616 0.75599 0.72419 0.81478
0.73864 0.34949 0.07485 0.09720
0.49268 0.32423 0.47903 0.21878
0.83088 0.59155 0.98440 0.60234
0.27265 0.40520 0.90959 0.60676
0.48706 0.20384 0.36588 0.51883
0.97410 0.64664 0.71922 0.76712
0.75040 0.51616 0.01711 0.19124
0.97559 0.37189 0.56745 0.06188
0.33714 0.73100 0.28142 0.75352
0.96583 0.41011 0.57756 0.08260
0.83356 0.57905 0.95982 0.61099
0.64667 0.33223 0.44711 0.53433
0.27815 0.38702 0.85228 0.60766
0.89081 0.64332 0.59171 0.93956
0.58513 0.50573 0.39032 0.18114
0.96983 0.62355 0.71776 0.77356
0.79183 0.36242 0.81183 0.45455
0.46785 0.20820 0.36509 0.54787
0.10845 0.07693 0.86852 0.94174
0.30126 0.47703 0.80202 0.34549
0.22954 0.27017 0.40136 0.84398
0.06327 0.12127 0.97690 0.94502
0.04024 0.73500 0.70764 0.81978
0.63177 0.48560 0.38607 0.17357
0.06715 0.25636 0.75161 0.10678
0.09433 0.10326 0.85230 0.92946
0.56483 0.06070 0.02158 0.78042
0.21956 0.30683 0.39869 0.80632
0.92246 0.61857 0.71332 0.76102
0.94084 0.42124 0.96248 0.60923
0.60457 0.52692 0.38473 0.16150
0.22880 0.35377 0.58754 0.69154
0.63414 0.78088 0.12096 0.06800
0.70699 0.47994 0.44557 0.65444
0.69523 0.44369 0.51390 0.21137
0.94632 0.63202 0.70381 0.77390
0.99156 0.40076 0.55921 0.06507
0.01787 0.87628 0.30989 0.86870
0.03804 0.86306 0.35276 0.92098
0.26551 0.37797 0.89783 0.58127
0.66206 0.54426 0.00160 0.20799
0.25152 0.57781 0.55415 0.30925
0.24922 0.62548 0.58590 0.28769
0.18867 0.85941 0.98184 0.89045
0.05898 0.07222 0.79580 0.93425
0.57303 0.02030 0.02465 0.76602
0.25547 0.50647 0.78197 0.34064
1.03578 0.39584 0.61251 0.08302
0.10895 0.40419 0.03914 0.10377
0.86865 0.48261 0.71786 0.12202
0.62449 0.33998 0.45884 0.54231
0.79521 0.81687 0.48461 0.32691
0.78982 0.32144 0.80811 0.43368
0.01648 0.69200 0.72597 0.76942
0.27619 0.51787 0.80215 0.15868
0.72349 0.52784 0.48157 0.65972
0.12954 0.90369 0.96305 0.82043
0.73073 0.44845 0.54785 0.21565
0.09876 0.41177 0.08181 0.05670
0.11068 0.90865 0.98650 0.85732
0.02722 0.83621 0.32142 0.90033
0.21415 0.10563 0.32888 0.40534
0.14793 0.87335 0.96679 0.85620
0.53763 0.33129 0.50789 0.18611
0.94511 0.82102 0.40144 0.22253
0.20496 0.75683 0.18682 0.87928
0.98621 0.41539 0.54268 0.05127
0.70247 0.48588 0.04642 0.21774
0.23921 0.27077 0.36172 0.79833
0.86577 0.45989 0.75368 0.14372
0.23530 0.08194 0.24403 0.35841
0.86504 0.54137 0.50691 0.48423
0.41317 0.28736 0.23884 0.68479
0.13676 0.41938 0.03170 0.06034
0.27408 0.36593 0.88495 0.59661
0.16103 0.46849 0.86065 0.89442
0.29467 0.51284 0.84731 0.18674
0.74376 0.52045 0.46279 0.61469
0.81909 0.60363 0.50447 0.48247
0.19443 0.11087 0.31648 0.39003
0.80764 0.39555 0.85013 0.15633
0.74387 0.38284 0.10857 0.10401
0.26230 0.39596 0.58151 0.71082
0.31636 0.69429 0.27211 0.78424
0.77888 0.12801 0.59855 0.67399
0.21187 0.28910 0.38946 0.81975
0.25209 0.28989 0.36010 0.78766
0.90827 0.66508 0.56849 0.94645
0.63636 0.77561 0.15852 0.06983
0.82665 0.56265 0.51325 0.47036
0.35213 0.71774 0.23004 0.73705
0.47465 0.23257 0.33375 0.56189
0.94310 0.49240 0.61769 0.82749
0.14872 0.40739 0.04267 0.08681
0.30481 0.43118 0.91308 0.59004
0.05740 0.09008 0.99792 0.96075
0.82409 0.35625 0.82657 0.13263
0.84891 0.59133 0.98191 0.58756
0.12515 0.10796 0.20307 0.58589
0.04796 0.84067 0.34123 0.88946
0.17566 0.04882 0.21303 0.58780
0.75812 0.15680 0.66167 0.64049
0.17741 0.40962 0.85269 0.85433
0.27403 0.39377 0.57124 0.73831
0.62654 0.33069 0.46026 0.56364
0.26029 0.39298 0.57037 0.73220
0.43863 0.62661 0.20471 0.31759
0.17913 0.45408 0.81384 0.85784
0.05282 0.24202 0.71324 0.11931
0.73120 0.47500 0.46291 0.61849
0.13317 0.54081 0.41031 0.66047
0.83143 0.58050 0.95718 0.58113
0.98483 0.45114 0.60754 0.86617
0.18228 0.89705 0.98889 0.85005
0.95319 0.42261 0.93334 0.62387
0.55432 0.36293 0.45992 0.18262
0.80624 0.86638 0.46176 0.28928
0.67901 0.06849 0.66557 0.54330
0.93082 0.62425 0.70945 0.74797
0.13616 0.04859 0.18388 0.61675
0.25078 0.39966 0.90326 0.59483
0.59308 0.07138 -0.01278 0.78832
0.81934 0.39125 0.84181 0.12805
0.64280 0.34620 0.45800 0.52566
0.77063 0.29548 0.82536 0.49179
0.08400 0.11255 0.21247 0.58768
0.94128 0.53494 0.75743 0.30920
0.24246 0.24734 0.37654 0.80662
0.77207 0.32762 0.78752 0.56184
0.25203 0.60348 0.57735 0.29784
0.94032 0.54344 0.72237 0.27561
0.79476 0.36373 0.77985 0.46475
0.30960 0.69401 0.25815 0.75367
0.85158 0.58374 0.96082 0.59874
0.28227 0.50020 0.79756 0.34167
0.96102 0.45948 0.91533 0.64555
0.95479 0.62508 0.58872 0.93760
0.23407 0.29677 0.38023 0.79120
0.80110 0.34525 0.86076 0.16920
0.25591 0.28129 0.36363 0.81218
0.95219 0.84750 0.35026 0.19982
0.03979 0.74369 0.77503 0.80212
0.78395 0.11786 0.62824 0.65942
0.22053 0.08075 0.30547 0.41311
0.93947 0.41267 0.95386 0.59792
0.76323 0.17312 0.63703 0.64364
0.13195 0.35768 0.04600 0.12493
0.13926 0.56727 0.40685 0.66853
0.11515 0.07671 0.19601 0.57683
0.93903 0.66566 0.58460 0.90339
0.38266 0.80210 0.46967 0.12980
0.53780 0.10734 0.03642 0.80871
0.84015 0.35667 0.86361 0.16944
0.84937 0.58530 0.51449 0.49327
0.73639 0.35723 0.08731 0.11108
0.18720 0.77795 0.18413 0.91647
1.00689 0.26869 0.69581 0.65403
0.03185 0.73693 0.74173 0.78596
0.95055 0.40584 0.97057 0.61250
0.17527 0.05438 0.23207 0.62231
0.72618 0.49269 0.46420 0.60656
0.80097 0.35468 0.76630 0.58109
0.25009 0.51724 0.85373 0.17053
0.03366 0.75409 0.74382 0.79553
0.07363 0.12373 0.83685 0.94841
0.47879 0.34617 0.48717 0.21735
0.14087 0.55081 0.40096 0.68905
0.24187 0.41190 0.57550 0.69585
0.40971 0.55714 0.14128 0.35084
0.51242 0.32892 0.51928 0.18761
0.18788 0.52372 0.42566 0.66830
0.71236 0.11412 0.13227 0.74511
0.92841 0.42411 0.60421 0.88039
0.23808 0.49218 0.83466 0.23729
0.20524 0.44925 0.83900 0.90469
0.15621 0.54093 0.42065 0.67544
0.79797 0.36913 0.86165 0.13662
0.02035 0.08198 1.00107 0.95784
0.79362 0.37197 0.86221 0.14780
0.79242 0.36449 0.81537 0.46168
0.40295 0.83914 0.44283 0.09559
0.27085 0.51552 0.77505 0.32289
0.97950 0.59551 0.71449 0.77503
0.29849 0.40586 0.88234 0.62269
0.48444 0.18997 0.35247 0.57499
0.76361 0.12413 0.63683 0.66426
0.27885 0.48074 0.76011 0.27775
0.59358 0.06230 0.04297 0.79230
0.03563 0.14859 0.78975 0.90047
0.80699 0.33128 0.84197 0.16006
0.23045 0.09337 0.28176 0.37733
0.98366 0.26662 0.64162 0.65585
0.73441 0.36281 0.10875 0.09049
0.60263 0.30809 0.43596 0.55583
-0.02844 0.75622 0.73198 0.77037
0.20454 0.74620 0.17779 0.85392
0.03297 0.82372 0.32662 0.87728
0.61502 0.73304 0.15293 0.05252
0.28143 0.42005 0.54670 0.74087
0.27547 0.73154 0.24478 0.73247
0.96196 0.39657 0.57815 0.08950
0.80383 0.33800 0.78567 0.57061
0.93990 0.87875 0.34065 0.17779
0.70773 0.50035 0.47513 0.65945
0.80789 0.28579 0.75105 0.57164
0.99112 0.38617 0.57804 0.05693
0.59631 0.47702 0.34654 0.17193
0.18455 0.75368 0.20145 0.91253
0.25810 0.45484 0.79351 0.33744
0.16776 0.44685 0.78295 0.87095
0.14861 0.40453 0.04222 0.10875
0.79900 0.37381 0.74667 0.56449
0.23602 0.08968 0.30478 0.38127
0.02502 0.86489 0.36525 0.92405
0.79781 0.32668 0.76784 0.57270
0.81097 0.83559 0.47254 0.31169
0.76498 0.38563 0.78641 0.38930
0.37702 0.28992 0.21367 0.68687
0.95604 0.63072 0.71549 0.75999
0.21958 0.28416 0.34557 0.79330
0.74622 0.48430 0.45710 0.61070
0.77774 0.37389 0.82331 0.43551
0.82902 0.56525 0.51237 0.47758
0.20646 0.11094 0.30702 0.37536
0.65172 0.09866 0.67038 0.52670
