0.40137
0.51493
0.70191
0.78484
0.58216
0.16946
0.61084
0.77115
0.71926
0.16263
0.33275
0.09857
0.37268
0.38565
0.64930
0.45417
0.84624
0.58305
0.10494
0.56558
0.64091
0.26494
0.19345
0.69259
0.69400
0.44210
0.50544
0.37845
0.29723
0.47475
0.96280
0.05326
0.09267
0.97963
0.12139
0.60049
0.78444
0.47430
0.96862
0.77295
0.26033
0.50197
0.32955
0.16750
0.18988
0.62726
0.78498
0.88454
0.75881
0.31275
0.22282
0.01070
0.56218
0.61619
0.65167
0.22766
0.03839
0.50408
0.07227
0.09728
0.34193
0.56330
0.26339
0.52759
0.88204
0.34564
0.17870
0.10228
0.29978
0.01065
0.74414
0.34087
0.79789
0.54056
0.83769
0.73300
0.82195
0.36579
0.36862
0.80037
0.94031
0.11421
0.11527
0.68557
0.34485
0.98685
0.56543
0.32262
0.30374
0.49768
0.62283
0.05365
0.91834
0.75598
0.73286
0.33176
0.18767
0.09792
0.08446
0.44598
0.96484
0.54248
0.07248
0.36236
0.37747
0.16038
0.35623
0.39719
0.16254
0.34731
0.77228
0.71283
0.34409
0.60038
0.25746
0.48647
0.74943
0.68295
0.54114
0.34850
0.26189
0.62611
0.62638
0.15024
0.58845
0.91975
0.86639
0.74815
0.76814
0.83820
0.65930
0.45791
0.95235
0.25355
0.35132
0.95620
0.69065
0.57436
0.85094
0.99369
0.74446
0.98846
0.01972
0.20112
0.00008
0.45794
0.61357
0.20608
0.62857
0.28652
0.90384
0.06695
0.91411
0.50290
0.36839
0.72575
0.43895
0.90689
0.67583
0.95728
0.38989
0.38908
0.56200
0.50256
0.69863
0.69186
0.54234
0.80041
0.30131
0.35937
0.79041
0.17233
0.94673
0.52391
0.93687
0.21523
0.66642
0.47148
0.60720
0.62050
0.24605
0.36172
0.83429
0.15020
0.01869
0.19825
0.91700
0.65733
0.61499
0.98737
0.52246
0.42025
0.16092
0.70373
0.40700
0.24422
0.70908
0.97664
0.73226
0.77693
0.17658
0.90829
0.64671
0.48549
0.17390
0.74589
0.58237
0.20121
0.68263
0.58648
0.43989
0.40604
0.06741
0.52656
0.27302
0.26894
0.55498
0.91154
0.67629
0.92374
0.20244
0.61240
0.08710
0.17900
0.61647
0.76432
0.35476
0.39030
0.84787
0.33140
0.57449
0.80706
0.62522
0.31466
0.53698
0.75665
0.84816
0.63733
0.79288
0.44706
0.00005
0.11749
0.55162
0.09606
0.57375
0.00154
0.74858
0.93968
0.00289
0.36580
0.10430
0.92784
0.18775
0.62922
0.64403
0.70081
0.85897
0.54502
0.50645
0.82259
0.65404
0.43390
0.67796
0.37814
0.25526
0.50360
0.04727
0.09567
0.75229
0.63244
0.94457
0.85242
0.81930
0.51525
0.89705
0.14790
0.56651
0.11874
0.91150
0.57567
0.09396
0.41528
0.64806
0.89651
0.68112
0.46253
0.88647
0.91875
0.71597
0.45883
0.88609
0.39982
0.15714
0.87999
0.39543
0.15583
0.49355
0.70728
0.21056
0.04851
0.96782
0.74490
0.83688
0.50426
0.66429
0.87834
0.37091
0.64622
0.80587
0.56429
0.06508
0.15083
0.22618
0.61756
0.08220
0.25428
0.91887
0.40310
0.47815
0.79726
0.00169
0.73434
0.61924
0.53526
0.98184
0.47545
0.44518
0.87792
0.32060
0.82366
0.36209
0.35560
0.90187
0.59135
0.18717
0.81513
0.62877
0.40412
0.90342
0.25561
0.01210
0.94059
0.81070
0.33892
0.11463
0.80701
0.26789
0.81820
0.43345
0.01083
0.91159
0.01934
0.27345
0.67954
0.91862
0.20344
0.36427
0.24588
0.22492
0.67484
0.69262
0.27593
0.76805
0.60969
0.68648
0.41870
0.83145
0.12729
0.40456
0.58442
0.93907
0.53593
0.13335
0.13502
0.70230
0.28709
0.98046
0.72742
0.10771
0.34991
0.88752
0.80787
0.81074
0.51080
0.85369
0.29283
0.60726
0.82034
0.64945
0.83269
0.64145
0.52812
0.09162
0.88667
0.53202
0.70691
0.02736
0.28269
0.28503
0.24129
0.98303
0.95770
0.75942
0.27260
0.83177
0.68344
0.15921
0.47057
0.99756
0.99046
0.94937
0.22187
0.28655
0.97664
0.88069
0.83600
0.09277
0.63582
0.44669
0.13207
0.74013
0.64998
0.89501
0.35687
0.37956
0.60277
0.05332
0.68317
0.24631
0.00630
0.89619
0.61808
0.96327
0.36280
0.57066
0.81582
0.43309
0.12737
0.64706
0.08020
0.48638
0.23599
0.15914
0.31977
0.80938
0.81061
0.95959
0.38461
0.37103
0.44794
0.71128
0.76945
0.48620
0.30792
0.76642
0.77893
0.10721
0.82120
0.89530
0.87250
0.72523
0.40866
0.47285
0.73707
0.93531
0.26122
0.30642
0.70621
0.62379
0.64639
0.94047
0.79853
0.29680
0.06428
0.12904
0.24365
0.14197
0.43956
0.42154
0.59899
0.22975
0.04972
0.45458
0.40846
0.21052
0.61551
0.20443
0.83008
0.51672
0.04987
0.53622
0.70825
0.55840
0.84450
0.52918
0.34370
0.19177
0.34834
0.32897
0.71683
0.89582
0.15140
0.43102
0.24271
0.35215
0.18577
0.67514
0.15276
0.24263
0.75371
0.87930
0.75006
0.37256
0.10200
0.98120
0.61513
0.06544
0.38669
0.65537
0.13464
0.01138
0.14634
0.22792
0.37021
0.18627
0.17379
0.45040
0.72818
0.31661
0.39709
0.49286
0.05732
0.27872
0.18817
0.30763
0.99638
0.49415
0.85040
0.10527
0.09844
0.19470
0.93414
0.44841
0.12342
0.66002
0.69227
0.15978
0.41823
0.26189
0.59007
0.20557
0.71613
0.94323
0.61722
0.72393
0.20128
0.76524
0.27453
0.33505
0.38326
0.92079
0.73517
0.68842
0.41426
0.03385
0.93123
0.00944
0.70550
0.74842
0.49421
0.92066
0.16646
0.51000
0.15789
0.24712
0.83113
0.27505
0.76528
0.70296
0.84133
0.41589
0.14223
0.17683
0.21803
0.18038
0.03826
0.05682
0.00783
0.34039
0.04858
0.49958
0.61186
0.92769
0.64410
0.16737
0.93517
0.68934
0.68244
0.87674
0.17622
0.11373
0.12121
0.39975
0.24839
0.18989
0.79615
0.05391
0.32188
0.82637
0.07563
0.00955
0.80288
0.74378
0.64863
0.26279
0.44426
0.22873
0.25550
0.60625
0.66467
0.16622
0.84325
0.83668
0.77827
0.65441
0.85370
0.33340
0.15967
0.94818
0.05460
0.46499
0.37726
0.83344
0.19864
0.55415
0.93417
0.46450
0.64149
0.40483
0.71802
0.62627
0.68509
0.87184
0.63838
0.48920
0.67366
0.52246
0.47908
0.07119
0.27328
0.36822
0.60097
0.53498
0.73177
0.56686
0.85081
0.50441
0.87804
0.75945
0.15641
0.96392
0.18949
0.23405
0.18745
0.79119
0.11373
0.04072
0.46922
0.35790
0.41676
0.58711
0.34104
0.77774
0.69752
0.04545
0.41010
0.52513
0.62699
0.98617
0.05171
0.94405
0.98945
0.27393
0.27153
0.98642
0.01745
0.80156
0.72064
0.12567
0.81052
0.13773
0.63436
0.72319
0.32017
0.71797
0.68683
0.48651
0.28981
0.38871
0.26242
0.71216
0.14214
0.03968
0.98474
0.90965
0.53713
0.42098
0.00978
0.65259
0.71176
0.97991
0.45958
0.13746
0.79806
0.17026
0.14200
0.77324
0.10788
0.70330
0.87082
0.26342
0.75955
0.63730
0.42072
0.54643
0.59016
0.70669
0.90896
0.16133
0.13394
0.62609
0.15295
0.30525
0.26580
0.76376
0.29285
0.66130
0.79495
0.28811
0.81976
0.53244
0.33014
0.08513
0.91337
0.41636
0.18986
0.39272
0.50006
0.93254
0.22849
0.00067
0.81277
0.63333
0.77712
0.47053
0.57226
0.02691
0.21085
0.70871
0.27590
0.93154
0.76607
0.21135
0.00752
0.18882
0.49395
0.33007
0.36741
0.38051
0.37942
0.75860
0.38864
0.09228
0.09557
0.30204
0.79751
0.19633
0.53887
0.62512
0.60627
0.56745
0.14550
0.98313
0.83979
0.23011
0.77692
0.56335
0.18781
0.03684
0.26299
0.62311
0.84727
0.92834
0.45222
0.47209
0.49288
0.45888
0.20549
0.92259
0.52820
0.02903
0.89492
0.86911
0.25665
0.33306
0.09078
0.07310
0.90534
0.08879
0.40288
0.51034
0.72770
0.37476
0.84354
0.26055
0.41417
0.28031
0.75153
0.12497
0.15554
0.07839
0.71230
0.19712
0.01434
0.94867
0.19044
0.13758
0.09082
0.91941
0.36244
0.69764
0.02807
0.48914
0.97601
0.30040
0.83903
0.91821
0.26558
0.43662
0.66909
0.41261
0.97716
0.25393
0.53550
0.48479
0.76518
0.67363
0.73108
0.67439
0.76119
0.99983
0.00343
0.59571
0.36182
0.35126
0.03044
0.64612
0.04779
0.69478
0.56835
0.46830
0.21801
0.52066
0.57771
0.17492
0.58317
0.69205
0.54366
0.31776
0.90412
0.80814
0.98036
0.53464
0.75763
0.56232
0.00901
0.34697
0.90155
0.87312
0.44359
0.22977
0.25417
0.35601
0.74139
0.85900
0.31926
0.58113
0.16195
0.88830
0.26747
0.33306
0.67142
0.66917
0.17528
0.04732
0.85984
0.95384
0.11727
0.54565
0.58285
0.24719
0.90093
0.88829
0.91149
0.89733
0.57661
0.26552
0.39346
0.14177
0.17289
0.68327
0.04823
0.15536
0.71265
0.09784
0.30296
0.62076
0.64743
0.37933
0.43819
0.48962
0.09211
0.69302
0.73759
0.24129
0.79861
0.99106
0.54687
0.98051
0.67601
0.79610
0.83301
0.06673
0.18944
0.63845
0.21911
0.18275
0.33365
0.34048
0.73043
0.51185
0.12781
0.87160
0.21237
0.79309
0.54147
0.79838
0.56569
0.79386
0.13568
0.36673
0.18563
0.02144
0.24636
0.75598
0.62756
0.50898
0.89245
0.68259
0.23582
0.40026
0.32314
0.79631
0.76009
0.96923
0.07602
0.22177
0.02726
0.83614
0.87705
0.58555
0.62674
0.57013
0.47191
0.37903
0.29430
0.54899
0.64001
0.47310
0.33609
0.48814
0.72373
0.22697
0.51114
0.06923
0.52661
0.79773
0.06283
0.59991
0.49367
0.51937
0.59301
0.84563
0.10331
0.52962
0.00535
0.41912
0.88256
0.02625
0.53258
0.64202
0.17667
0.93263
0.76258
0.53218
0.67765
0.35587
0.22937
0.87423
0.98990
0.85356
0.18505
0.01968
0.85691
0.50635
0.61623
0.28744
0.60652
0.88526
0.85803
0.86160
0.13437
0.12801
0.83029
0.61256
0.23843
0.43320
0.25786
0.63399
0.33914
0.24402
0.23301
0.68141
0.94691
0.00230
0.35261
0.47956
0.65556
0.84971
0.27218
0.71052
0.50104
0.93909
0.32400
0.34682
0.36689
0.21512
0.63493
0.70931
0.58181
0.32058
0.28093
0.05055
0.07045
0.88122
0.21945
0.18139
0.79801
0.22925
0.20053
0.63415
0.10728
0.18396
0.73470
0.73964
0.49006
0.15571
0.03191
0.79952
0.10754
0.27481
0.39947
0.52578
0.53126
0.51939
0.41887
0.73939
0.71151
0.85485
0.69961
0.22526
0.79051
0.78406
0.25144
0.17108
0.05592
0.99594
0.86246
0.48952
0.91785
0.69823
0.49027
0.82842
0.77382
0.73999
0.36301
0.50815
0.03656
0.02832
0.56728
0.94486
0.91753
0.29135
0.12584
0.56944
0.30115
0.19968
0.78138
0.06012
0.60343
0.21932
0.57802
0.84354
0.37036
0.99088
0.98272
0.33184
0.07732
0.58820
0.09552
0.54333
0.89509
0.92355
0.64726
0.36011
0.59648
0.66011
0.47187
0.20240
0.73055
0.40925
0.93540
0.25767
0.13389
0.13760
0.26568
0.37776
0.21839
0.49117
0.02837
0.90713
0.74398
0.53462
0.30719
0.44701
0.43585
0.96011
0.94707
0.18956
0.05832
0.29640
0.46121
0.83580
0.59835
0.57482
0.19905
0.35581
0.20195
0.20495
0.23614
0.56079
0.28020
0.29138
0.28702
0.83180
0.02484
0.47553
0.31006
0.02205
0.22290
0.68213
0.46219
0.33812
0.01228
0.42123
0.50904
0.66802
0.91641
0.19599
0.53717
0.86359
0.81045
0.02096
0.35171
0.42040
0.74484
0.47512
0.91137
0.32866
0.60052
0.43101
0.33971
0.26381
0.18238
0.56003
0.60577
0.73210
0.64003
0.76024
0.18468
0.27636
0.81519
0.70119
0.43586
0.19974
0.27325
0.94709
0.79552
0.12587
0.46789
0.37646
0.98396
0.32978
0.40126
0.11139
0.42211
0.14865
0.18585
0.52585
0.44525
0.30959
0.43450
0.29909
0.02723
0.94745
0.98573
0.91660
0.96549
0.57136
0.56541
0.33136
0.97362
0.24895
0.72392
0.40716
0.23512
0.72399
0.42016
0.17631
0.51639
0.09288
0.70485
0.87753
0.48166
0.39354
0.39846
0.73546
0.77733
0.55499
0.45900
0.13799
0.45694
0.91423
0.09843
0.95214
0.99262
0.12618
0.62567
0.73822
0.14923
0.90891
0.27102
0.17567
0.62039
0.08706
0.83003
0.25237
0.73403
0.13118
0.71831
0.11415
0.90273
0.71182
0.52031
0.74606
0.41026
0.99204
0.20163
0.39517
0.11800
0.34873
0.01539
0.93905
0.63526
0.45219
0.97224
0.09840
0.96135
0.58077
0.73333
0.47772
0.45873
0.12418
0.09671
0.12831
0.30186
0.01620
0.32510
0.79109
0.62024
0.49249
0.21160
0.87664
0.11898
0.04464
0.65338
0.06426
0.95768
0.07137
0.84937
0.72982
0.34240
0.32584
0.11138
0.06453
0.79005
0.94841
0.88881
0.98046
0.72147
0.87671
0.85329
0.48152
0.22261
0.99487
0.39876
0.72738
0.48842
0.30326
0.12634
0.23067
0.94370
0.85308
0.10041
0.52152
0.34519
0.96689
0.77262
0.37248
0.05088
0.68092
0.51924
0.07375
0.63411
0.06467
0.09557
0.92831
0.54833
0.32926
0.84233
0.83203
0.67976
0.79500
0.66865
0.13682
0.37118
0.50486
0.16656
0.14178
0.00315
0.74509
0.74235
0.99546
0.18073
0.11369
0.99108
0.09321
0.04890
0.33229
0.84069
0.40112
0.84961
0.01696
0.37657
0.98250
0.28328
0.25822
0.96349
0.65637
0.56821
0.31550
0.16170
0.32788
0.82156
0.62721
0.64373
0.66059
0.68047
0.42067
0.10398
0.73029
0.90715
0.85101
0.13299
0.73771
0.34743
0.74559
0.24439
0.03124
0.93938
0.50790
0.26343
0.87595
0.21805
0.82646
0.30771
0.26198
0.65511
0.40336
0.09433
0.18291
0.77905
0.44126
0.39833
0.97870
0.06443
0.71465
0.07300
0.43337
0.73601
0.37230
0.19383
0.83844
0.12985
0.05116
0.62216
0.34624
0.47972
0.22755
0.80701
0.34110
0.63526
0.76779
0.53683
0.65756
0.62784
0.66399
0.88085
0.22647
0.15955
0.49729
0.22810
0.02317
0.80954
0.99665
0.61603
0.93888
0.39411
0.35374
0.43926
0.68578
0.11294
0.07247
0.40296
0.74880
0.62687
0.85377
0.77768
0.65111
0.39346
0.18869
0.00827
0.70735
0.17639
0.66736
0.30082
0.75419
0.90184
0.74126
0.46871
0.75054
0.14995
0.00540
0.06553
0.85757
0.28798
0.37042
0.93781
0.84365
0.90810
0.49015
0.91731
0.14372
0.06781
0.71190
0.94688
0.08668
0.16193
0.52933
0.41169
0.25852
0.36169
0.87851
0.20654
0.26778
0.27419
0.70033
0.54051
0.94362
0.45256
0.60448
0.96787
0.66049
0.33185
0.09029
0.84995
0.49140
0.07064
0.42435
0.87802
0.24810
0.94135
0.03488
0.74011
0.51076
0.39643
0.19140
0.99664
0.28904
0.60438
0.30480
0.46993
0.98199
0.97025
0.11663
0.40674
0.32424
0.69231
0.21588
0.71068
0.71533
0.73132
0.75779
0.56138
0.91594
0.28676
0.18179
0.36696
0.70706
0.72788
0.12099
0.35957
0.33794
0.48395
0.56711
0.35950
0.15283
0.28986
0.79492
0.61460
0.70472
0.09299
0.22291
0.57827
0.92741
0.28185
0.53318
0.60768
0.23083
0.72746
0.04040
0.77104
0.63513
0.44449
0.46725
0.50740
0.03608
0.20712
0.42620
0.27249
0.53122
0.81946
0.57223
0.13375
0.77919
0.62393
0.44665
0.60096
0.33648
0.63027
0.63820
0.17248
0.62858
0.22362
0.53726
0.79771
0.67318
0.77234
0.14062
0.31487
0.38755
0.75879
0.85227
0.73843
0.54422
0.60761
0.04292
0.25249
0.17140
0.19898
0.31492
0.27758
0.03124
0.44044
0.21375
0.11513
0.93280
0.77010
0.44823
0.16751
0.26600
0.90467
0.63957
0.43807
0.91334
0.98031
0.47751
0.22831
0.11960
0.09321
0.54886
0.30399
0.07688
0.23347
0.47512
0.11121
0.85743
0.48047
0.05504
0.77865
0.48514
0.62832
0.16498
0.74615
0.47053
0.11513
0.06347
0.56995
0.75548
0.56536
0.52482
0.22945
0.17294
0.08683
0.37050
0.33836
0.20728
0.04561
0.16106
0.08427
0.72223
0.09013
0.65028
0.04873
0.58112
0.03495
0.81299
0.32861
0.33545
0.18791
0.53353
0.24442
0.92834
0.32995
0.23247
0.53587
0.22607
0.38514
0.98948
0.33132
0.61350
0.79571
0.59951
0.36240
0.61663
0.11188
0.55924
0.70824
0.32396
0.46760
0.05417
0.09357
0.85880
0.96131
0.32365
0.16361
0.12239
0.55871
0.79861
0.71394
0.68508
0.50015
0.86690
0.04885
0.62897
0.59925
0.69229
0.66941
0.87364
0.28178
0.37032
0.75904
0.04016
0.63279
0.59867
0.98837
0.30997
0.36532
0.59852
0.55376
0.20690
0.93144
0.31617
0.48663
0.32207
0.34420
0.87020
0.19083
0.42460
0.25795
0.14550
0.76677
0.45387
0.37687
0.91377
0.66459
0.00698
0.55553
0.18252
0.73114
0.46657
0.10548
0.58667
0.17558
0.15744
0.06861
0.51523
0.37386
0.55516
0.37588
0.19145
0.55494
0.80147
0.81783
0.00506
0.70885
0.15639
0.89596
0.65274
0.23775
0.62905
0.39056
0.55624
0.25667
0.30418
0.44685
0.09360
0.13988
0.06899
0.98632
0.64111
0.61938
0.62886
0.80020
0.03810
0.38237
0.80370
0.21418
0.33661
0.70195
0.75206
0.31013
0.64531
0.65032
0.29858
0.71094
0.19348
0.91873
0.22824
0.73074
0.35317
0.52895
0.14993
0.36943
0.88641
0.14800
0.23965
0.04392
0.84334
0.10389
0.95469
0.53812
0.80040
0.55591
0.18529
0.02068
0.55792
0.64174
0.27015
0.03605
0.87954
0.92373
0.46543
0.92975
0.43048
0.65386
0.42546
0.08977
0.90405
0.11000
0.07361
0.39152
0.15006
0.74924
0.83784
0.39823
0.23951
0.78182
0.24398
0.37765
0.39426
0.07038
0.77020
0.84331
0.10986
0.35203
0.39765
0.98437
0.06152
0.33457
0.54676
0.99685
0.30482
0.35398
0.11693
0.01596
0.63826
0.84817
0.62484
0.28408
0.11246
0.58469
0.59681
0.94301
0.05079
0.00933
0.84535
0.50561
0.21465
0.26010
0.64307
0.34824
0.47159
0.33881
0.57029
0.43074
0.54475
0.48501
0.73126
0.92783
0.06464
0.04356
0.69946
0.36396
0.36241
0.72025
0.98633
0.74683
0.82565
0.23419
0.04692
0.82429
0.93386
0.65899
0.22452
0.71805
0.22232
0.62343
0.45024
0.76612
0.45452
0.93604
0.65176
0.63882
0.30432
0.57504
0.38796
0.79183
0.65954
0.36389
0.82689
0.20918
0.86843
0.27454
0.09703
0.08909
0.21124
0.98127
0.60701
0.31876
0.06041
0.49463
0.54900
0.92882
0.48033
0.73976
0.17865
0.89838
0.44353
0.23286
0.08068
0.33914
0.87752
0.09838
0.71491
0.43388
0.20610
0.89505
0.34286
0.24567
0.04309
0.92573
0.92500
0.07153
0.09430
0.28653
0.01461
0.98447
0.44928
0.73260
0.70902
0.22333
0.44659
0.81821
0.34424
0.06704
0.12015
0.23217
0.00882
0.48382
0.79109
0.83309
0.79699
0.01174
0.09174
0.85227
0.53682
0.54133
0.91804
0.14113
0.22686
0.51215
0.60787
0.36237
0.08524
0.50556
0.96176
0.58970
0.66466
0.29807
0.44400
0.62738
0.44374
0.90889
0.87242
0.40137
0.07149
0.82473
0.71159
0.43602
0.95015
0.15502
0.18607
0.71218
0.52310
0.97710
0.90417
0.92725
0.50826
0.56105
0.99842
0.41814
0.91150
0.37860
0.30422
0.57938
0.17785
0.67832
0.70141
0.63765
0.13352
0.00812
0.53893
0.63910
0.04006
0.46216
0.85824
0.00094
0.32702
0.08928
0.10643
0.67613
0.23914
0.68012
0.35254
0.96121
0.22012
0.47752
0.96770
0.51882
0.48493
0.43529
0.24996
0.94417
0.19264
0.58122
0.35159
0.10566
0.17782
0.05957
0.78652
0.38310
0.41276
0.17720
0.21342
0.74183
0.94625
0.85735
0.04673
0.47552
0.96834
0.83588
0.64707
0.36270
0.01115
0.22192
0.68454
0.68201
0.33180
0.03909
0.04659
0.50062
0.23662
0.27839
0.90650
0.72199
0.20493
0.08172
0.18590
0.13825
0.68375
0.70732
0.44505
0.05010
0.70828
0.67417
0.37302
0.55774
0.34169
0.02593
0.26006
0.22600
0.32195
0.67981
0.93066
0.03314
0.06800
0.50841
0.71602
0.74440
0.87827
0.85509
0.78724
0.47645
0.23219
0.06635
0.36647
0.20452
0.33861
0.29869
0.08735
0.49981
0.10620
0.25037
0.73586
0.69755
0.80321
0.28872
0.27718
0.80173
0.12768
0.42420
0.39608
0.14267
0.38699
0.40035
0.66539
0.25806
0.66730
0.89362
0.89446
0.17318
0.37659
0.97844
0.44379
0.77978
0.47986
0.31182
0.06271
0.18564
0.54799
0.82791
0.89806
0.20931
0.01957
0.42450
0.25314
0.51913
0.88695
0.88612
0.08066
0.64983
0.31635
0.90976
0.40876
0.97653
0.20347
0.60678
0.55095
0.32637
0.02929
0.85698
0.21206
0.10403
0.00654
0.52451
0.80291
0.05840
0.06613
0.70796
0.57815
0.43538
0.95951
0.52073
0.96475
0.05049
0.21198
0.70974
0.82121
0.89500
0.13455
0.28399
0.37642
0.67763
0.93955
0.94063
0.48217
0.33767
0.32761
0.19741
0.79354
0.59754
0.44858
0.85082
0.81683
0.68733
0.89343
0.17986
0.49163
0.88197
0.37245
0.70491
0.26059
0.51912
0.01623
0.06509
0.79815
0.30032
0.70888
0.55212
0.44713
0.40098
0.51010
0.63519
0.90122
0.39517
0.41000
0.56392
0.68676
0.20349
0.90501
0.58688
0.37802
0.17855
0.45477
0.35580
0.02812
0.99044
0.62234
0.28693
0.86106
0.03803
0.62342
0.08754
0.81546
0.47350
0.62562
0.59469
0.98647
0.06055
0.64426
0.63334
0.74476
0.84327
0.13121
0.68346
0.28254
0.43091
0.38844
0.73775
0.03960
0.06659
0.89301
0.51224
0.88015
0.78629
0.54732
0.82857
0.05026
0.71975
0.69109
0.47976
0.95172
0.67950
0.54105
0.92021
0.80368
0.08557
0.72691
0.92454
0.98044
0.39881
0.09757
0.41700
0.58823
0.01834
0.91612
0.37120
0.42499
0.14930
0.28245
0.02795
0.74238
0.97503
0.00718
0.36498
0.53062
0.10368
0.70437
0.64997
0.00259
0.28026
0.73115
0.75358
0.80046
0.39701
0.49758
0.92744
0.99994
0.75678
0.43740
0.62624
0.17127
0.64750
0.35574
0.72219
0.42120
0.80294
0.33723
0.52414
0.03262
0.38764
0.71948
0.03846
0.84991
0.82494
0.86123
0.24218
0.08849
0.06222
0.84141
0.12306
0.81092
0.85931
0.40501
0.78315
0.67910
0.99241
0.80930
0.63018
0.21995
0.73269
0.58849
0.28263
0.00565
0.85624
0.30728
0.67443
0.85708
0.07055
0.62778
0.36046
0.12390
0.97810
0.80438
0.16818
0.39377
0.88749
0.30299
0.23590
0.17485
0.29124
0.35463
0.30751
0.04901
0.10732
0.14056
0.60026
0.25474
0.91822
0.39851
0.90967
0.22902
0.33592
0.57706
0.54685
0.12911
0.04370
0.95788
0.10624
0.88827
0.47764
0.74628
0.20984
0.68356
0.41326
0.11413
0.12028
0.30069
0.90507
0.69426
0.56261
0.37363
0.22159
0.55307
0.39430
0.13608
0.89847
0.86530
0.72400
0.32508
0.01908
0.11301
0.50491
0.51273
0.08420
0.53282
0.10181
0.40640
0.80378
0.79158
0.13970
0.16583
0.61436
0.41402
0.90214
0.51247
0.23741
0.63653
0.91309
0.23544
0.28035
0.41962
0.30642
0.32220
0.89900
0.18602
0.58284
0.61981
0.66655
0.40438
0.82952
0.60211
0.99824
0.23402
0.55048
0.49680
0.01476
0.77003
0.88144
0.86530
0.42292
0.32252
0.63500
0.26396
0.18193
0.82572
0.51570
0.96975
0.59457
0.59935
0.64485
0.26221
0.37322
0.12582
0.06433
0.48599
0.34388
0.55035
0.61017
0.78282
0.23187
0.33276
0.01719
0.32005
0.01833
0.74533
0.17573
0.33879
0.20700
0.89766
0.06164
0.48860
0.72646
0.61594
0.35477
0.41052
0.13577
0.01264
0.54242
0.33564
0.78039
0.95293
0.40275
0.63831
0.62626
0.72939
0.10853
0.32131
0.83510
0.38078
0.77734
0.27716
0.34250
0.80362
0.85290
0.23508
0.09859
0.85142
0.84016
0.98129
0.73982
0.51174
0.92409
0.41439
0.88841
0.88479
0.01243
0.01843
0.06698
0.37640
0.22592
0.00318
0.12185
0.58570
0.12749
0.69625
0.74434
0.46432
0.27136
0.91913
0.41647
0.06511
0.54555
0.86447
0.96263
0.46444
0.44737
0.36132
0.62607
0.14054
0.79314
0.09643
0.86234
0.06077
0.51057
0.78032
0.75858
0.14852
0.26754
0.58997
0.35502
0.17892
0.08964
0.58304
0.85001
0.00437
0.84847
0.56390
0.71206
0.44596
0.08933
0.80404
0.07192
0.56679
0.45764
0.21023
0.67811
0.27387
0.02578
0.20290
0.89476
0.39655
0.36218
0.14322
0.72239
0.50733
0.27836
0.01354
0.48939
0.62885
0.63739
0.50513
0.94123
0.12739
0.27452
0.60291
0.37003
0.96014
0.36826
0.86354
0.91164
0.42023
0.06654
0.02454
0.74904
0.97961
0.05674
0.98252
0.10322
0.55930
0.44360
0.28521
0.10838
0.40550
0.36702
0.81363
0.06411
0.81883
0.10808
0.10205
0.82754
0.30671
0.43114
0.04303
0.52632
0.78167
0.03455
0.17932
0.27774
0.28234
0.47724
0.59757
0.65163
0.89247
0.02450
0.28880
0.96932
0.34043
0.69549
0.91247
0.84832
0.42834
0.14265
0.36294
0.73131
0.26304
0.94179
0.76501
0.11822
0.65670
0.18473
0.66177
0.58702
0.24228
0.36853
0.47892
0.56071
0.17100
0.67794
0.80250
0.30802
0.71532
0.45089
0.16435
0.56359
0.37089
0.99130
0.87911
0.92179
0.81682
0.77498
0.36637
0.86292
0.19921
0.32759
0.93058
0.62382
0.18051
0.62787
0.31836
0.54939
0.60557
0.46580
0.70993
0.30442
0.40282
0.31063
0.76876
0.58898
0.95981
0.73324
0.16209
0.08932
0.20404
0.76710
0.14437
0.77849
0.86880
0.72156
0.57066
0.52262
0.91219
0.13569
0.80460
0.15141
0.28135
0.39709
0.43366
0.58770
0.47106
0.47649
0.23334
0.78704
0.18247
0.80153
0.66019
0.41590
0.00217
0.91621
0.00577
0.13184
0.84946
0.05592
0.70230
0.24098
0.00850
0.06578
0.62820
0.78356
0.43529
0.22229
0.16828
0.34914
0.57878
0.65313
0.82239
0.74255
0.75897
0.93575
0.71361
0.04817
0.47197
0.08340
0.28065
0.09695
0.01425
0.74093
0.28392
0.32637
0.07054
0.45247
0.40122
0.45533
0.31510
0.81541
0.05616
0.66301
0.86464
0.99043
0.42289
0.49577
0.64904
0.76156
0.43307
0.36398
0.42011
0.24851
0.00771
0.02317
0.36738
0.04300
0.92671
0.63849
0.87073
0.90745
0.70312
0.11067
0.09044
0.82580
0.96770
0.23141
0.34654
0.32997
0.95965
0.93521
0.19630
0.19909
0.32021
0.73337
0.10167
0.27646
0.99780
0.48504
0.29285
0.87603
0.18923
0.08516
0.82385
0.25741
0.63880
0.96260
0.67096
0.08922
0.40969
0.83770
0.23622
0.75902
0.98015
0.36485
0.89024
0.32133
0.58981
0.64460
0.86229
0.10784
0.28574
0.01893
0.61464
0.60713
0.55293
0.49277
0.44947
0.28786
0.48947
0.61969
0.81874
0.61047
0.71618
0.12973
0.46628
0.58993
0.05161
0.26620
0.65880
0.39614
0.78600
0.54913
0.99854
0.10201
0.73137
0.21641
0.72277
0.68753
0.58990
0.51026
0.38902
0.35545
0.05702
0.25213
0.25913
0.70865
0.14357
0.09503
0.65024
0.27289
0.85070
0.44175
0.15788
0.48719
0.57597
0.49557
0.09753
0.62910
0.68950
0.60136
0.01849
0.12472
0.25540
0.27169
0.68632
0.69891
0.91368
0.62341
0.39491
0.82377
0.45379
0.67698
0.53291
0.52727
0.48731
0.23487
0.05250
0.56748
0.36963
0.44902
0.85267
0.19386
0.99126
0.43398
0.87195
0.26935
0.08955
0.76802
0.18638
0.63412
0.37766
0.22207
0.17941
0.16411
0.35442
0.41195
0.51430
0.89810
0.74892
0.05248
0.35656
0.21648
0.65322
0.38609
0.66136
0.73975
0.69451
0.74014
0.89277
0.30926
0.81679
0.44719
0.19482
0.48720
0.16232
0.66480
0.14973
0.81265
0.18675
0.06487
0.72126
0.78908
0.71438
0.61208
0.00465
0.89586
0.97610
0.87588
0.14805
0.20766
0.21966
0.49055
0.19111
0.27247
0.18092
0.90381
0.69167
0.82405
0.94678
0.90038
0.19575
0.53631
0.94826
0.52379
0.84276
0.45243
0.13672
0.98160
0.51469
0.49121
0.70974
0.98878
0.34943
0.12966
0.03970
0.37911
0.49920
0.50784
0.33972
0.75565
0.15785
0.84651
0.66550
0.39514
0.82032
0.00240
0.52010
0.47069
0.34351
0.20827
0.60094
0.42837
0.34588
0.23427
0.51132
0.75363
0.31900
0.75058
0.15088
0.36032
0.82942
0.32515
0.17503
0.90303
0.11902
0.65993
0.23449
0.60880
0.58601
0.32068
0.75126
0.48586
0.91156
0.57315
0.48335
0.14493
0.99261
0.29979
0.92361
0.49205
0.34098
0.33729
0.56039
0.27725
0.03109
0.63037
0.12760
0.25434
0.25896
0.23277
0.67556
0.66759
0.68152
0.64612
0.89479
0.07361
0.93244
0.61032
0.32897
0.15692
0.11622
0.21129
0.12645
0.57164
0.10269
0.11279
0.79487
0.04760
0.07095
0.04460
0.44873
0.75157
0.64013
0.19195
0.69369
0.49602
0.56923
0.85517
0.60665
0.23825
0.86399
0.71385
0.31521
0.09275
0.60385
0.74792
0.57645
0.19023
0.01000
0.92124
0.32174
0.24262
0.67486
0.77999
0.50621
0.36566
0.12545
0.39238
0.55118
0.26817
0.47595
0.73584
0.91749
0.66113
0.60298
0.33696
0.63552
0.20911
0.61255
0.77514
0.81174
0.87494
0.08617
0.04558
0.65249
0.23149
0.64361
0.63280
0.96204
0.64988
0.05483
0.95741
0.84980
0.45558
0.71046
0.69605
0.52067
0.75766
0.84089
0.33797
0.95807
0.83877
0.61657
0.61209
0.75894
0.62691
0.80249
0.50315
0.84645
0.82305
0.61097
0.99329
0.26399
0.03571
0.63992
0.90642
0.67620
0.91885
0.12097
0.03887
0.40879
0.66454
0.98842
0.26930
0.29977
0.62549
0.73199
0.51389
0.92221
0.62302
0.77555
0.42774
0.89794
0.02280
0.51781
0.48316
0.84387
0.17373
0.97781
0.42835
0.25532
0.04746
0.51365
0.41417
0.85538
0.33799
0.32027
0.26136
0.83699
0.56030
0.13767
0.97293
0.10864
0.52207
0.45851
0.24085
0.13417
0.00892
0.83399
0.20122
0.04665
0.75139
0.56399
0.07331
0.87289
0.73304
0.08892
0.37178
0.56112
0.83944
0.64218
0.74215
0.95273
0.52980
0.46014
0.55466
0.53264
0.79391
0.97141
0.05893
0.17057
0.25908
0.16771
0.98616
0.43324
0.88073
0.46459
0.36689
0.70828
0.26308
0.20397
0.45894
0.10347
0.18578
0.74748
0.48115
0.22147
0.62961
0.47195
0.97740
0.32080
0.61556
0.62439
0.93280
0.65132
0.28138
0.26442
0.87733
0.38381
0.16940
0.64378
0.22824
0.06814
0.18252
0.00890
0.17250
0.94919
0.57727
0.51426
0.03681
0.95590
0.39583
0.14082
0.41577
0.00747
0.81341
0.63476
0.69031
0.67274
0.67191
0.34428
0.72389
0.07286
0.16332
0.46112
0.62640
0.28750
0.26612
0.48226
0.18295
0.83440
0.19359
0.52167
0.80955
0.41127
0.87297
0.83163
0.60540
0.12321
0.70518
0.65971
0.95387
0.38847
0.40432
0.67996
0.21019
0.55909
0.30041
0.56849
0.12541
0.44258
0.32815
0.27387
0.85585
0.69893
0.60044
0.21340
0.45068
0.44507
0.79178
0.89778
0.66216
0.06152
0.65265
0.28841
0.38118
0.10579
0.29632
0.49407
0.31404
0.13168
0.89738
0.54535
0.15590
0.70583
0.47416
0.87884
0.17827
0.76666
0.92376
0.61482
0.91934
0.68253
0.68507
0.63137
0.89154
0.29560
0.75118
0.44448
0.72775
0.98659
0.50370
0.36559
0.51875
0.47986
0.43021
0.43130
0.14189
0.45376
0.23582
0.49589
0.33149
0.58821
0.40407
0.37229
0.96602
0.92014
0.35527
0.63090
0.24399
0.52262
0.19319
0.70507
0.47768
0.11280
0.68906
0.96423
0.52465
0.35798
0.20682
0.60942
0.46493
0.52003
0.47065
0.08086
0.19318
0.80338
0.28415
0.11665
0.35928
0.02477
0.58267
0.56776
0.27478
0.96521
0.18955
0.49230
0.81487
0.64234
0.56918
0.90926
0.74812
0.16066
0.38562
0.10583
0.86196
0.57035
0.17581
0.72244
0.82081
0.35747
0.85982
0.19760
0.75026
0.20051
0.95569
0.62087
0.47935
0.74028
0.72736
0.75172
0.48617
0.97247
0.99905
0.84546
0.39622
0.02093
0.15523
0.32156
0.28857
0.33545
0.84455
0.11042
0.70993
0.56295
0.15063
0.33003
0.02191
0.55164
0.68121
0.77348
0.79253
0.49189
0.76889
0.36755
0.95986
0.86463
0.71203
0.99357
0.79170
0.98742
0.84649
0.79558
0.70935
0.88881
0.44461
0.06458
0.95957
0.95136
0.44807
0.98236
0.73626
0.53940
0.91320
0.94688
0.82607
0.29237
0.99373
0.33970
0.90073
0.31274
0.64649
0.91201
0.59582
0.12618
0.31419
0.70271
0.80444
0.04897
0.63180
0.58626
0.93581
0.90839
0.16053
0.50331
0.80533
0.68652
0.33526
0.72908
0.74419
0.16722
0.35836
0.14290
0.69808
0.25309
0.77594
0.89338
0.52532
0.00512
0.62424
0.00579
0.77486
0.28666
0.15039
0.25038
0.65179
0.16248
0.16785
0.13345
0.98514
0.08733
0.19606
0.88236
0.44982
0.17360
0.91077
0.46801
0.70949
0.83777
0.36823
0.63175
0.50084
0.48221
0.53760
0.09561
0.35959
0.68396
0.09970
0.79918
0.15667
0.68295
0.57701
0.66205
0.57370
0.88481
0.66523
0.93544
0.79685
0.91175
0.63225
0.49612
0.47238
0.32670
0.11657
0.69804
0.97065
0.33997
0.48321
0.28152
0.70531
0.95632
0.81423
0.32108
0.25330
0.19621
0.24851
0.16093
0.53360
0.87105
0.80401
0.11522
0.49465
0.10840
0.25719
0.69152
0.13273
0.95437
0.86048
0.44488
0.93005
0.44324
0.95990
0.81367
0.98866
0.68221
0.28479
0.10970
0.77018
0.09299
0.72880
0.04745
0.04408
0.32459
0.59268
0.94307
0.30084
0.51163
0.32211
0.76777
0.45167
0.11066
0.28606
0.52790
0.69754
0.66467
0.52862
0.03338
0.92597
0.59286
0.48088
0.58634
0.16436
0.45914
0.45424
0.71058
0.80110
0.87596
0.00856
0.26445
0.07567
0.15029
0.96264
0.62300
0.42269
0.97913
0.99080
0.53836
0.74985
0.58629
0.06643
0.41753
0.44994
0.32370
0.62766
0.36432
0.60093
0.10602
0.29562
0.26612
0.56546
0.81650
0.33467
0.58660
0.20536
0.60189
0.91587
0.57176
0.71133
0.83587
0.06190
0.17835
0.18312
0.59280
0.43609
0.59298
0.27655
0.29639
0.35511
0.25989
0.12705
0.15393
0.92926
0.89647
0.58437
0.62601
0.24185
0.64105
0.40177
0.71398
0.22283
0.84448
0.06299
0.37433
0.10694
0.27082
0.20849
0.39127
0.82770
0.22215
0.64182
0.58485
0.67764
0.82210
0.30164
0.86238
0.74228
0.85696
0.02356
0.31786
0.28746
0.47710
0.53827
0.39132
0.99294
0.42759
0.51226
0.54209
0.86555
0.92487
0.78815
0.06785
0.02459
0.53647
0.44175
0.78703
0.78987
0.71637
0.85467
0.15666
0.94467
0.49714
0.93445
0.10862
0.88872
0.14702
0.43048
0.45598
0.42649
0.21551
0.18890
0.68550
0.40323
0.67551
0.88326
0.43658
0.36814
0.05446
0.84960
0.74026
0.43185
0.48638
0.91885
0.30818
0.80670
0.99304
0.51235
0.31290
0.00080
0.64998
0.88616
0.82720
0.30234
0.78751
0.53507
0.07694
0.07456
0.45478
0.15924
0.55627
0.47815
0.38748
0.30317
0.78175
0.33005
0.71936
0.14758
0.07473
0.53420
0.63964
0.99513
0.51908
0.43349
0.27720
0.49246
0.59621
0.51181
0.13051
0.37173
0.31447
0.51903
0.25152
0.20296
0.72266
0.77804
0.54362
0.98063
0.02990
0.89474
0.83176
0.85532
0.63770
0.86681
0.85530
0.62835
0.00400
0.52310
0.58263
0.84722
0.42701
0.54120
0.25570
0.78968
0.54964
0.97800
0.39875
0.90951
0.56084
0.13765
0.24008
0.88320
0.73143
0.70961
0.69525
0.71058
0.23614
0.00475
0.27641
0.52228
0.57532
0.68070
0.67623
0.75992
0.67937
0.55027
0.12525
0.26548
0.03304
0.63118
0.15011
0.71857
0.27748
0.40276
0.04531
0.43825
0.24384
0.65483
0.83772
0.43857
0.91685
0.26090
0.48353
0.19672
0.26074
0.61850
0.19782
0.70140
0.27953
0.18802
0.57466
0.77090
0.21350
0.14467
0.57955
0.84636
0.54174
0.85949
0.89977
0.57410
0.57652
0.73193
0.05901
0.18935
0.29788
0.34642
0.79788
0.43946
0.08511
0.49559
0.56509
0.81065
0.34055
0.42563
0.50440
0.07727
0.00912
0.46858
0.08964
0.59207
0.98449
0.28682
0.35939
0.86187
0.43142
0.96497
0.54682
0.97327
0.03864
0.21748
0.04524
0.06960
0.84042
0.83594
0.92983
0.77325
0.06056
0.76630
0.03190
0.31430
0.47918
0.39831
0.57637
0.17876
0.30595
0.52248
0.72408
0.34244
0.90754
0.58150
0.11781
0.00675
0.57305
0.86672
0.92585
0.45117
0.40169
0.72866
0.74140
0.17296
0.67908
0.16385
0.02390
0.69294
0.20820
0.60608
0.97324
0.72810
0.17684
0.22215
0.96250
0.22741
0.37616
0.30335
0.53276
0.29946
0.15557
0.18605
0.08008
0.36262
0.69211
0.63437
0.59625
0.31951
0.09112
0.57273
0.55348
0.11873
0.35866
0.69893
0.99757
0.91613
0.42950
0.78786
0.40830
0.04969
0.24079
0.61862
0.62680
0.03437
0.47812
0.20968
0.25355
0.68742
0.37657
0.84620
0.69124
0.61694
0.79874
0.69966
0.84494
0.64789
0.85846
0.98013
0.55999
0.71208
0.67904
0.37901
0.53152
0.09256
0.80902
0.32908
0.62274
0.72085
0.37990
0.07683
0.35434
0.50018
0.11127
0.92073
0.89242
0.14536
0.12312
0.76814
0.74325
0.82711
0.22562
0.35505
0.20491
0.38998
0.74522
0.13730
0.35806
0.74608
0.18987
0.19121
0.01793
0.17655
0.02250
0.59092
0.39016
0.21811
0.18735
0.37952
0.25547
0.11412
0.58579
0.20409
0.04396
0.94240
0.71848
0.50421
0.64728
0.63730
0.14282
0.57142
0.40443
0.88397
0.73234
0.13271
0.03515
0.14666
0.01181
0.51011
0.92232
0.71313
0.24191
0.78270
0.20049
0.79788
0.17046
0.98172
0.34765
0.39730
0.55030
0.06581
0.01956
0.39872
0.85349
0.11320
0.56549
0.27922
0.72466
0.33066
0.65682
0.59859
0.42532
0.36591
0.20444
0.42629
0.17807
0.01221
0.96101
0.34133
0.12211
0.76459
0.61919
0.30090
0.26364
0.66755
0.62054
0.03864
0.82464
0.32825
0.41501
0.23231
0.76189
0.33041
0.55020
0.07335
0.27969
0.36041
0.46477
0.33862
0.36468
0.59719
0.19265
0.13090
0.51467
0.51325
0.50655
0.22856
0.95520
0.25022
0.14330
0.18994
0.77446
0.18752
0.88339
0.89781
0.93139
0.36856
0.67306
0.32770
0.72931
0.80365
0.32041
0.93622
0.84401
0.05516
0.45601
0.36405
0.25913
0.83129
0.86081
0.58442
0.85945
0.12983
0.50220
0.43520
0.25289
0.24148
0.79253
0.19707
0.45247
0.31486
0.80651
0.41547
0.94553
0.46306
0.67534
0.76461
0.78903
0.03721
0.90113
0.39599
0.36923
0.39461
0.40451
0.15885
0.98307
0.16684
0.39920
0.91569
0.22324
0.58487
0.66506
0.08466
0.11591
0.48682
0.68888
0.37916
0.92424
0.30994
0.58155
0.14930
0.39433
0.55288
0.09672
0.36240
0.81996
0.93438
0.71546
0.46561
0.47714
0.20616
0.63198
0.45926
0.77074
0.87580
0.44294
0.32246
0.83496
0.50012
0.66926
0.16655
0.29127
0.26919
0.23162
0.42974
0.46558
0.29616
0.54175
0.80223
0.53478
0.47409
0.91192
0.06819
0.38841
0.52372
0.11984
0.94002
0.47449
0.83338
0.24102
0.20348
0.05684
0.10791
0.01608
0.95756
0.37560
0.13311
0.34908
0.67212
0.21503
0.91307
0.25511
0.54045
0.98294
0.88528
0.99949
0.22368
0.59301
0.26658
0.99371
0.84739
0.80387
0.62584
0.84520
0.38204
0.86324
0.86350
0.85648
0.94467
0.60928
0.68671
0.46575
0.84069
0.36572
0.31754
0.39504
0.91505
0.71177
0.08090
0.48107
0.53089
0.60045
0.49976
0.70608
0.90464
0.67820
0.69839
0.45984
0.96822
0.47361
0.69720
0.83788
0.27329
0.69834
0.26176
0.61607
0.80656
0.08220
0.15063
0.59520
0.62470
0.55606
0.19682
0.46674
0.96524
0.77250
0.21736
0.24368
0.50864
0.14615
0.94735
0.86569
0.58834
0.30579
0.67360
0.40076
0.76560
0.39286
0.66739
0.90615
0.37618
0.42994
0.58890
0.32296
0.99773
0.78614
0.99825
0.95686
0.52186
0.81284
0.90003
0.30302
0.18153
0.67199
0.04432
0.64084
0.23587
0.53810
0.22528
0.11499
0.66581
0.38770
0.28125
0.16612
0.57083
0.90989
0.74823
0.80670
0.30880
0.81370
0.77251
0.77945
0.10228
0.15883
0.79158
0.39470
0.01264
0.93971
0.43064
0.22035
0.58413
0.72679
0.35035
0.10404
0.46957
0.34383
0.49640
0.94521
0.35587
0.28706
0.57161
0.07463
0.44388
0.25775
0.78172
0.11795
0.45117
0.66143
0.66408
0.83964
0.58985
0.23665
0.38270
0.39093
0.77183
0.77596
0.33476
0.23559
0.62451
0.10293
0.52310
0.93160
0.58230
0.13280
0.27446
0.18433
0.47747
0.67134
0.63864
0.10710
0.95388
0.96820
0.65090
0.30894
0.71870
0.93119
0.46755
0.56067
0.24849
0.81340
0.99171
0.18194
0.11923
0.68809
0.33405
0.55926
0.57614
0.31072
0.90536
0.00660
0.13027
0.37355
0.86140
0.29270
0.30642
0.04337
0.33618
0.64219
0.86485
0.27315
0.96915
0.66767
0.02853
0.41547
0.15679
0.56546
0.57552
0.66210
0.62819
0.17522
0.41943
0.40718
0.99499
0.44482
0.97142
0.54327
0.87539
0.14836
0.08852
0.05507
0.12972
0.46018
0.54093
0.84139
0.40943
0.10668
0.39207
0.44465
0.70716
0.30346
0.82361
0.31968
0.21078
0.59820
0.33648
0.38463
0.81322
0.42448
0.64850
0.42927
0.45837
0.68898
0.15101
0.42331
0.75320
0.74137
0.56706
0.14438
0.21476
0.18622
0.75895
0.02232
0.77779
0.37038
0.99667
0.31472
0.64154
0.53525
0.89243
0.03690
0.43176
0.78659
0.01300
0.11789
0.82739
0.06289
0.32967
0.25991
0.05555
0.89814
0.40139
0.57010
0.22746
0.92417
0.36847
0.83951
0.72669
0.69807
0.75144
0.87669
0.85368
0.18770
0.71686
0.51289
0.76572
0.37094
0.51340
0.43855
0.25377
0.84786
0.70199
0.53918
0.79424
0.45610
0.12795
0.23804
0.07172
0.15617
0.45186
0.07175
0.59443
0.86018
0.44257
0.17023
0.54758
0.87239
0.01088
0.60945
0.69491
0.14049
0.25863
0.35907
0.11534
0.79364
0.40621
0.53523
0.36883
0.41098
0.27144
0.60928
0.45329
0.71141
0.20124
0.37330
0.94272
0.61716
0.38020
0.59681
0.52149
0.86663
0.97089
0.57866
0.10808
0.29219
0.66720
0.50955
0.50987
0.14307
0.26989
0.68043
0.25917
0.42785
0.71234
0.39836
0.80601
0.94410
0.55666
0.39655
0.91243
0.24724
0.23508
0.49764
0.82861
0.68854
0.76420
0.31579
0.30204
0.44865
0.20468
0.33195
0.18573
0.57307
0.81936
0.07667
0.99406
0.23930
0.00369
0.61809
0.92772
0.90073
0.17511
0.62570
0.75160
0.61125
0.63617
0.23825
0.67445
0.78036
0.92047
0.46292
0.32076
0.35110
0.02491
0.48048
0.26553
0.91159
0.63695
0.26839
0.85619
0.11800
0.76223
0.37196
0.09162
0.20678
0.33099
0.92827
0.97697
0.43218
0.99644
0.26835
0.19730
0.16387
0.06694
0.51986
0.94446
0.36551
0.87266
0.89554
0.68294
0.55126
0.61275
0.06337
0.86684
0.77114
0.92071
0.66019
0.72427
0.46934
0.79600
0.29688
0.29858
0.26307
0.24424
0.52968
0.61404
0.84168
0.17409
0.98402
0.97302
0.55395
0.68251
0.84972
0.03830
0.91666
0.94116
0.32025
0.43725
0.33521
0.36787
0.45636
0.90426
0.31226
0.20650
0.61324
0.95980
0.84978
0.06513
0.32353
0.20938
0.93835
0.25416
0.46371
0.56883
0.34581
0.86788
0.42096
0.92972
0.55991
0.94651
0.86533
0.22888
0.17776
0.16643
0.29185
0.91726
0.00042
0.08459
0.13447
0.72205
0.37019
0.31404
0.62544
0.03203
0.24047
0.09248
0.51250
0.04831
0.15550
0.82922
0.17467
0.57924
0.14750
0.63818
0.23448
0.56964
0.45511
0.71506
0.69719
0.56089
0.18666
0.96401
0.24840
0.71213
0.75268
0.55720
0.17319
0.82410
0.92052
0.20223
0.09085
0.14151
0.43213
0.48387
0.32713
0.76395
0.29444
0.84665
0.46959
0.50154
0.16930
0.00838
0.31650
0.93168
0.65259
0.48576
0.00678
0.24673
0.26987
0.31009
0.66013
0.20780
0.76470
0.64868
0.38376
0.81236
0.64453
0.20928
0.79694
0.99161
0.66025
0.58050
0.88165
0.69968
0.19814
0.30035
0.95542
0.55258
0.30062
0.61846
0.55188
0.93440
0.17392
0.19731
0.59772
0.10574
0.41738
0.14897
0.47558
0.67118
0.31228
0.48170
0.15683
0.47051
0.85319
0.66234
0.84930
0.08058
0.98903
0.19554
0.27199
0.41962
0.39377
0.82202
0.70276
0.12911
0.77263
0.74095
0.10970
0.98582
0.70848
0.43262
0.08302
0.85145
0.11655
0.95034
0.38747
0.90442
0.10623
0.73172
0.35592
0.12540
0.96511
0.34005
0.84764
0.87282
0.15717
0.59537
0.71065
0.47884
0.88866
0.91268
0.43729
0.93521
0.99739
0.59074
0.15242
0.43320
0.90949
0.45271
0.18366
0.07268
0.73711
0.95056
0.34334
0.26848
0.02413
0.02938
0.72933
0.56700
0.22063
0.24924
0.11977
0.60312
0.04114
0.46860
0.43929
0.09638
0.20061
0.37474
0.24089
0.89566
0.57900
0.96994
0.39354
0.82337
0.47216
0.59695
0.12750
0.66480
0.66996
0.86904
0.82132
0.43512
0.44695
0.07543
0.25012
0.14022
0.95199
0.90206
0.61816
0.76969
0.34172
0.75002
0.96400
0.82752
0.79693
0.94400
0.98762
0.98631
0.29828
0.89788
0.30892
0.11075
0.97506
0.43328
0.24582
0.27191
0.99193
0.92154
0.09622
0.40625
0.63002
0.36254
0.84807
0.68050
0.68068
0.22280
0.79895
0.35256
0.26387
0.95406
0.75537
0.18049
0.53688
0.77287
0.41288
0.14414
0.93641
0.53755
0.99789
0.90867
0.70122
0.81037
0.26536
0.97589
0.38008
0.49401
0.20424
0.24625
0.62990
0.71407
0.42389
0.35647
0.45762
0.47937
0.88715
0.14015
0.86397
0.39008
0.09933
0.26615
0.98533
0.08763
0.22071
0.32083
0.13631
0.28655
0.97318
0.29546
0.90772
0.34401
0.54779
0.09080
0.40571
0.54131
0.94056
0.26059
0.63620
0.76077
0.03962
0.08483
0.16997
0.15963
0.04481
0.33591
0.64345
0.72373
0.03056
0.34115
0.86155
0.34380
0.77448
0.24975
0.38605
0.32114
0.37300
0.43466
0.78257
0.07447
0.09800
0.79158
0.05801
0.36577
0.75417
0.23117
0.70259
0.56826
0.99129
0.04454
0.69046
0.11159
0.19522
0.60330
0.76748
0.97504
0.03496
0.90119
0.05459
0.05728
0.23123
0.57229
0.10315
0.43573
0.33753
0.97500
0.80478
0.40214
0.97310
0.32844
0.04205
0.21258
0.70203
0.81902
0.39213
0.75717
0.37068
0.10698
0.17187
0.76215
0.78085
0.94150
0.22812
0.13814
0.28171
0.40575
0.96733
0.37981
0.11188
0.77136
0.96472
0.72475
0.46938
0.88400
0.98913
0.10122
0.51897
0.31715
0.13428
0.83968
0.12017
0.88294
0.62674
0.86840
0.77915
0.50037
0.88691
0.37680
0.63800
0.60165
0.54667
0.36354
0.02671
0.84811
0.19937
0.98178
0.86807
0.45489
0.66222
0.53600
0.59393
0.06283
0.50240
0.29431
0.69436
0.64971
0.51132
0.34055
0.08804
0.91871
0.41854
0.79448
0.68158
0.56670
0.45600
0.96031
0.42688
0.95682
0.39113
0.98638
0.34603
0.89070
0.02287
0.96715
0.12089
0.99997
0.81205
0.62592
0.01997
0.63556
0.82149
0.62504
0.79114
0.68919
0.50443
0.85191
0.27133
0.34523
0.96165
0.31437
0.18941
0.46367
0.62738
0.33780
0.29068
0.40966
0.68722
0.76443
0.35443
0.33023
0.60683
0.91964
0.47251
0.08204
0.99550
0.03452
0.72844
0.20384
0.13096
0.16060
0.72868
0.08890
0.53459
0.11238
0.74996
0.88550
0.77322
0.53288
0.42484
0.09045
0.47965
0.75461
0.03951
0.23181
0.72115
0.26932
0.34613
0.32027
0.38862
0.76801
0.16183
0.19755
0.01703
0.65745
0.36989
0.11595
0.52472
0.81091
0.33158
0.72944
0.46586
0.64642
0.57097
0.23614
0.60173
0.63186
0.70142
0.15265
0.35459
0.44926
0.04362
0.04164
0.98800
0.54364
0.55601
0.10661
0.29336
0.27313
0.20471
0.53845
0.69783
0.20594
0.81927
0.25526
0.11564
0.58396
0.45263
0.75337
0.62130
0.61370
0.61247
0.49413
0.24054
0.53803
0.43199
0.39563
0.68319
0.90925
0.74788
0.91422
0.34671
0.72494
0.17308
0.25243
0.07244
0.64194
0.41853
0.59978
0.54766
0.73678
0.31078
0.95577
0.93286
0.85179
0.18269
0.16620
0.13822
0.60708
0.94616
0.97331
0.51215
0.60719
0.83664
0.07471
0.20676
0.78789
0.88167
0.29404
0.02361
0.11010
0.21147
0.30661
0.62226
0.16686
0.49498
0.49797
0.53190
0.91285
0.20930
0.48462
0.31673
0.76238
0.90035
0.96551
0.29831
0.47805
0.27959
0.07410
0.73686
0.44680
0.52290
0.64279
0.10498
0.56897
0.45847
0.33154
0.19663
0.42100
0.26374
0.74753
0.25104
0.78418
0.14002
0.60295
0.49725
0.99806
0.13565
0.06698
0.95012
0.21732
0.76196
0.89049
0.28594
0.86539
0.09497
0.62062
0.02370
0.72812
0.29306
0.41407
0.94529
0.14318
0.45869
0.75491
0.97418
0.72074
0.97568
0.30943
0.29557
0.47506
0.76353
0.24432
0.74300
0.62346
0.60078
0.49769
0.30874
0.67971
0.49973
0.17693
0.72284
0.21664
0.31646
0.55264
0.34722
0.71834
0.36999
0.79971
0.07877
0.53154
0.58499
0.12641
0.58728
0.21017
0.68906
0.14363
0.42072
0.40997
0.11825
0.92205
0.39886
0.29536
0.81427
0.74992
0.97575
0.71687
0.17045
0.72791
0.72783
0.11572
0.81783
0.51481
0.65737
0.26309
0.16730
0.43380
0.73564
0.45159
0.06416
0.76845
0.02173
0.42763
0.64986
0.07268
0.29370
0.70098
0.53046
0.47876
0.89300
0.08652
0.49152
0.17259
0.11609
0.02142
0.08471
0.28522
0.85226
0.75646
0.26173
0.65477
0.16500
0.90274
0.41900
0.33502
0.28251
0.60489
0.80386
0.27977
0.55306
0.01982
0.03353
0.03682
0.48086
0.47544
0.48230
0.54964
0.35670
0.85022
0.86875
0.59863
0.23251
0.98351
0.03104
0.88001
0.51290
0.14135
0.89248
0.99875
0.54419
0.12108
0.68228
0.63415
0.47848
0.38488
0.93854
0.84441
0.01592
0.26536
0.77419
0.99509
0.04536
0.58228
0.92865
0.82843
0.23419
0.91967
0.37966
0.00806
0.66035
0.20574
0.05970
0.70514
0.69278
0.30477
0.45473
0.91154
0.77580
0.33131
0.57788
0.14727
0.38705
0.05535
0.68325
0.79105
0.34907
0.08878
0.58122
0.17005
0.82171
0.40561
0.27820
0.05387
0.78504
0.42155
0.94010
0.30863
0.57094
0.56796
0.29597
0.20255
0.74500
0.82177
0.58450
0.43414
0.63433
0.73407
0.14442
0.86582
0.38916
0.71880
0.50275
0.87514
0.95830
0.66897
0.85002
0.71380
0.86771
0.11957
0.12147
0.15053
0.89231
0.31170
0.47862
0.79488
0.14285
0.61665
0.27960
0.04085
0.34505
0.40539
0.37022
0.28325
0.37011
0.79782
0.63604
0.03888
0.53014
0.48648
0.61698
0.06256
0.77054
0.29481
0.39850
0.40137
0.55662
0.79974
0.77801
0.06985
0.62311
0.34329
0.06191
0.21747
0.81474
0.38391
0.99563
0.24041
0.01640
0.65581
0.54499
0.19039
0.75089
0.66219
0.83370
0.20234
0.12468
0.95986
0.01029
0.22743
0.78347
0.98665
0.13964
0.11422
0.39022
0.12737
0.41293
0.61576
0.72019
0.82575
0.29709
0.84151
0.00825
0.94409
0.72988
0.76071
0.60384
0.26902
0.56525
0.38643
0.57135
0.25036
0.54084
0.08115
0.75195
0.18294
0.49759
0.73489
0.01288
0.93816
0.19010
0.02299
0.48539
0.80888
0.64173
0.67669
0.54369
0.00029
0.40817
0.73245
0.81564
0.58122
0.52868
0.77600
0.33794
0.72587
0.55150
0.70301
0.81103
0.50427
0.98896
0.97297
0.53047
0.25969
0.28316
0.51702
0.76807
0.31725
0.07264
0.65052
0.20157
0.33569
0.50393
0.29216
0.81899
0.07767
0.24818
0.83370
0.66650
0.51939
0.36543
0.24074
0.34885
0.17299
0.36281
0.38091
0.80466
0.66980
0.86534
0.18076
0.70357
0.23485
0.98131
0.19800
0.86411
0.06225
0.91772
0.04399
0.92366
0.55460
0.32748
0.46930
0.67682
0.44259
0.79680
0.57764
0.97561
0.98153
0.67413
0.30662
0.31638
0.42786
0.03863
0.33943
0.79625
0.00722
0.22568
0.98239
0.00888
0.68382
0.11747
0.88416
0.70803
0.67299
0.62870
0.35497
0.76478
0.71290
0.00800
0.80165
0.90175
0.54679
0.01670
0.05224
0.35604
0.75006
0.29403
0.66802
0.59983
0.67831
0.15576
0.38412
0.10595
0.62582
0.30371
0.75763
0.69014
0.57838
0.47563
0.40107
0.65932
0.92141
0.86868
0.92238
0.16185
0.62501
0.44115
0.32092
0.63342
0.63618
0.05842
0.36494
0.47212
0.10486
0.04786
0.34372
0.71321
0.32569
0.96247
0.04446
0.90325
0.77498
0.63616
0.63895
0.25771
0.83533
0.08602
0.80903
0.71128
0.31285
0.41095
0.05749
0.74159
0.05878
0.20065
0.37743
0.97259
0.22311
0.02054
0.08434
0.81497
0.95977
0.81623
0.25602
0.12289
0.28432
0.84244
0.71452
0.13197
0.16692
0.70316
0.58019
0.00391
0.07024
0.28878
0.75412
0.71170
0.47280
0.79730
0.09274
0.24234
0.62256
0.44909
0.38816
0.86987
0.68496
0.97269
0.44710
0.83279
0.78938
0.32222
0.98852
0.48831
0.30933
0.37199
0.93368
0.37976
0.76881
0.29431
0.54748
0.82007
0.26969
0.70921
0.13088
0.30584
0.52483
0.07161
0.01832
0.28158
0.05728
0.95056
0.62923
0.82938
0.66162
0.92684
0.00689
0.80382
0.18386
0.02592
0.88985
0.21354
0.71996
0.72785
0.15359
0.97159
0.28550
0.90489
0.88926
0.74869
0.12575
0.32357
0.79788
0.39407
0.74107
0.21665
0.47715
0.97583
0.18440
0.39152
0.81190
0.98815
0.32536
0.17573
0.21680
0.70548
0.89158
0.77059
0.79862
0.56924
0.92890
0.98272
0.99933
0.99493
0.79657
0.75215
0.10421
0.95813
0.09316
0.07665
0.46651
0.99704
0.63511
0.13829
0.03708
0.22781
0.92351
0.86230
0.77896
0.39472
0.66887
0.57838
0.55322
0.78049
0.48623
0.60474
0.74614
0.28708
0.20679
0.85713
0.77478
0.22660
0.33950
0.20959
0.52847
0.24930
0.30380
0.92408
0.00309
0.26817
0.35272
0.32971
0.65567
0.46296
0.99749
0.07040
0.65349
0.19565
0.93747
0.56206
0.12586
0.41369
0.90745
0.47594
0.89396
0.44790
0.11413
0.30000
0.12899
0.07609
0.98527
0.07599
0.93031
0.24093
0.74153
0.85700
0.87300
0.06285
0.48674
0.10648
0.89635
0.01346
0.41986
0.48123
0.79046
0.93009
0.90325
0.09191
0.82651
0.19575
0.57127
0.95640
0.02295
0.96379
0.88824
0.40581
0.13066
0.80723
0.94256
0.86082
0.49998
0.38339
0.35775
0.61642
0.96855
0.21052
0.24144
0.11830
0.20293
0.83879
0.34281
0.87274
0.39865
0.28194
0.88837
0.01687
0.50690
0.42650
0.72873
0.62683
0.66908
0.88315
0.29196
0.61985
0.36950
0.92933
0.90148
0.97650
0.76840
0.35644
0.99186
0.08444
0.88859
0.56352
0.13445
0.29114
0.00598
0.92426
0.53725
0.78219
0.57811
0.89699
0.94311
0.35512
0.60339
0.85751
0.40862
0.36717
0.61190
0.26318
0.41366
0.90681
0.72545
0.20428
0.40175
0.53224
0.33579
0.32026
0.32820
0.79324
0.75838
0.02490
0.38550
0.45867
0.35514
0.90176
0.77313
0.80750
0.74973
0.57921
0.32959
0.33646
0.11117
0.60456
0.41805
0.05837
0.54227
0.73914
0.75672
0.29377
0.83178
0.39600
0.18230
0.51919
0.77854
0.97125
0.17800
0.14877
0.46637
0.57718
0.43824
0.28734
0.02121
0.19045
0.67931
0.22276
0.18194
0.52112
0.12663
0.68019
0.73296
0.08246
0.61596
0.67308
0.40448
0.25687
0.18373
0.13914
0.42506
0.02419
0.05754
0.75484
0.80371
0.36756
0.25009
0.22434
0.57675
0.19796
0.46583
0.18328
0.69108
0.03208
0.61379
0.15637
0.17999
0.85832
0.28278
0.52653
0.00678
0.95632
0.88180
0.79627
0.87681
0.87176
0.33994
0.87653
0.68112
0.94391
0.83448
0.40837
0.97299
0.08545
0.02288
0.99104
0.17508
0.75574
0.11899
0.83721
0.74573
0.60767
0.08826
0.28691
0.87614
0.25583
0.64760
0.65067
0.33859
0.08549
0.81465
0.90600
0.87543
0.97424
0.72619
0.36285
0.52125
0.41795
0.35717
0.45118
0.41005
0.06357
0.43835
0.68430
0.48818
0.91946
0.53753
0.30729
0.74575
0.01457
0.64287
0.68623
0.68004
0.48764
0.80751
0.45044
0.48646
0.80141
0.70257
0.40081
0.46802
0.18342
0.11094
0.55181
0.85827
0.57767
0.08822
0.44519
0.22602
0.74248
0.36878
0.36510
0.79323
0.60012
0.90847
0.80349
0.26178
0.60906
0.14684
0.31992
0.28748
0.97661
0.88694
0.93088
0.19787
0.14985
0.27164
0.98326
0.82638
0.96363
0.87096
0.53482
0.63624
0.57635
0.41533
0.19707
0.70214
0.94077
0.89161
0.69398
0.55849
0.77891
0.55697
0.76351
0.97111
0.54519
0.27381
0.18422
0.99379
0.50687
0.93635
0.11480
0.93785
0.10345
0.33922
0.25698
0.66509
0.32697
0.60616
0.80516
0.92246
0.91474
0.97841
0.50582
0.72478
0.11674
0.71688
0.82100
0.39994
0.59558
0.90605
0.37557
0.92427
0.59275
0.32707
0.33876
0.34893
0.98336
0.19751
0.13613
0.92582
0.34727
0.49410
0.25846
0.14770
0.85742
0.72343
0.16895
0.35694
0.26665
0.85195
0.21742
0.07334
0.78058
0.33277
0.51331
0.43432
0.89807
0.70089
0.83306
0.67268
0.42674
0.62688
0.96404
0.48001
0.52468
0.56862
0.48798
0.75926
0.32681
0.90615
0.51603
0.40363
0.02047
0.28052
0.36538
0.47064
0.68269
0.67806
0.86365
0.93853
0.30951
0.01338
0.95934
0.18785
0.17609
0.72939
0.56584
0.64954
0.85369
0.00284
0.68749
0.98388
0.62217
0.49955
0.93659
0.33485
0.89320
0.12835
0.48546
0.43833
0.91377
0.98322
0.56272
0.71093
0.84204
0.88127
0.19516
0.13892
0.76756
0.18322
0.71983
0.09857
0.16607
0.09356
0.13377
0.43824
0.79057
0.41042
0.93084
0.35825
0.45103
0.06449
0.40817
0.92877
0.09936
0.51661
0.68496
0.38157
0.71539
0.15197
0.10013
0.87661
0.99386
0.50474
0.06499
0.48716
0.94025
0.10028
0.01234
0.45121
0.62695
0.73846
0.27093
0.78192
0.02437
0.24178
0.70471
0.73640
0.61989
0.50915
0.64032
0.19082
0.89437
0.40873
0.94554
0.23010
0.68752
0.20430
0.32551
0.80395
0.84427
0.78817
0.58958
0.02113
0.50549
0.17552
0.81771
0.03395
0.52698
0.73199
0.38487
0.53742
0.73463
0.19053
0.46459
0.81995
0.28510
0.00528
0.14929
0.48399
0.07456
0.41392
0.24529
0.53801
0.97310
0.62178
0.05326
0.66266
0.67341
0.67356
0.29825
0.49075
0.44136
0.78854
0.72444
0.71082
0.73845
0.65183
0.48460
0.17649
0.02257
0.74744
0.49932
0.53201
0.42981
0.10013
0.93804
0.20234
0.56595
0.84607
0.02183
0.77252
0.84024
0.33855
0.61457
0.27861
0.00726
0.00338
0.26330
0.01078
0.18593
0.18971
0.76955
0.86128
0.84973
0.06340
0.64609
0.53160
0.35192
0.69572
0.76190
0.61196
0.08221
0.17638
0.85609
0.13374
0.67819
0.64282
0.92378
0.31839
0.50850
0.54299
0.79729
0.99818
0.33927
0.71094
0.95324
0.87754
0.88969
0.90175
0.78001
0.95384
0.53465
0.59911
0.49395
0.72602
0.45361
0.72952
0.47278
0.89050
0.77927
0.81108
0.55756
0.61068
0.54270
0.03801
0.55311
0.57259
0.20484
0.02272
0.13597
0.02883
0.14433
0.19952
0.54472
0.58929
0.18423
0.98165
0.44613
0.44591
0.21613
0.89531
0.79873
0.57939
0.49908
0.04439
0.69847
0.57456
0.82284
0.17346
0.24951
0.74244
0.16048
0.32189
0.30193
0.42541
0.51308
0.07933
0.72896
0.53084
0.98858
0.78379
0.64420
0.69463
0.95256
0.21477
0.19610
0.28337
0.62048
0.88565
0.24190
0.75869
0.02492
0.06324
0.64918
0.02296
0.68202
0.95157
0.47393
0.58510
0.60233
0.60019
0.72921
0.37015
0.60476
0.57063
0.25566
0.72041
0.39335
0.16101
0.94013
0.54510
0.12744
0.41715
0.96943
0.47499
0.48692
0.36518
0.62950
0.66648
0.19856
0.78641
0.58624
0.66669
0.96002
0.63314
0.62182
0.73960
0.70490
0.83211
0.77074
0.48285
0.96383
0.36699
0.17150
0.69822
0.24528
0.95564
0.72378
0.58226
0.35277
0.16824
0.24717
0.93563
0.49796
0.31095
0.53681
0.85915
0.08263
0.87792
0.12016
0.71511
0.12057
0.85872
0.58072
0.62894
0.16396
0.30822
0.11982
0.23467
0.73032
0.48727
0.84130
0.85375
0.88839
0.80201
0.55426
0.65757
0.73775
0.11233
0.89285
0.74688
0.71050
0.76308
0.96283
0.40647
0.06875
0.87141
0.02243
0.80723
0.79370
0.64036
0.37229
0.13646
0.61043
0.61984
0.89259
0.19462
0.65331
0.50226
0.33355
0.87213
0.18439
0.88107
0.66403
0.48954
0.13179
0.67231
0.67599
0.21110
0.90681
0.18225
0.78810
0.07010
0.29380
0.92539
0.86998
0.12716
0.51213
0.42476
0.17708
0.86463
0.13276
0.20428
0.52806
0.86056
0.45632
0.09545
0.90850
0.49368
0.49233
0.18352
0.89482
0.98215
0.39769
0.07609
0.76393
0.30376
0.15099
0.44240
0.69788
0.74430
0.38328
0.14614
0.52059
0.40387
0.31795
0.17793
0.87132
0.31687
0.01415
0.87119
0.08796
0.70419
0.51672
0.00401
0.59003
0.32335
0.60580
0.80903
0.89205
0.07131
0.12435
0.18350
0.16780
0.67651
0.45771
0.10636
0.71049
0.54454
0.65260
0.17542
0.37680
0.45456
0.32195
0.47327
0.54023
0.70620
0.45079
0.92844
0.63218
0.42551
0.30580
0.32895
0.61709
0.85082
0.40261
0.12402
0.79362
0.11447
0.83255
0.38312
0.12767
0.32259
0.80966
0.91211
0.08459
0.20933
0.65727
0.03926
0.12786
0.62435
0.56910
0.45389
0.81359
0.78347
0.69767
0.25037
0.38033
0.24788
0.55172
0.23021
0.53191
0.53541
0.08675
0.78659
0.00776
0.48426
0.89778
0.66034
0.22796
0.25743
0.09915
0.70479
0.94602
0.03598
0.00630
0.76223
0.34089
0.66982
0.73454
0.33185
0.52135
0.55400
0.99618
0.22216
0.09273
0.24705
0.88433
0.20084
0.78145
0.04914
0.89972
0.37998
0.55212
0.29292
0.73145
0.32962
0.98608
0.02725
0.76157
0.12718
0.52425
0.48634
0.07017
0.81470
0.08570
0.29533
0.25753
0.07014
0.90050
0.96545
0.13387
0.41893
0.66521
0.26190
0.98917
0.46187
0.72720
0.86972
0.49528
0.82926
0.40997
0.93742
0.89770
0.03824
0.70239
0.26201
0.08175
0.13037
0.77149
0.27188
0.60238
0.95406
0.31598
0.59618
0.72944
0.77191
0.92105
0.78046
0.99323
0.18964
0.34094
0.50046
0.73711
0.18247
0.25387
0.57419
0.95672
0.73028
0.41956
0.33439
0.03649
0.28184
0.21716
0.03095
0.68772
0.88381
0.60989
0.79703
0.68145
0.55108
0.50433
0.53469
0.14370
0.51703
0.37798
0.43286
0.32543
0.29621
0.39479
0.88364
0.63204
0.08511
0.29628
0.37922
0.67336
0.20089
0.16044
0.36855
0.71008
0.03462
0.56776
0.46960
0.79499
0.65362
0.77572
0.37159
0.75457
0.53623
0.72836
0.81606
0.69101
0.93311
0.82273
0.70201
0.74248
0.26196
0.92234
0.97165
0.47382
0.56540
0.63194
0.93082
0.28083
0.06645
0.34611
0.95298
0.47382
0.26193
0.17601
0.71298
0.74130
0.08891
0.27534
0.38137
0.40766
0.83843
0.46910
0.06702
0.83630
0.88039
0.26358
0.45603
0.80078
0.61911
0.39471
0.85648
0.51595
0.80882
0.32677
0.34299
0.14055
0.36812
0.84546
0.01763
0.40251
0.22825
0.27721
0.14101
0.21380
0.74204
0.18554
0.07690
0.55416
0.18282
0.96695
0.74054
0.38581
0.55289
0.89808
0.68587
0.29314
0.60010
0.51552
0.41237
0.46508
0.80465
0.56332
0.33512
0.73577
0.00971
0.20960
0.00541
0.88638
0.41710
0.73677
0.39117
0.83470
0.59112
0.37802
0.67049
0.39566
0.78972
0.91799
0.68677
0.80813
0.50068
0.05814
0.53485
0.09794
0.76213
0.85828
0.25005
0.58338
0.18257
0.41414
0.68754
0.03908
0.40049
0.39052
0.11175
0.99379
0.64236
0.97915
0.71198
0.29954
0.65448
0.96415
0.97149
0.25111
0.83211
0.98686
0.27157
0.38503
0.38782
0.59504
0.83636
0.01773
0.21197
0.56471
0.68558
0.12848
0.79522
0.17251
0.00813
0.29058
0.26633
0.16218
0.06465
0.18381
0.40960
0.58009
0.95109
0.62045
0.40644
0.14541
0.17536
0.91511
0.93575
0.94911
0.52430
0.45911
0.62194
0.65817
0.22022
0.41930
0.59476
0.42962
0.83855
0.16061
0.53415
0.57744
0.22257
0.96248
0.34053
0.46674
0.29039
0.59598
0.76082
0.19076
0.10794
0.51674
0.23806
0.05505
0.94467
0.53512
0.89257
0.61032
0.33200
0.92029
0.87461
0.14479
0.48463
0.82579
0.92851
0.88001
0.23219
0.29243
0.36087
0.76175
0.93949
0.11311
0.43512
0.32014
0.77013
0.73917
0.90082
0.11577
0.29826
0.15469
0.83733
0.72589
0.52175
0.43877
0.63365
0.15118
0.90670
0.82730
0.35787
0.47317
0.47880
0.66144
0.24493
0.24080
0.60777
0.41572
0.80590
0.52753
0.29509
0.22958
0.31529
0.04699
0.04599
0.71736
0.18800
0.09971
0.20140
0.65870
0.35003
0.88022
0.74794
0.78849
0.02714
0.03757
0.00001
0.76006
0.86633
0.53056
0.18073
0.75063
0.91578
0.11893
0.73032
0.75842
0.56853
0.05352
0.46528
0.86688
0.73855
0.85612
0.46985
0.33909
0.79112
0.15223
0.29532
0.61006
0.25418
0.69602
0.39359
0.55130
0.55707
0.78783
0.39636
0.54213
0.70867
0.05707
0.37330
0.96061
0.86862
0.01019
0.54767
0.59010
0.66809
0.62389
0.29426
0.70643
0.80402
0.18466
0.38372
0.62793
0.41781
0.39273
0.10698
0.77516
0.75902
0.41699
0.66354
0.90931
0.61779
0.76131
0.07823
0.20035
0.89918
0.71355
0.02799
0.36529
0.28053
0.14965
0.78455
0.60267
0.03508
0.03310
0.32581
0.21832
0.05216
0.28695
0.71702
0.69167
0.88679
0.50318
0.30637
0.58646
0.77675
0.81892
0.46328
0.74941
0.13271
0.25211
0.35450
0.35616
0.96792
0.08590
0.12346
0.51572
0.40414
0.60150
0.43187
0.28751
0.56700
0.62688
0.54278
0.43057
0.53585
0.44711
0.01861
0.27707
0.77807
0.32316
0.62304
0.51764
0.50894
0.11027
0.12307
0.63425
0.66143
0.22288
0.03389
0.81942
0.62129
0.49019
0.60264
0.05232
0.57104
0.81609
0.12293
0.05655
0.28025
0.16501
0.55100
0.23023
0.99428
0.32933
0.18957
0.17843
0.24486
0.11844
0.49755
0.96923
0.04971
0.77650
0.95594
0.17253
0.12282
0.60237
0.26879
0.65317
0.14260
0.22548
0.77507
0.94981
0.24602
0.20601
0.63200
0.49696
0.65546
0.61732
0.40236
0.86953
0.23087
0.91609
0.98591
0.77701
0.43879
0.18549
0.56523
0.19132
0.02105
0.40399
0.01651
0.11242
0.13017
0.06844
0.19620
0.27562
0.08165
0.52176
0.55062
0.84566
0.49316
0.98350
0.34599
0.10263
0.46477
0.62800
0.82513
0.90754
0.07774
0.98764
0.39921
0.07560
0.89358
0.96925
0.33530
0.61158
0.66735
0.38746
0.81036
0.07807
0.14604
0.31289
0.43055
0.68445
0.99404
0.62468
0.66123
0.22421
0.17059
0.44862
0.80786
0.37127
0.32113
0.99399
0.53436
0.78011
0.95235
0.26877
0.79705
0.14731
0.50180
0.19902
0.11853
0.13789
0.76234
0.05985
0.01364
0.41617
0.39911
0.93088
0.44529
0.38172
0.31209
0.26238
0.13089
0.76877
0.62700
0.86012
0.80640
0.88948
0.18436
0.03922
0.74326
0.77872
0.32261
0.77603
0.26560
0.27656
0.21072
0.91560
0.33579
0.77921
0.24514
0.93339
0.30531
0.36616
0.81477
0.38008
0.71134
0.01354
0.70100
0.77882
0.96490
0.50940
0.43790
0.08029
0.17609
0.09496
0.58395
0.94356
0.64261
0.85604
0.15455
0.05714
0.22316
0.63034
0.85402
0.84254
0.83895
0.95175
0.27069
0.70951
0.26723
0.98704
0.84380
0.72607
0.56323
0.88732
0.91962
0.26969
0.98474
0.36924
0.49740
0.45310
0.41062
0.73849
0.05076
0.01476
0.43211
0.58919
0.05405
0.97139
0.79126
0.07952
0.70467
0.22488
0.31038
0.46808
0.51345
0.02241
0.04306
0.22904
0.23595
0.35371
0.56469
0.92273
0.79733
0.87718
0.10011
0.26765
0.79510
0.89765
0.28169
0.99854
0.72865
0.65751
0.31623
0.55874
0.76245
0.85286
0.23847
0.02015
0.55611
0.16678
0.41217
0.01338
0.09990
0.70349
0.57368
0.82639
0.23009
0.96770
0.33577
0.67398
0.50380
0.41622
0.99267
0.99067
0.84802
0.70056
0.95525
0.85777
0.22034
0.88786
0.21996
0.09100
0.04576
0.58390
0.03726
0.57972
0.68769
0.29566
0.18343
0.75705
0.67152
0.77855
0.39015
0.47650
0.01980
0.82457
0.27447
0.08434
0.94503
0.29681
0.16150
0.76191
0.74560
0.58058
0.10073
0.36030
0.28850
0.58336
0.89087
0.87053
0.27256
0.33240
0.41651
0.65909
0.74227
0.94701
0.70206
0.90865
0.60375
0.08832
0.58841
0.08463
0.80941
0.19060
0.82405
0.64608
0.90532
0.83393
0.84960
0.28309
0.52598
0.11517
0.38016
0.18304
0.39191
0.31623
0.48182
0.59390
0.53393
0.75653
0.76799
0.55066
0.00037
0.82293
0.46809
0.99305
0.80763
0.61422
0.12130
0.30458
0.24352
0.11773
0.36268
0.28708
0.33439
0.49958
0.22577
0.10932
0.61452
0.26212
0.42928
0.06995
0.50814
0.37770
0.89738
0.43625
0.91411
0.86426
0.93235
0.37102
0.86218
0.68333
0.96505
0.17933
0.82109
0.17418
0.93615
0.74219
0.07295
0.22207
0.33063
0.34489
0.62038
0.83004
0.75577
0.95043
0.63608
0.36332
0.27772
0.74307
0.57701
0.05133
0.54205
0.67719
0.76900
0.02395
0.86552
0.59351
0.55399
0.09120
0.40972
0.58527
0.96642
0.27377
0.47103
0.37039
0.11343
0.73513
0.42671
0.12629
0.68840
0.23815
0.45951
0.23947
0.57015
0.39786
0.37283
0.63307
0.69699
0.85630
0.49436
0.24679
0.11072
0.41386
0.19176
0.72066
0.08855
0.94541
0.69124
0.93112
0.27451
0.93918
0.46121
0.21561
0.05872
0.91674
0.28867
0.32152
0.19510
0.77149
0.66397
0.30392
0.50231
0.41741
0.79419
0.78340
0.29309
0.64081
0.79639
0.46821
0.63790
0.29999
0.55853
0.18998
0.10280
0.16468
0.79068
0.88675
0.00771
0.21543
0.91725
0.91484
0.66966
0.48958
0.91376
0.04424
0.88532
0.31207
0.94854
0.05874
0.86345
0.87781
0.92922
0.18881
0.39306
0.38559
0.34449
0.24272
0.78131
0.29451
0.73763
0.54588
0.09036
0.43112
0.04693
0.30953
0.56122
0.93831
0.13450
0.28560
0.41797
0.66952
0.37151
0.60488
0.77711
0.29812
0.10851
0.23512
0.09357
0.91773
0.31869
0.42567
0.26292
0.46707
0.78410
0.12495
0.57699
0.20319
0.49350
0.24497
0.71032
0.76429
0.07881
0.98585
0.33517
0.64508
0.66281
0.06895
0.61222
0.69491
0.46043
0.45346
0.57668
0.05944
0.45954
0.78716
0.54996
0.58774
0.25793
0.07054
0.99328
0.01048
0.30533
0.48246
0.59599
0.83741
0.61382
0.78549
0.25469
0.70162
0.79946
0.68026
0.26515
0.70839
0.64645
0.95510
0.62771
0.35902
0.44519
0.55695
0.37469
0.18545
0.50246
0.55695
0.01944
0.58950
0.10531
0.85147
0.20273
0.17758
0.44245
0.20809
0.50973
0.36388
0.83385
0.25856
0.74400
0.21252
0.16387
0.93351
0.13247
0.32678
0.13155
0.58088
0.05782
0.20352
0.81759
0.99304
0.15707
0.40933
0.93388
0.07715
0.94953
0.79426
0.51564
0.84165
0.47378
0.19672
0.30186
0.66857
0.06673
0.65120
0.16313
0.88443
0.81213
0.23393
0.71231
0.81546
0.56510
0.09178
0.85230
0.42458
0.03823
0.83203
0.55344
0.93302
0.30387
0.28189
0.17847
0.97050
0.03770
0.49477
0.88650
0.45467
0.64505
0.89731
0.30362
0.15372
0.40910
0.90462
0.93205
0.96897
0.38483
0.57960
0.25262
0.29528
0.42006
0.30022
0.27747
0.17014
0.44286
0.29625
0.90672
0.32167
0.17608
0.82949
0.50364
0.93811
0.49789
0.81935
0.09012
0.89902
0.83383
0.93899
0.51685
0.78863
0.85345
0.39604
0.28292
0.49070
0.50466
0.18924
0.64688
0.83609
0.15676
0.09721
0.35786
0.89818
0.53757
0.87469
0.90467
0.41568
0.54252
0.51210
0.64354
0.80895
0.00924
0.68952
0.17744
0.83524
0.67093
0.66399
0.52770
0.77663
0.78561
0.58379
0.07900
0.54199
0.35430
0.31839
0.24270
0.07754
0.78114
0.89412
0.68479
0.31458
0.54779
0.55929
0.34635
0.65283
0.92666
0.49316
0.75097
0.82475
0.23878
0.86332
0.17314
0.29327
0.36370
0.98690
0.92168
0.72168
0.75834
0.68430
0.04437
0.77987
0.05624
0.55811
0.82233
0.11731
0.25229
0.47304
0.34187
0.12797
0.73232
0.70960
0.15613
0.45282
0.78834
0.65209
0.79093
0.85675
0.88005
0.61661
0.05988
0.72911
0.86212
0.02474
0.21781
0.62674
0.52492
0.23904
0.13545
0.44255
0.19130
0.34416
0.41951
0.49242
0.47272
0.17843
0.73748
0.55234
0.92344
0.42589
0.37248
0.37881
0.18574
0.07369
0.24483
0.83395
0.21504
0.80179
0.65284
0.92858
0.74268
0.67696
0.39531
0.64700
0.16414
0.74270
0.85521
0.65895
0.20781
0.20747
0.24262
0.12002
0.42529
0.23015
0.93043
0.66384
0.29285
0.68073
0.14285
0.88945
0.88997
0.25682
0.62884
0.48908
0.08917
0.44819
0.88702
0.51448
0.57281
0.13315
0.48291
0.72181
0.14997
0.75509
0.93666
0.88199
0.82457
0.84645
0.09768
0.45905
0.26573
0.33270
0.14229
0.95973
0.62921
0.92370
0.16225
0.23661
0.10395
0.79036
0.78041
0.06663
0.45083
0.06537
0.40871
0.98337
0.88689
0.68223
0.37677
0.91054
0.07563
0.13237
0.41274
0.88957
0.59411
0.58846
0.89070
0.83070
0.72268
0.26858
0.50911
0.86808
0.18185
0.42274
0.83426
0.23704
0.95134
0.68826
0.52026
0.86885
0.58471
0.08743
0.85716
0.08546
0.89925
0.50107
0.02166
0.48836
0.66783
0.93511
0.86814
0.68237
0.98745
0.56680
0.17838
0.94636
0.09591
0.89705
0.17813
0.73143
0.56521
0.39868
0.43189
0.47417
0.70910
0.35051
0.32142
0.83933
0.12730
0.29775
0.76499
0.32336
0.34010
0.80830
0.17171
0.67741
0.16805
0.25537
0.31891
0.96726
0.69166
0.51122
0.20477
0.42874
0.53665
0.41449
0.30214
0.28124
0.80058
0.06773
0.39063
0.01676
0.72304
0.40177
0.22413
0.06304
0.88245
0.05622
0.80322
0.60032
0.38031
0.43696
0.08310
0.43185
0.90625
0.83211
0.35710
0.83332
0.40748
0.15851
0.80299
0.01621
0.87443
0.45543
0.47132
0.00994
0.47359
0.72451
0.90190
0.43843
0.13665
0.08520
0.92870
0.28493
0.78348
0.74031
0.80249
0.93554
0.57417
0.13410
0.80595
0.90924
0.83494
0.01861
0.82086
0.56595
0.87083
0.02725
0.76536
0.11341
0.19478
0.08876
0.61026
0.13002
0.21871
0.97436
0.00634
0.56414
0.09850
0.81213
0.29975
0.14991
0.76074
0.60149
0.91379
0.52430
0.84841
0.88782
0.36344
0.44645
0.99611
0.05332
0.29033
0.35450
0.39084
0.76950
0.10721
0.10998
0.30657
0.87543
0.36043
0.58681
0.73550
0.10868
0.84345
0.75330
0.29698
0.10252
0.43890
0.14706
0.25771
0.22430
0.75469
0.58263
0.77561
0.86983
0.27452
0.00586
0.71380
0.72097
0.01683
0.62577
0.75933
0.90193
0.31118
0.48819
0.96809
0.77617
0.11999
0.35419
0.44452
0.25660
0.43518
0.14118
0.36225
0.10094
0.48903
0.11493
0.52501
0.62678
0.82197
0.38552
0.00377
0.32705
0.56611
0.79905
0.04610
0.67702
0.47062
0.85106
0.40348
0.32553
0.72717
0.02531
0.00591
0.16606
0.07288
0.73291
0.34552
0.04592
0.48491
0.55946
0.09471
0.13481
0.87992
0.83604
0.43139
0.49857
0.18657
0.78860
0.59794
0.49161
0.68326
0.24847
0.05802
0.17354
0.54461
0.15254
0.16591
0.09098
0.48809
0.12282
0.81632
0.76950
0.61155
0.52876
0.04318
0.97437
0.05526
0.40462
0.56874
0.26721
0.48765
0.65712
0.66695
0.41817
0.94611
0.72463
0.35154
0.41334
0.23319
0.99076
0.36142
0.22296
0.35859
0.27510
0.37815
0.05512
0.84217
0.87249
0.22043
0.92109
0.17299
0.82273
0.47726
0.66113
0.74661
0.67255
0.62274
0.83246
0.49850
0.44816
0.79362
0.12868
0.40608
0.89423
0.69886
0.68483
0.95758
0.50956
0.09993
0.80820
0.67281
0.96731
0.08106
0.69301
0.55015
0.54159
0.74629
0.69626
0.82993
0.84117
0.57105
0.50356
0.03829
0.64601
0.07194
0.46314
0.64901
0.04997
0.69738
0.73442
0.18596
0.13676
0.59573
0.23697
0.99639
0.02391
0.08379
0.20229
0.84664
0.03142
0.50965
0.12083
0.87542
0.54779
0.74184
0.43266
0.79997
0.11786
0.49319
0.20798
0.50669
0.80221
0.22765
0.49129
0.57078
0.61983
0.41081
0.10019
0.76294
0.44941
0.77129
0.09878
0.29380
0.66270
0.55245
0.43803
0.99620
0.40536
0.96260
0.62671
0.05099
0.85318
0.70338
0.18106
0.68431
0.65694
0.35088
0.14361
0.24024
0.85422
0.95626
0.59510
0.75627
0.14284
0.63376
0.15623
0.23516
0.78821
0.98410
0.59305
0.12262
0.89114
0.05656
0.94167
0.74168
0.92021
0.78838
0.26053
0.61952
0.17771
0.57552
0.75703
0.94181
0.95730
0.33016
0.97997
0.08502
0.58399
0.15582
0.37781
0.24229
0.04256
0.81442
0.90123
0.94665
0.20814
0.98419
0.00854
0.50409
0.23218
0.94268
0.11946
0.44575
0.39956
0.04902
0.66921
0.27208
0.05250
0.17407
0.71409
0.67008
0.14680
0.76615
0.70842
0.45842
0.16588
0.21471
0.50759
0.92886
0.38485
0.16061
0.88588
0.10533
0.35133
0.12827
0.65475
0.33803
0.05492
0.10774
0.34119
0.10776
0.25362
0.20394
0.82725
0.87182
0.32511
0.82096
0.53946
0.41793
0.99378
0.12576
0.74755
0.93683
0.53770
0.06017
0.90839
0.98352
0.27630
0.18292
0.41763
0.31801
0.07430
0.78370
0.29940
0.69893
0.99172
0.75218
0.55478
0.81472
0.03855
0.05848
0.75525
0.43455
0.89321
0.44019
0.94691
0.04493
0.17444
0.60001
0.80467
0.57505
0.97642
0.89031
0.84016
0.12008
0.24629
0.70460
0.12780
0.20946
0.44445
0.35609
0.76479
0.48391
0.52268
0.44119
0.71273
0.83085
0.38096
0.01414
0.51709
0.91100
0.87244
0.01142
0.12027
0.68351
0.73012
0.58096
0.06411
0.57692
0.84169
0.48789
0.21047
0.16655
0.10560
0.07009
0.88050
0.65596
0.91499
0.17408
0.20067
0.28312
0.01748
0.06565
0.13266
0.88910
0.89307
0.94791
0.45014
0.29561
0.54196
0.01208
0.47735
0.28135
0.60080
0.55277
0.29704
0.20497
0.71217
0.56728
0.89147
0.03391
0.25138
0.31510
0.32373
0.09566
0.49406
0.91290
0.20717
0.04532
0.00295
0.08194
0.38884
0.65502
0.27568
0.38728
0.78684
0.11459
0.77875
0.71540
0.42215
0.57665
0.36907
0.55521
0.55908
0.63283
0.47701
0.52695
0.23755
0.72656
0.51955
0.56142
0.71942
0.16688
0.98724
0.92991
0.27748
0.66049
0.19445
0.26308
0.86232
0.83839
0.03205
0.71564
0.00490
0.85809
0.94177
0.21615
0.12116
0.10682
0.28033
0.15638
0.73657
0.33185
0.86200
0.06380
0.70333
0.93864
0.34346
0.37171
0.98289
0.09291
0.10784
0.26556
0.97706
0.00851
0.98997
0.00751
0.51237
0.90859
0.79488
0.43636
0.11965
0.61967
0.79856
0.10320
0.73693
0.03617
0.88700
0.75461
0.74479
0.77404
0.07670
0.78173
0.81165
0.52727
0.80185
0.01867
0.94638
0.32153
0.95213
0.59878
0.62319
0.15439
0.21286
0.41104
0.12169
0.03645
0.52930
0.29060
0.14282
0.57651
0.75906
0.85059
0.41998
0.42105
0.08977
0.49115
0.36260
0.31078
0.08818
0.90570
0.91660
0.96788
0.30708
0.94837
0.07752
0.53433
0.03766
0.67887
0.95822
0.81941
0.48071
0.47577
0.14176
0.86546
0.16231
0.44119
0.61711
0.85815
0.15946
0.62927
0.28273
0.55460
0.08091
0.45286
0.30573
0.19309
0.15614
0.53117
0.30864
0.00705
0.79498
0.04383
0.11758
0.41676
0.94570
0.08911
0.80353
0.62665
0.97593
0.70300
0.11858
0.81620
0.11514
0.74810
0.47296
0.62421
0.76495
0.28282
0.10573
0.16619
0.57675
0.66785
0.45771
0.61013
0.72832
0.18414
0.60841
0.87353
0.61946
0.43370
0.83927
0.93798
0.53434
0.32688
0.22295
0.96161
0.75641
0.01042
0.65679
0.16738
0.26858
0.27206
0.50228
0.36241
0.72000
0.31721
0.99446
0.60440
0.32888
0.64035
0.92321
0.92000
0.81067
0.14007
0.70331
0.79411
0.54341
0.53341
0.33219
0.40662
0.32289
0.49561
0.22713
0.64266
0.95121
0.82326
0.71602
0.21902
0.11022
0.45919
0.15835
0.27876
0.71311
0.60859
0.56979
0.08764
0.30966
0.29432
0.37262
0.21219
0.51874
0.22230
0.10707
0.28038
0.04715
0.36260
0.56819
0.52525
0.38243
0.58524
0.82521
0.89089
0.51712
0.60234
0.70994
0.20657
0.99731
0.15823
0.08566
0.31248
0.79611
0.49860
0.86522
0.62876
0.59639
0.92215
0.23115
0.51380
0.55969
0.86687
0.55514
0.95367
0.03616
0.94486
0.76287
0.69016
0.95869
0.14089
0.65180
0.69130
0.42160
0.09573
0.34791
0.96241
0.35517
0.76196
0.14652
0.14957
0.13842
0.73937
0.57255
0.56354
0.77091
0.90757
0.55068
0.49808
0.99460
0.71360
0.55635
0.54798
0.70363
0.99939
0.85159
0.05035
0.36680
0.58692
0.25337
0.88305
0.63314
0.37992
0.37506
0.13537
0.15651
0.54491
0.89704
0.99400
0.71829
0.36939
0.75109
0.83974
0.69392
0.14144
0.16147
0.79501
0.86079
0.97408
0.21104
0.51300
0.97753
0.33864
0.43399
0.28617
0.81050
0.27173
0.24810
0.93270
0.16049
0.14217
0.18613
0.55137
0.82296
0.94017
0.83091
0.24077
0.00321
0.97183
0.93215
0.87336
0.87613
0.85608
0.51138
0.38844
0.91483
0.14071
0.05386
0.07805
0.55734
0.99551
0.72882
0.68409
0.15338
0.51943
0.33157
0.19163
0.54971
0.10908
0.02182
0.48858
0.99478
0.47669
0.20509
0.65959
0.93891
0.08251
0.25142
0.41385
0.08365
0.62640
0.69455
0.14188
0.15126
0.23232
0.77631
0.14144
0.50831
0.07184
0.58328
0.46448
0.02736
0.31049
0.78875
0.38544
0.87070
0.03819
0.76783
0.24921
0.97151
0.97173
0.30123
0.11015
0.34437
0.02795
0.14811
0.02055
0.53324
0.80277
0.57353
0.97264
0.91821
0.80918
0.97000
0.06299
0.34769
0.44658
0.78356
0.89641
0.57505
0.64755
0.91095
0.72219
0.04990
0.74340
0.21134
0.16071
0.06905
0.16241
0.57601
0.54296
0.99606
0.38689
0.07012
0.50448
0.81670
0.00889
0.76986
0.40455
0.87168
0.03144
0.53673
0.26883
0.88683
0.15980
0.69518
0.03212
0.78883
0.80090
0.25393
0.74795
0.78239
0.51211
0.60249
0.34772
0.98191
0.63481
0.22153
0.64927
0.26235
0.10679
0.77248
0.99564
0.68259
0.72244
0.53491
0.33201
0.02922
0.53048
0.62601
0.94272
0.13671
0.42468
0.38804
0.63145
0.44234
0.06169
0.34642
0.12082
0.56194
0.22517
0.05213
0.02856
0.87231
0.31014
0.80494
0.49544
0.76262
0.97135
0.92633
0.61265
0.27473
0.60383
0.46381
0.71297
0.56799
0.07807
0.62214
0.36374
0.91470
0.86540
0.12854
0.86679
0.73264
0.87165
0.66469
0.30019
0.72071
0.79914
0.01974
0.12568
0.11362
0.36798
0.87907
0.27646
0.14657
0.50205
0.46755
0.71427
0.30718
0.76661
0.05060
0.46224
0.19380
0.31572
0.43639
0.50566
0.04323
0.75848
0.64950
0.81282
0.63709
0.92992
0.95020
0.81664
0.35612
0.98026
0.85488
0.26022
0.89399
0.95391
0.46948
0.47346
0.50203
0.99167
0.14572
0.22990
0.00830
0.16878
0.63473
0.21686
0.83691
0.98905
0.59656
0.15889
0.35460
0.80340
0.92088
0.93695
0.52427
0.43285
0.90992
0.18647
0.40343
0.69841
0.65181
0.70610
0.34908
0.90172
0.44105
0.94915
0.62094
0.63325
0.07412
0.89392
0.95351
0.17198
0.27676
0.79658
0.55748
0.44078
0.89837
0.53761
0.75592
0.85957
0.22671
0.74351
0.21034
0.15348
0.74715
0.57022
0.73872
0.70165
0.39397
0.97339
0.35323
0.66418
0.03244
0.00381
0.69785
0.66667
0.83711
0.57578
0.16312
0.07657
0.94676
0.46192
0.63751
0.49938
0.40484
0.09993
0.43591
0.06777
0.46862
0.15532
0.63997
0.50459
0.70736
0.80067
0.15673
0.69051
0.66613
0.28836
0.51332
0.96632
0.40313
0.40307
0.05274
0.24418
0.73792
0.95023
0.08392
0.95587
0.42821
0.84930
0.04018
0.36213
0.45663
0.25419
0.22719
0.44991
0.84528
0.14266
0.89236
0.83432
0.24094
0.79110
0.80122
0.01567
0.30476
0.59408
0.43213
0.34336
0.52329
0.12185
0.18288
0.10689
0.75083
0.26515
0.79888
0.53019
0.21008
0.36185
0.94313
0.14847
0.45256
0.39836
0.87182
0.46483
0.17610
0.38619
0.46580
0.87434
0.71122
0.75798
0.17581
0.33280
0.99772
0.12480
0.76048
0.57961
0.63381
0.88850
0.76238
0.37206
0.75767
0.65103
0.23592
0.75167
0.02037
0.05046
0.42984
0.68584
0.35274
0.97618
0.95064
0.11841
0.86155
0.74524
0.41336
0.40383
0.50035
0.17501
0.71771
0.36521
0.74292
0.99831
0.11156
0.34446
0.67656
0.46838
0.74815
0.08946
0.21888
0.10409
0.42554
0.89255
0.38934
0.89446
0.35967
0.56409
0.75006
0.57646
0.26345
0.12948
0.41580
0.98745
0.43522
0.28561
0.89055
0.76009
0.96513
0.02502
0.67669
0.33940
0.54685
0.24837
0.04063
0.68119
0.87986
0.29081
0.89322
0.29876
0.46801
0.74589
0.19320
0.07262
0.07522
0.14109
0.33015
0.28483
0.18534
0.83958
0.36982
0.04390
0.25035
0.45748
0.06365
0.52670
0.53214
0.16489
0.03648
0.59354
0.62674
0.71428
0.11979
0.05895
0.98135
0.59128
0.58652
0.06076
0.97720
0.56760
0.44398
0.76586
0.10604
0.00485
0.66982
0.98882
0.53124
0.87913
0.59694
0.75740
0.76984
0.77495
0.31305
0.65378
0.54312
0.66538
0.58094
0.30099
0.37798
0.62116
0.51405
0.69902
0.91830
0.12335
0.79305
0.26291
0.04831
0.68953
0.63169
0.67095
0.73115
0.80959
0.83457
0.39024
0.06053
0.91352
0.56430
0.89354
0.88352
0.93215
0.48575
0.64936
0.72280
0.48946
0.15202
0.98616
0.14040
0.09910
0.48463
0.47225
0.81063
0.97583
0.88242
0.60817
0.34585
0.50738
0.75196
0.56045
0.12594
0.41831
0.62751
0.88764
0.91949
0.47863
0.53678
0.92654
0.34229
0.06267
0.64502
0.87880
0.72489
0.13557
0.07497
0.46596
0.07855
0.16253
0.06076
0.63272
0.41534
0.65863
0.20599
0.98438
0.98565
0.89422
0.42610
0.28557
0.97469
0.14702
0.11937
0.05667
0.06500
0.84054
0.40713
0.75966
0.27287
0.05628
0.31185
0.60222
0.08490
0.68185
0.16865
0.60807
0.19303
0.62818
0.22902
0.99062
0.27544
0.11707
0.65552
0.35521
0.25916
0.05382
0.56320
0.95389
0.76807
0.93401
0.17280
0.47366
0.43232
0.83610
0.08690
0.04951
0.52921
0.53507
0.67704
0.70631
0.49433
0.85113
0.11443
0.42130
0.00253
0.39504
0.26609
0.68658
0.37499
0.39179
0.55704
0.13483
0.97403
0.02588
0.27380
0.91643
0.32549
0.10115
0.18269
0.33203
0.40628
0.42091
0.10475
0.98870
0.50060
0.85717
0.29027
0.86182
0.79218
0.23986
0.85465
0.33341
0.02979
0.89403
0.84441
0.58937
0.77638
0.23836
0.29497
0.08759
0.87567
0.24603
0.75744
0.68889
0.87720
0.89116
0.86636
0.39723
0.82597
0.10304
0.80682
0.82122
0.73249
0.72709
0.67108
0.99164
0.25454
0.95674
0.20292
0.27328
0.18648
0.91945
0.69661
0.52867
0.73946
0.63443
0.78821
0.53619
0.75976
0.23220
0.26059
0.79619
0.30623
0.42768
0.02775
0.22034
0.42798
0.92758
0.20070
0.21887
0.77537
0.50920
0.74113
0.74528
0.50116
0.12927
0.15992
0.25038
0.21997
0.44010
0.38489
0.11738
0.63228
0.41367
0.80666
0.19427
0.49152
0.05099
0.09090
0.18144
0.36112
0.76676
0.04114
0.42694
0.73625
0.19177
0.86226
0.25999
0.94673
0.27800
0.96075
0.35600
0.30499
0.81693
0.98567
0.88654
0.38730
0.45254
0.27010
0.65760
0.05377
0.39637
0.60245
0.77438
0.88359
0.92544
0.07780
0.19938
0.62477
0.08895
0.00972
0.96803
0.37725
0.89328
0.96369
0.31385
0.73421
0.39313
0.93507
0.22931
0.88348
0.47596
0.42222
0.92162
0.86257
0.62361
0.19858
0.50565
0.91861
0.74515
0.84091
0.68663
0.05979
0.42918
0.60398
0.29827
0.62533
0.13929
0.50110
0.57990
0.17769
0.78443
0.27207
0.24193
0.97081
0.34352
0.53317
0.04105
0.80687
0.52575
0.41797
0.23418
0.19565
0.07887
0.21766
0.69519
0.66551
0.91810
0.99916
0.15478
0.52375
0.86570
0.51628
0.88240
0.41875
0.43387
0.83779
0.50201
0.37368
0.16077
0.87887
0.13833
0.94839
0.38698
0.57486
0.84241
0.68646
0.22416
0.25951
0.00059
0.43714
0.16702
0.16558
0.04380
0.84860
0.71928
0.06459
0.34747
0.38547
0.50231
0.51811
0.80130
0.62107
0.34720
0.87884
0.97166
0.17813
0.55823
0.53401
0.78870
0.23175
0.97374
0.60943
0.04725
0.66584
0.44075
0.13085
0.30506
0.01398
0.20713
0.40862
0.36579
0.95563
0.15844
0.10977
0.47455
0.02753
0.84273
0.17420
0.01549
0.63483
0.13100
0.63762
0.46423
0.35450
0.08488
0.76283
0.73124
0.68186
0.38697
0.77442
0.61461
0.22525
0.17717
0.62645
0.54225
0.78697
0.84047
0.05327
0.86455
0.68642
0.44425
0.48140
0.89060
0.54078
0.55659
0.48067
0.95857
0.75632
0.12077
0.07579
0.95405
0.68931
0.91492
0.84890
0.37695
0.92817
0.55436
0.12996
0.35800
0.22727
0.88056
0.08774
0.05414
0.92001
0.47263
0.64508
0.18562
0.74835
0.40189
0.50442
0.06931
0.98242
0.18345
0.47067
0.04499
0.33829
0.71852
0.45988
0.45810
0.65020
0.13859
0.31635
0.10062
0.43178
0.96460
0.87678
0.40933
0.56385
0.36587
0.69848
0.92045
0.08549
0.59130
0.11481
0.09687
0.62778
0.62062
0.82375
0.06007
0.50411
0.08866
0.86584
0.26697
0.04862
0.54622
0.13777
0.47332
0.12906
0.56664
0.44190
0.73352
0.93810
0.83098
0.76968
0.19092
0.93456
0.19012
0.86762
0.93520
0.48820
0.64446
0.71986
0.21226
0.26483
0.45837
0.65435
0.90937
0.92809
0.45838
0.42219
0.98934
0.32035
0.10608
0.61195
0.14277
0.01211
0.71193
0.60372
0.56824
0.07624
0.69360
0.18797
0.44609
0.78183
0.69955
0.45976
0.19514
0.58070
0.24825
0.87403
0.68750
0.71940
0.29453
0.94415
0.99585
0.48543
0.78888
0.99424
0.25990
0.73178
0.23220
0.11316
0.31834
0.38830
0.73440
0.11538
0.35850
0.45359
0.11089
0.07780
0.38360
0.39456
0.08379
0.37712
0.21242
0.34119
0.87342
0.12746
0.84907
0.82020
0.68164
0.41962
0.99069
0.84830
0.92431
0.54774
0.79316
0.52948
0.87989
0.51696
0.06208
0.52021
0.21939
0.51000
0.35052
0.00116
0.36918
0.43027
0.70099
0.05635
0.08313
0.23598
0.16718
0.14467
0.61262
0.97871
0.96113
0.78479
0.08402
0.17886
0.51966
0.29836
0.06028
0.74523
0.41026
0.55782
0.79741
0.32351
0.89985
0.60392
0.47340
0.45113
0.61911
0.97090
0.66092
0.83085
0.61570
0.71743
0.53884
0.37677
0.25871
0.14544
0.51141
0.06887
0.85639
0.11703
0.31487
0.11336
0.72730
0.30799
0.24608
0.79516
0.32837
0.84678
0.13989
0.48802
0.95256
0.94861
0.82180
0.71885
0.69280
0.99009
0.22294
0.28462
0.17961
0.32079
0.65351
0.33741
0.46823
0.59081
0.72804
0.23609
0.41003
0.98929
0.37408
0.42574
0.29797
0.17512
0.76465
0.98067
0.44233
0.56849
0.41232
0.05985
0.39084
0.84205
0.43081
0.48845
0.41368
0.04669
0.27276
0.24310
0.58595
0.12254
0.80795
0.75812
0.15988
0.35817
0.45239
0.30724
0.20056
0.49073
0.62895
0.50092
0.48603
0.42218
0.92623
0.30104
0.55545
0.51819
0.14414
0.86889
0.05336
0.88595
0.70083
0.51406
0.46553
0.09370
0.91475
0.88013
0.82959
0.23471
0.09273
0.30154
0.97696
0.94786
0.51658
0.87139
0.69563
0.27638
0.65769
0.64358
0.21051
0.56575
0.94028
0.73632
0.58986
0.37991
0.36762
0.94819
0.48766
0.57046
0.37956
0.67497
0.97382
0.04697
0.42047
0.80124
0.60454
0.60347
0.18248
0.44222
0.67280
0.90819
0.17487
0.84500
0.54210
0.30801
0.52924
0.69399
0.22047
0.76575
0.76923
0.82202
0.05519
0.39260
0.69666
0.87699
0.94611
0.37758
0.00447
0.52798
0.68685
0.44460
0.16359
0.39941
0.44486
0.84195
0.63889
0.21656
0.08379
0.48111
0.95436
0.38649
0.15250
0.22506
0.80404
0.79521
0.93948
0.51382
0.28467
0.63717
0.64247
0.70560
0.98915
0.13598
0.07618
0.89319
0.24264
0.58908
0.18599
0.43453
0.88879
0.30302
0.53591
0.20436
0.65866
0.99090
0.20899
0.23990
0.15073
0.09524
0.82240
0.99605
0.23912
0.47656
0.89111
0.20600
0.94705
0.03565
0.15468
0.18126
0.12908
0.84057
0.61878
0.03165
0.35513
0.95330
0.19585
0.91079
0.30814
0.41833
0.48635
0.63687
0.13712
0.75399
0.21882
0.76027
0.06618
0.11589
0.72491
0.37932
0.99863
0.13242
0.70729
0.20359
0.08083
0.18870
0.03831
0.02053
0.99466
0.80862
0.64702
0.50167
0.24269
0.38199
0.24774
0.55763
0.31297
0.08191
0.92309
0.98124
0.50769
0.91692
0.28733
0.92441
0.83422
0.34501
0.31528
0.31022
0.84381
0.18919
0.34685
0.70038
0.71647
0.07591
0.36923
0.31687
0.46418
0.00628
0.69371
0.62555
0.57907
0.62867
0.02713
0.65725
0.79602
0.71502
0.36202
0.66706
0.30927
0.24044
0.96189
0.44975
0.38769
0.55745
0.76055
0.12431
0.61867
0.18957
0.20271
0.13348
0.04956
0.19042
0.04467
0.19362
0.98538
0.46066
0.63411
0.51220
0.86074
0.04982
0.79210
0.50468
0.60317
0.41986
0.95927
0.05153
0.49976
0.39071
0.89009
0.82927
0.96694
0.64190
0.33164
0.66852
0.76096
0.18257
0.63840
0.95556
0.93660
0.03249
0.03837
0.24807
0.14568
0.94151
0.99239
0.95931
0.16261
0.79680
0.01679
0.41097
0.65527
0.45972
0.80166
0.12702
0.60663
0.46080
0.35958
0.26471
0.82257
0.21524
0.32710
0.40489
0.82694
0.36177
0.72192
0.65713
0.52519
0.56690
0.33270
0.55416
0.11990
0.45543
0.42559
0.82902
0.39789
0.14616
0.18675
0.98741
0.74485
0.39834
0.60921
0.89159
0.83222
0.66983
0.83786
0.20031
0.56207
0.37107
0.74780
0.73201
0.49123
0.64228
0.47513
0.58297
0.68381
0.85354
0.56616
0.70000
0.03682
0.75011
0.23513
0.97093
0.17215
0.55982
0.10372
0.91420
0.72209
0.55640
0.23102
0.47195
0.29918
0.24075
0.07059
0.49922
0.18970
0.51601
0.96753
0.22251
0.52035
0.21999
0.57599
0.21677
0.23154
0.31180
0.70905
0.02622
0.28861
0.29166
0.23168
0.08553
0.87852
0.88591
0.37700
0.68012
0.98205
0.31164
0.14640
0.93299
0.09449
0.24989
0.10783
0.10520
0.51607
0.65445
0.12142
0.08209
0.88282
0.31756
0.34703
0.46182
0.31316
0.97630
0.99493
0.66973
0.44606
0.91833
0.03672
0.74734
0.69313
0.96825
0.62981
0.44395
0.77139
0.83578
0.48264
0.36343
0.55942
0.98420
0.63621
0.31551
0.22158
0.71867
0.30762
0.50396
0.87994
0.26911
0.98900
0.16621
0.14945
0.10401
0.91404
0.89508
0.17981
0.79191
0.05349
0.55519
0.91828
0.86285
0.57864
0.52958
0.06600
0.59612
0.89477
0.64166
0.20791
0.05849
0.37458
0.32657
0.69528
0.55519
0.47099
0.28147
0.91482
0.87672
0.84810
0.66093
0.48587
0.42172
0.48017
0.11584
0.78593
0.79202
0.09843
0.60483
0.26137
0.08878
0.25002
0.55644
0.42671
0.55847
0.92854
0.95131
0.82543
0.83181
0.55504
0.82129
0.48084
0.60593
0.09611
0.73799
0.39257
0.14331
0.26137
0.69217
0.27451
0.18766
0.52713
0.87453
0.71226
0.92162
0.68023
0.60702
0.75891
0.82794
0.82316
0.56652
0.72259
