0.03849
0.65669
0.16905
0.76881
0.33511
0.06287
0.07583
0.96964
0.56238
0.31283
0.92642
0.13952
0.45585
0.12745
0.56861
0.32464
0.09965
0.40791
0.33658
0.41228
0.88950
0.24099
0.69220
0.81443
0.44310
0.96415
0.69322
0.76292
0.90222
0.25849
0.78088
0.87871
0.35148
0.09501
0.89031
0.64716
0.08943
0.65486
0.23669
0.02700
0.38282
0.58071
0.39476
0.55347
0.94531
0.55914
0.51123
0.45777
0.37886
0.59480
0.18852
0.44693
0.53308
0.59421
0.29469
0.57627
0.64255
0.63352
0.09663
0.71974
0.74048
0.39064
0.89083
0.49698
0.30453
0.73541
0.04550
0.98585
0.76305
0.29982
0.97759
0.72416
0.94956
0.18235
0.79541
0.02742
0.51390
0.60228
0.71555
0.77306
0.04614
0.43618
0.57907
0.02930
0.84361
0.08102
0.08478
0.36179
0.84576
0.89466
0.53201
0.31136
0.42703
0.83440
0.96611
0.09554
0.08085
0.71930
0.87308
0.32752
0.42424
0.36873
0.87171
0.93663
0.08350
0.19459
0.44521
0.58662
0.86515
0.90663
0.48080
0.92326
0.10841
0.14419
0.28896
0.88401
0.77286
0.21760
0.01211
0.89991
0.30901
0.60581
0.85413
0.53977
0.99737
0.54152
0.76880
0.00540
0.22982
0.24581
0.85200
0.39143
0.44363
0.80740
0.26329
0.81712
0.86729
0.82727
0.70169
0.34858
0.60976
0.32456
0.22624
0.34199
0.80072
0.11891
0.10172
0.73231
0.75802
0.24840
0.59274
0.49463
0.58790
0.02247
0.36147
0.62738
0.81559
0.98074
0.25021
0.74696
0.07725
0.53275
0.91375
0.89254
0.94901
0.96978
0.93988
0.83881
0.69774
0.32747
0.24035
0.01111
0.17882
0.50946
0.48550
0.24231
0.98117
0.46233
0.59424
0.57272
0.13425
0.66128
0.54205
0.75320
0.23553
0.46728
0.76080
0.08107
0.10833
0.39211
0.41124
0.13964
0.02503
0.62708
0.23359
0.04601
0.63819
0.57163
0.40176
0.74684
0.74573
0.33753
0.06527
0.87865
0.19635
0.77434
0.98724
0.75302
0.88569
0.92770
0.98147
0.41882
0.51364
0.27761
0.18412
0.47071
0.95230
0.43139
0.96454
0.96959
0.15357
0.66594
0.04718
0.27203
0.35328
0.57977
0.30829
0.70260
0.56922
0.85813
0.40193
0.94931
0.79753
0.67272
0.70302
0.42595
0.80933
0.46447
0.28801
0.88768
0.28600
0.86089
0.27564
0.72703
0.61843
0.95714
0.36683
0.86785
0.46408
0.86907
0.22492
0.14496
0.35787
0.37715
0.64994
0.47661
0.44179
0.09573
0.41640
0.24815
0.68221
0.19213
0.68507
0.14192
0.75014
0.29645
0.67095
0.60078
0.41407
0.97043
0.39072
0.59362
0.52659
0.54515
0.60112
0.12104
0.94500
0.08475
0.82260
0.19662
0.38647
0.13276
0.45205
0.70246
0.75031
0.09013
0.42505
0.21916
0.38205
0.80622
0.76405
0.11769
0.96105
0.13742
0.87004
0.22225
0.87928
0.11076
0.79723
0.20419
0.93910
0.00234
0.83393
0.14712
0.66774
0.93415
0.01205
0.37254
0.42543
0.92395
0.16300
0.58460
0.61215
0.12602
0.64708
0.47591
0.05827
0.19263
0.06672
0.71736
0.04733
0.09434
0.82869
0.03067
0.28593
0.62089
0.86214
0.51155
0.60051
0.45765
0.42388
0.39248
0.17207
0.85118
0.14891
0.05888
0.99339
0.80078
0.08492
0.30593
0.99869
0.90397
0.33520
0.24385
0.68453
0.85819
0.69305
0.94564
0.30157
0.16882
0.04261
0.06897
0.21707
0.91830
0.46342
0.25669
0.65989
0.59269
0.74296
0.22132
0.43909
0.18112
0.81519
0.33678
0.51741
0.59386
0.95968
0.78676
0.01949
0.73812
0.99654
0.39241
0.86611
0.73270
0.00167
0.66464
0.40602
0.51960
0.29724
0.04580
0.17479
0.02272
0.74661
0.65429
0.26846
0.08933
0.68951
0.04367
0.45261
0.89269
0.76581
0.31309
0.46018
0.16620
0.59780
0.09212
0.29109
0.70747
0.50521
0.36469
0.86536
0.44708
0.09204
0.65867
0.17714
0.66515
0.19652
0.63931
0.25670
0.68748
0.78141
0.11613
0.30835
0.71935
0.67926
0.72299
0.36661
0.56642
0.50603
0.71988
0.81766
0.84455
0.78846
0.34619
0.44567
0.81399
0.50532
0.96648
0.41193
0.97930
0.93451
0.00863
0.89982
0.51856
0.88739
0.30641
0.25657
0.26961
0.98771
0.05631
0.95520
0.99643
0.68213
0.03742
0.64284
0.72550
0.42949
0.25401
0.84869
0.50315
0.38081
0.69867
0.32451
0.41693
0.86714
0.78800
0.70356
0.34819
0.02212
0.91391
0.51130
0.62237
0.13702
0.96250
0.95734
0.73849
0.87234
0.67188
0.23377
0.26897
0.38559
0.80512
0.45370
0.00002
0.44872
0.22340
0.40870
0.92628
0.13478
0.01319
0.65590
0.53225
0.64425
0.27386
0.51232
0.15623
0.80874
0.41385
0.82535
0.30176
0.40009
0.86077
0.61801
0.51715
0.78235
0.54383
0.12771
0.52582
0.54394
0.39850
0.14330
0.37268
0.24898
0.25506
0.81550
0.06282
0.58070
0.40508
0.95970
0.41893
0.05060
0.23507
0.25014
0.94667
0.12947
0.84929
0.92730
0.34165
0.69965
0.83435
0.75247
0.84744
0.38630
0.02620
0.19391
0.92192
0.75405
0.66186
0.88153
0.45024
0.94366
0.85940
0.34429
0.13250
0.42008
0.47488
0.86743
0.12588
0.67457
0.36517
0.20311
0.46848
0.77164
0.62805
0.11321
0.81110
0.32308
0.55042
0.83197
0.92752
0.15384
0.23902
0.08105
0.62013
0.62348
0.81801
0.80717
0.86162
0.41678
0.30725
0.71138
0.84976
0.49180
0.55195
0.36371
0.03075
0.83904
0.23976
0.16407
0.03820
0.00846
0.34758
0.92966
0.19876
0.06658
0.69359
0.80132
0.17498
0.39539
0.95131
0.80110
0.98586
0.63440
0.37103
0.29630
0.96684
0.75273
0.71360
0.32873
0.51061
0.31667
0.42740
0.93174
0.75845
0.27491
0.49955
0.67874
0.90124
0.86818
0.97438
0.80756
0.07385
0.67081
0.05333
0.49440
0.54947
0.50026
0.74828
0.37464
0.28256
0.85612
0.16398
0.50371
0.09551
0.26726
0.66873
0.29258
0.39812
0.81233
0.11899
0.20164
0.16419
0.27937
0.05181
0.75315
0.01826
0.93301
0.77078
0.16380
0.92225
0.77564
0.10725
0.16164
0.88067
0.49283
0.68634
0.68980
0.83788
0.90700
0.03089
0.20429
0.03486
0.13453
0.84120
0.67012
0.64336
0.63374
0.32086
0.33866
0.26207
0.99594
0.35488
0.00737
0.57159
0.90310
0.73622
0.89362
0.22901
0.83692
0.66915
0.59914
0.10517
0.16842
0.62776
0.67418
0.97285
0.32892
0.86789
0.43063
0.98934
0.02569
0.00696
0.96971
0.15088
0.06123
0.91897
0.36181
0.95984
0.03129
0.55794
0.16374
0.11075
0.96769
0.15535
0.47697
0.57858
0.27809
0.08517
0.02877
0.99670
0.63212
0.55341
0.83444
0.98543
0.27007
0.44855
0.25885
0.93068
0.51732
0.34421
0.39134
0.59801
0.69149
0.47968
0.59453
0.15292
0.04092
0.90243
0.44474
0.70235
0.47630
0.19201
0.95662
0.82362
0.77352
0.79168
0.99889
0.27045
0.30808
0.69695
0.10473
0.12036
0.20265
0.38677
0.40466
0.79773
0.05002
0.02655
0.93060
0.33726
0.79727
0.72341
0.69685
0.64787
0.81466
0.44018
0.61252
0.43726
0.62296
0.51724
0.35636
0.54273
0.88984
0.06486
0.24287
0.48461
0.37693
0.58967
0.49943
0.76191
0.30002
0.59572
0.53497
0.74258
0.56837
0.15936
0.99499
0.35759
0.02427
0.47615
0.42961
0.42036
0.03800
0.76579
0.34883
0.43710
0.90202
0.86775
0.26433
0.68634
0.91672
0.54277
0.38135
0.91268
0.62669
0.17343
0.66485
0.78998
0.95056
0.97724
0.48710
0.07975
0.99376
0.71482
0.41161
0.25773
0.57726
0.18955
0.17236
0.63157
0.98781
0.11235
0.41469
0.49920
0.59582
0.02709
0.47826
0.09781
0.31020
0.10889
0.46617
0.28789
0.28413
0.76182
0.48234
0.65569
0.34421
0.92880
0.11080
0.36131
0.17415
0.50587
0.26270
0.37946
0.61038
0.08853
0.56902
0.38624
0.97376
0.61079
0.05214
0.46373
0.53797
0.00301
0.75777
0.46467
0.39529
0.98447
0.47882
0.31526
0.15357
0.22128
0.71542
0.16011
0.50990
0.40321
0.87517
0.60105
0.25076
0.48123
0.65028
0.83493
0.93528
0.74359
0.42649
0.13338
0.38335
0.42139
0.22134
0.50554
0.82288
0.70025
0.33906
0.81981
0.08900
0.05872
0.42503
0.13869
0.09579
0.25778
0.69844
0.59919
0.24681
0.34121
0.83179
0.28413
0.40135
0.15847
0.06904
0.50319
0.68783
0.88598
0.34929
0.06662
0.73833
0.07699
0.24788
0.86479
0.27525
0.98398
0.10712
0.17571
0.20297
0.25720
0.23620
0.52467
0.24844
0.12630
0.50780
0.67982
0.27621
0.11009
0.52499
0.22244
0.20457
0.23324
0.61691
0.29496
0.55449
0.08828
0.99873
0.80436
0.18957
0.78523
0.56895
0.83454
0.67495
0.97866
0.13247
0.91050
0.85554
0.67992
0.64547
0.31169
0.34233
0.90062
0.77744
0.11494
0.87748
0.93960
0.48251
0.12523
0.61653
0.94949
0.41369
0.65673
0.45492
0.90679
0.49623
0.27987
0.34964
0.28775
0.80827
0.54021
0.51879
0.62886
0.96610
0.54186
0.25904
0.34344
0.46045
0.63386
0.14523
0.41341
0.62327
0.75251
0.08960
0.48744
0.61446
0.67278
0.55308
0.76207
0.56964
0.00491
0.92588
0.61439
0.61817
0.64688
0.07590
0.13816
0.53423
0.66187
0.26779
0.50267
0.69667
0.30660
0.65515
0.61093
0.29630
0.36150
0.62660
0.53762
0.89471
0.15028
0.92106
0.74766
0.84782
0.88789
0.05975
0.44962
0.65998
0.45842
0.94406
0.47190
0.19930
0.92355
0.66748
0.19926
0.16925
0.73731
0.00410
0.33964
0.00110
0.22179
0.86451
0.29426
0.87081
0.80972
0.39491
0.30294
0.52027
0.03034
0.74720
0.49659
0.75007
0.63249
0.72839
0.48577
0.26271
0.77606
0.68706
0.66273
0.44881
0.43960
0.89318
0.95301
0.30339
0.77531
0.78923
0.89302
0.02259
0.35031
0.50934
0.22680
0.46507
0.45453
0.52647
0.40906
0.62534
0.18069
0.32311
0.02509
0.06080
0.70655
0.93029
0.18242
0.25665
0.89291
0.59364
0.68941
0.35685
0.41408
0.31782
0.44877
0.42421
0.58586
0.77542
0.96989
0.25424
0.59892
0.64295
0.51369
0.31858
0.27008
0.58296
0.40022
0.17290
0.75490
0.75330
0.32865
0.38630
0.21767
0.81824
0.66667
0.17837
0.13588
0.57677
0.21586
0.21827
0.12431
0.92133
0.45636
0.63486
0.40674
0.22890
0.79452
0.29806
0.97298
0.61712
0.43577
0.58877
0.06597
0.64569
0.24236
0.24780
0.15762
0.89552
0.36299
0.94056
0.79883
0.25596
0.20169
0.49261
0.57432
0.33076
0.79263
0.48598
0.44935
0.22621
0.42170
0.88015
0.39854
0.41022
0.50225
0.07108
0.42368
0.51639
0.93660
0.82351
0.51024
0.62502
0.94928
0.76799
0.57361
0.97237
0.87133
0.99282
0.56816
0.35693
0.23837
0.95723
0.11533
0.09786
0.95514
0.04223
0.41322
0.91128
0.53918
0.36084
0.56909
0.78095
0.26256
0.01652
0.55033
0.14520
0.72694
0.77423
0.83903
0.76460
0.26368
0.03420
0.02438
0.86956
0.71537
0.75389
0.57159
0.54385
0.50558
0.61528
0.83553
0.47607
0.31909
0.83678
0.42863
0.19173
0.90633
0.42971
0.99509
0.35484
0.77421
0.81036
0.66364
0.89010
0.07636
0.67839
0.11529
0.59307
0.67320
0.05164
0.29035
0.45852
0.12918
0.66164
0.97377
0.04179
0.01749
0.61268
0.02940
0.60459
0.55668
0.97348
0.41981
0.88315
0.11064
0.70005
0.84981
0.24469
0.86095
0.32004
0.18397
0.57125
0.92471
0.10440
0.72423
0.00622
0.65132
0.47695
0.14751
0.22843
0.37896
0.45615
0.91892
0.73435
0.71704
0.45749
0.35740
0.05137
0.96486
0.79779
0.39523
0.83271
0.11125
0.34685
0.59076
0.45056
0.96995
0.25098
0.04146
0.53205
0.48896
0.98425
0.20332
0.45047
0.79800
0.00855
0.40954
0.87583
0.53954
0.61718
0.53183
0.81319
0.69201
0.17713
0.58553
0.29315
0.72639
0.97357
0.68331
0.02403
0.87352
0.93476
0.72160
0.31719
0.65196
0.07883
0.55440
0.53026
0.29327
0.68478
0.84259
0.71992
0.14207
0.63104
0.75850
0.36942
0.93484
0.23609
0.16156
0.45693
0.73147
0.62499
0.61024
0.84950
0.28514
0.37833
0.41394
0.55088
0.40064
0.45913
0.24201
0.74311
0.67378
0.26310
0.64492
0.11879
0.30129
0.34896
0.25100
0.50386
0.01456
0.95387
0.15269
0.16546
0.64637
0.30056
0.08325
0.99513
0.18523
0.10589
0.12871
0.99469
0.40039
0.73052
0.53736
0.99209
0.77973
0.72567
0.32444
0.81659
0.56984
0.77103
0.15945
0.16655
0.08173
0.66989
0.29172
0.12197
0.12093
0.15188
0.13238
0.47959
0.47730
0.34880
0.63851
0.78280
0.55937
0.40947
0.69778
0.90918
0.40382
0.76887
0.13048
0.67827
0.27702
0.16974
0.75637
0.46028
0.38329
0.72955
0.48927
0.41444
0.83256
0.23409
0.43862
0.09470
0.99114
0.75416
0.12806
0.35190
0.53702
0.10503
0.29065
0.99840
0.03875
0.15278
0.39709
0.78504
0.49125
0.71567
0.32373
0.57963
0.01196
0.10131
0.24659
0.96505
0.80839
0.14352
0.29374
0.71915
0.84874
0.97341
0.88300
0.77892
0.46029
0.40654
0.07443
0.69246
0.86807
0.32631
0.20153
0.55554
0.46919
0.54462
0.81887
0.95425
0.97317
0.83130
0.33954
0.92305
0.85719
0.76488
0.47565
0.53507
0.06366
0.84669
0.30640
0.30091
0.26965
0.92128
0.22996
0.30259
0.02281
0.73717
0.90806
0.21694
0.71028
0.12180
0.16082
0.67459
0.53660
0.79067
0.19800
0.89415
0.86329
0.96344
0.83763
0.52940
0.33444
0.79675
0.28321
0.00043
0.88251
0.63579
0.44874
0.80685
0.79166
0.59358
0.60070
0.75171
0.96762
0.31385
0.57449
0.80248
0.24465
0.71842
0.58702
0.79049
0.67437
0.64695
0.58500
0.20412
0.96178
0.42167
0.65494
0.84794
0.79766
0.51701
0.35153
0.69540
0.83767
0.16343
0.25065
0.45342
0.35076
0.60993
0.90201
0.09625
0.23288
0.05580
0.88105
0.65701
0.26769
0.98315
0.10086
0.67782
0.58082
0.73035
0.49746
0.07760
0.08388
0.12038
0.76985
0.71976
0.27771
0.62215
0.29610
0.36049
0.15802
0.12175
0.46057
0.96990
0.63424
0.99087
0.73212
0.65177
0.03617
0.29895
0.20931
0.49174
0.01704
0.55492
0.99846
0.92668
0.02241
0.48523
0.59706
0.15022
0.82927
0.58562
0.44216
0.35313
0.92740
0.17458
0.98715
0.83223
0.02904
0.68295
0.53971
0.44554
0.85084
0.89982
0.90361
0.35738
0.30354
0.61674
0.63190
0.57211
0.51814
0.29795
0.84922
0.14367
0.49791
0.67259
0.58785
0.06968
0.88439
0.59706
0.01974
0.00334
0.85119
0.23336
0.55551
0.69168
0.81993
0.79864
0.75367
0.73237
0.42556
0.74205
0.79868
0.65731
0.81781
0.18456
0.67914
0.84108
0.97229
0.96310
0.86986
0.93415
0.55932
0.18136
0.46742
0.43942
0.40783
0.25192
0.90940
0.63015
0.59470
0.46179
0.91598
0.73312
0.55960
0.01183
0.49424
0.18322
0.66863
0.97920
0.81141
0.33543
0.18352
0.71445
0.33350
0.54004
0.67664
0.76197
0.67743
0.88803
0.40426
0.63915
0.98629
0.41008
0.53683
0.12729
0.20904
0.63405
0.68609
0.02126
0.11592
0.32622
0.17840
0.73674
0.50690
0.67491
0.73551
0.11135
0.47835
0.32893
0.40113
0.01439
0.21992
0.60705
0.41197
0.78314
0.44676
0.51039
0.79900
0.79623
0.84354
0.75661
0.52764
0.81108
0.29279
0.74750
0.24948
0.80232
0.79283
0.86543
0.16367
0.15959
0.68934
0.05143
0.64414
0.51262
0.21518
0.43253
0.51195
0.52228
0.89762
0.37542
0.88108
0.02995
0.46515
0.71873
0.35994
0.00190
0.54447
0.23299
0.45639
0.00211
0.71943
0.65992
0.61026
0.80458
0.37873
0.54974
0.64646
0.62599
0.43051
0.65677
0.44397
0.33618
0.01641
0.86510
0.64539
0.02772
0.88189
0.23046
0.18335
0.02610
0.18278
0.94052
0.86086
0.74857
0.25659
0.17599
0.64248
0.60990
0.15429
0.87947
0.10398
0.39528
0.29682
0.02371
0.82844
0.97336
0.45670
0.85772
0.84107
0.72244
0.18137
0.64266
0.20887
0.57472
0.75512
0.77009
0.37630
0.65702
0.88297
0.62075
0.34218
0.43301
0.46571
0.70795
0.78860
0.56728
0.34673
0.14419
0.85938
0.91693
0.21122
0.43539
0.60673
0.77862
0.75608
0.27616
0.94048
0.10370
0.76272
0.65026
0.20881
0.49802
0.55668
0.78785
0.42043
0.73292
0.81230
0.75253
0.89800
0.18479
0.64384
0.82204
0.73049
0.19779
0.51062
0.45644
0.23309
0.45826
0.35212
0.16607
0.45001
0.22950
0.07222
0.77582
0.01413
0.78211
0.65774
0.00015
0.94912
0.34230
0.67606
0.65376
0.05434
0.19879
0.80371
0.82072
0.67338
0.98395
0.55297
0.89613
0.78651
0.48739
0.93283
0.82886
0.77576
0.42714
0.63369
0.81796
0.60381
0.19508
0.20216
0.51865
0.40799
0.76059
0.28394
0.39174
0.37558
0.22293
0.86806
0.36083
0.57863
0.04475
0.01495
0.63796
0.57687
0.90738
0.22951
0.09286
0.32554
0.91149
0.53140
0.61184
0.39795
0.14821
0.31794
0.92379
0.78677
0.33244
0.15452
0.40148
0.45883
0.43063
0.99465
0.49728
0.10108
0.66948
0.26192
0.96962
0.16228
0.09600
0.13585
0.42096
0.15172
0.35466
0.53174
0.74896
0.36466
0.07565
0.08945
0.70498
0.79463
0.04490
0.81128
0.42346
0.57397
0.95866
0.77290
0.51798
0.62534
0.57960
0.23565
0.99225
0.26855
0.52388
0.70749
0.63108
0.79532
0.81453
0.04009
0.53111
0.21824
0.09036
0.02924
0.66786
0.48946
0.82979
0.89995
0.92121
0.68687
0.88200
0.52009
0.80629
0.30730
0.80536
0.56526
0.15282
0.80603
0.31437
0.03934
0.68036
0.02780
0.63021
0.01436
0.80569
0.26416
0.85850
0.41680
0.75166
0.65393
0.59794
0.71733
0.59670
0.13991
0.23117
0.12580
0.96730
0.75812
0.37730
0.27011
0.74220
0.19864
0.05409
0.20667
0.15566
0.18022
0.72332
0.00970
0.34441
0.40403
0.90132
0.87811
0.30345
0.47551
0.09659
0.82653
0.51317
0.30444
0.82985
0.11602
0.14469
0.38978
0.41185
0.24203
0.50884
0.17985
0.36282
0.20412
0.99169
0.65530
0.53025
0.02079
0.93818
0.82725
0.77519
0.98350
0.89752
0.50150
0.05894
0.09137
0.17835
0.96143
0.53218
0.55252
0.32467
0.38810
0.04791
0.39422
0.74341
0.26674
0.17440
0.60675
0.68163
0.51746
0.70027
0.92453
0.48417
0.99908
0.94611
0.50240
0.47688
0.10733
0.89122
0.53731
0.30945
0.80383
0.82019
0.56144
0.20891
0.68227
0.09634
0.42849
0.98941
0.05358
0.59208
0.57080
0.96987
0.93068
0.10677
0.22087
0.46091
0.35896
0.45043
0.41489
0.26288
0.79444
0.45664
0.72654
0.16525
0.54761
0.30395
0.06937
0.72312
0.99629
0.54920
0.03820
0.43720
0.73250
0.63329
0.78778
0.55992
0.40595
0.34976
0.84270
0.82154
0.40330
0.94898
0.37622
0.31545
0.84501
0.76719
0.27133
0.68110
0.11444
0.71077
0.80703
0.59901
0.19134
0.15313
0.44812
0.93954
0.64318
0.12915
0.44658
0.83062
0.64342
0.44664
0.64711
0.02637
0.43929
0.79369
0.30757
0.97696
0.53186
0.18947
0.91638
0.98228
0.89261
0.07752
0.38234
0.70710
0.88259
0.54779
0.54997
0.31395
0.93654
0.34679
0.85681
0.97330
0.60873
0.22614
0.84522
0.12837
0.64898
0.58248
0.28650
0.23541
0.80928
0.84074
0.00883
0.03740
0.66918
0.07070
0.37453
0.37441
0.66321
0.08724
0.70279
0.33141
0.51750
0.79021
0.86340
0.73957
0.87662
0.75966
0.30722
0.88877
0.13259
0.15824
0.70262
0.34259
0.88521
0.39448
0.31854
0.71581
0.95859
0.75318
0.61435
0.17860
0.51309
0.23212
0.95823
0.63874
0.13755
0.93701
0.15513
0.90841
0.70830
0.06784
0.32122
0.75757
0.62639
0.18182
0.62756
0.62491
0.78222
0.92865
0.66431
0.13169
0.24178
0.67297
0.66909
0.36182
0.23447
0.74860
0.30146
0.82147
0.95494
0.95081
0.00415
0.99225
0.92654
0.49052
0.66293
0.37458
0.33082
0.18046
0.14315
0.64979
0.69501
0.76342
0.25708
0.66783
0.16325
0.59239
0.83807
0.04151
0.35684
0.36586
0.42967
0.35139
0.39956
0.57326
0.33027
0.60180
0.98641
0.50283
0.69999
0.37235
0.92668
0.54435
0.52143
0.76504
0.09628
0.64642
0.06273
0.06733
0.41449
0.26294
0.40766
0.13398
0.69542
0.77032
0.01149
0.40284
0.82178
0.67007
0.86931
0.75266
0.71951
0.73439
0.70311
0.63260
0.42053
0.41062
0.51099
0.41669
0.03353
0.99446
0.74597
0.87815
0.52637
0.73505
0.52014
0.97179
0.62664
0.10898
0.59167
0.74744
0.05989
0.44573
0.87939
0.98172
0.07833
0.75558
0.79387
0.40028
0.42038
0.87468
0.02083
0.58082
0.00602
0.07128
0.58519
0.72035
0.36009
0.84653
0.32634
0.74840
0.87909
0.82555
0.02233
0.04008
0.64533
0.89141
0.13136
0.23287
0.55390
0.66016
0.85849
0.17375
0.53966
0.91420
0.90617
0.01955
0.79879
0.78072
0.88345
0.48540
0.03576
0.91433
0.76570
0.68338
0.93677
0.41697
0.04791
0.13980
0.21127
0.98086
0.18263
0.24115
0.58632
0.10587
0.49897
0.06128
0.94553
0.38962
0.14977
0.85755
0.62196
0.51870
0.10546
0.18599
0.78832
0.03479
0.33237
0.95039
0.61735
0.35792
0.20026
0.83967
0.93736
0.92898
0.30399
0.86213
0.77566
0.31103
0.43655
0.77607
0.34548
0.23896
0.65928
0.96001
0.17378
0.35109
0.18524
0.45588
0.38753
0.97736
0.15717
0.15769
0.50189
0.09677
0.88159
0.06837
0.14689
0.28334
0.52923
0.03225
0.07353
0.53242
0.54023
0.52604
0.38948
0.83831
0.84955
0.02085
0.75370
0.07426
0.89714
0.80631
0.37653
0.33562
0.30427
0.02165
0.75683
0.84031
0.33737
0.24701
0.34925
0.91021
0.45629
0.46269
0.15466
0.08370
0.10608
0.70553
0.52491
0.75645
0.55716
0.32641
0.57044
0.21905
0.33650
0.63019
0.89658
0.00094
0.29448
0.35072
0.07483
0.49572
0.55710
0.83071
0.99571
0.99679
0.90100
0.28172
0.40367
0.23440
0.55981
0.44593
0.14814
0.68533
0.41392
0.42206
0.84833
0.07953
0.78854
0.05023
0.77661
0.22392
0.86370
0.61873
0.99670
0.36299
0.95366
0.58114
0.52154
0.85651
0.97929
0.00164
0.91740
0.53661
0.79720
0.45251
0.68346
0.45614
0.44101
0.94477
0.12271
0.23418
0.54019
0.53801
0.21798
0.84618
0.84132
0.95800
0.25768
0.53057
0.24007
0.22925
0.18757
0.40447
0.10443
0.07798
0.38517
0.18820
0.84235
0.11863
0.49772
0.13001
0.38595
0.56186
0.28384
0.64819
0.55086
0.66485
0.54636
0.06879
0.90463
0.44244
0.96086
0.96022
0.08547
0.25305
0.34572
0.89540
0.91924
0.51530
0.97117
0.28862
0.81533
0.62232
0.30020
0.22162
0.41731
0.33640
0.49145
0.70944
0.56482
0.26803
0.91029
0.60677
0.90030
0.34658
0.27077
0.21427
0.48182
0.03165
0.85868
0.87268
0.13177
0.01409
0.42595
0.83498
0.44746
0.01892
0.25695
0.86201
0.37670
0.19922
0.39256
0.39142
0.46434
0.55059
0.53040
0.69540
0.81490
0.43988
0.07576
0.18168
0.93270
0.03730
0.51490
0.16360
0.20758
0.78081
0.34802
0.71655
0.85165
0.73632
0.17947
0.90419
0.22370
0.29492
0.74296
0.51357
0.45700
0.34270
0.98936
0.66683
0.38287
0.06525
0.72426
0.97552
0.47305
0.97739
0.32051
0.80627
0.37123
0.22079
0.25674
0.15526
0.76078
0.05988
0.56438
0.47898
0.88102
0.24922
0.67562
0.02188
0.26511
0.75798
0.40037
0.48550
0.41206
0.44645
0.04904
0.86876
0.89304
0.07054
0.86430
0.10557
0.94687
0.47619
0.81685
0.15013
0.42519
0.40034
0.34353
0.29856
0.38584
0.35723
0.55588
0.61654
0.05189
0.77851
0.41538
0.09040
0.53828
0.88231
0.15001
0.91100
0.12859
0.95424
0.34853
0.76987
0.86995
0.17742
0.18892
0.88356
0.17673
0.21908
0.15010
0.96294
0.29033
0.71849
0.81061
0.11997
0.15918
0.92446
0.94889
0.34926
0.90430
0.37832
0.58632
0.63484
0.57152
0.59315
0.97840
0.76648
0.18453
0.76554
0.10509
0.09592
0.14258
0.97168
0.25333
0.87677
0.98750
0.59381
0.04555
0.74398
0.34307
0.51623
0.88717
0.14634
0.75794
0.36678
0.02211
0.31074
0.03078
0.11578
0.09047
0.68397
0.28062
0.20752
0.82415
0.17990
0.28089
0.51955
0.95433
0.51239
0.87721
0.73090
0.86034
0.15500
0.77847
0.73767
0.61861
0.50894
0.39130
0.53329
0.08062
0.26111
0.52250
0.88115
0.37992
0.27084
0.83190
0.54892
0.57965
0.39550
0.89951
0.65373
0.93730
0.55138
0.23469
0.74007
0.55053
0.87028
0.51173
0.58154
0.02658
0.35104
0.68577
0.71692
0.81657
0.79484
0.12311
0.06457
0.89143
0.23897
0.66977
0.03964
0.79199
0.00439
0.56516
0.84233
0.75542
0.19620
0.90904
0.25028
0.55094
0.36862
0.74388
0.64762
0.31758
0.68571
0.02017
0.79939
0.90726
0.87926
0.66870
0.57050
0.64948
0.93745
0.70837
0.31990
0.62313
0.82238
0.13142
0.26972
0.74034
0.96502
0.72528
0.99049
0.18763
0.27946
0.79519
0.39282
0.48432
0.38457
0.99541
0.29208
0.65178
0.37847
0.17691
0.98085
0.27564
0.90789
0.48246
0.15767
0.83328
0.81626
0.45817
0.70107
0.40221
0.03110
0.42364
0.51166
0.43214
0.17519
0.47243
0.70065
0.09054
0.92741
0.49258
0.73298
0.54113
0.96362
0.10514
0.07833
0.65627
0.89140
0.97877
0.43491
0.17183
0.96045
0.52853
0.57422
0.68139
0.21140
0.81103
0.94805
0.15010
0.66754
0.14365
0.89898
0.67255
0.41645
0.70735
0.97971
0.76937
0.05863
0.86115
0.29896
0.10875
0.33854
0.06870
0.98955
0.57113
0.32976
0.47341
0.47047
0.83413
0.72848
0.22893
0.58933
0.39949
0.01205
0.63148
0.65405
0.86147
0.14352
0.96569
0.66348
0.99245
0.95719
0.98713
0.73276
0.53476
0.41329
0.26069
0.83088
0.66954
0.10103
0.83527
0.81850
0.79416
0.96806
0.65364
0.77478
0.17681
0.40351
0.81840
0.64623
0.42836
0.07776
0.29861
0.52949
0.87197
0.75137
0.46442
0.52697
0.91783
0.48399
0.83282
0.59446
0.20941
0.69312
0.96367
0.25099
0.94982
0.17801
0.81285
0.39524
0.37232
0.49754
0.78576
0.70899
0.09363
0.88471
0.88476
0.49219
0.75146
0.76304
0.68910
0.79507
0.22327
0.51832
0.19051
0.55115
0.90488
0.50230
0.17999
0.73194
0.05270
0.67365
0.64657
0.33551
0.49535
0.92021
0.57747
0.42845
0.81051
0.79785
0.11205
0.49574
0.45711
0.43604
0.02876
0.53560
0.71170
0.37167
0.53279
0.32329
0.87479
0.95717
0.27162
0.52369
0.98600
0.42799
0.85314
0.53838
0.15320
0.45387
0.99692
0.55398
0.20149
0.28417
0.67035
0.34915
0.43993
0.53449
0.63435
0.46356
0.49069
0.58104
0.15356
0.74598
0.67045
0.93129
0.27976
0.88243
0.63307
0.50887
0.68152
0.10364
0.41622
0.75338
0.54234
0.13032
0.29142
0.22448
0.81831
0.04458
0.36957
0.08261
0.41785
0.29732
0.12590
0.32883
0.60314
0.76331
0.88121
0.45019
0.66311
0.51434
0.39408
0.61334
0.95522
0.70139
0.27295
0.40227
0.26154
0.10061
0.10286
0.53849
0.15973
0.45393
0.22411
0.46153
0.83941
0.71513
0.59544
0.90492
0.03364
0.32772
0.61380
0.88083
0.05620
0.77487
0.58291
0.08357
0.08921
0.19008
0.73802
0.09422
0.60508
0.33316
0.12757
0.50223
0.60925
0.79168
0.19509
0.76797
0.21532
0.10335
0.67229
0.39370
0.00723
0.80704
0.68712
0.00553
0.18659
0.83951
0.82673
0.12672
0.12333
0.55484
0.31110
0.01404
0.33694
0.38504
0.50002
0.36697
0.08742
0.18382
0.44074
0.77219
0.96253
0.64424
0.39901
0.97040
0.36595
0.36953
0.10292
0.53391
0.91288
0.50858
0.95013
0.16047
0.62032
0.70757
0.75913
0.89893
0.43476
0.46299
0.38744
0.59653
0.29977
0.49755
0.75341
0.73423
0.68653
0.27141
0.18953
0.75171
0.28849
0.37996
0.90486
0.72866
0.71234
0.30140
0.84526
0.43616
0.21885
0.87548
0.46874
0.01346
0.45251
0.26939
0.65429
0.26220
0.09656
0.11612
0.64693
0.01827
0.76941
0.59496
0.85242
0.09681
0.55609
0.56101
0.23141
0.25652
0.51987
0.08542
0.83314
0.30234
0.15364
0.71311
0.69441
0.61491
0.22819
0.42868
0.87171
0.90731
0.40935
0.71409
0.54147
0.55016
0.10213
0.70986
0.41471
0.90122
0.67821
0.69588
0.46828
0.57798
0.51379
0.77344
0.01958
0.03101
0.75570
0.34179
0.55020
0.58276
0.59364
0.74407
0.11245
0.98150
0.75010
0.41954
0.13257
0.18726
0.93591
0.86331
0.69558
0.95070
0.48585
0.12068
0.49649
0.40219
0.32324
0.23124
0.31891
0.09295
0.30117
0.51334
0.90488
0.98731
0.19834
0.63949
0.29145
0.32417
0.27877
0.06876
0.74818
0.90805
0.59890
0.70984
0.51596
0.61486
0.17228
0.95516
0.17754
0.48102
0.47081
0.84226
0.98626
0.20145
0.75616
0.16017
0.05203
0.31217
0.14424
0.73492
0.64944
0.65129
0.18333
0.75959
0.17256
0.43882
0.02976
0.05971
0.01869
0.37424
0.97169
0.04139
0.38520
0.37114
0.98917
0.36578
0.07361
0.67006
0.73094
0.14567
0.52901
0.33644
0.84201
0.36319
0.31708
0.31301
0.52115
0.05296
0.10671
0.25143
0.05778
0.04828
0.74484
0.65696
0.72402
0.96741
0.05340
0.39783
0.92259
0.83226
0.43676
0.85213
0.38428
0.68386
0.99939
0.45519
0.32183
0.45853
0.18290
0.05562
0.45331
0.21189
0.88822
0.69699
0.29078
0.00143
0.26278
0.51665
0.71727
0.29285
0.12910
0.13698
0.86895
0.69617
0.40618
0.43437
0.80172
0.92360
0.25600
0.57319
0.63822
0.31360
0.70187
0.87982
0.42403
0.57615
0.58165
0.12375
0.66357
0.40920
0.63277
0.52121
0.78085
0.85315
0.64642
0.84785
0.63930
0.45667
0.35323
0.87190
0.89004
0.36257
0.23149
0.13879
0.05147
0.37359
0.37980
0.61688
0.31664
0.68469
0.41115
0.43267
0.13138
0.44728
0.91475
0.18688
0.47893
0.26327
0.86127
0.16016
0.14439
0.08480
0.21093
0.55743
0.27417
0.47212
0.47893
0.20999
0.86849
0.63228
0.66144
0.10959
0.05833
0.85909
0.24863
0.03684
0.11586
0.73947
0.38440
0.67595
0.60527
0.62416
0.06700
0.03706
0.17519
0.27265
0.98516
0.58162
0.77357
0.91501
0.91105
0.62041
0.99466
0.22981
0.01193
0.05200
0.69609
0.46602
0.83002
0.77288
0.46032
0.91908
0.54510
0.98794
0.22592
0.73689
0.68771
0.91892
0.86529
0.92923
0.18755
0.32814
0.93143
0.18607
0.82209
0.78612
0.95464
0.02849
0.71235
0.78975
0.09021
0.29879
0.42645
0.27086
0.35217
0.09971
0.74826
0.58951
0.83749
0.94170
0.14580
0.49156
0.53868
0.08486
0.08338
0.76544
0.37928
0.25773
0.26135
0.56995
0.16057
0.87515
0.16989
0.93662
0.66442
0.55132
0.83429
0.50330
0.76431
0.26935
0.78257
0.15219
0.67533
0.85042
0.38311
0.09086
0.88700
0.43632
0.33481
0.72628
0.72351
0.59202
0.12020
0.87440
0.30129
0.40218
0.23333
0.52982
0.37544
0.64684
0.39845
0.16253
0.08311
0.98232
0.69254
0.58203
0.58697
0.26633
0.84525
0.60592
0.62042
0.72203
0.03393
0.48663
0.84691
0.26122
0.53155
0.77443
0.82259
0.42349
0.96355
0.72433
0.29239
0.29460
0.57625
0.16095
0.13774
0.57746
0.67385
0.46662
0.31922
0.73604
0.87971
0.92168
0.59620
0.49972
0.70948
0.54601
0.49969
0.31145
0.51293
0.24325
0.44075
0.17282
0.46783
0.85631
0.80482
0.37939
0.51151
0.98426
0.37051
0.80312
0.55510
0.90393
0.77633
0.71158
0.96304
0.57948
0.23325
0.57291
0.67016
0.26344
0.35847
0.75077
0.56989
0.34551
0.72825
0.08943
0.18390
0.46430
0.85107
0.10329
0.76898
0.76952
0.45096
0.70317
0.99117
0.82472
0.14503
0.29554
0.81074
0.14045
0.11381
0.84958
0.63886
0.28530
0.95248
0.33359
0.35374
0.52501
0.60926
0.82446
0.86203
0.38971
0.75692
0.48852
0.16248
0.76615
0.78896
0.24292
0.24820
0.87874
0.85602
0.64858
0.62573
0.50779
0.72522
0.66890
0.04826
0.82641
0.17579
0.91310
0.44965
0.24700
0.11297
0.85088
0.19990
0.86407
0.79100
0.50488
0.60431
0.11033
0.91837
0.06522
0.35338
0.25820
0.22137
0.42351
0.87033
0.22352
0.15543
0.58530
0.90533
0.00119
0.52386
0.16263
0.77545
0.65808
0.56644
0.25547
0.65858
0.83707
0.80730
0.61048
0.74028
0.93867
0.50396
0.89629
0.65662
0.53575
0.98724
0.87997
0.30430
0.15171
0.35439
0.47061
0.18288
0.86975
0.59918
0.56903
0.62570
0.88318
0.81328
0.99191
0.63692
0.16162
0.41374
0.05424
0.31034
0.97176
0.35428
0.35010
0.72536
0.55295
0.34869
0.32787
0.48663
0.81831
0.40128
0.85722
0.89244
0.94741
0.21119
0.06596
0.78638
0.93865
0.46113
0.99290
0.92881
0.63369
0.36630
0.57660
0.03863
0.00213
0.35365
0.35222
0.96786
0.57282
0.20510
0.19270
0.77746
0.10060
0.75514
0.30451
0.86231
0.61427
0.73035
0.05108
0.97246
0.53958
0.23807
0.01215
0.98133
0.40712
0.59931
0.28410
0.15049
0.94885
0.51548
0.69617
0.71522
0.38160
0.83198
0.75511
0.83671
0.71087
0.47669
0.98364
0.61064
0.13738
0.89343
0.13961
0.17589
0.94013
0.47451
0.54863
0.69927
0.88484
0.57671
0.05753
0.71064
0.91729
0.41381
0.01463
0.74473
0.55333
0.66124
0.49922
0.62454
0.07597
0.16768
0.70858
0.19654
0.28660
0.25336
0.35081
0.90367
0.72956
0.70325
0.24277
0.45030
0.63612
0.52120
0.01255
0.95445
0.96746
0.47767
0.70500
0.08120
0.89977
0.98088
0.59238
0.09203
0.07623
0.16372
0.22878
0.62987
0.03888
0.35473
0.81649
0.91461
0.42908
0.15163
0.97723
0.23213
0.32475
0.61340
0.65514
0.16933
0.46551
0.03921
0.95846
0.29372
0.20291
0.85560
0.63898
0.54092
0.01268
0.09702
0.08678
0.22600
0.69202
0.32707
0.38516
0.09608
0.29462
0.88221
0.04664
0.40308
0.82466
0.56005
0.18041
0.28973
0.61779
0.48511
0.73797
0.53808
0.84960
0.05350
0.30604
0.20038
0.51038
0.02091
0.80544
0.49067
0.81395
0.40329
0.57618
0.75333
0.66536
0.20104
0.28501
0.97103
0.50268
0.11057
0.76977
0.85279
0.44428
0.18155
0.17429
0.04894
0.33206
0.20304
0.70842
0.09655
0.82931
0.15265
0.07376
0.97363
0.53158
0.29600
0.11374
0.53065
0.67091
0.56452
0.99082
0.54267
0.07238
0.51388
0.52431
0.96822
0.89948
0.44121
0.63183
0.83531
0.15524
0.29130
0.23946
0.09029
0.38121
0.06097
0.07840
0.67410
0.97705
0.22129
0.99877
0.73485
0.27130
0.14827
0.46475
0.37784
0.15541
0.50406
0.05542
0.41042
0.31424
0.95199
0.51569
0.21414
0.59607
0.74408
0.24082
0.74466
0.33414
0.58984
0.79220
0.33164
0.02067
0.70012
0.44593
0.12323
0.67131
0.81824
0.48008
0.05995
0.84840
0.69406
0.89514
0.55331
0.98946
0.18819
0.98275
0.04186
0.04206
0.86868
0.64802
0.16324
0.44490
0.53476
0.01985
0.12791
0.87652
0.74589
0.49401
0.62097
0.26516
0.97562
0.08813
0.37538
0.49525
0.49606
0.83774
0.93333
0.41481
0.54589
0.61250
0.11181
0.83621
0.32279
0.66290
0.12529
0.07767
0.87001
0.83346
0.59661
0.93593
0.90054
0.79002
0.75848
0.34478
0.61914
0.66972
0.61432
0.17554
0.17531
0.91471
0.91751
0.54801
0.63614
0.34427
0.54079
0.44857
0.81321
0.48358
0.35749
0.81704
0.48461
0.02418
0.67601
0.92092
0.69358
0.49273
0.55046
0.17360
0.58148
0.91796
0.40388
0.98269
0.29519
0.68224
0.78098
0.83503
0.14916
0.84500
0.63518
0.54433
0.90936
0.76207
0.28370
0.62069
0.67411
0.98048
0.71346
0.09848
0.82112
0.28388
0.37440
0.29521
0.94398
0.82206
0.24894
0.69863
0.28572
0.95136
0.09118
0.92430
0.90555
0.46652
0.87677
0.38983
0.82164
0.47817
0.59265
0.57542
0.05686
0.27234
0.36560
0.38893
0.75846
0.06470
0.11942
0.76414
0.00304
0.44718
0.77584
0.52062
0.51835
0.04661
0.76811
0.39432
0.60979
0.56589
0.06692
0.78425
0.38243
0.65274
0.72973
0.07253
0.44082
0.56605
0.01150
0.71298
0.13726
0.89046
0.58465
0.86829
0.79458
0.32961
0.21735
0.15650
0.81075
0.86367
0.50285
0.36891
0.77861
0.29597
0.55392
0.02508
0.09222
0.43037
0.38718
0.90840
0.11290
0.84686
0.83383
0.63324
0.86483
0.67637
0.21690
0.55905
0.18213
0.19563
0.40304
0.69995
0.11511
0.82401
0.39028
0.81829
0.15097
0.17664
0.03776
0.67907
0.32818
0.16197
0.71809
0.62843
0.90078
0.87937
0.65585
0.20669
0.41999
0.38516
0.15216
0.18790
0.29869
0.27650
0.11031
0.66127
0.13808
0.57571
0.33164
0.85065
0.69677
0.24206
0.81745
0.22353
0.59159
0.87391
0.90667
0.70064
0.73973
0.40944
0.48903
0.87056
0.74689
0.46385
0.76332
0.15580
0.75210
0.37282
0.60399
0.94445
0.03034
0.74483
0.14234
0.79999
0.14922
0.84706
0.20916
0.27380
0.53626
0.57540
0.31319
0.30795
0.79955
0.39690
0.09813
0.24308
0.90705
0.88385
0.30030
0.04556
0.21873
0.79002
0.80924
0.85504
0.05472
0.05965
0.12974
0.12983
0.60536
0.67927
0.84675
0.43572
0.49578
0.98768
0.49149
0.87104
0.07435
0.17572
0.33413
0.65119
0.26165
0.89845
0.83318
0.32211
0.26541
0.84286
0.64570
0.70621
0.09233
0.80650
0.61037
0.06603
0.88394
0.66195
0.90205
0.05971
0.63179
0.77890
0.89801
0.83454
0.79355
0.14748
0.50562
0.52081
0.26268
0.02262
0.48851
0.57997
0.02329
0.86012
0.85815
0.73847
0.34524
0.96079
0.25224
0.29267
0.90049
0.14371
0.97018
0.83223
0.75059
0.67625
0.79599
0.56703
0.05981
0.04838
0.17219
0.97614
0.57527
0.37970
0.47311
0.13503
0.76950
0.92195
0.07881
0.49507
0.92861
0.11447
0.19841
0.59354
0.92456
0.01496
0.22999
0.26237
0.64801
0.98686
0.40179
0.57188
0.74529
0.65984
0.07086
0.42772
0.03179
0.78748
0.06675
0.74045
0.69513
0.21244
0.55250
0.98006
0.53339
0.14749
0.27390
0.86540
0.49808
0.82737
0.71925
0.03281
0.75950
0.55735
0.31673
0.44144
0.53010
0.31065
0.24519
0.60393
0.42377
0.10784
0.74499
0.15865
0.64835
0.11940
0.08327
0.13860
0.69651
0.08807
0.71814
0.35136
0.28042
0.84352
0.65641
0.12054
0.89642
0.28257
0.41223
0.79297
0.03422
0.51720
0.51821
0.24480
0.07904
0.99933
0.08424
0.04455
0.61217
0.99998
0.63595
0.38675
0.22273
0.83103
0.37948
0.60797
0.57310
0.42584
0.52311
0.58821
0.69036
0.49241
0.47707
0.59440
0.07802
0.16379
0.27946
0.75368
0.33602
0.68422
0.61343
0.63131
0.49868
0.52444
0.06296
0.45450
0.92211
0.83746
0.78409
0.86523
0.53863
0.98091
0.36096
0.29609
0.81876
0.80172
0.65873
0.95782
0.07104
0.90304
0.23202
0.66578
0.88594
0.23931
0.99207
0.09940
0.78997
0.25181
0.68016
0.71919
0.13243
0.25085
0.04987
0.58010
0.49983
0.59625
0.06813
0.68014
0.16012
0.27249
0.82750
0.82077
0.67178
0.05631
0.21264
0.83410
0.14202
0.89138
0.59618
0.31263
0.10249
0.30768
0.58872
0.03442
0.86051
0.85562
0.60266
0.20889
0.83761
0.17917
0.87124
0.77449
0.48886
0.71091
0.49036
0.61570
0.44648
0.08502
0.79025
0.95385
0.75824
0.03906
0.98524
0.57049
0.92499
0.39099
0.43896
0.27598
0.30508
0.11729
0.62440
0.11571
0.37596
0.49306
0.06152
0.31516
0.56986
0.17947
0.51231
0.00193
0.08527
0.21192
0.60182
0.04438
0.63060
0.48895
0.54085
0.51724
0.74278
0.76260
0.27365
0.46368
0.18835
0.83165
0.11993
0.94514
0.88131
0.19775
0.12572
0.62987
0.98156
0.14481
0.15079
0.82455
0.95598
0.31985
0.45723
0.65246
0.96768
0.18002
0.43486
0.55868
0.63440
0.02646
0.37157
0.25521
0.27560
0.42023
0.57029
0.38714
0.68907
0.64813
0.37459
0.88373
0.53729
0.79349
0.46791
0.43632
0.23214
0.28342
0.71120
0.91272
0.53149
0.50432
0.24386
0.03240
0.67145
0.16976
0.02940
0.38024
0.22142
0.00407
0.20394
0.33019
0.93989
0.93424
0.12833
0.90550
0.21182
0.47839
0.08251
0.01858
0.05024
0.76959
0.52145
0.58201
0.36555
0.84375
0.43062
0.58259
0.60693
0.33341
0.67470
0.51978
0.69130
0.69826
0.67551
0.29053
0.20836
0.57542
0.77196
0.43137
0.98558
0.63020
0.18692
0.87380
0.00605
0.03643
0.01948
0.91761
0.63006
0.06401
0.21784
0.61709
0.56779
0.53695
0.99935
0.05625
0.92522
0.72756
0.35116
0.17715
0.91694
0.64516
0.99172
0.62627
0.18931
0.28136
0.86808
0.69620
0.15694
0.95125
0.40503
0.78694
0.37758
0.67375
0.06954
0.28729
0.24560
0.14989
0.85762
0.62990
0.41139
0.44096
0.23140
0.40683
0.70524
0.67635
0.69661
0.70350
0.05000
0.43405
0.80111
0.61243
0.91396
0.90181
0.86314
0.91250
0.84176
0.06882
0.99534
0.98611
0.60334
0.56744
0.08656
0.88230
0.76574
0.71955
0.98066
0.35979
0.21275
0.10053
0.23333
0.08323
0.26672
0.78178
0.00951
0.36695
0.27966
0.90037
0.71322
0.38271
0.20547
0.12461
0.82864
0.82527
0.03485
0.26538
0.27931
0.86297
0.28201
0.42823
0.83847
0.62852
0.71279
0.41003
0.51120
0.02595
0.60927
0.84540
0.37823
0.92701
0.15692
0.82737
0.77211
0.91430
0.00728
0.43231
0.98540
0.39235
0.94397
0.58896
0.12776
0.21214
0.74382
0.40725
0.58111
0.52834
0.96493
0.66526
0.22400
0.42028
0.66525
0.23938
0.72489
0.30393
0.87482
0.93665
0.42805
0.05439
0.67136
0.03693
0.61906
0.50325
0.05205
0.73735
0.10137
0.31115
0.38373
0.40448
0.55294
0.40428
0.31660
0.57839
0.60708
0.51267
0.18821
0.03546
0.16029
0.24042
0.34912
0.30887
0.13935
0.39832
0.55231
0.59939
0.55724
0.12789
0.12667
0.12784
0.59365
0.00468
0.72363
0.83400
0.76501
0.80962
0.26858
0.78853
0.33572
0.24126
0.14527
0.29262
0.62469
0.79606
0.67708
0.97665
0.64361
0.30278
0.72826
0.10163
0.81814
0.86919
0.48265
0.44313
0.97027
0.75830
0.68610
0.14689
0.62781
0.06965
0.60715
0.63862
0.69075
0.85799
0.47706
0.44137
0.10049
0.00179
0.46536
0.46221
0.15934
0.86059
0.91308
0.61264
0.01721
0.56646
0.23013
0.77695
0.54123
0.81709
0.77607
0.31241
0.54105
0.67544
0.60395
0.87906
0.80817
0.20998
0.79967
0.11153
0.02934
0.24364
0.82646
0.73911
0.38727
0.87088
0.27958
0.17657
0.98971
0.13225
0.92984
0.89721
0.09687
0.97236
0.02985
0.30683
0.76939
0.50634
0.23784
0.98576
0.94912
0.84269
0.37899
0.52324
0.34890
0.70246
0.59327
0.74163
0.12855
0.92938
0.96877
0.96705
0.08595
0.26297
0.10276
0.30949
0.73475
0.44036
0.65358
0.95577
0.88087
0.43420
0.86263
0.10321
0.00125
0.47405
0.15605
0.81114
0.64412
0.36860
0.75439
0.67226
0.79727
0.57029
0.87762
0.57843
0.46983
0.77563
0.05755
0.00933
0.75516
0.95460
0.63996
0.09369
0.36335
0.64980
0.37758
0.79363
0.12453
0.18264
0.60212
0.18025
0.47418
0.90008
0.86640
0.91846
0.52183
0.43844
0.08532
0.28086
0.30006
0.04863
0.57462
0.04011
0.32942
0.64978
0.59831
0.30589
0.03436
0.51712
0.55983
0.99531
0.15807
0.09339
0.11396
0.64142
0.68418
0.62195
0.93581
0.96501
0.09748
0.98791
0.69982
0.37812
0.65869
0.58059
0.75130
0.55909
0.35553
0.37321
0.63073
0.77065
0.57753
0.00396
0.97068
0.05796
0.78878
0.51770
0.12119
0.95197
0.92332
0.03386
0.14097
0.79004
0.16770
0.37348
0.90434
0.60808
0.80438
0.57643
0.72145
0.70580
0.85886
0.73408
0.33048
0.87527
0.95736
0.77960
0.31844
0.82509
0.34384
0.67489
0.81759
0.94720
0.74860
0.68751
0.59638
0.59307
0.44291
0.79816
0.80878
0.57007
0.51084
0.57073
0.73459
0.41956
0.51860
0.11210
0.98199
0.40446
0.72093
0.71460
0.08401
0.99740
0.95648
0.16113
0.37319
0.08733
0.44873
0.25408
0.21402
0.02446
0.60061
0.63941
0.81987
0.44830
0.14848
0.25998
0.03920
0.51121
0.85670
0.42305
0.18383
0.47315
0.13267
0.01217
0.76203
0.58079
0.03875
0.68207
0.73559
0.45382
0.43509
0.47612
0.22385
0.26002
0.81447
0.40790
0.80119
0.21977
0.63316
0.04306
0.61911
0.23206
0.12752
0.16562
0.50806
0.16003
0.93983
0.36904
0.58528
0.20523
0.63244
0.69435
0.90457
0.73621
0.88233
0.16012
0.18789
0.79661
0.68711
0.25689
0.02531
0.63507
0.54501
0.28470
0.80442
0.00161
0.98053
0.81948
0.75355
0.57533
0.60774
0.73011
0.70066
0.89620
0.06072
0.44521
0.44840
0.15059
0.48234
0.27023
0.62108
0.02349
0.86754
0.98371
0.15888
0.76667
0.10467
0.52413
0.70061
0.61098
0.88790
0.30183
0.44843
0.90495
0.85760
0.54810
0.50878
0.99066
0.52514
0.55077
0.04537
0.67751
0.01249
0.22066
0.13006
0.95641
0.48840
0.21229
0.58798
0.82164
0.06271
0.30198
0.52920
0.81701
0.38965
0.04354
0.48769
0.96313
0.47781
0.86072
0.39910
0.16948
0.58469
0.52816
0.11881
0.69742
0.83698
0.57873
0.97223
0.49726
0.91791
0.88772
0.12471
0.30986
0.46941
0.36564
0.38837
0.01223
0.18629
0.69958
0.65621
0.60116
0.41819
0.60880
0.87624
0.11756
0.99293
0.29104
0.98531
0.51455
0.64876
0.73650
0.82827
0.20587
0.50887
0.72323
0.74248
0.06801
0.55650
0.19096
0.91136
0.58495
0.14725
0.03767
0.35691
0.19984
0.65995
0.07905
0.95631
0.44952
0.63355
0.10782
0.58500
0.86317
0.50292
0.74880
0.04377
0.19148
0.84572
0.55136
0.87588
0.73180
0.88447
0.06996
0.45437
0.77905
0.95011
0.74913
0.02262
0.51945
0.84383
0.03918
0.43438
0.72123
0.55856
0.91544
0.16294
0.47728
0.36668
0.14801
0.77423
0.09560
0.33060
0.38000
0.12784
0.93060
0.64490
0.24523
0.98925
0.04558
0.47562
0.50837
0.95392
0.27129
0.79630
0.41636
0.34506
0.98796
0.33259
0.49929
0.61410
0.98622
0.95378
0.64918
0.22351
0.23070
0.74560
0.96639
0.23220
0.47509
0.82767
0.55194
0.03735
0.73389
0.57182
0.68674
0.03370
0.00299
0.37329
0.65795
0.49601
0.38247
0.18989
0.14755
0.33703
0.88670
0.26353
0.60860
0.02137
0.19513
0.30168
0.64328
0.78983
0.02015
0.78299
0.13714
0.30942
0.23707
0.99380
0.42866
0.29534
0.22300
0.29480
0.25464
0.08218
0.02445
0.35187
0.16771
0.88506
0.14476
0.62555
0.09813
0.12781
0.56852
0.51567
0.20322
0.93215
0.20025
0.76623
0.88048
0.06924
0.03901
0.29056
0.66729
0.93096
0.42183
0.72813
0.03692
0.07491
0.04715
0.32870
0.58971
0.43622
0.94088
0.44644
0.23452
0.85798
0.71788
0.64457
0.43130
0.97546
0.81449
0.38636
0.58466
0.23564
0.82378
0.42403
0.84795
0.84175
0.24189
0.12853
0.63394
0.62003
0.08072
0.21008
0.83920
0.58346
0.46312
0.71226
0.13383
0.45892
0.57180
0.52776
0.14753
0.22310
0.54145
0.61031
0.88394
0.20629
0.90184
0.27172
0.47981
0.34244
0.54406
0.97797
0.93072
0.81601
0.59849
0.97967
0.52879
0.04729
0.83051
0.73027
0.69811
0.86649
0.97343
0.15212
0.14603
0.20225
0.05728
0.80412
0.31848
0.24392
0.19180
0.11138
0.42130
0.51229
0.27165
0.99838
0.91932
0.14288
0.50988
0.90082
0.85177
0.76899
0.59376
0.97315
0.33534
0.14172
0.44403
0.31353
0.64273
0.62808
0.52167
0.36253
0.94000
0.61648
0.28180
0.48451
0.79603
0.51713
0.61325
0.99501
0.28497
0.87047
0.85475
0.72746
0.23368
0.66868
0.30886
0.32962
0.64277
0.88495
0.46422
0.62815
0.83633
0.92297
0.52761
0.09078
0.95357
0.50480
0.19414
0.88041
0.85071
0.48222
0.75468
0.21523
0.65626
0.10884
0.83061
0.20499
0.50147
0.47639
0.05136
0.39782
0.16123
0.98144
0.93017
0.35612
0.24482
0.33690
0.08888
0.17813
0.94270
0.21778
0.70303
0.52262
0.12244
0.53290
0.94658
0.87379
0.11377
0.95750
0.47020
0.40273
0.37541
0.40544
0.54688
0.99396
0.93494
0.87290
0.05916
0.55497
0.12020
0.71563
0.70516
0.67571
0.25811
0.46293
0.81449
0.25621
0.26124
0.40929
0.99113
0.38600
0.86452
0.52571
0.12768
0.05851
0.92290
0.50861
0.48376
0.83067
0.64043
0.02489
0.02505
0.30617
0.45336
0.05781
0.48961
0.89340
0.64250
0.38986
0.54007
0.65805
0.69821
0.01794
0.87794
0.29579
0.35061
0.85560
0.12965
0.50757
0.71476
0.63530
0.03725
0.68373
0.89995
0.53529
0.35308
0.29327
0.75568
0.48098
0.29780
0.86252
0.95843
0.62766
0.80470
0.33917
0.99310
0.11250
0.25528
0.47184
0.50079
0.43552
0.99010
0.71565
0.57005
0.57343
0.43769
0.88978
0.71799
0.59270
0.33874
0.87059
0.34886
0.63678
0.75482
0.66820
0.57399
0.29465
0.30013
0.27701
0.98320
0.33752
0.46494
0.54731
0.63712
0.04388
0.69154
0.98364
0.05656
0.41126
0.40588
0.59932
0.69330
0.87342
0.33801
0.89395
0.93853
0.48513
0.96160
0.04995
0.67990
0.00990
0.05179
0.54947
0.39625
0.64471
0.91333
0.10523
0.22294
0.87916
0.03106
0.74898
0.37201
0.85348
0.38916
0.57195
0.91609
0.30025
0.36317
0.77011
0.71274
0.90571
0.42128
0.18512
0.30057
0.97629
0.24392
0.03068
0.60859
0.09405
0.87789
0.04040
0.83827
0.69091
0.91746
0.79664
0.85087
0.66008
0.62616
0.61272
0.78188
0.92848
0.44184
0.58497
0.74551
0.94443
0.88467
0.64876
0.38595
0.36411
0.41311
0.71902
0.26626
0.43779
0.36482
0.99853
0.00216
0.94700
0.08145
0.66473
0.48610
0.11940
0.22008
0.82620
0.10343
0.79491
0.10356
0.65142
0.18901
0.02947
0.23963
0.38245
0.34606
0.05375
0.44011
0.42510
0.73262
0.76584
0.61883
0.13011
0.90367
0.21557
0.34646
0.13540
0.24474
0.88764
0.50520
0.99124
0.21289
0.38221
0.06155
0.93009
0.44885
0.02571
0.35929
0.51175
0.09033
0.04272
0.71899
0.20865
0.88228
0.29102
0.70874
0.82059
0.48398
0.16992
0.71113
0.74842
0.42988
0.91786
0.27471
0.75711
0.07093
0.53112
0.31247
0.81553
0.82599
0.72582
0.08206
0.23307
0.18156
0.52984
0.99279
0.70058
0.69056
0.65256
0.76502
0.49570
0.70408
0.66183
0.20849
0.53499
0.06871
0.96424
0.65484
0.20838
0.60572
0.17505
0.33596
0.70383
0.10323
0.13037
0.73727
0.12459
0.50079
0.21357
0.97470
0.68478
0.94672
0.20218
0.48355
0.93724
0.31802
0.27240
0.34777
0.92909
0.04895
0.78984
0.97240
0.46888
0.32265
0.37523
0.33741
0.17862
0.20386
0.38180
0.82986
0.44955
0.23742
0.36107
0.22880
0.46192
0.98707
0.26000
0.74453
0.46239
0.89629
0.67678
0.34399
0.98058
0.45228
0.33839
0.20505
0.28013
0.54859
0.12555
0.11940
0.57626
0.00851
0.55315
0.12623
0.18251
0.22151
0.29245
0.00319
0.78253
0.66646
0.10486
0.30430
0.39531
0.24024
0.17226
0.47327
0.81470
0.21765
0.87083
0.03039
0.27453
0.22221
0.98455
0.68120
0.30419
0.18589
0.35298
0.89472
0.69196
0.47976
0.96011
0.13349
0.55270
0.87937
0.74929
0.50099
0.36353
0.25521
0.15917
0.36809
0.73503
0.74525
0.15982
0.03265
0.02658
0.84202
0.22165
0.22265
0.64344
0.97652
0.22082
0.14475
0.03763
0.18572
0.64145
0.77125
0.04902
0.00006
0.88603
0.23792
0.39878
0.15546
0.89296
0.70218
0.10190
0.39982
0.25503
0.51801
0.11453
0.28414
0.06406
0.53249
0.52521
0.37599
0.62465
0.42449
0.72299
0.75271
0.81090
0.14868
0.21553
0.69344
0.50959
0.52688
0.50251
0.59963
0.12047
0.99378
0.79496
0.78877
0.80361
0.14410
0.03104
0.83721
0.49873
0.06613
0.69529
0.27537
0.35245
0.21156
0.26268
0.63668
0.90347
0.64489
0.68012
0.94518
0.64731
0.29086
0.31394
0.72107
0.04938
0.08464
0.49620
0.85020
0.34360
0.71941
0.38784
0.76245
0.12491
0.94264
0.74410
0.25715
0.50621
0.77348
0.43886
0.21429
0.22647
0.49870
0.98716
0.49762
0.32059
0.20770
0.29993
0.23034
0.28473
0.66901
0.93718
0.51058
0.31606
0.97937
0.41706
0.10557
0.05237
0.44031
0.22889
0.16100
0.88986
0.80986
0.91291
0.41747
0.61897
0.64223
0.84122
0.97424
0.81589
0.32912
0.56388
0.91512
0.79437
0.58768
0.06112
0.10846
0.05553
0.13696
0.38500
0.07747
0.36977
0.69231
0.38091
0.59991
0.49847
0.51190
0.16094
0.15174
0.53091
0.05000
0.01938
0.72658
0.51258
0.68140
0.26892
0.00776
0.14216
0.75331
0.62890
0.08821
0.18403
0.93055
0.66143
0.81644
0.91781
0.79582
0.24380
0.70627
0.42990
0.15526
0.49418
0.39743
0.81962
0.79766
0.95633
0.90061
0.23199
0.22918
0.82797
0.80727
0.88456
0.47062
0.85906
0.49027
0.67841
0.06332
0.27294
0.50616
0.27881
0.16945
0.66000
0.77901
0.47176
0.68923
0.13999
0.00620
0.66438
0.84485
0.53012
0.68064
0.04382
0.96224
0.84929
0.27164
0.13062
0.31583
0.67032
0.69687
0.85549
0.23933
0.71610
0.36353
0.83074
0.67315
0.25260
0.01020
0.23792
0.20299
0.47763
0.20716
0.55626
0.66447
0.46917
0.08911
0.63667
0.53027
0.33052
0.91475
0.31604
0.32162
0.25454
0.12392
0.58272
0.84028
0.56388
0.53761
0.58823
0.90495
0.24168
0.07761
0.31315
0.60755
0.36028
0.13062
0.18727
0.07549
0.64331
0.28166
0.93294
0.17918
0.38332
0.84448
0.37048
0.29079
0.66440
0.06544
0.75668
0.39986
0.24757
0.73045
0.47945
0.18255
0.13386
0.68907
0.76294
0.49444
0.13785
0.44104
0.40397
0.62877
0.16690
0.88281
0.73969
0.20760
0.26900
0.79653
0.55345
0.29156
0.95308
0.39735
0.65605
0.96031
0.34835
0.52364
0.22676
0.46697
0.09796
0.91338
0.65126
0.74066
0.06353
0.84353
0.18579
0.37020
0.76206
0.66167
0.66226
0.65790
0.09321
0.34964
0.76695
0.49462
0.42997
0.37729
0.55913
0.15687
0.85196
0.30181
0.77653
0.23743
0.23673
0.13154
0.03582
0.52902
0.94956
0.90383
0.42584
0.45968
0.93655
0.74524
0.30317
0.55730
0.50283
0.24922
0.71477
0.76507
0.97644
0.65296
0.57377
0.25739
0.05642
0.19424
0.11757
0.06967
0.57315
0.64692
0.77943
0.66695
0.74000
0.70842
0.95525
0.11015
0.38094
0.96512
0.40714
0.91340
0.94398
0.46449
0.12832
0.47362
0.92490
0.74228
0.23337
0.36695
0.06497
0.41945
0.61361
0.12036
0.94119
0.28243
0.93982
0.67245
0.72749
0.92407
0.97403
0.36500
0.41161
0.43280
0.79512
0.55042
0.39600
0.33434
0.54173
0.48397
0.85895
0.63918
0.23374
0.50001
0.70187
0.54218
0.38994
0.87216
0.55196
0.61645
0.01343
0.94202
0.06627
0.15487
0.21409
0.88978
0.43625
0.66211
0.20779
0.94080
0.62839
0.30967
0.95870
0.18861
0.30534
0.07717
0.54017
0.59676
0.73948
0.82076
0.99725
0.06148
0.18242
0.00005
0.16370
0.17292
0.51386
0.59835
0.69024
0.61681
0.21545
0.62409
0.23175
0.78985
0.90991
0.89956
0.46870
0.82674
0.84922
0.52799
0.15749
0.25518
0.65697
0.77492
0.60453
0.69234
0.90381
0.96500
0.25102
0.96084
0.83399
0.14665
0.56896
0.89978
0.22634
0.30164
0.16521
0.94534
0.09317
0.63988
0.98763
0.10718
0.53082
0.85043
0.44189
0.87768
0.05766
0.37350
0.71352
0.32155
0.45705
0.67336
0.58411
0.60798
0.05393
0.08272
0.18584
0.03464
0.56923
0.59911
0.72981
0.85413
0.87413
0.99709
0.67787
0.49805
0.46966
0.84853
0.39904
0.83551
0.18848
0.45910
0.91920
0.03678
0.55655
0.28557
0.05967
0.17295
0.69583
0.83632
0.07535
0.31050
0.99876
0.65869
0.56449
0.44813
0.96136
0.83375
0.65200
0.10304
0.48701
0.44578
0.74533
0.89150
0.96789
0.63408
0.27393
0.94506
0.28661
0.43882
0.07551
0.84826
0.09273
0.26686
0.32382
0.26974
0.95789
0.31125
0.25779
0.65404
0.57013
0.46737
0.75074
0.84253
0.05593
0.74801
0.70391
0.96890
0.45633
0.05570
0.86536
0.29600
0.48539
0.57130
0.76034
0.57500
0.25898
0.84221
0.72253
0.89209
0.53949
0.97577
0.73459
0.25277
0.49561
0.14995
0.20600
0.78873
0.88974
0.05218
0.17247
0.16637
0.24182
0.77376
0.71727
0.14417
0.67677
0.15149
0.87090
0.15045
0.29775
0.16575
0.51490
0.48047
0.23858
0.40604
0.35039
0.94794
0.38763
0.23335
0.88284
0.15934
0.17212
0.60686
0.15518
0.97283
0.28133
0.01408
0.21454
0.52912
0.89832
0.21049
0.17968
0.15447
0.43902
0.87796
0.18516
0.92592
0.87145
0.16501
0.01489
0.81152
0.07385
0.45362
0.68924
0.63276
0.77264
0.30848
0.32608
0.00708
0.07755
0.70763
0.94911
0.05606
0.05000
0.81722
0.81081
0.03744
0.18381
0.95167
0.88742
0.58569
0.50492
0.67254
0.21422
0.91587
0.84102
0.28755
0.65844
0.17247
0.89686
0.67321
0.68438
0.97761
0.39694
0.16255
0.89858
0.05518
0.80366
0.05254
0.94965
0.30104
0.77484
0.82238
0.00804
0.54993
0.04372
0.30754
0.87185
0.43103
0.41387
0.81187
0.13763
0.79496
0.62745
0.37492
0.96267
0.44679
0.04076
0.76834
0.21365
0.63480
0.94230
0.21299
0.85766
0.67345
0.37419
0.67395
0.53014
0.45835
0.22118
0.38142
0.72801
0.64410
0.22865
0.53812
0.50361
0.23763
0.57508
0.25051
0.57760
0.44018
0.95904
0.50537
0.81315
0.27976
0.00240
0.13722
0.32868
0.16360
0.91888
0.24525
0.03669
0.34662
0.83248
0.02267
0.80585
0.93690
0.05293
0.22644
0.59700
0.66322
0.18810
0.94498
0.57615
0.90259
0.98171
0.56345
0.93798
0.78503
0.81974
0.70887
0.74798
0.38136
0.99526
0.45103
0.22759
0.59173
0.92601
0.80473
0.77721
0.70132
0.85162
0.64041
0.36298
0.37881
0.29298
0.47054
0.25714
0.52752
0.13627
0.95770
0.28314
0.55899
0.24713
0.64209
0.13993
0.20573
0.02066
0.05609
0.94387
0.35513
0.57875
0.16936
0.64197
0.33470
0.49897
0.13610
0.20081
0.06135
0.53872
0.04083
0.85015
0.49897
0.08926
0.52905
0.41128
0.55943
0.13277
0.61765
0.79367
0.29708
0.47466
0.35766
0.64712
0.10993
0.90707
0.39392
0.99681
0.33828
0.27185
0.12390
0.98939
0.89763
0.18138
0.78094
0.87054
0.79066
0.91558
0.07984
0.45088
0.35132
0.90342
0.42948
0.36725
0.72135
0.05665
0.98596
0.79780
0.75666
0.29147
0.79690
0.12461
0.15087
0.38477
0.64343
0.94982
0.89547
0.74370
0.08709
0.59238
0.89395
0.14892
0.80145
0.87946
0.87038
0.80974
0.84025
0.66002
0.51816
0.46128
0.12772
0.70264
0.21592
0.07520
0.87928
0.39557
0.37586
0.79089
0.16675
0.22373
0.90658
0.39498
0.73681
0.10451
0.51000
0.84097
0.60379
0.62070
0.46134
0.48375
0.19988
0.10919
0.32118
0.69346
0.33549
0.16256
0.44557
0.55480
0.48250
0.28625
0.63262
0.28075
0.43937
0.95955
0.65671
0.32313
0.39223
0.52915
0.45011
0.28386
0.40609
0.07809
0.88012
0.60819
0.75356
0.06793
0.78993
0.56586
0.87896
0.94603
0.88869
0.81507
0.12472
0.54801
0.50063
0.59727
0.61527
0.94358
0.04164
0.79811
0.57491
0.15275
0.93963
0.76417
0.96355
0.04014
0.67253
0.27608
0.14775
0.43926
0.55693
0.73586
0.71344
0.53218
0.14614
0.75666
0.16385
0.57205
0.45071
0.78550
0.51885
0.51409
0.01679
0.38794
0.50335
0.13978
0.95940
0.03375
0.18185
0.22957
0.07054
0.68958
0.12340
0.42348
0.59853
0.70338
0.47656
0.75183
0.45353
0.02855
0.04468
0.11908
0.12777
0.86366
0.07333
0.51200
0.49041
0.15704
0.82200
0.73555
0.52812
0.75790
0.49597
0.18170
0.40507
0.46631
0.91904
0.22047
0.11899
0.35772
0.42375
0.06493
0.62650
0.71588
0.99110
0.22867
0.42745
0.98592
0.16285
0.95349
0.72144
0.36373
0.02128
0.30019
0.17496
0.09306
0.30001
0.15574
0.69303
0.72541
0.56069
0.09206
0.05304
0.66815
0.26661
0.73308
0.89826
0.95782
0.44782
0.53552
0.05437
0.36498
0.38334
0.51342
0.16421
0.42504
0.29522
0.46864
0.29520
0.06391
0.22531
0.40244
0.23267
0.83225
0.21588
0.73445
0.53953
0.79758
0.58301
0.39758
0.74394
0.31544
0.52205
0.35960
0.01729
0.48686
0.28254
0.11408
0.61327
0.27897
0.26707
0.08091
0.02203
0.21748
0.23391
0.18704
0.85399
0.31467
0.24105
0.27908
0.02069
0.99074
0.25529
0.55882
0.30933
0.89753
0.17917
0.52607
0.88602
0.36459
0.31174
0.98432
0.62367
0.40541
0.01801
0.60666
0.43663
0.15633
0.90715
0.31535
0.93966
0.81930
0.49500
0.75898
0.64294
0.43980
0.71128
0.92817
0.02653
0.63250
0.91365
0.47336
0.87511
0.00514
0.06578
0.74913
0.50527
0.02040
0.76847
0.16826
0.04445
0.77291
0.96475
0.64092
0.06163
0.55536
0.22491
0.58726
0.13707
0.94053
0.69261
0.53364
0.88468
0.29873
0.13731
0.60701
0.39254
0.43331
0.12464
0.64241
0.25938
0.29322
0.20400
0.58886
0.76965
0.64986
0.63266
0.18101
0.99249
0.37994
0.76763
0.89005
0.83524
0.23313
0.81577
0.28307
0.87146
0.89593
0.46095
0.61233
0.75001
0.15025
0.22526
0.89037
0.01455
0.26076
0.05380
0.52761
0.49787
0.61792
0.85339
0.60923
0.53158
0.39467
0.76567
0.49952
0.34100
0.22010
0.04045
0.67913
0.12052
0.30699
0.98874
0.71897
0.00832
0.70920
0.20424
0.15180
0.36651
0.50653
0.36774
0.67577
0.27999
0.67992
0.14717
0.44099
0.27506
0.51101
0.91169
0.40407
0.89361
0.43426
0.77653
0.08282
0.07232
0.76534
0.70589
0.56155
0.70202
0.21447
0.83647
0.19973
0.80655
0.07027
0.59703
0.95657
0.65941
0.08167
0.43969
0.02688
0.79539
0.44280
0.10213
0.48340
0.87560
0.20770
0.38026
0.65327
0.82351
0.32622
0.42932
0.77930
0.18369
0.92804
0.60376
0.03360
0.94776
0.55475
0.74496
0.12881
0.31786
0.29229
0.98896
0.63816
0.07387
0.21109
0.37275
0.80073
0.14709
0.45338
0.32803
0.20081
0.78116
0.27645
0.66699
0.12483
0.87982
0.05123
0.20036
0.74946
0.22791
0.72157
0.73628
0.69941
0.12157
0.49392
0.54890
0.75696
0.36268
0.74483
0.36801
0.34235
0.14976
0.90376
0.52290
0.91312
0.52544
0.92674
0.53656
0.00527
0.68526
0.80035
0.77551
0.47573
0.54812
0.57820
0.82467
0.24141
0.89705
0.85542
0.88304
0.59189
0.87998
0.50472
0.49422
0.81335
0.96414
0.66742
0.01967
0.56629
0.34841
0.40306
0.88957
0.25359
0.97836
0.13950
0.58841
0.20107
0.71926
0.83816
0.57649
0.68240
0.33465
0.25673
0.91359
0.92553
0.15161
0.19954
0.42264
0.99512
0.40570
0.10777
0.28402
0.24970
0.55477
0.23599
0.07281
0.41130
0.77828
0.89167
0.46775
0.93299
0.16881
0.56854
0.73305
0.35318
0.44230
0.99167
0.15702
0.61508
0.12116
0.78481
0.42998
0.17405
0.59352
0.60505
0.04241
0.78018
0.11436
0.42590
0.38706
0.85296
0.27393
0.95431
0.06053
0.32511
0.61970
0.38728
0.74182
0.42958
0.96697
0.37945
0.91142
0.54866
0.04136
0.06992
0.86534
0.52245
0.60105
0.36801
0.86743
0.07904
0.35202
0.66785
0.60256
0.33722
0.64111
0.49653
0.47679
0.41746
0.84080
0.58103
0.18010
0.93070
0.71589
0.19347
0.02667
0.49895
0.31583
0.53413
0.70969
0.56197
0.07562
0.19458
0.71033
0.56810
0.21618
0.10040
0.77003
0.82706
0.49299
0.15919
0.46927
0.78191
0.27587
0.31392
0.04180
0.03915
0.03587
0.50201
0.61892
0.40867
0.81897
0.89252
0.13481
0.63030
0.77237
0.29390
0.33150
0.84697
0.47200
0.53595
0.41546
0.21478
0.83396
0.44989
0.43706
0.26196
0.62467
0.61284
0.95828
0.79815
0.35170
0.25947
0.63707
0.00668
0.08962
0.73412
0.89257
0.04271
0.39199
0.83407
0.66331
0.01405
0.31494
0.24276
0.94372
0.43201
0.50940
0.34660
0.83362
0.54976
0.95467
0.60503
0.86379
0.78513
0.76237
0.22083
0.73796
0.79451
0.05433
0.62654
0.86304
0.39769
0.98143
0.65155
0.54763
0.92828
0.06157
0.89269
0.91628
0.80544
0.96493
0.36243
0.90873
0.92590
0.64560
0.75238
0.33258
0.34436
0.04213
0.42622
0.78780
0.51542
0.32255
0.30042
0.43310
0.44899
0.45962
0.25916
0.61657
0.44543
0.90897
0.24270
0.06995
0.99670
0.93816
0.18124
0.54252
0.75647
0.74847
0.87590
0.18379
0.23156
0.92350
0.05367
0.11768
0.40674
0.80149
0.19453
0.38103
0.04468
0.20942
0.39615
0.62092
0.02184
0.71410
0.45045
0.60563
0.66427
0.47185
0.55272
0.49544
0.26817
0.61199
0.14542
0.28872
0.24881
0.05795
0.30329
0.31888
0.45256
0.47161
0.46527
0.13750
0.24325
0.06270
0.51688
0.72718
0.80329
0.48199
0.01965
0.33971
0.28280
0.61671
0.64780
0.95509
0.23371
0.45707
0.99667
0.38131
0.95174
0.49179
0.85032
0.20981
0.51238
0.75210
0.25571
0.97197
0.41739
0.51194
0.00547
0.99596
0.45760
0.53346
0.79430
0.06751
0.57156
0.48116
0.20373
0.64514
0.81061
0.17197
0.31414
0.84402
0.12388
0.17159
0.15008
0.79149
0.81925
0.37107
0.19189
0.39422
0.77184
0.79663
0.05952
0.00885
0.64929
0.04146
0.65125
0.11620
0.86644
0.48814
0.88364
0.81833
0.44736
0.87586
0.27920
0.46961
0.82359
0.02791
0.01486
0.90991
0.05868
0.81282
0.86237
0.91115
0.41428
0.74343
0.85517
0.58246
0.70551
0.24249
0.25339
0.21010
0.31996
0.55705
0.14477
0.40581
0.79235
0.34539
0.67734
0.31777
0.35309
0.49604
0.45111
0.76671
0.83962
0.31561
0.36806
0.99934
0.66424
0.32803
0.07895
0.45487
0.06039
0.90417
0.41909
0.97868
0.22379
0.67755
0.67730
0.45072
0.84758
0.13696
0.31060
0.16005
0.35228
0.14118
0.93534
0.89176
0.53362
0.11286
0.68370
0.97570
0.65942
0.10134
0.79545
0.40216
0.40292
0.00679
0.57926
0.93940
0.30531
0.08475
0.34853
0.16654
0.75657
0.86285
0.47718
0.65352
0.28093
0.17432
0.27984
0.22130
0.09352
0.30641
0.57357
0.49771
0.34418
0.38180
0.25439
0.15829
0.63994
0.70305
0.23307
0.51209
0.98153
0.42552
0.93004
0.30844
0.87647
0.82767
0.20415
0.64744
0.56915
0.33345
0.25144
0.38801
0.34889
0.79214
0.68741
0.49662
0.55029
0.00786
0.54729
0.39918
0.95695
0.22330
0.22925
0.32076
0.85833
0.44719
0.51274
0.59664
0.17999
0.09659
0.36374
0.82180
0.92697
0.05308
0.40784
0.50777
0.02337
0.18223
0.64330
0.69487
0.43573
0.01711
0.29278
0.30026
0.45242
0.07109
0.43893
0.41683
0.39416
0.91491
0.72392
0.17988
0.33482
0.79237
0.19304
0.50783
0.63634
0.69271
0.42425
0.72851
0.96877
0.03155
0.40420
0.12744
0.27798
0.31647
0.81470
0.03557
0.45063
0.54891
0.52723
0.34927
0.38558
0.31143
0.69900
0.51817
0.37598
0.43562
0.86695
0.39723
0.72274
0.33632
0.36853
0.78610
0.51633
0.99064
0.30951
0.02036
0.32678
0.56852
0.65028
0.05371
0.83717
0.93191
0.37711
0.63000
0.36308
0.04587
0.72817
0.21084
0.52980
0.49891
0.50789
0.64407
0.68425
0.54322
0.03493
0.19855
0.45582
0.35805
0.02405
0.06991
0.01562
0.88521
0.23955
0.90117
0.56063
0.43957
0.49276
0.43753
0.67426
0.77506
0.94131
0.68644
0.19464
0.34291
0.07768
0.27936
0.08454
0.05848
0.45008
0.93349
0.63396
0.27824
0.10869
0.88715
0.31599
0.41100
0.00060
0.75129
0.49101
0.73041
0.82752
0.59786
0.67087
0.19647
0.90792
0.95677
0.01819
0.05834
0.22178
0.33030
0.14788
0.08427
0.02911
0.53549
0.57232
0.53428
0.42084
0.09528
0.25686
0.33807
0.69409
0.83157
0.34048
0.44656
0.55092
0.15879
0.35311
0.25428
0.64281
0.97853
0.15754
0.17043
0.58310
0.28781
0.69384
0.63993
0.37136
0.36948
0.63428
0.73613
0.17724
0.74700
0.42203
0.95362
0.17996
0.30642
0.06935
0.86083
0.28123
0.34519
0.79782
0.12692
0.65346
0.27807
0.71873
0.89951
0.82429
0.98398
0.12377
0.61676
0.99341
0.24719
0.54892
0.61446
0.68127
0.61708
0.87812
0.21263
0.20609
0.59276
0.69480
0.93566
0.64105
0.95260
0.38132
0.65416
0.22080
0.21986
0.82175
0.60258
0.75329
0.43104
0.75930
0.67593
0.99994
0.97228
0.18920
0.39762
0.46372
0.05302
0.02975
0.98831
0.95252
0.14147
0.63895
0.65670
0.46603
0.25252
0.56193
0.84831
0.94968
0.40130
0.24808
0.20219
0.65015
0.20707
0.80393
0.26031
0.90906
0.52924
0.33417
0.54063
0.26355
0.69021
0.00865
0.77119
0.44780
0.98609
0.82717
0.71046
0.80618
0.74984
0.59217
0.88411
0.79792
0.94748
0.63555
0.15763
0.52634
0.40877
0.49991
0.80361
0.45293
0.43851
0.13770
0.90770
0.81052
0.10106
0.50462
0.59649
0.60091
0.94792
0.92689
0.51498
0.79407
0.28485
0.83694
0.18253
0.64228
0.18292
0.43446
0.70537
0.99723
0.63147
0.06660
0.38493
0.17031
0.11398
0.90448
0.95407
0.96919
0.38544
0.94020
0.71257
0.80344
0.98166
0.89531
0.71319
0.47647
0.95609
0.21819
0.64645
0.15096
0.01504
0.86913
0.31126
0.96137
0.50011
0.23981
0.29856
0.08454
0.91037
0.87703
0.11818
0.48317
0.83705
0.12497
0.85023
0.74528
0.77761
0.48006
0.31229
0.39549
0.71462
0.07100
0.29888
0.82073
0.56768
0.08201
0.64621
0.90019
0.00424
0.83847
0.70396
0.55465
0.37318
0.81787
0.59155
0.70247
0.42418
0.08418
0.75343
0.23319
0.23218
0.94574
0.85566
0.05328
0.28108
0.90729
0.14971
0.71703
0.68009
0.84180
0.83506
0.85188
0.75250
0.83467
0.17649
0.49509
0.25254
0.29336
0.75837
0.13942
0.74552
0.71397
0.83243
0.87277
0.27078
0.49373
0.42275
0.77875
0.59874
0.02092
0.35430
0.10603
0.40845
0.99535
0.92569
0.38010
0.90152
0.54073
0.16010
0.80253
0.03330
0.73211
0.95941
0.31975
0.68936
0.16596
0.45502
0.67649
0.82042
0.03060
0.37787
0.85910
0.59461
0.76510
0.14562
0.84782
0.10963
0.52521
0.10284
0.24556
0.77553
0.84347
0.38430
0.38391
0.10572
0.91706
0.30408
0.43271
0.85719
0.78491
0.77117
0.90919
0.59654
0.72696
0.14375
0.33527
0.91977
0.40760
0.50638
0.95615
0.41287
0.57950
0.72973
0.17657
0.67915
0.37057
0.61774
0.67302
0.91682
0.98010
0.19402
0.99899
0.46983
0.91484
0.30448
0.25446
0.48514
0.13679
0.26310
0.26610
0.71762
0.03238
0.78467
0.56158
0.22607
0.06113
0.14034
0.98836
0.06133
0.77012
0.60932
0.61418
0.17102
0.69404
0.39176
0.35545
0.34666
0.18345
0.95702
0.41231
0.62260
0.45583
0.89459
0.48942
0.05564
0.57167
0.41873
0.31706
0.53706
0.61188
0.44519
0.54365
0.22660
0.76601
0.92487
0.99082
0.42397
0.48061
0.59127
0.98449
0.79672
0.48287
0.24077
0.50996
0.30722
0.48125
0.58433
0.32681
0.03749
0.88210
0.25083
0.97483
0.12647
0.78442
0.77460
0.77605
0.13216
0.49344
0.57973
0.76950
0.92711
0.40197
0.54208
0.08931
0.49787
0.59322
0.49969
0.06259
0.58976
0.32249
0.64592
0.02373
0.74944
0.47020
0.54555
0.16210
0.85149
0.91513
0.55970
0.23081
0.24757
0.65511
0.35049
0.71676
0.54299
0.63183
0.87844
0.19888
0.45653
0.23914
0.25668
0.46102
0.31508
0.43912
0.72684
0.59191
0.59802
0.84870
0.48942
0.16381
0.47020
0.50821
0.48120
0.30909
0.10666
0.74287
0.78595
0.44561
0.98181
0.59255
0.50732
0.73623
0.15594
0.28403
0.29554
0.43583
0.91259
0.72638
0.88470
0.32544
0.21131
0.04749
0.65713
0.14497
0.84149
0.55296
0.53299
0.07175
0.76984
0.82625
0.64954
0.57540
0.93988
0.12461
0.19856
0.99768
0.95340
0.55907
0.48711
0.45590
0.05085
0.21040
0.50458
0.26946
0.08906
0.16251
0.03070
0.18220
0.36948
0.93932
0.22404
0.57089
0.68167
0.35322
0.38130
0.64322
0.94822
0.30516
0.82302
0.45939
0.21333
0.31923
0.58499
0.96856
0.41883
0.70304
0.02683
0.99668
0.14213
0.68996
0.27800
0.81590
0.35710
0.22175
0.27837
0.72282
0.94420
0.59580
0.41131
0.89201
0.26754
0.03200
0.12610
0.66999
0.18314
0.95231
0.52305
0.89841
0.06913
0.53016
0.54162
0.68645
0.93180
0.18793
0.00382
0.94539
0.80073
0.05704
0.87575
0.92456
0.15368
0.96447
0.75293
0.76374
0.56032
0.89982
0.24129
0.52765
0.02639
0.63230
0.71849
0.46493
0.62832
0.48205
0.15292
0.10662
0.43857
0.73887
0.86094
0.45627
0.73483
0.79736
0.73935
0.35974
0.01069
0.74099
0.75649
0.83071
0.70461
0.53378
0.89064
0.51188
0.90471
0.85342
0.29808
0.12436
0.57651
0.05952
0.26515
0.60083
0.08739
0.41051
0.99533
0.52459
0.78588
0.37502
0.51838
0.92213
0.95956
0.52409
0.52676
0.10334
0.49276
0.96186
0.45376
0.95428
0.50722
0.13112
0.58751
0.25227
0.61090
0.25737
0.64721
0.83453
0.54555
0.22966
0.11947
0.99615
0.58113
0.86943
0.83072
0.89620
0.92545
0.86635
0.15251
0.68076
0.99694
0.34913
0.43073
0.27751
0.01215
0.81160
0.71990
0.58302
0.78153
0.46975
0.02903
0.55198
0.08781
0.81279
0.61988
0.30044
0.87944
0.00427
0.89075
0.19475
0.25938
0.06217
0.09282
0.48985
0.54897
0.87584
0.94195
0.90935
0.82756
0.10730
0.55213
0.71624
0.58500
0.17249
0.02424
0.43375
0.18387
0.87736
0.15120
0.97357
0.13774
0.03230
0.22570
0.67920
0.04028
0.28000
0.53398
0.53152
0.75714
0.65368
0.48805
0.26869
0.47380
0.12149
0.86505
0.49133
0.50421
0.98585
0.00228
0.41235
0.98007
0.42970
0.05330
0.79902
0.43038
0.79432
0.10685
0.71490
0.52731
0.14375
0.88255
0.95936
0.12205
0.85272
0.03349
0.26394
0.18055
0.33671
0.69646
0.08388
0.10184
0.88788
0.53652
0.14641
0.01930
0.36654
0.48907
0.26501
0.13069
0.92744
0.68655
0.82687
0.74770
0.20753
0.69746
0.61587
0.16776
0.33000
0.25204
0.95286
0.42135
0.51394
0.82158
0.02137
0.79923
0.36507
0.55681
0.81417
0.26297
0.05695
0.77116
0.67627
0.41759
0.36225
0.25972
0.56922
0.40072
0.03835
0.86569
0.52676
0.43780
0.17147
0.44108
0.05376
0.46270
0.13747
0.89268
0.17020
0.19347
0.39369
0.63936
0.11866
0.22935
0.91781
0.56512
0.56645
0.78344
0.89234
0.86321
0.10932
0.91606
0.75286
0.06055
0.10218
0.84790
0.56126
0.71846
0.11541
0.72068
0.75194
0.88067
0.95707
0.61011
0.75626
0.63141
0.27196
0.90420
0.27352
0.49127
0.90263
0.15109
0.39732
0.93544
0.04720
0.69353
0.97069
0.66587
0.92972
0.15439
0.26973
0.39023
0.46601
0.28641
0.94267
0.92623
0.87430
0.33444
0.98532
0.53848
0.29534
0.44611
0.32905
0.12278
0.87816
0.20342
0.17125
0.83131
0.85965
0.42769
0.81825
0.11998
0.00830
0.36040
0.21020
0.17649
0.57227
0.71365
0.43345
0.46841
0.36684
0.70067
0.98809
0.01755
0.63889
0.76816
0.67677
0.79987
0.77877
0.26296
0.79765
0.31554
0.42058
0.79207
0.21601
0.42525
0.22259
0.42529
0.97358
0.84547
0.53696
0.06456
0.70920
0.45688
0.16278
0.43344
0.78687
0.15154
0.87230
0.53859
0.47024
0.97357
0.61820
0.65732
0.23971
0.36785
0.08715
0.40612
0.14694
0.86008
0.16224
0.82161
0.46778
0.77270
0.79404
0.37877
0.87617
0.17958
0.56344
0.73709
0.58066
0.17929
0.42203
0.10635
0.58474
0.81193
0.34861
0.47157
0.45510
0.28126
0.79436
0.24964
0.94053
0.77459
0.48867
0.36332
0.05732
0.56169
0.99615
0.61996
0.30920
0.24885
0.84776
0.93653
0.75727
0.69055
0.46947
0.79707
0.09703
0.04618
0.39814
0.79167
0.35083
0.48092
0.20363
0.20931
0.02901
0.39633
0.27418
0.18158
0.52693
0.06630
0.42330
0.21515
0.40746
0.85909
0.20487
0.34498
0.08930
0.26793
0.21459
0.32116
0.36929
0.04643
0.38531
0.16864
0.36901
0.52204
0.18393
0.04761
0.14924
0.45042
0.55816
0.34926
0.15965
0.30014
0.92193
0.16081
0.89050
0.15787
0.39241
0.68381
0.75089
0.27174
0.80480
0.82332
0.70279
0.13321
0.81961
0.98499
0.79682
0.61211
0.15508
0.64311
0.91518
0.67888
0.67465
0.18218
0.62543
0.74421
0.39805
0.68134
0.05443
0.76706
0.16633
0.21664
0.99943
0.04507
0.39850
0.63706
0.66297
0.68330
0.28553
0.51946
0.37777
0.42588
0.80208
0.39860
0.81315
0.40178
0.04111
0.05292
0.62982
0.49018
0.13944
0.43290
0.22333
0.55474
0.23355
0.39718
0.29566
0.22011
0.26833
0.19512
0.42738
0.96418
0.35625
0.01934
0.24363
0.24159
0.51058
0.65309
0.25469
0.27801
0.42089
0.85554
0.49973
0.35482
0.60154
0.24258
0.99874
0.03895
0.27312
0.39843
0.61958
0.72954
0.65703
0.69656
0.79431
0.38619
0.60857
0.67649
0.48239
0.03955
0.28883
0.67148
0.93144
0.70963
0.49056
0.89659
0.39989
0.46689
0.64318
0.89408
0.90142
0.30156
0.44546
0.97274
0.22226
0.03534
0.57340
0.28860
0.85356
0.48550
0.53139
0.89875
0.67270
0.55213
0.89895
0.72911
0.45401
0.36050
0.98969
0.73144
0.87430
0.33257
0.51684
0.54263
0.28081
0.75113
0.08478
0.31621
0.38463
0.49393
0.76527
0.43744
0.05192
0.98458
0.11494
0.49605
0.95327
0.28914
0.75110
0.69473
0.00216
0.44109
0.71312
0.61281
0.59992
0.86168
0.39264
0.70577
0.33781
0.09074
0.78985
0.60231
0.60967
0.72427
0.72947
0.69736
0.89196
0.92801
0.11824
0.69590
0.45225
0.97966
0.40401
0.73126
0.59346
0.06538
0.08297
0.21824
0.05039
0.13174
0.58526
0.32087
0.23581
0.47665
0.08580
0.67782
0.41788
0.53079
0.69376
0.69533
0.25076
0.71244
0.03169
0.07385
0.64593
0.93472
0.65659
0.09259
0.05246
0.50983
0.94540
0.22585
0.88792
0.63667
0.84504
0.28225
0.50115
0.88460
0.91981
0.16816
0.15261
0.11454
0.55082
0.70401
0.74817
0.41485
0.60989
0.06800
0.80929
0.48221
0.38221
0.37424
0.47152
0.62175
0.44861
0.13224
0.37384
0.58033
0.31055
0.65874
0.90751
0.27569
0.40499
0.86155
0.28642
0.67909
0.14504
0.78881
0.36563
0.60051
0.29222
0.16510
0.91433
0.02698
0.67766
0.88579
0.31158
0.14352
0.62330
0.26115
0.55840
0.12209
0.24074
0.67744
0.36547
0.95173
0.18875
0.53049
0.32589
0.14699
0.49310
0.19396
0.82663
0.28725
0.02298
0.35108
0.56239
0.91927
0.27618
0.63716
0.46761
0.00901
0.32343
0.94934
0.44056
0.17564
0.79819
0.57077
0.30040
0.38347
0.30950
0.01817
0.84255
0.08333
0.28578
0.78892
0.92538
0.62594
0.82832
0.47095
0.61922
0.26872
0.33817
0.64085
0.34904
0.10892
0.67670
0.58308
0.02268
0.86730
0.89886
0.19723
0.67623
0.49916
0.58055
0.46182
0.95209
0.28708
0.24670
0.37486
0.63400
0.94556
0.03399
0.77631
0.89178
0.93314
0.01291
0.15448
0.03498
0.69430
0.32918
0.92282
0.24490
0.11734
0.26547
0.70024
0.57694
0.85443
0.70016
0.41309
0.13926
0.53364
0.11755
0.07420
0.81837
0.55303
0.64529
0.41444
0.00044
0.28717
0.28139
0.30824
0.76601
0.24290
0.82514
0.06693
0.31251
0.25217
0.26848
0.06369
0.59860
0.99806
0.39234
0.17916
0.32848
0.98749
0.17969
0.82763
0.67602
0.08197
0.09200
0.51281
0.11621
0.37345
0.87884
0.00122
0.51925
0.56418
0.44243
0.43586
0.90538
0.90836
0.89013
0.05259
0.40727
0.96577
0.65215
0.91426
0.11163
0.93474
0.28155
0.68518
0.49939
0.04423
0.77626
0.10794
0.51361
0.32025
0.85476
0.83050
0.20819
0.02823
0.13049
0.25722
0.57667
0.68936
0.15831
0.49308
0.93750
0.69054
0.41293
0.71933
0.66219
0.70909
0.62161
0.28421
0.11566
0.66418
0.61007
0.53776
0.76030
0.51608
0.67997
0.84921
0.14784
0.01268
0.06921
0.61888
0.66207
0.31910
0.01895
0.30827
0.08180
0.99852
0.30679
0.60306
0.27346
0.84407
0.07739
0.93112
0.77858
0.95700
0.46050
0.36276
0.74333
0.94505
0.33169
0.53183
0.62152
0.03275
0.59459
0.01771
0.63126
0.01989
0.39497
0.73290
0.11094
0.27460
0.28263
0.78176
0.20817
0.72128
0.95472
0.13124
0.08096
0.74067
0.25146
0.44185
0.82122
0.25115
0.65199
0.64573
0.45383
0.09514
0.35499
0.06321
0.94372
0.64040
0.35718
0.18867
0.89298
0.90873
0.02749
0.44853
0.65954
0.87391
0.45509
0.89955
0.67654
0.41105
0.50784
0.84843
0.39301
0.84354
0.75238
0.16772
0.41622
0.85960
0.96812
0.76400
0.11551
0.51754
0.35938
0.27968
0.05818
0.91468
0.86917
0.98626
0.08666
0.87896
0.44664
0.49929
0.88833
0.49770
0.67811
0.01339
0.40998
0.22730
0.39540
0.33394
0.73439
0.26463
0.45667
0.35149
0.14907
0.85009
0.99081
0.84096
0.03908
0.91619
0.64099
0.90840
0.61827
0.70778
0.08811
0.61244
0.81670
0.69271
0.01005
0.57250
0.57204
0.47501
0.32214
0.99157
0.54502
0.70763
0.38905
0.67735
0.99286
0.83270
0.02564
0.85795
0.13673
0.58342
0.59639
0.09550
0.86891
0.83117
0.86850
0.44764
0.54035
0.65220
0.80538
0.68953
0.66253
0.56834
0.93681
0.40078
0.98173
0.05091
0.23638
0.78670
0.06087
0.59544
0.38953
0.69702
0.28702
0.50416
0.85486
0.18992
0.23129
0.19065
0.61760
0.72939
0.44341
0.93525
0.23248
0.35701
0.78381
0.91376
0.73502
0.98902
0.92190
0.43352
0.92209
0.15514
0.27326
0.66952
0.39175
0.02230
0.12594
0.49953
0.29233
0.02073
0.47531
0.27877
0.35865
0.55653
0.95778
0.49884
0.55653
0.72080
0.04909
0.99844
0.75010
0.11277
0.60058
0.81306
0.86749
0.98374
0.51237
0.15545
0.86162
0.72450
0.14527
0.02421
0.65213
0.88548
0.92545
0.88757
0.13810
0.19447
0.27184
0.14320
0.03570
0.81300
0.40052
0.61867
0.85844
0.07184
0.64980
0.86821
0.64631
0.22133
0.14150
0.01724
0.67117
0.31331
0.31953
0.04951
0.03507
0.00614
0.48018
0.78433
0.03616
0.56163
0.49833
0.73795
0.51764
0.89730
0.49410
0.07520
0.32981
0.40629
0.19322
0.26935
0.81734
0.13886
0.56760
0.91369
0.95054
0.18231
0.15189
0.67456
0.06747
0.23206
0.85647
0.40227
0.86731
0.41050
0.18865
0.63815
0.22789
0.04376
0.89550
0.86219
0.95667
0.58107
0.43066
0.32779
0.00672
0.01807
0.88369
0.23577
0.93159
0.51470
0.44044
0.81717
0.32014
0.46913
0.99580
0.84686
0.01154
0.94894
0.55613
0.50070
0.23227
0.86990
0.67607
0.11758
0.22013
0.58664
0.64710
0.29455
0.09990
0.82275
0.53542
0.92269
0.28635
0.13149
0.52194
0.27424
0.73575
0.24086
0.24944
0.23334
0.81228
0.20280
0.97900
0.41811
0.91983
0.67037
0.49570
0.85209
0.93677
0.19557
0.97572
0.28252
0.78115
0.07015
0.47105
0.38862
0.24183
0.60657
0.42768
0.87952
0.97745
0.01621
0.17401
0.36012
0.15253
0.46693
0.28240
0.63115
0.57449
0.70181
0.73009
0.27350
0.17084
0.25654
0.56736
0.92785
0.30312
0.67005
0.98884
0.40527
0.90865
0.66952
0.87293
0.78677
0.79727
0.32437
0.38119
0.44711
0.15867
0.98686
0.64298
0.98052
0.94936
0.65777
0.21282
0.73166
0.91427
0.37477
0.48118
0.81444
0.94712
0.03800
0.08005
0.13151
0.19915
0.40058
0.82404
0.53903
0.13905
0.23924
0.94161
0.10688
0.35736
0.26200
0.43203
0.40174
0.19371
0.97226
0.20572
0.41509
0.87613
0.72842
0.29569
0.52026
0.00383
0.47150
0.95130
0.80492
0.92343
0.88880
0.36857
0.20842
0.30818
0.33797
0.45083
0.87244
0.25707
0.38306
0.28349
0.81258
0.32789
0.99980
0.23235
0.05784
0.35525
0.11678
0.18622
0.51002
0.93026
0.23219
0.70587
0.91205
0.63947
0.67174
0.30443
0.91423
0.23197
0.86101
0.30322
0.56185
0.46189
0.90178
0.10504
0.55888
0.17377
0.34158
0.62099
0.12288
0.35244
0.13010
0.14099
0.20426
0.69965
0.69425
0.09758
0.81568
0.40407
0.02380
0.88170
0.62999
0.08499
0.03822
0.50055
0.52793
0.89060
0.80667
0.15001
0.91973
0.83078
0.83004
0.91078
0.44752
0.00160
0.18457
0.01774
0.05199
0.71479
0.18630
0.87314
0.20446
0.76284
0.38040
0.77245
0.94318
0.29065
0.96803
0.64224
0.48909
0.64678
0.33654
0.70586
0.81333
0.78875
0.34662
0.26858
0.02350
0.77637
0.71013
0.21271
0.58441
0.08592
0.95635
0.83556
0.16207
0.32828
0.92293
0.32705
0.11746
0.17919
0.37799
0.33846
0.50666
0.33715
0.56053
0.21086
0.16735
0.37225
0.19404
0.29124
0.28569
0.53176
0.55144
0.47766
0.52447
0.73761
0.67804
0.28044
0.60470
0.56285
0.58053
0.71726
0.04519
0.63991
0.20392
0.54216
0.21758
0.59914
0.94607
0.16618
0.37228
0.90816
0.98718
0.09562
0.51333
0.86615
0.12243
0.84376
0.31612
0.00187
0.56213
0.50078
0.01970
0.44703
0.09928
0.83921
0.16001
0.91537
0.80022
0.93043
0.17545
0.95788
0.60673
0.15774
0.25500
0.12434
0.07004
0.76484
0.86372
0.25688
0.16020
0.66853
0.32046
0.36130
0.92892
0.41368
0.24127
0.46923
0.43557
0.49926
0.89984
0.59474
0.30981
0.19742
0.31675
0.92207
0.72242
0.60794
0.42263
0.97270
0.18646
0.38559
0.82112
0.99951
0.23395
0.16862
0.90889
0.60151
0.58559
0.63154
0.18607
0.24330
0.58804
0.52995
0.58358
0.96978
0.11389
0.51858
0.61395
0.87033
0.12099
0.88923
0.30532
0.12198
0.36627
0.83655
0.94184
0.95578
0.71820
0.20672
0.68184
0.87597
0.76081
0.15895
0.41240
0.44995
0.95097
0.89457
0.08095
0.97953
0.92727
0.81341
0.96858
0.03152
0.45662
0.39611
0.40180
0.91553
0.99507
0.92579
0.90904
0.27639
0.31814
0.26963
0.85426
0.67584
0.19037
0.46100
0.29306
0.72004
0.48220
0.69152
0.52413
0.83585
0.49578
0.77862
0.22963
0.60949
0.45876
0.69870
0.06750
0.01613
0.54583
0.71261
0.31208
0.24775
0.84567
0.64175
0.60371
0.62886
0.04913
0.65715
0.39500
0.13581
0.26429
0.14910
0.53643
0.90670
0.65770
0.94072
0.72993
0.91013
0.49120
0.09616
0.46979
0.08117
0.04076
0.77011
0.73350
0.65663
0.10659
0.47458
0.46429
0.22218
0.18783
0.25285
0.81939
0.40905
0.41010
0.06148
0.03491
0.20461
0.44166
0.96620
0.16637
0.72176
0.73822
0.76390
0.29931
0.72751
0.95909
0.12475
0.59442
0.50155
0.34487
0.88148
0.24784
0.38331
0.60108
0.02194
0.37083
0.86562
0.00395
0.82074
0.20180
0.47511
0.40826
0.79333
0.51183
0.48291
0.27484
0.65893
0.16996
0.16624
0.36117
0.29075
0.64003
0.34649
0.34112
0.07607
0.43658
0.04371
0.65750
0.73812
0.97154
0.36226
0.29605
0.35628
0.08275
0.72106
0.95893
0.44367
0.92416
0.89378
0.53711
0.49060
0.23893
0.65889
0.55620
0.66614
0.07460
0.44878
0.68873
0.35477
0.31189
0.28853
0.97998
0.73449
0.64618
0.50165
0.54221
0.95904
0.16047
0.46785
0.87230
0.05254
0.91223
0.88382
0.54059
0.92546
0.20641
0.44732
0.60477
0.77344
0.89989
0.08682
0.54298
0.16814
0.30398
0.76621
0.28917
0.04374
0.65032
0.20742
0.51041
0.63547
0.11355
0.93643
0.49651
0.20830
0.49697
0.07526
0.79281
0.02493
0.50666
0.60069
0.06283
0.68394
0.33129
0.54967
0.12230
0.78834
0.64161
0.87594
0.94430
0.48788
0.85290
0.59423
0.20318
0.76919
0.42995
0.53072
0.04676
0.74961
0.52257
0.64364
0.62689
0.06702
0.66374
0.68843
0.69687
0.56162
0.66665
0.65076
0.85153
0.96125
0.16614
0.10126
0.64312
0.46339
0.28299
0.08693
0.28009
0.27321
0.56324
0.06036
0.39238
0.27553
0.39959
0.83294
0.12204
0.57552
0.38477
0.50338
0.95934
0.89531
0.89282
0.42550
0.53215
0.20299
0.10159
0.60312
0.77875
0.35365
0.99232
0.42653
0.03109
0.31558
0.93389
0.19764
0.10158
0.27446
0.58882
0.35765
0.09067
0.59451
0.74881
0.34445
0.96040
0.64848
0.46428
0.87553
0.18399
0.79553
0.09319
0.12800
0.60374
0.46566
0.96621
0.69091
0.04747
0.00151
0.36005
0.47140
0.27305
0.32778
0.19323
0.80620
0.85842
0.36564
0.87230
0.30347
0.43427
0.94292
0.28245
0.34552
0.52790
0.04093
0.27990
0.99208
0.29889
0.23338
0.86770
0.35357
0.58924
0.21472
0.01566
0.64515
0.61778
0.79362
0.97726
0.06348
0.14139
0.24007
0.15928
0.52642
0.14980
0.01333
0.59177
0.85114
0.70873
0.22009
0.31578
0.63675
0.57002
0.86981
0.18948
0.92307
0.69186
0.08983
0.67455
0.63389
0.51801
0.95436
0.41254
0.92659
0.20616
0.66695
0.54641
0.53914
0.15041
0.93768
0.68299
0.56837
0.33574
0.22251
0.52753
0.93621
0.98366
0.25403
0.21208
0.01807
0.84232
0.32104
0.44432
0.08641
0.43848
0.73002
0.91717
0.46515
0.72156
0.28132
0.33706
0.43905
0.43530
0.50685
0.80976
0.86978
0.91801
0.91174
0.29486
0.53490
0.89693
0.00558
0.71793
0.56321
0.01065
0.35942
0.32291
0.73304
0.16995
0.22139
0.88716
0.96129
0.33313
0.38943
0.35179
0.85869
0.75331
0.51785
0.38857
0.60264
0.25719
0.94230
0.21370
0.22277
0.34224
0.93680
0.60308
0.97906
0.37108
0.78066
0.07100
0.79586
0.41348
0.50693
0.50981
0.16214
0.56625
0.08812
0.37434
0.56154
0.86642
0.54552
0.86051
0.47901
0.82207
0.37399
0.35181
0.71995
0.28022
0.95783
0.03606
0.17235
0.61946
0.24268
0.90799
0.81163
0.35708
0.35091
0.58051
0.39067
0.96320
0.02784
0.10584
0.49925
0.51401
0.19651
0.53183
0.16643
0.37697
0.60039
0.49077
0.76174
0.25231
0.91252
0.52497
0.33934
0.19432
0.01906
0.05946
0.97947
0.95101
0.16124
0.76773
0.97428
0.70318
0.04441
0.15725
0.59874
0.04609
0.80100
0.92961
0.74360
0.95986
0.30776
0.63096
0.25536
0.75389
0.93917
0.40193
0.69085
0.28091
0.36950
0.05080
0.00894
0.63857
0.13130
0.64662
0.34025
0.13933
0.68390
0.87338
0.91527
0.07266
0.31634
0.81716
0.76390
0.99843
0.73351
0.14128
0.63731
0.85136
0.89152
0.80570
0.86708
0.14613
0.89229
0.28086
0.19287
0.91941
0.02051
0.63069
0.05186
0.51963
0.00078
0.31072
0.57650
0.73437
0.52032
0.11338
0.89087
0.32701
0.27429
0.86917
0.14764
0.70024
0.36572
0.30298
0.00366
0.59704
0.36640
0.44703
0.88462
0.97438
0.19054
0.13925
0.06878
0.00629
0.07187
0.25132
0.17310
0.10805
0.89459
0.32525
0.19856
0.52114
0.75618
0.38369
0.51287
0.39414
0.21533
0.18113
0.86779
0.10558
0.65024
0.00750
0.04012
0.68635
0.78314
0.09093
0.72326
0.04585
0.85182
0.46923
0.69448
0.31028
0.54357
0.75831
0.58879
0.51889
0.59667
0.58955
0.50747
0.15707
0.04354
0.19357
0.19545
0.11752
0.86880
0.32167
0.53570
0.35861
0.77079
0.14231
0.57973
0.51980
0.37104
0.31364
0.23289
0.16725
0.55431
0.22566
0.52719
0.68765
0.20457
0.22086
0.11446
0.45465
0.29076
0.19624
0.83026
0.51399
0.44200
0.81932
0.78779
0.57233
0.05067
0.32765
0.25993
0.05937
0.04802
0.23895
0.70274
0.56192
0.47838
0.46065
0.90802
0.77655
0.92417
0.73830
0.01825
0.34463
0.88333
0.80720
0.60468
0.15080
0.12182
0.02982
0.01996
0.77876
0.75573
0.02190
0.56580
0.38760
0.35472
0.77959
0.26577
0.24813
0.10417
0.81966
0.79883
0.88217
0.76452
0.68338
0.67153
0.81725
0.78230
0.39161
0.84184
0.95327
0.58330
0.95865
0.48868
0.40188
0.62733
0.60569
0.46208
0.38050
0.36202
0.89451
0.32458
0.34655
0.01316
0.30051
0.00855
0.29915
0.42445
0.41710
0.76143
0.02084
0.05713
0.99600
0.38770
0.26882
0.30925
0.30408
0.09259
0.87054
0.36027
0.32300
0.81512
0.69560
0.74069
0.94226
0.59640
0.87165
0.25171
0.51787
0.79703
0.52022
0.62380
0.40110
0.27650
0.74628
0.90847
0.13726
0.58668
0.96501
0.42186
0.37578
0.32678
0.72314
0.31225
0.89217
0.00977
0.76870
0.50874
0.64974
0.75409
0.00002
0.41436
0.54750
0.47472
0.13834
0.45403
0.67182
0.33683
0.66487
0.77119
0.78347
0.38494
0.95535
0.42334
0.63269
0.67874
0.88233
0.87215
0.92445
0.21171
0.72364
0.15730
0.04554
0.57692
0.84657
0.12603
0.82660
0.98370
0.35304
0.65482
0.80548
0.23270
0.88065
0.73938
0.76171
0.20959
0.51853
0.20862
0.66400
0.96445
0.92688
0.83642
0.42060
0.91688
0.73802
0.85569
0.92746
0.61963
0.43265
0.83212
0.70848
0.06152
0.26829
0.01551
0.40127
0.20415
0.88085
0.06403
0.28807
0.07408
0.09185
0.39379
0.29822
0.37371
0.48027
0.84842
0.48071
0.41138
0.53498
0.16815
0.13973
0.18882
0.08421
0.61557
0.04724
0.44468
0.51775
0.95678
0.70639
0.47284
0.94326
0.66074
0.17472
0.24658
0.00008
0.14823
0.79909
0.51798
0.74550
0.73293
0.59434
0.26092
0.04443
0.39495
0.06726
0.19403
0.34440
0.38890
0.95436
0.15981
0.69983
0.44994
0.33317
0.32469
0.68066
0.90167
0.02775
0.24008
0.92427
0.63658
0.19549
0.40424
0.35493
0.60690
0.10317
0.65239
0.81835
0.52050
0.35385
0.22579
0.69088
0.72622
0.81011
0.64962
0.45475
0.41072
0.45019
0.03185
0.86996
0.78686
0.29183
0.49820
0.49111
0.07016
0.44692
0.98125
0.04444
0.40602
0.84386
0.31488
0.57722
0.68548
0.00023
0.63049
0.79752
0.16278
0.76663
0.80526
0.75935
0.74351
0.19911
0.09955
0.71292
0.01361
0.83956
0.21033
0.55476
0.57324
0.74775
0.44153
0.70735
0.54123
0.68573
0.87574
0.87826
0.63600
0.13535
0.22725
0.70706
0.03676
0.21467
0.42565
0.81791
0.54652
0.93197
0.68823
0.00683
0.51879
0.38242
0.24169
0.83912
0.69193
0.66396
0.48721
0.23445
0.28177
0.16209
0.56203
0.57960
0.78419
0.50072
0.25071
0.25891
0.41909
0.23466
0.70793
0.42465
0.39308
0.49576
0.85028
0.79839
0.48472
0.44158
0.26559
0.52006
0.54053
0.43435
0.55120
0.08601
0.90923
0.84503
0.29844
0.65307
0.21097
0.56729
0.00144
0.65411
0.28283
0.13732
0.93863
0.77477
0.83503
0.44090
0.17460
0.66783
0.32605
0.01283
0.56993
0.21614
0.72333
0.80644
0.84712
0.01394
0.80045
0.17492
0.75662
0.96268
0.83873
0.38143
0.47796
0.07519
0.47952
0.11385
0.75283
0.88625
0.81920
0.83360
0.71170
0.82998
0.48267
0.21837
0.51752
0.93008
0.68113
0.41512
0.48786
0.32898
0.73926
0.30680
0.66043
0.70562
0.68130
0.19700
0.44201
0.00074
0.45199
0.28045
0.88403
0.87799
0.08727
0.66185
0.93686
0.87079
0.16490
0.49023
0.57649
0.32728
0.53693
0.27316
0.53715
0.34989
0.40869
0.31872
0.08888
0.72255
0.49496
0.95266
0.31820
0.78836
0.37908
0.30082
0.90132
0.28962
0.94421
0.57443
0.72420
