0.02526
0.00437
0.53052
0.42803
0.29874
0.81744
0.69645
0.56025
0.07311
0.83368
0.13452
0.66073
0.94549
0.18809
0.16512
0.67360
0.99088
0.74674
0.03719
0.72845
0.24264
0.25609
0.71134
0.70124
0.96057
0.87677
0.32155
0.10550
0.65045
0.55472
0.96286
0.81862
0.42810
0.29084
0.01535
0.47159
0.43122
0.11542
0.09750
0.34746
0.25960
0.01718
0.39470
0.90399
0.57827
0.32508
0.91715
0.90839
0.03153
0.91629
0.28364
0.29700
0.76377
0.39468
0.19891
0.13544
0.36205
0.53520
0.83901
0.18615
0.11198
0.36323
0.79764
0.49008
0.88883
0.30802
0.29658
0.95173
0.93127
0.32964
0.55784
0.06516
0.77324
0.06260
0.94009
0.65595
0.77125
0.78644
0.51036
0.52475
0.92455
0.00571
0.15124
0.82267
0.53630
0.52819
0.73498
0.20495
0.48054
0.49983
0.21809
0.08463
0.44282
0.79716
0.94620
0.41577
0.83893
0.23112
0.58557
0.28807
0.97661
0.62214
0.88483
0.15454
0.31805
0.14346
0.59180
0.84652
0.08734
0.37150
0.06115
0.98542
0.34499
0.54327
0.65543
0.10293
0.34840
0.14299
0.33109
0.21253
0.03790
0.81409
0.18291
0.01057
0.79968
0.46101
0.37702
0.49576
0.06447
0.28702
0.31060
0.16462
0.29588
0.97508
0.11498
0.65984
0.58490
0.42953
0.73553
0.69451
0.74434
0.55171
0.99845
0.78062
0.11021
0.46511
0.16520
0.22078
0.99277
0.94664
0.99028
0.40445
0.51639
0.10055
0.36264
0.87711
0.00328
0.52998
0.66808
0.50922
0.48327
0.73859
0.46629
0.53780
0.94620
0.17866
0.90118
0.21166
0.64426
0.00816
0.14261
0.39692
0.34755
0.50280
0.98831
0.83833
0.07599
0.37856
0.57483
0.96721
0.05902
0.77136
0.09613
0.80204
0.65811
0.00426
0.98784
0.45647
0.40733
0.45682
0.30800
0.12467
0.42343
0.75376
0.67286
0.35548
0.97030
0.23237
0.97221
0.11015
0.81687
0.23231
0.58065
0.03969
0.37498
0.12993
0.40543
0.67241
0.08458
0.70485
0.02287
0.38411
0.72774
0.30804
0.10035
0.01164
0.63582
0.46576
0.26998
0.72981
0.74716
0.57704
0.26696
0.56326
0.01950
0.70323
0.21672
0.04321
0.38671
0.15544
0.18721
0.12812
0.99678
0.20749
0.43394
0.01797
0.91475
0.88913
0.16808
0.73573
0.98828
0.91855
0.70217
0.05498
0.07013
0.52099
0.91405
0.44584
0.13842
0.70162
0.30496
0.20736
0.41900
0.68608
0.74087
0.99073
0.67600
0.01942
0.65608
0.46512
0.72151
0.62462
0.63856
0.48059
0.26251
0.94707
0.30646
0.72591
0.22851
0.02661
0.49369
0.84397
0.01567
0.00732
0.25452
0.39539
0.51278
0.74369
0.71877
0.19838
0.31902
0.00608
0.03905
0.03480
0.74020
0.32358
0.45002
0.02765
0.24408
0.63904
0.85612
0.42186
0.93490
0.04418
0.59554
0.53116
0.79718
0.15525
0.83414
0.94142
0.01601
0.81777
0.94834
0.47624
0.77559
0.59905
0.80616
0.94921
0.21368
0.67527
0.71128
0.21702
0.24412
0.02010
0.11343
0.88093
0.31920
0.13202
0.70082
0.27247
0.67571
0.36567
0.97372
0.32634
0.69964
0.73061
0.92327
0.65414
0.99803
0.25834
0.55886
0.01652
0.91089
0.18928
0.03495
0.23280
0.90342
0.75188
0.32193
0.24125
0.68613
0.05199
0.31726
0.80872
0.41420
0.59492
0.27437
0.61692
0.99711
0.45373
0.39441
0.79481
0.27534
0.00783
0.83174
0.85186
0.00917
0.61092
0.07973
0.71042
0.93474
0.40969
0.29244
0.60116
0.45984
0.24050
0.70151
0.84506
0.26485
0.70700
0.14916
0.23310
0.75969
0.68919
0.91466
0.07279
0.06585
0.05059
0.28741
0.50286
0.91480
0.63463
0.32693
0.22061
0.61562
0.91750
0.17530
0.89118
0.00780
0.73940
0.53636
0.66010
0.64673
0.21556
0.11394
0.32049
0.00268
0.69760
0.52167
0.94100
0.91222
0.86144
0.76385
0.20974
0.64479
0.35015
0.30591
0.16078
0.48824
0.03379
0.39589
0.52260
0.36214
0.88668
0.03017
0.39669
0.05939
0.71243
0.10668
0.92347
0.07815
0.45066
0.76664
0.04593
0.70242
0.17479
0.04943
0.66010
0.76980
0.47832
0.20497
0.54789
0.81928
0.58127
0.63347
0.20925
0.21968
0.40954
0.96255
0.76219
0.37147
0.05157
0.86035
0.74358
0.06833
0.36483
0.44865
0.52935
0.62250
0.23298
0.25461
0.27265
0.20443
0.42432
0.22520
0.56572
0.29571
0.47365
0.56158
0.19533
0.07405
0.16229
0.97262
0.74521
0.23144
0.24826
0.99695
0.08348
0.99942
0.28608
0.46659
0.49513
0.67232
0.82438
0.45470
0.00053
0.76857
0.29270
0.40421
0.52786
0.09732
0.81821
0.98138
0.89059
0.45878
0.64409
0.03643
0.09070
0.74620
0.90445
0.86505
0.57194
0.26772
0.30471
0.17872
0.26933
0.42942
0.73566
0.47977
0.24893
0.97510
0.40566
0.79479
0.52105
0.37822
0.89212
0.72387
0.57394
0.72022
0.63463
0.42720
0.00926
0.47577
0.30611
0.33981
0.93155
0.48690
0.99123
0.30103
0.44792
0.56194
0.98264
0.18640
0.04510
0.10975
0.44759
0.76426
0.32654
0.48861
0.60840
0.03526
0.09187
0.18402
0.01145
0.82791
0.23933
0.46041
0.44130
0.12950
0.18368
0.40371
0.74874
0.32481
0.77020
0.83848
0.42139
0.71420
0.09697
0.30067
0.76958
0.90883
0.66103
0.65071
0.20902
0.98929
0.68832
0.75617
0.91832
0.84428
0.85328
0.60462
0.14447
0.39698
0.23295
0.71676
0.64137
0.76961
0.55333
0.81309
0.93222
0.50289
0.31849
0.27975
0.17837
0.80164
0.32513
0.22512
0.08696
0.81599
0.90487
0.63071
0.32901
0.75716
0.10353
0.91923
0.33810
0.03693
0.60818
0.08862
0.61008
0.95131
0.65983
0.44281
0.42204
0.11002
0.16665
0.33767
0.82703
0.01972
0.46631
0.26499
0.21547
0.53801
0.07262
0.04293
0.01669
0.76546
0.56907
0.90160
0.79544
0.63890
0.80335
0.50449
0.13235
0.47049
0.38912
0.56859
0.62023
0.03239
0.66191
0.17592
0.35353
0.73156
0.53797
0.78766
0.26965
0.35892
0.13520
0.32173
0.62978
0.62167
0.47032
0.32407
0.99382
0.70670
0.70144
0.51914
0.13538
0.40516
0.38264
0.41004
0.73597
0.06686
0.25416
0.90194
0.16892
0.35742
0.27000
0.03743
0.93809
0.21728
0.82960
0.79927
0.85690
0.17574
0.77794
0.20757
0.29953
0.55308
0.12502
0.38537
0.29231
0.36253
0.41445
0.38579
0.82031
0.28346
0.39623
0.43342
0.43423
0.94036
0.78075
0.47987
0.96679
0.39031
0.27057
0.85001
0.64626
0.00615
0.85563
0.13822
0.89196
0.01039
0.52951
0.17681
0.33631
0.28291
0.60239
0.17932
0.18255
0.79091
0.47608
0.84492
0.92018
0.98351
0.14216
0.40292
0.49830
0.87861
0.18682
0.45328
0.17476
0.11987
0.99670
0.86194
0.03738
0.96204
0.22922
0.43127
0.66959
0.38928
0.56760
0.71866
0.98152
0.52343
0.06706
0.73723
0.26119
0.41945
0.07374
0.59618
0.47229
0.63408
0.31406
0.50265
0.88654
0.68318
0.23101
0.13093
0.70517
0.32876
0.49960
0.34755
0.12033
0.82900
0.53911
0.13315
0.38125
0.51313
0.28437
0.23654
0.59112
0.70834
0.83641
0.45585
0.92635
0.18355
0.33552
0.52588
0.60697
0.69550
0.31560
0.29986
0.27256
0.20461
0.30075
0.96503
0.39286
0.28823
0.79960
0.42551
0.31131
0.80884
0.92071
0.46327
0.66610
0.60603
0.57308
0.44351
0.01006
0.07452
0.75322
0.25070
0.95769
0.71662
0.45021
0.45762
0.33332
0.84970
0.48160
0.52754
0.94357
0.49756
0.04484
0.56343
0.69971
0.05355
0.01184
0.87991
0.00522
0.67524
0.03550
0.02809
0.46860
0.99245
0.10390
0.54596
0.38972
0.49013
0.50275
0.00359
0.27542
0.03494
0.09916
0.81041
0.03710
0.91005
0.18100
0.45882
0.02756
0.95531
0.98700
0.94900
0.88350
0.47197
0.57600
0.54349
0.26737
0.70206
0.39376
0.11898
0.44393
0.38649
0.21712
0.70032
0.12239
0.08586
0.33239
0.21281
0.12579
0.83320
0.86080
0.24774
0.60904
0.20156
0.62116
0.62178
0.75298
0.09436
0.69091
0.78729
0.65382
0.45517
0.63359
0.28720
0.51120
0.64551
0.61150
0.03505
0.27073
0.64404
0.46302
0.33982
0.26423
0.58122
0.52456
0.47209
0.53350
0.15617
0.54869
0.78933
0.78467
0.94456
0.41708
0.78375
0.61842
0.98253
0.06614
0.00193
0.18899
0.85544
0.63703
0.11448
0.47113
0.83843
0.76170
0.46867
0.83936
0.09060
0.25487
0.74984
0.80735
0.14341
0.50284
0.61591
0.56339
0.59077
0.06047
0.35458
0.03483
0.30637
0.33139
0.54746
0.39401
0.72979
0.44261
0.52769
0.10812
0.87005
0.46353
0.75538
0.33395
0.63847
0.43445
0.26448
0.11048
0.59264
0.89625
0.66031
0.56687
0.06843
0.60972
0.74010
0.61057
0.98749
0.81463
0.28563
0.19445
0.19724
0.20597
0.85900
0.42450
0.24289
0.44198
0.93503
0.71476
0.24582
0.40005
0.66044
0.68358
0.77020
0.00610
0.98246
0.70640
0.18748
0.87304
0.42351
0.68143
0.27914
0.13375
0.70132
0.69991
0.45417
0.50964
0.78827
0.06549
0.38091
0.39401
0.69097
0.07439
0.06427
0.68933
0.89239
0.73646
0.29744
0.62023
0.45004
0.23924
0.45530
0.87821
0.19559
0.00680
0.79833
0.76861
0.93983
0.30037
0.51691
0.76145
0.65615
0.59174
0.51415
0.97151
0.29524
0.51795
0.43504
0.19733
0.44668
0.71259
0.42960
0.14389
0.22940
0.13889
0.73458
0.47918
0.71153
0.38956
0.06094
0.03160
0.16229
0.52722
0.98433
0.66813
0.87241
0.57974
0.32919
0.93199
0.58941
0.06904
0.87374
0.75753
0.67811
0.89482
0.74999
0.68981
0.60532
0.71266
0.41699
0.80517
0.89634
0.41887
0.16329
0.91653
0.67875
0.26284
0.68273
0.00323
0.47536
0.38888
0.20558
0.88618
0.41308
0.82572
0.53118
0.17915
0.86505
0.98958
0.65200
0.41229
0.62336
0.79001
0.38733
0.34259
0.59327
0.77976
0.89071
0.48200
0.63227
0.07089
0.44679
0.82162
0.71528
0.30256
0.29487
0.25907
0.16640
0.97221
0.22250
0.78391
0.21086
0.97718
0.19310
0.95909
0.55911
0.49010
0.41035
0.77370
0.68430
0.09878
0.59446
0.73034
0.66681
0.72437
0.14686
0.13752
0.34858
0.47076
0.68093
0.13018
0.64280
0.99130
0.27957
0.25330
0.51330
0.47786
0.21728
0.77627
0.61882
0.60998
0.82538
0.73004
0.81878
0.36459
0.44968
0.82294
0.29982
0.28091
0.76651
0.50867
0.24509
0.87070
0.00524
0.61020
0.50853
0.50693
0.74807
0.98274
0.39850
0.67534
0.04801
0.48789
0.86697
0.53734
0.04507
0.45593
0.56811
0.20084
0.28202
0.65507
0.28249
0.70407
0.24903
0.78402
0.76332
0.20395
0.16639
0.13318
0.49184
0.17967
0.74960
0.80268
0.95557
0.37929
0.08240
0.85777
0.46731
0.47789
0.91449
0.31830
0.16776
0.18095
0.52540
0.94889
0.29296
0.94360
0.08047
0.66747
0.60951
0.35624
0.53076
0.00369
0.11208
0.04934
0.02427
0.14356
0.20443
0.92722
0.06735
0.34573
0.22117
0.18514
0.74556
0.91429
0.28324
0.43976
0.58158
0.63555
0.61600
0.11262
0.08186
0.68949
0.47406
0.66909
0.52289
0.53502
0.91948
0.61974
0.57996
0.97014
0.80486
0.88118
0.18181
0.25096
0.74541
0.58439
0.81558
0.70018
0.35705
0.97350
0.54178
0.76602
0.91060
0.29006
0.26269
0.73410
0.40982
0.78143
0.31180
0.90951
0.74447
0.33753
0.01294
0.64240
0.86119
0.73302
0.62565
0.67004
0.14759
0.06123
0.88038
0.86489
0.52045
0.48912
0.77868
0.62647
0.39119
0.70411
0.35904
0.27520
0.61757
0.04663
0.60471
0.95912
0.98633
0.85943
0.87312
0.77315
0.40190
0.33309
0.92907
0.59813
0.96745
0.99506
0.54800
0.78296
0.81724
0.23790
0.27658
0.64118
0.50126
0.01185
0.20972
0.58587
0.39785
0.42791
0.75409
0.59427
0.79116
0.79964
0.96144
0.22918
0.15752
0.07367
0.58301
0.47070
0.58366
0.69656
0.52438
0.85290
0.42127
0.41462
0.99913
0.88294
0.35262
0.05416
0.32916
0.25363
0.22227
0.83472
0.12805
0.70082
0.61166
0.02664
0.22651
0.46743
0.69124
0.69924
0.64820
0.90500
0.86478
0.07719
0.44472
0.48775
0.47488
0.60214
0.62786
0.34121
0.55573
0.78922
0.72388
0.10387
0.34467
0.76157
0.01879
0.66258
0.33824
0.87683
0.84728
0.14490
0.94847
0.18930
0.57227
0.74775
0.68290
0.40034
0.45048
0.30733
0.48226
0.84892
0.46225
0.70283
0.99970
0.83243
0.07691
0.01331
0.57619
0.65714
0.86938
0.77513
0.25061
0.47630
0.01676
0.08601
0.16275
0.07806
0.62245
0.79668
0.15850
0.30105
0.23653
0.25476
0.75520
0.50803
0.73206
0.66422
0.37333
0.36877
0.26430
0.01923
0.07839
0.08695
0.72693
0.57155
0.82497
0.11632
0.65516
0.31078
0.89114
0.88715
0.49733
0.57368
0.95703
0.45164
0.91521
0.17531
0.45106
0.96785
0.61163
0.59910
0.20472
0.78650
0.54841
0.62305
0.23976
0.17082
0.48183
0.56941
0.90657
0.94742
0.14611
0.78764
0.59028
0.27289
0.16153
0.22020
0.17122
0.64748
0.20973
0.21084
0.10135
0.77511
0.98136
0.32222
0.01127
0.43737
0.00761
0.02010
0.12873
0.81738
0.83824
0.54393
0.73137
0.91351
0.25861
0.12062
0.80713
0.78620
0.99970
0.17984
0.29780
0.13614
0.92519
0.69636
0.51839
0.69771
0.05955
0.42596
0.53889
0.51585
0.90820
0.19480
0.95785
0.55890
0.17964
0.46366
0.26004
0.73498
0.40311
0.20520
0.19397
0.05343
0.98741
0.22498
0.81490
0.60062
0.29387
0.90754
0.13211
0.64547
0.33233
0.05563
0.88477
0.24038
0.61399
0.44344
0.31928
0.34005
0.56387
0.95392
0.06244
0.41743
0.46091
0.57790
0.97004
0.72100
0.36767
0.73641
0.42430
0.73807
0.35672
0.47820
0.98145
0.03045
0.41557
0.41876
0.72470
0.20587
0.17687
0.60847
0.31908
0.38843
0.47996
0.20807
0.39949
0.71100
0.77981
0.47992
0.60775
0.19263
0.26739
0.36239
0.61295
0.48876
0.97097
0.38650
0.54104
0.28282
0.31859
0.01587
0.91809
0.33871
0.24671
0.02793
0.23459
0.32824
0.23208
0.08745
0.45940
0.89395
0.91840
0.05117
0.86256
0.80541
0.23423
0.02534
0.71230
0.41219
0.86008
0.88593
0.28423
0.73693
0.30657
0.47757
0.08686
0.94514
0.11839
0.41120
0.87119
0.06981
0.28902
0.80675
0.73445
0.03573
0.55289
0.05788
0.12543
0.35314
0.23562
0.46639
0.12589
0.81702
0.21490
0.80481
0.53284
0.18571
0.22267
0.64652
0.23864
0.64382
0.18800
0.78495
0.60718
0.67351
0.51871
0.79431
0.30024
0.23142
0.54154
0.23251
0.14061
0.60131
0.37934
0.19270
0.86896
0.88469
0.72649
0.15376
0.35716
0.13209
0.38056
0.53110
0.25104
0.66656
0.32515
0.21057
0.52966
0.07471
0.67851
0.10240
0.73195
0.28317
0.97701
0.70545
0.43245
0.10387
0.63876
0.04872
0.45732
0.24827
0.94872
0.53030
0.08400
0.90558
0.37483
0.63459
0.65664
0.36644
0.08105
0.56374
0.60406
0.16307
0.64017
0.65672
0.33800
0.24391
0.62976
0.26360
0.95312
0.93379
0.67300
0.59798
0.47365
0.48462
0.58041
0.58834
0.64907
0.85438
0.70488
0.81606
0.18411
0.57238
0.67620
0.77526
0.80256
0.28336
0.32824
0.42703
0.65866
0.04565
0.76711
0.34218
0.28283
0.81761
0.72858
0.76480
0.06908
0.41647
0.92791
0.46985
0.54117
0.12119
0.98252
0.30044
0.11051
0.95523
0.70179
0.91349
0.03488
0.85784
0.53920
0.01651
0.67358
0.34986
0.03571
0.71270
0.85413
0.04457
0.24442
0.37469
0.29315
0.95161
0.34829
0.05655
0.77990
0.44786
0.60082
0.57176
0.94183
0.93451
0.56046
0.52200
0.08214
0.55966
0.87320
0.71153
0.97080
0.42448
0.34306
0.51469
0.28414
0.06181
0.54990
0.11401
0.61275
0.45807
0.27532
0.00218
0.87098
0.63647
0.39510
0.17894
0.30073
0.45309
0.03148
0.19364
0.95621
0.37003
0.79849
0.77004
0.69380
0.87804
0.96914
0.35721
0.46340
0.94503
0.48371
0.60975
0.21841
0.98783
0.49410
0.53974
0.72056
0.24051
0.82603
0.58282
0.73303
0.85733
0.07043
0.36480
0.74389
0.48070
0.37391
0.38141
0.93856
0.80119
0.80367
0.72426
0.75403
0.49449
0.76469
0.41948
0.80787
0.84915
0.84585
0.21924
0.49171
0.08629
0.61129
0.37805
0.50428
0.17523
0.93973
0.09648
0.52925
0.26607
0.24413
0.96610
0.33828
0.51261
0.67654
0.53853
0.41545
0.77920
0.36571
0.35029
0.28426
0.09344
0.61166
0.78584
0.64462
0.96433
0.11537
0.05862
0.08354
0.20152
0.90353
0.94661
0.62631
0.02536
0.59653
0.06403
0.03943
0.37902
0.24167
0.28829
0.51173
0.69633
0.13985
0.42085
0.61602
0.80826
0.33462
0.39494
0.29022
0.14057
0.75609
0.38698
0.17623
0.32157
0.82183
0.23963
0.13656
0.64069
0.43516
0.34216
0.31155
0.58303
0.47509
0.65377
0.11083
0.62212
0.57934
0.61612
0.00820
0.51018
0.70453
0.65505
0.66906
0.26626
0.58712
0.42029
0.41921
0.06398
0.18776
0.87058
0.75405
0.98108
0.93287
0.85563
0.29894
0.79910
0.17322
0.78162
0.80836
0.17088
0.60325
0.11752
0.45757
0.51767
0.41849
0.58794
0.68575
0.72966
0.15688
0.34756
0.54737
0.66916
0.86876
0.21358
0.49912
0.32957
0.35000
0.36199
0.55514
0.10995
0.17601
0.23752
0.24712
0.63409
0.75706
0.46987
0.10714
0.40367
0.83568
0.99157
0.77506
0.70710
0.64174
0.06658
0.88113
0.74826
0.03466
0.78000
0.87649
0.43463
0.89670
0.57474
0.15407
0.50079
0.88223
0.25445
0.37199
0.96191
0.80404
0.11125
0.32451
0.49082
0.76555
0.91426
0.46329
0.51107
0.47597
0.34366
0.97715
0.38210
0.63951
0.87746
0.43400
0.48992
0.56748
0.95907
0.99984
0.92854
0.50020
0.84660
0.29323
0.59049
0.86381
0.96972
0.38387
0.81675
0.72246
0.85380
0.30851
0.16592
0.57077
0.34910
0.98771
0.65371
0.84728
0.64727
0.92273
0.37294
0.42585
0.62237
0.11761
0.37179
0.05222
0.10316
0.85967
0.74650
0.41058
0.88338
0.55601
0.46013
0.67343
0.52686
0.74893
0.62176
0.72693
0.88136
0.81602
0.35211
0.31691
0.40545
0.99473
0.79777
0.86767
0.60868
0.83676
0.38083
0.54716
0.80859
0.95309
0.63637
0.81499
0.25317
0.93013
0.60470
0.07586
0.13031
0.90194
0.40518
0.78167
0.73500
0.86225
0.32778
0.40527
0.77059
0.18699
0.84221
0.08738
0.65724
0.83076
0.99111
0.27690
0.25787
0.20802
0.90620
0.81049
0.08799
0.87535
0.70982
0.70454
0.48202
0.18071
0.27439
0.41421
0.41012
0.37031
0.54472
0.34821
0.51006
0.86555
0.92297
0.60955
0.76387
0.84070
0.49248
0.85222
0.04360
0.79087
0.51059
0.26394
0.64896
0.13189
0.59923
0.76016
0.14631
0.21334
0.48075
0.54201
0.63372
0.93730
0.21205
0.26764
0.89976
0.92476
0.45692
0.18983
0.09006
0.37487
0.75377
0.10157
0.24603
0.10794
0.85857
0.89380
0.92117
0.79937
0.56891
0.90092
0.24619
0.31356
0.51547
0.72912
0.91536
0.20135
0.75118
0.75309
0.08175
0.21509
0.70446
0.12938
0.32963
0.71985
0.72439
0.77456
0.32719
0.49647
0.89071
0.21321
0.31310
0.49057
0.05724
0.31145
0.15229
0.38015
0.58015
0.13710
0.99211
0.39277
0.04002
0.32548
0.86548
0.73875
0.28049
0.68605
0.23254
0.14848
0.41787
0.63509
0.81398
0.01463
0.09597
0.45729
0.91850
0.83716
0.33506
0.11811
0.23682
0.34716
0.29645
0.21228
0.57872
0.07139
0.76771
0.31600
0.89059
0.94266
0.06957
0.75288
0.02263
0.43927
0.78061
0.75257
0.51146
0.83503
0.66398
0.13271
0.51461
0.11756
0.41090
0.05635
0.19548
0.10794
0.13838
0.12874
0.82159
0.54136
0.35750
0.94359
0.76651
0.49299
0.54427
0.58804
0.35040
0.99832
0.27113
0.81189
0.99630
0.34841
0.25384
0.05560
0.94346
0.38874
0.66165
0.66125
0.93582
0.30647
0.31712
0.19556
0.95195
0.94734
0.45656
0.32962
0.93214
0.14157
0.14788
0.52589
0.20044
0.95748
0.44789
0.46534
0.80595
0.86140
0.56231
0.56480
0.35952
0.62132
0.94280
0.73150
0.25794
0.90963
0.01826
0.74732
0.18821
0.55338
0.93259
0.69215
0.96001
0.30214
0.86686
0.82982
0.99286
0.84931
0.74497
0.22878
0.73247
0.14834
0.23653
0.01302
0.12752
0.39134
0.16370
0.52061
0.58914
0.71964
0.57793
0.35760
0.50266
0.18885
0.98656
0.52010
0.59281
0.64326
0.67945
0.18085
0.90528
0.25364
0.65854
0.56246
0.20197
0.08704
0.25846
0.42484
0.57817
0.08271
0.08026
0.06194
0.35873
0.76366
0.74046
0.57968
0.27561
0.76035
0.65432
0.15182
0.31122
0.10260
0.28443
0.51949
0.95753
0.23836
0.95953
0.09581
0.64757
0.13059
0.96485
0.68617
0.91868
0.57522
0.20433
0.03708
0.94026
0.00584
0.91070
0.15962
0.00514
0.73291
0.17386
0.46213
0.56469
0.67234
0.88695
0.76466
0.49279
0.77634
0.65712
0.27665
0.04450
0.20147
0.81878
0.54746
0.03241
0.15300
0.20975
0.60188
0.82218
0.17399
0.35395
0.83308
0.56042
0.45939
0.20719
0.47785
0.25728
0.97747
0.22700
0.76419
0.58239
0.64500
0.09107
0.01142
0.73969
0.43747
0.01345
0.77267
0.11722
0.27643
0.15487
0.82160
0.97663
0.05363
0.12881
0.53502
0.35983
0.88570
0.74302
0.80777
0.64552
0.48412
0.70270
0.00126
0.10045
0.00104
0.53147
0.58669
0.09755
0.59423
0.63792
0.36332
0.49589
0.84642
0.43672
0.38893
0.10134
0.04108
0.24130
0.41155
0.90241
0.58434
0.41810
0.92538
0.63371
0.55789
0.97440
0.46313
0.84171
0.14408
0.75278
0.36215
0.37149
0.64718
0.26188
0.47722
0.79113
0.97924
0.09115
0.66535
0.18475
0.82876
0.04448
0.93518
0.45823
0.83154
0.47672
0.57684
0.62574
0.44728
0.75910
0.01819
0.10142
0.01996
0.46643
0.74219
0.34020
0.00050
0.34738
0.80424
0.47282
0.95546
0.95101
0.61454
0.71233
0.80672
0.54433
0.24377
0.75125
0.34494
0.76579
0.85771
0.07797
0.22167
0.90517
0.43522
0.05632
0.81648
0.82669
0.72002
0.47348
0.63168
0.71738
0.23678
0.36292
0.09679
0.50590
0.05796
0.56311
0.65650
0.53805
0.06339
0.86573
0.73836
0.16676
0.93945
0.76295
0.72190
0.49738
0.65772
0.18201
0.91872
0.82007
0.42624
0.45318
0.22650
0.70640
0.46640
0.43859
0.15697
0.88144
0.66023
0.39356
0.65613
0.50984
0.83728
0.50621
0.90498
0.95559
0.89645
0.74272
0.62371
0.64265
0.17250
0.96302
0.62801
0.45086
0.19095
0.31831
0.68872
0.35995
0.52864
0.48374
0.35243
0.88415
0.75955
0.13433
0.02040
0.42755
0.97702
0.74625
0.69498
0.05784
0.04022
0.73897
0.26213
0.68711
0.24204
0.82304
0.76551
0.63330
0.74221
0.50400
0.49938
0.72715
0.48602
0.33193
0.74799
0.78849
0.41651
0.99204
0.19147
0.89774
0.17933
0.92552
0.40813
0.71457
0.71629
0.29230
0.12031
0.20537
0.93573
0.90559
0.60115
0.84444
0.00095
0.46946
0.18255
0.24398
0.42121
0.70111
0.69357
0.14205
0.93723
0.92264
0.76009
0.51580
0.32843
0.67878
0.85888
0.06864
0.68961
0.02036
0.94818
0.09045
0.23997
0.67445
0.49402
0.45798
0.78059
0.01870
0.00871
0.97643
0.21905
0.86657
0.88818
0.34813
0.85195
0.01643
0.10879
0.69558
0.83063
0.33933
0.85573
0.54243
0.23211
0.42729
0.56880
0.67372
0.52384
0.87538
0.10567
0.48307
0.70867
0.83193
0.63069
0.63220
0.04582
0.91228
0.59213
0.54744
0.71285
0.68235
0.53761
0.78888
0.52896
0.67206
0.50242
0.49831
0.84782
0.66336
0.82983
0.11888
0.76734
0.43059
0.41209
0.62449
0.60090
0.96875
0.51607
0.34538
0.56901
0.87224
0.35189
0.94073
0.93131
0.69990
0.63249
0.18060
0.62813
0.71973
0.98153
0.71628
0.56199
0.88730
0.05481
0.00823
0.69626
0.22104
0.29366
0.86432
0.01034
0.38459
0.21953
0.75276
0.92663
0.19454
0.44298
0.56526
0.60485
0.02459
0.43901
0.87241
0.67910
0.10237
0.07451
0.51151
0.59036
0.21586
0.38465
0.57147
0.97031
0.67096
0.40970
0.59965
0.54103
0.18065
0.27823
0.51421
0.64136
0.09975
0.57845
0.88132
0.63447
0.73449
0.94410
0.48572
0.86644
0.99192
0.65541
0.19626
0.91464
0.29373
0.41435
0.37949
0.02826
0.76573
0.04216
0.21571
0.01255
0.93804
0.30777
0.82205
0.02957
0.86900
0.73607
0.51921
0.88758
0.91513
0.25919
0.75471
0.95594
0.88135
0.93118
0.24314
0.92717
0.18378
0.63908
0.09062
0.70726
0.41897
0.39832
0.30737
0.37976
0.90100
0.61566
0.74378
0.87714
0.13193
0.15948
0.91227
0.70694
0.94752
0.26786
0.32391
0.05449
0.96510
0.87659
0.07751
0.87027
0.84675
0.34512
0.61661
0.76079
0.81916
0.94843
0.50804
0.00946
0.73806
0.76792
0.91436
0.25943
0.81011
0.65830
0.20653
0.02610
0.87592
0.99869
0.21293
0.27133
0.78074
0.92092
0.75771
0.85274
0.48304
0.82421
0.02496
0.90148
0.92692
0.66838
0.35953
0.39634
0.85159
0.50479
0.59048
0.73329
0.24844
0.67590
0.69273
0.65237
0.38389
0.78010
0.96389
0.56561
0.95832
0.51143
0.79626
0.58778
0.39188
0.46276
0.43870
0.02490
0.24345
0.37589
0.10916
0.74032
0.01667
0.74291
0.95500
0.25445
0.83331
0.51228
0.49483
0.84799
0.89317
0.46989
0.54916
0.04046
0.27326
0.27785
0.90391
0.88796
0.98961
0.71053
0.91089
0.46185
0.89933
0.72523
0.50644
0.88516
0.06356
0.75723
0.10198
0.87780
0.72139
0.38312
0.16508
0.69637
0.97126
0.97207
0.73258
0.91121
0.79561
0.23401
0.15571
0.30142
0.03947
0.82887
0.60665
0.41993
0.92087
0.96454
0.91590
0.77158
0.33915
0.14427
0.06019
0.79463
0.36290
0.40355
0.24982
0.41960
0.39077
0.57778
0.34111
0.88675
0.19487
0.78642
0.60779
0.05793
0.34784
0.72779
0.62540
0.45115
0.52383
0.56485
0.51408
0.90409
0.98019
0.40024
0.52451
0.12185
0.60755
0.86179
0.80699
0.53356
0.44939
0.70989
0.41715
0.44735
0.11610
0.58694
0.62584
0.20793
0.10295
0.26901
0.86810
0.42145
0.21343
0.70778
0.27871
0.00132
0.33792
0.56081
0.59700
0.40627
0.24067
0.26246
0.51113
0.16460
0.84510
0.28973
0.98146
0.94195
0.78096
0.86780
0.86968
0.81020
0.74444
0.92665
0.71227
0.83366
0.25322
0.93513
0.26639
0.79727
0.00070
0.43938
0.23434
0.58457
0.72060
0.83561
0.00132
0.67713
0.79270
0.56894
0.57160
0.32569
0.43237
0.29734
0.99644
0.76856
0.37176
0.96650
0.32548
0.48334
0.83501
0.57276
0.33834
0.84124
0.04683
0.80487
0.34255
0.54323
0.06930
0.08901
0.89068
0.30758
0.82500
0.59756
0.47649
0.58511
0.71275
0.89217
0.16902
0.80901
0.28683
0.29426
0.30618
0.20948
0.12464
0.28293
0.78497
0.78519
0.69868
0.54251
0.45877
0.70690
0.59678
0.57059
0.39910
0.14626
0.02731
0.76577
0.76773
0.89369
0.59501
0.35074
0.34129
0.82604
0.02297
0.32781
0.27700
0.93325
0.57971
0.76958
0.16524
0.71457
0.24689
0.10620
0.42139
0.02177
0.68274
0.67096
0.63827
0.24733
0.86997
0.95723
0.21280
0.71034
0.61374
0.77976
0.41154
0.70057
0.69239
0.09188
0.93697
0.87287
0.16511
0.07525
0.14654
0.81974
0.31760
0.71572
0.52682
0.38774
0.46226
0.43620
0.95186
0.65895
0.23019
0.94375
0.83664
0.51756
0.86155
0.44144
0.02128
0.17030
0.86410
0.97400
0.75667
0.27400
0.94243
0.81053
0.76969
0.71315
0.35118
0.15190
0.87616
0.82378
0.41558
0.30460
0.82446
0.80306
0.91279
0.44796
0.33554
0.43882
0.83677
0.98064
0.33535
0.15479
0.21352
0.18020
0.56516
0.56421
0.19097
0.10966
0.67228
0.34682
0.32499
0.71128
0.86378
0.23442
0.78046
0.48962
0.91473
0.04311
0.83263
0.93910
0.10032
0.01945
0.14670
0.37691
0.32213
0.27381
0.63512
0.79600
0.76619
0.65763
0.31703
0.57642
0.32854
0.25135
0.16607
0.69474
0.55928
0.64843
0.78549
0.58434
0.25373
0.42941
0.53943
0.81027
0.63125
0.26988
0.14893
0.53474
0.65183
0.81022
0.53818
0.06737
0.34016
0.64008
0.84559
0.68925
0.99877
0.84965
0.78068
0.20333
0.49400
0.01888
0.51823
0.15508
0.51290
0.78326
0.29578
0.83095
0.72322
0.22104
0.16803
0.30831
0.98241
0.81076
0.07300
0.37555
0.61308
0.05379
0.08223
0.14555
0.29466
0.08985
0.48618
0.86233
0.85515
0.46177
0.28455
0.98708
0.72883
0.46698
0.94427
0.15993
0.60180
0.01169
0.78200
0.04912
0.08353
0.66720
0.23386
0.89034
0.40927
0.62403
0.89948
0.49742
0.85606
0.99472
0.53960
0.06871
0.59030
0.56292
0.57314
0.90778
0.41331
0.66706
0.33671
0.72112
0.83857
0.91378
0.52199
0.65236
0.66233
0.42391
0.43587
0.22472
0.52724
0.04616
0.26272
0.05061
0.40161
0.34608
0.55093
0.29919
0.46179
0.47444
0.14974
0.81859
0.92305
0.26636
0.27128
0.41679
0.91122
0.31310
0.36051
0.17505
0.75200
0.40505
0.84563
0.44836
0.94398
0.28084
0.82658
0.01845
0.11944
0.19206
0.44655
0.47992
0.41587
0.88594
0.51951
0.89229
0.92876
0.51528
0.53746
0.59516
0.84745
0.86314
0.60662
0.55235
0.31255
0.34754
0.86397
0.00814
0.93092
0.52378
0.00509
0.33554
0.85731
0.52898
0.31741
0.81327
0.71025
0.78020
0.08079
0.12661
0.82789
0.15303
0.49895
0.93700
0.28323
0.17142
0.04074
0.97009
0.94452
0.36031
0.83523
0.61068
0.74846
0.53546
0.42423
0.33113
0.12675
0.45224
0.53028
0.23402
0.90754
0.42174
0.71797
0.69686
0.18509
0.51069
0.90620
0.33153
0.30218
0.19696
0.17780
0.96928
0.16638
0.73527
0.50112
0.25902
0.77862
0.30059
0.09847
0.77403
0.73252
0.01612
0.03854
0.09727
0.73014
0.38906
0.56136
0.97300
0.13306
0.68543
0.69042
0.54338
0.87104
0.25222
0.29175
0.44579
0.01297
0.82351
0.24032
0.17594
0.51733
0.79995
0.99367
0.94569
0.76498
0.10221
0.60948
0.27468
0.34196
0.75232
0.30475
0.87463
0.60032
0.02922
0.50116
0.41257
0.74669
0.33996
0.80069
0.00937
0.36028
0.63241
0.44094
0.29323
0.24366
0.96777
0.03864
0.92367
0.38313
0.80915
0.40688
0.05472
0.84210
0.86093
0.91159
0.83766
0.85381
0.54692
0.35066
0.21423
0.44505
0.47641
0.69227
0.33485
0.68801
0.43830
0.99597
0.41101
0.39611
0.79737
0.89064
0.46630
0.93038
0.56256
0.03909
0.45751
0.23564
0.64025
0.38717
0.86787
0.81144
0.15741
0.49120
0.06766
0.19206
0.44997
0.81806
0.60178
0.66966
0.55028
0.31559
0.16287
0.45956
0.41478
0.15619
0.62888
0.83676
0.68183
0.88628
0.56816
0.81763
0.41931
0.30579
0.49597
0.66464
0.46529
0.13164
0.73511
0.93979
0.81635
0.17085
0.55290
0.21991
0.22396
0.36241
0.50189
0.86569
0.04198
0.49659
0.56254
0.42129
0.07537
0.03946
0.62587
0.41772
0.74125
0.90483
0.20276
0.55972
0.84689
0.41002
0.21461
0.14456
0.08024
0.08696
0.79939
0.51185
0.10982
0.82900
0.79766
0.83569
0.20621
0.84316
0.65357
0.14781
0.77388
0.91987
0.34269
0.91280
0.03689
0.35727
0.33925
0.52844
0.83157
0.85236
0.96557
0.49019
0.47034
0.64174
0.28684
0.27569
0.75397
0.61966
0.17767
0.12629
0.29612
0.86534
0.03349
0.47867
0.93974
0.64239
0.70607
0.01251
0.50645
0.26284
0.82947
0.24797
0.53182
0.04209
0.29660
0.63859
0.18108
0.72401
0.07347
0.87030
0.19009
0.17715
0.31436
0.06008
0.73300
0.97230
0.40665
0.85172
0.34062
0.83540
0.20905
0.20661
0.01268
0.93796
0.05086
0.42355
0.33384
0.24394
0.63475
0.10564
0.15680
0.71663
0.37701
0.26761
0.30511
0.89385
0.92216
0.89462
0.16082
0.96078
0.80845
0.44870
0.88292
0.42414
0.72293
0.04926
0.16098
0.55464
0.90516
0.38394
0.36684
0.68839
0.72494
0.54363
0.25896
0.79206
0.65758
0.91253
0.26568
0.91822
0.42728
0.11828
0.62898
0.48003
0.81405
0.27955
0.63214
0.67101
0.30911
0.01434
0.12960
0.66325
0.61704
0.95705
0.87646
0.93375
0.12389
0.55755
0.72274
0.34021
0.31257
0.88311
0.61763
0.06460
0.47840
0.34490
0.87552
0.51657
0.64234
0.98482
0.98385
0.57947
0.94671
0.91355
0.13268
0.04871
0.92245
0.67542
0.30443
0.58313
0.72912
0.50470
0.97392
0.83881
0.06050
0.87310
0.21702
0.13873
0.62898
0.34342
0.01452
0.48201
0.16695
0.37997
0.64436
0.06873
0.86210
0.50729
0.53347
0.29094
0.60757
0.67436
0.83758
0.44860
0.47066
0.17673
0.86016
0.26759
0.05666
0.49739
0.53107
0.42795
0.18691
0.09906
0.79667
0.50767
0.85632
0.38466
0.83444
0.59275
0.46647
0.80377
0.16885
0.39818
0.40422
0.46452
0.54658
0.17390
0.12018
0.18014
0.53687
0.79940
0.24029
0.04677
0.78239
0.94000
0.83104
0.61746
0.62625
0.58418
0.56449
0.03544
0.22961
0.09627
0.52061
0.18307
0.75199
0.59450
0.91604
0.71176
0.65974
0.16517
0.76606
0.81395
0.33561
0.75730
0.36777
0.66741
0.59066
0.47643
0.39718
0.77335
0.02622
0.06297
0.74224
0.95182
0.36518
0.49406
0.78857
0.77422
0.69287
0.67828
0.77516
0.80138
0.05269
0.23086
0.15979
0.27820
0.10686
0.92427
0.14304
0.98926
0.34599
0.57425
0.19096
0.01576
0.36338
0.69588
0.98476
0.60770
0.86959
0.00845
0.02995
0.13387
0.35970
0.20363
0.24075
0.25955
0.64418
0.52246
0.94332
0.69824
0.95847
0.03864
0.49756
0.32651
0.28137
0.27847
0.55069
0.52335
0.62648
0.39497
0.62800
0.39522
0.96061
0.68704
0.04154
0.74034
0.04821
0.58260
0.53347
0.15692
0.75185
0.88657
0.42487
0.64478
0.86263
0.36592
0.58911
0.11435
0.11907
0.27428
0.36151
0.90671
0.04588
0.18175
0.96526
0.04896
0.19650
0.57992
0.50451
0.11525
0.35609
0.83065
0.48141
0.94896
0.27963
0.64025
0.65106
0.20515
0.18577
0.85388
0.29464
0.92614
0.28751
0.33251
0.93821
0.83324
0.31923
0.78956
0.84246
0.04278
0.68030
0.81277
0.20398
0.39955
0.38141
0.75198
0.67109
0.75002
0.21628
0.53313
0.67565
0.01225
0.46097
0.03434
0.87083
0.99927
0.47171
0.04166
0.35825
0.44367
0.12175
0.96174
0.47263
0.92934
0.10195
0.85627
0.26795
0.45253
0.40390
0.56620
0.93490
0.53129
0.42508
0.54761
0.77450
0.78991
0.29641
0.50956
0.91531
0.31313
0.87965
0.58792
0.76467
0.66798
0.03971
0.92513
0.29639
0.35109
0.43321
0.15041
0.66216
0.68003
0.82185
0.32556
0.82018
0.63347
0.24332
0.88615
0.85102
0.61553
0.06958
0.63524
0.27016
0.70191
0.21818
0.75409
0.29952
0.11026
0.25086
0.43050
0.88657
0.64900
0.71048
0.86935
0.00676
0.87564
0.63285
0.01191
0.54212
0.48611
0.40461
0.89675
0.56947
0.47672
0.75960
0.67680
0.12180
0.80967
0.56701
0.83545
0.43326
0.06293
0.89735
0.08964
0.11328
0.99188
0.71593
0.76180
0.50190
0.03691
0.33611
0.26612
0.34357
0.94627
0.11523
0.19602
0.64212
0.46462
0.60371
0.51872
0.66488
0.00556
0.43864
0.36736
0.36269
0.70647
0.90506
0.05331
0.07903
0.03502
0.46029
0.93524
0.18170
0.71522
0.38347
0.19718
0.87818
0.44300
0.27639
0.63540
0.56890
0.57794
0.77354
0.30820
0.27312
0.99111
0.08344
0.10711
0.16009
0.83068
0.57402
0.73068
0.75592
0.40889
0.20233
0.65812
0.13584
0.49569
0.63852
0.58681
0.56722
0.88160
0.10656
0.96546
0.40912
0.99380
0.37230
0.19529
0.82650
0.86089
0.19113
0.38364
0.31864
0.27265
0.60325
0.04312
0.11736
0.34322
0.83049
0.01445
0.34658
0.33204
0.25741
0.26949
0.22794
0.26786
0.56844
0.88105
0.41098
0.98188
0.97903
0.47504
0.13463
0.53398
0.50189
0.53973
0.77135
0.63566
0.13673
0.33322
0.71863
0.27512
0.07652
0.25217
0.46510
0.12239
0.60747
0.10275
0.06044
0.76566
0.66855
0.44100
0.03261
0.41344
0.56384
0.51136
0.91623
0.81952
0.53370
0.23902
0.07507
0.33318
0.09422
0.11670
0.37061
0.65371
0.56869
0.66656
0.76574
0.99597
0.88498
0.99246
0.61613
0.79563
0.40371
0.43215
0.80297
0.37234
0.51135
0.95064
0.72962
0.06221
0.83051
0.01774
0.02186
0.81973
0.33183
0.46461
0.37730
0.48476
0.40792
0.51195
0.52082
0.47883
0.27396
0.16699
0.58521
0.40538
0.47438
0.57190
0.62245
0.67252
0.73330
0.21937
0.27948
0.50349
0.00367
0.72337
0.37572
0.21528
0.46924
0.67048
0.71062
0.94648
0.27066
0.87449
0.56844
0.23181
0.96496
0.35408
0.67899
0.72839
0.57941
0.75543
0.88542
0.75143
0.96415
0.74955
0.27187
0.95112
0.62541
0.64143
0.92966
0.08833
0.34905
0.03753
0.23788
0.84065
0.87678
0.29297
0.53206
0.01367
0.44123
0.16292
0.34338
0.84772
0.72371
0.30565
0.09683
0.16553
0.34157
0.24040
0.34709
0.65154
0.01623
0.06009
0.87513
0.85141
0.13615
0.85597
0.79773
0.49862
0.58360
0.52273
0.82231
0.72348
0.60964
0.95165
0.09028
0.86869
0.28873
0.34588
0.28899
0.57273
0.18659
0.51357
0.46290
0.27789
0.45670
0.87748
0.48571
0.39714
0.95229
0.89768
0.23140
0.68851
0.98509
0.70827
0.59948
0.82094
0.74709
0.19253
0.75695
0.18980
0.84375
0.22123
0.00827
0.69747
0.52024
0.15116
0.53188
0.47907
0.95916
0.35717
0.18455
0.55490
0.22468
0.30588
0.90212
0.88390
0.25953
0.93796
0.35765
0.31633
0.84499
0.85050
0.50623
0.91949
0.92213
0.19036
0.83293
0.29011
0.95392
0.02185
0.95500
0.90973
0.75311
0.74927
0.92664
0.55122
0.20935
0.54638
0.43995
0.94694
0.79375
0.31237
0.80977
0.37820
0.61790
0.66161
0.06347
0.44809
0.48316
0.72549
0.29369
0.77331
0.31926
0.73205
0.70972
0.55646
0.54387
0.95548
0.46073
0.10025
0.15828
0.60398
0.82622
0.53078
0.68429
0.64389
0.45082
0.36501
0.12042
0.77238
0.08109
0.12780
0.20789
0.17544
0.86517
0.46950
0.91439
0.89235
0.22524
0.16660
0.18479
0.76356
0.87964
0.32669
0.51385
0.87672
0.08092
0.39067
0.17657
0.61519
0.49974
0.27014
0.07199
0.72743
0.91701
0.24976
0.22765
0.04868
0.84869
0.79082
0.52614
0.97894
0.80738
0.75970
0.83002
0.96480
0.92549
0.24469
0.74992
0.87285
0.69520
0.76887
0.12215
0.26443
0.25077
0.76935
0.85140
0.37532
0.64665
0.16808
0.80740
0.13579
0.59077
0.21089
0.06362
0.32606
0.14872
0.51824
0.99810
0.01618
0.48428
0.29780
0.35186
0.89120
0.45620
0.60829
0.69175
0.49281
0.12499
0.62385
0.37699
0.88413
0.00651
0.51210
0.47506
0.91045
0.21728
0.17359
0.46736
0.08727
0.21167
0.33947
0.16985
0.17511
0.08128
0.22980
0.59749
0.08111
0.12881
0.02562
0.01838
0.09725
0.84659
0.57697
0.86055
0.14790
0.23371
0.61233
0.87118
0.46230
0.16913
0.30091
0.93604
0.49889
0.30769
0.63708
0.89156
0.59016
0.14725
0.95536
0.56142
0.45226
0.32848
0.78381
0.70820
0.21954
0.49213
0.68712
0.21147
0.64071
0.98470
0.09388
0.40899
0.96769
0.57694
0.69748
0.01825
0.47131
0.01500
0.32147
0.54803
0.41396
0.37530
0.76494
0.26186
0.47675
0.86387
0.28529
0.44516
0.38835
0.75630
0.06273
0.21087
0.96988
0.36312
0.96851
0.63090
0.05715
0.33536
0.75941
0.51109
0.19168
0.68390
0.82516
0.53406
0.31891
0.43069
0.51193
0.88598
0.23032
0.47174
0.07994
0.45227
0.18612
0.54875
0.70480
0.82908
0.13138
0.41681
0.16752
0.92997
0.47503
0.75911
0.17449
0.02374
0.67796
0.17978
0.93685
0.42426
0.47222
0.64471
0.41535
0.02801
0.24657
0.32648
0.94391
0.77673
0.55824
0.04452
0.24982
0.93009
0.51412
0.23747
0.22913
0.46337
0.90316
0.57796
0.97179
0.06139
0.09442
0.35531
0.91903
0.56145
0.58940
0.38412
0.20581
0.04097
0.56166
0.43786
0.28840
0.81828
0.78561
0.81295
0.18458
0.71462
0.24937
0.76492
0.58173
0.24202
0.76540
0.08854
0.22982
0.22515
0.33266
0.74469
0.29209
0.48585
0.48133
0.42311
0.06396
0.48961
0.37227
0.72324
0.56756
0.12402
0.72722
0.74297
0.05937
0.07596
0.50480
0.74800
0.07796
0.09314
0.76061
0.00114
0.00154
0.26094
0.18406
0.70959
0.36002
0.66976
0.12835
0.85708
0.41914
0.96092
0.23352
0.83595
0.57190
0.20253
0.07349
0.38978
0.81626
0.17893
0.29954
0.93746
0.93674
0.96625
0.21626
0.25468
0.52141
0.14415
0.98948
0.91239
0.52390
0.38616
0.75934
0.78472
0.64182
0.45012
0.08121
0.14217
0.85411
0.43780
0.83781
0.68658
0.91109
0.21146
0.48774
0.19675
0.95556
0.96139
0.33027
0.49429
0.68618
0.63675
0.14907
0.22588
0.23273
0.92353
0.46929
0.88570
0.00288
0.19009
0.06878
0.97855
0.87778
0.95499
0.41382
0.37286
0.17130
0.99064
0.19155
0.98706
0.21681
0.92289
0.83802
0.32216
0.39648
0.51009
0.10666
0.34766
0.08271
0.41477
0.82828
0.87654
0.58798
0.92009
0.13808
0.38765
0.85189
0.38411
0.59002
0.13292
0.84845
0.21488
0.15804
0.76184
0.37759
0.66211
0.14243
0.21186
0.37451
0.08177
0.54187
0.03856
0.02706
0.38050
0.35025
0.03763
0.62304
0.62608
0.79411
0.49611
0.09022
0.03158
0.96452
0.47288
0.10932
0.40102
0.20097
0.74656
0.24292
0.37092
0.34611
0.10920
0.93795
0.52680
0.95060
0.28660
0.97946
0.64408
0.16539
0.41851
0.53465
0.91949
0.97180
0.70429
0.53230
0.52808
0.56892
0.78139
0.74495
0.46499
0.42614
0.27123
0.28905
0.94088
0.26485
0.78983
0.69622
0.50163
0.91570
0.15049
0.15137
0.40350
0.59506
0.11022
0.64244
0.43997
0.81555
0.17636
0.83280
0.74383
0.56747
0.46534
0.02999
0.98605
0.88250
0.22113
0.74040
0.69318
0.87875
0.19905
0.13065
0.76166
0.30556
0.65432
0.39421
0.40012
0.80882
0.79060
0.03476
0.09169
0.46172
0.47552
0.86463
0.05658
0.30598
0.64614
0.13326
0.87587
0.09866
0.30124
0.18085
0.05801
0.67447
0.72253
0.84588
0.77729
0.75559
0.52194
0.43888
0.97007
0.38853
0.38917
0.35249
0.60052
0.50432
0.73994
0.89855
0.71541
0.63014
0.29908
0.72616
0.53486
0.75685
0.28741
0.96673
0.03475
0.95846
0.02223
0.11707
0.51042
0.96599
0.43632
0.52829
0.44889
0.55437
0.26632
0.71347
0.84757
0.73147
0.20690
0.58113
0.08799
0.76440
0.15399
0.26640
0.61380
0.68384
0.28852
0.58389
0.64584
0.36816
0.76177
0.60917
0.83521
0.73816
0.16823
0.30559
0.87186
0.65525
0.90793
0.35499
0.68322
0.24496
0.81278
0.06775
0.47718
0.33705
0.24171
0.26966
0.65646
0.05924
0.12001
0.01718
0.07918
0.15902
0.17528
0.60892
0.43107
0.17307
0.75816
0.50589
0.13351
0.12252
0.01150
0.68340
0.49698
0.10655
0.58080
0.44684
0.75103
0.23190
0.29207
0.04904
0.11697
0.14234
0.49681
0.28369
0.50818
0.00531
0.09968
0.29234
0.50454
0.95779
0.11619
0.48315
0.51793
0.75350
0.87369
0.08358
0.84779
0.63934
0.12098
0.08264
0.77836
0.47622
0.09083
0.04127
0.69724
0.12098
0.31812
0.28278
0.45909
0.21330
0.67989
0.85811
0.17443
0.20043
0.58522
0.14337
0.80008
0.90990
0.92654
0.19630
0.37937
0.68064
0.74027
0.14457
0.93673
0.36309
0.99451
0.63982
0.14595
0.35108
0.41915
0.16711
0.67799
0.84071
0.80248
0.74193
0.45997
0.73827
0.36301
0.96586
0.47461
0.97084
0.13354
0.87886
0.54729
0.67872
0.04433
0.75824
0.68623
0.84196
0.23947
0.31456
0.52136
0.55391
0.26655
0.15350
0.60530
0.60823
0.08592
0.44954
0.61632
0.19249
0.76138
0.15906
0.07740
0.43020
0.09203
0.67919
0.91249
0.79473
0.84173
0.13816
0.30706
0.98309
0.71270
0.84035
0.83308
0.26030
0.28002
0.79025
0.81575
0.58772
0.50594
0.18858
0.17683
0.19123
0.56921
0.26319
0.90201
0.24129
0.72529
0.33328
0.94845
0.36677
0.77836
0.90004
0.95515
0.90064
0.35637
0.15434
0.42994
0.24593
0.17901
0.95659
0.00520
0.70509
0.88594
0.20660
0.80618
0.58949
0.60415
0.46230
0.70850
0.32312
0.10741
0.25670
0.89485
0.24377
0.01503
0.24870
0.25689
0.10409
0.49873
0.33848
0.22296
0.34223
0.65882
0.16971
0.34801
0.16084
0.50431
0.36891
0.63032
0.63323
0.06074
0.68685
0.47937
0.62542
0.45210
0.00812
0.56302
0.45088
0.88730
0.06834
0.08093
0.36914
0.13767
0.65211
0.19650
0.78047
0.42717
0.64487
0.17315
0.81300
0.59274
0.39684
0.48616
0.18040
0.36093
0.72600
0.62827
0.42078
0.39604
0.14593
0.00763
0.14639
0.96796
0.82982
0.58254
0.72701
0.85620
0.86514
0.83840
0.11406
0.69520
0.69217
0.14532
0.64133
0.84541
0.11082
0.42679
0.77423
0.37109
0.02939
0.51157
0.91858
0.59766
0.77639
0.01053
0.85329
0.58634
0.96727
0.18050
0.30175
0.90521
0.66282
0.53910
0.88477
0.87814
0.24374
0.91395
0.18649
0.01802
0.94388
0.33912
0.09526
0.62271
0.58809
0.17898
0.91437
0.64233
0.22659
0.61746
0.58326
0.19489
0.75856
0.72504
0.78398
0.30932
0.37283
0.58435
0.61299
0.68893
0.25635
0.84469
0.33452
0.31312
0.59518
0.17284
0.72526
0.16092
0.20934
0.22352
0.25881
0.04458
0.15311
0.63334
0.33664
0.46269
0.86550
0.79107
0.58588
0.80105
0.17520
0.78349
0.45494
0.11438
0.77057
0.54956
0.61235
0.67694
0.40322
0.84983
0.77425
0.71088
0.40241
0.29325
0.80948
0.56316
0.55468
0.03270
0.34730
0.09278
0.67019
0.17331
0.51984
0.24230
0.10744
0.66615
0.69321
0.16197
0.62376
0.38534
0.55899
0.43812
0.99335
0.40585
0.93712
0.55480
0.99280
0.85310
0.48421
0.64882
0.91287
0.00304
0.46306
0.14002
0.93476
0.30493
0.07089
0.31920
0.14504
0.72307
0.94354
0.41973
0.96030
0.76578
0.16567
0.93950
0.04695
0.52879
0.32733
0.92121
0.01646
0.47610
0.91506
0.55590
0.73388
0.48702
0.73363
0.66885
0.96722
0.94984
0.35334
0.37753
0.91579
0.13954
0.55612
0.63663
0.21193
0.68373
0.51863
0.84559
0.90894
0.69590
0.76157
0.00294
0.41655
0.40745
0.98868
0.52861
0.08370
0.83984
0.54142
0.98277
0.34988
0.72651
0.00944
0.03135
0.97316
0.39105
0.54606
0.54734
0.06242
0.30852
0.45065
0.61234
0.24769
0.73484
0.70865
0.60496
0.75907
0.76607
0.30624
0.53486
0.42841
0.97516
0.38877
0.85447
0.83564
0.52439
0.39806
0.84782
0.85168
0.03932
0.90160
0.47052
0.10270
0.55077
0.37065
0.23917
0.06994
0.28436
0.51630
0.87087
0.69560
0.67064
0.98493
0.91277
0.68705
0.11567
0.39908
0.42374
0.24432
0.82279
0.57077
0.85179
0.64118
0.28962
0.80784
0.57041
0.58060
0.00273
0.36064
0.48985
0.53170
0.54282
0.32737
0.59144
0.22319
0.15581
0.10345
0.36589
0.43004
0.00371
0.93499
0.19877
0.88738
0.92549
0.37521
0.36020
0.28651
0.82592
0.94765
0.44921
0.47105
0.98794
0.77299
0.24713
0.25684
0.64087
0.77489
0.77683
0.32383
0.05613
0.69112
0.52391
0.67976
0.41989
0.52297
0.20128
0.20594
0.09904
0.26568
0.88443
0.51644
0.67288
0.07564
0.75790
0.33707
0.60902
0.57916
0.40760
0.89954
0.63613
0.66272
0.67012
0.51319
0.91344
0.97702
0.63286
0.66995
0.75321
0.38899
0.92766
0.60870
0.18840
0.19242
0.12997
0.26111
0.79111
0.81785
0.54753
0.00779
0.24161
0.93476
0.98314
0.04984
0.83461
0.24340
0.58886
0.95198
0.36921
0.61721
0.70214
0.09949
0.85614
0.30955
0.82851
0.48079
0.00233
0.81709
0.88732
0.48978
0.55233
0.96727
0.36924
0.25910
0.22791
0.65172
0.28862
0.70624
0.84271
0.96296
0.69634
0.30461
0.76347
0.03695
0.64247
0.82933
0.97367
0.93224
0.09258
0.01927
0.85498
0.53256
0.42819
0.94641
0.72644
0.15642
0.05493
0.54930
0.51115
0.10254
0.75581
0.99838
0.39656
0.34268
0.59584
0.33392
0.86334
0.01505
0.21936
0.10784
0.53733
0.88753
0.74542
0.68044
0.93328
0.92912
0.33855
0.54370
0.08037
0.70213
0.52524
0.36925
0.29227
0.22591
0.01248
0.71693
0.77820
0.57803
0.24510
0.88935
0.09715
0.64336
0.38524
0.76216
0.43264
0.63501
0.78399
0.09423
0.21937
0.41949
0.32701
0.16950
0.66120
0.09130
0.43143
0.64067
0.51098
0.80753
0.30556
0.28355
0.18658
0.45672
0.16071
0.22765
0.50934
0.00370
0.99341
0.47476
0.45678
0.11875
0.67646
0.07417
0.26285
0.91311
0.41993
0.60931
0.35860
0.03914
0.09864
0.90789
0.52681
0.28321
0.16042
0.70863
0.96877
0.93703
0.30197
0.61978
0.38353
0.63543
0.85300
0.05959
0.55297
0.62007
0.63322
0.92698
0.62889
0.63737
0.28122
0.60370
0.07781
0.25508
0.74034
0.74396
0.88928
0.53936
0.71992
0.43747
0.35196
0.78525
0.93122
0.35843
0.02479
0.72148
0.77700
0.37928
0.72273
0.51798
0.82002
0.84087
0.11589
0.28943
0.60229
0.92878
0.46606
0.40327
0.85883
0.38984
0.34276
0.76751
0.05598
0.84845
0.14822
0.01099
0.37528
0.67463
0.87858
0.76576
0.98881
0.91699
0.14241
0.99692
0.29558
0.47122
0.19234
0.01128
0.48790
0.77335
0.43803
0.76627
0.14063
0.72339
0.33844
0.53904
0.22979
0.27283
0.52868
0.27704
0.00950
0.19094
0.78418
0.77824
0.80182
0.77869
0.23983
0.57441
0.97412
0.96797
0.94360
0.34611
0.93358
0.95674
0.42123
0.34512
0.12613
0.90364
0.58391
0.40479
0.51892
0.06772
0.39739
0.45966
0.56358
0.33979
0.97832
0.97905
0.85399
0.24723
0.89546
0.78392
0.66550
0.07140
0.63974
0.46848
0.86155
0.65977
0.97667
0.26013
0.12448
0.64097
0.84335
0.69717
0.55390
0.48775
0.24024
0.27266
0.48845
0.78362
0.70413
0.71407
0.66849
0.22327
0.64739
0.01890
0.14154
0.20767
0.50236
0.56412
0.76658
0.61425
0.81769
0.03801
0.09963
0.15467
0.81852
0.52985
0.94704
0.76156
0.55791
0.12096
0.62178
0.31785
0.25585
0.81426
0.49609
0.96242
0.60012
0.86781
0.33086
0.22216
0.41478
0.05993
0.96025
0.17853
0.21476
0.68545
0.22513
0.36285
0.29536
0.07977
0.94977
0.84290
0.82567
0.56594
0.33207
0.56511
0.29280
0.86518
0.88323
0.09950
0.98342
0.87555
0.45267
0.79154
0.57840
0.83034
0.63671
0.93363
0.96812
0.43158
0.21598
0.82138
0.04933
0.63973
0.83883
0.02843
0.02026
0.69965
0.65202
0.34184
0.40451
0.01849
0.61143
0.50754
0.63564
0.50422
0.86109
0.12256
0.09642
0.71717
0.30970
0.20465
0.12979
0.41765
0.80709
0.73550
0.49656
0.08529
0.06624
0.48695
0.74954
0.09489
0.27658
0.23444
0.69067
0.49428
0.18225
0.94765
0.48893
0.24299
0.25233
0.28444
0.30931
0.32538
0.87353
0.31265
0.53713
0.75676
0.17331
0.35790
0.47534
0.06339
0.23527
0.65072
0.50587
0.09446
0.10761
0.41610
0.26782
0.51141
0.75961
0.24007
0.61226
0.02265
0.28051
0.91911
0.61529
0.52036
0.86108
0.52962
0.49156
0.83481
0.24187
0.99677
0.31445
0.52075
0.09663
0.14120
0.69230
0.77105
0.86461
0.53180
0.73457
0.24197
0.79942
0.09049
0.18381
0.53293
0.43502
0.61584
0.20814
0.19817
0.91284
0.27648
0.12639
0.43507
0.73660
0.38608
0.61566
0.81361
0.47793
0.43067
0.63344
0.90653
0.27398
0.91942
0.68539
0.49846
0.30958
0.98534
0.02160
0.58988
0.38238
0.44847
0.02451
0.28620
0.00157
0.42584
0.17855
0.98041
0.94753
0.53151
0.84645
0.34534
0.65466
0.27063
0.17529
0.99539
0.76110
0.95565
0.90168
0.51887
0.04820
0.24031
0.62265
0.19344
0.58108
0.06474
0.08764
0.30009
0.68346
0.64934
0.34955
0.75474
0.73481
0.28118
0.80807
0.28873
0.66986
0.32085
0.29828
0.99782
0.35176
0.58309
0.80028
0.79238
0.74006
0.72714
0.96065
0.72702
0.89970
0.10441
0.97248
0.59893
0.40364
0.17778
0.01225
0.27803
0.90148
0.68745
0.45397
0.36240
0.09112
0.58559
0.43394
0.30831
0.56170
0.51026
0.68183
0.50226
0.18373
0.97845
0.37005
0.05112
0.37164
0.65873
0.96355
0.74660
0.10642
0.89747
0.02865
0.55594
0.57910
0.61432
0.29227
0.88066
0.91669
0.12710
0.46823
0.28625
0.61506
0.54404
0.12252
0.98931
0.55886
0.29221
0.61283
0.79675
0.73572
0.40776
0.88330
0.14136
0.18601
0.54045
0.17047
0.28162
0.02059
0.13912
0.60089
0.09126
0.31677
0.68932
0.27771
0.27820
0.96827
0.94209
0.98537
0.31374
0.14043
0.91470
0.87690
0.09569
0.35459
0.50357
0.49436
0.61122
0.46659
0.46356
0.14147
0.91167
0.80903
0.59579
0.06475
0.27667
0.79075
0.86202
0.61477
0.17778
0.65554
0.09044
0.75726
0.34499
0.22205
0.24606
0.28802
0.34300
0.17663
0.85378
0.21500
0.85243
0.24471
0.65247
0.30127
0.51287
0.27073
0.68594
0.12103
0.84863
0.25003
0.56136
0.26380
0.42179
0.65293
0.86778
0.77314
0.90386
0.25435
0.24057
0.25575
0.06160
0.62961
0.67618
0.58133
0.82297
0.16946
0.76713
0.39815
0.13668
0.45676
0.95283
0.47448
0.60080
0.54960
0.21291
0.41201
0.32051
0.83827
0.46089
0.35248
0.04083
0.41399
0.77624
0.05046
0.86526
0.78947
0.23389
0.59918
0.61835
0.01659
0.60697
0.61999
0.95700
0.54126
0.10737
0.65901
0.76458
0.50178
0.69632
0.80104
0.11987
0.34387
0.87530
0.67383
0.03281
0.21674
0.91792
0.83508
0.69045
0.18259
0.98820
0.68004
0.84863
0.51166
0.33321
0.61431
0.43610
0.03359
0.55569
0.91316
0.25000
0.26115
0.50407
0.61810
0.55036
0.80323
0.23189
0.26178
0.95661
0.45812
0.35698
0.31089
0.68507
0.64709
0.42091
0.38138
0.58666
0.41268
0.73385
0.87605
0.88794
0.45446
0.07370
0.58423
0.61207
0.08605
0.05969
0.12568
0.30073
0.64196
0.64415
0.82460
0.24575
0.35949
0.67724
0.30360
0.72220
0.65891
0.47957
0.83139
0.65521
0.67663
0.54578
0.25421
0.67474
0.12923
0.18434
0.79595
0.41917
0.50233
0.77267
0.87246
0.42509
0.08561
0.74361
0.92582
0.53877
0.24996
0.95411
0.10240
0.91137
0.69988
0.31343
0.51771
0.33871
0.94234
0.57139
0.49923
0.32383
0.58396
0.08078
0.48659
0.53869
0.17149
0.93778
0.76970
0.48743
0.94816
0.52196
0.38876
0.82124
0.68501
0.39054
0.80520
0.70759
0.54091
0.95341
0.45124
0.84303
0.66182
0.08842
0.80483
0.42125
0.22976
0.47858
0.58010
0.35131
0.41636
0.63201
0.17942
0.52405
0.57472
0.43543
0.18924
0.08267
0.30588
0.19098
0.81678
0.66198
0.08462
0.50359
0.91258
0.75648
0.47606
0.98460
0.93663
0.12901
0.82190
0.13680
0.55158
0.18643
0.45546
0.40605
0.34853
0.54049
0.07346
0.91428
0.33518
0.14373
0.67915
0.58897
0.35803
0.18782
0.15375
0.67393
0.62129
0.33132
0.22084
0.79135
0.60319
0.55447
0.82419
0.75170
0.71387
0.02314
0.94780
0.55582
0.77951
0.82787
0.98559
0.71025
0.79338
0.47218
0.43469
0.24473
0.23799
0.76173
0.44907
0.21996
0.13918
0.10905
0.28063
0.03102
0.66500
0.41308
0.82510
0.41998
0.61299
0.24528
0.68965
0.19996
0.47248
0.03006
0.05781
0.77513
0.72675
0.55887
0.07765
0.65573
0.03009
0.70143
0.16321
0.28325
0.77204
0.58610
0.89904
0.93083
0.53160
0.44088
0.17918
0.84381
0.22851
0.29528
0.42717
0.90595
0.57338
0.52376
0.18511
0.84635
0.55495
0.81645
0.49822
0.57421
0.26214
0.66932
0.91303
0.18313
0.42313
0.56933
0.94345
0.09100
0.38358
0.31429
0.94626
0.24355
0.20885
0.60251
0.75146
0.10706
0.91670
0.67561
0.32045
0.61370
0.29783
0.15828
0.49542
0.19491
0.88236
0.37106
0.67686
0.59549
0.14205
0.83092
0.93602
0.67965
0.60287
0.36257
0.35202
0.74885
0.60988
0.69710
0.74180
0.28311
0.87481
0.66130
0.64852
0.97604
0.85302
0.71400
0.83462
0.36903
0.87709
0.84281
0.88647
0.83883
0.53311
0.88054
0.34426
0.58505
0.78737
0.09558
0.29572
0.34052
0.39631
0.86598
0.45301
0.78579
0.95933
0.31690
0.32635
0.71085
0.83896
0.80511
0.63537
0.53692
0.66990
0.20378
0.30302
0.63447
0.94789
0.13159
0.80567
0.59700
0.32631
0.54119
0.52115
0.38828
0.05591
0.19749
0.25341
0.98176
0.44104
0.39992
0.30517
0.50304
0.78319
0.97672
0.28459
0.65031
0.51743
0.53276
0.04643
0.04723
0.27268
0.80279
0.33955
0.65074
0.69648
0.63533
0.55313
0.53887
0.54956
0.66439
0.62711
0.87637
0.19767
0.49422
0.16955
0.53799
0.41365
0.64248
0.43483
0.60518
0.67717
0.27500
0.50010
0.99281
0.03611
0.06447
0.58125
0.08190
0.77015
0.05218
0.18057
0.18300
0.95759
0.52973
0.13557
0.93141
0.42128
0.36808
0.13332
0.39236
0.04679
0.65815
0.56487
0.63147
0.03410
0.12867
0.60625
0.11715
0.19305
0.61309
0.79593
0.71133
0.47647
0.21975
0.27517
0.29075
0.89840
0.18041
0.78204
0.28315
0.18375
0.03923
0.70752
0.64945
0.47467
0.49728
0.88384
0.22578
0.33073
0.65890
0.83572
0.00722
0.05568
0.66199
0.69075
0.73000
0.50458
0.20972
0.81240
0.34277
0.26139
0.41204
0.38887
0.28193
0.93206
0.86834
0.78546
0.69421
0.47130
0.64693
0.80516
0.03914
0.39061
0.69463
0.29626
0.68688
0.46570
0.49378
0.70787
0.42370
0.36435
0.66767
0.50318
0.77084
0.67925
0.44487
0.97176
0.87645
0.96075
0.14408
0.29196
0.01689
0.85999
0.88836
0.99048
0.53895
0.06106
0.89182
0.65996
0.38985
0.72528
0.24646
0.51389
0.27499
0.44533
0.68195
0.52522
0.16165
0.25693
0.71091
0.26539
0.78982
0.40259
0.06611
0.80362
0.06720
0.48297
0.19778
0.85803
0.22929
0.62582
0.24098
0.24282
0.94926
0.12951
0.93424
0.98149
0.77393
0.73067
0.42893
0.03781
0.50869
0.62562
0.54151
0.84248
0.44006
0.51200
0.04971
0.86213
0.44523
0.66483
0.55102
0.61642
0.88406
0.60753
0.48586
0.90136
0.93216
0.83405
0.93006
0.20785
0.21782
0.39024
0.69741
0.43691
0.79520
0.17825
0.16268
0.42117
0.48458
0.20125
0.93228
0.78999
0.06495
0.01158
0.31805
0.54913
0.75922
0.98218
0.35823
0.24313
0.30399
0.55195
0.99275
0.76315
0.05275
0.64604
0.58752
0.63473
0.32032
0.61507
0.81370
0.64003
0.71686
0.31118
0.02898
0.97511
0.02291
0.44624
0.36244
0.87732
0.32456
0.69013
0.53373
0.80318
0.39931
0.98325
0.21140
0.03928
0.01798
0.52161
0.22486
0.93526
0.10416
0.41172
0.90072
0.12668
0.50393
0.05811
0.49176
0.18091
0.25851
0.80836
0.39091
0.39062
0.04193
0.42071
0.41372
0.28630
0.80992
0.42011
0.64654
0.21728
0.31826
0.13945
0.44293
0.40545
0.87702
0.55205
0.63437
0.06573
0.93590
0.74867
0.53109
0.42191
0.98073
0.91804
0.51811
0.68374
0.37801
0.88470
0.64797
0.99614
0.24364
0.83910
0.20533
0.18558
0.58298
0.74675
0.40006
0.73411
0.73208
0.49675
0.98755
0.24438
0.82854
0.61610
0.46942
0.63977
0.41676
0.21574
0.68435
0.60365
0.16997
0.15635
0.52514
0.76006
0.13668
0.42248
0.17213
0.42222
0.12180
0.46920
0.14367
0.87740
0.82714
0.34169
0.90033
0.14707
0.38411
0.37524
0.20889
0.89949
0.45634
0.50219
0.76944
0.73472
0.27698
0.20436
0.64138
0.60381
0.46932
0.49092
0.34197
0.72281
0.57937
0.43246
0.58986
0.31296
0.09510
0.96265
0.00051
0.69055
0.95943
0.83098
0.79259
0.10550
0.40079
0.67801
0.26231
0.79590
0.50874
0.73851
0.90013
0.00690
0.66247
0.13820
0.05817
0.53704
0.71069
0.29694
0.43284
0.81998
0.64842
0.25493
0.25356
0.53998
0.67328
0.15657
0.62592
0.40510
0.91198
0.17678
0.23846
0.33985
0.29681
0.21778
0.07535
0.19761
0.65138
0.28058
0.71220
0.42844
0.40265
0.28731
0.57537
0.93827
0.11184
0.16324
0.46811
0.93868
0.53942
0.34800
0.84274
0.59687
0.27019
0.39918
0.09342
0.77300
0.98760
0.90705
0.98748
0.83010
0.22476
0.24411
0.81426
0.23051
0.38162
0.13032
0.88563
0.54649
0.33124
0.56291
0.84892
0.79419
0.43768
0.63606
0.42475
0.57487
0.04201
0.80742
0.42060
0.01053
0.45991
0.82472
0.49604
0.25442
0.79794
0.01889
0.25818
0.75059
0.00289
0.17545
0.80289
0.55940
0.23614
0.75696
0.09224
0.88276
0.46112
0.78324
0.28187
0.35540
0.01889
0.78611
0.77380
0.34629
0.71962
0.25581
0.68521
0.48722
0.88486
0.74890
0.32966
0.67319
0.34131
0.62039
0.34318
0.25011
0.82571
0.59754
0.24224
0.91683
0.56361
0.44128
0.34481
0.95659
0.35528
0.10846
0.95078
0.63803
0.58932
0.03689
0.52176
0.03582
0.41970
0.54299
0.10393
0.73482
0.21682
0.22177
0.79953
0.74751
0.37361
0.46036
0.52452
0.74307
0.92687
0.99637
0.90528
0.89314
0.93717
0.09775
0.38817
0.37922
0.63124
0.23082
0.56397
0.56487
0.85495
0.11486
0.50047
0.47495
0.04976
0.95595
0.11775
0.30377
0.33669
0.81628
0.04037
0.78867
0.34378
0.54463
0.99815
0.55088
0.50493
0.38207
0.50126
0.27603
0.82806
0.11143
0.09251
0.82798
0.87897
0.40974
0.22380
0.59370
0.22764
0.45260
0.96360
0.30522
0.69292
0.92811
0.31369
0.08654
0.97580
0.65352
0.61826
0.61141
0.93052
0.15059
0.38341
0.98608
0.50381
0.58157
0.03828
0.13441
0.02095
0.33586
0.04120
0.51007
0.68478
0.94706
0.43176
0.86386
0.74541
0.19958
0.76777
0.10505
0.18754
0.87625
0.99951
0.60420
0.78315
0.73116
0.36067
0.26006
0.81889
0.87427
0.97865
0.58676
0.18200
0.88610
0.27511
0.92607
0.40006
0.81743
0.88226
0.59793
0.73786
0.77534
0.50422
0.24951
0.96541
0.21909
0.86204
0.02077
0.21674
0.59563
0.21209
0.93706
0.66899
0.06038
0.43625
0.46401
0.98582
0.05455
0.71860
0.99588
0.99469
0.48018
0.91432
0.26333
0.52130
0.28657
0.86802
0.64081
0.13527
0.39295
0.70255
0.35046
0.10807
0.83215
0.92871
0.89630
0.34851
0.00247
0.70568
0.44119
0.63995
0.10864
0.56165
0.67212
0.80729
0.84147
0.96007
0.34370
0.22398
0.97215
0.37999
0.69452
0.77761
0.18630
0.38412
0.85071
0.73510
0.83226
0.79076
0.75822
0.01804
0.65055
0.47195
0.03896
0.06115
0.21906
0.60693
0.87551
0.88858
0.40043
0.96894
0.50378
0.82924
0.15557
0.58190
0.85679
0.22346
0.33125
0.17309
0.85180
0.82244
0.37302
0.99426
0.61263
0.66328
0.03585
0.48153
0.39536
0.28978
0.26559
0.86227
0.66606
0.76229
0.45582
0.78360
0.64057
0.88003
0.55774
0.20888
0.22085
0.56442
0.95949
0.51062
0.71888
0.57577
0.09557
0.82279
0.06056
0.97695
0.46748
0.66239
0.44894
0.04280
0.41616
0.97397
0.69410
0.28360
0.83329
0.98247
0.91073
0.33532
0.95914
0.95143
0.02836
0.78031
0.76721
0.66916
0.70145
0.09659
0.28834
0.89888
0.99556
0.49780
0.13769
0.76125
0.03243
0.11374
0.29396
0.73149
0.65053
0.00721
0.15446
0.81783
0.77683
0.64121
0.26346
0.38449
0.66834
0.37668
0.10850
0.52155
0.61254
0.83761
0.33057
0.54595
0.49828
0.83063
0.35708
0.91505
0.75903
0.90205
0.73219
0.59747
0.00076
0.95907
0.62845
0.08948
0.02516
0.09750
0.43789
0.76179
0.48901
0.60347
0.29539
0.01101
0.82127
0.53294
0.21706
0.99705
0.44686
0.09236
0.66575
0.97134
0.69141
0.69618
0.55498
0.55918
0.53362
0.31105
0.99922
0.68788
0.68898
0.42128
0.87478
0.40287
0.17644
0.85186
0.92193
0.77439
0.73943
0.89750
0.26613
0.03684
0.51308
0.11367
0.09733
0.59192
0.52190
0.04231
0.83645
0.25151
0.28415
0.03593
0.92289
0.92387
0.77999
0.32016
0.26941
0.03235
0.34867
0.18613
0.11226
0.70624
0.92993
0.85891
0.43979
0.02453
0.99444
0.22918
0.28406
0.99518
0.83385
0.26433
0.99362
0.73913
0.68998
0.97773
0.49767
0.02124
0.68922
0.78056
0.61662
0.00324
0.30713
0.59769
0.51616
0.79568
0.09583
0.38865
0.20268
0.54587
0.21034
0.61633
0.14818
0.04689
0.13629
0.01701
0.50489
0.34046
0.13955
0.02956
0.87812
0.76141
0.12008
0.50161
0.15586
0.68603
0.58072
0.15759
0.46043
0.76151
0.20400
0.17586
0.14962
0.88497
0.95269
0.18832
0.20904
0.50732
0.39214
0.54218
0.23718
0.87874
0.83570
0.12339
0.29424
0.81546
0.77824
0.40133
0.12630
0.61539
0.99173
0.19060
0.44034
0.12123
0.65233
0.72438
0.61942
0.20377
0.97054
0.81511
0.35543
0.56050
0.96015
0.98348
0.31895
0.98285
0.86173
0.70147
0.38591
0.24952
0.85497
0.77326
0.64818
0.31384
0.05107
0.70963
0.42457
0.93848
0.82663
0.57480
0.07040
0.76388
0.06812
0.91920
0.17911
0.26244
0.82625
0.52939
0.38390
0.53163
0.09858
0.29710
0.84691
0.82148
0.14728
0.15281
0.50195
0.87018
0.27563
0.17485
0.50031
0.68243
0.65515
0.04870
0.76585
0.66510
0.15848
0.79741
0.47122
0.15752
0.07453
0.94526
0.27009
0.95905
0.58325
0.19968
0.16826
0.37924
0.15231
0.08984
0.22857
0.69632
0.62919
0.14665
0.97535
0.24680
0.55655
0.73339
0.89538
0.31315
0.48864
0.80895
0.27875
0.56255
0.48600
0.76189
0.04322
0.62863
0.95368
0.03769
0.91331
0.56665
0.50538
0.90289
0.46177
0.95941
0.09430
0.82620
0.24994
0.44614
0.43604
0.66706
0.21593
0.46317
0.27360
0.92562
0.63172
0.53723
0.49089
0.33033
0.26602
0.63612
0.54587
0.14792
0.44075
0.10742
0.77081
0.80583
0.64626
0.55652
0.81349
0.70630
0.27155
0.51462
0.73706
0.01466
0.87668
0.98130
0.25944
0.46428
0.59809
0.91063
0.35278
0.85840
0.96913
0.16431
0.63571
0.74499
0.54458
0.40304
0.29911
0.24541
0.63458
0.08357
0.41933
0.54489
0.81142
0.22634
0.89851
0.09800
0.34226
0.94253
0.56641
0.28099
0.98672
0.00823
0.27154
0.81295
0.44014
0.67361
0.80253
0.82865
0.18893
0.77952
0.46316
0.31300
0.96888
0.71427
0.95246
0.27388
0.17492
0.47306
0.33769
0.77529
0.19228
0.62080
0.32348
0.33910
0.11607
0.74027
0.48793
0.61948
0.06465
0.41908
0.17198
0.42845
0.38243
0.41416
0.44011
0.45072
0.96714
0.71821
0.62941
0.22095
0.15287
0.84495
0.95003
0.52018
0.55657
0.76856
0.53068
0.52932
0.67200
0.94675
0.24276
0.61061
0.37548
0.50685
0.95939
0.50017
0.41451
0.58272
0.79347
0.64963
0.50580
0.10117
0.57991
0.67389
0.31212
0.30907
0.76481
0.31035
0.30783
0.25558
0.70898
0.70881
0.34776
0.13553
0.73554
0.82370
0.78392
0.69484
0.74677
0.43524
0.59860
0.51363
0.48973
0.26850
0.62444
0.99089
0.08304
0.62175
0.39871
0.29847
0.37904
0.23142
0.88875
0.06785
0.37913
0.75668
0.14388
0.55547
0.27644
0.41875
0.97653
0.15061
0.05798
0.83922
0.07038
0.29008
0.56199
0.35189
0.87814
0.35782
0.00588
0.64374
0.11234
0.06465
0.55421
0.77543
0.35478
0.76983
0.01850
0.94968
0.97320
0.85291
0.11661
0.91545
0.48879
0.97714
0.61134
0.14835
0.44387
0.47244
0.12103
0.65536
0.12648
0.53565
0.57429
0.47224
0.51523
0.72583
0.75635
0.86821
0.92365
0.03211
0.70360
0.35032
0.25458
0.49105
0.03306
0.15658
0.87582
0.69300
0.36236
0.24837
0.31078
0.21704
0.07462
0.77742
0.13091
0.34163
0.68611
0.94862
0.09635
0.74410
0.95453
0.64371
0.20395
0.01879
0.55302
0.15883
0.32098
0.54125
0.06836
0.10840
0.25913
0.74883
0.20230
0.92661
0.70079
0.50391
0.29110
0.36301
0.71817
0.95757
0.15240
0.69253
0.82270
0.91637
0.08412
0.68274
0.87372
0.72118
0.51878
0.72817
0.82803
0.83785
0.95867
0.31610
0.93058
0.81910
0.10988
0.12681
0.28142
0.10442
0.64190
0.00054
0.42464
0.79628
0.82532
0.28374
0.45390
0.62918
0.31903
0.03719
0.09633
0.24035
0.61019
0.13021
0.69817
0.45060
0.30043
0.13937
0.54435
0.34443
0.72785
0.28287
0.42731
0.61747
0.25226
0.02475
0.47097
0.37279
0.96566
0.74627
0.64479
0.64906
0.08629
0.90790
0.87206
0.94531
0.83557
0.84417
0.74361
0.14686
0.76316
0.24837
0.57347
0.07725
0.01428
0.63786
0.79176
0.20512
0.08664
0.37983
0.16903
0.51587
0.60803
0.54240
0.73485
0.40682
0.98106
0.27213
0.91347
0.67570
0.70111
0.59588
0.14721
0.26493
0.58860
0.55268
0.30227
0.07729
0.14278
0.56770
0.07140
0.60828
0.45263
0.47217
0.40192
0.79490
0.55855
0.88445
0.32631
0.67947
0.99060
0.47795
0.01128
0.94998
0.15424
0.91983
0.95326
0.45229
0.53964
0.24902
0.21721
0.12315
0.56356
0.09272
0.57653
0.36896
0.66961
0.67913
0.38492
0.63307
0.13363
0.55475
0.18280
0.33712
0.17053
0.48268
0.48875
0.92889
0.75801
0.21931
0.71566
0.19831
0.35997
0.19277
0.49652
0.92731
0.06653
0.90873
0.88220
0.33059
0.61715
0.31685
0.74823
0.40511
0.34968
0.34517
0.94339
0.55254
0.27570
0.29820
0.62741
0.63416
0.65906
0.70274
0.02772
0.39163
0.04073
0.68054
0.57239
0.57255
0.16115
0.44518
0.79068
0.61284
0.72950
0.24536
0.94797
0.89599
0.65201
0.30863
0.32350
0.76397
0.16216
0.17650
0.08191
0.87168
0.49196
0.13512
0.22894
0.13609
0.78563
0.78502
0.32881
0.69925
0.96234
0.16130
0.68514
0.20182
0.59502
0.17965
0.72908
0.09934
0.14459
0.49555
0.36795
0.13633
0.97771
0.62016
0.81839
0.86283
0.85096
0.30890
0.22273
0.10558
0.32648
0.11439
0.96545
0.89240
0.32734
0.86470
0.29405
0.84039
0.58480
0.39455
0.51690
0.74189
0.96909
0.75291
0.05721
0.68514
0.86795
0.73780
0.67851
0.62232
0.17867
0.25234
0.55774
0.18685
0.57294
0.13918
0.16862
0.42484
0.34470
0.86753
0.45906
0.34119
0.18409
0.47875
0.32358
0.08266
0.66937
0.31005
0.39044
0.46723
0.20566
0.68756
0.33601
0.53613
0.68452
0.95013
0.42914
0.13214
0.82362
0.89827
0.38511
0.11242
0.67834
0.82866
0.33042
0.09656
0.35316
0.84500
0.21536
0.45882
0.95446
0.60069
0.61868
0.70647
0.93009
0.35687
0.36817
0.77118
0.33650
0.85999
0.33137
0.50649
0.51051
0.81804
0.34976
0.96475
0.03721
0.31939
0.01307
0.79664
0.85109
0.39542
0.18933
0.82570
0.95159
0.49481
0.16497
0.40608
0.55347
0.01474
0.71478
0.85614
0.27968
0.98829
0.88315
0.78299
0.33680
0.36017
0.25901
0.27766
0.98704
0.75330
0.95703
0.20883
0.94315
0.63505
0.82064
0.99590
0.71181
0.44252
0.32596
0.06084
0.45051
0.23770
0.00298
0.01502
0.84409
0.45195
0.95808
0.05847
0.61905
0.73253
0.00302
0.41733
0.94751
0.35243
0.95351
0.73583
0.47565
0.97633
0.96198
0.36450
0.08327
0.28870
0.50255
0.65931
0.68673
0.22559
0.52335
0.18763
0.31600
0.21888
0.47536
0.76749
0.85732
0.91757
0.92938
0.76804
0.89780
0.09532
0.99650
0.71072
0.68572
0.38986
0.15822
0.34561
0.26567
0.58375
0.14607
0.05250
0.69735
0.84201
0.66205
0.35702
0.09668
0.58543
0.32500
0.21652
0.00164
0.33471
0.52178
0.37862
0.20386
0.30414
0.74334
0.75168
0.47174
0.47587
0.57742
0.89480
0.56454
0.10259
0.47144
0.25537
0.52460
0.15005
0.83468
0.51791
0.84969
0.64199
0.30242
0.15408
0.78516
0.70978
0.57477
0.39152
0.17564
0.74550
0.22036
0.82091
0.60988
0.46189
0.56733
0.85937
0.80735
0.19488
0.69302
0.94201
0.98798
0.93054
0.47821
0.69881
0.98389
0.22184
0.55261
0.38684
0.21951
0.63796
0.95401
0.53394
0.33318
0.85925
0.18254
0.63789
0.93215
0.01622
0.05977
0.86163
0.16953
0.96296
0.21393
0.96868
0.36502
0.43040
0.92937
0.25904
0.21260
0.05169
0.45649
0.31398
0.68993
0.13207
0.02108
0.45520
0.88864
0.53064
0.05802
0.89237
0.74776
0.49018
0.88462
0.35352
0.14064
0.42568
0.84597
0.53153
0.68011
0.31112
0.60808
0.81526
0.47077
0.75191
0.29062
0.41948
0.38039
0.87326
0.47986
0.51449
0.88461
0.25708
0.03057
0.36331
0.01826
0.42354
0.96500
0.81903
0.32034
0.18207
0.83441
0.81236
0.66392
0.67547
0.21206
0.23601
0.18243
0.58082
0.02512
0.33755
0.14500
0.15292
0.86304
0.57567
0.04910
0.55009
0.55738
0.72006
0.98919
0.67259
0.30123
0.10667
0.09217
0.63895
0.99080
0.61919
0.93965
0.97559
0.02856
0.46062
0.97655
0.22533
0.56218
0.35490
0.90074
0.83216
0.81608
0.20675
0.06677
0.36336
0.55957
0.80802
0.41329
0.86528
0.18218
0.24238
0.46409
0.98606
0.10257
0.06601
0.78464
0.24744
0.65977
0.82378
0.90775
0.17810
0.53348
0.44997
0.18283
0.54136
0.69318
0.04662
0.06003
0.64515
0.36682
0.56420
0.27050
0.42104
0.02512
0.15393
0.68307
0.02115
0.96833
0.57132
0.28901
0.94866
0.64025
0.15874
0.40887
0.33669
0.07306
0.64334
0.31758
0.79693
0.77353
0.46978
0.81090
0.82237
0.56444
0.90002
0.10481
0.06781
0.94565
0.21149
0.62105
0.11091
0.26281
0.69331
0.45117
0.21043
0.92841
0.11506
0.59942
0.42454
0.53724
0.32235
0.50684
0.72903
0.86381
0.99157
0.01344
0.72068
0.44925
0.28633
0.21287
0.79668
0.78893
0.78372
0.88849
0.18567
0.81772
0.09432
0.02619
0.44938
0.78743
0.53010
0.15823
0.19268
0.37120
0.11747
0.40639
0.99603
0.44809
0.10020
0.81395
0.46124
0.33918
0.14680
0.94465
0.51580
0.51322
0.33108
0.86012
0.62663
0.23181
0.57100
0.51549
0.07988
0.79066
0.16377
0.77357
0.45145
0.90154
0.94632
0.70869
0.80138
0.36223
0.51359
0.04700
0.14690
0.70802
0.13930
0.87687
0.77275
0.47589
0.64475
0.73683
0.17519
0.38466
0.48174
0.12698
0.92820
0.14689
0.52685
0.14039
0.03647
0.35016
0.37167
0.12017
0.99162
0.38754
0.91609
0.69912
0.00934
0.86788
0.61521
0.04764
0.28030
0.91093
0.67464
0.76507
0.81016
0.09723
0.35263
0.19491
0.57092
0.20231
0.39890
0.67753
0.93752
0.59958
0.66641
0.32909
0.08546
0.07788
0.12151
0.47831
0.29737
0.26193
0.63408
0.62951
0.11902
0.11579
0.80020
0.92501
0.33640
0.30072
0.92897
0.28918
0.11060
0.82588
0.34016
0.35910
0.92348
0.77463
0.85964
0.12150
0.12168
0.26830
0.37578
0.43671
0.85784
0.54934
0.52763
0.12435
0.36881
0.60586
0.09158
0.40647
0.31488
0.06044
0.76024
0.59172
0.27506
0.71219
0.50626
0.93252
0.81881
0.25352
0.16329
0.42603
0.88053
0.32161
0.67040
0.42190
0.32375
0.82875
0.93528
0.78643
0.64079
0.14917
0.54674
0.39113
0.65024
0.51813
0.17220
0.74504
0.00267
0.37929
0.91619
0.26959
0.36181
0.64457
0.86652
0.36325
0.36214
0.84916
0.76144
0.98546
0.12052
0.91989
0.34780
0.90336
0.06202
0.76926
0.94215
0.69164
0.41148
0.27978
0.06409
0.61863
0.17995
0.20443
0.93593
0.18493
0.70227
0.08538
0.74245
0.58620
0.20329
0.19933
0.70059
0.22400
0.96683
0.55625
0.67229
0.78174
0.87388
0.94887
0.43166
0.66809
0.53043
0.10614
0.24914
0.11036
0.57460
0.83357
0.29415
0.74840
0.92176
0.15627
0.75265
0.51464
0.13431
0.69930
0.19100
0.86367
0.74608
0.28686
0.12518
0.15583
0.68193
0.69209
0.53874
0.77316
0.58545
0.99191
0.75164
0.61745
0.68153
0.82547
0.24376
0.52802
0.32418
0.27831
0.72083
0.53634
0.70319
0.43632
0.27240
0.91189
0.52899
0.63023
0.46226
0.22016
0.98995
0.13160
0.16289
0.31461
0.34717
0.82524
0.16868
0.61606
0.90499
0.28722
0.32731
0.84999
0.50786
0.20545
0.99116
0.36094
0.27628
0.46659
0.90023
0.38609
0.33749
0.62218
0.29416
0.14084
0.92263
0.09413
0.92883
0.95310
0.43312
0.28396
0.68452
0.33410
0.03367
0.63200
0.75203
0.66880
0.44474
0.27913
0.73889
0.15696
0.33696
0.97925
0.03625
0.14331
0.55082
0.04600
0.84838
0.74798
0.12143
0.40651
0.41296
0.39507
0.47478
0.18897
0.28708
0.05012
0.07078
0.87571
0.33513
0.52594
0.93747
0.52562
0.59022
0.07061
0.86249
0.17026
0.28268
0.17913
0.24246
0.27336
0.73138
0.62452
0.92595
0.24160
0.38639
0.09867
0.28190
0.08299
0.45127
0.11142
0.34276
0.58979
0.19390
0.20195
0.63241
0.70322
0.81118
0.27565
0.83063
0.60440
0.45083
0.74781
0.70733
0.34085
0.80754
0.55517
0.66678
0.63907
0.60122
0.69201
0.73192
0.82450
0.31750
0.07859
0.86633
0.72484
0.58518
0.07670
0.87836
0.97675
0.78247
0.77297
0.81456
0.67750
0.60878
0.15859
0.71055
0.06852
0.57175
0.39080
0.25758
0.46369
0.92520
0.16774
0.94068
0.61596
0.83664
0.88323
0.10084
0.21302
0.64466
0.16181
0.34597
0.28304
0.79334
0.08402
0.42776
0.70415
0.58970
0.48573
0.48084
0.95855
0.59869
0.21868
0.49622
0.88246
0.05809
0.96646
0.95656
0.51613
0.53209
0.86695
0.32563
0.85947
0.23817
0.37675
0.34701
0.40905
0.61557
0.64181
0.04155
0.45499
0.91114
0.47253
0.40241
0.47310
0.97384
0.23065
0.22425
0.71872
0.16994
0.22340
0.87939
0.99567
0.40059
0.01554
0.61781
0.86505
0.22790
0.55340
0.17999
0.82573
0.02624
0.74427
0.74869
0.49989
0.09845
0.72946
0.25809
0.85220
0.42766
0.55542
0.95508
0.90433
0.92976
0.32449
0.12035
0.84816
0.60696
0.16128
0.33262
0.58087
0.65694
0.94913
0.85248
0.79033
0.62018
0.40006
0.95763
0.79517
0.25412
0.07735
0.17654
0.39766
0.25916
0.61923
0.96885
0.40326
0.42086
0.21138
0.42043
0.65160
0.18342
0.99912
0.26222
0.56208
0.98199
0.07985
0.48717
0.64367
0.36531
0.35968
0.86846
0.68446
0.54835
0.05063
0.84966
0.93724
0.20196
0.70489
0.64405
0.69243
0.11158
0.35691
0.87067
0.31917
0.55173
0.46450
0.52484
0.16218
0.68627
0.85586
0.81362
0.67034
0.39033
0.15373
0.58050
0.42119
0.62464
0.34847
0.18257
0.32440
0.49754
0.83938
0.90285
0.43888
0.29251
0.53861
0.70813
0.33044
0.11477
0.71446
0.60789
0.67086
0.34979
0.74947
0.61712
0.94209
0.80876
0.10285
0.47260
0.99647
0.91092
0.12178
0.70961
0.38843
0.42776
0.93837
0.51093
0.24631
0.07564
0.73236
0.01159
0.31319
0.33571
0.88329
0.78624
0.64340
0.28412
0.58986
0.05939
0.19255
0.16005
0.60665
0.26995
0.85308
0.83780
0.24771
0.52676
0.30367
0.95754
0.12493
0.40693
0.28555
0.30317
0.74417
0.05745
0.84054
0.18144
0.68299
0.44029
0.21012
0.93989
0.63960
0.40509
0.38250
0.62676
0.76876
0.69779
0.22395
0.06278
0.09849
0.38365
0.82769
0.76178
0.94143
0.93024
0.10085
0.51413
0.49930
0.10553
0.85586
0.58357
0.13277
0.42092
0.47010
0.08641
0.70341
0.69413
0.27232
0.27991
0.30533
0.68555
0.46625
0.37230
0.37816
0.02123
0.28959
0.73796
0.09467
0.04265
0.89740
0.55059
0.19803
0.48482
0.03169
0.14443
0.87769
0.87884
0.40609
0.99430
0.43488
0.93649
0.95273
0.30644
0.67894
0.69889
0.44415
0.17701
0.69163
0.26828
0.03511
0.94698
0.22098
0.83323
0.31748
0.41952
0.31806
0.03819
0.77276
0.55795
0.66366
0.02595
0.92879
0.57960
0.99603
0.10906
0.47764
0.16609
0.78949
0.68395
0.63633
0.44120
0.99701
0.50492
0.46071
0.94836
0.10092
0.41924
0.46272
0.41134
0.16307
0.09366
0.83449
0.90247
0.50337
0.26415
0.92683
0.42540
0.24009
0.39583
0.55757
0.04477
0.67886
0.98403
0.47580
0.25876
0.25772
0.48576
0.75800
0.24453
0.83316
0.99170
0.31450
0.42593
0.17103
0.58230
0.07217
0.24664
0.92061
0.50815
0.51991
0.11763
0.31876
0.90574
0.77016
0.36980
0.37863
0.06982
0.59641
0.00150
0.43402
0.51989
0.44909
0.51978
0.67088
0.19803
0.27655
0.11511
0.99006
0.63584
0.33135
0.92935
0.89244
0.45818
0.77020
0.65715
0.96575
0.54634
0.05733
0.46605
0.37577
0.64776
0.38151
0.63214
0.67844
0.36682
0.96901
0.17336
0.83267
0.90106
0.02064
0.56237
0.71768
0.56692
0.67920
0.27596
0.39965
0.70855
0.30361
0.71742
0.17095
0.77521
0.41135
0.88266
0.37009
0.54806
0.69486
0.11053
0.23189
0.14992
0.86922
0.23333
0.88448
0.94385
0.07399
0.63068
0.50504
0.84755
0.35770
0.76708
0.05107
0.79043
0.35510
0.85484
0.18738
0.87258
0.57921
0.99422
0.57640
0.09186
0.57592
0.98612
0.58625
0.62167
0.87964
0.26527
0.07559
0.06669
0.05992
0.96542
0.91340
0.28577
0.61125
0.16728
0.52341
0.36918
0.17196
0.03309
0.84974
0.43187
0.65948
0.04935
0.18761
0.19309
0.96642
0.16709
0.63855
0.09428
0.40975
0.69735
0.96525
0.05350
0.28560
0.78624
0.34476
0.06547
0.13219
0.55304
0.26370
0.99278
0.24774
0.83579
0.27604
0.37157
0.37135
0.24343
0.41835
0.00867
0.65967
0.06744
0.29526
0.16741
0.23858
0.82059
0.90567
0.21638
0.61685
0.40186
0.18383
0.05423
0.93045
0.11756
0.50597
0.93928
0.06275
0.89196
0.96199
0.38297
0.70903
0.81774
0.51890
0.32504
0.99169
0.25673
0.80125
0.37788
0.47493
0.87411
0.73538
0.10665
0.35003
0.23945
0.85973
0.81596
0.61550
0.14132
0.55635
0.28980
0.84672
0.60199
0.29873
0.74950
0.68682
0.90532
0.78402
0.85580
0.96017
0.83367
0.45427
0.45858
0.28472
0.66702
0.97397
0.24503
0.24301
0.35529
0.41097
0.88093
0.42721
0.58414
0.81119
0.32652
0.87717
0.11957
0.09659
0.56557
0.38773
0.80954
0.02127
0.76009
0.51054
0.17025
0.33732
0.07273
0.63605
0.41618
0.50100
0.31544
0.09535
0.29878
0.02804
0.47217
0.90813
0.12069
0.85967
0.98927
0.28306
0.82847
0.59711
0.42700
0.51579
0.69292
0.59929
0.54084
0.52372
0.98724
0.75466
0.07754
0.52168
0.82736
0.59443
0.13227
0.34911
0.77440
0.38402
0.24307
0.14525
0.78318
0.81395
0.77598
0.92357
0.08709
0.73609
0.55465
0.40303
0.43336
0.47064
0.72250
0.82160
0.19886
0.27435
0.10542
0.74389
0.24956
0.61771
0.35197
0.72612
0.32600
0.78928
0.14172
0.78748
0.65477
0.14973
0.22640
0.12760
0.82597
0.81017
0.51839
0.26243
0.40170
0.65909
0.25591
0.02917
0.94072
0.52323
0.02059
0.85252
0.43028
0.86997
0.01372
0.04654
0.90552
0.64212
0.59345
0.19077
0.10282
0.72980
0.72789
0.44452
0.91677
0.45359
0.68354
0.64933
0.78890
0.61948
0.37117
0.55811
0.46627
0.73351
0.86586
0.86562
0.69316
0.24285
0.92389
0.89710
0.91332
0.80630
0.05953
0.36900
0.14917
0.38023
0.89175
0.35569
0.15657
0.41763
0.76809
0.48668
0.17820
0.28891
0.20386
0.09331
0.20627
0.88584
0.10104
0.04879
0.00544
0.05006
0.16660
0.69472
0.31880
0.58296
0.08517
0.15377
0.49719
0.01022
0.18562
0.71662
0.76957
0.79571
0.58445
0.36875
0.01921
0.68696
0.64219
0.53631
0.62546
0.94303
0.30505
0.59515
0.53781
0.89987
0.15649
0.82761
0.73842
0.30495
0.86894
0.00918
0.89265
0.49589
0.83269
0.35740
0.28517
0.29983
0.89386
0.45820
0.87756
0.28612
0.79703
0.53353
0.40161
0.74093
0.24628
0.72407
0.34328
0.20634
0.31394
0.87349
0.17844
0.60553
0.81091
0.83228
0.30917
0.32495
0.49012
0.31146
0.93484
0.84479
0.54531
0.44170
0.59222
0.34594
0.64327
0.00795
0.79264
0.25676
0.37550
0.40531
0.30172
0.93366
0.56174
0.71565
0.47857
0.80130
0.13472
0.88509
0.87405
0.31658
0.01060
0.57430
0.34663
0.02729
0.75026
0.43256
0.22851
0.40809
0.00433
0.49255
0.75519
0.53025
0.36304
0.51359
0.79649
0.96091
0.42650
0.57918
0.01220
0.47089
0.72119
0.69051
0.33743
0.13470
0.97498
0.58694
0.63888
0.33155
0.41451
0.22859
0.83187
0.68989
0.14929
0.13857
0.26676
0.35480
0.46164
0.34299
0.41090
0.42454
0.47333
0.91160
0.83394
0.54896
0.38471
0.96635
0.16725
0.36396
0.41703
0.25545
0.67174
0.95938
0.63365
0.17210
0.62663
0.39793
0.70543
0.42150
0.25096
0.37545
0.03260
0.47383
0.86489
0.76865
0.31714
0.77445
0.04302
0.48516
0.97223
0.66452
0.61711
0.19052
0.37703
0.35991
0.42650
0.45824
0.31265
0.14508
0.67725
0.77264
0.41596
0.82067
0.53446
0.01385
0.57832
0.51140
0.99906
0.70073
0.93158
0.35606
0.37272
0.33420
0.51843
0.92802
0.76926
0.71281
0.24867
0.98707
0.63704
0.77238
0.75801
0.99931
0.66681
0.95556
0.58170
0.57344
0.83222
0.21987
0.34197
0.73076
0.12193
0.35946
0.84930
0.41933
0.51789
0.99858
0.19676
0.26737
0.66982
0.59245
0.95107
0.15832
0.77695
0.17378
0.91695
0.59012
0.41763
0.87867
0.86689
0.49946
0.94485
0.54375
0.11046
0.35903
0.93782
0.23129
0.00878
0.84898
0.63031
0.07681
0.31195
0.16619
0.25466
0.71527
0.60596
0.90726
0.11298
0.60048
0.95862
0.43067
0.32188
0.61485
0.61017
0.27301
0.38145
0.75565
0.55673
0.62724
0.88752
0.41315
0.94424
0.59064
0.87436
0.94601
0.83735
0.95587
0.60610
0.12999
0.11105
0.67098
0.09298
0.97859
0.00407
0.06949
0.63144
0.07957
0.80174
0.54354
0.88079
0.88203
0.20549
0.92411
0.83765
0.36520
0.96581
0.37688
0.71863
0.63016
0.82230
0.85055
0.15822
0.67496
0.09306
0.21984
0.67754
0.64276
0.15106
0.76297
0.58799
0.72330
0.97450
0.30833
0.56169
0.12978
0.16931
0.91703
0.99713
0.43617
0.41557
0.83994
0.16921
0.78897
0.03505
0.56908
0.32726
0.38188
0.39016
0.58751
0.11187
0.07919
0.89048
0.70974
0.56414
0.96033
0.73494
0.54174
0.42832
0.88562
0.54357
0.21838
0.16441
0.64081
0.29724
0.78397
0.00924
0.38544
0.55908
0.32686
0.03345
0.91826
0.33231
0.13881
0.67966
0.04948
0.99698
0.47778
0.93299
0.51878
0.87693
0.51848
0.27935
0.47295
0.43879
0.66513
0.92754
0.01347
0.42257
0.02820
0.75790
0.85115
0.29573
0.45858
0.68370
0.76749
0.18651
0.33917
0.64014
0.96170
0.38453
0.54880
0.57071
0.03584
0.34424
0.94603
0.78514
0.84044
0.95563
0.59030
0.31887
0.61562
0.93317
0.67486
0.34020
0.99677
0.06328
0.04499
0.56970
0.28305
0.16168
0.17108
0.74626
0.27872
0.33400
0.07725
0.02842
0.06215
0.17334
0.28292
0.32143
0.97390
0.68809
0.74957
0.53887
0.98319
0.04978
0.30349
0.34584
0.74749
0.46085
0.84681
0.61619
0.32148
0.14143
0.76996
0.71836
0.19428
0.53709
0.58724
0.65166
0.34342
0.29798
0.58475
0.84035
0.32176
0.19718
0.42272
0.67265
0.23386
0.24315
0.97068
0.27093
0.71444
0.00714
0.69787
0.98446
0.30332
0.79759
0.49008
0.24566
0.99926
0.18959
0.24218
0.36277
0.59983
0.83842
0.19109
0.02298
0.37599
0.78857
0.83653
0.95361
0.42549
0.49574
0.14406
0.46966
0.58879
0.64984
0.57299
0.25603
0.40449
0.24574
0.91062
0.49074
0.80016
0.15035
0.62133
0.03610
0.71798
0.60492
0.27278
0.82602
0.80952
0.87947
0.22951
0.67630
0.06651
0.31345
0.83921
0.05342
0.03451
0.96901
0.98898
0.11687
0.46323
0.28483
0.63995
0.89447
0.09507
0.62284
0.79355
0.48806
0.99676
0.62043
0.60615
0.88602
0.33107
0.78582
0.42258
0.93921
0.37936
0.30279
0.19697
0.61213
0.47269
0.93740
0.68572
0.97844
0.68283
0.77667
0.70005
0.80849
0.69513
0.95233
0.20728
0.32695
0.13152
0.97306
0.91889
0.40082
0.27088
0.89845
0.05820
0.28699
0.84104
0.37779
0.67915
0.78484
0.81393
0.48328
0.31675
0.05865
0.24090
0.22719
0.91576
0.43707
0.15302
0.76334
0.16178
0.50850
0.67274
0.70074
0.55197
0.05255
0.31446
0.55660
0.75421
0.08504
0.00742
0.36636
0.84548
0.49786
0.84792
0.86749
0.96234
0.33045
0.26205
0.50583
0.92034
0.62323
0.97347
0.96462
0.89960
0.95553
0.88569
0.23622
0.88805
0.82473
0.18317
0.96979
0.48440
0.42443
0.81182
0.95746
0.32635
0.71056
0.23425
0.74562
0.94424
0.58474
0.65382
0.04573
0.78513
0.67205
0.80225
0.11826
0.05833
0.32685
0.61174
0.65091
0.80397
0.68887
0.32000
0.72519
0.91769
0.63501
0.06780
0.83560
0.98081
0.39713
0.62464
0.71925
0.00352
0.02859
0.14585
0.36474
0.43984
0.99721
0.68956
0.43098
0.85559
0.26404
0.16556
0.97866
0.68742
0.67199
0.86197
0.56326
0.19289
0.20704
0.17746
0.52966
0.87473
0.11627
0.82394
0.77963
0.17338
0.32937
0.04889
0.24134
0.64820
0.39431
0.44244
0.33283
0.11222
0.91842
0.40856
0.21673
0.77099
0.66473
0.53124
0.03859
0.84897
0.06816
0.10559
0.28554
0.63034
0.28955
0.76600
0.33076
0.99335
0.24274
0.13598
0.58687
0.74798
0.60091
0.00594
0.14671
0.20345
0.91507
0.05415
0.34996
0.23664
0.99538
0.18227
0.84861
0.55101
0.41732
0.75329
0.00402
0.31826
0.79601
0.88819
0.73614
0.33588
0.68476
0.03367
0.78418
0.81738
0.28229
0.89864
0.66904
0.15622
0.55540
0.72621
0.37518
0.22170
0.91907
0.13108
0.39337
0.93034
0.77824
0.63377
0.29744
0.31532
0.35400
0.45530
0.10305
0.08537
0.54086
0.84822
0.02586
0.18045
0.60741
0.15887
0.66871
0.27290
0.43690
0.73800
0.61734
0.94508
0.00488
0.75066
0.41498
0.31591
0.53671
0.11670
0.65156
0.01503
0.16265
0.49666
0.90147
0.47951
0.52591
0.29949
0.44625
0.48274
0.12122
0.60460
0.90265
0.32349
0.43963
0.64656
0.84037
0.09284
0.12063
0.77139
0.61488
0.70471
0.90857
0.54265
0.27918
0.23311
0.07459
0.01301
0.75869
0.98294
0.33173
0.65973
0.64678
0.27084
0.00547
0.23231
0.05235
0.76698
0.22785
0.69508
0.08207
0.60517
0.43785
0.28455
0.68836
0.26125
0.37544
0.08335
0.65243
0.24991
0.38286
0.10131
0.05219
0.38846
0.37657
0.74280
0.46087
0.25535
0.28678
0.91775
0.15882
0.25972
0.70639
0.53730
0.60689
0.32567
0.92222
0.16866
0.43031
0.82070
0.65243
0.56117
0.84294
0.51838
0.76669
0.60989
0.69094
0.18205
0.88000
0.61521
0.67249
0.13087
0.92344
0.09963
0.45455
0.17987
0.56695
0.68106
0.89333
0.75329
0.17312
0.42663
0.25464
0.62522
0.85005
0.55174
0.12063
0.38194
0.60107
0.21401
0.72422
0.51850
0.23849
0.52503
0.27268
0.19298
0.18881
0.72002
0.60857
0.54952
0.18650
0.13306
0.57542
0.69807
0.47108
0.65587
0.96156
0.34124
0.09466
0.53161
0.08358
0.95992
0.72731
0.28648
0.24889
0.25744
0.45878
0.12191
0.60370
0.51578
0.68966
0.60926
0.70584
0.06400
0.19133
0.46854
0.71838
0.36180
0.96130
0.48802
0.86965
0.71651
0.80784
0.59484
0.51469
0.36686
0.66113
0.82564
0.13780
0.68134
0.11654
0.65870
0.43517
0.85611
0.20159
0.89540
0.47294
0.47877
0.15975
0.05447
0.39391
0.84056
0.02267
0.29741
0.63850
0.42533
0.95399
0.28476
0.65645
0.62178
0.40525
0.45282
0.75369
0.66977
0.97404
0.64815
0.46389
0.79928
0.66391
0.71453
0.25318
0.72991
0.04826
0.90058
0.32018
0.45280
0.72674
0.80767
0.22742
0.63454
0.29833
0.10003
0.33813
0.08986
0.77350
0.92905
0.16915
0.36598
0.77376
0.60411
0.64947
0.95909
0.76782
0.16100
0.42642
0.84006
0.86493
0.82966
0.45830
0.83160
0.99146
0.68906
0.02029
0.51247
0.88486
0.75334
0.48846
0.74613
0.26051
0.43835
0.99337
0.96427
0.41069
0.76835
0.04563
0.40829
0.41793
0.14729
0.15537
0.34572
0.36861
0.41477
0.39732
0.91465
0.54623
0.80031
0.96238
0.33499
0.89131
0.62260
0.44949
0.16104
0.32268
0.87089
0.64174
0.26649
0.60874
0.17746
0.09161
0.90512
0.26986
0.17719
0.90548
0.68757
0.44383
0.65595
0.77723
0.91302
0.20823
0.34048
0.42570
0.28629
0.92863
0.43396
0.66859
0.21398
0.49528
0.01239
0.08603
0.44338
0.35198
0.01478
0.31745
0.78255
0.52903
0.63901
0.95413
0.73957
0.59832
0.73413
0.52204
0.92764
0.13908
0.15297
0.83961
0.41750
0.48565
0.31368
0.91530
0.34738
0.82536
0.49937
0.65987
0.74444
0.74770
0.86904
0.09239
0.78057
0.97175
0.94060
0.86637
0.57344
0.85456
0.39678
0.39278
0.22938
0.04105
0.04139
0.88225
0.64146
0.26294
0.34315
0.59543
0.67322
0.31627
0.85385
0.13857
0.08988
0.52345
0.78191
0.79280
0.44074
0.43715
0.48647
0.44936
0.16520
0.16386
0.10758
0.06776
0.93778
0.89965
0.85457
0.39388
0.80396
0.88212
0.17457
0.93961
0.64623
0.40202
0.41643
0.65651
0.97124
0.69645
0.11911
0.31595
0.69724
0.32994
0.20408
0.78043
0.95900
0.66095
0.55904
0.13465
0.33577
0.14587
0.29200
0.50254
0.20008
0.89333
0.90396
0.36392
0.50782
0.91379
0.06620
0.58358
0.27909
0.06409
0.14504
0.70977
0.76044
0.14632
0.20343
0.28174
0.93727
0.60580
0.55899
0.61238
0.81139
0.81056
0.14957
0.85686
0.23813
0.31124
0.28791
0.83172
0.47658
0.15094
0.32881
0.30180
0.43683
0.70625
0.98100
0.49998
0.49887
0.59376
0.77869
0.81974
0.22067
0.69673
0.43528
0.09703
0.04166
0.40287
0.74056
0.04745
0.88950
0.35457
0.54211
0.52973
0.54523
0.31639
0.12902
0.77369
0.12711
0.61326
0.85592
0.25448
0.06892
0.11332
0.26937
0.06166
0.40657
0.76122
0.55213
0.62589
0.48288
0.39283
0.08237
0.06321
0.42428
0.60546
0.67123
0.73606
0.12679
0.31806
0.36508
0.14613
0.75067
0.12374
0.99801
0.59810
0.98448
0.82102
0.57839
0.62401
0.39593
0.99833
0.24510
0.39006
0.12987
0.68796
0.93654
0.34883
0.90761
0.58584
0.34945
0.58725
0.61298
0.47714
0.98607
0.33399
0.91094
0.55959
0.67492
0.40411
0.69936
0.85541
0.23968
0.96183
0.81049
0.46180
0.53472
0.42623
0.05645
0.69111
0.05614
0.91406
0.12996
0.73677
0.62536
0.51340
0.76913
0.12423
0.68294
0.39202
0.24353
0.13068
0.08497
0.22427
0.36576
0.34859
0.75575
0.97847
0.84369
0.82968
0.12687
0.59519
0.32994
0.40709
0.70682
0.41080
0.97478
0.94027
0.50250
0.52335
0.62914
0.98421
0.89429
0.91491
0.08919
0.24190
0.96230
0.53082
0.49777
0.74574
0.74964
0.70938
0.96343
0.42699
0.26319
0.14153
0.55984
0.61080
0.32493
0.04519
0.99935
0.35797
0.07611
0.09800
0.74730
0.19087
0.31547
0.24319
0.42112
0.05117
0.28794
0.11699
0.62373
0.51034
0.57410
0.68013
0.54185
0.36203
0.55358
0.84655
0.71278
0.19914
