0.13491 0.49178
0.06558 0.72291
0.74155 0.36004
0.70847 0.62870
0.65442 0.58797
0.62222 0.41494
0.54790 0.31118
0.62177 0.56058
0.56542 0.28731
0.69997 0.42870
0.63022 0.66637
0.31434 0.21182
0.48144 0.40323
0.72595 0.36356
-0.00854 0.36715
0.51267 0.41641
0.17025 0.81864
0.69674 0.55487
-0.04431 0.82334
0.32705 0.57397
0.52639 0.80634
0.43373 0.63275
0.51360 -0.04504
0.60136 0.32584
0.67709 0.30184
0.40260 0.67291
0.03083 1.04342
0.58244 0.62353
0.62009 0.65138
0.26281 0.75409
0.44408 0.74088
0.23275 0.34040
0.45195 0.73628
0.25023 0.52160
0.71265 0.41689
0.62684 0.01734
0.75777 -0.01398
0.45951 0.23233
0.69089 0.77950
0.76851 0.05982
0.15035 0.57646
0.11722 0.29997
0.30626 0.10763
0.95660 0.29726
0.15140 0.75380
0.76565 0.26440
0.89220 0.89354
0.62056 0.76679
0.51134 0.92113
0.65972 0.63064
0.54607 0.34816
0.42075 0.40991
0.72944 0.44556
0.74005 0.09989
0.54525 0.48321
0.77853 0.79404
0.13138 0.88675
0.18250 0.82140
0.71432 -0.16584
0.24475 0.80143
0.12114 0.85026
0.80686 0.48276
0.70213 0.29848
0.85065 0.05252
0.40334 0.24150
0.68044 0.22799
0.12517 1.06158
0.51550 0.34743
0.59718 0.86416
0.13469 0.89908
0.36769 0.07022
0.38784 0.76308
0.37144 0.64556
0.68812 0.29925
0.70654 0.75008
0.15952 0.49012
0.73336 0.34707
-0.02459 0.81121
0.78188 0.42875
0.85993 0.02847
0.80020 0.23607
0.62810 0.34588
0.67845 -0.02941
0.51687 0.30884
0.61424 0.16635
0.10086 0.34001
0.85323 0.23067
0.34880 0.68262
0.68391 0.41619
0.30794 0.42895
-0.04743 0.31486
0.69979 0.20070
0.63719 0.11813
0.28959 0.44231
0.56627 0.27866
0.37459 0.15127
0.61118 0.64234
0.76998 0.65634
0.46536 0.69523
0.15517 0.61170
0.22109 0.92631
0.51914 -0.03723
0.68002 0.22629
0.56751 0.14624
0.57042 0.67685
0.66159 0.22314
0.72115 0.60439
0.89746 0.19268
0.06028 0.65980
0.53161 0.78043
0.91551 0.12032
0.66334 0.59161
0.80262 0.20621
0.68938 0.67412
1.10131 0.23961
0.16725 0.65343
0.66013 0.92399
0.23799 0.70025
-0.07225 0.74443
0.69989 0.18677
0.61871 0.42963
-0.04858 0.22563
0.31392 0.67045
0.41705 0.16474
-0.06528 0.31309
0.66051 0.24252
0.28382 0.18835
0.71277 0.35874
0.63581 0.20730
0.63647 0.38813
0.40719 0.31761
0.30714 0.75255
0.46716 0.77216
0.09674 0.67341
-0.03094 0.32981
-0.15842 0.89104
0.71889 0.31439
0.32163 0.59905
0.68199 0.43654
0.78686 0.16654
0.71072 0.06741
0.81992 0.12356
0.70409 0.41503
0.73261 0.28151
0.87746 0.31448
0.72966 0.25379
-0.00077 0.55185
0.80013 0.44127
0.60374 0.60927
0.69140 0.75584
0.52995 0.28937
0.69849 0.26369
0.34741 0.30303
0.24374 0.04059
0.64231 0.14332
0.64214 0.54778
0.48884 0.72518
0.51027 0.25388
0.78526 0.76199
0.79463 0.30514
0.69674 0.52576
0.30911 0.70376
0.15404 0.76987
0.62441 0.33402
0.77324 0.29396
0.48683 0.73531
0.70775 0.80823
-0.06181 0.36136
0.68143 0.48799
0.73778 0.62453
0.24630 0.52775
0.60870 0.61140
0.23489 0.56260
0.63835 0.44709
0.62545 0.32543
0.37089 0.49502
0.70593 0.15230
0.08547 0.64167
0.63299 0.38102
0.85449 0.12322
0.76746 0.33665
0.65047 0.25727
0.83317 0.52531
0.62955 0.22064
-0.07177 0.38923
0.54627 0.65628
0.63765 0.61046
0.67842 0.08518
0.07576 0.45150
0.39908 0.46967
0.31189 0.59636
0.76901 0.44965
0.45185 0.23620
0.53738 0.48527
0.65850 0.35990
0.49363 0.38850
0.69233 0.35064
0.38317 0.34803
0.55929 0.88556
0.36747 0.73745
0.78331 0.91138
0.52090 0.10305
0.55287 0.23141
0.21309 0.74609
0.04689 0.36160
0.27147 0.23099
0.68904 0.38720
0.57915 0.44609
0.61780 0.34841
0.63981 0.59628
0.57863 0.75077
-0.02856 0.84459
0.64636 0.20662
0.20341 0.73397
0.19725 0.53302
0.68174 0.68228
0.69189 0.74223
0.65199 0.30326
0.78537 0.17358
0.87239 0.47218
-0.00636 0.54684
0.48662 0.02215
0.32718 0.51589
0.32586 0.50961
0.71235 0.45595
0.82783 0.59661
0.80154 0.30023
0.56840 0.39490
0.73265 0.55204
0.19249 0.47114
0.33278 0.31614
0.17115 0.42601
0.39760 0.30716
0.11789 0.55734
0.40291 -0.05358
0.31679 0.68601
0.58997 0.43609
0.62232 0.51925
0.73422 0.13940
0.66027 0.79945
0.37196 0.44294
0.55063 0.08725
0.84221 0.16751
0.07308 0.82828
-0.16759 0.20326
-0.09385 0.70466
0.55153 0.53564
-0.00498 0.33511
0.28404 0.69851
0.91891 0.16542
0.35208 0.34486
0.78096 0.29129
0.64083 0.80384
0.72040 0.34445
0.03204 0.83826
0.48283 0.64091
0.26672 0.18646
0.64091 0.13001
0.13614 0.81198
-0.07094 0.94252
0.06332 1.03999
0.17979 0.31881
-0.19658 0.29794
0.05049 0.89111
0.62861 0.48934
0.38417 0.18611
0.58408 0.19330
0.54562 0.36730
0.34551 0.19044
0.59303 0.07119
0.64221 0.50625
0.39214 0.26127
0.59691 0.51058
0.42024 0.43916
0.54061 0.41026
0.70276 0.56192
0.50502 0.88300
0.50098 0.30736
0.29179 0.63321
0.79053 0.38391
0.69907 0.69058
0.05042 0.61882
0.13983 0.01242
0.74211 0.28817
0.40556 0.41929
0.73558 0.16419
0.64366 -0.01594
0.29653 -0.06989
0.48268 0.31620
0.60788 0.49856
-0.07563 0.94026
-0.07578 0.85684
0.58402 0.58622
0.23188 0.80486
-0.08272 0.82208
0.56436 0.12296
0.53270 0.30973
0.66647 0.72436
0.81150 0.39060
-0.02834 0.76383
0.07799 0.45956
0.03722 0.91388
0.51106 0.41021
0.75825 0.54547
0.52485 0.59356
0.14688 0.60610
0.60371 0.60916
0.64096 0.70301
0.68253 0.34869
0.71107 0.33894
0.12818 0.70954
0.65378 0.29866
0.08335 0.46517
0.65972 0.28846
0.53266 0.79637
0.18127 0.62469
0.27699 0.32539
0.56069 0.82953
-0.06596 0.24047
0.63692 0.28119
0.51373 0.77976
0.75512 0.18729
-0.06347 0.98144
0.77833 0.12835
0.40271 0.60156
0.72410 0.84964
0.77174 0.12902
0.00372 0.83072
0.10892 0.87947
0.70805 0.62025
0.29997 0.57832
0.26464 0.12881
0.79180 0.36631
0.72701 0.62704
0.10506 0.62200
0.62067 0.15794
0.65697 0.12392
0.99425 0.31940
0.67708 0.75131
0.68290 0.64566
0.50618 0.43183
-0.00559 0.95499
0.69796 0.71229
0.67347 0.25779
0.36278 0.42359
-0.08136 0.98269
0.17871 0.95484
0.58638 0.31959
0.54015 0.36057
0.55931 0.67648
0.16954 0.73384
-0.01252 0.99376
0.64131 0.21119
0.83625 0.17320
0.66226 0.36744
0.65896 0.74195
0.07562 0.24312
0.09152 0.85297
0.01365 0.76856
0.08580 0.48065
0.74872 0.14579
0.30262 -0.05807
0.71828 0.40505
0.80140 0.80087
0.59366 0.18168
0.79199 0.33931
0.61694 0.07983
0.67995 0.33303
0.60151 0.57864
0.32537 0.54923
0.88758 0.24793
0.25341 0.47434
0.36277 0.33044
0.89855 0.21430
0.59485 0.38095
0.51912 0.61682
0.57188 0.48234
0.83711 0.14365
0.35905 0.34658
-0.12129 0.88252
0.79916 0.30950
0.13193 0.82164
0.69034 0.46922
-0.24073 0.73976
0.27055 0.55256
0.65582 0.59212
0.64194 0.28580
0.55345 0.38945
0.69246 0.82997
0.10404 0.59919
0.79931 0.12790
0.61840 0.48528
0.73791 0.57128
0.10544 0.74042
0.49947 0.49249
0.51753 0.46466
0.60930 0.81520
0.54163 0.35459
0.88100 0.18264
0.61764 0.66260
0.61580 0.12418
0.67881 0.24456
0.61123 0.21844
0.84657 0.33652
0.51798 0.49119
0.74340 0.70118
0.75961 0.73719
0.10610 0.54388
0.27507 0.44496
0.75077 0.16756
0.01897 0.89164
0.71651 0.58685
0.67345 0.48258
0.64282 0.45406
0.56485 0.35220
0.55583 0.09546
0.65597 0.79869
0.07523 0.85849
0.65580 0.32574
0.65491 0.24249
0.62734 0.31281
0.51233 0.75199
0.55329 0.46765
0.11062 0.50978
0.65560 0.17371
0.22115 0.29308
0.21551 0.67777
0.64876 0.16036
0.85886 0.27958
0.51503 0.05839
0.18019 0.78005
0.49313 0.42315
0.69168 0.42634
0.85521 0.45755
0.35683 0.69644
0.33974 0.79047
-0.14230 0.72882
0.28540 0.73655
0.32393 0.51446
0.61875 0.47114
0.58718 0.74989
0.63024 0.67286
0.81110 -0.02986
0.45579 0.28791
0.68049 0.52760
0.51137 0.21789
0.74659 0.18331
0.69190 0.27403
0.64874 -0.04430
0.71097 0.74953
0.38781 0.54008
-0.07738 0.89101
0.63488 0.26371
0.70416 0.33371
0.87305 0.26663
0.26173 0.49495
0.30055 0.71278
0.70441 0.73849
0.77260 0.65250
0.14479 0.22407
0.69695 0.19439
0.17126 0.36745
0.80000 0.41620
0.64854 0.56785
0.56395 0.42048
0.87534 0.25034
0.46207 0.52294
0.81288 0.54632
0.59570 0.48342
0.66960 0.33353
0.62664 0.21299
0.01024 0.69802
-0.17172 0.33508
0.66594 0.82354
0.50508 0.37387
0.89008 0.00290
0.56886 0.35551
0.18340 0.82224
0.07111 0.56513
0.62827 0.39619
0.27675 0.69769
0.63192 0.03883
0.40531 0.26346
0.75382 0.50477
0.35409 0.46233
0.54631 0.74310
0.77067 0.46975
0.13507 0.58215
0.20606 0.80843
0.53053 0.55382
0.60468 0.81254
0.52492 0.52607
0.58776 0.25867
0.25918 0.88311
0.27886 0.13474
0.64590 0.36909
0.46520 0.35814
0.61400 0.12868
0.57283 0.36327
0.77245 0.38172
0.59994 0.42834
0.26416 0.76006
0.50702 0.43170
0.01078 0.96369
0.57356 0.40306
0.23068 0.58540
0.24534 0.74837
0.07669 0.45780
0.73788 0.39394
-0.06633 0.79504
0.66739 0.12726
0.68380 0.33327
0.21578 0.62242
0.34895 0.66189
0.63199 0.18711
0.55985 0.00319
0.90191 0.14504
0.55020 -0.06328
0.78316 0.07988
0.71241 0.24183
0.66179 0.55334
0.61610 0.60783
0.65641 0.55300
0.15192 0.30721
0.12782 0.31974
0.70017 0.57069
0.57004 0.01080
-0.03526 0.46257
0.48030 0.15752
0.59497 0.24800
0.32579 0.66392
0.31220 0.09787
0.62660 0.11508
0.19147 0.59290
0.17978 0.69170
0.59408 0.94881
0.83560 0.53159
0.53721 0.10657
0.67442 0.44340
-0.07204 0.36724
0.63846 0.81127
0.54277 0.30629
0.79825 0.51791
0.67433 0.30399
0.31301 0.60129
-0.03606 0.27796
0.81199 0.23032
0.65046 0.26878
0.16387 0.60227
0.75224 0.80457
-0.01100 0.46812
0.75474 0.77941
0.28942 0.54214
0.67272 0.24404
0.73173 0.67884
0.45935 0.67845
0.23697 0.63140
0.72236 0.96050
0.12027 0.19171
0.58826 0.70671
0.59338 0.68173
-0.02375 0.85910
0.29055 0.64708
0.60263 0.07984
0.70731 0.24544
0.37620 0.30064
0.56546 0.57364
0.88736 0.22490
0.69700 0.29413
0.60786 0.20133
0.35383 0.60143
-0.05104 0.82733
0.12939 0.49910
0.96059 0.26578
0.65680 0.62492
0.45365 0.71923
0.25756 0.21963
0.71544 0.77566
0.53042 0.39354
0.71715 0.84808
0.35467 0.14263
0.51415 0.69923
0.06402 0.65509
0.45079 0.72597
0.51299 0.28014
0.43790 0.45565
0.73534 0.41371
0.89025 0.10884
0.76518 0.29822
0.53999 0.64574
0.53189 0.34854
0.68831 0.47052
0.72664 0.26260
0.60101 0.76876
0.64636 0.38702
0.90810 0.30937
0.09155 0.32225
0.62181 0.36094
0.73155 0.16158
0.30805 0.81679
0.63003 0.27803
0.64185 0.12312
0.52330 0.42687
-0.07793 0.38978
0.22886 0.86826
0.43797 0.43440
0.07981 0.84722
0.16946 0.54163
0.71833 0.59237
0.09055 0.64842
0.95929 0.13543
0.59413 0.53781
0.68927 0.38352
0.77973 0.12309
-0.00178 0.32614
0.74839 0.35121
0.17592 0.63666
0.76236 0.26944
0.87548 0.36308
0.56486 0.79078
0.69905 0.45570
0.42406 0.62396
0.78904 0.19435
0.56113 0.40016
0.73072 0.08100
0.90264 0.20237
0.99572 0.07451
0.48618 0.32545
0.49777 0.06824
0.77296 0.23642
0.72302 0.36782
0.59422 0.88575
0.03684 0.90888
0.85462 0.24344
0.36404 0.43118
0.55735 0.62580
0.50629 0.31239
0.70578 0.56671
0.35424 0.74268
0.76049 0.07316
-0.07368 0.84496
0.88659 0.21556
0.65044 0.28259
0.09031 0.15502
0.70232 0.39238
0.62059 0.73660
0.08236 0.85841
-0.01646 1.04498
0.63392 0.40457
0.68404 0.90755
0.49380 0.64669
0.46610 0.37706
0.15162 0.02463
0.70560 0.24172
0.68823 -0.01597
0.70556 0.27454
0.39125 0.21901
0.07333 0.78739
0.22662 0.76277
0.79294 0.48130
0.64899 0.67803
0.24336 0.28625
0.23702 0.82600
0.67816 0.12583
0.28880 0.64263
0.26542 0.75760
0.82336 0.00194
0.56466 0.23803
0.08810 0.59536
0.70710 0.30805
0.66678 0.31747
0.72963 0.31931
0.06263 0.73111
0.89328 0.57955
0.64945 0.15997
0.49927 0.63058
0.62566 0.35722
0.05390 0.50606
0.28053 0.13851
0.84255 0.14664
0.51351 0.27683
0.56434 0.02821
0.33346 0.65827
0.70399 0.64132
0.46827 0.34502
0.62271 0.14017
0.22471 0.48740
0.40247 0.48824
0.00163 0.50730
0.16755 0.55170
0.17104 0.67929
0.10380 0.41151
0.71440 0.50170
0.51731 0.88757
0.31853 0.06613
0.81728 0.20913
0.70680 0.13618
0.24531 0.72377
0.28953 0.16907
0.43823 0.26219
0.27358 0.75417
0.71397 0.30526
0.73001 0.11845
-0.01021 0.87769
0.74944 0.30197
0.60492 0.47587
0.79389 0.31988
0.90218 0.56698
0.79359 0.75258
0.84897 0.76552
0.63180 0.70233
0.56815 0.73075
0.66678 0.65750
0.64090 0.54083
0.77599 0.30572
0.55833 0.75780
0.66868 0.41711
0.81412 0.37177
0.58989 0.69070
0.25430 0.18669
0.60410 0.39833
0.67280 0.55839
0.69698 0.02858
0.79245 0.10067
0.16918 0.17217
0.91295 0.38092
0.78177 0.38568
0.62671 0.76385
0.76592 0.09920
0.15745 0.70548
0.15886 0.53067
0.77265 0.61598
1.02606 0.23093
0.50276 0.28253
0.22695 0.42312
0.39848 0.63199
0.54804 0.66269
0.53131 0.46148
0.72837 0.24238
0.51908 0.26310
0.61138 0.08445
0.67681 0.34286
-0.01442 0.68067
0.65296 0.37021
0.71590 0.30388
0.87516 0.47984
0.27576 0.47726
-0.03041 1.00435
0.31331 0.46580
0.68481 0.23895
0.52644 0.29975
0.54020 0.74907
0.66052 0.46818
0.29372 0.35803
-0.04381 0.30488
0.03253 0.90838
0.21813 0.95064
0.88599 0.71003
0.90695 0.33527
0.69741 0.20908
0.75308 0.22867
0.54088 0.13628
0.51326 0.81233
0.66930 0.18567
0.73528 0.19027
0.22701 0.58569
0.67575 0.09849
0.81852 0.23721
0.46196 0.36554
0.70993 0.32730
0.82881 0.48713
0.75846 0.41713
0.66514 0.17641
0.39521 0.51407
0.36491 0.11041
0.33068 0.17732
0.62768 0.20292
0.57813 0.51434
0.59294 0.32206
0.60505 0.41129
0.02918 0.87688
0.62486 0.27524
0.79040 0.27434
0.13696 0.19369
0.18695 0.32157
0.25511 0.62341
0.32030 0.64086
-0.00979 0.73822
0.07517 0.55811
0.68751 0.40895
0.34768 0.38695
0.73057 0.19506
0.32848 0.24279
0.34160 0.07479
0.76244 0.19824
0.54928 0.44884
0.17754 0.69750
0.61596 0.13046
0.45673 0.21993
0.53681 0.24254
0.43314 0.55832
0.46078 0.68061
0.58652 0.28357
0.79215 0.20364
0.69444 0.12900
0.71749 0.48632
0.79025 0.68713
0.88065 0.19345
0.14685 0.70423
0.38151 0.28535
0.14211 0.85673
0.57133 0.18181
0.63581 0.73572
0.53812 0.44714
0.77920 0.35963
0.05018 0.44927
0.56431 0.76026
0.10206 0.47940
0.42433 0.46940
-0.00569 0.73038
0.65738 0.34497
0.85296 0.56529
0.25593 0.69204
0.67045 0.20243
0.29152 0.83013
0.86635 0.29536
0.67406 0.09181
0.08499 0.72769
0.15105 0.49788
0.82037 0.72383
0.70689 0.71641
0.38990 0.47667
0.60965 0.23788
0.17464 0.48363
0.13346 0.73487
0.80488 0.05793
0.22681 0.80118
0.72139 0.09127
0.64361 0.10004
-0.05999 0.49507
0.42736 0.03478
0.23020 0.68392
0.23962 0.75835
0.15092 0.59555
-0.03094 0.29306
0.55715 0.65183
0.63279 0.05923
0.02048 0.77890
0.72096 0.31206
0.66206 0.38021
0.77148 0.59645
0.66909 0.28125
0.80779 0.16976
0.24572 0.51434
0.66519 0.70790
0.52518 0.03993
0.63650 0.12810
-0.12410 1.02671
0.46677 0.41573
0.51858 0.65601
-0.17067 0.38912
0.04634 0.93081
0.62126 0.50331
0.65495 0.34656
0.34578 0.47841
0.62794 0.26846
0.12301 0.24760
0.67134 0.88837
0.15599 0.37591
-0.02434 0.23749
0.65117 0.18266
0.32157 0.38814
0.45584 0.74807
0.25520 0.48477
0.50110 0.14464
0.61299 -0.02387
0.12413 0.80050
0.53271 -0.03080
0.43508 0.50416
0.54182 0.34290
0.07968 0.77408
0.79440 0.54980
0.00310 0.69205
0.63070 0.40722
0.74584 0.19511
0.53861 0.44901
0.51595 0.56012
-0.16731 0.37497
0.47160 0.27364
0.00211 0.85424
0.58823 0.39157
0.79341 0.45174
0.07676 0.42742
0.55986 0.57130
0.56445 0.59671
0.20368 0.24509
0.57762 0.28794
0.12970 0.65987
-0.02423 0.82557
0.77897 0.57253
0.69647 0.29328
0.21703 0.58935
0.72491 0.27728
-0.00574 0.66015
0.35029 0.08697
0.28005 0.26349
0.64606 0.08166
0.38537 0.28343
0.65504 0.17251
-0.07032 0.34668
0.06019 0.40040
0.41755 0.43078
0.10727 0.36570
0.75231 -0.02640
-0.11503 0.93365
0.57436 0.31072
0.17238 0.58788
0.81407 0.70568
0.61765 0.58373
0.70188 0.63645
0.48427 0.36474
0.64216 0.24054
0.54285 0.34750
0.73186 0.21887
0.40620 0.64078
0.26620 0.45343
0.84161 0.16176
0.45482 0.72287
0.28722 0.01554
0.48927 0.08976
0.84377 0.19190
0.74734 0.35446
0.88529 0.32705
0.70240 0.67712
0.70219 0.76452
0.06844 0.20790
0.60551 0.69271
0.21954 0.80014
0.79780 0.23896
0.51137 0.52953
0.11164 0.70011
0.73392 0.69841
0.64022 0.36958
0.28114 0.19766
0.61260 0.26011
0.37605 0.25705
-0.11685 0.44454
0.35795 0.52457
0.40599 -0.00390
-0.08996 0.69535
0.85622 0.41429
0.86048 0.44146
0.54419 0.23946
0.71844 0.02211
0.60053 0.59521
0.04557 0.72569
0.18678 0.87148
0.72590 0.27348
0.39159 0.09207
0.66908 0.28708
0.77646 0.02830
0.77536 0.03177
0.54519 0.83015
-0.14613 0.87126
0.71781 0.01881
0.84912 0.09472
0.67482 0.18541
0.45743 0.32429
0.73674 0.73886
0.25783 0.55878
0.64632 0.86034
0.33635 0.28168
0.55857 0.39209
0.49968 0.11326
-0.01593 0.43521
0.75054 0.26186
0.59290 0.89272
0.59163 0.04683
0.22093 0.63751
0.78112 0.32071
0.43684 0.43650
0.51663 0.04829
0.55448 0.29094
0.38206 0.32800
0.64580 0.48419
0.68656 0.76727
0.83037 0.19170
0.83524 0.13280
0.78393 0.22764
0.48290 0.41664
0.56206 0.43798
0.34448 0.73495
0.04655 0.85376
0.79853 0.46188
0.52367 0.31061
0.76087 0.19547
0.80251 0.53290
0.50166 0.78647
0.86709 0.14312
0.21443 0.90244
0.43705 0.29871
0.66909 0.63407
0.05349 0.61890
0.61729 0.19048
0.60513 0.57854
0.62581 0.30704
0.69204 0.44829
0.64804 0.38775
0.38618 0.29365
0.59228 0.52168
0.33879 0.38641
-0.08416 0.99561
0.76227 0.16472
0.71280 0.28103
0.57153 0.60047
0.70433 0.43154
0.43351 0.62655
0.54083 0.73796
0.64007 0.27949
0.64824 0.20323
0.61519 0.39633
0.18263 0.67066
0.24003 0.80163
0.99025 0.27888
0.27138 0.50323
0.62256 0.36590
0.47216 0.61542
0.04035 0.39072
0.72226 0.29133
0.55421 0.83512
0.16520 0.75613
0.67547 0.62584
0.23209 0.70603
0.35283 0.61282
0.29160 0.14932
0.74274 0.47817
0.60646 0.50621
0.14433 0.65505
0.11890 0.70456
0.75898 0.79351
0.90496 0.30072
-0.07436 0.29459
0.37779 0.28093
0.58903 0.23923
0.11888 0.81543
0.52728 0.89060
0.11576 0.73788
0.64155 0.20804
0.94585 0.58952
0.66032 0.11072
0.24051 0.17694
0.58804 0.66415
0.18680 0.13491
0.30790 0.05589
0.76290 0.35188
0.16470 0.54217
0.20036 0.57009
0.63290 0.93210
0.61943 0.42312
0.66212 0.38914
0.62062 0.09686
0.18503 0.62836
0.61379 0.44761
0.21373 0.19569
0.14125 0.72154
0.83536 0.33913
0.20658 0.84266
0.70339 0.76870
0.10984 0.80477
0.10430 0.66773
0.72444 0.10088
0.67931 0.68253
0.25318 0.65906
-0.11933 0.27081
0.64753 0.47844
0.23221 0.58123
0.52350 0.70764
0.59511 0.38360
0.45269 0.12613
0.02400 0.61477
0.80880 0.22068
0.02880 0.16823
0.29436 0.01507
0.05673 0.66974
0.54209 0.40118
0.16538 0.63767
0.63863 0.13704
0.06602 1.03326
0.54685 0.34341
0.94476 0.35033
0.26953 0.52915
0.65951 0.55525
0.78831 0.32289
0.83717 0.63688
0.40385 0.39048
0.56550 0.45479
-0.11219 0.51578
0.65978 0.32390
0.86183 0.68956
0.58135 0.50667
0.50208 0.54247
-0.02055 0.40943
0.53819 0.49647
0.57521 0.24048
0.90275 0.16213
0.75103 0.03963
0.70653 0.37320
0.25775 0.68431
-0.02973 0.86634
-0.00647 0.93891
0.58028 0.31273
0.62434 0.54415
0.45689 0.26590
0.27358 0.52323
0.20133 0.57188
0.76759 0.22271
0.54243 0.29823
0.60574 0.68677
-0.03527 0.67539
0.21339 0.64346
0.23388 0.68152
0.72323 0.63575
0.68296 0.78680
0.07559 0.70967
0.33675 0.48084
0.34599 0.68234
0.29488 0.10273
0.51715 0.17274
0.61066 -0.04854
0.74542 0.46309
0.24256 -0.00730
0.41103 0.32282
0.64409 0.28275
0.73323 0.52502
0.64076 0.33589
0.52285 0.75405
0.86351 0.61891
0.64413 0.37572
0.44421 0.15896
0.33700 0.41797
0.82740 0.37081
0.52204 0.77286
0.44632 0.07245
0.16853 0.86690
0.12851 0.78399
0.81282 0.28496
0.04851 0.36535
0.09139 0.27037
0.52060 -0.08989
0.46842 0.30856
0.61869 0.54642
0.67593 0.45893
0.35969 0.35883
0.84192 0.24306
0.56249 0.49606
0.55468 0.41070
0.54369 0.53436
0.67010 0.33185
0.75717 0.24254
0.86632 0.63664
0.78456 0.82911
0.46527 0.69673
0.68353 0.80930
0.70113 0.45690
0.70770 0.10686
0.83971 0.20668
0.06154 0.63840
0.29799 0.88233
0.23489 0.68224
0.56425 0.60712
0.61673 0.32414
-0.01350 0.32617
0.14623 0.77369
0.40147 0.44978
0.65470 0.42678
0.35941 0.35415
0.25401 0.84236
0.81093 0.44036
0.35819 0.35008
0.53870 0.30549
0.40737 0.57155
0.32789 0.79608
0.15180 0.83753
0.49257 0.66838
0.26753 0.55182
-0.06018 0.90828
0.98800 0.29195
0.60216 0.84752
0.74523 0.16624
0.71423 0.51772
0.31102 0.56065
0.66096 0.26723
0.41671 0.87671
0.43851 0.13000
0.60107 0.45211
0.61534 0.14627
0.52280 0.95115
-0.06052 0.97637
0.68233 0.01545
0.74348 0.67999
0.83896 0.53030
0.66696 0.73836
0.50032 0.49830
0.77664 0.14005
-0.00570 0.95060
0.18456 -0.04343
0.70034 -0.03464
0.71442 0.28151
0.57741 0.41361
0.41565 0.75177
0.80276 0.70466
0.84786 0.31608
0.29876 0.35528
0.55671 0.13686
0.60557 0.85682
0.25464 0.26700
0.06823 0.39243
0.73722 0.14794
0.10670 0.58900
0.47987 0.34757
0.48875 0.40640
0.35107 0.07239
0.16294 0.84091
0.87116 0.57280
0.21205 0.81196
0.01462 0.83708
0.59697 0.20120
0.64320 0.68269
0.64290 0.64340
0.57615 0.57661
0.08793 0.86874
0.27471 0.08436
0.63413 0.12302
0.71627 0.19226
-0.03721 0.64735
0.70770 0.30170
0.63432 0.10300
-0.02192 0.93638
0.44097 0.55188
0.17096 0.82498
0.72026 0.27496
0.44934 0.32341
0.51138 0.40545
0.69684 0.81155
0.64775 0.52396
0.52124 0.65885
0.64800 0.07924
0.65272 0.28138
0.18243 0.60663
0.26422 0.58977
0.73153 0.31004
0.80239 0.49960
-0.04252 0.52980
0.71307 0.74952
0.98739 0.14517
0.55157 0.48911
-0.06377 0.77760
0.33678 0.04073
0.50928 0.10834
0.04153 0.74254
0.70705 0.41626
0.68715 0.84928
0.60120 0.47236
0.91261 0.00233
0.71232 0.64495
0.63400 0.25063
0.43732 0.08759
0.50471 0.44656
0.75409 0.51996
0.41177 0.24740
0.45242 0.51295
0.76895 0.21750
0.67758 0.36296
0.16098 0.49630
0.52129 0.19502
0.72047 0.35633
0.74831 0.51460
0.67613 0.44765
0.58736 0.39691
0.69217 0.37518
-0.02410 0.29380
0.07864 0.83351
0.78348 0.04425
0.83082 0.68289
0.90821 0.17967
0.64511 0.61914
0.60846 0.83858
0.43821 0.24808
0.05880 0.76293
0.60444 0.33908
0.73512 0.26999
0.63809 0.32557
0.36283 0.42348
0.56725 0.31365
0.12317 0.35528
0.09292 0.77934
0.64163 0.24465
0.71686 0.08605
0.72907 0.08719
0.75811 0.27592
-0.02226 0.50877
0.19103 0.72147
0.15762 0.59099
0.57913 0.31673
0.65719 0.43119
-0.01585 0.39639
0.58890 0.65221
0.15957 0.54776
0.09813 0.66934
0.45517 0.51234
0.76778 0.59471
0.07491 0.82639
0.51756 0.37138
0.89924 0.14337
0.42809 0.46262
0.26943 0.02724
0.56965 0.15906
0.80284 0.07191
0.09588 0.91305
0.11820 0.60556
0.09618 0.92033
0.53329 0.47090
0.01514 0.30566
0.21588 0.57766
0.32518 0.31593
0.14410 0.74353
0.78880 0.39300
0.08084 0.68419
0.67050 0.77318
0.51189 0.25136
0.60963 0.27232
0.17786 0.75561
0.17223 0.66730
0.75472 0.08290
0.85932 0.13574
0.63352 0.82747
0.75595 0.44468
0.23679 0.86801
0.62682 0.30217
0.64540 0.58923
0.36190 0.58464
0.25391 0.09441
-0.04327 0.90754
0.19304 0.69949
0.84708 0.33927
0.18094 0.69810
0.82373 0.31054
0.63356 0.19771
0.30478 0.62777
0.42735 0.03993
0.03970 0.54141
0.60136 0.04995
0.10875 0.62911
0.31707 0.24916
0.98253 0.12338
0.24992 0.59271
0.38595 0.41470
0.34531 0.11940
-0.12246 0.76688
0.61781 0.15509
0.59467 0.38143
0.14865 0.92685
0.61615 0.12850
0.47967 0.80747
0.78033 0.28379
0.12858 0.80880
0.50763 0.43170
0.68092 0.23992
0.73599 0.30663
0.37856 0.51064
0.71752 0.69063
0.16829 0.66056
0.89658 -0.00551
0.40239 0.34074
0.62705 0.46013
0.16155 0.68022
0.73377 0.35101
0.72217 0.04239
0.19712 0.71366
0.66094 0.64030
0.70338 0.10455
0.58606 0.53675
0.14247 0.13656
0.73853 0.19012
0.45231 0.11435
0.09531 0.68706
-0.04568 0.20645
0.66663 0.42015
0.05904 0.71691
0.68101 0.23432
0.29139 0.35141
0.25442 0.64041
-0.07125 0.46926
0.21409 0.35011
0.27681 0.65617
0.46762 0.88735
0.37756 0.66957
0.41132 0.59730
0.37207 0.38381
0.28878 0.81939
0.55078 0.34543
0.69893 0.44323
0.31013 0.69484
0.63454 0.33543
0.61015 0.68834
0.57471 0.65623
0.70735 0.17239
0.41653 0.55377
0.83704 0.71925
0.85242 0.14725
0.53778 0.80900
0.54510 0.63625
0.45210 0.67409
0.38612 0.03472
0.17659 0.71112
0.62652 0.47599
0.83829 0.09153
0.00447 0.76822
0.44112 0.65510
0.28846 0.62201
0.29096 0.21654
0.36974 0.12654
0.15392 0.75921
0.44572 0.72710
0.63743 0.40397
0.71107 0.70209
0.30213 0.57530
0.70096 0.31482
0.19996 0.60065
0.19400 0.22884
0.36635 0.39761
0.19694 0.57368
0.40963 0.38312
0.22720 0.06596
0.54343 -0.03562
0.41570 0.29786
0.68123 0.54677
0.63190 0.49452
0.43098 0.23029
0.29972 0.12909
0.44812 0.55563
-0.06928 0.87668
0.45800 0.78868
0.08468 0.86357
0.06919 0.26228
0.73680 0.27317
0.57564 0.62051
0.60108 0.84160
0.20714 0.86932
0.75137 0.24049
0.38815 0.11679
0.63689 0.01914
0.52857 0.38098
0.69900 0.87136
0.66372 0.14362
0.69562 0.16588
0.60372 0.16593
0.70149 0.27584
0.82095 0.65688
0.78587 0.40117
0.05007 0.91293
0.51078 0.50991
0.25704 0.63372
0.09259 0.66614
0.27724 0.63719
0.70824 0.43733
0.55500 0.32570
0.43315 0.24577
0.56301 0.26771
0.33026 0.72638
0.05340 0.85306
0.56115 0.58604
0.70557 0.50506
0.56652 0.83107
0.25327 0.77879
0.63734 0.23854
0.35293 0.68498
0.54897 0.20600
0.77954 0.24000
0.49451 0.30810
-0.13390 0.74754
0.67386 0.12755
0.04315 0.66022
0.60830 0.75876
0.72197 0.92077
0.73508 0.33468
0.71897 0.25131
0.13629 0.55434
0.69325 0.19482
0.41288 0.10289
0.66828 0.39266
0.72321 0.57933
0.70197 0.20228
0.05386 0.65366
0.68816 0.70673
0.22331 0.66066
-0.07404 0.98843
0.73831 0.27469
0.53981 0.64496
0.69665 0.19430
0.93312 0.36662
0.59191 0.04070
0.73398 0.71487
0.17918 0.36347
0.91394 0.31787
0.33992 0.71907
0.50628 0.33221
0.57026 0.39975
0.70325 0.26530
0.53536 0.26289
0.46739 0.67056
0.63664 0.19972
0.01247 0.78259
0.74962 0.13502
0.58407 0.70544
-0.06012 0.29060
0.54398 0.50369
0.58936 0.53079
-0.08117 0.48427
0.54503 0.26304
0.72170 0.42372
-0.08166 0.90616
0.01292 0.51356
0.86621 0.05618
0.31118 0.50418
0.62531 0.36451
0.52854 0.41866
0.62403 0.18041
0.58452 0.58108
0.62064 0.69249
0.61164 0.20318
0.43318 0.22268
0.81010 0.59135
0.35109 0.30174
0.68237 0.09074
0.09973 0.63768
0.72951 0.47668
0.74615 0.36631
0.18624 0.75981
0.13646 0.62922
0.61120 0.14092
0.68465 0.32212
0.34276 0.62954
0.38674 0.43542
0.82196 0.16540
0.89805 0.36873
0.61599 0.43313
0.50003 0.16934
0.58811 0.61660
0.90697 0.08857
0.58112 0.36172
0.39497 0.44638
0.70786 0.41512
0.23047 0.69842
0.23491 0.14421
0.27424 0.21617
0.26158 0.60729
0.81577 0.43494
0.22990 0.74311
0.64607 0.13987
0.04617 0.71232
0.43302 0.38580
-0.19330 0.34219
0.70665 -0.02445
0.28183 0.67762
0.67533 0.15344
0.23576 0.16476
0.68576 0.11985
0.05870 0.62400
0.71783 0.14021
0.69717 0.35590
0.10522 0.97488
0.32901 0.41835
0.63272 0.33000
0.71541 0.25173
0.18325 0.50053
0.41863 0.60639
0.16225 0.66280
0.79419 0.25279
0.57900 0.34699
0.15649 0.48791
0.54916 0.42012
0.58297 -0.00629
0.14758 0.20096
0.72890 0.27798
0.51346 0.39399
0.58195 0.34786
-0.02112 0.40022
0.27407 0.57092
0.14791 0.80344
0.74622 0.39733
0.74303 0.74191
0.67845 0.39136
0.88572 0.66376
0.72889 0.57718
0.79229 0.41260
-0.07631 0.49163
0.77443 0.42184
0.42088 0.36202
0.29381 0.03434
0.73665 0.39797
0.56090 0.71216
0.59881 0.69428
0.63565 0.76479
0.01655 0.21897
0.53152 0.75826
0.21921 0.60109
0.50360 0.82364
0.35171 0.70217
0.62581 0.61150
0.66258 0.28197
0.06244 0.76497
0.42920 0.65072
0.72918 0.32118
-0.12089 0.28520
0.64184 0.17952
0.59833 0.19164
0.22782 0.56071
0.27109 0.73612
0.75593 0.00679
0.60337 0.21086
0.21383 0.60630
0.18546 0.37337
0.90174 0.10475
0.51891 0.82728
0.73889 0.84108
0.62991 0.21436
0.72377 0.36917
1.02402 0.11748
0.97759 0.28850
0.09609 0.49801
0.37673 0.47455
0.60293 0.56120
0.27863 0.40676
0.73553 0.80528
0.55044 0.30455
0.70049 0.25248
0.29067 0.32509
0.27149 0.46126
0.12939 0.74175
0.29331 0.77133
0.91612 0.26933
0.81358 -0.00607
0.47927 0.07396
0.97978 0.17922
0.75108 0.50808
0.77302 0.41544
0.63660 0.80628
0.63161 0.47995
0.64402 0.36533
0.17313 0.67663
0.33793 0.38608
0.59567 0.66102
0.66597 0.24251
0.33353 0.57362
0.29466 0.58759
0.63594 0.48182
-0.05024 0.32900
0.50437 0.53959
0.32071 0.65386
0.87053 0.43955
0.15197 0.73604
0.48932 0.72607
0.06652 0.60592
0.90635 0.22802
0.16055 0.48833
0.21423 0.85774
0.50236 0.35187
0.74403 0.19027
0.12397 0.72142
0.72129 0.52303
0.04670 0.70084
0.63254 0.39103
0.35789 0.68487
0.73428 0.85509
0.76580 0.50316
0.25793 0.08782
-0.05982 0.99726
0.66118 0.58194
0.45387 0.28441
0.46165 0.43570
0.22130 0.71755
0.29291 0.37143
0.44555 0.16512
0.38124 0.49771
0.68169 0.18292
0.80690 0.60394
0.54697 0.78191
0.45318 0.44332
0.59597 0.00386
0.20503 0.28420
-0.02198 0.41196
0.87150 0.55255
0.27324 0.13794
0.37282 0.21772
0.69162 0.47427
0.29653 0.32202
0.14693 0.73678
0.70461 0.14797
0.99948 0.05826
0.58366 0.30872
0.65632 0.38796
0.56096 0.34728
-0.21875 0.29897
0.21189 0.02250
0.44507 0.32396
0.72324 -0.10133
0.41750 0.60030
0.49195 0.46433
0.59928 0.39505
0.52260 0.60949
0.67311 0.64475
0.80618 0.61268
0.71285 0.30277
-0.15601 0.86657
0.82921 0.12433
0.00459 0.81485
0.73780 0.23317
0.51070 0.42471
0.69402 0.33312
0.72088 0.46151
0.22146 0.80780
0.76549 0.76848
0.11204 0.41970
0.23001 0.81033
0.62211 0.69664
0.14456 0.63485
0.40439 0.78711
0.65778 0.25615
0.72467 0.51992
0.65714 1.00545
0.43327 0.48488
0.04127 0.28808
0.78102 0.72165
0.74194 0.32919
0.51984 0.39185
0.61001 0.42820
0.84865 0.35409
0.60004 0.15886
0.73941 0.09654
0.74034 0.20203
0.66059 0.42366
0.44500 0.55576
0.07641 0.55746
0.65900 0.62517
0.55567 0.37410
0.91789 0.22656
0.63657 0.49710
0.15365 0.94137
-0.08579 0.87611
0.37662 0.47607
0.08360 0.52408
0.60370 0.71915
0.53375 0.01517
0.23999 0.40681
0.67113 0.61499
0.34958 0.55880
0.22940 0.51894
0.50367 0.26843
0.71352 0.15743
0.88701 0.56350
0.74270 0.19609
0.61861 0.53409
0.68477 0.66349
-0.00758 0.87501
0.50491 0.57461
0.59415 0.15396
0.68692 0.99450
0.28965 0.66408
0.38349 0.41732
0.63389 0.40742
0.01384 0.27946
0.19520 0.70381
-0.08853 0.83352
0.18402 0.67208
0.65216 0.27324
0.44087 0.20257
0.08139 0.61154
0.74504 0.37988
0.27782 0.19299
-0.14300 0.41126
0.56940 1.00227
0.60630 0.44610
0.24506 0.60869
0.61272 -0.04994
0.69343 0.17033
0.70921 0.80398
0.10657 0.26533
0.04242 -0.00227
0.20239 0.44386
-0.01648 0.96125
0.79285 0.23750
0.60683 0.40933
0.61126 0.10636
0.63606 0.78538
0.62349 0.24464
0.72602 -0.02223
0.37194 0.24396
0.67649 0.70884
0.64218 0.71386
0.09026 0.57351
0.03379 1.03828
0.75748 0.26836
0.82980 0.19207
0.37594 0.69142
0.49552 0.41229
0.06887 0.80671
0.04378 0.75121
0.04195 0.77739
0.70740 0.24540
0.67949 0.07456
-0.02663 0.61840
0.33292 0.68302
0.79618 0.32780
0.06968 0.82251
0.20142 0.63826
-0.00517 0.64767
0.20085 0.78379
0.71733 0.41194
-0.05782 0.75394
0.03191 0.71990
0.72167 0.38582
0.70897 0.39753
0.73730 0.37869
0.20630 0.23383
0.32772 0.94133
0.57621 0.77908
0.75417 -0.00097
0.87302 0.36352
0.00499 0.87007
0.77221 0.44418
0.66879 0.43914
0.51221 0.87795
0.25181 0.72175
-0.10721 0.29637
0.56598 0.28297
0.70198 0.47688
0.68867 0.49163
0.27040 0.61508
0.43637 0.85425
0.96426 0.27960
0.66501 0.36739
0.61916 0.31667
0.72387 0.41474
0.14197 0.79319
0.78401 0.57690
0.61168 0.54294
0.36291 0.59686
0.17765 0.68992
0.51087 0.96351
0.09174 0.26423
0.09699 0.65437
0.47533 0.48032
0.68789 0.50847
0.75067 0.17984
0.38673 0.54751
0.65362 0.10761
0.65263 0.50434
0.75899 0.38184
0.58023 0.48369
0.02410 0.84593
0.45062 0.29186
0.04700 0.72078
0.28405 0.81173
0.14137 0.91298
0.22219 0.51799
0.46451 0.39522
0.72672 0.46112
0.68169 0.66124
-0.01387 0.80492
0.18498 0.70008
0.06910 0.45729
0.07001 0.58753
0.27722 0.16843
0.21347 0.03727
0.56299 0.57277
0.73379 0.73196
0.60705 0.66039
0.66154 0.65963
0.35680 0.37952
0.80464 0.37689
0.50119 0.14808
0.61065 0.72610
0.81114 0.41387
0.26166 0.61073
0.51894 0.49459
0.95837 0.21367
0.31170 0.50469
0.01820 0.42365
0.68735 0.06663
0.69932 0.62701
0.29054 0.14865
0.95436 0.22515
0.73850 0.22679
0.44630 0.21536
0.27112 0.33794
0.93798 0.16946
0.71515 0.41987
0.20980 0.63311
0.59498 0.10381
0.46802 0.53343
0.62278 0.44738
-0.00939 0.96531
0.34095 0.83913
0.89169 0.35528
0.23604 0.83367
0.35401 0.44944
0.82774 0.05211
0.56589 0.27587
0.06705 0.68823
0.78139 0.65990
0.10753 0.79444
0.21788 0.48896
0.12739 0.69175
-0.00427 0.77407
0.52335 0.10845
0.54467 0.62216
0.25109 0.60953
0.78854 0.46657
0.88077 0.01333
0.28577 0.40537
0.62589 0.34630
0.67953 0.21214
0.04338 0.38990
0.70419 0.86558
0.58562 0.29202
0.68036 0.26926
0.56490 0.50743
0.63139 0.35031
0.54927 0.30883
0.55031 0.62999
0.30136 0.75004
0.61440 1.06305
0.05126 0.72454
0.10608 0.74610
0.28550 0.34099
0.24632 0.70114
0.26325 0.54017
0.73988 0.08690
-0.11469 0.89897
0.76568 0.64099
0.77450 0.53926
0.67441 0.36378
0.50210 0.77731
0.83046 0.49721
0.63108 0.30007
0.02783 0.46977
0.54370 0.52046
0.55178 0.41483
0.56224 0.14952
0.81075 0.68277
0.61694 0.44087
0.56811 0.38015
-0.04486 0.94754
0.75930 0.25307
0.50293 0.57300
0.33203 0.65718
0.60242 0.33766
0.83279 0.13049
0.76563 0.36856
0.17344 0.47439
0.74442 0.41448
0.26564 0.01955
0.72827 0.76841
-0.10939 0.39598
0.14097 0.71816
0.88448 0.25479
0.72013 0.53694
0.53090 0.50329
0.25716 0.72740
0.63631 0.19365
0.15774 0.35888
0.60579 -0.03250
0.76582 0.49597
0.13904 0.69022
0.51933 0.32361
0.72040 0.76832
0.74163 0.42755
0.27878 0.26197
-0.02370 0.52581
0.64304 0.46709
0.45768 0.33901
0.76914 0.50211
0.16327 0.61521
0.06878 0.63583
0.25077 -0.05156
0.16177 0.67025
0.57734 0.63536
0.71948 0.74505
0.93333 0.20986
0.08581 0.31100
0.13433 0.69443
0.78534 0.07954
0.68574 0.19402
0.65983 0.72332
0.76556 0.15809
0.72695 0.26632
0.42440 0.20640
0.79590 0.68230
0.25263 0.52393
0.83399 0.69226
0.18673 0.56470
0.63231 0.32900
-0.19729 0.28860
0.67777 0.80025
0.77672 0.69391
0.74939 0.29030
0.90722 0.28586
0.52745 0.59884
0.21753 0.73346
0.92451 0.70048
0.86762 0.51948
0.71937 0.52751
0.42130 0.36932
0.28822 0.56915
0.53365 0.72365
0.30018 0.58415
0.76517 0.26694
0.66909 0.26672
0.25484 0.04483
0.63796 0.53133
0.70401 0.51831
0.61899 0.51782
0.58812 0.25906
0.13210 0.87536
0.37447 0.25258
0.22478 0.29070
0.85671 0.44854
0.59492 0.87513
0.35267 0.57925
0.75915 0.36357
0.77742 0.37592
0.34651 0.72380
0.76732 0.44612
0.69546 0.04859
0.77503 0.30229
0.55973 0.49947
0.86125 0.29209
0.51277 0.46862
0.18719 0.54946
0.55934 0.37654
0.63276 0.37757
0.50230 0.20384
0.41154 -0.00364
0.72361 0.36202
0.46932 0.24881
0.65461 0.22240
0.58190 0.85607
0.68441 0.40046
0.58967 0.40588
0.15858 0.73428
0.83836 0.04151
0.33007 0.50584
0.61936 0.28218
-0.10557 0.28651
0.32288 0.35188
0.61565 0.25863
0.25856 0.71697
0.11609 0.90201
0.77951 0.32622
0.40351 0.38310
0.53376 0.33883
0.18676 0.60305
0.62864 0.23005
0.77353 0.72750
0.67836 0.56786
0.14125 0.64740
0.21100 0.41556
0.98457 0.66194
0.03317 0.80968
0.63642 0.38632
0.34800 0.80857
0.03559 0.96147
0.32787 0.73035
0.24699 0.72186
-0.00333 0.58302
0.63139 0.52581
0.69013 0.79297
0.16296 0.00546
0.30559 0.32041
0.57560 0.37058
-0.00055 0.79183
0.77318 0.50234
0.26186 0.19834
0.22096 0.51957
0.16095 0.34533
0.54098 0.38356
0.88567 0.27355
0.84572 0.16436
0.61819 0.44731
0.22570 0.14965
0.47227 0.24762
0.55412 0.32124
0.07412 0.67615
0.65502 0.97558
0.77828 0.27414
-0.01940 0.59620
0.74936 0.29667
0.09039 0.25935
0.85587 0.35856
0.63144 0.72723
0.67376 0.69603
0.45559 0.78266
0.02191 0.20107
0.87137 0.11101
0.62603 0.24822
-0.05790 0.93896
0.85503 0.06666
0.73160 0.51349
0.22563 0.51740
0.73349 0.18824
0.00871 1.02676
0.29093 0.36978
0.82713 0.89689
0.02474 0.06783
0.57414 0.80487
0.77388 0.08628
0.54234 0.75296
0.68247 0.42997
0.15083 0.67808
0.64681 0.74255
0.72789 0.27160
0.42186 0.41036
-0.10623 0.34083
0.81895 0.55526
0.80543 0.21050
0.74533 0.01343
0.60072 0.34363
0.29819 0.46496
0.59956 0.24294
0.60893 0.31836
0.70909 0.41193
0.64795 0.57816
0.96467 0.36349
0.63226 0.24729
0.63891 0.37192
0.49682 0.79987
0.82023 0.40199
0.04369 0.37997
0.58992 0.55426
0.79714 0.34486
0.77963 0.72590
0.93972 0.21986
0.59714 0.85270
0.74579 0.46019
0.62376 0.68958
-0.18269 0.34678
1.06213 0.26463
0.03676 0.31968
0.47009 0.42363
-0.07781 0.93823
0.29676 0.61122
0.32914 0.46387
0.16342 0.64642
0.02609 0.38905
0.68751 0.11687
0.48074 0.41592
0.22445 0.08723
0.29726 0.45262
0.74228 0.39731
0.35045 0.40477
0.79928 0.18392
0.70765 0.29720
0.69404 0.52211
0.78502 0.76844
0.55274 0.03909
0.69693 0.62259
0.65431 0.65781
0.57842 0.82151
0.82169 0.33556
0.55958 0.67837
0.31214 0.58911
0.38937 0.38876
0.80645 0.56243
0.19942 0.77276
0.26150 0.68645
0.20941 0.67676
0.61768 0.24412
0.57433 0.01619
0.65881 0.41856
0.68412 0.71694
0.18516 0.74584
0.50238 0.27536
0.70909 0.40926
0.30747 0.64830
0.62560 0.88658
0.13272 0.06151
0.33267 0.67935
0.58663 0.08343
-0.02288 0.65252
0.66262 0.35821
0.64834 0.23234
0.65459 0.31244
0.65889 0.32225
0.78462 0.31445
0.59686 0.42156
0.54371 0.77711
0.22508 0.11564
0.54329 0.38997
0.68885 0.26013
0.88591 0.27679
0.70414 0.06344
0.58537 0.07417
0.19615 0.17440
0.27946 0.70906
0.70118 0.43376
0.82084 0.33055
0.85625 0.33123
0.44939 0.65477
0.65908 0.21599
0.04917 0.94416
0.15336 0.57902
0.45700 0.45049
-0.04016 0.85577
0.60921 0.34229
0.21032 0.66787
0.20658 0.61303
0.70526 0.41192
0.30949 0.60973
0.73357 0.49150
0.78854 -0.11890
0.69875 0.59528
0.79864 0.39780
0.37461 -0.04548
0.67383 0.32146
-0.07012 0.33314
0.92454 0.21215
0.70540 0.48832
0.49697 0.65804
0.03256 0.95502
0.75980 0.07605
0.72514 0.47294
0.55627 0.14722
0.21798 0.58511
0.80016 0.57093
0.64165 0.26104
0.02942 0.21819
0.06433 0.74952
0.63542 0.57472
0.56788 0.45435
0.56279 0.77614
0.60411 0.34698
0.50413 -0.01801
0.50985 0.48939
0.48018 0.35320
0.27242 0.69824
0.50757 0.67408
0.18112 0.71511
0.78145 0.64880
0.88910 0.20060
0.43915 0.53269
0.49670 0.26200
0.66672 0.74049
0.53159 0.86162
0.74394 0.04979
0.45334 0.49036
0.78672 0.22507
-0.07916 0.36435
0.61395 0.78399
1.01551 0.52346
0.77433 0.68015
0.80481 0.31417
0.66048 0.41804
0.02244 0.85389
0.62777 0.23541
0.38537 0.77080
0.24103 0.07361
-0.01749 0.75904
0.36638 0.46227
0.27588 0.57348
0.88506 0.30119
0.21441 0.64657
0.63527 0.25698
0.11956 0.91268
0.83061 0.47063
0.74647 0.41710
0.12152 0.77569
0.76923 0.51356
0.72861 0.31000
0.17876 0.34157
0.65140 0.02652
0.36713 0.39891
-0.07286 0.87986
0.34801 0.46693
0.01799 0.33996
0.67148 0.15972
0.70241 0.04763
0.63045 0.49732
0.15267 0.37991
0.61871 0.37794
0.52179 0.75833
0.52016 0.36356
0.75406 0.54021
0.79152 0.15319
0.56812 0.23322
0.60852 0.43455
0.51641 0.90712
0.03891 0.55244
0.78825 0.10456
0.28258 0.24698
0.27454 0.53762
0.56684 0.06555
0.32120 0.21768
0.85566 0.41281
0.96647 0.13266
0.66664 0.25122
0.01893 0.29501
0.66210 -0.12923
0.57007 0.63312
-0.06307 0.25327
0.62497 0.85123
0.80650 0.38542
0.59147 0.57783
-0.03293 0.12199
0.41093 0.70726
0.58975 0.72008
0.29146 0.22271
0.73958 0.81895
-0.12646 0.69085
0.79648 0.49714
0.78347 0.29595
0.62448 -0.00925
0.70419 0.57775
0.64598 0.34645
0.59017 0.03422
0.77686 0.16843
0.70304 0.28964
0.55783 0.81857
0.66930 0.51679
-0.07052 0.46508
0.60413 0.16252
0.65896 0.14786
0.41834 0.59629
0.26365 0.42680
0.28864 0.60347
0.63246 0.44433
0.70083 0.17893
0.27971 0.10382
0.21459 0.57907
0.49210 -0.06536
0.18066 0.54407
0.62680 0.08297
0.65705 0.59730
0.54089 0.57609
0.64529 0.53360
0.64396 0.50768
0.69313 0.37047
-0.09717 0.86725
0.28586 0.35608
0.41532 0.31445
0.72875 0.15775
0.10568 0.03352
0.47421 0.39317
0.19448 0.34837
0.14369 0.68964
0.01006 0.49926
0.36598 0.62692
0.63896 0.40300
0.21067 0.63207
0.69525 0.24000
0.30140 0.56235
0.57954 -0.03372
0.71296 0.30885
0.61315 0.03128
0.04802 0.71574
0.74018 0.31963
0.80770 0.54164
0.02397 0.82330
-0.03548 0.30427
0.17075 0.82964
0.51475 0.84433
0.67146 0.56452
0.17249 1.06492
0.93050 0.14986
0.65443 0.13820
0.71753 0.34134
0.74276 0.36430
0.55239 0.48537
0.62954 0.32996
0.50077 0.84990
0.68761 0.69194
0.56833 0.36761
0.65848 0.39799
0.72648 0.08405
0.60277 0.47390
-0.04547 0.21895
0.56036 0.58705
0.73509 0.73842
0.87774 0.15049
0.78518 0.03087
0.58588 0.33995
0.03960 0.66596
0.75295 0.50966
0.19280 0.17439
0.35678 0.43479
0.57192 0.14860
0.74098 0.42849
0.88422 0.22372
0.74936 0.42217
0.53699 0.40586
0.18298 0.62793
0.72299 0.03550
0.55962 0.83260
0.03444 0.68652
0.30809 0.40929
0.88160 0.49146
-0.06673 0.40054
0.31696 0.70645
0.59555 0.02459
0.50274 0.44010
0.18450 0.79659
0.01755 0.78707
0.49930 0.83066
0.68890 -0.06982
0.86093 0.45267
0.46789 0.51381
0.17094 0.63477
0.69888 0.10122
0.24107 0.68965
-0.13567 0.33046
0.68880 0.63713
0.33515 0.14945
0.77390 0.51564
0.69072 0.36672
0.09283 0.41660
0.64743 0.13834
0.43555 0.82883
0.02242 0.68858
0.65252 0.51097
0.40664 0.31385
0.00295 0.34036
0.10449 0.76338
0.34850 0.27716
0.69468 0.85876
0.39545 0.74484
0.58800 0.40651
0.72844 0.16135
0.04440 0.75056
0.34334 0.48998
0.66219 0.41195
0.64117 0.37514
0.48248 0.91459
0.90939 0.05344
0.68761 0.33468
0.29956 0.58894
0.42244 0.51462
0.79359 0.64486
0.89544 0.15802
0.38346 0.02280
0.53906 0.47569
0.43304 0.24698
0.60458 -0.10404
0.43603 0.29336
0.43928 0.08867
0.80733 0.31513
0.57877 0.28092
0.53577 0.77852
0.28495 0.71452
0.66586 0.27513
0.65216 0.15393
0.10132 0.30975
0.61078 0.91058
0.24578 0.53909
0.51086 0.55993
0.53900 0.53798
0.42532 0.43604
0.62516 0.31930
-0.05509 0.81336
-0.01396 0.70114
0.65115 0.50010
0.44818 0.40248
0.32327 0.15153
0.12417 0.75645
0.73662 -0.09647
0.81109 0.07715
0.13882 0.58843
-0.06336 0.48273
0.73246 0.40218
0.78674 0.29546
0.84168 0.12906
0.71764 0.40735
0.04362 0.92910
0.68923 0.40647
0.24924 0.70235
0.41623 0.38951
0.58449 0.47151
0.88345 0.22895
0.28830 0.76485
0.92597 0.23652
0.50628 0.33117
0.57575 0.43390
0.70580 0.72116
0.61593 0.26953
0.80168 0.29831
-0.04724 1.09042
0.37607 0.11504
0.64667 0.29413
0.32885 0.73238
0.33903 0.49247
0.58356 0.30584
0.58146 0.58817
0.31702 0.62024
0.02369 0.60458
0.19181 0.19040
0.36674 0.47670
0.62596 0.65588
0.53748 0.99110
0.38961 -0.00611
0.22001 0.70824
0.29827 0.80302
0.94626 0.38557
0.05604 0.76766
0.63629 0.40936
0.75804 0.23292
0.70020 0.47412
0.75305 0.40724
0.70962 0.55435
0.29975 0.11040
0.49703 0.79519
0.16664 0.67232
-0.09640 0.33119
0.56859 0.65483
0.81495 0.28201
0.11943 -0.02799
0.61043 0.59057
0.06882 0.56223
-0.03239 0.99930
0.71310 0.47177
-0.06418 0.42896
0.10186 0.87013
0.61756 0.25924
0.80983 0.66685
0.18753 0.80950
0.76252 0.66888
0.77172 0.24118
0.08888 0.75977
0.50937 0.41659
0.66164 0.45879
0.63786 0.74964
0.55420 0.35170
0.76293 0.48940
0.63266 0.64284
0.22950 0.19440
0.02564 0.54876
0.03352 0.86025
0.80878 0.34209
0.73564 0.19532
0.82278 0.33714
0.70495 -0.04465
0.77081 0.24208
0.25871 0.60368
0.49956 0.80614
0.50457 0.37466
0.66800 0.19689
0.60571 0.78499
0.32067 0.82989
0.34081 0.61576
0.69534 0.49469
0.06016 0.78986
0.64108 0.32094
0.52826 0.25112
-0.11856 0.70115
0.42491 0.44498
0.74750 0.37125
0.78354 0.84533
0.61904 0.44797
0.73212 0.03600
0.18770 0.76942
0.33011 0.40763
0.10173 0.81419
0.58106 0.81287
0.84499 0.22442
0.68341 0.30240
0.41380 0.43268
0.18699 0.64598
0.13258 0.52428
0.07506 0.55698
0.46990 0.56357
0.46244 0.50634
0.32970 0.63832
0.01472 0.42311
0.68577 0.45782
0.23315 0.96809
0.58956 0.36284
0.67539 -0.01614
0.41121 0.49090
0.86499 0.19561
0.51539 0.21978
0.14213 0.80709
0.54610 0.48117
0.55734 0.39324
0.49464 0.81174
0.02515 0.86359
0.78297 0.31349
0.80263 0.01640
0.66157 0.45908
0.14001 0.66453
0.90552 0.68077
0.43079 0.31405
0.47991 0.09285
0.69084 0.24781
0.26402 0.03401
-0.16464 0.90183
0.44560 0.76477
0.33072 0.51051
0.79488 0.24040
-0.04396 0.91882
0.72764 0.42830
0.40886 0.59917
0.17160 0.69715
0.19482 -0.03012
0.59027 0.14303
-0.01824 0.29384
0.45116 0.70011
0.38500 0.46445
0.73896 0.47708
0.77816 0.29264
0.04320 0.44878
0.47533 0.61750
0.43903 0.21051
0.26497 0.83974
0.46974 0.18384
0.24682 0.46492
0.61566 0.51138
0.55618 0.16855
0.34118 0.02643
0.67704 0.39778
0.13698 0.51993
0.31891 0.12445
0.05614 0.88817
0.82026 0.24111
0.27718 0.57775
0.86570 0.12421
0.30123 0.72169
0.91212 -0.01435
0.00407 0.69467
0.48658 0.73724
0.00881 0.82607
0.54509 0.44445
0.51706 0.34042
0.61440 -0.01717
0.71761 0.69540
0.19324 0.04361
-0.00522 0.36015
0.75916 0.24154
0.70502 -0.02797
0.32550 0.49329
-0.03771 0.13034
0.10104 1.02676
0.77829 0.18557
0.48914 0.39383
0.57523 0.60905
0.14758 0.20332
0.14783 0.94623
0.44875 0.50419
0.63536 0.47856
0.69399 0.74947
0.71961 0.24823
0.78229 0.35710
-0.03890 0.80593
0.71957 0.91699
0.75286 0.57573
0.19029 0.66316
0.23774 0.19537
0.55512 0.74702
0.60958 0.16767
0.18704 0.82128
0.95224 0.26261
-0.08703 0.46486
0.72907 0.69638
0.57957 0.31021
0.74258 0.32075
-0.08151 0.91351
0.73888 0.30533
0.80661 0.15413
0.71816 0.40759
0.15788 0.77130
0.76425 0.11026
0.65331 0.29742
0.63892 0.67320
0.73531 0.30386
0.18295 0.69308
0.65861 0.33203
0.56962 0.29075
0.35811 0.67763
0.63277 0.45428
0.04437 0.85163
0.61164 0.61290
-0.07183 0.56171
0.70006 0.57303
0.61958 0.34580
0.43994 0.39897
0.87029 0.18813
0.26793 0.63901
-0.04996 0.31475
0.37346 0.35685
0.16960 0.46515
0.62928 0.12832
0.62905 0.27884
0.09932 0.38851
0.32248 0.72061
0.07319 0.71468
0.60792 0.74974
0.72497 0.45790
0.59356 0.24964
0.28670 0.55230
0.49523 0.52362
0.67785 0.46675
1.00102 0.37097
0.57414 0.30225
0.63652 -0.05687
0.60857 0.48281
0.37565 0.19890
0.44088 0.33866
0.71702 0.11148
0.62144 0.74200
0.29082 0.53004
0.24591 0.21265
0.12983 0.80473
0.58814 0.24225
-0.00900 0.67085
0.83077 0.57578
0.68339 0.42885
0.10719 0.57654
0.77374 0.33247
0.62138 0.27358
0.57542 0.87540
0.29278 0.67450
0.23980 0.74646
0.05595 0.90662
0.85293 0.59225
0.23789 0.40851
0.39758 0.67420
0.74558 0.34557
0.37291 0.50689
0.24218 0.76701
0.61635 0.76859
0.46935 0.26750
0.16043 0.78440
0.44471 0.67754
-0.01864 0.45491
0.62074 0.23880
0.73715 0.03869
0.92427 0.23180
0.25181 0.55337
0.58807 0.43180
0.07897 0.44143
0.71464 -0.00966
-0.04366 0.77794
0.57571 0.57025
0.40210 0.10113
0.60756 0.05272
-0.21290 0.32438
0.72814 0.10346
0.16208 0.56034
0.62800 0.54909
0.56513 0.21917
0.01243 0.46719
0.64454 0.38316
0.68058 0.72573
0.52577 0.32174
0.64684 0.38528
0.60027 0.51150
0.52472 0.32461
0.18635 0.06181
0.23277 0.68470
0.02157 0.28209
0.49922 0.43419
0.31122 0.48361
-0.10380 0.81312
0.79136 0.55597
0.76424 0.35785
0.79509 0.79189
-0.09387 0.79014
0.26221 0.76443
0.61406 0.49954
0.65442 0.35247
0.66761 0.07505
0.65006 0.22711
0.10515 0.25910
0.70249 0.27901
0.86350 0.16213
0.75007 -0.00005
0.33309 0.67500
0.25727 0.79153
0.63635 0.27714
0.67227 0.39781
0.50941 0.43024
0.59389 0.36469
0.18720 0.52179
0.64323 0.60122
0.47933 0.56128
0.47891 0.49602
0.66148 0.26744
0.71648 0.48959
0.69307 0.38564
0.32777 0.67245
0.64332 0.25060
0.63657 0.44486
0.80786 0.23310
0.78809 0.59674
0.51299 0.15257
0.07816 0.45443
0.64397 0.49006
0.42343 0.28066
0.61157 0.26378
0.68139 0.40718
0.00464 0.50656
0.72265 0.21027
0.70906 0.66232
0.33961 0.24800
0.27120 0.66058
0.67521 0.06465
0.78943 0.44010
0.70456 0.03913
0.55964 0.20931
0.39546 0.30323
0.62125 0.49511
0.78974 0.28705
0.53355 0.49483
0.67587 0.79876
0.80854 0.37645
0.61052 0.77876
0.56129 0.35707
0.55442 0.31603
0.59802 0.46752
0.91032 0.06366
0.76385 0.46633
0.58900 0.66625
0.05489 0.78913
0.79888 0.24826
0.84534 0.13781
0.71826 0.40483
0.21371 0.55508
0.11378 0.80555
0.93056 -0.03151
0.54251 0.24862
0.77198 0.15974
0.77140 0.16331
0.32570 0.78373
0.63552 0.31508
0.53545 0.25518
-0.11804 0.67423
0.74748 0.28540
0.02074 0.79362
0.52760 0.74637
0.73812 -0.02142
0.44408 0.44068
0.29733 0.81577
0.37790 0.09688
0.69724 0.54666
0.63423 0.92380
0.16133 0.87009
0.60736 0.38402
0.15677 0.34543
0.70873 0.27620
0.21258 0.72511
0.21241 0.62011
0.62189 0.39630
-0.03967 0.90896
0.68161 0.07658
0.66546 0.11433
0.22439 0.56143
0.83136 0.23338
0.70982 0.35815
0.11226 0.75468
0.37135 0.18717
0.62291 0.32917
-0.06335 0.76960
0.01776 0.71446
0.40339 0.57953
0.91532 0.24566
0.11038 1.05006
0.67305 0.12012
0.54994 0.08056
0.22743 0.66879
0.65218 0.39991
0.75418 0.15453
-0.06905 0.91161
-0.10277 0.60940
0.30811 0.67740
-0.06097 0.33422
0.04094 0.40544
0.62414 0.75045
0.19826 0.79084
0.17554 0.59222
-0.10151 0.42539
0.42177 0.63251
0.64299 0.36930
0.58939 0.33735
0.27146 0.66366
0.01480 0.75067
0.74292 0.21119
0.52791 0.51074
0.37967 0.64709
0.65221 0.51342
-0.00578 0.71156
0.70940 0.36397
0.58497 0.52504
0.06797 0.77981
0.57951 0.69226
0.35886 0.46020
0.72828 0.26778
0.04932 0.59447
0.27156 0.09243
0.54666 0.36887
0.92511 0.39532
0.64880 0.86527
0.72883 0.03742
0.06380 0.56073
0.54526 0.40784
0.88394 0.21085
0.66938 0.30346
0.24550 0.67036
0.38504 -0.00800
0.60953 0.76746
0.10917 0.54328
0.27872 0.36615
0.87715 0.33922
0.61382 0.57285
0.26258 0.68299
-0.02516 0.88654
0.34870 0.14266
0.80025 0.45927
-0.23586 0.95417
0.03009 0.83908
0.65939 0.52261
0.07084 0.74258
0.62309 0.81184
0.38931 0.59634
0.23082 0.59255
0.00093 0.46352
0.14297 0.80147
0.33620 0.63317
0.69858 0.45579
0.70173 0.64424
0.35911 0.07482
0.12193 0.71734
0.74940 0.28637
0.79794 0.22758
0.74999 0.47375
0.65757 0.45116
-0.05445 0.86489
0.69112 0.55951
0.10508 1.03589
0.14026 0.35474
0.78824 0.21811
0.50925 0.55606
0.16868 0.37492
0.01247 0.81350
0.26520 0.51087
0.82475 0.58315
0.58875 0.52603
0.40963 0.53007
0.79722 0.51722
0.20229 0.70194
0.85089 0.80291
0.16118 0.66091
0.32054 0.53732
0.83465 0.29757
0.32333 0.10836
0.76992 0.34888
0.71957 0.45579
0.14872 0.59897
0.46730 0.37750
0.99846 0.67284
0.67125 0.51672
0.77800 0.08204
0.58478 0.35343
0.39981 0.80657
0.83607 0.53417
1.13606 0.06630
0.68002 0.38612
0.67666 0.44613
0.37760 0.79899
0.62990 0.44494
0.17164 0.67947
0.74413 0.40197
0.52356 0.50043
0.78757 0.41915
0.51022 0.24441
-0.01445 0.45240
0.11793 0.78472
0.12316 1.02406
-0.10644 1.00578
0.50575 0.34811
0.64758 0.49164
0.59726 0.60988
0.25915 0.70944
0.67071 0.35886
0.81062 0.21570
0.28566 0.08626
0.71141 0.74329
0.15330 0.77275
0.57150 0.43319
0.39621 0.83168
0.65073 0.27299
0.55550 0.78834
0.26027 0.14632
0.76042 0.70874
0.04868 0.21466
0.87262 0.06108
0.77969 0.59658
-0.13762 0.39033
-0.23424 0.82018
0.69606 0.39728
0.20239 0.92387
0.74841 0.12386
0.20163 0.03983
0.17536 0.71149
0.45927 0.48673
-0.02851 0.44251
0.31064 -0.02599
0.33437 0.45531
0.49893 0.10363
0.56354 0.34174
0.51612 0.42119
0.21437 0.78033
0.65827 0.41647
0.58872 0.33991
0.31041 0.66284
0.56430 0.77402
0.59320 0.23874
0.60257 0.41729
0.45204 0.45136
0.31939 0.30834
0.56536 0.70757
0.04004 0.36264
0.07981 0.77330
0.76735 -0.04001
0.59195 0.86585
0.63322 0.16691
0.15033 0.66361
0.05609 0.63404
0.17321 0.76365
0.32706 0.66371
0.78257 0.43143
0.51421 0.52753
0.56489 0.70898
0.32863 0.66237
0.94824 0.02647
0.12268 0.65828
0.53571 0.31303
0.35462 0.69874
0.27458 0.35655
0.20135 0.63776
0.32778 0.57451
0.73065 0.11293
0.19367 0.86086
0.45473 0.37574
0.11121 0.85560
0.67107 0.24930
0.07200 0.83508
0.61365 0.25233
0.74751 0.29758
0.25797 0.58433
0.19447 0.72557
0.76133 0.62595
0.64623 0.14486
0.30875 0.68811
0.51531 0.47134
0.71166 0.22557
0.52739 0.35536
0.10604 0.29348
0.49147 0.67602
0.05205 0.47323
0.61996 0.42686
0.78742 0.67465
0.80673 0.11952
0.07810 0.47100
0.02258 0.45923
0.07465 0.45575
0.76483 0.53345
0.04611 0.14897
0.57514 0.37443
0.31058 0.57158
0.29210 0.41738
0.86561 0.42427
0.09879 0.85602
0.48535 0.38298
0.32800 0.49308
0.08851 0.76618
0.41502 0.61747
0.44999 0.03904
0.11712 0.57953
0.78715 0.18450
0.46426 0.53784
0.70310 0.29625
0.28971 0.72197
0.56658 0.47033
0.79888 0.28281
0.22390 0.67598
0.22518 0.70580
0.43821 0.71292
0.34469 0.39850
0.65583 0.31274
0.39540 0.37950
0.33747 0.64078
0.68639 0.28301
0.14209 0.63672
0.37642 0.05168
0.48171 0.78467
0.20946 0.12901
0.12001 0.24722
0.24401 0.10537
0.89816 0.27152
0.72656 0.36003
-0.02564 0.44304
0.91692 0.27991
0.66589 -0.01242
0.60025 0.31591
0.39133 0.36348
0.79339 0.43297
0.26909 0.61503
0.67488 0.56257
0.69888 0.31339
0.67162 0.43957
0.67143 0.34975
0.85495 0.12270
0.54390 0.07467
0.00162 0.77811
0.24310 0.66315
0.19914 0.59239
0.75878 0.46367
-0.03979 1.03024
0.80777 0.20085
-0.05675 0.17076
0.24234 0.71043
0.66184 0.15172
0.66440 0.55833
0.09679 0.89302
0.22837 0.60617
0.01154 0.42862
-0.03769 0.25057
-0.06275 0.78606
0.62168 0.64853
0.32052 0.65413
0.70302 0.38706
0.62156 0.77169
0.55044 0.58706
0.81404 0.44390
0.64969 0.13696
0.34647 0.55698
0.78308 0.29398
0.65195 0.55627
0.15748 0.20831
0.15607 0.76414
0.82130 0.27892
0.16603 0.58486
0.02820 0.42975
0.57634 0.15226
0.77177 0.17855
0.43517 0.05839
0.66181 0.27444
0.14884 0.89656
0.59366 0.58219
0.05374 0.60303
0.72586 0.47595
0.66547 0.71166
0.53664 0.08622
0.24482 0.64726
0.04253 0.56270
0.66525 0.07816
0.65191 0.68479
0.81389 0.70160
0.65007 0.64895
0.57277 -0.00656
0.66283 0.31511
0.19698 0.84668
0.57986 0.72202
0.62925 0.48994
0.92389 0.31443
0.12876 0.88399
0.62088 0.17330
0.72515 0.71550
-0.00879 0.96095
0.67742 0.05094
0.27157 0.72856
0.53956 0.38647
0.40777 0.38789
0.57286 0.35268
0.33036 0.49852
0.31100 0.59110
0.64421 -0.01810
0.39002 0.70039
0.51555 0.07305
0.83849 0.53133
0.20397 0.46553
0.86668 0.61752
0.18764 0.45076
0.77516 0.22987
0.35796 0.25918
0.72926 0.61289
0.74848 0.58363
0.02510 0.70036
0.85338 0.39611
-0.00872 0.84720
0.45951 0.51602
0.62329 0.50139
0.14046 0.55539
0.47241 0.35658
0.10979 0.45868
0.66431 0.40777
0.70114 0.30860
0.25154 0.10445
0.28770 0.81157
0.65362 0.70590
0.43447 0.44833
0.20076 0.80136
0.33826 0.61010
0.77304 0.00718
0.56628 0.20428
0.81750 0.29776
0.61082 0.38070
0.76922 0.25462
0.32644 0.03712
-0.03515 0.35829
0.37404 0.21054
0.09650 0.65194
0.04954 0.82140
0.67626 0.63740
-0.05623 0.80769
0.49700 0.21816
0.26730 0.72618
0.59770 0.43780
0.64200 0.68296
0.62441 0.68475
0.43384 0.56593
0.65517 0.54027
0.37353 0.79748
0.72569 0.01690
0.19106 0.81971
0.01343 0.64947
0.64554 0.29791
0.52497 0.11768
0.10288 0.74613
0.72405 0.27811
0.28123 0.67543
0.57905 0.80543
0.74547 0.55591
0.59308 0.46018
0.68686 0.01839
0.72173 0.00555
0.65974 0.49802
0.28806 0.52180
0.20846 0.57124
0.99625 0.09550
0.69041 0.48403
0.74638 0.35628
0.52424 0.33347
0.44891 0.52451
0.70766 0.21023
0.61864 0.52500
0.65778 0.37668
0.61841 0.32577
0.68269 0.71285
0.82349 0.09975
0.24632 0.61132
0.59551 0.27776
0.31287 0.63350
0.83689 0.43424
0.34285 0.62407
0.30167 0.70646
0.21242 0.94730
0.75697 0.32839
0.66191 0.71669
0.39320 0.19121
0.61502 0.21986
0.87319 0.20036
0.38936 0.57645
0.16715 0.64532
0.46641 0.16089
0.52834 0.40301
0.73257 0.26970
0.68970 0.31050
0.61751 0.04222
0.73544 0.05668
0.70291 0.33507
0.29199 0.60115
0.31313 0.64212
0.64079 -0.07078
0.19372 0.66537
0.78270 0.19168
0.55201 0.57597
0.01677 0.85694
0.71282 0.37196
0.50317 0.22847
0.84381 0.04924
0.56698 0.33334
0.46181 0.11910
0.82903 0.46086
0.62887 0.85667
0.90421 0.20746
0.00525 0.91817
0.59936 0.25722
0.58690 0.44443
0.74320 0.43549
-0.05615 0.71255
0.49745 0.82969
0.71838 0.25284
0.78933 0.34194
0.27833 0.43552
0.74639 0.74169
0.62131 0.52298
0.11249 0.70790
0.72757 0.40318
0.50636 0.54790
0.18345 0.76243
0.86591 0.64729
-0.08424 0.41056
0.59472 0.30533
0.54429 0.33198
0.71325 0.53139
0.32891 0.60200
0.73790 0.70185
0.54976 0.17682
0.69942 0.23376
0.03442 0.92003
0.56948 0.26080
0.52295 0.66102
0.58775 0.52105
0.25326 0.33560
0.34902 0.27227
0.83704 0.37377
0.79164 0.83525
0.75471 0.24000
0.66398 0.15594
0.96508 0.09337
0.36894 0.38600
0.25980 0.48793
0.70251 0.22873
-0.07736 0.88155
0.19895 0.56524
0.70369 0.42302
0.65861 0.34320
-0.20564 0.80028
-0.25189 0.87909
0.69725 0.44266
0.43427 0.74056
0.22639 0.80066
0.53548 0.79879
0.73025 0.44010
0.82768 0.65956
0.81564 0.42357
0.38276 0.57619
0.70482 0.38240
0.19933 0.55669
0.59001 0.23175
0.81456 0.64891
-0.03239 0.24590
0.73599 0.07711
0.42208 0.66163
0.56837 0.46466
0.31016 0.77257
0.29202 0.73444
0.32789 0.63025
0.32759 0.43741
0.80816 0.37951
0.71338 0.67259
0.65498 0.40671
0.60025 0.10131
0.64423 0.15258
0.53400 0.49670
0.01218 0.72857
0.75015 0.43724
0.43095 0.40054
0.30256 0.45450
0.36255 0.59278
0.17774 0.62226
0.57276 0.77873
-0.04921 0.88696
0.04293 0.58972
0.10564 0.55484
0.12599 0.74445
0.81760 0.19712
0.81999 0.40351
0.60479 0.53239
0.18499 0.67621
0.28621 0.76711
-0.07050 0.42452
0.22047 0.55597
0.36056 0.02170
0.84786 0.51579
-0.01249 0.19365
0.80377 0.39387
0.06258 0.65560
0.60789 0.39082
0.60340 0.26245
0.74912 0.30992
0.75091 0.10192
0.90239 0.44877
0.58376 0.66936
0.11192 0.29696
0.18912 0.10923
0.46362 0.28752
0.63759 0.57248
0.34845 0.69393
0.65411 0.76335
0.59390 0.40710
0.59502 0.08901
0.25941 0.11145
0.67058 0.40315
0.67267 0.12675
0.71456 0.51385
0.80756 0.15357
0.17268 0.72839
-0.03423 0.92515
0.60558 0.24175
0.56959 0.31499
0.06964 1.03948
0.05990 0.66805
0.58457 0.43174
-0.04604 0.74462
0.64215 0.93764
0.68808 0.41281
0.01826 0.76139
0.23425 0.62907
-0.01447 0.77922
0.11787 0.70836
-0.10878 1.06237
0.64622 0.58122
0.66181 0.10750
0.18394 0.93170
0.58006 0.36528
0.83437 0.16424
0.69191 0.11747
0.73849 0.35747
0.83009 0.46517
0.61537 0.53057
0.67840 0.15957
0.64871 0.31180
0.59742 0.36168
0.83633 0.19991
0.78561 -0.09485
0.35821 0.12367
0.79853 0.27920
0.94646 0.06351
0.60323 0.27924
0.62396 0.44165
0.56470 0.32436
0.36899 0.69411
0.57221 0.24562
0.84144 0.31122
0.60367 0.66398
0.52524 0.47623
0.63884 0.31848
0.86871 0.32916
-0.07877 0.82930
0.54630 0.11784
0.65091 0.70730
0.66620 0.27704
0.57612 0.09000
0.09476 0.73432
0.33280 0.70478
0.31724 0.36608
0.66131 0.16646
0.23367 0.70825
0.61518 0.57582
0.55341 0.58819
0.80857 0.19313
0.31887 0.31226
0.16850 0.69547
0.19891 0.82281
0.42823 0.48791
0.67986 0.62276
0.70387 0.04010
0.22509 0.87942
0.65206 0.45353
0.88458 0.40958
0.06591 0.64791
0.48031 0.52488
0.08792 0.83277
0.24712 0.83523
0.66542 0.85403
0.77770 0.04971
0.04351 0.76336
0.46385 0.33320
0.45282 0.63027
0.66268 0.27291
0.93370 0.43828
0.60151 0.21205
0.32551 0.41362
0.58516 0.34195
0.96690 0.17860
0.76135 0.32096
0.80869 0.46359
0.73312 0.26024
0.56141 0.39256
0.89706 0.19369
-0.00308 0.90452
0.85408 0.21227
-0.03325 0.89792
0.48777 0.74482
0.52997 0.67499
-0.04009 0.66962
0.24739 0.66813
0.25623 0.65542
0.59578 0.36647
0.63179 0.35862
0.25950 0.44294
0.17545 0.36617
0.28677 0.66827
-0.14894 0.86001
0.57811 0.50631
0.46226 0.74923
0.73003 0.31743
0.55900 0.31482
0.11368 0.04512
0.46227 0.70833
0.00709 0.95323
0.12391 0.43103
0.55733 0.08134
0.15692 0.94990
0.28870 0.37924
0.56410 0.38329
-0.08383 0.22180
0.21980 0.29054
0.22883 0.66790
0.49598 0.07209
0.86234 0.58261
0.91595 0.11270
0.67105 0.34735
0.32697 0.26990
-0.06901 0.84515
0.15157 0.69297
0.57290 0.33156
0.38757 -0.04803
0.44690 0.52965
0.29795 0.70637
0.50891 0.40464
0.26915 0.79148
0.15081 0.68897
0.72250 0.62770
0.14426 0.58719
0.71246 0.10692
0.18589 0.71551
0.63925 0.48886
0.69773 0.59411
0.05426 0.79107
0.03437 0.71292
0.72115 0.80217
0.64483 0.30433
0.51900 0.44188
0.70647 0.54790
0.41109 0.86979
0.45669 0.54001
0.63370 0.37954
0.73984 0.20139
0.66802 0.52035
0.05252 0.27746
-0.06767 0.37716
0.80522 0.23320
0.64554 0.13526
0.86646 0.72015
0.67387 0.10283
0.67793 0.08198
0.38577 0.42551
0.75798 0.23905
-0.10966 0.93495
0.70461 0.44742
0.58944 0.53115
0.02657 0.30764
0.54958 0.46775
0.51595 0.07914
0.65577 -0.07294
0.66300 0.82686
0.61847 0.52307
0.67391 0.51813
0.38469 0.39864
0.76650 0.58014
0.72130 0.73912
0.58043 0.80595
0.78148 0.57854
0.17609 0.60996
0.72070 0.28804
0.24492 0.57864
0.58104 0.30175
0.73410 0.71455
0.94041 0.07004
0.35021 0.87481
0.72300 0.53000
0.64317 0.45318
0.28885 0.28482
0.80683 -0.00007
0.63173 0.40119
0.62125 0.32589
0.52517 0.17864
0.57295 0.56437
0.61134 0.40318
0.13149 0.28790
0.50598 0.64217
0.85988 0.06395
0.18235 0.59820
0.28962 0.64825
0.10194 0.59042
-0.00786 0.82183
0.20312 0.45754
0.30505 0.43179
0.19059 0.66630
0.24078 0.12116
0.32809 0.84868
0.58901 0.21184
0.31177 0.74706
0.51167 0.41561
0.64514 0.07706
0.05652 0.40687
0.48842 0.30153
0.70958 0.03256
0.42467 0.56093
0.71554 0.37740
0.50211 0.46962
0.18635 0.12404
0.37232 0.67745
0.40850 0.30941
0.40480 -0.00796
0.72537 0.55307
0.79554 0.20216
0.73673 0.46608
0.51255 0.31262
0.23740 0.63170
0.73659 0.28082
0.55947 0.57791
0.57240 0.20048
0.56869 0.35906
0.46086 0.22705
0.76506 0.87455
0.68908 0.38465
0.71462 0.32995
0.82556 0.29388
0.70922 0.10903
0.92859 0.13975
0.15106 0.68349
0.70543 1.04243
0.43085 0.64489
0.09496 0.78545
0.41301 0.67823
0.14520 0.55185
0.66220 -0.03357
0.34169 0.61027
0.65534 0.64938
-0.06270 0.98941
0.53338 0.14450
0.68593 0.79608
0.07979 0.47501
0.59758 0.37543
0.56836 0.55786
0.21786 0.53040
0.11140 0.67868
0.26207 0.64283
0.78728 0.25175
0.70376 0.60750
0.66294 0.69944
0.39445 0.28046
0.87559 0.10894
0.82167 -0.02213
0.08138 0.97666
0.78978 0.14916
0.59963 0.33512
0.65656 0.27411
0.78718 0.73425
-0.07750 0.23187
0.73474 0.22259
0.23166 0.71536
0.78667 0.72967
0.16273 0.72668
0.02420 0.24941
0.59542 0.23676
0.77381 0.67388
0.29544 0.69647
0.56459 0.59281
0.57446 0.27050
0.20372 0.61757
0.67668 0.52829
0.55514 0.22110
-0.01765 0.58106
0.70985 0.35162
0.58895 0.48969
0.20204 0.43524
0.73710 0.22882
0.17555 0.05813
0.80666 0.05228
0.01379 0.43353
0.61972 0.35678
0.42203 0.11389
0.50374 0.72380
0.07483 0.17741
0.41330 0.50854
0.15134 0.67020
0.59434 0.43704
0.61228 0.36358
0.18754 0.69645
0.72974 0.71531
0.33498 0.20261
0.78618 0.14918
0.76716 0.30814
0.24378 0.62103
0.44884 0.41994
0.11700 0.56333
0.76955 0.61145
0.78155 0.41472
0.16343 0.52388
0.84024 0.20725
0.37895 0.69750
0.47547 0.63312
0.53878 0.05686
0.00139 0.94574
0.58722 0.71871
0.61504 0.42292
0.50681 0.13951
0.75077 0.47555
0.41958 0.42595
0.62933 0.23120
0.67946 0.27629
0.62027 0.38307
0.74999 0.40503
0.62291 0.53728
0.59656 0.17034
-0.03510 0.84597
0.03756 0.47277
0.86119 0.42497
0.70394 0.34852
0.17977 0.96029
0.23672 0.71677
0.23548 0.41322
0.32276 0.52486
0.61729 0.47428
0.57267 0.37411
0.30958 0.71420
0.56416 0.41554
0.81358 0.23093
0.56166 0.35100
0.66215 0.38469
0.38370 0.88018
0.55269 0.45135
0.54582 0.64839
0.14108 0.87647
0.28219 0.57213
0.16082 0.70035
0.13128 0.68786
0.61803 0.35572
0.68005 0.15175
0.49777 0.77105
0.62752 0.43457
0.43051 0.63361
0.53812 0.71944
0.68958 0.34059
0.80498 -0.02156
0.27995 0.03065
0.42987 0.74288
0.24072 0.60684
0.65099 0.81914
0.04740 0.35647
0.82534 -0.06891
0.66174 0.45671
0.70869 0.20690
-0.08664 0.39256
0.76502 0.63723
0.16329 0.60923
0.44404 0.45505
0.78281 0.29151
0.73472 0.38460
-0.07208 0.80869
0.28346 0.57755
0.19085 0.30488
0.16440 0.73683
0.74568 0.81784
0.71369 0.52275
0.27631 0.71089
-0.01721 0.77785
0.90585 0.34873
0.60956 0.31652
0.71240 -0.03081
0.24131 0.82260
0.77681 0.10279
0.70537 0.17195
0.57056 0.76329
0.57337 0.58932
0.23502 0.83984
0.72242 0.51324
0.17629 0.83563
0.75796 0.09601
0.09954 0.60095
0.66377 0.41733
0.62218 0.44536
0.12547 0.55525
0.19004 0.60410
0.39019 0.48664
0.77046 0.26247
0.06034 0.91646
0.14432 0.91658
0.36972 0.74376
0.61597 0.45940
0.60460 0.52396
0.73303 0.78788
0.43408 0.41207
0.55324 0.42664
0.33136 0.84361
0.54319 -0.02964
0.43017 0.58313
0.62217 0.31418
0.28606 0.63513
0.35969 0.02889
0.97497 0.35177
0.66139 0.05079
0.69404 0.21265
0.53817 0.52636
0.45062 0.40247
0.68659 0.34873
0.34706 0.21600
0.54027 0.54750
0.42303 0.75407
0.75849 0.04338
0.58059 0.86433
0.56768 0.82640
0.38828 0.85448
0.66447 0.22598
0.63259 0.50565
0.35095 0.70530
0.78867 0.26253
0.95224 0.55611
0.53036 0.56775
0.80486 0.24113
0.63451 0.13635
0.51058 0.83357
0.66141 0.56521
0.32537 0.35079
0.86528 0.24658
0.54689 0.77603
0.53728 0.42861
0.69429 0.14219
0.68873 0.19562
0.15777 0.61617
0.77360 0.48945
1.01099 0.10849
0.61015 0.42371
0.52841 0.65843
0.82244 0.63553
0.29854 0.75059
0.28779 0.45558
0.18548 0.69755
0.71070 0.82014
0.68159 0.45677
0.75842 0.21963
0.33272 0.29368
0.67415 0.47647
0.96846 0.36248
0.22063 0.61028
0.69846 0.19514
0.71333 0.32535
0.63473 0.72528
-0.18333 0.95372
0.72869 0.38293
0.21336 0.65089
0.23325 0.56267
0.48042 0.29662
0.36517 0.63995
0.23022 0.08634
-0.17662 0.91000
0.36051 -0.00672
0.61948 0.39304
0.78606 0.21141
0.49397 0.38939
-0.03873 0.67873
0.64567 0.75712
0.10679 0.09837
0.84709 0.22743
0.75435 0.21528
0.52995 0.23608
0.76311 0.73942
0.29334 0.74549
0.63944 0.80881
0.15294 0.74113
0.85370 0.39705
0.76343 0.64613
0.65070 0.78310
0.56901 0.75570
0.54097 0.71300
0.91320 0.20634
0.55291 0.70505
0.33808 0.19560
0.58959 0.38228
0.20242 0.00727
0.87976 0.47696
0.29941 0.57334
-0.02934 0.35175
0.74870 0.79281
0.76372 0.42572
0.63997 0.50749
0.80169 0.12232
0.59354 0.18397
0.03308 0.80440
0.61944 0.59701
0.10011 0.69333
0.74278 0.54740
0.05360 0.91087
0.82560 0.18352
0.65653 0.77655
-0.09720 0.33424
0.28259 0.52919
-0.08452 0.54762
0.57339 0.56705
0.23297 0.58195
0.48120 0.23552
0.59709 0.46243
0.57235 0.36424
0.57148 0.34018
0.88348 0.59547
0.66386 0.41798
0.69382 0.80211
0.41426 0.62862
0.98475 0.73190
0.36344 0.66451
0.20981 0.62758
0.90181 0.25760
0.67931 0.49041
0.70975 0.28468
0.74104 0.46035
0.07078 0.82845
0.25010 0.81262
0.15013 0.74259
0.00965 0.40395
0.64564 0.38619
0.09445 0.14334
-0.07214 0.23099
0.32713 0.59717
0.41502 0.64852
0.47909 -0.01040
0.56950 0.31747
0.30991 0.26853
0.61975 0.20392
0.65524 0.29777
0.93597 0.28838
0.79209 0.63293
0.36814 0.34670
0.47557 0.31216
0.64870 0.15046
0.14824 0.55751
0.58648 0.61039
0.69580 0.42230
0.45916 0.75500
0.13065 0.36343
0.55704 0.40846
0.69760 0.41858
-0.17086 0.90843
0.59583 0.44842
0.49045 0.25194
0.63019 0.70825
0.77104 0.76317
0.07372 0.59286
0.45111 -0.03077
0.72660 0.72257
0.33378 0.38707
0.74216 0.48497
0.77165 0.32621
0.68085 0.47909
0.16183 0.76175
0.62371 0.44312
0.59024 0.21517
0.75320 -0.03657
0.64794 0.29760
0.27427 0.64324
0.71122 0.37355
0.89102 0.19428
0.62884 0.17187
0.17016 0.79909
0.21256 0.88019
0.18440 0.79167
0.09339 0.67109
0.64818 0.93648
0.51128 0.27213
0.76920 0.25145
0.01745 0.96986
0.26052 0.53482
0.27505 0.32372
0.69570 0.29240
0.39547 0.33147
0.64369 0.26785
0.54031 0.32605
0.47929 0.60974
0.81665 0.41573
0.62514 0.15604
0.52803 0.40661
0.76424 0.28642
0.57596 0.58948
0.74779 0.11616
0.30702 0.74804
0.85041 0.22354
0.43991 0.52076
0.62445 0.59748
0.35338 0.34451
0.21585 0.73730
0.83237 0.20931
0.39503 0.36003
0.65365 0.21342
0.21321 0.62907
-0.00242 0.46307
0.81341 0.25947
0.72429 0.38057
0.47292 0.28332
0.70661 0.70280
0.67486 0.17753
0.70655 0.53815
0.57564 0.20672
-0.04034 0.88058
0.68340 0.12403
0.73275 0.27533
0.59282 0.01865
0.65825 0.50729
0.36156 -0.10249
0.78143 0.24395
0.59592 0.36166
0.50510 0.53413
0.06094 0.36228
0.75833 0.20228
0.59169 0.45154
0.59339 0.11380
0.42327 0.16949
0.42256 0.30514
0.28168 0.04848
0.54342 0.46659
0.35760 0.70586
0.87181 0.60229
0.28236 0.21442
0.62522 0.27114
0.26403 0.61674
0.76078 0.22225
0.49778 0.68081
0.53445 0.49520
0.36149 0.59719
0.85036 0.59934
0.56888 0.78199
0.88229 -0.02899
0.54787 0.32137
0.54441 0.76164
0.67882 0.00022
0.25795 0.78443
0.42496 0.07247
0.33570 0.67014
0.49772 0.69988
0.68392 -0.02583
0.55052 0.34805
0.05992 0.38075
0.67254 0.15661
0.62808 0.81442
1.19386 0.11255
0.66455 0.50526
0.34223 0.14702
0.53794 0.68071
0.53345 0.68522
0.41097 0.21390
0.62722 0.28838
0.03014 0.55129
0.65080 0.42606
0.67305 0.15559
0.32291 0.76732
0.39952 0.45164
0.34267 0.53819
0.05297 0.52493
0.70670 0.09186
0.65192 0.66350
0.71419 0.29238
0.37621 0.68157
0.78626 0.62554
0.42638 0.70180
0.57995 0.63508
-0.04360 0.36308
0.57426 0.17893
0.44224 0.12445
0.67625 0.32464
0.48449 0.61766
0.15817 0.76714
0.74071 0.62791
0.29816 0.43799
0.49152 0.55915
0.47887 0.66015
0.82128 0.04945
0.66522 0.37647
0.11206 0.82177
0.79379 0.39736
-0.19089 0.87560
0.08251 0.43894
0.90749 0.29545
0.52114 0.39772
-0.00301 0.18326
0.43641 0.49694
0.43187 0.17649
0.43493 0.49214
0.61907 0.49362
0.24666 0.58554
0.51446 0.53894
0.06539 0.20735
0.82396 0.38986
0.67876 0.63272
0.79833 0.69611
0.54533 0.44441
0.72097 0.63351
-0.07772 0.85417
0.27765 0.26117
0.93780 0.15361
0.40030 0.37166
-0.17590 0.50137
0.67553 0.59661
0.25657 0.10038
0.72294 0.08098
-0.02171 0.89634
0.37660 0.45118
0.59569 0.38319
-0.05232 0.94211
0.08790 0.35570
0.13346 0.27073
0.56739 0.54502
0.46105 0.16118
0.73061 0.45021
0.47512 0.41378
0.59720 0.14004
0.70033 0.35862
0.38072 0.39814
0.60682 0.53961
0.73690 0.60985
0.75348 0.28081
0.00172 0.69269
0.09555 0.62259
0.24215 0.82721
0.02196 0.80710
-0.01240 0.41101
-0.03538 0.75415
0.36854 0.67436
0.78796 0.50205
0.78631 0.26771
0.37797 0.79315
0.29206 0.10803
0.79461 -0.01253
0.82583 0.07924
0.12609 0.61211
0.59940 0.51866
0.55809 0.46411
0.77474 0.29508
0.15654 0.88857
0.36242 0.10259
0.36195 0.03812
0.03104 0.62643
0.52018 0.46766
0.61064 0.41922
0.57396 0.38662
0.73438 0.22025
0.67825 0.27068
0.38064 0.43178
0.09033 1.03090
0.50365 0.35264
0.66891 0.05801
0.66284 0.74768
0.06840 0.81212
0.23754 0.40625
0.49319 0.58050
0.64138 0.48289
0.74386 0.55289
-0.06389 0.86387
0.75344 0.18749
0.87610 0.16976
0.37411 0.42544
0.52596 0.27013
0.15311 0.81893
0.58641 0.59991
0.58210 0.56776
0.27822 0.63364
0.30635 0.09167
0.56804 0.36496
0.36634 0.40782
0.64807 0.30700
0.63741 0.48357
0.93694 0.25809
-0.00234 0.40747
0.56741 0.85794
0.60921 0.49762
0.56628 0.72321
0.03906 0.68615
0.42789 0.14180
0.11277 0.94646
0.23154 0.57098
0.68966 0.63524
0.85576 0.17894
0.44481 0.05235
0.75412 0.03425
0.75245 0.02429
0.50463 0.35686
0.05514 0.59536
0.35852 0.60917
0.61876 0.51703
0.52931 0.26949
0.39797 0.25933
0.90052 0.37743
0.39202 -0.06341
0.81908 0.38127
-0.01422 1.10681
0.57589 0.26124
0.27454 0.63536
-0.00813 0.88561
0.33915 0.74361
0.71200 0.35281
0.94112 0.10066
0.65962 0.57339
0.07421 0.50053
0.75822 -0.02848
0.39062 0.32092
0.73800 -0.01211
0.64115 0.77737
0.64451 0.26367
0.79190 0.24025
0.46242 0.48670
0.28076 0.77591
0.00427 0.78791
0.52733 0.75747
0.39177 0.08974
0.62359 0.15030
0.15349 0.74417
0.69031 0.73783
0.40848 0.24093
-0.12888 0.32511
0.69295 0.52832
0.15554 0.80354
0.31184 0.36835
0.36949 -0.02151
0.08861 0.66397
0.63547 0.89688
0.32662 0.71307
-0.18857 0.34494
0.56226 0.34707
0.72052 0.61943
0.67999 -0.07924
0.72725 0.35004
0.52920 0.62007
0.50120 0.68872
0.55588 0.39565
0.54429 0.61541
0.53241 0.10541
0.30635 0.27541
0.10508 0.52820
0.50461 0.88469
0.73104 0.19831
0.27715 0.42061
0.23036 0.53322
0.60205 0.32627
0.67847 0.04735
0.32111 0.11839
0.29831 0.22028
0.68228 0.45167
0.31039 0.54532
0.41689 0.04000
0.55393 0.89549
0.70705 0.42145
0.88399 0.98983
0.60432 0.66431
0.82475 0.22692
0.70141 0.68105
0.50121 0.21657
0.16814 0.64321
0.55722 0.55484
0.24047 0.00498
0.60146 0.40004
0.78060 0.39718
0.14963 0.73007
0.27842 0.43827
0.36123 0.27525
0.02309 0.63413
0.40018 0.41211
0.29043 0.07142
0.62239 0.68611
0.27818 0.66079
0.66092 0.74289
0.87570 -0.00294
0.63434 0.36142
0.68373 -0.10078
0.79375 0.62510
0.35870 0.70052
0.66378 0.31132
0.71654 0.51903
0.71385 0.50772
0.65731 0.43110
0.66047 0.87799
0.73358 0.58814
0.95732 0.26278
0.70161 0.41712
0.42219 0.54572
0.82983 0.26680
0.74155 0.70083
0.67560 0.51660
0.60234 0.67205
0.33179 0.60230
0.06326 0.86845
0.78135 0.22957
0.11513 0.93535
0.44177 0.32592
0.65392 0.42650
0.66150 0.64336
0.67191 0.39753
0.55831 0.20422
0.75174 0.17222
0.64954 0.24756
0.70437 0.54792
0.58064 0.88459
0.56480 0.46394
0.71800 0.53926
0.60642 0.94801
0.28774 0.75183
0.69768 0.89340
0.74336 0.60948
0.54938 0.17843
0.27979 0.00217
-0.10925 0.32472
0.14424 0.79840
0.77538 0.31910
0.31433 0.01844
0.63846 0.16322
0.54939 0.49327
0.51467 -0.03425
0.02100 0.72856
0.59755 0.28143
0.50060 0.29798
0.32395 0.56027
0.31355 0.08033
0.82151 0.29650
0.62026 0.47024
0.00978 0.84368
0.55960 0.44391
0.18337 0.63610
0.66526 0.27431
0.60947 0.43287
0.26966 0.68262
0.05190 0.75609
0.71485 0.02173
0.24193 0.77796
0.05683 0.85347
0.04505 0.72284
-0.00575 0.50141
0.63932 0.29330
0.28947 0.65919
0.60602 0.09222
0.19043 0.56630
0.56430 0.34493
0.11026 0.56903
0.24896 0.70712
0.12471 0.78253
0.71651 0.37964
0.67446 0.51203
0.10332 0.76249
0.51965 0.71010
0.74067 0.70556
-0.06877 0.58357
0.74651 0.72354
0.59078 0.20400
0.18997 0.81639
0.73973 0.36961
-0.10531 0.77602
-0.03923 0.17832
0.31451 1.08054
0.22866 0.69168
0.58728 0.53108
0.30374 0.65966
0.65598 0.42794
0.61917 0.02970
0.59860 0.40998
0.62649 0.41903
0.03666 0.80523
0.23446 0.65878
0.49900 0.25555
0.71274 0.33425
0.38652 0.54155
0.09509 0.34388
0.60498 0.14582
0.63288 0.20351
0.74330 0.28116
0.58587 0.40977
0.10421 0.42760
0.31023 0.56611
0.36636 0.70757
0.31272 0.66904
0.71581 0.36787
0.12813 0.75730
0.77297 0.20325
0.06963 0.30301
0.65768 0.42959
-0.03131 0.57450
0.69855 0.60526
0.39037 0.22494
0.58473 0.38413
0.75605 0.51321
0.64810 0.73971
0.61680 0.41012
0.57966 -0.08893
0.04239 0.72278
0.75136 0.22595
0.07993 0.30765
0.40871 0.90003
0.02572 0.42371
0.22970 0.91294
0.55711 0.61326
0.04406 0.60956
0.07184 0.41338
0.29086 0.49331
0.69546 0.29105
0.59205 0.28304
0.71069 0.15928
0.72248 0.17740
0.47870 0.22262
0.57613 0.43186
0.68299 0.28448
0.31201 0.09758
0.68038 0.22605
0.32585 0.43665
0.16061 0.56889
0.34285 0.58642
0.65184 0.62452
0.38614 0.13514
0.60721 0.36564
0.73224 0.94400
0.34296 0.12732
0.52207 0.55233
0.65608 0.51821
0.38511 0.38480
0.23591 0.20010
0.58144 0.79716
0.66911 0.37967
0.49245 0.06141
0.60547 0.89531
0.60587 0.31628
0.19573 0.67976
0.64992 0.49302
0.76630 0.17669
0.50457 0.28704
0.49825 0.80427
0.08476 0.64180
0.73920 0.00805
0.28936 0.38500
0.77447 0.19933
0.81902 0.22873
0.18250 0.74585
0.46895 0.24031
0.28844 0.64752
0.35141 0.83946
0.35733 0.16790
0.83331 0.66292
0.13151 0.53777
0.34956 0.52753
0.94960 0.19719
0.00745 0.84348
0.64071 0.11008
0.88911 0.60664
0.65628 0.31849
0.25040 0.63381
0.60495 0.23646
-0.04457 0.78272
0.15288 0.47495
0.30284 0.18540
0.62260 0.28048
0.72286 0.28314
0.57095 0.38975
0.24760 0.58604
0.56436 0.40797
0.65981 0.35170
0.66460 0.33729
0.73846 0.30250
0.62125 0.59321
0.16076 0.45060
0.48429 -0.00205
0.74626 0.19709
0.76752 0.32249
0.38535 0.69586
0.73415 0.57306
0.33811 0.52762
0.74808 0.09414
0.22136 0.61842
0.69463 0.78976
0.54826 0.64854
0.15802 0.71773
0.61684 0.52073
-0.02762 0.92163
0.60624 0.12827
0.60594 0.67581
0.83914 0.20105
0.57906 0.88599
0.00374 0.61949
0.79089 0.33583
0.34815 0.19236
0.80239 0.28249
0.60046 -0.00373
0.45331 0.40861
0.19036 0.75452
0.25396 0.67697
0.76662 0.00970
0.61989 0.15809
0.23522 0.38799
0.68859 0.71519
0.36921 0.21905
0.08176 0.16912
0.35198 0.81198
0.59638 0.47842
0.70062 0.10630
0.66831 0.57686
0.75211 0.35126
0.86217 0.02190
0.10388 0.70412
0.38609 0.76901
0.51255 0.17282
0.35065 0.38856
0.77288 0.35645
-0.03644 0.77037
0.30392 0.73800
0.13714 0.35851
0.56932 0.44490
0.20487 0.64145
0.05190 0.58317
0.45834 0.02775
0.57818 0.72384
0.04098 0.41873
0.72654 0.35991
0.16459 0.92769
0.74864 0.08049
0.69757 0.43780
0.67036 0.22414
0.71628 0.53023
0.29647 0.64501
0.71402 0.32301
-0.05021 0.74912
0.40258 0.30397
0.33153 0.48056
0.68547 0.88393
0.73417 0.59306
0.13834 0.80774
0.59620 0.29637
0.74455 0.43537
0.02698 1.01113
0.67967 0.36787
0.51666 0.61946
0.77939 0.67217
0.53483 0.44192
0.88789 0.83673
0.76905 0.04538
0.20290 0.77686
0.69993 0.23305
0.37071 0.23039
0.20129 0.61812
0.51741 0.67978
-0.11904 0.88018
0.24824 0.60317
0.71476 0.85501
0.64964 0.28701
0.56719 0.61802
0.48754 0.91260
0.61011 0.45046
0.71824 0.33864
0.22650 0.47631
0.72987 0.34902
0.49519 0.45346
-0.05358 0.85302
0.48210 0.42318
0.09441 0.52876
0.16134 0.52997
-0.07530 0.44802
0.54201 0.87600
0.70802 0.20348
0.37420 0.34130
0.87739 0.67507
0.06122 0.39516
-0.06750 0.88306
0.03643 0.95672
0.29332 0.74123
0.60954 0.69491
0.77105 0.78897
0.25593 0.31817
0.50495 0.38535
0.36369 0.64743
0.50039 0.51011
0.19331 0.70200
0.63133 0.68967
0.19046 0.96624
0.66590 0.33254
0.77605 0.07007
0.70219 0.37256
0.45600 0.71131
0.59448 0.29967
0.78371 0.15547
0.70100 0.56641
0.57285 0.41748
0.76060 0.48163
0.56984 0.40220
0.54637 0.79673
0.36330 0.08235
-0.12673 0.81686
0.76657 0.61419
0.55533 0.44884
0.10098 0.90125
0.17111 0.71988
0.72690 0.42753
-0.17272 0.83741
0.27088 0.31991
0.53459 0.21181
0.63294 0.33082
0.72785 0.63721
0.80394 0.76840
0.55875 0.80366
0.81718 0.23375
0.55939 0.34919
0.14431 0.72102
0.92816 0.17018
0.68901 0.11987
0.71344 0.30235
0.73274 0.26152
0.47441 -0.12351
0.82644 0.31749
0.03458 0.89588
0.36742 0.03784
-0.08639 0.53367
0.60080 0.49415
0.62394 0.01327
0.61169 0.16238
0.65760 0.56349
0.63879 0.24101
0.38238 0.75038
0.71064 0.82953
0.22155 0.49868
-0.10499 0.81933
0.72432 0.37733
0.63007 0.62704
0.18810 0.11653
-0.02068 0.94225
0.77059 0.87188
0.58254 0.21819
0.27674 0.78818
0.61285 0.61037
0.70782 0.52662
0.47912 0.82695
0.51468 0.74761
0.70409 0.31328
0.26478 0.10417
0.62228 0.35004
0.69311 0.17331
0.81499 0.46639
0.47458 0.51582
0.46502 0.94530
0.82754 0.67339
0.22946 0.54022
0.56801 0.41360
0.29930 0.56057
0.50942 0.50457
0.21827 0.43961
-0.14097 0.55541
0.70114 0.35811
0.82546 0.76047
0.77295 -0.18851
0.27505 0.63914
0.35295 0.75152
0.58413 0.25979
0.55061 0.40691
0.53054 0.07020
0.74373 0.22185
0.14517 0.78223
0.65570 0.90831
0.86815 0.14268
0.88363 0.15163
0.11366 0.81707
0.74922 0.65883
0.14397 0.63557
0.35806 -0.02383
0.31576 0.21822
0.46315 0.28352
0.51585 0.71885
0.00932 0.40592
0.17650 0.64539
0.93203 0.75289
0.22048 0.47768
0.90663 0.15680
0.55952 0.70425
0.28359 0.51165
0.30859 0.42030
0.07256 0.65182
0.71979 0.02925
0.82043 0.05033
0.80249 -0.01191
-0.12520 0.79259
0.33212 0.60724
0.59363 0.52369
0.63012 0.62213
-0.00079 0.85522
0.81730 0.22538
0.35925 0.27869
0.73300 0.28450
0.23171 0.61655
0.77246 0.42532
0.75028 0.29715
0.64384 0.16445
0.60951 0.23246
-0.10021 0.31904
0.24081 0.21036
0.67724 0.52106
0.22000 0.68982
0.29772 0.09537
0.17035 0.31501
0.77162 0.28956
0.57533 0.31824
0.80115 0.17179
0.22239 0.61010
0.59516 0.73573
0.39902 0.62208
0.64760 0.23010
0.13893 0.55747
0.46394 0.61247
-0.15111 0.39654
0.28070 0.52988
0.21744 0.62618
0.04718 0.53157
0.64699 0.69142
0.83595 0.21159
0.05963 0.47534
0.38420 0.69925
0.25970 0.72878
0.70941 0.07705
0.29927 0.63453
0.49755 0.62827
0.56467 0.12652
0.40988 0.63755
0.55465 0.21930
0.71242 0.07813
0.26345 0.55558
0.54974 0.72054
0.61088 0.29363
0.66769 0.42159
0.60782 0.58435
0.59480 0.75223
0.58978 0.43051
0.08081 0.90398
0.08032 0.51760
0.73937 0.19589
0.44017 0.22924
0.64060 0.54272
0.33798 0.18032
0.33376 0.65887
0.58283 0.57124
0.07511 0.70568
-0.08231 0.36806
-0.06066 0.76252
0.83279 0.15049
0.40418 0.53537
0.33424 0.39126
0.45186 0.49705
0.62082 0.34416
0.15943 0.63822
0.79923 0.65559
0.32601 0.05820
0.09250 0.90260
0.61141 0.03099
-0.07901 0.86034
0.34783 0.57130
0.88188 0.12136
0.65501 0.17471
0.35278 0.27991
0.61555 0.25112
0.58150 0.79653
0.31252 0.53745
0.53153 0.76474
0.39287 0.69520
0.70543 0.20795
0.36533 0.62421
0.11294 0.67599
0.75880 0.27534
0.59214 0.95955
0.61743 0.52790
0.55157 0.39287
0.74185 0.74616
-0.15903 0.90472
0.68561 0.12901
0.29880 0.28465
0.13206 0.84544
0.67464 0.12944
0.00121 0.42787
-0.03822 0.88895
0.38136 0.55460
0.41127 0.65954
0.90459 0.61371
0.72780 0.51201
0.83856 0.28575
0.30527 0.69876
0.12200 0.73246
0.55817 0.50631
0.91433 0.29221
0.86128 0.38015
0.34925 0.80538
0.95468 0.25434
0.51750 0.27269
0.63300 0.14149
0.77212 0.40958
0.84097 0.04635
0.31851 0.06090
0.36198 0.44499
0.29648 0.37085
0.49411 0.51756
0.57383 0.16676
0.83054 0.21917
0.63721 0.31339
0.31092 0.13627
0.26812 0.64907
0.81305 0.76193
0.73935 0.64069
0.34092 0.15873
0.70196 0.20627
0.17371 0.14935
0.14303 0.66477
0.19851 0.55109
0.56425 0.24584
0.04917 0.80690
0.72909 0.16340
0.73239 0.15183
0.71115 0.67341
0.21374 0.73023
0.70492 0.27937
0.57574 0.32372
0.63431 0.41819
0.64667 0.16048
0.11927 0.77696
0.73525 0.42856
0.67813 0.40171
0.19714 0.76172
0.04271 0.44440
0.63210 0.18952
0.63716 0.80906
0.15269 0.65856
0.09270 0.34164
0.22382 0.18291
0.62298 0.54275
0.95748 0.52472
0.80125 0.24716
0.74367 0.48170
0.70516 0.18845
0.59058 0.51420
0.21289 0.53549
0.68928 0.33328
0.75996 0.14693
0.43387 0.42967
0.70042 0.23210
0.16930 0.65047
0.17013 0.76397
-0.07373 1.04548
-0.11690 0.79531
0.69548 0.32874
0.02102 0.25295
0.12288 0.56375
-0.01548 0.34584
0.12993 0.54071
0.29398 0.12238
-0.12081 0.69182
0.58119 0.26091
0.81544 0.01144
0.27528 0.71658
0.56160 0.37666
0.60908 0.44719
0.77380 0.40387
0.31795 0.65528
0.27450 0.53507
0.33922 -0.12126
0.22434 0.67392
0.32025 0.71854
0.46154 0.17090
-0.05771 0.41194
0.63148 0.44890
0.12297 0.16436
0.16639 0.52505
0.04586 0.29007
0.72720 0.08872
0.18142 0.57833
0.68922 0.34406
0.77348 0.28468
0.57432 0.89550
0.38419 0.22465
0.57946 0.42911
0.38089 0.40177
0.73652 0.35859
0.75313 0.88016
0.18107 0.61290
0.23843 0.46186
0.30161 0.57423
-0.13278 0.36583
0.64491 0.21190
-0.01179 0.61518
0.15442 0.84489
0.02146 0.95093
-0.13875 0.35596
0.60964 0.85197
0.01922 0.70253
0.56133 0.04361
0.03350 0.26130
0.11526 0.85012
0.61007 0.84216
0.03241 0.43088
0.29224 0.84627
0.24919 0.55963
-0.16462 0.36245
0.55245 0.42335
0.60533 0.34945
0.00518 0.75293
0.75312 0.77976
0.64135 0.19830
0.04360 0.83358
0.54178 0.73175
0.67808 0.67046
0.57820 0.51687
0.12342 0.22817
0.43500 0.82203
0.37558 0.64224
0.35267 0.42234
0.68675 0.15515
0.06606 0.81209
0.33294 0.56454
-0.00751 0.91124
0.58713 0.77736
0.73084 0.66435
0.35043 0.69446
0.59094 0.58579
0.60344 0.50130
0.63860 0.88525
0.66998 0.39754
0.60024 0.35972
0.79622 0.28267
0.35717 0.14106
0.25969 0.63456
0.14144 0.73601
0.55809 0.38009
0.76863 -0.03557
0.34216 0.69609
0.82474 0.42762
0.59957 0.42110
0.55955 0.66841
0.13661 0.54489
0.70065 0.57519
0.36862 0.15195
0.29315 0.11752
0.63949 0.59389
0.01109 0.84528
0.11934 0.37195
0.76716 0.45508
0.72487 0.51804
0.62121 0.17109
0.40331 0.01283
0.10192 0.78233
0.22397 0.64374
0.66441 0.31679
0.15664 0.51040
-0.01813 0.93275
0.18987 0.60013
0.63063 -0.03876
0.51096 0.35403
0.45385 0.30212
1.07944 0.09227
0.62543 0.09367
0.13519 0.55655
0.35979 0.64672
0.84650 0.26662
0.74038 0.35355
0.48917 0.68259
0.70789 0.42731
0.26484 0.54100
0.23241 0.75734
0.01992 0.51397
0.60673 0.31938
0.62643 0.10044
0.69434 0.67028
0.63829 0.41408
0.79494 0.62553
0.48885 0.80271
0.30629 0.70352
0.56724 0.53206
0.79832 0.13660
0.33913 0.69059
0.69464 0.59352
0.75224 0.42689
0.54937 0.35704
0.42750 -0.00464
0.59344 0.17188
0.60659 0.88794
0.70437 0.35037
0.36338 0.72225
0.32143 0.35982
0.54624 0.46498
0.30824 0.86671
0.55194 0.59005
0.01140 0.18655
-0.00833 0.77292
0.68788 0.16771
0.32045 0.37533
0.87153 0.72848
-0.12669 0.79997
0.58034 0.45728
0.57049 0.47807
0.73169 0.42185
0.75061 0.65080
0.58128 0.25447
0.08877 0.36654
0.62620 0.36744
0.61540 0.19652
0.06896 0.70325
0.10126 0.60790
0.69793 0.40266
0.61962 0.23329
-0.04599 0.48562
0.67193 0.76221
0.81468 0.08574
0.56858 0.24308
0.39210 0.66572
0.71395 0.20982
0.75614 0.18520
-0.01610 0.61483
0.75135 0.46618
0.36066 0.53531
0.04748 0.29234
0.65686 0.13335
0.43998 0.41456
0.27885 0.40492
-0.06776 0.37111
0.78061 0.47846
0.07122 0.75499
0.57337 0.81178
0.42505 0.56033
0.85179 -0.10240
0.23280 0.65449
0.70424 0.06571
0.25105 0.76262
0.72592 0.62962
0.28865 0.04759
0.21957 0.57200
0.74165 0.08238
-0.00247 0.89399
0.65202 0.75608
0.06245 0.67469
0.30420 0.58971
0.60665 0.65258
0.09022 0.36537
0.66396 -0.00473
0.75217 0.05851
0.26521 0.74622
0.43625 0.61185
0.77656 0.76536
0.25234 0.60362
0.14536 0.77871
0.52334 0.34794
0.83688 0.14124
0.53554 0.40392
0.80641 0.27901
0.26821 0.36317
0.01510 0.87890
0.69820 0.40246
0.21466 0.35908
0.69964 0.72181
0.58313 0.13733
0.19089 1.04976
0.72207 0.52594
0.54680 0.37101
0.40685 0.07330
0.17923 0.74529
0.73314 0.81087
0.22503 0.79231
0.72407 0.32519
0.17325 0.73388
0.22368 0.76236
0.16554 0.77704
0.34148 0.74133
0.40556 0.40829
0.39782 0.67695
-0.03887 0.52300
0.70593 0.26558
0.00767 0.85018
0.07609 0.53517
0.40176 0.46638
0.44000 0.24527
0.71386 0.29535
-0.00921 0.72029
0.18960 0.51983
0.02412 0.50699
0.38162 0.60674
0.39314 0.60859
0.12942 0.66453
0.47712 0.26832
0.59410 0.52089
0.41161 0.26486
0.70939 0.36725
0.31729 0.73367
0.62247 0.24743
0.73575 0.08422
0.05698 0.56983
0.63350 0.68721
0.82589 0.24914
0.06222 0.25097
0.05882 0.20708
0.63074 0.51597
0.61040 0.14331
0.80247 0.30498
0.59864 -0.00892
0.71165 0.78344
0.37463 0.17116
0.32233 0.75065
0.62703 0.09135
0.38551 0.10174
0.54464 0.70398
0.75081 0.24420
0.61968 0.48762
0.56743 0.83515
-0.16297 0.91682
0.71071 0.32482
0.26686 0.41678
0.04716 0.56063
0.12538 0.16128
0.44101 0.05473
0.28555 0.67805
0.14503 0.93593
0.61474 0.05849
0.59747 0.43909
0.04580 0.46060
0.83243 0.55358
0.67294 0.47267
0.69052 0.52271
0.66544 0.28108
0.00847 0.32008
0.59111 0.29108
0.45957 0.34563
0.50860 0.47482
0.27450 0.60832
0.61957 0.41374
0.30834 0.57148
0.13661 0.91949
0.62204 0.31155
0.80638 0.30050
0.08633 0.63619
-0.02429 0.78372
-0.03757 0.84092
0.55960 0.54337
0.06704 0.26137
0.49534 0.33431
-0.05289 0.79638
0.40982 0.39312
0.69187 0.47240
0.59098 0.25405
0.65880 0.38133
0.33126 0.30273
0.01760 0.92955
0.68393 0.43526
0.63852 -0.09488
0.28626 0.11731
0.71940 0.06207
0.36782 0.63522
0.61581 0.53838
0.11260 0.89451
0.16994 0.55940
0.66445 0.57493
0.76876 -0.01210
-0.06206 0.87154
0.93814 0.11941
0.66845 0.39514
-0.03793 0.51468
0.06626 0.70290
-0.08189 0.85315
0.65367 0.55125
0.70169 0.74584
0.56870 0.72834
0.36928 0.73683
-0.11356 0.74166
0.62562 0.08560
0.33843 0.67727
0.20225 0.58526
0.59093 0.18027
0.30810 0.05789
0.78649 0.38948
0.86869 0.10198
0.76094 0.56096
0.07508 0.81582
-0.09425 0.92723
0.64673 0.50230
0.57469 0.83528
0.96032 -0.02529
0.79264 0.66620
0.29257 0.60195
-0.06027 0.80302
0.60341 0.26742
0.69455 0.36829
0.19010 0.74680
0.95192 0.77069
0.12922 0.60000
0.44415 -0.03157
0.70145 0.29157
0.64376 0.23914
0.70095 0.23331
0.06959 0.74450
0.37135 0.54567
0.62426 0.35574
0.73494 0.75991
0.64851 0.27413
0.57165 0.24939
0.77051 0.14505
0.64735 0.59119
0.22512 0.71760
0.80504 0.08001
0.75953 -0.01345
0.49021 0.37667
0.75494 0.26321
0.20930 0.01780
0.23034 0.65536
0.76165 0.09096
0.90498 0.19198
0.75622 0.30876
0.59711 0.37768
0.58601 0.47387
0.75301 0.50026
0.65299 -0.04179
0.69292 0.98038
0.38211 0.65732
0.51667 0.82148
0.57655 0.82617
0.80090 0.72039
0.64602 0.39569
0.80369 0.71057
0.06694 0.61384
0.09056 0.83581
0.68029 0.64718
0.66027 0.49627
0.77972 0.19895
0.67438 0.90559
0.30127 0.56636
0.57226 0.23038
0.82964 0.21893
0.13548 0.74171
0.18501 0.67679
0.68361 0.26627
0.09423 0.27616
0.71532 0.08559
0.45829 0.81471
0.72569 0.32222
0.10164 0.67254
-0.00685 0.85685
0.41400 0.07749
0.48690 0.75998
0.50968 0.15454
0.40834 0.50704
0.77601 0.28911
0.42824 0.80661
0.30145 -0.05724
0.44288 0.61586
0.35591 0.55573
0.16911 0.90913
0.69084 0.06122
0.81653 0.69098
0.35170 0.68205
0.58273 0.82350
0.67276 0.25952
0.36822 0.76059
0.86207 0.22459
0.09625 0.66351
0.18315 0.54353
0.78964 0.21032
0.64112 0.03114
0.55073 0.70699
0.27972 0.61089
0.90096 0.38832
0.18297 0.70308
0.59565 0.54877
0.62599 0.39230
0.78620 0.42084
0.46737 0.86956
0.37524 0.15436
0.52290 0.57969
0.85025 0.13883
0.25623 0.68641
0.15547 0.42935
0.32446 0.28275
1.00685 0.19501
0.19587 0.90614
0.21536 0.09977
0.77366 0.39716
0.06479 0.36396
0.39526 0.51010
0.71771 0.48790
0.65729 0.69754
0.64079 0.16475
0.64184 0.22367
0.71797 0.23141
0.49970 0.30945
0.09513 0.71646
0.47328 0.71452
0.68463 0.46820
0.32638 0.17480
0.60778 0.59901
0.31693 0.17806
0.84440 0.27533
0.08155 0.89424
0.62054 0.89717
0.17869 0.59250
0.45526 0.36378
0.58234 0.29538
0.93730 0.16719
0.08219 0.90679
-0.02640 0.95854
0.30454 0.15283
0.66251 0.41601
0.36886 0.53366
0.14616 0.64346
0.52403 0.63600
0.07784 0.60564
0.87221 0.35732
0.92887 0.31431
-0.10982 0.27648
0.60375 0.28286
0.82424 0.27678
0.89101 0.08075
0.30842 0.61434
0.76528 -0.07537
0.55472 0.75959
0.66790 0.26437
0.56764 0.39168
0.20804 0.72218
0.12558 0.51378
0.20826 -0.03983
0.30333 0.78465
0.59417 0.30905
0.53130 0.26573
0.24232 0.59427
0.72950 0.31715
0.28207 0.57445
0.59714 -0.01084
0.77311 0.31652
0.89607 0.26084
0.03416 0.65168
0.12465 0.65018
0.61868 0.27725
0.29912 0.45613
-0.00017 0.23414
0.62660 0.67469
0.68992 0.08100
0.67510 0.48761
0.16311 0.68243
0.23035 0.61584
0.64129 0.44336
0.13346 -0.01626
0.46899 0.30075
0.55985 0.35580
0.64628 0.12561
0.65150 0.41924
0.41674 0.38600
0.24807 0.50898
0.71953 0.56195
0.50676 0.50457
0.82428 0.27960
0.32673 0.33523
0.64719 0.56895
0.58192 0.30957
0.19457 0.73641
0.80750 0.53507
0.13584 0.51245
0.79080 0.39974
0.38789 0.23710
0.25600 0.22100
0.31528 0.46281
0.49272 0.02302
0.84141 0.04842
0.28979 0.52887
0.77710 0.51691
0.12011 0.62594
0.42413 0.79461
0.20443 0.71417
0.66379 0.64215
0.81344 0.09668
0.68545 0.42148
0.47246 0.43541
0.30090 0.22323
-0.08883 0.80650
0.74273 0.23639
0.80407 0.15938
0.29707 0.53441
0.66773 0.61606
0.84411 0.33929
0.38751 -0.01819
0.74997 0.59908
0.05955 0.79012
0.13881 0.33599
0.57264 0.67611
0.00657 0.67002
0.29126 0.06892
0.84209 0.28829
0.44721 0.37089
0.76690 0.55617
0.33768 0.27717
0.72667 0.64438
0.71144 0.27548
0.59347 0.31558
0.42990 0.43510
0.89377 0.32128
0.49672 0.41048
0.48775 0.53680
0.43943 0.68136
0.22189 0.83780
0.45437 0.27977
0.19969 0.33668
-0.02762 0.73763
0.61602 0.11342
0.20654 0.52279
0.40688 0.79537
0.17278 0.47578
0.70819 0.47363
0.55002 0.32030
0.40634 0.22291
0.70648 0.25996
0.45761 0.26381
0.16303 0.83392
0.77641 0.07859
0.37720 0.34134
0.90728 0.46954
0.79133 0.19306
0.79761 0.39614
0.69947 0.19018
0.71508 0.65979
0.72871 0.22895
0.68091 0.40064
-0.08140 0.78008
0.90135 -0.04604
0.40417 0.43987
0.12732 0.89639
0.59679 -0.05558
0.72034 0.31632
0.64959 0.56463
0.53391 0.61053
0.53339 0.19445
0.89026 0.52361
0.50271 0.53964
0.63935 0.25687
0.93823 0.22397
0.01627 0.23945
0.44517 0.32476
0.62870 0.20018
0.59056 0.65418
0.73250 0.18496
0.46705 0.26343
0.68680 0.30762
0.18203 0.53157
0.76325 0.16929
0.62585 0.72859
1.02176 0.14488
0.53578 0.64298
0.47398 0.37202
0.81645 0.23080
0.78372 0.20559
0.62335 0.16889
0.45407 0.15132
0.72360 0.27928
0.70883 0.52082
0.66611 0.41400
0.69122 0.21669
0.54392 0.72067
0.55906 0.04804
0.30876 0.63993
0.84655 -0.02342
0.04992 0.66780
0.58791 0.56661
0.88110 0.20796
0.09428 0.57894
0.19305 0.62984
0.15457 0.63630
0.59607 0.44326
0.49955 0.90242
0.41219 0.31582
0.68551 0.14146
0.61821 0.52743
0.60540 0.12329
0.55058 0.51975
0.64900 0.59812
0.75501 0.21499
0.57905 0.05087
0.31630 0.62024
0.57772 0.60977
0.73806 0.56653
0.91039 0.11181
0.05706 0.88848
0.65396 0.17661
0.42642 0.11588
0.45498 0.20360
0.39388 0.44058
0.46277 0.89605
0.16219 0.61594
0.13969 0.62353
0.30555 0.51913
0.17584 0.65901
0.20865 0.69549
0.41302 0.37535
0.61651 0.36473
0.31967 0.09439
0.53357 0.53051
0.32030 0.42063
0.25484 0.26595
0.68941 0.24582
0.25655 0.68446
0.12301 0.67379
0.38479 0.30685
0.00261 0.15656
0.29281 0.19580
0.24763 0.22378
0.77825 0.36290
0.63856 0.33695
0.92747 0.06490
0.67136 0.49602
0.52361 0.48271
0.55332 0.39077
0.56547 0.48720
0.32877 0.77283
0.71863 0.08202
0.64940 0.53741
0.55292 0.04236
0.55019 0.21605
0.07657 0.53551
0.91420 0.28829
0.46746 0.19290
0.71554 0.48683
0.85945 0.41941
0.13052 0.71108
0.53910 0.21768
0.70097 0.88600
0.14175 0.63772
0.49183 0.63905
0.01028 0.68118
0.68909 0.73322
0.65814 0.30075
0.76809 0.21161
0.68219 0.30687
0.08014 0.72691
0.07988 0.80500
0.57754 0.82616
0.59278 0.33512
0.69104 0.32051
0.67755 0.50515
0.61352 0.63812
0.55255 0.58410
0.51646 0.42517
0.59956 0.53555
0.10933 0.85328
0.67366 0.00597
-0.05650 0.35667
0.11343 0.88992
0.48954 0.27029
0.51379 0.51560
0.24580 0.08351
0.22466 0.62951
0.58193 0.52436
0.66635 0.29326
0.51399 -0.01444
0.63557 0.27045
0.79039 0.36174
0.58633 0.76802
0.36347 -0.09922
0.12909 0.37111
0.25919 0.64188
0.27942 0.46743
-0.00353 0.31022
0.94103 0.09889
0.43996 0.08418
0.65915 0.38601
0.69249 0.57572
0.21053 0.75046
0.65793 0.06083
0.60603 0.45345
0.53852 0.02606
0.50000 0.12618
0.22417 0.56673
0.90463 0.06044
0.87550 0.27737
0.64864 0.52560
0.73387 0.05884
0.38950 0.21742
0.22415 0.70636
0.86513 0.18561
0.64388 0.02578
0.67284 0.44530
0.03744 0.44761
0.56660 0.47666
0.69845 0.11458
0.30045 0.38811
0.29103 0.66637
0.66070 0.09963
0.04758 0.44832
0.17121 0.45363
0.35507 0.64549
0.90987 0.27397
0.66732 0.32020
0.50597 0.58331
-0.14998 0.33103
0.02347 0.31374
0.32944 0.65432
0.37570 0.04807
0.88361 0.67764
0.75259 0.31697
0.34623 0.60360
0.74808 0.45034
-0.02566 0.25527
0.77245 0.52517
0.14915 0.77251
0.72255 0.33830
0.75468 0.47509
0.44353 0.22941
0.57983 0.82188
0.76150 0.35253
0.70782 0.22945
0.38749 0.23529
0.50809 0.30982
0.69700 -0.12454
0.38480 0.59187
0.05677 0.40331
0.14184 0.38631
0.64583 0.03454
0.32278 0.44834
0.53275 0.43196
0.77827 0.14163
0.74613 0.73538
0.14976 0.63142
0.60050 0.41685
0.21633 0.78549
0.01781 0.85179
0.53750 0.61642
0.68277 0.38103
0.58833 0.34235
0.48801 0.51081
0.61838 0.48760
0.56542 0.37195
0.38150 0.35716
0.72571 0.77019
0.14534 0.25858
0.13212 0.53967
0.79065 0.39513
0.30724 -0.01226
0.57491 0.35012
0.33327 0.58916
0.77602 0.61598
0.51042 0.61114
0.76086 0.43270
0.71861 0.75582
0.09829 0.58193
0.28595 0.51884
0.21691 0.74027
0.74557 0.12748
0.84367 0.17975
0.53243 0.74978
0.27490 0.70644
0.80524 0.29209
0.68926 0.76402
0.80700 0.23388
0.69833 0.26235
0.00081 0.69855
0.09256 0.79350
0.69861 0.31004
0.41774 0.25713
0.41567 0.23154
0.75389 0.60588
0.66035 0.55243
0.66653 0.37855
0.63724 0.68718
0.30059 0.76317
0.78353 0.43494
0.48965 0.07808
0.43136 0.71188
0.68248 0.14436
-0.08551 0.84721
0.08392 0.73067
0.67790 0.41352
0.01289 0.57357
0.96472 0.20908
0.82938 0.16204
0.52158 0.51117
0.35821 0.56456
0.81380 0.61249
0.69426 0.83011
0.26259 0.57034
0.77074 0.22703
0.18862 0.55810
0.79685 0.15314
0.73558 0.15965
0.70683 0.13323
0.62467 0.01889
0.68132 0.42206
0.31949 0.40532
0.55985 0.01087
0.82997 0.41023
0.57062 0.39653
0.56239 0.27479
0.89592 0.14407
0.17286 0.33752
-0.03360 1.04572
0.69275 0.34615
0.62455 0.27172
0.14066 0.51379
0.18837 0.31590
-0.12353 0.42629
0.78293 0.68647
0.58113 0.26606
0.58344 0.63335
0.46464 0.49819
0.71801 0.45252
0.71842 0.14884
0.47739 0.39468
0.61798 0.77329
0.96772 0.34519
0.22544 0.54325
0.47972 0.68550
0.60270 0.30821
0.32502 0.60719
0.58014 0.26010
0.62282 0.47683
0.50868 0.64688
0.02297 1.04112
0.58340 0.25818
0.76356 0.51274
0.52691 0.40828
0.67449 0.03558
0.73591 0.43335
0.15688 0.39328
0.15000 0.51322
0.63668 -0.03837
0.76407 0.23895
0.93951 0.13096
0.50366 0.91144
0.63239 0.83281
0.49183 0.12716
0.71282 0.23899
0.13734 0.74165
0.12130 0.26496
0.30327 0.61861
0.60509 0.80126
0.19031 0.62853
0.74940 0.33930
0.03444 0.86838
0.31030 0.48582
0.78778 0.56882
0.48883 0.73565
0.63886 0.11373
0.71275 0.28897
0.62684 0.67422
0.60125 0.05422
0.83637 0.15606
0.00773 1.00376
0.71278 0.09297
0.61581 0.42654
0.76900 0.43291
0.94420 0.38188
0.60997 0.26486
0.46803 0.72403
0.69917 0.16796
0.86361 0.51666
-0.23558 1.04711
0.76607 0.22629
0.57375 0.58245
0.01420 0.88433
0.02331 0.11772
0.77072 0.64219
0.26448 0.79797
0.79387 0.08303
0.13884 0.80677
0.79855 0.74993
0.54291 0.16252
0.17466 0.90993
0.26538 0.54078
0.61715 0.75184
0.04995 0.77237
0.10180 0.66459
0.75823 0.30350
0.84892 0.19046
0.00748 0.52992
0.40868 -0.04160
0.53731 0.73366
-0.02436 0.05477
0.52518 0.67559
0.81900 0.05791
0.63262 0.69849
0.63601 0.09819
0.21798 0.08080
-0.01941 0.45718
0.18599 0.67144
-0.10138 0.91208
0.63012 0.14046
0.01533 0.87346
0.63357 0.29961
0.42681 0.02889
0.57739 0.46794
0.18508 0.70046
0.09549 0.33854
-0.08790 0.93721
0.31277 0.44102
0.69838 0.18576
0.39788 0.68220
0.05055 0.77622
0.81222 0.07902
0.34553 0.80484
0.56230 0.27953
0.88782 -0.00628
0.17328 0.64119
0.81112 0.51841
0.70070 0.27497
0.45049 0.28288
0.73863 0.84222
0.40606 0.68570
0.15666 0.52105
0.55805 0.39614
0.60671 0.71958
0.73658 0.40492
0.54979 0.42143
0.24303 0.76296
0.59587 0.36118
0.72386 0.23932
0.51904 0.22486
-0.02826 1.00884
0.64472 0.37192
0.24328 0.63376
0.90671 0.58374
0.27618 0.73341
0.62067 0.62499
0.44406 0.55311
0.80765 0.36435
0.42887 0.33327
0.48327 0.79630
0.64352 0.23210
0.54226 0.09803
0.39765 0.37235
0.14789 0.80519
0.63536 0.60874
0.29652 -0.02834
-0.05055 0.79694
0.82460 0.24164
0.45890 0.30683
0.42298 0.32813
0.53272 0.66613
0.93296 0.09846
0.08496 0.36683
0.52163 0.46263
0.12233 1.24897
0.61677 0.37831
0.05548 0.71062
0.42134 0.46341
0.20873 0.91546
0.64139 0.29841
0.69932 0.00550
0.66130 0.42320
0.04291 0.38247
0.60350 0.46315
0.70192 -0.02718
0.22670 0.85143
0.42069 0.02474
0.15846 0.32795
0.32343 0.56760
0.53961 0.45059
0.14838 0.88159
0.57389 0.45980
0.67833 0.48013
0.68022 0.47945
0.75266 0.05342
0.73906 0.39951
0.70734 0.24722
0.74611 0.59516
0.65834 0.53119
0.03497 0.65787
0.59831 0.72730
0.60957 0.18296
0.72891 0.40558
0.37809 0.33299
0.07008 0.68757
0.61242 0.29715
0.64189 0.61240
0.67005 0.54797
0.59377 0.26210
0.90237 0.69915
0.00170 0.20815
0.57126 0.13433
0.77061 0.14492
0.00064 0.82022
0.06499 0.31805
0.64877 0.54398
0.78173 0.43877
0.69978 0.50035
0.51043 0.31329
0.67589 0.82379
0.57340 0.52643
0.75781 0.22748
0.87644 0.19535
0.36850 0.45775
0.13243 0.58601
0.49269 0.65853
0.31522 -0.07064
0.63932 0.27101
0.27823 0.68806
0.79141 0.26131
0.15819 0.13020
-0.00342 0.72908
0.62682 0.47403
0.60331 0.58117
0.56937 0.58284
0.45795 0.52725
0.12157 0.13430
0.67765 0.39790
0.75833 0.64829
0.86521 0.25953
0.66006 0.08950
0.24698 0.75371
-0.12876 0.47028
0.76220 0.80746
0.38604 0.70004
-0.00041 0.90218
0.64823 0.11393
0.55168 0.19560
0.31057 0.57383
0.72650 -0.07479
0.27469 0.69250
0.29059 0.13169
0.04621 0.41132
0.33490 0.35367
-0.01509 0.41125
0.51443 0.76814
0.54576 0.46078
0.71214 0.65155
0.86767 0.27871
0.13741 0.73397
0.36234 0.36510
0.61973 0.21471
0.72744 0.37341
0.59069 0.13054
0.38902 0.40610
0.86746 0.35487
0.66403 0.50973
0.79329 0.51387
0.57878 0.63410
0.76321 0.25633
-0.02330 0.98780
0.76172 0.36571
0.00266 0.57474
0.55122 0.43369
0.68640 0.47143
0.63956 0.36894
0.37759 0.39824
0.42958 0.22665
0.13865 0.46331
0.56078 0.11801
0.05256 0.85543
0.65760 0.75445
0.53542 0.60441
0.79178 0.05519
0.67105 0.27163
0.12937 0.42461
0.40440 0.41919
0.73897 0.49399
0.59772 -0.04347
0.62049 0.78694
0.68636 0.21427
0.10212 0.81430
0.36136 0.34123
0.82811 0.31617
-0.08356 0.85294
0.84223 0.25259
0.58525 0.35705
0.35041 0.11366
0.50270 0.48669
0.78325 0.19922
0.11615 0.36099
0.57486 0.45670
0.27283 0.12604
0.00415 0.74783
0.20768 0.75821
0.75410 0.04787
0.71579 0.39957
0.64691 0.13251
0.43396 0.42401
0.48425 0.03991
0.62228 0.30298
0.58477 0.43778
0.78197 0.24921
0.71041 0.41474
0.44532 0.31056
0.73856 0.89808
0.66652 0.32657
0.09502 0.63217
0.48399 0.56058
0.63859 0.33045
0.49463 0.36763
0.94443 0.21049
-0.12950 0.97340
0.61052 0.04027
0.71137 0.51231
0.68124 0.73841
0.66997 0.13993
0.54879 0.68071
0.95654 0.26800
0.08472 0.77165
0.19727 0.77244
0.64799 0.61360
0.47354 0.52033
0.18272 0.77039
0.14335 0.69921
0.65402 0.24210
0.15338 0.58445
0.54130 0.45519
0.82359 0.13050
0.72773 0.46360
0.47933 0.04185
0.63637 0.48450
-0.05738 0.39850
