0.75391 0.88247
0.11481 0.36261
0.98743 0.77872
0.05497 0.36678
0.09183 0.36627
0.79604 0.82952
0.73720 0.10975
0.22852 0.99516
0.26954 0.55438
0.97705 0.59764
0.06420 0.73599
0.67078 0.76271
0.05903 0.56438
0.30855 0.62626
0.19665 0.89787
0.74249 0.05642
0.17918 0.37681
0.39507 0.03423
0.19550 0.94285
0.46524 0.96480
0.69655 0.71784
0.21972 0.05569
0.83658 0.27742
0.81833 0.61969
0.06833 0.38103
0.77408 0.59982
0.53753 0.91581
0.85852 0.60638
0.37076 0.09470
0.68992 0.80724
0.74041 0.13244
0.73452 0.62118
0.71245 0.03934
0.43155 0.92956
0.59807 0.94362
0.49135 0.93665
0.06660 0.64509
0.68753 0.74773
0.28923 0.59791
0.66593 0.75815
0.66780 0.75510
0.86601 0.13651
0.80166 0.83993
0.86591 0.69252
0.52390 0.90678
0.41341 0.67589
0.85310 0.11162
0.23883 0.02001
0.75629 0.08962
0.08502 0.68374
0.96952 0.59485
0.69775 1.02031
0.58646 0.46257
0.68548 0.68485
0.65983 0.69206
0.47356 0.92439
0.87631 0.48776
0.18053 0.35387
0.03156 0.53929
0.75680 0.61419
0.09176 0.36819
0.07497 0.55488
0.94644 0.49863
0.50896 0.97898
0.56673 0.94159
0.58840 0.96073
0.53719 0.46684
0.32561 0.17830
0.36318 0.08358
0.01634 0.75227
0.71158 0.07205
0.52286 0.63314
0.06190 0.39611
0.25692 0.70157
0.73885 0.69975
0.04188 0.73942
0.52927 0.64496
0.62649 0.34610
0.08350 0.34938
0.08670 0.36065
0.22546 0.65754
0.70380 0.67760
0.79036 0.85207
0.75407 0.05742
0.26271 0.04066
0.87681 0.50187
0.66073 1.00932
0.46472 0.69200
0.23952 0.63141
0.68032 0.97342
0.15220 0.90057
0.48261 0.60653
0.24165 0.65698
0.41794 0.71408
0.69497 0.08597
0.67923 0.71165
0.97317 0.60918
0.17806 0.87570
0.96048 0.58910
0.70075 1.01858
0.65106 0.75513
0.13238 0.86007
0.03603 0.77270
0.99269 0.75965
0.35437 0.15410
0.93082 0.82917
0.23852 0.97722
0.51238 0.57133
0.14042 0.94470
0.18235 0.05081
0.56021 0.42989
0.42612 0.72641
0.17544 0.01861
0.90096 0.81271
0.58031 1.00162
0.56874 0.98462
0.50042 0.63775
0.60136 0.30251
0.37632 0.12543
0.72143 0.72566
0.64836 0.71107
0.37002 0.12838
0.49833 0.57351
0.32424 0.07867
0.27635 0.61097
0.46437 0.20753
0.13879 0.91180
0.53566 0.88259
0.09830 0.66141
0.88717 0.83987
0.57435 0.95873
0.54823 0.47920
0.47459 0.95406
0.04783 0.77321
0.49250 0.61037
0.43473 0.95375
0.37199 0.03669
0.07931 0.67579
0.21279 0.92938
0.80813 0.33618
0.88551 0.86306
0.03339 0.56034
0.07998 0.93520
0.07763 0.66426
0.95494 0.45705
0.73376 0.04433
0.59200 0.34707
0.72299 0.65099
0.27997 0.32759
0.19783 0.95697
0.59991 0.95998
0.68829 0.02537
0.24458 0.03346
0.10919 0.92655
0.57076 0.93725
0.76322 0.13711
0.84161 0.13161
0.68245 0.78036
0.87336 0.87469
0.15614 0.90751
0.81101 0.29569
0.31735 0.15423
0.21108 0.98943
0.17822 0.32462
0.59203 0.96508
0.30374 0.36924
0.18988 0.36140
0.88961 0.50884
0.73216 0.07074
0.69887 0.76567
0.60868 0.93044
0.77697 0.06559
0.53821 0.84707
0.65153 0.07361
0.36871 0.15572
0.90512 0.63908
0.06540 0.38296
0.23955 0.97407
0.72279 1.02601
0.46233 0.15218
0.65967 -0.00002
0.48074 0.17330
0.05224 0.40971
0.06074 0.34238
0.89882 0.64878
0.88468 0.85227
0.61372 0.32286
0.73939 0.70646
0.29694 0.60471
0.80434 0.86009
0.40178 0.73028
0.61526 0.95938
0.18697 0.04148
0.25434 0.03816
0.68171 0.67214
0.93360 0.15636
0.02716 0.74061
0.92318 0.49294
0.94801 0.81663
0.21157 0.93966
0.23673 0.60484
0.57142 0.47623
0.43381 0.22021
0.47796 0.94978
0.75442 0.06358
0.48972 0.58592
0.82828 0.60318
0.97547 0.77774
0.54958 0.90418
0.06712 0.65171
0.09472 0.39725
0.97438 0.81143
0.01703 0.78492
0.33307 0.13434
0.11017 0.92506
0.68033 0.68720
0.41732 0.74238
0.18777 0.90609
0.43246 0.93360
0.89564 0.14533
0.92445 0.80793
0.45813 0.95655
0.43998 0.72032
0.57103 0.90132
0.89161 0.16217
0.65194 0.75911
0.02051 0.55669
0.74598 0.05911
0.22997 0.69065
0.19051 0.97729
0.66225 1.00227
0.52666 0.59556
0.46639 0.16747
0.14475 0.89349
0.58503 0.96321
0.50563 0.62022
0.69190 0.73848
0.67554 0.99423
0.35461 0.16667
0.79203 0.85001
0.73320 0.73710
0.63619 0.77864
0.56174 0.93052
0.45852 0.94537
0.56367 0.92505
0.58311 0.96507
0.91681 0.69626
0.26037 0.67192
0.90049 0.66745
0.55294 0.94225
0.72338 0.09320
0.97366 0.81879
0.74381 0.08513
0.19547 0.88675
0.04799 0.40766
0.76513 0.64904
0.84699 0.62576
0.44131 0.18811
0.32809 0.13957
0.20102 0.35008
0.69346 0.05938
0.70144 0.72287
0.42479 0.70325
0.91090 0.82515
0.09564 0.38678
0.09650 0.57430
0.30244 0.60451
0.05636 0.35688
0.69316 1.02258
0.48875 0.61084
0.72630 0.74021
0.22507 0.04350
0.59268 0.94556
0.44437 0.94594
0.68969 0.69614
0.49303 0.61254
0.94856 0.75922
0.51226 0.59727
0.01769 0.41356
0.05602 0.67469
0.88800 0.66979
0.62875 0.31512
0.57539 0.87614
0.98911 0.81236
0.53309 0.88429
0.76515 0.08786
0.45758 0.18389
0.63889 0.36405
0.10295 0.36967
0.15028 0.31651
0.17622 0.87983
0.28302 0.00240
0.86150 0.63060
0.95196 0.82758
0.80507 0.84506
0.05480 0.73947
0.07748 0.69129
0.76566 0.88559
0.91449 0.67002
0.43806 0.18241
0.87279 0.10403
0.08219 0.38952
0.88633 0.67067
0.05874 0.72675
0.37947 0.05624
0.70888 0.62646
0.07718 0.68263
0.67296 0.04093
0.07915 0.71234
0.75456 0.08137
0.52201 0.62532
0.16745 0.36543
0.96974 0.77000
0.54310 0.86761
0.72804 0.68342
0.66580 0.70159
0.91737 0.84616
0.27030 0.59245
0.54995 0.85901
0.12170 0.88238
0.49255 0.61636
0.52746 0.47970
0.45121 0.62687
0.82084 0.32878
0.24325 0.01084
0.97697 0.79510
0.17871 0.99505
0.65979 0.77849
0.21528 0.66708
0.08365 0.67458
0.66534 0.01369
0.22151 0.95782
0.59403 0.88597
0.71166 0.09558
0.88441 0.16158
0.05160 0.55543
0.03869 0.76522
0.89096 0.63030
0.16853 0.05260
0.69841 0.70441
0.20485 0.96688
0.52857 0.57660
0.70238 0.71236
0.76114 0.88987
0.56039 0.51674
0.06518 0.72225
0.76736 0.84831
0.36112 0.15678
0.11553 0.36733
0.31312 0.10721
0.68439 0.07241
0.75355 0.67669
0.51979 0.64264
0.24029 0.64014
0.89408 0.62823
0.32948 0.14921
0.09097 0.38684
0.04698 0.40668
0.23492 0.66236
0.14611 0.04790
0.62347 0.34430
0.76955 0.85449
0.69077 0.69437
0.50222 0.59777
0.04176 0.33839
0.79115 0.68558
0.67225 0.66362
0.52460 0.65914
0.09074 0.63457
0.64479 0.32668
0.95983 0.52244
0.92302 0.49305
0.49487 0.19896
0.56383 0.87541
0.19876 0.05382
0.51451 0.66234
0.47272 0.57663
0.78161 0.66039
0.04729 0.52653
0.88131 0.87421
0.74518 0.71336
0.87958 0.12123
0.30054 0.63609
0.30923 0.04066
0.37733 0.05788
0.07224 0.68631
0.35005 0.05812
0.68900 0.73455
0.73262 0.09869
0.48155 0.96832
0.15868 0.95654
0.08087 0.36812
0.26755 0.68270
0.87466 0.66337
0.71167 0.09487
0.58860 0.85233
0.30166 0.30918
0.96189 0.57318
0.46485 0.94697
0.64784 0.77540
0.49442 0.61379
0.19848 0.96392
0.84682 0.57827
0.19712 0.36371
0.38119 0.68532
0.70965 0.04484
0.67323 0.78276
0.65870 0.77377
0.04988 0.37757
0.65796 0.98747
0.07717 0.37080
0.75460 0.66404
0.16415 0.37193
0.17735 0.05112
0.18054 0.02192
0.55545 0.92020
0.77338 0.88076
0.96510 0.58228
0.38827 0.71402
0.96487 0.79849
0.76676 0.81837
0.07221 0.75032
0.39900 0.73219
0.97015 0.59147
0.50594 0.57937
0.18315 0.34263
0.87354 0.82857
0.31842 0.17470
0.67803 0.98315
0.89192 0.67241
0.16275 0.88543
0.72505 0.70484
0.50777 0.62178
0.44593 0.19969
0.18228 0.96873
0.87076 0.11386
0.18441 0.96119
0.04861 0.57627
0.04880 0.72943
0.24130 0.64836
0.89587 0.68772
0.77371 0.86281
0.84087 0.61803
0.70423 0.76018
0.26101 -0.00216
0.52822 0.60327
0.15567 0.88273
0.88240 0.87393
0.75996 0.10076
0.83743 0.62787
0.79250 0.64720
0.84019 0.11241
0.53188 0.47768
0.08435 0.92623
0.42032 0.72182
0.23869 0.01392
0.84484 0.28581
0.60195 0.35296
0.53728 0.60888
0.53492 0.46600
0.85820 0.63328
0.52048 0.66550
0.68786 0.05521
0.79719 0.68210
0.79446 0.84796
0.51015 0.62255
0.69000 0.72686
0.69092 0.06925
0.67785 0.06913
0.57399 0.95517
0.06305 0.53886
0.63888 0.35862
0.54116 0.46489
0.45534 0.21958
0.69558 0.03127
0.61270 0.32595
0.05894 0.65349
0.83184 0.51978
0.66261 0.83128
0.96791 0.60803
0.10180 0.66249
0.90485 0.49366
0.76828 0.85872
0.76701 0.84577
0.23152 0.65481
0.26789 0.30972
0.36487 0.14497
0.58557 0.90637
0.81465 0.65306
0.67335 0.77037
0.24142 0.67253
0.76478 0.62313
0.77207 0.06918
0.55802 0.95876
0.85807 0.86273
0.87226 0.85263
0.07958 0.39334
0.87158 0.49339
0.69080 0.76821
0.07428 0.68488
0.70987 0.03256
0.57760 0.90763
0.59826 0.33350
0.08685 0.39833
0.56522 0.47322
0.56761 0.85728
0.90105 0.17101
0.18681 0.36058
0.66824 0.73427
0.93146 0.79900
0.17694 0.86940
0.88048 0.64139
0.05553 0.35880
0.33699 0.11368
0.85363 0.47269
0.95850 0.60726
0.30264 0.56997
0.19696 0.35378
0.88150 0.87458
0.55200 0.96647
0.41532 0.96075
0.68516 0.82274
0.83738 0.28955
0.09624 0.55566
0.55273 0.43278
0.33722 0.10185
0.25313 0.01818
0.70197 0.04698
0.56108 0.97178
0.73600 0.72316
0.06945 0.40663
0.75230 0.12870
0.43728 0.16869
0.66291 0.10354
0.67577 0.79256
0.95830 0.75942
0.58583 0.85458
0.06214 0.73467
0.42501 0.72515
0.75790 0.05610
0.74526 0.66654
0.75430 0.66718
0.91143 0.69498
0.91023 0.17365
0.11243 0.94269
0.45913 0.17900
0.76120 0.08933
0.84310 0.61070
0.82229 0.61977
0.29711 0.58449
0.23537 0.61386
0.86465 0.12415
0.19347 0.35134
0.88306 0.10598
0.05080 0.76693
0.23054 0.97699
0.19310 0.34636
0.96049 0.82673
0.95967 0.56717
0.23919 0.66075
0.39743 0.69926
0.06185 0.55000
0.16521 0.86040
0.34963 0.12565
0.17038 0.90439
0.14925 0.33661
0.84622 0.60657
0.12189 0.67381
0.49930 0.63473
0.83673 0.50764
0.88913 0.87216
0.89667 0.86106
0.53261 0.87556
0.85990 0.09166
0.83202 0.11132
0.95829 0.83303
0.32651 0.06177
0.08451 0.35280
0.27267 0.61228
0.06957 0.65859
0.55320 0.34373
0.96230 0.58571
0.61979 0.34255
0.04298 0.55898
0.57398 0.93194
0.18822 0.88275
0.75374 0.67299
0.67847 0.97893
0.80046 0.25595
0.56496 0.95887
0.91187 0.67294
0.03940 0.76768
0.57671 0.89195
0.96469 0.61606
0.59168 0.31628
0.11715 0.37708
0.83759 0.11818
0.33624 0.05767
0.08331 0.39919
0.08971 0.37355
0.93608 0.50014
0.10981 0.67402
0.66273 0.72660
0.09222 0.41395
0.99692 0.58836
0.14309 0.86162
0.40758 0.68196
0.68527 0.05515
0.16869 0.38374
0.51111 0.59697
0.57995 0.94353
0.94224 0.46836
0.76210 0.67366
0.07623 0.37971
0.02692 0.56316
0.17356 0.88499
0.47956 0.19851
0.09364 0.95177
0.54959 0.93908
0.03689 0.57401
0.58617 0.37509
0.71321 0.70011
0.64741 0.74059
0.55816 0.90538
0.38774 0.72546
0.69152 0.97529
0.59047 0.92242
0.89435 0.86793
0.26071 0.31001
0.34795 0.06592
0.72291 0.74661
0.22434 0.61798
0.66644 0.77206
0.82554 0.60089
0.94229 0.53627
0.07814 0.38075
0.58336 0.85642
0.06433 0.36910
0.19773 0.04523
0.55894 0.46666
0.56065 0.46934
0.79426 0.30046
0.67430 0.99543
0.84822 0.50280
0.27954 0.29107
0.88417 0.62563
0.54799 0.96067
0.21774 0.94176
0.55554 0.89048
0.25320 0.63945
0.93082 0.65891
0.65040 0.02970
0.36638 0.09882
0.26215 0.68264
0.76924 0.87574
0.10227 0.95797
0.60127 0.94526
0.05297 0.66389
0.09844 0.38651
0.53350 0.46198
0.30512 0.57552
0.75064 0.85094
0.86808 0.57416
0.61731 0.96044
0.17819 0.96774
0.17067 0.02465
0.03593 0.73724
0.33461 0.11571
0.78176 0.60132
0.52083 0.60016
0.28305 0.57922
0.46645 0.17413
0.70777 0.70609
0.60669 0.38182
0.88339 0.86000
0.81055 0.84235
0.86416 0.81602
1.00837 0.57865
0.38291 0.10519
0.70815 0.10012
0.25243 -0.00031
0.91436 0.13785
0.09439 0.38093
0.85311 0.60191
1.02035 0.75989
0.66699 0.99203
0.66295 0.76614
0.55108 0.92363
0.40859 0.66715
0.85835 0.09680
0.41458 0.73731
0.92020 0.51309
0.10756 0.94502
0.75451 0.05865
0.25564 0.32341
0.56072 0.96441
0.19604 0.03817
0.55843 0.47703
0.69325 0.04224
0.05172 0.63331
0.11085 0.65362
0.32666 0.15739
0.73646 0.66811
0.07311 0.72442
0.50559 0.61082
0.14815 0.87900
0.73885 0.06965
0.10235 0.35581
0.69020 0.63209
0.82157 0.29802
0.32443 0.07265
0.85230 0.10037
0.40637 0.23120
0.30581 0.31830
0.50470 0.58949
0.10385 0.65257
0.57186 0.48707
0.11069 0.95548
0.26830 0.58630
0.53767 0.49137
0.84370 0.10237
0.85703 0.51970
0.89557 0.66498
0.87064 0.85428
0.18916 0.35890
0.28170 0.29524
0.07044 0.36135
0.49009 0.19892
0.65617 0.80244
0.51922 0.59217
0.71844 0.99680
0.57548 0.47162
0.26570 0.63578
0.70237 0.69668
0.09501 0.92654
0.16049 0.06437
0.04501 0.53921
0.29940 0.59041
0.70932 1.02556
0.32316 0.14207
0.86112 0.49998
0.71247 0.73332
0.66776 0.97883
0.66392 0.80036
0.69925 0.04459
0.55964 0.50489
0.71046 0.10960
0.08034 0.36367
0.69435 0.09282
0.67691 0.98003
0.75321 0.05319
0.77139 0.84817
0.07515 0.37728
0.70785 0.73610
0.39923 0.68702
0.74179 0.73744
0.18534 0.98979
0.67199 0.06350
0.11179 0.95788
0.87124 0.12665
0.70862 0.65532
0.92549 0.81834
0.08518 0.39368
0.95589 0.80775
0.29962 0.34850
0.76972 0.87200
0.56861 0.92625
0.86184 0.85644
0.08788 0.98119
0.21037 0.06400
0.70245 0.68937
0.47206 0.91598
0.12314 0.93603
0.10707 0.97499
0.60542 0.98106
0.85273 0.34177
0.97326 0.60564
0.02192 0.52843
0.08395 0.36621
0.03652 0.40711
0.45983 0.96226
0.84286 0.50567
0.43477 0.94058
0.78089 0.90060
0.50308 0.59594
0.18559 0.90038
0.43427 0.71327
0.36743 0.05740
0.22102 0.97828
0.59506 0.96274
0.71804 0.70253
0.07445 0.54651
0.57392 0.94270
0.70480 0.74252
0.15500 0.85716
0.44282 0.95616
0.19851 0.66520
0.11942 0.92996
0.91947 0.18759
0.49903 0.59429
0.24778 0.00156
0.84790 0.67653
0.04248 0.73399
0.59941 0.87404
0.43112 0.74175
0.67433 0.08256
0.70148 0.71074
0.06377 0.35539
0.57464 0.89400
0.97109 0.61286
0.95358 0.18467
0.67847 0.68677
0.90428 0.81404
0.23182 0.30657
0.57201 0.97210
0.08115 0.53709
0.16980 0.95127
0.35893 0.06783
0.51762 0.62113
0.93805 0.77301
0.46490 0.17886
0.41304 0.71487
0.88367 0.17790
0.39543 0.72779
0.59078 0.84125
0.07115 0.38368
0.55007 0.85095
0.01768 0.73087
0.69017 0.72780
0.07335 0.69470
0.69403 0.08831
0.75755 0.85304
0.95430 0.52702
0.13636 0.07255
0.34054 0.10456
0.90812 0.65698
0.36856 0.11215
1.01633 0.74785
0.60757 0.34214
0.68657 0.99783
0.14163 0.91660
0.90159 0.20153
0.18195 0.88037
0.77077 0.68694
0.71706 0.69721
0.10241 0.93377
0.52090 0.60803
0.74065 0.71875
0.85789 0.62253
0.30045 0.59401
0.26447 0.30220
0.28977 0.63018
0.23328 0.01847
0.64321 0.05753
0.59080 0.47607
0.05389 0.35124
0.85062 0.60393
0.18779 0.05596
0.72291 0.57380
0.70062 1.02398
0.27806 0.67233
0.42609 0.71385
0.68074 0.81289
0.84977 0.60536
0.76616 0.89117
0.31673 0.15492
0.05228 0.55388
0.95564 0.48839
0.58487 0.45823
0.76432 0.07850
0.98832 0.80728
0.05990 0.76976
0.40324 0.68504
0.99582 0.78657
0.69733 0.98224
0.90307 0.85901
0.26453 0.05373
0.96808 0.59343
0.72584 0.06810
0.02486 0.75750
0.91779 0.49824
0.73710 0.11001
0.14066 0.05520
0.19093 0.38003
0.50271 0.61415
0.21324 0.97237
0.18923 0.97317
0.21590 0.69232
0.11650 0.94592
0.72690 0.63194
0.47119 0.18915
0.73222 0.72568
0.60988 0.32762
0.58628 0.33511
0.70639 0.73048
0.55625 0.88954
0.26040 0.07337
0.85812 0.27440
0.56131 0.90684
0.95081 0.60411
0.83911 0.50468
0.05032 0.55056
0.42159 0.19914
0.83286 0.62793
0.66887 1.00771
0.90260 0.84239
0.06832 0.37984
0.77641 0.83368
0.86651 0.83722
0.12931 0.89738
0.67470 0.11165
0.74969 0.10638
0.34906 0.10372
0.55054 0.90980
0.78788 0.81215
0.78316 0.63354
0.89059 0.64430
0.95908 0.58611
0.71851 0.60296
0.79900 0.63612
0.24258 0.02538
0.65358 0.05513
0.23584 0.02806
0.18161 0.99830
0.51995 0.63551
0.95298 0.77715
0.27262 0.62065
0.98966 0.62388
0.95580 0.61952
0.84878 0.46572
0.24236 0.65540
0.28879 -0.00118
0.96938 0.61237
0.84376 0.49542
0.46071 0.96926
0.93368 0.15689
0.82201 0.29405
0.91500 0.14393
0.36235 0.06939
0.04830 0.33418
0.57002 0.98144
0.50157 0.58841
0.93047 0.18100
0.36648 0.09465
0.24268 0.94732
0.57093 0.47313
0.48007 0.61762
0.79420 0.08563
0.08862 0.38219
0.14134 0.94069
0.26872 0.59867
0.27432 0.62187
0.69203 0.99848
0.10478 0.94002
0.83691 0.30678
0.21930 0.06770
0.94992 0.78035
0.07935 0.56277
0.70206 0.05149
0.07014 0.34828
0.93628 0.80402
0.74804 0.59221
0.93480 0.50063
0.69019 0.03181
0.24220 0.02411
0.07966 0.36676
0.89372 0.47970
0.32398 0.12290
0.06034 0.70706
0.13846 0.89078
0.33084 0.11945
0.35776 0.06903
0.93100 0.79999
0.97628 0.49031
0.26647 0.65122
0.74034 0.65321
0.97762 0.56460
0.85733 0.12092
0.25005 -0.01327
0.17523 0.36759
0.69511 0.65221
0.67181 0.07319
0.17550 0.37785
0.56934 0.96342
0.86477 0.50424
0.71689 0.69698
0.86419 0.63570
0.67970 0.99004
0.23180 0.69130
0.73301 0.06915
0.58561 0.94433
0.18520 0.05779
0.51004 0.58567
0.17656 0.96297
0.68361 0.07583
0.73413 0.71206
0.07261 0.36340
0.27201 0.02372
0.94073 0.47266
0.55708 0.97738
0.66262 0.69460
0.69140 0.06691
0.70922 0.64423
0.27063 0.68289
0.65073 0.75487
0.79698 0.65768
0.08652 0.39885
0.72713 0.61109
0.64648 0.97813
0.05092 0.72278
0.23358 0.00677
0.84778 0.85935
0.53883 0.46358
0.65661 0.80541
0.33865 0.11644
0.10870 0.35204
0.42374 0.71799
0.17191 0.87139
0.15400 0.83757
0.58991 0.35636
0.82225 0.61338
0.57126 0.92506
0.70182 0.71011
0.02781 0.77094
0.72771 0.71488
0.35008 0.09529
0.87746 0.52362
0.72022 0.07025
0.69072 0.65170
1.01322 0.56725
0.58224 0.94610
0.61249 0.37607
0.28048 0.34023
0.18798 0.09121
0.31451 0.59994
0.71651 0.06579
0.69497 0.72722
0.91406 0.15921
0.53628 0.61499
0.77872 0.83512
0.28279 0.57835
0.50629 0.60770
0.16823 0.38355
0.55851 0.86840
0.44370 0.73077
0.19671 0.90429
0.17631 0.02719
0.78421 0.83004
0.71075 0.05614
0.72414 0.08755
0.74547 0.13551
0.92928 0.50740
0.89583 0.66962
0.76835 0.06584
0.35571 0.10311
0.58938 0.94997
0.17267 0.06259
0.77107 0.07783
0.21927 0.98986
0.97517 0.77927
0.18915 0.34435
0.20818 0.66235
0.03024 0.77857
0.99144 0.59673
0.25120 0.67116
0.55966 0.88765
0.06202 0.40036
0.73341 0.72551
0.51784 0.60252
0.03305 0.76226
0.09791 0.35619
0.08613 0.34276
0.60689 0.96234
0.55459 0.48543
0.07143 0.44728
0.79392 0.85206
0.28514 0.01374
0.76222 0.64215
0.77279 0.83046
0.18828 0.06918
0.77019 0.09859
0.78492 0.09905
0.15202 0.04976
0.34595 0.07608
0.69290 0.02794
0.08692 0.39737
0.65674 0.59710
0.68719 1.00078
0.07065 0.63665
0.23287 0.65421
0.86698 0.65766
0.15729 0.98515
0.82578 0.10318
0.16597 0.32552
0.51391 0.61180
0.18929 0.89594
0.79289 0.89123
0.55768 0.89683
0.53474 0.88400
0.76058 0.66669
0.99475 0.76423
0.86338 0.58880
0.67799 0.74116
0.70142 0.08018
0.32819 0.61898
0.58344 0.95332
0.65699 1.01535
0.68340 0.70400
0.17683 0.04535
0.47179 0.94662
0.05591 0.38167
0.43637 0.18813
0.84644 0.49023
0.87104 0.84985
0.17564 0.87873
0.66026 0.78712
0.72164 0.66518
0.59556 0.95096
0.18634 0.38232
0.54438 0.51500
0.68530 0.67197
0.50565 0.60233
0.18417 0.05503
0.76247 0.07602
0.66865 0.63745
0.67840 0.63520
0.31539 0.60015
0.87096 0.58517
0.82710 0.62630
0.97628 0.77037
0.11144 0.95074
0.11542 0.38149
0.75842 0.84933
0.56185 0.93641
0.93750 0.64658
0.09326 0.37981
0.67820 0.06196
0.18585 0.05633
0.27398 0.32830
0.19448 0.99303
0.72742 0.68451
0.19821 0.04423
0.73617 0.09229
0.43310 0.70507
0.07936 0.66476
0.65614 0.76214
0.86072 0.62107
0.17838 0.91053
0.91799 0.85186
0.90326 0.16498
0.31341 0.64087
0.07384 0.40049
0.52650 0.63126
0.03140 0.53117
0.86843 0.58291
0.17353 0.97559
0.84557 0.62453
0.83284 0.52592
0.66160 0.03595
0.15299 0.88081
0.71203 0.06563
0.99352 0.74136
0.11427 0.36197
0.07509 0.39685
0.95439 0.58341
0.28120 0.57934
0.69571 0.61120
0.65424 0.72674
0.16277 0.89727
0.88507 0.83061
0.16722 0.04645
0.75240 0.08071
0.20734 0.05647
0.94636 0.57094
0.12039 0.93923
0.87790 0.60343
0.30670 0.59981
0.87748 0.16665
0.83450 0.12427
0.73192 0.10868
0.66400 0.77654
0.85468 0.49136
0.09306 0.94426
0.92830 0.14517
0.69643 0.75390
0.76783 0.64367
0.84876 0.86083
0.05897 0.36362
0.99017 0.76917
0.78469 0.60617
0.70245 0.11487
0.32950 0.17278
0.72480 0.09866
0.67896 0.73849
0.26349 -0.00169
0.93709 0.58826
0.67725 0.73988
0.20125 0.96778
0.73400 0.05803
0.60594 0.96465
0.72476 0.07146
0.03357 0.76795
0.25762 0.67021
0.69247 0.04647
0.09005 0.38424
0.86733 0.53418
0.89828 0.84562
0.68419 0.74903
0.70288 0.63978
0.44375 0.21309
0.74367 0.66340
0.18943 0.04568
0.94204 0.78296
0.69949 0.06053
0.10507 0.38676
0.06190 0.59250
0.69274 0.08947
0.81180 0.67601
0.96078 0.80571
0.06245 0.36986
0.11631 0.94194
0.22849 0.68068
0.91291 0.17674
0.31799 0.57963
0.73464 0.07135
0.09982 0.75392
0.72501 0.62307
0.96551 0.57895
0.56044 0.95326
0.95811 0.79955
0.28150 0.32229
0.85398 0.10011
0.14762 0.36359
0.55868 0.46123
0.75266 0.10107
0.85637 0.48795
0.94009 0.16976
0.72228 0.68122
0.45175 0.21322
0.58023 0.96682
0.68929 0.60236
0.77201 0.08813
0.68625 1.00459
0.06563 0.64347
0.90226 0.64233
0.83141 0.32268
0.56999 0.85924
0.09157 0.94450
0.58226 0.36170
0.61470 0.37345
0.85245 0.50241
0.23729 0.63411
0.54675 0.87813
0.45569 0.94749
0.68862 0.71920
0.73860 0.07780
0.88294 0.48194
0.90765 0.48328
0.54620 0.88645
0.09287 0.35591
0.67318 0.66531
0.07929 0.68911
0.02832 0.57499
0.68657 0.67390
0.13341 0.93212
0.16499 0.89501
0.60625 0.94853
0.50690 0.87000
0.29596 0.35103
0.60635 0.91609
0.06765 0.65247
0.83661 0.29758
0.89993 0.12508
0.10504 0.64785
0.93819 0.50871
0.03611 0.74926
0.59458 0.93383
0.67886 0.07158
0.71825 0.73513
0.91496 0.87206
0.92720 0.15599
0.77301 0.10875
0.71557 0.06403
0.70609 0.61690
0.94782 0.49433
0.45094 0.22542
0.11083 0.68904
0.92738 0.81077
0.38280 0.07356
0.03833 0.75490
0.05384 0.79662
0.57927 0.93889
0.97950 0.79269
0.76140 0.09815
0.98244 0.76879
0.68049 0.68334
0.05082 0.54672
0.75487 0.07473
0.53312 0.45840
0.45570 0.21098
0.92115 0.68897
0.85058 0.44730
0.09684 0.64453
0.09333 0.67083
0.09983 0.39230
0.18397 0.96487
0.18875 0.35730
0.56854 0.34217
0.52035 0.85550
0.81068 0.31420
0.21663 0.02496
0.67846 0.05527
0.64840 0.79921
0.87065 0.20259
0.89059 0.63869
0.70620 0.07419
0.10473 0.92731
0.28300 0.30387
0.76352 0.67538
0.17726 0.86479
0.13251 0.35591
0.28712 0.60541
0.69190 0.62455
0.81980 0.30390
0.85590 0.10465
0.15842 0.02433
0.08110 0.37817
0.10535 0.65553
0.41162 0.70887
0.66905 0.72533
0.59492 0.94923
0.26774 0.67458
0.71009 0.67146
0.75033 0.69164
0.68547 0.74678
0.69351 0.98936
0.46937 0.16342
0.14856 0.88040
0.24430 0.01668
0.85108 0.82213
0.88369 0.85767
0.36558 0.09527
0.20573 0.96575
0.86811 0.12158
0.34257 0.05879
0.08040 0.38823
0.71558 0.58400
0.42102 0.75481
0.46978 0.96045
0.16484 0.08403
0.52925 0.61708
0.70305 0.63044
0.46463 0.96402
0.75870 0.66901
0.86927 0.11199
0.76876 0.83016
0.03025 0.74023
0.06467 0.67555
0.31473 0.14820
0.17152 0.05875
0.20861 0.95916
0.98395 0.76217
0.78143 0.86326
0.87407 0.54390
0.92809 0.56841
0.09577 0.93709
0.95142 0.59967
0.09879 0.37779
0.07108 0.41851
0.68634 0.75771
0.27364 0.04212
0.82032 0.49846
0.62296 0.33820
0.08222 0.39329
0.81391 0.27836
0.85231 0.16590
0.35169 0.04714
0.90520 0.69869
0.06317 0.40909
0.04314 0.76781
0.71802 0.10115
0.76492 0.79141
0.07752 0.55431
0.70174 0.03930
0.69372 0.09305
0.82827 0.32684
0.84604 0.51773
0.61551 0.96608
0.33377 0.30284
0.17706 0.94180
0.76585 0.67394
0.27861 0.58267
0.93299 0.81103
0.54445 0.86628
0.39187 0.71386
0.83338 0.46436
0.16813 0.40668
0.37037 0.07985
0.58076 0.33241
0.06500 0.64499
0.72051 0.58063
0.16855 0.88319
1.00393 0.61055
0.82206 0.89515
0.86608 0.63211
0.63878 0.79132
0.68888 0.61582
0.69439 0.03730
0.88906 0.84954
0.23331 0.92851
0.90071 0.64952
0.06862 0.75728
0.57990 0.94867
0.89398 0.59295
0.87195 0.09472
0.78828 0.28073
0.08257 0.37202
0.72077 0.68996
0.08453 0.39221
0.30531 0.31607
0.71489 0.06624
0.91799 0.63792
0.74030 0.70431
0.58789 0.96030
0.05133 0.56211
0.09236 0.93119
0.82177 0.28530
0.50979 0.61092
0.46586 0.96483
0.98586 0.57305
0.32704 0.11079
0.33169 0.13107
0.66508 0.72342
0.23681 0.67221
0.68088 1.01886
0.66220 0.77840
0.18251 0.97872
0.30349 0.57515
0.08373 0.37278
0.70892 0.07165
0.84076 0.59826
0.99572 0.79230
0.89846 0.83689
0.51204 0.45184
0.64135 0.33910
0.83922 0.83699
0.28938 0.62444
0.29671 0.29394
0.86626 0.11135
0.75581 0.08811
0.96627 0.59846
0.05502 0.58368
0.08840 0.40316
0.94595 0.49497
0.41236 0.72062
1.00605 0.80893
0.67173 0.97779
0.93180 0.19214
0.26439 0.05120
0.10270 0.36548
0.57378 0.43860
0.10264 0.40252
0.51390 0.62265
0.22582 0.03310
0.08098 0.37790
0.68507 0.73507
0.76767 0.86098
0.72125 0.08575
0.06612 0.65224
0.45541 0.95598
0.56919 0.95097
0.27686 0.65060
0.59960 0.33758
0.88078 0.49840
0.68448 0.68363
0.71565 0.99614
0.31184 0.61276
0.40775 0.72652
0.73044 0.68818
0.71831 0.05076
0.69010 1.03346
0.90391 0.83128
0.69000 0.05724
0.87155 0.28388
0.70599 0.62394
0.40378 0.71478
0.15876 0.96166
0.73312 0.04943
0.87151 0.83762
0.67489 0.98171
0.55894 0.43981
0.09965 0.69476
0.71210 0.58430
0.96118 0.60207
0.15169 0.05711
0.24994 0.66824
0.84330 0.09626
0.93783 0.48108
0.16068 0.88930
0.68999 0.77596
0.14209 0.86778
0.34898 0.09421
0.91295 0.46790
0.30439 0.59529
0.65920 1.02096
0.76766 0.85519
0.75592 0.10622
0.07195 0.38339
0.10550 0.35102
0.59663 0.86174
0.97915 0.80714
0.93608 0.77989
0.54283 0.45391
0.27148 0.57640
0.45909 0.97572
0.27735 0.28828
0.71030 0.13081
0.69715 0.59709
0.26911 0.56893
0.45212 0.94056
0.32735 0.13864
0.70302 0.72425
0.88002 0.47745
0.92930 0.17662
0.86262 0.54421
0.07022 0.42265
0.29512 0.58988
0.61973 0.35427
0.46046 0.94040
0.88915 0.67480
0.16135 0.87883
0.05719 0.36883
0.59165 0.47326
0.74323 0.84434
0.68596 0.59533
0.93262 0.83198
0.30345 0.62670
0.88768 0.68114
0.77367 0.87456
0.99179 0.58060
0.78088 0.84569
0.76820 0.10159
0.91388 0.84981
0.82319 0.67183
0.07942 0.40393
0.56668 0.49346
0.94068 0.80795
0.99266 0.78451
0.96749 0.59935
0.07448 0.64259
0.74209 0.69350
0.70763 0.09659
0.30933 0.12970
0.49351 0.60338
0.12684 0.89990
0.16306 0.97071
0.57868 0.96311
0.92115 0.15333
0.87033 0.15053
0.77389 0.84010
0.37107 0.08706
0.91443 0.17168
0.50336 0.61565
0.58505 0.92040
0.07389 0.55495
0.73264 0.09290
0.59198 0.94217
0.14043 0.91779
0.09354 0.92703
0.35280 0.09628
0.10438 0.39888
0.28797 0.00771
0.60961 0.33870
0.24115 0.00927
0.63950 0.76865
0.59747 0.95447
0.81502 0.56650
0.69329 1.00480
0.03155 0.37050
0.26198 0.01833
0.85188 0.13939
0.26141 0.29954
0.07522 0.69015
0.89871 0.84854
0.98090 0.77557
0.79105 0.67482
0.81171 0.28924
0.32523 0.56698
0.84908 0.62767
0.54752 0.43022
0.95598 0.58668
0.34491 0.05920
0.12928 0.33115
0.69030 0.74985
0.72456 0.10585
0.49161 0.96938
0.24461 0.34678
0.68772 0.63193
0.89757 0.66286
0.70343 0.61221
0.37626 0.07618
0.61739 0.35154
0.48089 0.20682
0.59317 0.92454
0.18234 0.07949
0.25706 0.65320
0.24508 0.67341
1.01117 0.62660
0.27420 0.64672
0.39195 0.68982
0.68686 0.73018
0.10340 0.90814
0.05948 0.38546
0.73550 0.07715
0.57146 0.86759
0.14386 0.89005
0.13118 0.92317
0.87928 0.65124
0.08928 0.36825
0.19800 0.97357
0.17094 0.90213
0.41263 0.67574
0.00758 0.75612
0.89883 0.88741
0.45650 0.20661
0.70560 0.08815
0.08915 0.41927
0.93752 0.13957
0.70442 0.69336
0.05231 0.79326
0.07063 0.38455
0.90970 0.46018
0.20251 0.35049
0.08442 0.38634
0.73359 0.07144
0.69366 0.65565
0.90320 0.68454
0.20387 0.95925
0.14404 0.88252
0.26856 0.31640
0.84705 0.49445
0.50804 0.60765
0.04746 0.74014
0.66554 0.72564
0.69689 0.06402
0.65613 0.65475
0.90964 0.17453
0.05204 0.37071
0.27236 0.63163
0.81825 0.48597
0.93433 0.79872
0.51618 0.62898
0.50448 0.61905
0.20139 0.39020
0.93658 0.48483
0.86073 0.13986
0.26133 0.60268
0.77081 0.82454
0.69442 0.04441
0.71853 0.10992
0.50000 0.60721
0.21960 0.35318
0.75479 0.08034
0.67146 0.75715
0.96252 0.78381
0.14317 0.89184
0.72734 0.71903
0.83723 0.59692
0.97206 0.76959
0.75491 0.08723
0.80422 0.11334
0.99059 0.75925
0.85495 0.11789
0.22431 0.64550
0.83207 0.51013
0.07602 0.68936
0.68316 0.11537
0.83177 0.30215
0.06182 0.55735
0.52033 0.52465
0.74733 0.64399
0.67323 0.75693
0.45643 0.95037
0.69412 0.67838
0.62189 0.36495
0.57871 0.36700
0.57204 0.92961
0.57185 0.95497
0.68894 0.78209
0.15919 0.36753
0.11602 0.53869
0.39394 0.72193
0.68871 0.59433
0.10869 0.33658
0.32708 0.10961
0.88992 0.83044
0.73324 0.06080
0.34719 0.07055
0.68339 0.07568
0.51467 0.62452
0.67120 0.05119
0.71149 0.70651
0.17443 0.90905
0.52268 0.62085
0.58813 0.98264
0.60113 0.98789
0.49762 0.57439
0.57789 0.47919
0.45247 0.96082
0.12178 0.04339
0.67250 1.00653
0.37931 0.13592
0.75341 0.10253
0.05995 0.38940
0.46258 0.97448
0.86493 0.52168
0.90102 0.64515
0.12750 0.35634
0.43652 0.22337
0.74037 0.08411
0.92368 0.85336
0.87245 0.48143
0.74146 0.64462
0.16688 0.07244
0.28516 0.55079
0.04112 0.53381
0.08509 0.36573
0.61245 0.32019
0.92013 0.15633
0.24786 -0.00609
0.31937 0.14348
0.79714 0.86782
0.70707 0.69616
0.85929 0.62871
0.84341 0.51846
0.43529 0.21995
0.93646 0.83115
0.46003 0.96207
0.19404 0.36773
0.05867 0.78254
0.92440 0.80090
0.74978 0.08581
0.63698 0.38295
0.73794 0.70376
0.79848 0.29735
0.71467 0.68430
0.12670 0.89189
0.09410 0.38110
0.84526 0.85194
0.84100 0.28662
0.03423 0.74156
0.60130 0.33450
0.04684 0.53868
0.57550 0.95283
0.23309 0.01335
0.50264 0.61689
0.85995 0.10994
0.35899 0.11467
0.49880 0.89626
0.53089 0.59881
0.87872 0.67631
0.09395 0.68405
0.58983 0.93734
0.55075 0.94905
0.56964 0.48723
0.83071 0.27465
0.69323 0.71789
0.75713 0.84997
0.93585 0.49556
0.16518 0.91730
0.73637 0.08548
0.37543 0.10442
0.39633 0.71894
0.30485 0.01941
0.57620 0.91919
1.01320 0.74171
0.83619 0.62743
0.06109 0.40628
0.70919 0.62928
0.16280 0.07075
0.66325 0.78203
0.55946 0.83965
0.07683 0.38690
0.84060 0.48995
0.30608 0.18847
0.54221 0.47735
0.05562 0.57206
0.70480 0.70106
0.31763 0.31490
0.69327 0.04602
0.65590 0.99858
0.35157 0.11649
0.07595 0.66755
0.83429 0.31247
0.92306 0.49379
0.98014 0.61989
0.70965 0.70462
0.82873 0.12946
0.22885 0.64916
0.36133 0.13422
0.16902 0.04907
0.12093 0.94192
0.86573 0.47681
0.17595 0.05938
0.34676 0.14059
0.57388 0.47052
0.39687 0.71862
0.56802 0.93907
0.75217 0.09310
0.67335 0.68638
0.75817 0.67470
0.19978 0.97058
0.66475 0.69941
0.35084 0.07215
0.84271 0.48968
0.78524 0.83411
0.80661 0.82671
0.32882 0.15310
0.93944 0.77995
0.45966 0.96500
0.68765 0.68141
0.08329 0.40287
0.10881 0.37768
0.95247 0.49663
0.70560 0.68925
0.70795 0.70679
0.77569 0.60304
0.84775 0.55763
0.23022 0.00955
0.65901 0.05482
0.81828 0.62041
0.97081 0.78492
0.03706 0.73554
0.42999 0.17151
0.37788 0.69872
0.53259 0.85410
0.27260 0.33061
0.59748 0.96878
0.47672 0.18121
0.55476 0.46940
0.89648 0.63479
0.10106 0.63619
0.89805 0.86864
0.71038 0.97746
0.17441 0.92777
0.49944 0.95110
0.26987 0.02446
0.09515 0.37096
0.72599 0.07173
0.29077 0.54840
0.83848 0.31789
0.82364 0.29760
0.71519 0.08240
0.41858 0.72912
0.79559 0.09433
0.02128 0.72122
0.80458 0.33986
0.26119 -0.00532
0.66920 0.75326
0.48394 0.98715
0.49758 0.61515
0.15686 0.35798
0.83096 0.28011
0.47224 0.17946
0.10061 0.37697
0.71087 0.61427
0.72046 0.05564
0.64064 0.75552
0.96034 0.60212
0.92154 0.50994
0.15896 0.90416
0.56688 0.96364
0.06017 0.37233
0.71938 0.73409
0.68487 0.99764
0.18087 0.88848
0.88491 0.80253
0.88921 0.49441
0.16783 0.37169
0.47761 0.97326
0.21367 -0.00892
0.05362 0.34948
0.49964 0.21796
0.52029 0.60738
0.85531 0.46932
0.33598 0.06970
0.68229 1.03095
0.50316 0.44320
0.10249 0.35954
0.18616 0.05069
0.99241 0.79977
0.71806 0.74372
0.78731 0.67800
0.66476 0.79149
0.14023 0.07541
0.84270 0.49662
0.63681 0.36151
0.70975 0.69297
0.90636 0.49368
0.67476 0.78916
0.35320 0.08544
0.39082 0.96026
0.65348 0.03936
0.05759 0.75953
0.84361 0.49255
0.63212 0.34973
0.33714 0.13187
0.20806 0.96229
0.08271 0.59531
0.09346 0.42613
0.78482 0.07869
0.70263 0.07559
0.67747 0.07675
0.54067 0.48664
0.72642 0.12365
0.49167 0.59728
0.10696 0.38256
0.94937 0.79750
0.06806 0.55195
0.58389 0.36090
0.32940 0.06203
0.08499 0.38976
0.01619 0.56540
0.86156 0.13076
0.70927 0.03393
0.08866 0.53602
0.75143 0.10870
0.90483 0.16088
0.39236 0.70111
0.38786 0.12687
0.16416 0.36739
0.04778 0.64693
0.04679 0.51088
0.32199 0.12053
0.69819 0.12005
0.26278 0.64134
0.95031 0.16132
0.82430 0.30917
0.66756 0.68801
0.06046 0.40273
0.18298 0.02314
0.89235 0.83510
0.75930 0.83224
0.15419 0.38995
0.68266 0.97718
0.27551 0.32196
0.94676 0.47888
0.17989 0.88821
0.01882 0.54518
0.69563 0.78202
0.02112 0.56649
0.69822 0.62204
0.53310 0.88088
0.95725 0.15919
0.29918 0.58911
0.09621 0.90904
0.09325 0.40704
0.81536 0.29938
0.13101 0.63929
0.71518 0.70633
0.14910 0.88843
0.75989 0.08563
0.58333 0.93276
0.20306 0.39747
0.58529 0.97794
0.24556 0.02487
0.99211 0.60349
0.68107 0.98798
0.42681 0.21087
0.24957 0.03172
0.75802 0.10296
0.93427 0.46279
0.26928 0.01760
0.42968 0.18945
0.50985 0.60719
0.57640 0.95171
0.30406 0.33202
0.17134 0.04961
0.66797 0.67500
0.44988 0.71445
0.25195 0.02208
0.77480 0.67113
0.40966 0.73353
0.45265 0.71796
0.71845 0.72691
0.08121 0.36717
0.33931 0.10696
0.82902 0.29407
0.93721 0.79850
0.71562 0.67472
0.85931 0.83768
0.44152 0.62269
0.81553 0.28142
0.29745 0.33135
0.70846 0.07196
0.08131 0.74797
0.76374 0.67327
0.71669 0.02738
0.18422 0.05687
0.56179 0.49958
0.17224 0.03756
0.72427 0.70392
0.74946 0.05053
0.14116 0.88867
0.49128 0.62804
0.74878 0.67072
0.90351 0.16850
0.16362 0.09712
0.58024 0.87075
0.86784 0.10550
0.89604 0.66505
0.43100 0.19792
0.87003 0.63158
0.92444 0.47290
0.86743 0.86606
0.50519 0.60331
0.75532 0.64470
0.45230 0.19594
0.70899 0.97776
0.76310 0.66876
0.37316 0.71954
0.25183 0.02191
0.41576 0.75840
0.33063 0.06316
0.63490 0.77544
0.85853 0.62122
0.91702 0.19582
0.67662 0.03072
0.56066 0.88007
0.98282 0.60688
0.62862 0.95901
0.79019 0.27478
0.04221 0.56383
0.93940 0.16083
0.98056 0.78735
0.75436 0.09390
0.87747 0.66633
0.19298 0.97570
0.55330 0.86134
0.82827 0.68951
0.83898 0.12869
0.48024 0.97065
0.92169 0.11870
0.23277 0.02482
0.72590 0.66162
0.52614 0.61896
0.59717 0.96066
0.61748 0.35303
0.05905 0.71707
0.19997 0.93598
0.57461 0.95869
0.43805 0.19996
0.72376 0.71379
0.46814 0.96169
0.40090 0.72639
0.76641 0.06599
0.24580 0.61691
0.08577 0.35605
0.91828 0.53886
0.20610 0.05848
0.29819 0.59842
0.58695 0.85415
0.82085 0.30033
0.75288 0.06463
0.08411 0.38119
0.98333 0.57563
0.88980 0.84242
0.74013 0.07248
0.07617 0.35062
0.97677 0.60810
0.07553 0.96106
0.60384 0.92350
0.53797 0.57267
0.74929 0.12555
0.78780 0.08953
0.69286 0.68416
0.77091 0.08397
0.60665 0.29681
0.56668 0.85867
0.35784 0.12999
0.34742 0.06792
0.84777 0.50281
0.67760 0.77350
0.52653 0.60957
0.32599 0.12767
0.06653 0.50988
0.90856 0.47471
0.15660 0.90667
0.84981 0.61414
0.33136 0.14672
0.45574 0.92985
0.07096 0.74413
0.49034 0.95922
0.94583 0.81563
0.73339 0.58983
0.72455 0.09134
1.00498 0.58259
0.07839 0.34046
0.92672 0.65225
0.05772 0.62162
0.40209 0.72922
0.51499 0.89503
0.25353 -0.01244
0.82495 0.31507
0.54626 0.46702
0.71784 0.63058
0.03674 0.37135
0.82513 0.35172
0.86297 0.10995
0.83074 0.28323
0.49106 0.97730
0.86531 0.47098
0.45482 0.96564
0.07504 0.43624
0.43746 0.71028
0.67956 1.00549
0.93222 0.14627
0.46734 0.64448
0.20528 0.35412
0.70631 0.72750
0.36647 0.08628
0.06422 0.50115
0.33593 0.04539
0.77294 0.65012
0.80914 0.30709
0.69138 0.69042
0.04670 0.73274
0.06668 0.72730
0.50597 0.94288
0.68038 0.82402
0.47615 0.59263
0.55327 0.88571
0.19622 0.92390
0.68369 0.09832
0.62647 0.33904
0.18198 0.35744
0.40803 0.72084
1.01558 0.81214
0.70363 0.64042
0.59072 0.93838
0.68156 0.68133
0.68958 0.72947
0.28175 0.34082
0.15642 0.87501
0.69802 0.69681
0.28627 0.01842
0.08794 0.97098
0.75251 0.08069
0.25098 0.92715
0.16956 0.90794
0.92807 0.78194
0.67537 0.05398
0.36909 0.09162
0.32177 0.31779
0.88078 0.20901
0.49956 0.63881
0.99526 0.76048
0.08760 0.34206
0.89697 0.85992
0.51187 0.57119
0.12385 0.33627
0.33641 0.12224
0.93359 0.67538
0.55550 0.93512
0.64492 0.73214
0.57290 0.50240
0.01839 0.55830
0.74573 0.10814
0.97156 0.59292
0.56784 0.59496
0.12544 0.96089
0.80823 0.28545
0.92466 0.48725
0.06330 0.58330
0.31880 0.12516
0.07829 0.39459
0.74689 0.69693
0.07756 0.66814
0.97261 0.77783
0.73476 0.99725
0.85645 0.60491
0.22549 0.00315
0.27749 0.57204
0.49413 0.18062
0.22307 0.68204
0.07579 0.36056
0.85203 0.48460
0.89058 0.86141
0.34088 0.14059
0.06989 0.40126
0.59979 0.37101
0.27054 0.02940
0.59015 0.96753
0.89862 0.85515
0.89559 0.67130
0.17981 0.07594
0.44384 0.17986
0.34724 0.11450
0.66967 0.78255
0.77352 0.13223
0.48375 0.19490
0.77143 0.08843
0.60539 0.38005
0.68288 1.02281
0.04662 0.40329
0.94321 0.17554
0.06824 0.38684
0.69197 0.63070
0.05674 0.78495
0.69584 0.08216
0.76039 0.09866
0.02411 0.73496
0.67987 0.70101
0.75809 0.82576
0.73049 0.65176
0.15632 0.05925
0.68271 0.98015
0.51187 0.59224
0.73658 0.67350
0.57325 0.31652
0.86938 0.12520
0.70021 1.01266
0.11025 0.92717
0.55380 0.47432
0.79685 0.86228
0.05491 0.75949
0.48564 0.58129
0.08304 0.38196
0.33110 0.11738
0.92481 0.65988
0.45746 0.22462
0.40857 0.17586
0.83453 0.58904
0.75675 0.85389
0.60478 0.33666
0.82962 0.28046
0.96690 0.60888
0.08094 0.67413
0.72800 0.11194
0.29610 0.59630
0.80170 0.26807
0.87106 0.69530
0.75525 0.09654
0.92755 0.45331
0.30469 0.61180
0.95554 0.81808
0.33058 0.13364
0.76925 0.64833
0.17983 0.32681
0.49291 0.58639
0.70895 0.62060
0.82437 0.08390
0.76878 0.64512
0.57331 0.91112
0.81028 0.34819
0.61306 0.92576
0.74774 0.03846
0.43350 0.71307
0.05805 0.75606
0.49929 0.61885
0.17135 0.93577
0.23825 0.03095
0.74172 0.08719
0.19157 0.91034
0.73259 0.08428
0.55676 0.88782
0.92245 0.81720
0.91459 0.18718
0.74228 0.64240
0.85522 0.50125
0.55705 0.47048
0.85186 0.45174
0.51405 0.45488
0.85311 0.63727
0.51455 0.61338
0.87624 0.49115
0.08271 0.41955
0.67684 0.77466
0.69507 0.97811
0.10235 0.94231
0.44968 0.19703
0.67508 0.06271
0.38887 0.76272
0.98139 0.77583
0.04864 0.39416
0.22322 0.99604
0.35864 0.04081
0.34094 0.04829
0.59846 0.96831
0.41373 0.72018
0.95963 0.79471
0.24052 0.03527
0.54597 0.47697
0.47128 0.20550
0.89139 0.85777
0.72213 0.78262
0.94705 0.77449
0.82499 0.27320
0.14605 0.89096
0.91451 0.69786
1.00244 0.77196
0.12097 0.91741
0.78453 0.10780
0.76810 0.66999
0.84426 0.59290
0.52185 0.57556
0.76199 0.12402
0.86909 0.85362
0.47246 0.21147
0.84324 0.27243
0.06196 0.58440
0.19997 0.37530
0.66868 0.97244
0.93237 0.17235
0.25791 0.62749
0.10576 0.65050
0.94465 0.48657
0.91475 0.50053
0.72932 0.04031
0.66316 0.07638
0.04570 0.66856
0.93993 0.17888
0.81468 0.28694
0.70325 1.01694
0.68434 0.76783
0.70420 0.72426
0.87908 0.81448
0.83368 0.29903
0.02460 0.73793
0.99409 0.76437
0.03221 0.58028
0.44992 0.96928
0.40938 0.68456
0.75323 0.07859
0.94001 0.62438
0.20643 0.38450
0.70396 0.70282
0.83132 0.27266
0.47764 0.60569
0.88986 0.64469
0.56851 0.95444
0.64695 0.81516
0.49315 1.00488
0.83517 0.09880
0.91452 0.15367
0.47462 0.19383
0.19175 0.33379
0.62870 0.78698
0.43929 0.17156
0.27779 0.29885
0.89783 0.68701
0.83285 0.48264
0.84378 0.49699
0.81876 0.25702
0.67496 0.04693
0.37477 0.72438
0.25903 0.65626
0.07122 0.70485
0.65949 0.97547
0.81945 0.25062
0.54150 0.89486
0.92531 0.14035
0.89666 0.82524
0.94497 0.83581
0.15487 0.96164
0.77383 0.70585
0.88054 0.84876
0.25578 0.30646
0.10926 0.91853
0.14808 0.92216
0.77346 0.87516
0.99758 0.78911
0.50178 0.60096
0.71211 0.75374
0.30305 0.31659
0.04313 0.68321
0.68474 0.81407
0.28063 0.35374
0.18996 0.96081
0.09919 0.93746
0.12311 0.94422
0.53990 0.49298
0.06087 0.66430
0.02474 0.41034
0.76964 0.07628
0.70073 0.77174
0.04056 0.72130
0.66611 0.11494
0.90788 0.17052
0.57882 0.90263
0.74098 0.11672
0.24087 0.00429
0.20119 0.04943
0.58298 0.46128
0.34738 0.15000
0.86419 0.81354
0.97945 0.77687
0.50630 0.62550
0.74745 0.63555
0.73544 0.67261
0.87636 0.50057
0.67498 0.69096
0.73811 0.85383
0.56371 0.46798
0.09052 0.56996
0.85073 0.84005
0.17659 0.35240
0.87766 0.11839
0.55096 0.45208
0.65784 0.75225
0.51958 0.62471
0.91465 0.87358
0.85154 0.08530
0.30532 0.30372
0.27643 0.31854
0.45464 0.17704
0.73465 0.11388
0.63936 0.34010
0.44300 0.73962
0.91819 0.49486
0.07317 0.78211
0.25900 0.30136
0.68534 0.09441
0.35584 0.14394
0.22204 0.05290
0.69852 0.70262
0.53236 0.58441
0.18773 0.38754
0.41656 0.72897
0.70040 0.07691
0.16775 0.04611
0.60509 0.32105
0.70448 0.79479
0.09648 0.64911
0.57397 0.47886
0.10311 0.39922
0.20419 0.91811
0.76697 0.07066
0.19864 0.94271
0.72411 0.64960
0.16486 0.35146
0.67734 0.73686
0.55225 0.43103
0.92349 0.52001
0.05753 0.43262
0.54314 0.88776
0.84702 0.57942
0.31286 0.07797
0.07414 0.72024
0.93897 0.78133
0.09687 0.38410
0.36685 0.08053
0.61024 0.91496
0.04634 0.37736
0.80579 0.30163
0.72415 0.07596
0.85403 0.31490
0.49776 0.62229
0.89494 0.16762
0.61155 0.89955
0.91063 0.68042
0.56786 0.43862
0.10119 0.33616
0.56448 0.96020
0.82600 0.49434
0.25407 0.02016
0.87773 0.20218
0.56419 0.88749
0.81498 0.64555
0.86204 0.28872
0.49629 0.18806
0.17806 0.96617
0.58891 0.45504
0.13928 0.93244
0.54771 0.90383
0.72211 0.09075
0.50871 0.57344
0.87895 0.68474
0.25288 0.00688
0.14449 0.89773
0.94732 0.14179
0.49328 0.61473
0.36012 0.04796
0.72326 0.68992
0.13850 0.90800
0.07296 0.36524
0.75433 0.86112
0.72645 0.61009
0.56250 0.95878
0.14540 0.83792
0.61605 0.94507
0.86911 0.11377
0.27115 0.05138
0.68448 0.04754
0.40514 0.69395
0.86192 0.48720
0.28211 0.57963
0.70950 0.61372
0.25198 0.01086
0.28716 0.31790
0.70903 0.75743
0.27658 0.63730
0.50848 0.61636
0.30334 0.27468
0.13840 0.89123
0.89793 0.66483
0.34243 0.17065
0.77887 0.62921
0.26978 0.34391
0.73659 0.60896
0.69823 0.72826
0.71063 0.59874
0.52524 0.60017
0.71529 0.71553
0.54791 0.36165
0.69517 0.72699
0.84664 0.30415
0.25749 0.63231
0.73481 0.11051
0.26957 0.02602
0.84949 0.62445
0.70990 0.73302
0.41980 0.71818
0.27719 0.31170
0.76257 0.06634
0.90954 0.50168
0.65413 0.05348
0.46300 0.18092
0.73841 0.07411
0.46987 0.97343
0.16424 0.87731
0.47567 0.98066
0.09888 0.68923
0.69278 0.06552
0.02695 0.36565
0.17400 0.33283
0.35134 0.08472
0.84667 0.31568
0.79587 0.31386
0.48567 0.21841
0.17372 0.02544
0.15242 0.89286
0.54144 0.90423
0.09615 0.69425
0.58503 0.33499
0.22253 0.98110
0.69444 0.72943
0.75699 0.83279
0.17293 0.35121
0.90075 0.67002
0.70050 0.08489
0.30901 0.56875
0.09999 0.37228
0.58214 0.95784
0.70483 0.59902
0.94405 0.58604
0.21052 0.67176
0.14873 0.37925
0.85183 0.11516
0.12624 0.90691
0.92442 0.14642
0.72620 0.10599
0.10143 0.39245
0.84867 0.62249
0.32225 0.31413
0.10169 0.43255
0.53147 0.47661
0.95128 0.61667
0.53556 0.61297
0.05672 0.37925
0.07640 0.68098
0.19917 0.35516
0.66481 0.65612
0.05949 0.36388
0.67248 0.72608
1.01717 0.81654
0.54750 0.86124
0.71227 0.99197
0.74466 0.63991
0.83301 0.28788
0.97837 0.76595
0.77913 0.87268
0.06181 0.39626
0.04549 0.74626
0.66294 0.79637
0.03322 0.75144
0.67870 0.71753
0.27034 0.66192
0.44039 0.99409
0.08574 0.66241
0.57100 0.44519
0.86025 0.61587
0.45993 0.95198
0.35804 0.10718
0.67875 0.78810
0.74203 0.09722
0.64548 0.66806
0.70234 0.73751
0.91546 0.16241
0.92765 0.83840
0.11379 0.36077
0.76336 0.73280
0.84189 0.28010
0.47998 0.57628
0.92286 0.50547
0.93112 0.50684
0.91770 0.20197
0.93304 0.49889
0.54951 0.46349
0.76891 0.65677
0.85703 0.48745
0.25237 0.02891
0.72513 0.06699
0.56934 0.46573
0.06434 0.42302
0.03125 0.76145
0.55502 0.48421
0.74935 0.10166
0.04348 0.57691
0.56326 0.90203
0.73155 0.10874
0.82265 0.11543
0.56225 0.86775
0.31533 0.14260
0.95940 0.51076
0.26528 0.66703
0.67686 0.97844
0.86866 0.63273
0.71180 0.99164
0.04101 0.56878
0.15793 0.02174
0.07827 0.38103
0.09539 0.38064
0.33502 0.06607
0.76228 0.86938
0.71816 0.61363
0.84932 0.14126
0.31160 0.59292
0.31283 0.31652
0.71768 1.01815
0.91279 0.17187
0.72636 0.04764
0.09044 0.63076
0.72714 0.60352
0.08824 0.35225
0.32224 0.61225
0.74996 0.85976
0.72913 0.98322
0.68094 0.69922
0.74624 0.10808
0.22285 1.01236
0.85710 0.48728
0.46249 0.21994
0.45744 0.15632
1.00131 0.75604
0.95809 0.79688
0.13206 0.85030
0.87519 0.66582
0.04971 0.42382
0.84286 0.27967
0.44455 0.70561
0.76798 0.65692
0.27211 0.25256
0.67344 0.97945
0.18712 0.07090
0.03953 0.54759
0.67225 0.73513
0.04948 0.77211
0.26529 0.32581
0.75702 0.85754
0.92832 0.50874
0.10633 0.40460
0.67097 0.08932
0.49010 0.95891
0.50447 0.19866
0.66487 0.70282
0.71702 0.61150
0.51505 0.60306
0.32065 0.16221
0.77822 0.66091
0.45504 0.95859
0.40223 0.72225
0.66856 0.98898
0.95954 0.49529
0.85428 0.59859
0.94595 0.79284
0.54637 0.61041
0.39817 0.72623
0.75032 0.61023
0.54299 0.98159
0.90166 0.68262
0.65903 0.73972
0.92901 0.84247
0.94651 0.86883
0.59989 0.40746
0.70090 0.11469
0.06786 0.39408
0.74639 0.01143
0.08604 0.36311
0.84232 0.48242
0.07731 0.39489
0.71850 0.59335
0.50425 0.61429
0.42577 0.24004
0.06069 0.37674
0.12302 0.92421
0.61916 0.34135
0.38957 0.07218
0.38454 0.73571
0.92643 0.66004
0.52547 0.61178
0.76558 0.65678
0.66540 0.02964
0.18583 0.39050
0.03607 0.55807
0.76116 0.10852
0.65739 1.01968
0.97982 0.59991
0.59552 0.94962
0.29659 0.12287
0.10308 0.66552
0.51030 0.62267
0.95364 0.78693
0.55020 0.86962
0.80903 0.83594
0.53740 0.60478
0.91993 0.66963
0.48075 0.59439
0.07630 0.38088
0.64489 0.66523
0.04035 0.66727
0.06309 0.39778
0.50767 0.88416
0.11409 0.95352
0.09677 0.38398
0.49054 0.61839
0.64179 0.80604
0.95821 0.78308
0.29146 0.59081
0.29530 0.30107
0.07147 0.38698
0.10343 0.91819
0.98023 0.77173
0.47575 0.92150
0.19447 0.36256
0.69338 0.98313
0.85723 0.62584
0.16974 0.92770
0.96637 0.77704
0.59525 0.91964
0.69336 0.68233
0.04119 0.57682
0.05591 0.74010
0.49904 0.96548
0.31306 0.58670
0.05978 0.38053
0.58100 0.92989
0.19610 0.96687
0.13002 0.95348
0.79252 0.85473
0.31030 0.31657
0.76449 0.10703
0.60579 0.34533
0.99705 0.75015
1.00785 0.76369
0.77486 0.61031
0.22928 0.65810
0.83639 0.50895
0.36998 0.07710
0.70486 0.07873
0.69201 0.02721
0.56597 0.52955
0.85747 0.54384
0.71045 0.72340
0.18557 0.98219
0.50403 0.60165
0.36950 0.11337
0.82870 0.14984
0.14352 0.86017
0.05102 0.39731
0.29102 0.62630
0.53838 0.88393
0.82403 0.11819
0.91768 0.16822
0.06565 0.55451
0.29366 0.01546
0.76504 0.85919
0.05741 0.39284
0.95695 0.49239
0.70140 0.08541
0.82727 0.50962
0.25553 0.01499
0.04674 0.76112
0.51692 0.61065
0.72443 0.64061
0.27641 0.59900
0.84048 0.30243
0.20846 0.95548
0.49703 0.62787
0.87467 0.12093
0.68505 0.72409
0.98574 0.60408
0.89163 0.53164
0.85761 0.84974
0.90573 0.63346
0.65319 0.74523
0.70667 0.73112
0.85186 0.60253
0.90627 0.16776
0.73424 0.67393
0.11114 0.34908
0.70842 0.59656
0.75080 0.65044
0.13724 0.90647
0.62333 0.33588
0.08287 0.40178
1.00582 0.76221
0.70083 0.62816
0.26344 0.32554
0.24027 0.64268
0.86957 0.11067
0.97409 0.75510
0.28320 0.33451
0.05897 0.40076
0.25545 0.00530
0.76968 0.68938
0.76266 0.67834
0.37017 0.06764
0.72154 0.71732
0.86293 0.13442
0.87594 0.63023
0.08738 0.36831
0.60735 0.30883
0.69175 0.80682
0.09894 0.68293
0.53284 0.58656
0.66525 0.77033
0.33395 0.06802
0.49044 0.94976
0.68167 0.05865
0.55097 0.84423
0.89115 0.84086
0.69488 0.70643
0.50736 0.57795
0.48953 0.60373
0.90145 0.70073
0.99120 0.74504
0.28900 0.58699
0.94457 0.16977
0.09637 0.40969
0.35150 0.13535
0.11166 0.94373
0.59744 0.93649
0.09212 0.69719
0.20932 0.96440
0.71463 0.72830
0.34006 0.11652
0.71211 0.67475
0.72310 0.03682
0.69430 0.08569
0.56347 0.99517
0.45121 0.95425
0.53897 0.96887
0.37511 0.08377
0.38756 0.73359
0.33369 0.17720
0.17306 0.36754
0.53349 0.95350
0.56525 0.96479
0.92340 0.47131
0.87577 0.82484
0.58558 0.88678
0.46130 0.94471
0.95375 0.14942
0.75252 0.72039
0.65427 0.69809
0.87531 0.50268
0.24028 0.01974
0.19092 0.03782
0.60787 0.32366
0.88183 0.08436
0.73090 0.06355
0.28263 0.31181
0.73391 0.06723
0.60171 0.46778
0.59754 0.93322
0.69929 0.60245
0.35430 0.15361
0.92002 0.80420
0.07891 0.40140
0.88024 0.50960
0.39777 0.09718
0.46132 0.94433
0.68086 0.71781
0.29113 0.32956
0.36133 0.06186
0.26609 0.03048
0.33719 0.12649
0.86357 0.67873
0.65432 0.70409
0.39898 0.09142
0.71898 0.09778
0.63531 0.33312
0.06309 0.37245
0.36823 0.74214
0.26921 0.66594
0.94786 0.79328
0.10926 0.34229
0.59479 0.85575
0.65989 1.03573
0.68581 0.05780
0.70093 0.72887
0.98916 0.78464
0.13440 0.40713
0.85975 0.71706
0.73970 0.66095
0.29902 0.33344
0.87741 0.85227
0.84483 0.61283
0.44297 0.20424
0.88368 0.63815
0.26795 0.33836
0.76278 0.86555
0.04773 0.58012
0.27990 0.34046
0.74116 0.72702
0.86725 0.68007
0.19618 0.97863
0.07090 0.40004
0.36335 0.08436
0.76809 0.06649
0.91180 0.63377
0.10366 0.35680
0.87892 0.85274
0.32486 0.11328
0.21416 0.99878
0.06964 0.70098
0.64309 0.75301
0.10385 0.35102
0.47221 1.01193
0.15433 0.06044
0.44628 0.20446
0.11137 0.93257
0.71061 0.68040
0.68592 0.76208
0.83505 0.10541
0.85554 0.51753
0.19057 0.35797
0.14349 0.90856
0.25250 -0.00152
0.92491 0.49013
0.72251 0.08975
0.84811 0.52988
0.72243 0.66885
0.34757 0.07354
0.93826 0.49492
0.93811 0.83819
0.90093 0.48763
0.16982 0.98336
0.87279 0.49102
0.05521 0.33599
0.23671 0.64863
0.96600 0.78776
0.41286 0.74004
0.87396 0.11993
0.57476 0.92190
0.94357 0.14181
0.89669 0.67494
0.49285 0.57995
0.71584 0.09122
0.03513 0.74169
0.76242 0.10075
0.93988 0.48093
0.06730 0.75036
0.89832 0.60941
0.69320 0.08259
0.33243 0.15801
0.72155 0.09997
0.45748 0.64150
0.27268 0.66035
0.92114 0.70556
0.59541 0.97847
0.21224 0.03065
0.29483 0.33386
0.23847 0.03238
0.18163 0.35589
0.89317 0.83386
0.69115 0.04080
0.95440 0.63109
0.60746 0.89748
0.68380 0.75884
0.52770 0.58964
0.24263 0.63984
0.28624 0.60239
0.67266 0.10877
0.36580 0.05767
0.67068 0.78245
0.88135 0.86143
0.68235 0.75499
0.74759 0.66806
0.04276 0.59556
0.56770 0.46924
0.05943 0.57071
0.12409 0.40026
0.92112 0.80029
0.77332 0.05716
0.59045 0.35900
0.26542 0.67238
0.96798 0.79913
0.77959 0.64406
0.94733 0.19435
0.18352 0.37105
0.90428 0.79792
0.52929 0.87908
0.26081 0.02806
0.84571 0.54099
0.02007 0.78830
0.88681 0.81780
0.26709 0.33535
0.59662 0.92267
0.71369 0.72448
0.53941 0.47020
0.27487 0.32695
0.50905 0.61362
0.21820 0.62813
0.99626 0.76202
0.90905 0.65226
0.67530 0.62216
0.99982 0.76341
0.57322 0.90618
0.82010 0.49237
0.10310 0.67125
0.85649 0.48680
0.59340 0.97234
0.11029 0.38395
0.24789 0.67264
0.78454 0.68206
0.95937 0.82042
0.18818 0.97982
0.70099 0.72925
0.09000 0.39700
0.58092 0.46967
0.32666 0.14789
0.86621 0.81661
0.85003 0.59763
0.33013 0.07306
0.91250 0.49538
0.83799 0.10196
0.71151 0.57659
0.11510 0.91517
0.17791 0.05114
0.64333 0.71809
0.36087 0.07120
0.10109 0.40890
0.56639 0.85112
0.55747 0.88841
0.89160 0.83560
0.04397 0.75724
0.69206 0.71115
0.96575 0.49916
0.18937 0.93749
0.57859 0.87589
0.85519 0.08902
0.57367 0.50039
0.89770 0.10466
0.91583 0.87059
0.09948 0.35996
0.83534 0.66657
0.03332 0.65510
0.75433 0.87234
0.67787 0.68052
0.40721 0.73513
0.84758 0.51906
0.23715 0.60099
0.07050 0.38313
0.08548 0.67679
0.18230 0.03583
0.59286 0.94854
0.92646 0.52045
0.40510 0.72651
0.76109 0.72240
0.92475 0.79439
0.77843 0.86380
0.32790 0.08396
0.37079 0.05713
0.74611 0.07576
0.76950 0.89110
0.25122 0.03412
0.07724 0.40933
0.57955 0.95598
0.61783 0.34594
0.78416 0.85913
0.33412 0.14310
0.91857 0.15476
0.75173 0.11005
0.92997 0.16272
0.70327 0.75965
0.92162 0.80010
0.17062 0.35140
0.58283 0.96516
0.95371 0.62783
0.55340 0.88502
0.61570 0.93022
0.62176 0.32898
0.09789 0.38294
0.18565 0.36363
0.74621 0.72603
0.85336 0.62241
0.58814 0.97161
0.21914 0.98163
0.19339 0.32786
0.07108 0.57337
0.18340 0.06364
0.78588 0.25501
0.05421 0.39727
0.67192 0.08357
0.70933 0.05025
0.82498 0.13930
0.65584 0.33566
0.25885 0.01905
0.83627 0.11162
0.46033 0.96098
0.10189 0.40431
0.87534 0.09018
0.46071 0.95285
0.93516 0.71655
0.41122 0.17849
0.26826 0.55543
0.18952 0.99545
0.71015 0.08500
0.14929 0.94805
0.89004 0.60446
0.30321 0.14234
0.66131 0.72246
0.87049 0.63866
0.22272 0.66071
0.71480 0.64628
0.86476 0.09441
0.29186 0.31451
0.53836 0.59155
0.69882 0.07899
0.14199 0.93706
0.64903 0.63768
0.14379 0.90684
0.93209 0.17675
0.94458 0.81729
0.92755 0.80080
0.92879 0.16554
0.92345 0.18720
0.49002 0.62671
0.18363 0.35050
0.07810 0.36368
0.09767 0.38744
0.86017 0.85118
0.23612 0.31432
0.83703 0.47841
0.75650 0.86601
0.66319 0.07607
0.05386 0.75881
0.48333 0.19920
0.84136 0.60074
0.03473 0.74897
0.56602 0.95804
0.30411 0.60387
0.71018 0.11249
0.23201 0.03586
0.49567 0.58913
0.65975 0.79363
0.67592 0.68766
0.17971 0.04772
0.49113 0.58352
0.77047 0.04778
0.36714 0.05408
0.59859 0.33934
0.23077 0.62389
0.24861 0.62237
0.09215 0.36988
0.56994 0.46741
0.56447 0.93276
0.08036 0.56222
0.47826 0.60276
0.86176 0.10811
0.12173 0.96123
0.55007 0.50179
0.69914 1.00025
0.34512 0.16982
0.46804 0.20138
0.76687 0.67356
0.84488 0.32625
0.89148 0.67330
0.93170 0.50682
0.68440 0.66385
0.54863 0.86324
0.06519 0.78470
0.93267 0.48192
0.16541 0.85495
0.50990 0.58896
0.71919 0.62845
0.24426 0.63966
0.66479 0.05341
0.67688 0.02919
0.62288 0.34989
0.43852 0.21437
0.29550 0.54110
0.70190 0.04775
0.80608 0.70069
0.71666 0.06727
0.52158 0.58317
0.56120 0.47036
0.58585 0.93848
0.19865 0.94373
0.22542 0.04865
0.10525 0.97740
0.73417 0.07905
0.90440 0.64581
0.67617 0.78164
0.22547 0.03284
0.19428 0.07397
0.87863 0.62036
0.37100 0.13916
0.72733 0.06285
0.07565 0.68428
0.05670 0.54056
0.43112 0.94806
0.25672 0.65102
0.78959 0.11255
0.53013 0.57878
0.05711 0.74787
0.93246 0.79417
0.58245 0.86229
0.87729 0.11182
0.13869 0.38004
0.72323 0.06245
0.28743 0.55226
0.55872 0.89444
0.90047 0.83928
0.94709 0.51466
0.85921 0.11142
0.59340 0.95056
0.66093 0.76944
0.97146 0.77456
0.68106 0.07629
0.92946 0.82033
0.08774 0.69283
0.87399 0.08970
0.84442 0.14031
0.14763 0.07193
0.86890 0.49578
0.06074 0.37442
0.84966 0.14160
0.59455 0.33068
0.73257 0.06244
0.76759 0.08794
0.13867 0.92354
0.97062 0.58970
0.81445 0.28721
0.25216 0.59311
0.40012 0.08740
0.39010 0.74627
0.85246 0.63379
0.71150 0.78080
0.08328 0.36412
0.58023 0.96662
0.93944 0.49474
0.27151 0.57085
0.10884 0.94928
0.56813 0.96598
0.07469 0.69455
0.59329 0.35855
0.68416 0.69023
0.93517 0.80384
0.78178 0.84481
0.67672 0.04422
0.87733 0.84033
0.08201 0.68183
0.75758 0.07858
0.67502 0.99461
0.07113 0.67349
0.96338 0.58369
0.10150 0.38740
0.92881 0.15355
0.29569 0.32902
0.70666 0.11874
0.43172 0.73308
0.73219 0.69884
0.51098 0.63557
1.00694 0.62413
0.09544 0.40183
0.67230 0.07643
0.29795 0.32586
0.54174 0.87904
0.65689 1.02824
0.62155 0.95896
0.82215 0.12206
0.70948 0.97721
0.71184 0.67071
0.76414 0.12372
0.08912 0.77717
0.94957 0.49673
0.62440 0.32138
0.43556 0.69539
0.11088 0.93397
0.97431 0.47463
0.46257 0.19244
0.52771 0.44007
0.14003 0.34302
0.45405 0.18839
0.51222 0.59210
0.52959 0.59892
0.30682 0.30319
0.69883 0.06943
0.17667 0.85759
0.93324 0.51318
0.06554 0.36722
0.73566 0.65498
0.09785 0.36325
0.39817 0.71965
0.92324 0.67701
0.36963 0.07373
0.71647 0.03343
0.97219 0.74433
0.98029 0.57679
0.40155 0.74484
0.23888 0.06935
0.26575 0.59255
0.88819 0.61500
0.86660 0.51105
0.70516 0.08422
0.93323 0.82130
0.87227 0.85292
0.14886 0.88345
0.69678 0.06945
0.26311 0.03309
0.70467 0.71950
0.92056 0.17546
0.22993 0.03467
0.35050 0.10861
0.92421 0.81326
0.76861 0.11782
0.88486 0.65210
0.17289 0.07886
0.02031 0.79149
0.80635 0.29739
0.69894 0.03503
0.58694 0.96744
0.65079 0.79275
0.35064 0.12455
0.73319 0.07792
0.75250 0.08603
0.32898 0.57278
0.15582 0.38067
0.35211 0.12951
0.08903 0.36148
0.83811 0.63721
0.40064 0.73040
0.39610 0.71263
0.33168 0.16460
0.72833 0.68242
0.86463 0.62664
0.90523 0.53039
0.73305 0.60506
0.49724 0.60833
0.11886 0.90231
0.83529 0.58557
0.25485 0.71032
0.94804 0.15857
0.74285 0.65573
0.50477 0.61839
0.66414 0.69148
0.53502 0.47865
0.69296 0.73242
0.52589 0.49400
0.91694 0.79569
0.07978 0.66043
0.81663 0.30666
0.85900 0.49804
0.78458 0.30794
0.56171 0.87949
0.28079 0.67850
0.69608 0.61657
0.67945 0.97970
0.04489 0.71724
0.14493 0.04048
0.48038 0.97248
0.93004 0.13872
0.07575 0.36427
0.73798 0.07072
0.88408 0.68470
0.69843 0.99505
0.30069 0.57810
0.89576 0.83372
0.71097 0.60692
0.57353 0.48496
0.10858 0.92394
0.56493 0.95036
0.85200 0.08997
0.73171 0.10486
0.56813 0.96727
0.87148 0.64148
0.96016 0.81594
0.19207 0.94388
0.65044 0.67064
0.80520 0.35521
0.70688 0.02935
0.17240 0.31678
0.67899 0.02870
0.04315 0.37539
0.65410 0.69334
0.44719 0.95668
0.02976 0.41437
0.86890 0.83705
0.58514 0.98683
0.96162 0.80870
0.09381 0.38247
0.69496 0.68578
0.05671 0.34135
0.05943 0.58212
0.24044 0.66667
0.50952 0.19197
0.97862 0.75280
0.06096 0.54636
0.03144 0.78839
0.72453 0.06248
0.28694 0.58956
0.70933 0.74661
0.50736 0.55623
0.69772 0.68937
0.22192 0.03131
0.78591 0.81670
0.16758 0.36415
0.24896 0.65626
0.93016 0.48851
0.69452 0.98879
0.06714 0.76959
0.46516 0.94473
0.86463 0.10978
0.76964 0.06584
0.74768 0.04776
0.68518 0.03764
1.01436 0.75741
0.64538 0.77362
0.24906 0.04360
0.96903 0.76913
0.92363 0.16694
0.55044 0.46532
0.09397 0.38119
0.60463 0.95243
0.09875 0.65925
0.76872 0.85920
0.49835 0.96481
0.79103 0.85850
0.85132 0.52491
0.20266 0.99059
0.91817 0.85460
0.95235 0.14671
0.11175 0.40935
0.40642 0.75916
0.83206 0.51759
0.98837 0.57059
0.58272 0.97160
0.71051 0.09794
0.56360 0.48623
0.18199 0.06107
0.69716 0.03734
0.54815 0.85758
0.06498 0.38466
0.50411 0.61126
0.73273 0.70519
0.90212 0.68202
0.04979 0.72891
0.98167 0.57447
0.31186 0.58494
0.55426 0.87251
0.88709 0.11284
0.70866 0.98317
0.86891 0.10733
0.12451 0.94003
0.23813 0.66153
0.72231 0.58560
0.75799 0.06897
0.52635 0.60488
0.53385 0.59581
0.27014 0.30996
0.72501 0.75506
0.66957 0.72808
0.66108 0.74722
0.89035 0.80102
0.73478 0.71339
0.68894 0.60820
0.96659 0.58753
0.06958 0.94523
0.60070 0.92575
0.20709 0.96057
0.67397 0.72342
0.60323 0.95934
0.88965 0.84002
0.68884 0.62699
0.96551 0.82559
0.57098 0.85968
0.84167 0.13997
0.69070 0.73146
0.05939 0.38979
0.94825 0.82912
0.98634 0.62468
0.79419 0.87101
0.59662 0.95010
0.82589 0.28936
0.26134 0.31006
0.09974 0.35166
0.18893 0.92088
0.94979 0.51919
0.17609 0.04866
0.86472 0.81572
0.17477 0.38465
0.17321 0.87771
0.82703 0.30475
0.97030 0.58897
0.58419 0.93525
0.55021 0.87107
0.92720 0.83128
0.75351 0.70798
0.33273 0.12937
0.68038 0.73341
0.83904 0.27304
0.17222 0.09236
0.72880 0.64285
0.35471 0.14097
0.90056 0.18662
0.24177 0.71127
0.09427 0.38166
0.73485 0.08093
0.36293 0.15305
0.81347 0.28495
0.08413 0.37312
0.76482 0.07088
0.85069 0.63362
0.59546 0.96978
0.48868 0.57397
0.25975 0.03133
0.86182 0.49894
0.48975 0.59285
0.78882 0.63746
0.87011 0.11741
0.69771 0.61825
0.78451 0.06129
0.89170 0.46587
0.15420 0.03492
0.15313 0.05542
0.76722 0.08841
0.97529 0.79339
0.34579 0.14005
0.27642 0.31563
0.75179 0.06391
0.03172 0.73466
0.90872 0.15834
0.51756 0.63994
0.83810 0.50060
0.87157 0.12343
0.95780 0.59609
0.07933 0.34989
0.02182 0.75319
0.92545 0.48142
0.55461 0.95825
0.16901 0.85967
0.70705 0.07898
0.94283 0.79101
0.47250 0.96293
0.93343 0.19272
0.61080 0.93364
0.76044 0.63777
1.00290 0.74517
0.25427 0.63593
0.36629 0.02080
0.87609 0.66237
0.20271 0.87634
0.95546 0.61663
0.41799 0.76509
0.89079 0.50241
0.41455 0.97786
0.86390 0.48770
0.54190 0.47101
0.78136 0.62408
0.57811 0.94762
0.06749 0.39137
0.51561 0.61409
0.77326 0.64386
0.90699 0.47439
0.91799 0.19798
0.42683 0.70169
0.43018 0.94982
0.89052 0.83049
0.24567 0.66472
0.70072 0.73486
0.91670 0.83361
0.35536 0.06153
0.93350 0.47536
0.56150 0.94005
0.83789 0.29242
0.27300 0.60296
0.41366 0.73531
0.84821 0.29560
0.19101 0.36506
0.04272 0.78036
0.61950 0.37499
0.73090 0.60123
0.11081 0.72015
0.78886 0.07603
0.75803 0.11027
0.66040 0.59683
0.90830 0.15166
0.05468 0.39402
0.94159 0.50529
0.70826 0.71120
0.60582 0.33491
0.45064 0.71148
0.17449 0.91675
0.83013 0.62055
0.82584 0.30715
0.25075 0.61724
0.75765 0.62927
0.58718 0.92853
0.25576 0.33729
0.47365 0.94946
0.38319 0.07626
0.83943 0.61631
0.89595 0.82018
0.10919 0.96255
0.55504 0.89729
0.97129 0.77787
0.87775 0.61551
0.51914 0.84642
0.64466 0.37111
0.73375 0.73226
0.67104 0.00541
0.71503 0.59627
0.34996 0.11279
0.75028 0.70026
0.51049 0.62503
0.24999 0.01647
0.56165 0.50211
0.46468 0.95544
0.22876 0.98310
0.90340 0.83274
0.83997 0.86976
0.16440 0.89851
0.19753 0.96446
0.32397 0.07863
0.23348 0.64682
0.53671 0.91270
0.83376 0.26820
0.76062 0.10543
0.82634 0.27348
0.70003 0.62256
0.48231 0.20976
0.70613 0.05193
0.17635 0.04823
0.72613 0.80119
0.07555 0.53632
0.92180 0.20139
0.09892 0.69737
0.68832 0.77166
0.28957 0.60158
0.67548 0.08132
0.93725 0.78465
0.90267 0.85698
0.38674 0.07767
0.82090 0.08366
0.74302 0.02737
0.66306 0.77890
0.10866 0.37586
0.38506 0.71873
0.65367 0.73337
0.66941 0.72710
0.92523 0.58879
0.69390 0.04803
0.93636 0.78011
0.18582 0.95478
0.43277 0.68860
0.78905 0.62046
0.28857 0.59415
0.92122 0.82239
0.45634 0.96075
0.51645 0.62584
0.12171 0.87190
0.70261 0.09866
0.10691 0.96483
0.69484 0.77480
0.57264 0.96220
0.53341 0.90854
0.45939 0.15694
0.53429 0.96111
0.77809 0.84831
0.97167 0.57431
0.81732 0.10080
0.24582 0.64301
0.72888 0.61752
0.46909 0.95133
0.99688 0.71714
0.73366 0.71452
0.53640 0.93357
0.25686 0.33179
0.74431 0.07248
0.20391 1.00296
0.23240 0.02253
0.17649 0.06177
0.29773 0.60104
0.93959 0.82515
0.76565 0.64087
0.05610 0.55395
0.82978 0.70095
0.73421 0.74412
0.56915 0.92870
0.79702 0.85196
0.74851 0.88511
0.67252 0.96937
0.94917 0.76263
0.55974 0.87282
0.14271 0.38229
0.48449 0.57813
0.57364 0.94263
0.27623 0.64452
0.16041 0.06367
0.82442 0.62629
0.91542 0.50548
0.59688 0.87802
0.41889 0.96760
0.61171 0.36265
0.76220 0.07611
0.08356 0.35651
0.75010 0.67565
0.59921 0.97851
0.97934 0.57798
0.35209 0.05989
0.96589 0.61085
0.44498 0.18891
0.69140 0.76155
0.85047 0.64817
0.08249 0.35625
0.78937 0.85764
0.44431 0.18887
0.08160 0.37295
0.07273 0.65655
0.38609 0.71422
0.87236 0.52307
0.07422 0.54968
0.92058 0.81924
0.88887 0.63388
0.10725 0.34909
0.58562 0.94519
0.31726 0.09099
0.10494 0.35565
0.88667 0.48469
0.84235 0.61123
0.55196 0.88114
0.34929 0.04820
0.66200 0.79863
0.14959 0.90585
0.88831 0.85055
0.77231 0.86766
0.77732 0.64621
0.80007 0.83332
0.52232 0.96606
0.32675 0.16906
0.69736 0.66097
0.57353 0.47572
0.15616 0.34954
0.94571 0.79629
0.15699 0.90617
0.09180 0.37835
0.22817 0.94479
0.16941 0.35589
0.89067 0.66463
0.56754 0.89129
0.87306 0.33170
0.71195 0.76917
0.47297 0.94304
0.96711 0.80210
0.04460 0.36268
0.78479 0.82908
0.67788 0.73509
0.55675 0.87771
0.56801 0.94543
0.70181 0.70015
0.28625 0.61036
0.66199 0.06555
0.85485 0.59369
0.95781 0.82359
0.30510 0.59124
0.75277 0.65253
0.67493 0.66809
0.77931 0.07116
0.11055 0.95585
0.79676 0.08381
0.67796 0.69810
0.27754 0.60067
0.56283 0.47982
0.47647 0.64694
0.50315 0.60706
0.68892 0.70743
0.70662 0.07152
0.70075 0.61722
0.72845 0.08726
0.66721 0.05284
0.14783 0.91367
0.98551 0.78014
0.96697 0.57970
0.53359 0.62989
0.08234 0.69259
0.40994 0.70504
0.16915 0.07229
0.70203 0.05764
0.06660 0.70010
0.28330 0.60115
0.98519 0.56189
0.04100 0.69040
1.02366 0.74832
0.88376 0.64521
0.57660 0.92621
0.68550 0.04988
0.65314 0.35530
0.81439 0.28378
0.78791 0.66778
0.97514 0.78599
0.68774 0.07788
1.00630 0.76649
0.92293 0.84298
0.70646 0.70501
0.30270 0.34060
0.21801 0.95777
0.22289 0.04106
0.56111 0.95631
0.88782 0.17245
0.12869 0.97150
0.04115 0.39361
0.24142 0.02891
0.68388 0.59615
0.31454 0.60896
0.33982 0.60072
0.73537 0.70465
0.70781 0.13094
0.77202 0.10457
0.76067 0.87735
0.72586 0.11475
0.04430 0.77510
0.25349 0.04053
0.85949 0.48404
0.56706 0.87921
0.91061 0.18218
0.08599 0.38833
0.07672 0.40307
0.73600 0.68318
0.68893 0.67628
0.76192 0.86640
0.48517 0.95509
0.16387 0.35184
0.09870 0.35538
0.07582 0.75068
0.51899 0.59344
0.06502 0.59878
0.70232 0.69851
0.48149 1.02009
0.69506 0.64029
0.90830 0.50107
0.78309 0.08975
0.12012 0.36256
0.65034 0.67480
0.99718 0.82618
0.33382 0.11279
0.18230 0.40308
0.31680 0.06320
0.90955 0.85879
0.55232 0.89374
0.74744 0.69235
0.73180 0.67994
0.01959 0.74536
0.20702 0.98537
0.25455 0.29822
0.92678 0.12769
0.67333 0.71717
0.85777 0.67576
0.72555 0.62875
0.29365 0.31484
0.65513 0.82700
0.17826 0.36736
0.05237 0.71749
0.05044 0.75527
0.05821 0.35534
0.96622 0.76008
0.36263 0.15936
0.53591 0.45847
0.24900 0.65210
1.01893 0.79932
0.17818 0.04221
0.80508 0.64079
0.26218 0.29101
0.86471 0.63458
0.67193 0.78196
0.06983 0.38153
0.61552 0.33856
0.07769 0.55028
0.81392 0.29912
0.13976 0.86418
0.05088 0.40294
0.53105 0.56525
0.50068 0.19412
0.87154 0.11809
0.94668 0.15394
0.53193 0.96066
0.07520 0.69859
0.68342 0.70868
1.00162 0.75289
0.91754 0.83998
0.98465 0.60025
0.18131 0.99591
0.43035 0.18136
0.97330 0.76720
0.75999 0.10223
0.46851 0.97682
0.04324 0.40597
0.58135 0.96979
0.58471 0.87150
0.31039 0.59623
0.50103 0.61141
0.07124 0.96550
0.71721 0.61060
0.49357 0.59131
0.96039 0.62031
0.58539 0.48436
0.61066 0.34327
0.77194 0.65162
0.07776 0.38667
0.57649 0.96061
0.11269 0.97516
0.09782 0.97790
0.85283 0.49468
0.05044 0.72962
0.72340 0.74621
0.15858 0.38518
0.17143 0.07641
0.76097 0.88505
0.75614 0.64555
0.19761 0.98402
0.39994 0.72274
0.96227 0.76203
0.87564 0.51201
0.46897 0.96097
0.83731 0.10783
0.71514 0.61664
0.14038 0.92832
0.84680 0.29156
0.49585 0.94499
0.13154 0.33798
0.33079 0.15973
0.15959 0.10697
1.00850 0.76293
0.90476 0.66389
0.76039 0.04832
0.87439 0.53409
0.03611 0.77387
0.10342 0.93910
0.69447 0.79261
0.76362 0.85588
0.45285 0.20069
0.34277 0.12960
0.15529 0.89816
0.12102 0.39030
0.44521 0.74033
0.64139 0.04974
0.78661 0.69783
0.86783 0.85570
0.61713 0.94714
0.73627 0.08828
0.11940 0.35990
0.51540 0.59374
0.70903 0.70999
0.86650 0.11628
0.96203 0.79989
0.69723 0.04709
0.92851 0.65911
0.65978 0.73814
0.60683 0.35379
0.77414 0.07282
0.58102 0.85240
0.24509 0.02679
0.12786 0.41990
0.89037 0.82471
0.08851 0.91178
0.77313 0.62806
0.61502 0.93844
0.88280 0.09866
0.09234 0.38639
0.82494 0.31930
0.02553 0.60391
0.07650 0.96005
0.19650 0.96738
0.66847 0.74989
0.20285 0.38460
0.47374 0.95796
0.70482 0.07790
0.60542 0.34293
0.66338 1.01265
0.74332 0.84197
0.65853 0.77504
0.69128 0.66120
0.77901 0.66816
0.48997 0.57688
0.59350 0.95562
0.08236 0.39001
0.65512 0.74584
0.72209 0.69650
0.07125 0.36873
0.16246 0.83799
0.06318 0.72665
0.10929 0.95978
0.87923 0.65331
0.20204 0.35704
0.57456 0.92349
0.20230 0.92994
0.94013 0.77140
0.48558 0.61459
0.07085 0.52939
0.61573 0.34528
0.16589 0.95912
0.78280 0.30582
0.68720 0.62490
0.95874 0.12806
0.94626 0.16465
0.95100 0.56109
0.18488 0.36389
0.20701 0.95389
0.46633 0.23168
0.56036 0.95872
0.20415 0.93411
0.74330 0.08336
0.52567 0.61027
0.74073 0.08965
0.70190 0.73546
0.08665 0.92299
0.63467 0.35140
0.16243 0.39645
0.90127 0.67016
0.70663 0.63874
0.84906 0.58690
0.87818 0.61121
0.33283 0.09960
0.68255 0.66648
0.40283 0.15043
0.83776 0.28075
0.10362 0.67071
0.44704 0.96383
0.93414 0.50772
0.23551 0.98396
0.05478 0.42969
0.71120 0.10950
0.57344 0.88053
0.18025 0.35509
0.66169 0.74187
0.78045 0.84964
0.55279 0.48835
0.63954 0.34473
0.37927 0.05444
0.74869 0.73122
0.57376 0.96125
0.15366 0.05919
0.91213 0.14874
0.76974 0.08641
0.57306 0.95646
0.83916 0.12854
0.98599 0.80081
0.18449 1.00317
0.73409 0.07664
0.07388 0.96804
0.46772 0.97066
0.96254 0.79357
0.83702 0.51613
0.25875 0.00289
0.59305 0.85135
0.88665 0.51442
0.95266 0.76839
0.92550 0.19689
0.06466 0.61200
0.48544 0.95454
0.80398 0.12579
0.51638 0.61841
0.08020 0.95468
0.08947 0.39010
0.73545 0.73008
0.67314 0.74391
0.68528 1.05173
0.68094 0.73124
0.70581 0.75237
0.22533 0.96189
0.12490 0.94560
0.26212 0.32494
0.44525 0.18493
0.52073 0.63527
0.67726 0.77094
0.26370 0.30853
0.09490 0.67452
0.49449 0.60845
0.94231 0.81561
0.15986 0.35206
0.74036 0.62762
0.71893 0.70748
0.85468 0.14643
0.09024 0.65723
0.93858 0.78301
0.04238 0.54236
0.27017 0.58745
0.15994 0.38504
0.42299 0.75537
0.68901 0.02791
0.59215 0.95342
0.67978 0.71406
0.30618 0.33560
0.07143 0.35640
0.80782 0.30109
0.89818 0.52606
0.18899 0.98434
0.45260 0.19290
0.25795 0.03876
0.60279 0.35036
0.28490 0.60756
0.79239 0.88805
0.80555 0.61223
0.90179 0.82071
0.05789 0.56426
0.05137 0.38273
0.39850 0.70920
0.56014 0.85126
0.69189 0.75168
0.66367 0.75991
0.83842 0.30005
0.22395 0.93607
0.06540 0.34906
0.77448 0.66361
0.68559 0.06350
0.49657 0.60456
0.32313 0.17211
0.71131 0.78484
0.55484 0.97692
0.10328 0.65865
0.86614 0.49655
0.35831 0.13352
0.53823 0.45861
0.73135 0.04203
0.16621 0.07986
0.72311 0.69459
0.15200 0.03372
0.55944 0.44737
0.20530 0.95935
0.65129 0.78285
0.96275 0.55450
0.66124 0.63304
0.96546 0.60155
0.70782 0.69483
0.17149 0.89481
0.08810 0.36232
0.80448 0.86556
0.91509 0.67063
0.52187 0.87465
0.82586 0.56936
0.69314 0.06239
0.02925 0.72063
0.85113 0.49275
0.68163 0.72176
0.67051 0.72584
0.97956 0.56965
0.34839 0.13367
0.90442 0.82847
0.67839 0.74374
0.16586 0.07115
0.14145 0.95726
0.33713 0.11256
0.06027 0.38655
0.86222 0.28087
0.92092 0.18745
0.92301 0.66252
0.06231 0.64498
0.86483 0.64937
0.13202 0.92028
0.10613 0.38541
0.27551 0.27590
0.70838 0.71800
0.51541 0.60067
0.75786 0.67598
0.24529 0.94884
0.31714 0.60238
0.18514 0.86493
0.67851 0.03087
0.89101 0.17475
0.79362 0.65669
0.83881 0.49709
0.52680 0.59321
0.57544 0.51098
-0.00574 0.60319
0.76568 0.67763
0.70273 0.70840
0.64069 0.98232
0.91111 0.45573
0.19948 0.05220
0.67120 0.95747
0.21917 0.37037
0.90034 0.63752
0.72020 0.70499
0.82526 0.32690
0.24245 0.61956
0.82803 0.58444
0.10085 0.40472
0.34598 0.15664
0.04223 0.53442
0.49732 0.56668
0.93069 0.77280
0.62238 0.37712
0.91278 0.14390
0.25679 -0.00632
0.81604 0.60898
0.07920 0.36586
0.87041 0.10539
0.24367 0.65063
0.87677 0.52422
0.32911 0.57481
0.02389 0.75156
0.81577 0.63487
0.07514 0.39229
0.16938 0.07852
0.06392 0.59690
0.78837 0.07325
0.68094 0.07251
0.69646 0.04606
0.02460 0.73443
0.55487 0.46662
0.73603 0.08552
0.11755 0.38669
0.74641 0.05741
0.38251 0.69025
0.73339 0.73012
0.84556 0.12026
0.66960 1.03174
0.15359 0.38535
0.18559 0.95426
0.04700 0.72407
0.71416 1.00409
0.71699 0.73432
0.42775 0.70545
0.68601 0.63820
0.03139 0.75432
0.16787 0.09700
0.16270 0.35388
0.78002 0.87397
0.73293 0.11200
0.72331 0.03638
0.77560 0.06299
0.00948 0.71796
0.73083 0.66596
0.55320 0.86564
0.75784 0.10051
0.82218 0.25864
0.83352 0.62206
0.93342 0.17511
0.76978 0.65584
0.49885 0.63565
0.72174 1.01292
0.66917 0.72400
0.04188 0.33180
0.17794 0.88419
0.75004 0.11780
0.08224 0.96709
0.91583 0.65881
0.68605 0.62154
0.12111 0.93533
0.92479 0.82879
0.32419 0.05500
0.93237 0.50128
0.85450 0.60635
0.11347 0.39406
0.12446 0.38269
0.58673 0.34210
0.83873 0.47077
0.19096 0.95397
0.33189 0.15092
0.77974 0.10311
0.67202 0.07763
0.05648 0.75235
0.02279 0.54368
0.53822 0.61442
0.29979 0.57980
0.90242 0.48965
0.50342 0.59060
0.61283 0.35921
0.17782 0.37788
0.24014 0.03023
0.75182 0.08485
0.68046 0.97568
0.15588 0.05792
0.45342 0.60466
0.89526 0.60698
0.94871 0.62209
0.77144 0.65708
0.75476 0.10151
0.52746 0.59031
0.67326 0.04223
0.86233 0.08665
0.07418 0.43483
0.73572 0.09754
0.88005 0.58926
0.70719 0.61317
0.11758 0.97111
0.30877 0.29924
0.08878 0.64939
0.49445 0.62405
0.30734 0.28606
0.76306 0.05276
0.65666 0.72374
0.65726 0.75349
0.91959 0.70719
0.67820 0.67262
0.57750 0.94657
0.58664 0.94448
0.68064 0.66399
0.95792 0.57973
0.40436 0.72789
0.91251 0.83556
0.51388 0.61797
0.19702 1.00070
0.78862 0.87002
0.69098 0.72405
0.05794 0.36846
0.25848 0.65214
0.70242 0.68834
0.99361 0.75981
0.73012 0.05836
0.98502 0.76145
0.57273 0.86348
0.85745 0.61269
0.93718 0.48935
0.07221 0.60125
0.75144 0.66040
0.09764 0.67324
0.21193 0.96340
0.10241 0.36882
0.67872 0.75264
0.88575 0.64745
0.96463 0.59281
0.96742 0.61906
0.23620 0.31029
0.23826 0.02326
0.26933 0.59837
0.88754 0.52104
0.18960 0.66593
0.07033 0.35905
0.58415 0.88266
0.54386 0.84058
0.76352 0.83259
0.92747 0.50720
0.73112 0.08192
0.12194 0.96441
0.92119 0.49784
0.98972 0.75479
0.17747 0.91027
0.50550 0.59277
0.87999 0.50430
0.32037 0.10135
0.67548 0.62902
0.41715 0.72456
0.93020 0.47908
0.94979 0.57791
0.79907 0.67469
0.87363 0.10667
0.28397 0.62347
0.89147 0.12245
0.49512 0.60890
0.33238 0.14267
0.96603 0.56736
0.46203 0.98136
0.07889 0.39189
0.79242 0.27888
0.15133 0.37205
0.04735 0.68116
0.44441 0.98320
0.23582 0.03594
0.92638 0.59992
0.55014 0.48468
0.72833 0.07484
0.08619 0.38421
0.88209 0.86046
0.64417 0.34880
0.77175 0.64700
0.53794 0.92689
0.75799 0.11561
0.69016 0.08541
0.64389 0.78075
0.16577 0.89370
0.29191 0.35857
0.47318 0.19589
0.28803 0.30717
0.31696 0.15971
0.72659 0.09585
0.68027 1.02659
0.71775 0.69713
0.63574 0.34690
0.87655 0.13957
0.70833 0.03812
0.04312 0.55196
0.38499 0.09085
0.40443 0.09657
0.47305 0.18548
0.89795 0.15122
0.23271 0.66027
0.68293 0.61148
0.75921 0.08254
0.99641 0.77917
0.50680 0.60482
0.27660 0.32977
0.16328 0.35580
1.01031 0.76005
0.51689 0.64695
0.81793 0.29678
0.44639 0.16426
0.37369 0.17921
0.91528 0.14018
0.94168 0.18135
0.05360 0.40772
0.56672 0.49558
0.88996 0.85929
0.59238 0.33257
0.69959 0.97275
0.60392 0.94446
0.87787 0.10024
0.11508 0.39061
0.75382 0.08154
0.30253 0.61645
0.74481 0.11326
0.29777 0.30490
0.36187 0.05777
0.04887 0.38269
0.34410 0.09261
0.68733 0.61896
0.69293 0.63984
0.66987 1.00023
0.69488 0.64153
0.75723 0.65008
0.33863 0.03566
0.23101 0.64465
0.02879 0.54404
0.11359 0.34791
0.87535 0.61134
0.42456 0.70626
0.20637 0.98161
0.09400 0.94705
0.97897 0.85872
0.55712 0.94858
0.70425 0.68554
0.08377 0.35398
0.97257 0.76926
0.88697 0.13191
0.58040 0.46232
0.83729 0.53727
0.66737 0.66316
0.05207 0.38285
0.12652 0.36202
0.34267 0.13381
0.98432 0.78160
0.18168 0.98054
0.97213 0.76983
0.34233 0.04706
0.67302 0.09903
0.07471 0.36333
0.91595 0.80016
0.34240 0.17093
0.74322 0.68844
0.54918 0.61759
0.08931 0.37695
0.93837 0.51111
0.53622 0.92352
0.68856 0.98018
0.51716 0.89971
0.69497 0.07393
0.64496 0.73332
0.84143 0.63988
0.60679 0.95798
0.20426 0.63227
0.04763 0.40353
0.04146 0.75786
0.93676 0.79347
0.70091 0.75424
0.87333 0.14329
0.85391 0.49353
0.67471 0.78293
0.05485 0.37949
0.89174 0.65740
0.32864 0.13341
0.73299 0.10045
0.81878 0.29709
0.57857 0.87040
0.28016 0.58450
0.04689 0.54334
0.18373 0.05440
0.07069 0.37489
0.49714 0.58530
0.95644 0.79927
0.74421 0.04997
0.93628 0.46503
0.25357 0.03812
0.83350 0.58652
0.10488 0.93130
0.44670 0.96555
0.26614 0.60636
0.09889 0.95950
0.55108 0.94339
0.71939 0.72403
0.58744 0.97594
0.51194 0.57403
0.64747 0.75333
0.70636 1.03332
0.44737 0.17524
0.52690 0.63186
0.87840 0.50675
0.19118 0.34193
0.69942 0.99646
0.59173 0.45574
0.16188 0.86375
0.44461 0.94829
0.53910 0.44949
0.51906 0.63471
0.58602 0.95840
0.02808 0.35181
0.68110 0.76538
0.19973 1.00175
0.09977 0.37556
0.73943 0.08406
0.11132 0.93316
0.65337 0.77825
0.27329 0.01220
0.93344 0.16565
0.19405 0.35085
0.20702 0.36380
0.30710 0.34824
0.30238 0.60996
0.58561 0.96787
0.98436 0.59058
0.28903 0.58031
0.60402 0.96463
0.95816 0.55435
0.21389 0.03854
0.08923 0.34663
0.16036 0.36921
0.68464 0.77666
0.12088 0.37749
0.09808 0.40104
0.27540 0.65681
0.48106 0.58163
0.60257 0.34115
0.19141 0.95472
0.37146 0.14559
0.74229 0.08826
0.35965 0.15326
0.09342 0.39580
0.19987 0.96554
0.57849 0.97791
0.21443 0.05014
0.71652 0.68480
0.40939 0.71066
0.93118 0.82832
0.55778 0.37542
0.84508 0.88992
0.72355 0.64835
0.44534 0.20413
0.98790 0.82381
0.30046 0.60843
0.27895 0.33551
0.68141 0.71962
0.70682 1.01807
0.90733 0.18642
0.06766 0.39615
0.32493 0.12756
0.89852 0.85345
0.16376 0.37596
0.91687 0.21237
0.83632 0.29589
0.80871 0.87128
0.57315 0.94179
0.14461 0.90917
0.70791 0.74621
0.54269 0.89124
0.70040 0.10217
0.93511 0.16625
0.76083 0.08379
0.68699 0.06507
0.55427 0.87283
0.40790 0.68819
0.53778 0.95179
0.71834 0.62192
0.67959 0.98289
0.52877 0.62079
0.72279 0.05843
0.73345 0.06102
0.21707 0.97390
0.32447 0.58713
0.75450 0.66682
0.52630 0.45268
0.66919 0.99001
0.70897 0.68299
0.47280 0.18267
0.44889 0.95967
0.71642 0.06996
0.70989 0.08017
0.57091 0.95529
0.78266 0.64875
0.99759 0.77988
0.74910 0.07282
0.57098 0.90033
0.66620 0.98806
0.71020 0.70409
0.41559 0.22780
0.50057 0.62925
0.88315 0.14165
0.05363 0.78101
0.47052 0.22790
0.96823 0.62481
0.67706 0.68992
0.19188 0.93761
0.96883 0.56570
0.67720 0.71986
0.86563 0.10295
0.23581 0.67174
0.06171 0.90873
0.70222 0.01647
0.05811 0.67363
0.84455 0.14055
0.76233 0.06172
0.84533 0.63646
0.77110 0.04360
0.45405 0.97989
0.72259 0.69545
0.23756 0.66430
0.52593 0.60852
0.92288 0.18226
0.84177 0.61524
0.25468 0.32439
0.90894 0.51693
0.53456 0.86315
0.79105 0.31115
0.08062 0.38240
0.72823 0.10901
0.93374 0.50154
0.81256 0.28316
0.58532 0.92926
0.59720 0.96920
0.42480 0.73584
0.82282 0.66185
0.24028 0.03115
0.74102 0.11318
0.91102 0.19621
0.70843 0.68722
0.33191 0.60413
0.91185 0.49327
0.18680 0.65588
0.49790 0.97258
0.84624 0.28849
0.66783 0.77387
0.35872 0.06407
0.57256 0.88602
0.68394 0.70253
0.88761 0.67388
0.93566 0.83278
0.21694 0.02578
0.04059 0.76208
0.07855 0.38902
0.84889 0.60592
0.42624 0.20963
0.49450 0.59923
0.97149 0.75436
0.89340 0.49625
0.58437 0.95367
0.50091 0.59074
0.38615 0.07660
0.96870 0.78590
0.70823 0.60706
0.89488 0.48129
0.17853 0.89517
0.05890 0.65901
0.08725 0.38880
0.80936 0.28265
0.54266 0.88834
0.70878 0.58323
0.68691 0.78833
0.15576 0.89877
0.19282 0.00886
0.69071 0.98269
0.54750 0.59838
0.60448 0.95163
0.71533 0.60586
0.24446 0.66825
0.52281 0.58869
0.93785 0.79680
0.08336 0.37250
0.23954 0.01061
0.05049 0.35754
0.29603 0.29911
0.70388 0.98997
0.18575 0.36707
0.05052 0.73668
1.01855 0.73450
0.71639 0.06705
0.72077 0.62892
0.93473 0.18007
0.81319 0.25077
0.69518 0.70052
0.85378 0.08954
0.56745 0.46777
0.22791 0.64764
0.08015 0.65869
0.96910 0.61166
0.70058 0.65647
0.74011 0.73935
0.19640 0.88841
0.07084 0.96785
0.64832 0.72334
0.65089 0.74298
0.22199 -0.01642
0.42721 0.93565
0.79248 0.66815
0.92315 0.18306
0.47291 0.95611
0.84910 0.50339
0.79245 0.85726
0.92862 0.81392
0.72869 0.06541
0.94853 0.47953
0.04468 0.36873
0.91461 0.66664
0.94102 0.49555
0.43332 0.17067
0.58792 0.34541
0.24710 0.59100
0.62731 0.37110
0.91426 0.66671
0.49234 0.98073
0.71233 0.09458
0.88869 0.58961
0.53293 0.61019
0.27934 0.00619
0.76037 0.05596
0.54180 0.88873
0.72606 0.07651
0.17705 0.89363
0.86622 0.52942
0.72477 0.73520
0.34519 0.08989
0.34728 0.09631
0.12102 0.95404
0.68969 0.97284
0.46067 0.18017
0.03665 0.52413
0.91130 0.63806
0.69780 0.60685
0.46258 0.98002
0.68217 0.07386
0.30590 0.29277
0.27091 0.59214
0.75808 0.07388
0.16531 0.05072
0.52082 0.60383
0.58830 0.93563
0.90187 0.86014
0.78109 0.89252
0.53776 0.60259
0.99258 0.61785
0.92926 0.17294
1.00581 0.64288
0.30248 0.60959
0.09063 0.38154
0.50046 0.63124
0.18781 0.30167
0.73298 0.06229
0.51143 0.58479
0.36228 0.13394
0.49297 0.57942
0.68406 0.75705
0.87007 0.12937
0.85032 0.50687
0.91847 0.48539
0.04438 0.37114
0.47621 0.60886
0.92550 0.81308
0.67719 0.72332
0.53519 0.59216
0.46036 0.23365
0.45220 0.95478
0.62820 0.37587
0.90091 0.83312
0.55529 0.95933
0.69529 0.61820
0.11737 0.93620
0.91195 0.51747
0.03332 0.73679
0.79518 0.29489
0.71458 0.07708
0.97469 0.62358
0.45365 0.23793
0.45860 0.95976
0.45764 0.95230
0.50376 0.59183
0.75664 0.07021
0.29332 0.59863
0.91228 0.47097
0.17740 0.37330
0.77893 0.84161
0.56660 0.94757
0.94408 0.81128
0.30033 0.62913
0.22310 0.96440
0.33292 0.07832
0.14629 0.83522
0.70715 0.72593
0.89330 0.68752
0.90679 0.14105
0.12202 0.37230
0.86895 0.19917
0.99830 0.77242
0.81301 0.86319
0.06725 0.67491
0.49121 0.60810
0.94529 0.81849
0.27081 0.65395
0.02624 0.54156
0.99020 0.56373
0.04704 0.74727
0.88529 0.88384
0.79943 0.64987
0.57490 0.47909
0.69623 0.08950
0.75309 0.10342
0.76335 0.88731
0.05717 0.55008
0.24491 0.02732
1.00236 0.74571
0.74016 0.67367
0.84557 0.54706
0.09463 0.40682
0.94444 0.48613
0.26360 0.02861
0.19928 0.08273
0.98941 0.77557
0.54544 0.59922
0.10912 0.93256
0.09956 0.93092
0.97123 0.61941
0.90400 0.66813
0.07077 0.72893
0.73768 0.10089
0.82704 0.52441
0.66475 0.80590
0.52023 0.64387
0.71462 0.06729
0.55942 0.41416
0.93036 0.81094
0.54442 0.95412
0.55324 0.48398
0.74062 0.05989
0.60722 0.37864
0.25772 0.67236
0.89613 0.50462
0.72819 0.63391
0.55931 0.88622
0.23816 0.61565
0.67457 1.00460
0.32764 0.60072
0.50607 0.55581
0.08948 0.39810
0.71626 0.04764
0.76026 0.14582
0.15722 0.37123
0.96793 0.59535
0.05412 0.57657
0.24275 0.66794
0.06623 0.40272
0.57746 0.97585
0.41926 0.71722
0.97997 0.56425
0.11632 0.88640
0.47782 0.95852
0.99708 0.76143
0.29877 0.59051
0.60848 0.36640
0.51181 0.96113
0.77071 0.64545
0.53275 0.58462
0.17268 0.05301
0.26918 0.68039
0.95850 0.57858
0.45455 0.24680
0.75800 0.03426
0.37619 0.09739
0.75685 0.12503
0.95117 0.80745
0.07789 0.57027
0.54127 0.60582
0.30675 0.31506
0.07753 0.37286
0.68963 0.04472
0.42472 0.18275
0.30776 0.32021
0.81388 0.11065
0.47239 0.58093
0.55947 0.95510
0.69812 0.72625
0.86272 0.47455
0.58281 0.95363
0.68509 0.60465
0.75165 0.09503
0.66097 0.75753
0.68316 0.10112
0.92086 0.16279
0.73501 0.08811
0.65717 0.74654
0.75088 0.08915
0.16091 0.94889
0.47108 0.61471
0.55948 0.42243
0.68342 0.75504
0.73290 0.12973
0.09091 0.38213
0.08858 0.66639
0.95717 0.73839
0.81984 0.65729
0.53609 0.59385
0.27005 0.31148
0.10888 0.94126
0.27957 0.28705
0.45668 0.94283
0.03966 0.38939
0.63911 0.72150
0.73157 0.70040
0.51776 0.56227
0.07546 0.54402
0.26570 0.00102
0.97208 0.61351
0.07248 0.41074
0.06881 0.36786
0.98687 0.72561
0.48370 0.62973
0.23035 0.69467
0.92463 0.50543
0.28597 0.64878
0.09512 0.93234
0.68836 0.74091
0.85917 0.60933
0.04541 0.55327
0.97440 0.76324
0.72704 0.60148
0.29337 0.55291
0.06096 0.73536
0.11543 0.91292
0.50509 0.48457
0.24568 -0.01084
0.89788 0.17962
0.71120 0.59927
0.64969 0.74965
0.92498 0.80215
0.51859 0.61712
0.67587 0.99785
0.75202 0.06945
0.70172 1.00666
0.34338 0.03799
0.55932 0.47043
0.30935 0.32693
0.73485 0.10753
0.29686 0.30138
0.76463 0.07980
0.04738 0.65560
0.43042 0.70534
0.92263 0.14886
0.22792 0.67588
0.55106 0.48180
0.09139 0.57011
0.12872 0.55256
0.10343 0.36974
0.18755 0.94765
0.57335 0.93054
0.28023 0.59826
0.47801 0.21621
0.15248 0.88673
0.28571 0.59050
0.61340 0.94397
0.23596 -0.00596
0.86603 0.66140
0.64042 0.77732
0.48324 0.90412
0.97320 0.77952
0.35725 0.08018
0.31871 0.14556
0.44295 0.75274
0.74102 0.08220
0.66579 0.77688
0.18395 0.96083
0.66742 0.81409
0.69545 0.03680
0.09332 0.36775
0.89566 0.81602
0.69195 0.10358
0.83250 0.30920
0.56159 0.96812
0.09308 0.66439
0.07020 0.55280
0.09171 0.40677
0.27236 0.30586
0.57769 0.92843
0.54911 0.43341
0.82127 0.27187
0.21459 0.37042
0.70407 0.62435
0.17118 0.37456
0.46259 0.93963
0.24628 0.31178
0.29706 0.29190
0.06378 0.76198
0.71170 0.06043
0.85536 0.63279
0.10735 0.35505
0.21598 0.65905
0.90978 0.67210
0.88497 0.84432
0.66327 0.98783
0.70664 0.08910
0.58005 0.99716
0.50589 0.57852
0.72576 0.07074
0.35450 0.13542
0.45804 0.20088
0.50663 0.48570
0.71201 0.60666
0.08701 0.95910
0.07353 0.65961
0.69308 0.04192
0.77552 0.64099
0.86774 0.62150
0.46028 0.21514
0.59402 0.91358
0.67269 0.99033
0.08364 0.39671
0.18779 0.35388
0.10716 0.36855
0.30389 0.64374
0.72561 0.08527
0.51469 0.62582
0.19993 0.33316
0.54297 0.62063
0.62977 0.35731
0.70437 0.05028
0.23434 0.95301
0.68918 0.73162
0.21674 0.96060
0.66540 0.71847
0.67214 0.74884
0.42357 0.72805
0.85626 0.14359
0.79536 0.10803
0.19439 0.88274
0.48712 0.22759
0.67791 0.68070
0.60029 0.38431
0.10548 0.65466
0.04258 0.55945
0.55439 0.48942
0.70611 0.75315
0.15474 0.08677
0.73427 0.06366
0.04656 0.77757
0.94380 0.59270
0.94353 0.15037
0.52925 0.47606
0.70750 0.79338
0.71461 0.01915
0.84714 0.62297
0.95057 0.57961
0.68075 0.64790
0.33842 0.11510
0.03844 0.75635
0.47008 0.21388
0.03056 0.54865
0.14969 0.09002
0.58428 0.94862
0.17076 0.32383
0.75260 0.08027
0.68780 0.74506
0.30592 0.18818
0.94841 0.57780
0.30488 0.34364
0.25981 0.32897
0.74908 0.60321
0.44223 0.19475
0.19052 0.89426
0.91655 0.49426
0.50176 0.62826
0.68829 0.61630
0.88779 0.65135
0.09254 0.39264
0.70593 0.67569
0.18654 0.34647
0.26723 0.35379
0.91436 0.64784
0.73606 0.12625
0.16344 0.33666
0.65242 0.68542
0.70650 0.61865
0.06228 0.38666
0.71063 0.63137
0.27577 0.33322
0.91563 0.83270
0.67199 1.01979
0.40730 0.72696
0.24191 0.01098
0.44765 0.15640
0.85822 0.47562
0.28611 0.30356
0.71286 0.78967
0.91175 0.18878
0.90114 0.51452
0.25513 0.66312
0.13274 0.93402
0.07585 0.68887
0.84655 0.61723
0.18479 0.38208
0.98094 0.77283
0.08180 0.73683
0.83295 0.12891
0.68394 1.00368
0.90998 0.52172
0.72466 0.96123
0.73966 0.08529
0.27308 0.62809
0.37062 0.02782
0.58210 0.30733
0.91189 0.48921
0.72188 0.80104
0.09294 0.69431
0.31217 0.32493
0.81948 0.28854
0.59152 0.94253
0.82009 0.32610
0.02974 0.57753
0.66505 0.68873
0.37443 0.07914
0.51584 0.56526
0.64227 0.99729
0.04974 0.40805
0.71952 0.80763
0.25085 0.32833
0.93892 0.77961
0.69398 0.96905
0.88086 0.84873
0.95095 0.16965
0.45075 0.20088
0.43410 0.16764
0.44539 0.17791
0.91045 0.63990
0.75624 0.06885
0.57488 0.99420
0.15679 0.86066
0.67594 0.99155
0.55717 0.87528
0.86069 0.11705
0.05383 0.69820
0.05692 0.53683
0.14943 0.91232
0.77078 0.86980
0.67112 1.00985
0.12507 0.06013
0.15262 0.94300
0.85415 0.08865
0.22200 0.65790
0.20084 0.98232
0.59835 0.93535
0.35478 0.12460
0.89247 0.60066
0.03669 0.75152
0.02388 0.39306
0.15908 0.85568
0.66320 0.69726
0.68335 0.75153
0.09697 0.63599
0.62525 0.31590
0.90197 0.67880
0.07678 0.33444
0.90131 0.70184
0.46424 0.24706
0.69483 0.98967
0.91010 0.48282
0.57003 0.45061
0.72339 0.69418
0.61448 0.94691
0.76378 0.65399
0.70614 0.70070
0.77602 0.85496
0.90294 0.10042
0.03626 0.75166
0.91455 0.67906
0.45128 0.92989
0.69453 0.99107
0.49936 0.61241
0.90584 0.51666
0.86679 0.84271
0.30023 0.34299
0.58261 0.93200
0.46037 0.94080
0.43761 0.20533
0.07298 0.35954
0.24743 0.66580
0.48016 0.19056
0.74734 0.10186
0.74740 0.08291
0.66574 0.69586
0.57579 0.95603
0.95507 0.53557
0.29399 0.32923
0.19769 0.37800
0.17656 0.89676
0.85014 0.12764
0.84123 0.30466
0.87903 0.80272
0.91081 0.50289
0.63671 0.74982
0.16539 0.95070
0.04788 0.57000
0.07305 0.42751
0.35530 0.09565
0.69989 0.07241
0.73313 0.71856
0.53206 0.45586
0.01858 0.54400
0.67473 0.95491
0.18366 -0.01654
0.42034 0.73393
0.23235 0.01560
0.94193 0.77759
0.90714 0.68672
0.61115 0.94522
0.36152 0.13900
0.22138 0.34985
0.13460 0.34467
0.50206 0.57440
0.09392 0.40375
0.82178 0.30184
0.66018 0.74382
0.18613 0.32577
0.71989 0.06244
0.00639 0.76888
0.04228 0.36881
0.69843 1.01063
0.50662 0.61154
0.49954 0.63178
0.41157 0.71149
0.66842 0.74879
0.43909 0.69355
0.89739 0.15047
0.68162 0.81328
0.93385 0.79161
0.45119 0.20910
0.84857 0.47177
0.56458 0.45345
0.57072 0.48020
0.49146 0.95932
0.16370 0.06058
0.15265 0.05036
0.68119 0.06143
0.42175 0.23050
0.33702 0.12302
0.68316 0.02597
0.30917 0.12695
0.65946 0.79886
0.70375 0.66217
0.12733 0.91345
0.68052 0.78495
0.77127 0.28624
0.05950 0.55881
0.28378 0.62037
0.75123 0.67616
0.16483 0.36497
0.72276 1.00803
0.18150 0.88654
0.84578 0.27763
0.54086 0.47126
0.37686 0.09022
0.69531 0.72274
0.54685 0.58254
0.92509 0.69630
0.52842 0.60388
0.46765 0.19334
0.01104 0.56864
0.69018 0.04613
0.75483 0.11672
0.60154 0.36571
0.88292 0.60426
0.57753 0.95918
0.57839 0.94360
0.28587 0.58020
0.98899 0.79663
0.75771 0.86925
0.13717 0.89538
0.69832 0.09647
0.71269 0.07995
0.06470 0.67987
0.60630 0.35357
0.67086 0.79621
0.59091 0.30363
0.16141 0.36313
0.70985 0.10739
0.68409 0.77480
0.75198 0.04077
0.94090 0.55666
0.31808 0.32885
0.58970 0.93677
0.68036 0.70225
0.67152 0.72168
0.44397 0.18593
0.50135 0.62499
0.56694 0.97848
0.86686 0.63175
0.97999 0.60713
0.09079 0.38932
0.89611 0.48962
0.01412 0.57400
0.83751 0.29533
0.96392 0.61317
0.28668 0.00968
0.63115 0.34630
0.76617 0.12922
0.15871 0.05713
0.22030 0.95362
0.51945 0.62059
0.16721 0.88998
0.19308 0.36837
0.59219 0.31472
0.40937 0.72721
0.89132 0.88082
0.04215 0.53427
0.81199 0.29090
0.69373 0.07951
0.93403 0.15627
0.73351 0.09154
0.24125 0.68256
0.33674 0.08394
0.31463 0.06486
0.57297 0.50655
0.71570 0.11247
0.72515 0.74548
0.85943 0.58164
0.85632 0.83795
0.16028 0.02045
0.56253 0.94131
0.88864 0.83496
0.08138 0.35496
1.00712 0.77626
0.79093 0.14100
0.27656 0.29630
0.26054 0.00985
0.88542 0.48053
0.94948 0.18168
0.76353 0.84578
0.99943 0.76364
0.41594 0.72502
0.19711 0.33780
0.04573 0.72703
0.27231 0.32063
0.88472 0.18196
0.23900 0.03400
0.71264 0.70769
0.88974 0.63804
0.60030 0.32288
0.52404 0.87800
0.98156 0.58905
0.49556 0.61871
0.34113 0.04936
0.25929 0.34156
0.17815 0.89503
0.27614 0.32812
0.48304 0.58852
0.70479 0.73467
0.08493 0.67675
0.15679 0.90907
0.71069 0.60663
0.75458 0.12653
0.93009 0.84755
0.60764 0.90876
0.96588 0.57563
0.36309 0.09104
0.84702 0.49936
0.66481 0.68245
0.88316 0.85230
0.07788 0.41324
0.13700 0.02669
0.77012 0.65747
0.11648 0.37549
0.97601 0.78765
0.35741 0.10173
0.89178 0.64998
0.89743 0.65637
0.23931 0.01663
0.44330 0.69394
0.50007 0.62945
0.67301 0.98059
0.44341 0.96159
0.25356 0.32963
0.86715 0.61544
0.11353 0.40942
0.16996 0.06418
0.83738 0.52327
0.97472 0.58577
0.17695 0.36996
0.79503 0.65487
0.33039 0.08185
0.08357 0.57014
0.07759 0.35953
0.45888 0.93546
0.68631 1.00021
0.19971 0.38841
0.45649 0.65403
0.88062 0.66855
0.33939 0.07644
0.96726 0.59359
0.66448 0.68643
0.53891 0.50816
0.46941 0.96458
0.41147 0.75265
0.19269 0.96448
0.68954 0.06669
0.92195 0.67371
0.67746 0.73172
0.77459 0.85473
0.93050 0.51471
0.24042 0.32103
0.74258 0.13665
0.22878 0.03613
0.61996 0.77652
0.86613 0.09849
0.70845 0.04339
0.69055 0.10007
0.88255 0.84541
0.43966 0.20073
0.91056 0.17807
0.84742 0.83199
0.10252 0.66116
0.67170 0.05533
0.99790 0.78723
0.74256 0.10546
0.08243 0.34571
0.75788 0.27495
0.23575 0.66967
0.75430 0.82874
0.20059 0.96820
0.67889 0.03618
0.70074 1.01664
0.10355 0.93819
0.11282 0.95410
0.28953 0.02523
0.92583 0.82887
0.91240 0.78446
0.08066 0.77688
0.25884 0.02727
0.19652 0.05008
0.08345 0.37353
0.79409 0.28097
0.93358 0.80933
0.60996 0.94777
0.06513 0.41226
0.45717 0.19799
0.78956 0.03256
0.68310 0.07209
0.69299 0.65791
0.08887 0.38090
0.63165 0.36713
0.28029 0.30722
0.96178 0.78139
0.72378 0.70712
0.58495 0.95880
0.59308 0.96897
0.15136 0.08331
0.93379 0.15941
0.38592 0.69374
0.69569 0.68739
0.65596 0.05470
0.04564 0.56551
0.51486 0.59707
0.28218 0.57254
0.37538 0.10903
0.34186 0.17986
0.77402 0.82861
0.68869 0.69907
0.73558 0.07436
0.91008 0.51588
0.61851 0.35061
0.87144 0.50827
0.60442 0.32631
0.85728 0.52305
0.06209 0.77489
0.68193 0.08308
0.22922 0.34121
0.87510 0.11617
0.44908 0.20651
0.52872 0.59676
0.06907 0.69642
0.57473 0.96564
0.65670 0.77040
0.87009 0.08785
0.03323 0.52615
0.16488 0.07497
0.76229 0.85895
0.48507 0.95997
0.70024 0.72420
0.67211 0.58687
0.52872 0.60213
0.21676 0.98521
0.09200 0.64687
0.06708 0.39947
0.80251 0.69305
0.98535 0.79772
0.41401 0.71799
0.75653 0.62035
0.87310 0.11042
0.07639 0.75071
0.26615 0.31972
0.86400 0.11078
0.35611 0.08444
0.89671 0.66700
0.31740 0.58902
0.63111 0.36804
0.06544 0.36559
0.63363 0.35815
0.09111 0.93838
0.15965 0.07823
0.19280 0.06787
0.11999 0.70823
0.18187 0.08098
0.92435 0.17491
0.77364 0.08814
0.69759 0.75629
0.79243 0.28383
0.19386 0.03018
0.70226 0.11060
0.70596 0.71762
0.94244 0.82203
0.95687 0.15862
0.97983 0.60666
0.37737 0.14957
0.36087 0.10491
0.79100 0.31670
0.07078 0.56013
0.14513 0.05330
0.08386 0.34300
0.04249 0.54397
0.57228 0.52049
0.08325 0.39159
0.61900 0.94791
0.81851 0.28309
0.77534 0.65935
0.94694 0.49409
0.23861 0.64942
0.74652 0.84191
0.07351 0.35528
0.07731 0.37345
0.81112 0.59820
0.70204 0.04205
0.76045 0.64158
0.56029 0.89897
0.77313 0.09281
0.49585 0.55829
0.44305 0.22750
0.62040 0.35922
0.60091 0.33922
0.79025 0.30281
0.42849 0.72032
0.91400 0.86699
0.40345 0.71474
0.69747 0.02956
0.06758 0.37124
0.73224 0.64470
0.51975 0.63316
0.72627 0.06845
0.83743 0.26620
0.57425 0.93583
0.85842 0.61376
0.33632 0.29789
0.57849 0.96940
0.06851 0.42447
0.69848 0.09344
0.66351 0.77538
0.35768 0.09281
0.69426 1.01839
0.62127 0.75569
0.12040 0.92290
0.71876 0.07554
0.10313 0.38082
0.96830 0.76997
0.88411 0.51351
0.75357 0.05568
0.66570 0.62178
0.91266 0.68684
0.09562 0.93358
0.26152 0.65508
0.95423 0.81823
0.72269 0.08618
0.11917 0.91284
0.94715 0.59457
0.26930 0.60748
0.85601 0.63739
0.07554 0.41501
0.65205 0.76301
0.15856 0.88955
0.93724 0.78823
0.73913 0.09084
0.88154 0.15740
0.07415 0.68554
0.58125 0.36489
0.68905 0.76241
0.59383 0.93567
0.81711 0.81985
0.04180 0.55346
0.11808 0.94821
0.51120 0.58756
0.94446 0.85081
0.23758 0.67020
0.10216 0.69636
0.53502 0.48616
0.91567 0.84172
0.56963 0.97982
0.91057 0.16130
0.51974 0.95115
0.29446 0.61555
0.99692 0.78611
0.29826 0.63834
0.92160 0.65197
0.94398 0.57745
0.11014 0.66600
0.10945 0.93689
0.94116 0.22427
0.61724 0.36261
0.65729 0.79683
0.15863 0.04134
0.91432 0.17566
0.24314 0.97504
0.58738 0.97710
0.71893 0.64801
0.86087 0.59867
0.22751 0.37522
0.75534 0.07924
0.28062 0.62959
0.71784 0.72629
0.12444 0.36888
0.45384 0.17327
0.86977 0.62366
0.08222 0.63902
0.90705 0.50999
0.92158 0.12311
0.96011 0.52486
0.07918 0.70497
0.07077 0.35204
0.56810 0.46358
0.89592 0.50136
0.69469 0.99195
0.29713 0.56348
0.61131 0.31693
0.04767 0.51955
0.09881 0.87366
0.75025 0.82394
0.48882 0.61196
0.05804 0.96683
0.19836 0.89203
0.84461 0.52259
0.14635 0.89754
0.07007 0.55250
0.72239 0.10755
0.66508 0.71474
0.60143 0.94417
0.08203 0.37896
0.04307 0.56763
0.72481 0.85772
0.97313 0.61381
0.66562 0.78001
0.58137 0.93454
0.34457 0.07589
0.60045 0.99496
0.87445 0.85064
0.68282 0.06059
0.60668 0.93113
0.06133 0.36891
0.02391 0.74781
0.57319 0.35790
0.68603 1.00471
0.14969 0.06535
0.18656 0.40406
0.43626 0.70358
0.70942 0.69814
0.09095 0.68095
0.26317 0.68325
0.07095 0.56415
0.69564 0.77909
0.67857 0.06355
0.08475 0.63594
0.85514 0.85517
0.05538 0.41912
0.68286 0.09240
0.25430 0.66316
0.06098 0.55584
0.97415 0.75231
0.77448 0.65854
0.07190 0.55101
0.59575 0.94569
0.93918 0.69360
0.16908 0.04984
0.84669 0.60702
0.72337 0.64009
0.70532 0.62345
0.74969 0.06537
0.04730 0.52405
0.55238 0.88361
0.53572 0.60145
0.71004 0.67608
0.54011 0.86109
0.55108 0.45509
0.67095 0.69354
0.49039 0.60635
0.06716 0.40563
0.91874 0.50015
0.60075 0.93066
0.78496 0.07304
0.65072 0.06081
0.17576 0.36434
0.85204 0.82195
0.17544 0.05806
0.87697 0.52392
0.24766 0.66173
0.42234 0.98343
0.17456 0.36977
0.34652 0.15393
0.67763 0.77806
0.87662 0.85603
0.29960 0.29410
0.77025 0.90009
0.48937 0.94358
0.67624 0.76724
0.40206 0.69488
0.06216 0.36387
0.41949 0.74668
0.69361 0.97944
0.52603 0.58949
0.07767 0.38565
0.20912 0.36926
0.90530 0.82910
0.73275 0.71202
0.95323 0.52028
0.18026 0.31227
0.10144 0.94490
0.29728 0.63872
0.69599 0.74235
0.16379 0.04023
0.89007 0.84287
0.91348 0.63096
0.50497 0.64075
0.71460 0.10512
0.62290 0.32571
0.68056 0.04382
0.03900 0.77996
0.42529 0.70313
0.03565 0.75416
0.17832 0.05696
0.07767 0.37150
0.09626 0.38572
0.93147 0.49850
0.10413 0.36681
0.84842 0.07837
0.77039 0.84482
0.61257 0.96291
0.29883 0.59249
0.07096 0.39518
0.73217 0.70811
0.05797 0.35401
0.98208 0.75572
0.91587 0.86721
0.64068 0.77453
0.77660 0.88398
0.91119 0.47724
0.71653 0.73129
0.36369 0.11345
0.68516 0.09832
0.90906 0.80868
0.70756 0.62662
0.66913 0.06525
0.70466 0.07682
0.47840 0.93865
0.35393 0.14132
0.09428 0.38673
0.09312 0.75017
0.07917 0.36964
0.66685 0.67334
0.18233 0.92268
0.24732 0.62492
0.72972 0.72034
0.35754 0.18285
0.27556 0.00330
0.08208 0.69517
0.23012 0.67804
0.87674 0.10934
0.06547 0.66963
0.08369 0.38290
0.88282 0.17904
0.04358 0.58165
0.02670 0.72074
0.43551 0.22370
0.94292 0.81686
0.07802 0.38953
0.56667 0.85994
0.92847 0.61537
0.92221 0.65465
0.05428 0.75584
0.31835 0.08332
0.57290 0.94185
0.17686 0.03496
0.69007 0.72907
0.97446 0.78453
0.75233 0.07449
0.96949 0.77279
0.50446 0.62573
0.30234 0.59942
0.96675 0.62570
0.24789 0.01421
0.97712 0.59393
0.23091 0.66863
0.92382 0.79399
0.89448 0.66269
0.60932 0.93214
0.85703 0.11092
0.78209 0.82591
0.20567 0.96090
0.09746 0.39266
0.47215 0.23023
0.58457 0.96342
0.78005 0.64916
0.73773 0.09983
0.61786 0.40397
0.33887 0.13673
0.98699 0.74845
0.05773 0.54787
0.85559 0.72513
0.93688 0.76067
0.67064 0.05640
0.72955 0.73553
0.69555 0.59019
0.85288 0.52503
0.08981 0.38703
0.39339 0.05188
0.57541 0.92419
0.79014 0.85602
0.52086 0.44905
0.46863 0.98441
0.69730 0.70588
0.64075 0.80214
0.86538 0.07382
0.76899 0.04539
0.69165 0.78185
0.83486 0.49358
0.19886 0.39395
0.50872 0.62045
0.63363 0.34822
0.82908 0.86337
0.71479 0.70897
0.46526 0.21537
0.17949 0.97816
0.57336 0.49121
0.29135 0.58982
0.71796 0.69222
0.90330 0.67859
0.48729 0.96578
0.18043 0.89738
0.87377 0.15659
0.05418 0.58400
0.80567 0.32344
0.54045 0.59577
0.56551 0.90960
0.04942 0.51041
0.48123 0.96651
0.51670 0.58841
0.97292 0.77557
0.45979 0.18497
0.09161 0.67160
0.54359 0.94315
0.68355 0.06921
0.49492 0.56122
0.08482 0.36114
0.06328 0.36067
0.41649 0.70609
0.69799 0.06008
0.71585 0.68201
0.88430 0.50458
0.26113 0.00847
0.16861 0.11200
0.70428 0.61440
0.74679 0.11154
0.68706 0.67188
0.99132 0.76290
0.68645 0.60948
0.47170 0.18774
0.52669 0.65247
0.98880 0.78007
0.10112 0.94927
0.18768 0.08689
0.85057 0.65374
0.19943 0.96075
0.84173 0.12962
0.94514 0.82138
0.16536 0.86723
0.92463 0.80298
0.63499 0.36086
0.68990 0.69848
0.74832 0.84431
0.21662 0.98232
0.68366 0.77177
0.60187 0.94597
0.12122 0.95506
0.66248 0.71551
0.22152 0.70068
0.51685 0.59078
0.31045 0.27804
0.35338 0.07909
0.95620 0.62621
0.69150 0.79623
0.91348 0.50826
0.70036 0.98264
0.14261 0.38684
0.86980 0.85727
0.09584 0.90899
0.34192 0.11555
0.54214 0.87210
0.27275 0.58239
0.52877 0.85835
0.28908 0.01620
0.76799 0.69407
0.45463 0.95671
0.26093 0.65300
0.87020 0.47343
0.31879 0.12836
0.16443 0.37646
0.67366 0.72386
0.24539 -0.01557
0.81718 0.25134
0.73624 0.06702
0.68435 0.75408
0.89690 0.66920
0.41222 0.72744
0.17136 0.04124
0.73961 0.09809
0.66337 0.77812
0.60152 0.35105
0.67364 1.02490
0.70649 0.11160
0.76389 0.82180
0.24081 0.64946
0.17086 0.03521
0.07794 0.66529
0.55956 0.48488
0.21431 0.97662
0.49990 0.96021
0.60138 0.93674
0.46781 0.23829
0.65544 0.68099
0.48340 0.59046
0.49372 0.61890
0.97692 0.59598
0.29174 0.33048
0.11717 0.37601
0.15397 0.88143
0.46246 0.94763
0.68908 0.01492
0.03852 0.78355
0.65654 0.07201
0.94247 0.82387
0.79280 0.80953
0.33289 0.13552
0.68115 1.01460
0.90155 0.87556
0.93405 0.59095
0.54904 0.91511
0.34613 0.13949
0.33607 0.14319
0.75096 0.66679
0.97626 0.82863
0.07323 0.50384
0.94541 0.49237
0.58447 0.92250
0.76737 0.85727
0.24661 0.06457
0.65540 0.79210
0.89154 0.64115
0.69393 0.68909
0.70745 0.63580
0.62507 0.35778
0.84798 0.54239
0.97241 0.61591
0.39844 0.72971
