0.61326 0.55174
0.05695 0.99272
0.33423 0.15788
0.78182 0.66901
0.30059 0.82540
0.25588 0.29604
0.27961 0.02720
0.85668 0.88371
0.56267 0.76366
0.01615 0.69218
0.56075 0.77029
0.97353 0.03486
0.96624 0.88510
0.94914 0.35637
0.83601 0.55928
0.15389 0.74570
0.27507 0.69954
0.15409 0.30383
0.45534 0.95693
0.36987 0.33249
0.49247 0.56062
0.45734 0.90187
0.34795 0.02898
0.99562 0.14972
0.23336 0.25954
0.89856 0.22271
0.91562 0.90630
0.55713 0.14344
0.17460 0.98329
0.99321 0.43555
0.59847 0.69069
0.71872 0.88659
0.75545 0.43963
0.02818 0.54899
0.88443 0.27377
0.91587 0.61105
0.60719 0.03637
0.48268 0.72914
0.02241 0.74100
0.16764 0.61579
0.58702 0.06544
0.25184 0.97701
0.28354 0.76456
0.81573 0.29333
0.18422 0.18562
0.13762 0.05313
0.24353 0.59609
0.61467 0.82159
0.25606 0.32213
0.20313 0.25903
0.83018 0.31533
0.96384 0.35351
0.51311 0.96022
0.54984 0.67113
0.81646 0.86756
0.63358 0.76709
0.72767 0.15790
0.87149 0.21656
0.28177 0.75260
0.12028 0.57623
0.83570 0.41125
0.05698 0.34011
0.78836 0.72796
0.50210 0.15438
0.48721 0.27683
0.36238 0.77843
0.86227 0.73017
0.05232 0.28963
0.97481 0.09202
0.24546 0.22502
0.66193 0.56256
0.90967 0.96225
0.90189 0.88250
0.59865 0.69115
0.97227 0.54722
0.27710 0.08155
0.67932 0.01484
0.13293 0.59326
0.34197 0.20502
0.74069 0.80008
0.48923 0.44810
0.16988 0.34133
0.36031 0.23986
0.18406 0.48595
0.59821 0.36700
0.44178 0.15508
0.03142 0.19676
0.31711 0.69294
0.63572 0.06756
0.29311 0.82147
0.70514 0.21192
0.82731 0.10471
0.08122 0.30978
0.87195 0.29711
0.68736 0.43686
0.12599 0.89338
0.17792 0.58854
0.88120 0.10228
0.38165 0.34979
0.55383 0.63912
0.13821 0.81541
0.32040 0.10130
0.90881 0.24909
0.03419 0.52289
0.92246 0.17129
0.86721 0.90634
0.84281 0.16954
0.02443 0.79606
0.62253 0.44138
0.40206 0.35215
0.03708 0.09227
0.51254 0.33089
0.97802 0.37333
0.79195 0.73919
0.16812 0.80353
0.98956 0.62789
0.37012 0.24323
0.84081 0.85006
0.05588 0.96894
0.24809 0.50643
0.83944 0.44596
0.59759 0.02675
0.82743 0.92496
0.81652 0.45712
0.93607 0.55676
0.55395 0.28910
0.64659 0.50240
0.63933 0.63450
0.21232 0.82372
0.22726 0.01856
0.25015 0.70059
0.78359 0.25816
0.26666 0.93578
0.96385 0.04380
0.82904 0.35556
0.91379 0.27272
0.85082 0.17944
0.90067 0.02056
0.85238 0.42722
0.99365 0.82371
0.48818 0.77698
0.78838 0.45614
0.82275 0.79410
0.43952 0.53600
0.80316 0.52470
0.62679 0.13934
0.92638 0.85246
0.91610 0.45790
0.70891 0.52321
0.36854 0.82635
0.84026 0.87557
0.98496 0.04919
0.56447 0.00776
0.46753 0.70928
0.82283 0.65001
0.63183 0.01895
0.66337 0.42655
0.69469 0.83203
0.16562 0.90255
0.25068 0.70132
0.81807 0.88082
0.42225 0.38099
0.47103 0.19034
0.21290 0.98895
0.11096 0.02067
0.64340 0.76266
0.49786 0.02647
0.17992 0.15512
0.03684 0.65232
0.63999 0.92947
0.06381 0.97891
0.59565 0.52800
0.61609 0.59343
0.88306 0.51899
0.13118 0.17070
0.88509 0.24235
0.90297 0.00395
0.40197 0.97474
0.82261 0.03456
0.37220 0.88457
0.22176 0.23455
0.19032 0.09791
0.84160 0.59783
0.76922 0.18849
0.90125 0.38186
0.03312 0.49935
0.28737 0.44847
0.57184 0.56004
0.45700 0.78742
0.35835 0.25180
0.09630 0.03008
0.42730 0.29017
0.84314 0.74159
0.51891 0.00340
0.19315 0.56873
0.15787 0.04655
0.19081 0.13539
0.06804 0.59332
0.22607 0.65311
0.41727 0.66047
0.25684 0.26730
0.00285 0.15826
0.92042 0.42833
0.98442 0.31509
0.50828 0.01050
0.86677 0.93569
0.64119 0.06173
0.63239 0.79633
0.38317 0.13128
0.18819 0.28798
0.92404 0.26105
0.55757 0.29590
0.89586 0.68860
0.65107 0.20137
0.15729 0.12291
0.33203 0.00606
0.94696 0.21236
0.21103 0.95876
0.00897 0.29358
0.55532 0.51372
0.19720 0.56456
0.29291 0.03708
0.20359 0.07227
0.95420 0.88052
0.89507 0.84885
0.30010 0.65001
0.81953 0.46490
0.51436 0.18119
0.28901 0.46982
0.00704 0.26755
0.83064 0.55967
0.88724 0.51298
0.36258 0.83343
0.63124 0.14364
0.78249 0.98338
0.42152 0.86961
0.59759 0.13927
0.39558 0.07366
0.87125 0.20656
0.02872 0.77189
0.24700 0.72744
0.77558 0.67553
0.86742 0.84360
0.64150 0.26863
0.81216 0.42236
0.31333 0.71995
0.77796 0.62262
0.57802 0.09571
0.25740 0.09907
0.51641 0.98496
0.72330 0.00362
0.61709 0.86292
0.55624 0.61309
0.70976 0.85630
0.14911 0.94247
0.46488 0.96815
0.46912 0.94145
0.37337 0.57208
0.83140 0.63226
0.04162 0.58346
0.11299 0.52442
0.82304 0.56837
0.65267 0.84486
0.27354 0.86870
0.02593 0.60178
0.41268 0.21755
0.72450 0.19306
0.26506 0.35904
0.20824 0.82407
0.68906 0.87234
0.28749 0.38801
0.36437 0.15564
0.67121 0.83368
0.77506 0.62600
0.59071 0.05560
0.98324 0.72356
0.98390 0.81158
0.12766 0.00722
0.86480 0.72552
0.01001 0.06266
0.96207 0.24450
0.62126 0.74551
0.77854 0.50807
0.16328 0.82987
0.47249 0.06366
0.48373 0.56752
0.82667 0.94078
0.85411 0.10551
0.49582 0.09194
0.89299 0.58054
0.00497 0.15209
0.66775 0.56452
0.99880 0.68557
0.10571 0.70252
0.70652 0.40689
0.07715 0.37392
0.58603 0.19558
0.65099 0.24454
0.99973 0.33970
0.55710 0.35281
0.07548 0.94240
0.79167 0.49004
0.11484 0.59461
0.96760 0.77869
0.22480 0.12070
0.93569 0.51996
0.42413 0.02602
0.87583 0.29306
0.94336 0.36189
0.08894 0.02680
0.64258 0.44950
0.51148 0.86670
0.33340 0.54969
0.10222 0.47409
0.61537 0.74425
0.02842 0.27469
0.91803 0.47417
0.70621 0.26805
0.87131 0.32564
0.65487 0.32778
0.04997 0.05213
0.36379 0.73350
0.88013 0.54543
0.60441 0.31090
0.15104 0.85166
0.21670 0.73795
0.60337 0.95636
0.26994 0.84215
0.00341 0.62635
0.98095 0.26540
0.30643 0.29424
0.29900 0.07256
0.92530 0.78938
0.41761 0.99965
0.97556 0.50338
0.12827 0.91160
0.26878 0.38424
0.95299 0.65184
0.40670 0.22295
0.43615 0.20296
0.92290 0.35264
0.76587 0.60572
0.11907 0.08094
0.30753 0.46641
0.38595 0.59462
0.41017 0.64743
0.46128 0.56095
0.79140 0.06699
0.96499 0.25311
0.71984 0.34329
0.57306 0.19275
0.48509 0.15119
0.43008 0.43318
0.49003 0.40718
0.44747 0.23906
0.64440 0.16578
0.52941 0.55271
0.58306 0.99066
0.28301 0.90513
0.18221 0.58939
0.35405 0.72200
0.54688 0.48756
0.94699 0.86224
0.41651 0.53811
0.62582 0.20812
0.98141 0.66807
0.90710 0.10476
0.89613 0.09669
0.15682 0.60388
0.33215 0.45718
0.55410 0.57881
0.79362 0.40358
0.58742 0.68793
0.18070 0.41214
0.13410 0.24185
0.82593 0.80689
0.95631 0.56907
0.14968 0.78837
0.34151 0.74238
0.80394 0.28422
0.18352 0.34555
0.82634 0.61099
0.78182 0.95342
0.76795 0.48442
0.06511 0.92533
0.86066 0.48656
0.02251 0.80664
0.86647 0.21350
0.97407 0.20243
0.58027 0.51749
0.67423 0.48050
0.13322 0.56611
0.98488 0.19081
0.15047 0.84199
0.16132 0.06002
0.57220 0.05015
0.00921 0.13494
0.57673 0.87204
0.42895 0.97455
0.89499 0.04856
0.60957 0.37980
0.72330 0.38588
0.94378 0.62307
0.31772 0.27443
0.54815 0.84945
0.20128 0.35326
0.52836 0.57140
0.67513 0.60446
0.24731 0.00798
0.65944 0.20983
0.77522 0.86267
0.90698 0.35825
0.13893 0.62434
0.25108 0.12807
0.14973 0.43665
0.18343 0.27308
0.79654 0.50767
0.53446 0.47286
0.25364 0.42357
0.84880 0.93860
0.24672 0.25297
0.73313 0.22907
0.54952 0.43093
0.18845 0.55680
0.94364 0.40214
0.55975 0.76963
0.42031 0.93337
0.47120 0.97710
0.78649 0.89654
0.11528 0.30879
0.05546 0.37274
0.06124 0.24432
0.82379 0.33311
0.54520 0.49471
0.95451 0.69902
0.84644 0.29040
0.20046 0.78982
0.46112 0.36136
0.12356 0.09808
0.66190 0.25912
0.77823 0.89524
0.82116 0.08288
0.84704 0.83173
0.32175 0.45314
0.39536 0.82146
0.32354 0.91917
0.53032 0.60187
0.53381 0.00449
0.17514 0.74742
0.60481 0.94738
0.30945 0.19444
0.41283 0.24611
0.68850 0.92098
0.63205 0.94134
0.96093 0.31375
0.15152 0.45124
0.56787 0.85650
0.26156 0.69919
0.12146 0.63935
0.99300 0.35588
0.73044 0.28310
0.52742 0.07432
0.75043 0.13479
0.14609 0.52195
0.60402 0.29235
0.41157 0.73579
0.89713 0.86059
0.71003 0.46625
0.79068 0.28271
0.29628 0.14061
0.99025 0.80604
0.72769 0.15699
0.45482 0.52220
0.89443 0.20630
0.24040 0.74891
0.79594 0.50879
0.69892 0.04274
0.72126 0.58456
0.45514 0.71085
0.40808 0.92864
0.20583 0.97192
0.12995 0.26295
0.66280 0.94535
0.07295 0.66014
0.16629 0.05071
0.79461 0.07026
0.23431 0.84283
0.50110 0.13060
0.15723 0.25452
0.69970 0.78439
0.72848 0.20926
0.48166 0.26746
0.16386 0.34048
0.67109 0.20267
0.88396 0.71504
0.28363 0.72843
0.48722 0.65643
0.29486 0.59519
0.86417 0.38491
0.02539 0.88330
0.52351 0.59052
0.75050 0.63785
0.66284 0.81338
0.78871 0.69163
0.70666 0.42935
0.21491 0.27397
0.86147 0.73456
0.41683 0.96832
0.49729 0.12280
0.13724 0.55459
0.26490 0.93831
0.37934 0.01593
0.60151 0.72235
0.49544 0.41984
0.84562 0.38787
0.80075 0.17924
0.64689 0.66457
0.66174 0.28191
0.60924 0.29361
0.41219 0.14690
0.44516 0.58087
0.15393 0.59139
0.27750 0.36568
0.40783 0.53444
0.18280 0.19435
0.34114 0.03077
0.78445 0.35479
0.56402 0.71457
0.21346 0.55442
0.00724 0.21217
0.98456 0.14405
0.60466 0.71870
0.45930 0.85665
0.68064 0.97407
0.41597 0.13685
0.09240 0.58302
0.44686 0.70638
0.44496 0.45947
0.35296 0.16459
0.74927 0.45818
0.65406 0.49417
0.25814 0.87040
0.10093 0.84607
0.55869 0.53753
0.45145 0.52999
0.61710 0.36133
0.14977 0.23878
0.08590 0.55044
0.08804 0.61253
0.17798 0.66863
0.42987 0.06705
0.25663 0.66873
0.10815 0.54127
0.40498 0.32760
0.41236 0.53651
0.16182 0.12709
0.22139 0.73800
0.56872 0.34537
0.54781 0.96511
0.57412 0.45919
0.15307 0.70507
0.83669 0.97475
0.33173 0.03209
0.25783 0.48819
0.96739 0.49936
0.97624 0.48926
0.89133 0.26707
0.93096 0.34959
0.39913 0.29569
0.87992 0.12465
0.21298 0.88599
0.70746 0.18250
0.78163 0.31905
0.36944 0.56289
0.52602 0.49310
0.83014 0.19467
0.98239 0.30287
0.31596 0.88384
0.92062 0.13792
0.94831 0.26598
0.15781 0.95630
0.27035 0.38843
0.07985 0.19545
0.59802 0.72155
0.65768 0.02829
0.87470 0.26036
0.37656 0.22247
0.36198 0.26183
0.58168 0.06891
0.66725 0.18150
0.30144 0.52431
0.26533 0.93120
0.72400 0.96454
0.90885 0.12272
0.67782 0.35761
0.18925 0.04583
0.50314 0.14014
0.71257 0.76571
0.31479 0.65738
0.21276 0.42145
0.13938 0.06428
0.04817 0.26746
0.34774 0.69583
0.64158 0.70943
0.22152 0.29844
0.76523 0.54057
0.60600 0.16675
0.18452 0.38442
0.44530 0.08783
0.96573 0.01251
0.06534 0.54675
0.66238 0.90954
0.76504 0.95728
0.12524 0.83022
0.27071 0.93721
0.40103 0.33399
0.55961 0.91099
0.35199 0.85939
0.68831 0.48059
0.11600 0.93734
0.73047 0.19304
0.42024 0.84343
0.02848 0.74690
0.25401 0.95645
0.12918 0.79551
0.72003 0.59902
0.45565 0.31548
0.30262 0.63862
0.15375 0.28330
0.50721 0.69272
0.33279 0.45222
0.27676 0.20919
0.44313 0.57459
0.72551 0.99253
0.84734 0.31457
0.71152 0.02441
0.71147 0.13288
0.17397 0.58233
0.17501 0.37183
0.47740 0.84955
0.40031 0.30427
0.09000 0.71388
0.10063 0.39001
0.81781 0.75687
0.33204 0.60231
0.48758 0.02701
0.88110 0.75278
0.97711 0.32779
0.11201 0.37929
0.60415 0.86099
0.55797 0.86623
0.20286 0.25336
0.33052 0.24859
0.81985 0.65374
0.06329 0.34073
0.53381 0.72331
0.67907 0.47490
0.21189 0.68543
0.19006 0.92131
0.86850 0.00744
0.85912 0.73865
0.74963 0.69143
0.19339 0.58035
0.94206 0.39418
0.95502 0.75636
0.50612 0.91388
0.35948 0.38516
0.21651 0.76030
0.42319 0.66230
0.98845 0.57798
0.89262 0.78497
0.52716 0.93731
0.14761 0.98218
0.93530 0.72338
0.30811 0.93152
0.36044 0.07995
0.75416 0.40118
0.03138 0.63182
0.56791 0.89571
0.22142 0.39008
0.07107 0.41434
0.77274 0.14462
0.74153 0.03047
0.88735 0.72205
0.12244 0.63780
0.22718 0.65920
0.55775 0.35588
0.38080 0.40323
0.41582 0.05876
0.64596 0.93549
0.68048 0.89895
0.37189 0.05796
0.60154 0.62200
0.18878 0.98693
0.52900 0.65869
0.13742 0.01787
0.04514 0.61032
0.66038 0.23432
0.00764 0.36055
0.37022 0.96182
0.21072 0.97609
0.13976 0.03127
0.57155 0.31721
0.97832 0.43393
0.11572 0.47705
0.80040 0.23834
0.86658 0.74908
0.04837 0.24856
0.23760 0.01611
0.23376 0.25716
0.35105 0.86740
0.21915 0.20292
0.90534 0.60579
0.50405 0.13799
0.36580 0.43016
0.29349 0.89138
0.68816 0.44843
0.07015 0.50695
0.29111 0.70745
0.10514 0.05743
0.53296 0.61328
0.22218 0.40874
0.27472 0.76473
0.78106 0.03097
0.62963 0.20623
0.52976 0.23564
0.36815 0.92928
0.00847 0.82339
0.21826 0.29141
0.94137 0.88166
0.19076 0.16638
0.34516 0.83559
0.28829 0.31393
0.73980 0.86685
0.49779 0.74876
0.00540 0.10666
0.31782 0.46202
0.35316 0.46358
0.94498 0.14111
0.92931 0.48270
0.78974 0.34960
0.28111 0.57666
0.49278 0.54609
0.04085 0.70164
0.96410 0.17253
0.92741 0.97255
0.08057 0.22980
0.23775 0.34200
0.35980 0.58867
0.27145 0.80662
0.50993 0.29431
0.19036 0.20594
0.16141 0.41875
0.56955 0.90071
0.10853 0.05173
0.70294 0.33646
0.25271 0.82907
0.02968 0.87145
0.34912 0.29724
0.58303 0.81847
0.50445 0.46230
0.22318 0.37725
0.72164 0.06794
0.06518 0.90695
0.83266 0.67142
0.68105 0.00342
0.91659 0.35603
0.82970 0.09973
0.10952 0.23293
0.95223 0.75352
0.81676 0.44549
0.60441 0.26062
0.72843 0.63206
0.90805 0.32075
0.35619 0.96410
0.25013 0.51875
0.04317 0.81477
0.47269 0.34595
0.79520 0.12250
0.37224 0.64300
0.25232 0.72747
0.70942 0.72960
0.19565 0.92118
0.53797 0.36199
0.79042 0.29968
0.94767 0.26504
0.89169 0.52721
0.11001 0.81513
0.70617 0.14180
0.45780 0.39650
0.68554 0.16839
0.88429 0.96225
0.97823 0.74539
0.51748 0.31003
0.12260 0.66362
0.80243 0.49241
0.51619 0.50450
0.39566 0.28273
0.85832 0.62129
0.90657 0.27168
0.39943 0.75506
0.10505 0.77769
0.95118 0.88483
0.64418 0.01881
0.91593 0.91908
0.91611 0.61449
0.01798 0.07217
0.01722 0.10218
0.33804 0.84501
0.60312 0.26933
0.40360 0.27029
0.42285 0.90086
0.30440 0.52386
0.40859 0.90944
0.04013 0.53842
0.90296 0.45317
0.32200 0.79552
0.85244 0.18065
0.86327 0.94455
0.09329 0.34362
0.40170 0.35328
0.97513 0.42221
0.87487 0.98217
0.81977 0.01909
0.30789 0.12273
0.47841 0.17417
0.01835 0.24101
0.40302 0.38001
0.12823 0.30643
0.00710 0.81452
0.85532 0.65092
0.49680 0.46013
0.89682 0.56510
0.72993 0.00762
0.54346 0.85963
0.93431 0.68736
0.46314 0.96091
0.39069 0.43099
0.81665 0.56293
0.44226 0.27279
0.49766 0.79100
0.39883 0.61898
0.13851 0.84778
0.76529 0.19007
0.10084 0.14971
0.81728 0.98620
0.77508 0.50327
0.00875 0.78791
0.18747 0.13424
0.91405 0.16123
0.25957 0.58898
0.30583 0.43880
0.64119 0.03196
0.13429 0.87467
0.62495 0.90413
0.93707 0.71909
0.96927 0.99067
0.40477 0.44223
0.60154 0.37781
0.81694 0.11124
0.92031 0.76794
0.55275 0.19432
0.17002 0.28778
0.90183 0.74745
0.77603 0.45076
0.96857 0.02391
0.40386 0.44177
0.96915 0.11256
0.55833 0.80480
0.39359 0.32761
0.59511 0.61689
0.34496 0.09673
0.80146 0.18307
0.56381 0.35439
0.86494 0.66069
0.79485 0.32886
0.39917 0.20246
0.21507 0.43431
0.12279 0.03733
0.50452 0.34601
0.74708 0.85309
0.06424 0.22504
0.97734 0.33834
0.19189 0.72283
0.56595 0.50845
0.17926 0.13143
0.61878 0.96214
0.06550 0.40846
0.60397 0.47453
0.19284 0.41642
0.04967 0.83254
0.26533 0.15555
0.63564 0.32847
0.66347 0.63662
0.70291 0.71041
0.66002 0.24749
0.11709 0.13539
0.04297 0.41752
0.05141 0.48750
0.99875 0.99894
0.69217 0.42171
0.54711 0.86071
0.40207 0.40406
0.77973 0.01215
0.03072 0.54347
0.13112 0.44490
0.95771 0.99878
0.46455 0.79215
0.33126 0.51044
0.66568 0.39016
0.63424 0.31629
0.85838 0.20000
0.34670 0.25504
0.46003 0.27750
0.88614 0.76721
0.70272 0.32710
0.36453 0.41192
0.04897 0.33370
0.13092 0.14649
0.41835 0.49999
0.29062 0.30763
0.74573 0.49399
0.87137 0.24553
0.66100 0.19376
0.81567 0.58664
0.29696 0.59431
0.69353 0.94421
0.02896 0.12532
0.32126 0.29428
0.93042 0.95881
0.14997 0.49543
0.94469 0.59442
0.36379 0.89334
0.78324 0.41276
0.20445 0.62965
0.02027 0.38650
0.81584 0.62299
0.30799 0.88562
0.17252 0.82622
0.61915 0.29248
0.04136 0.48136
0.83834 0.38671
0.32009 0.00073
0.18703 0.00910
0.21967 0.42573
0.98686 0.74925
0.89863 0.10811
0.90982 0.77022
0.70151 0.46604
0.14465 0.90390
0.47364 0.61107
0.61991 0.85958
0.50186 0.51206
0.45765 0.45046
0.10846 0.58099
0.81310 0.23096
0.10111 0.95833
0.90354 0.66570
0.36001 0.02366
0.12156 0.66883
0.84411 0.92540
0.76573 0.86321
0.60908 0.75195
0.66506 0.15025
0.33347 0.66553
0.74978 0.49887
0.91309 0.89135
0.86083 0.54451
0.02203 0.30988
0.37783 0.88398
0.50177 0.47952
0.35617 0.44252
0.24121 0.50528
0.64491 0.77617
0.07599 0.16153
0.99550 0.35246
0.16866 0.67589
0.86684 0.89558
0.39493 0.32184
0.20637 0.86251
0.73614 0.08426
0.42618 0.33170
0.30190 0.82477
0.83312 0.52487
0.76127 0.83645
0.77165 0.62775
0.60566 0.99525
0.52108 0.32746
0.01521 0.98966
0.37711 0.59535
0.82328 0.63607
0.86712 0.40634
0.12648 0.44987
0.58144 0.73914
0.54807 0.44554
0.07762 0.92213
0.54472 0.06604
0.12394 0.82345
0.63038 0.54231
0.54711 0.66780
0.59844 0.71560
0.63946 0.42349
0.17242 0.23112
0.57677 0.02998
0.81181 0.74470
0.62038 0.55089
0.43203 0.76939
0.89876 0.74290
0.80815 0.56064
0.32409 0.67421
0.43015 0.06477
0.47899 0.00998
0.67769 0.97877
0.92666 0.37022
0.69448 0.18146
0.29938 0.94881
0.72109 0.34114
0.01189 0.46512
0.58762 0.76357
0.54542 0.83053
0.36128 0.94524
0.86768 0.06033
0.57389 0.67185
0.68627 0.59561
0.21579 0.17912
0.06703 0.39443
0.24809 0.44199
0.03118 0.15097
0.31731 0.05212
0.13964 0.62995
0.34172 0.30532
0.19065 0.28051
0.37440 0.07312
0.33046 0.22515
0.05621 0.30913
0.01867 0.40184
0.98746 0.88638
0.31092 0.53465
0.15116 0.21265
0.77960 0.94573
0.36644 0.02809
0.06198 0.79376
0.72612 0.83957
0.63373 0.12805
0.92134 0.89018
0.46430 0.42904
0.54532 0.87264
0.32851 0.62679
0.19789 0.11446
0.77549 0.80304
0.51020 0.32658
0.34002 0.72707
0.75102 0.53327
0.91110 0.16168
0.36959 0.82702
0.44590 0.66843
0.55557 0.80955
0.00411 0.84610
0.65267 0.42125
0.76799 0.37482
0.93022 0.99621
0.79031 0.44856
0.39227 0.16864
0.59916 0.06907
0.03154 0.95861
0.29913 0.93471
0.88994 0.59323
0.64199 0.46865
0.03280 0.85787
0.91856 0.19967
0.10173 0.39908
0.15825 0.26886
0.48487 0.18795
0.33689 0.29611
0.88947 0.54918
0.87890 0.42884
0.36653 0.84898
0.79933 0.61462
0.21628 0.75883
0.00698 0.38656
0.74583 0.07349
0.22368 0.34694
0.48114 0.21479
0.45523 0.47730
0.51878 0.75787
0.55214 0.44844
0.35091 0.51053
0.85555 0.44999
0.04572 0.67098
0.82298 0.69616
0.64389 0.63613
0.95300 0.26458
0.00079 0.26431
0.89162 0.52632
0.92168 0.78759
0.23764 0.08099
0.04779 0.76209
0.46533 0.47671
0.13830 0.79687
0.89445 0.04879
0.40798 0.72387
0.26826 0.15467
0.71804 0.14297
0.45906 0.86736
0.66974 0.74945
0.34723 0.41792
0.07165 0.64780
0.25562 0.18167
0.63477 0.09558
0.36160 0.38397
0.12000 0.50667
0.40255 0.03915
0.19981 0.79935
0.81599 0.46769
0.88491 0.40437
0.05568 0.42120
0.53157 0.98459
0.72458 0.13431
0.27033 0.39709
0.05000 0.87501
0.83251 0.62918
0.02524 0.73433
0.06277 0.39361
0.04363 0.19990
0.20826 0.32959
0.97169 0.34094
0.12570 0.58641
0.11421 0.06708
0.44447 0.15870
0.14399 0.52007
0.81199 0.68952
0.96886 0.70055
0.18930 0.27058
0.93551 0.04237
0.71116 0.53108
0.86317 0.46198
0.35546 0.37346
0.61187 0.65608
0.09730 0.57851
0.26584 0.44642
0.61767 0.41864
0.00839 0.69314
0.17007 0.38008
0.94913 0.64229
0.20011 0.27192
0.16387 0.72740
0.48312 0.57039
0.95285 0.71097
0.47743 0.42192
0.41195 0.59538
0.51534 0.50621
0.37146 0.54535
0.25465 0.90106
0.59735 0.42760
0.78686 0.08415
0.29743 0.63997
0.25227 0.20994
0.50282 0.53412
0.68203 0.83050
0.05646 0.99918
0.60865 0.63771
0.25196 0.15651
0.91364 0.28995
0.27125 0.27639
0.33347 0.68829
0.52823 0.55712
0.58499 0.66772
0.85525 0.50708
0.38088 0.38063
0.57562 0.06097
0.35369 0.31696
0.89175 0.17262
0.81655 0.52231
0.50665 0.56847
0.58328 0.59969
0.97117 0.68734
0.60333 0.18800
0.01469 0.73641
0.94863 0.70259
0.98104 0.01514
0.03870 0.66007
0.91464 0.97376
0.48924 0.75773
0.20946 0.55471
0.73648 0.92307
0.97872 0.37160
0.28640 0.79201
0.87120 0.72599
0.98162 0.00313
0.14315 0.58757
0.62894 0.99485
0.60741 0.94261
0.80026 0.56187
0.64264 0.29568
0.78441 0.70123
0.99181 0.02586
0.59029 0.45844
0.80381 0.76825
0.31532 0.36064
0.45799 0.61847
0.36814 0.44241
0.82040 0.26420
0.77686 0.49015
0.77804 0.52546
0.54255 0.35926
0.83322 0.07286
0.45340 0.61475
0.40531 0.08794
0.19873 0.82527
0.31449 0.65108
0.26827 0.63773
0.84333 0.90473
0.48402 0.64094
0.85738 0.31589
0.07426 0.77505
0.39628 0.43847
0.88264 0.44575
0.97458 0.82218
0.75338 0.80750
0.60980 0.62926
0.11301 0.37572
0.16595 0.83975
0.92028 0.24600
0.46772 0.07374
0.44823 0.23945
0.52337 0.90929
0.12635 0.42645
0.55199 0.21698
0.85109 0.31481
0.75882 0.71126
0.70464 0.36525
0.68574 0.30275
0.10593 0.41985
0.34781 0.16123
0.63632 0.39750
0.32464 0.41284
0.39114 0.16368
0.79976 0.81510
0.77940 0.29609
0.64142 0.02052
0.26214 0.52475
0.76993 0.24828
0.65188 0.46055
0.46143 0.08313
0.90773 0.00954
0.87865 0.97936
0.36984 0.89067
0.79060 0.73727
0.03879 0.19932
0.67204 0.10507
0.88723 0.09440
0.69332 0.08339
0.45670 0.64474
0.03568 0.09806
0.92987 0.38465
0.84789 0.75993
0.73995 0.82276
0.48505 0.86369
0.56536 0.45388
0.43951 0.83168
0.33384 0.24420
0.46931 0.75036
0.09780 0.08901
0.24617 0.03687
0.78342 0.85604
0.75917 0.94176
0.91537 0.09917
0.45387 0.71414
0.28101 0.31265
0.66974 0.18994
0.84431 0.08960
0.18023 0.11362
0.42864 0.65141
0.58733 0.24609
0.23825 0.99616
0.02969 0.34985
0.74418 0.93820
0.78130 0.67430
0.41005 0.98411
0.00784 0.10775
0.49617 0.35079
0.57780 0.61376
0.42116 0.75129
0.77177 0.82865
0.85873 0.71628
0.86698 0.87949
0.70125 0.80615
0.32531 0.47353
0.12697 0.72995
0.41126 0.69860
0.43253 0.02044
0.64630 0.11028
0.79058 0.31800
0.63369 0.93879
0.55303 0.29253
0.19474 0.40811
0.12213 0.35902
0.25996 0.74388
0.32533 0.66169
0.10131 0.05302
0.63253 0.32429
0.39219 0.16619
0.42437 0.09088
0.37112 0.48794
0.35642 0.13580
0.15973 0.88876
0.78139 0.48231
0.55770 0.93939
0.96601 0.64641
0.90886 0.01237
0.45247 0.57616
0.82707 0.31877
0.41667 0.73039
0.01894 0.41023
0.20993 0.16732
0.13968 0.66653
0.46087 0.36411
0.42518 0.86170
0.77902 0.09687
0.85376 0.31520
0.05142 0.54812
0.52420 0.08849
0.98386 0.98553
0.39213 0.19134
0.07025 0.52125
0.47421 0.91969
0.23185 0.87489
0.61267 0.77667
0.01430 0.85850
0.83551 0.48007
0.23831 0.41786
0.36931 0.88863
0.89738 0.01331
0.36730 0.70058
0.01353 0.53176
0.91625 0.85368
0.59027 0.50439
0.02144 0.75559
0.42317 0.76348
0.22360 0.06292
0.54074 0.61177
0.18842 0.94278
0.45045 0.40125
0.97862 0.54281
0.27035 0.89342
0.47991 0.78889
0.07729 0.84316
0.18146 0.45982
0.96337 0.20046
0.73551 0.32021
0.97888 0.25782
0.26591 0.92859
0.27636 0.20791
0.02398 0.02602
0.82074 0.95172
0.77214 0.75612
0.22080 0.03194
0.65881 0.40742
0.28483 0.34040
0.18506 0.47002
0.34850 0.33689
0.09564 0.26900
0.83214 0.28388
0.68677 0.43111
0.60567 0.16494
0.73865 0.92917
0.64317 0.02161
0.60219 0.54943
0.81924 0.16603
0.03983 0.47353
0.87262 0.49231
0.85624 0.39503
0.48708 0.90960
0.39239 0.21341
0.88843 0.30148
0.95455 0.99191
0.37211 0.50479
0.60109 0.28839
0.81679 0.67618
0.64810 0.29625
0.14970 0.27393
0.17272 0.11052
0.62678 0.23702
0.66130 0.50411
0.07153 0.07853
0.95040 0.78628
0.63576 0.76613
0.18518 0.63193
0.41866 0.12456
0.76462 0.78465
0.31907 0.46233
0.42386 0.38328
0.76951 0.27175
0.59039 0.60495
0.92378 0.43517
0.72321 0.61071
0.80865 0.08827
0.90869 0.75492
0.04071 0.33469
0.15980 0.88822
0.95747 0.12236
0.06387 0.38719
0.16514 0.03088
0.59315 0.58996
0.11631 0.30027
0.04776 0.85278
0.91343 0.53405
0.80477 0.54773
0.98400 0.29094
0.74708 0.57331
0.44958 0.37536
0.86004 0.27525
0.30517 0.64297
0.68127 0.92534
0.92059 0.00125
0.06023 0.14895
0.46191 0.01984
0.94205 0.23862
0.72765 0.96761
0.49567 0.99498
0.62296 0.41228
0.55611 0.37561
0.94664 0.94689
0.89369 0.19155
0.64432 0.00081
0.18960 0.04245
0.20892 0.78293
0.35981 0.85218
0.54107 0.98413
0.67520 0.48509
0.58443 0.74845
0.19906 0.66534
0.74012 0.70145
0.37004 0.93563
0.76499 0.45006
0.44088 0.92396
0.12968 0.49519
0.30047 0.44201
0.06073 0.63658
0.20089 0.04012
0.32366 0.98148
0.60913 0.83122
0.84597 0.75659
0.61699 0.91931
0.87750 0.12138
0.88893 0.36618
0.28251 0.83484
0.82569 0.57226
0.86335 0.78056
0.25409 0.30869
0.28230 0.51893
0.07252 0.58059
0.98915 0.60289
0.46456 0.45952
0.78224 0.34336
0.26625 0.17087
0.20305 0.65498
0.05913 0.88792
0.53143 0.33928
0.46431 0.61867
0.46953 0.79066
0.14187 0.56685
0.98587 0.69425
0.56520 0.70821
0.05039 0.49756
0.07594 0.63323
0.81168 0.50948
0.31532 0.46424
0.65505 0.67268
0.40729 0.28493
0.24960 0.77668
0.40060 0.52913
0.44480 0.73348
0.19326 0.65220
0.71572 0.64719
0.25667 0.45667
0.57136 0.32718
0.33959 0.40131
0.66127 0.23971
0.35244 0.53817
0.82008 0.81383
0.08932 0.09633
0.95100 0.29311
0.20260 0.63028
0.95550 0.27491
0.34855 0.77605
0.85839 0.46406
0.30492 0.84251
0.85524 0.77480
0.66725 0.27395
0.19532 0.54615
0.94649 0.17489
0.07952 0.09356
0.17930 0.35690
0.67672 0.06716
0.69678 0.34042
0.48922 0.60342
0.99008 0.14173
0.10996 0.55269
0.04231 0.60944
0.87091 0.61716
0.39901 0.97687
0.64946 0.99144
0.36586 0.65492
0.50128 0.83314
0.18930 0.64444
0.24105 0.31376
0.05992 0.57190
0.20123 0.69703
0.74741 0.95492
0.04396 0.65140
0.37849 0.89236
0.41711 0.56325
0.16104 0.98005
0.94513 0.81112
0.30129 0.11938
0.41788 0.65830
0.47204 0.09330
0.74545 0.48243
0.91447 0.79257
0.90537 0.53881
0.94752 0.48706
0.61284 0.19366
0.38806 0.37504
0.31316 0.72953
0.61107 0.31994
0.33874 0.23237
0.24342 0.78094
0.66732 0.40809
0.51781 0.32856
0.69565 0.05308
0.62134 0.76735
0.77947 0.79972
0.25104 0.94762
0.60926 0.65407
0.24899 0.68050
0.64102 0.98615
0.27954 0.32581
0.87509 0.30648
0.00420 0.20352
0.43284 0.93385
0.11324 0.64068
0.02440 0.57744
0.09076 0.34583
0.29463 0.90779
0.65557 0.04220
0.07052 0.04634
0.30517 0.91197
0.15042 0.25378
0.69715 0.59441
0.71627 0.23724
0.82586 0.97089
0.13948 0.87006
0.29679 0.33893
0.62957 0.51128
0.50010 0.12417
0.81584 0.54360
0.57454 0.32815
0.77520 0.63329
0.29641 0.75248
0.13630 0.40622
0.81720 0.74884
0.37129 0.40871
0.68069 0.11941
0.25113 0.33984
0.24203 0.28321
0.60611 0.89029
0.31652 0.49785
0.23658 0.14254
0.65009 0.02928
0.14588 0.26765
0.66992 0.55199
0.20665 0.41198
0.53114 0.21650
0.78665 0.93484
0.06621 0.02079
0.44468 0.98682
0.23154 0.27882
0.54310 0.07495
0.14319 0.85900
0.35916 0.17661
0.64894 0.38571
0.06227 0.84751
0.77843 0.30450
0.97497 0.66923
0.56195 0.09003
0.80738 0.92650
0.38265 0.03688
0.56915 0.77919
0.67530 0.26988
0.43326 0.02687
0.10074 0.11082
0.66009 0.24993
0.77872 0.75931
0.77288 0.40516
0.32372 0.03486
0.48963 0.79649
0.79728 0.59412
0.17074 0.38581
0.73983 0.20006
0.92731 0.80701
0.92153 0.51755
0.83827 0.12423
0.40197 0.98339
0.15254 0.61189
0.70513 0.37217
0.98786 0.68821
0.32740 0.31145
0.63129 0.52870
0.24571 0.96361
0.80345 0.69210
0.01909 0.23417
0.65405 0.86492
0.43493 0.01996
0.71495 0.77783
0.87363 0.87334
0.04241 0.16237
0.15370 0.22810
0.17682 0.06435
0.24056 0.11916
0.21539 0.98539
0.16548 0.62083
0.34378 0.98714
0.59224 0.09904
0.76014 0.07041
0.64222 0.85683
0.87382 0.55622
0.55745 0.05368
0.98899 0.04683
0.47419 0.21247
0.12874 0.69053
0.89712 0.38055
0.84873 0.83509
0.64939 0.20162
0.04734 0.80702
0.12482 0.18271
0.33826 0.79394
0.02959 0.38329
0.89187 0.94563
0.24751 0.49338
0.23193 0.43590
0.11138 0.10019
0.89234 0.79733
0.64162 0.19499
0.24260 0.44365
0.12478 0.40599
0.07331 0.56065
0.46769 0.17904
0.44319 0.15439
0.40845 0.75880
0.22848 0.85189
0.22437 0.45022
0.82328 0.00446
0.77998 0.95811
0.35909 0.58132
0.79344 0.97230
0.50444 0.28553
0.51159 0.70356
0.22039 0.19354
0.10444 0.83089
0.29174 0.23683
0.28711 0.36248
0.70159 0.05436
0.34004 0.32998
0.19662 0.52355
0.64831 0.33930
0.55429 0.70136
0.22359 0.18511
0.18483 0.87278
0.65761 0.05229
0.07323 0.36451
0.78881 0.37457
0.63232 0.10020
0.65453 0.83176
0.14840 0.15256
0.90327 0.03341
0.52646 0.52016
0.77681 0.09776
0.84881 0.33214
0.63309 0.83830
0.47729 0.11811
0.96876 0.44597
0.65356 0.17178
0.80758 0.17954
0.75475 0.12279
0.28848 0.75911
0.94939 0.65964
0.31769 0.77378
0.50246 0.22761
0.64442 0.51406
0.98124 0.28099
0.55308 0.74110
0.23728 0.50528
0.53021 0.79597
0.82562 0.20881
0.47420 0.77706
0.22441 0.96235
0.78639 0.13176
0.27602 0.58038
0.67794 0.87578
0.18217 0.85451
0.28900 0.99180
0.85331 0.85571
0.61216 0.18124
0.14176 0.96179
0.60145 0.68217
0.98301 0.91537
0.68584 0.29892
0.21266 0.99836
0.65640 0.24297
0.81124 0.31028
0.14500 0.97326
0.71746 0.48409
0.52059 0.96394
0.38936 0.52231
0.32508 0.43780
0.36736 0.74215
0.99168 0.59867
0.44365 0.01032
0.26400 0.15404
0.43772 0.66383
0.52744 0.81760
0.91987 0.05281
0.84905 0.39989
0.82806 0.41382
0.70393 0.15076
0.12729 0.80120
0.32738 0.61624
0.86258 0.13549
0.56214 0.73112
0.31589 0.87549
0.38627 0.01511
0.57054 0.91054
0.90039 0.07518
0.62381 0.39975
0.03508 0.63104
0.39179 0.94440
0.98046 0.64998
0.64852 0.59841
0.05026 0.15721
0.11176 0.91751
0.53333 0.12022
0.97413 0.22105
0.87279 0.75249
0.56374 0.03749
0.05919 0.20848
0.09078 0.72639
0.04092 0.10415
0.41653 0.12438
0.39221 0.37024
0.35020 0.84515
0.04363 0.74042
0.32338 0.28499
0.79412 0.48855
0.83257 0.22380
0.30985 0.80650
0.87242 0.66123
0.83596 0.05945
0.05284 0.68642
0.48433 0.28841
0.96376 0.64287
0.80224 0.04460
0.17769 0.87999
0.21547 0.23215
0.34949 0.91797
0.65234 0.44840
0.83303 0.87609
0.88258 0.11415
0.52306 0.60915
0.43591 0.11219
0.12144 0.51669
0.17932 0.19008
0.51136 0.95537
0.99437 0.13528
0.38969 0.75854
0.35693 0.64676
0.30557 0.48278
0.39603 0.53827
0.47194 0.45934
0.76281 0.25110
0.40473 0.50531
0.99031 0.74721
0.38604 0.28275
0.09497 0.18918
0.97714 0.37802
0.87707 0.15284
0.62285 0.97889
0.52913 0.24624
0.96551 0.84721
0.48583 0.33531
0.56530 0.26456
0.70161 0.56470
0.05904 0.86837
0.98996 0.85192
0.44052 0.65715
0.63897 0.67355
0.28941 0.33167
0.44097 0.02685
0.00264 0.73718
0.92432 0.46655
0.14359 0.18491
0.26644 0.19167
0.60661 0.59567
0.33852 0.66437
0.41453 0.67151
0.54087 0.87531
0.24620 0.73072
0.73162 0.47937
0.38022 0.56227
0.63914 0.12100
0.58280 0.78806
0.77924 0.08124
0.87082 0.04386
0.89708 0.37042
0.84851 0.57441
0.33464 0.60637
0.54630 0.03061
0.41299 0.83978
0.43892 0.94194
0.65880 0.63790
0.36977 0.28869
0.94341 0.08585
0.49922 0.54874
0.75190 0.24844
0.48892 0.27953
0.41724 0.60462
0.98553 0.72012
0.70180 0.43837
0.50545 0.47095
0.62078 0.79196
0.91761 0.63952
0.99144 0.27219
0.53079 0.50303
0.43890 0.73709
0.91263 0.06019
0.25661 0.76130
0.17020 0.09889
0.81169 0.87869
0.39224 0.14464
0.31882 0.55301
0.11925 0.24510
0.46706 0.94136
0.10629 0.08574
0.22922 0.49777
0.87099 0.30157
0.09799 0.35190
0.40026 0.95548
0.67558 0.96675
0.28884 0.20027
0.31496 0.05290
0.49260 0.20426
0.77977 0.67065
0.23100 0.25007
0.35504 0.20806
0.89246 0.71883
0.23894 0.70691
0.12919 0.86697
0.81266 0.34737
0.96210 0.24132
0.87562 0.45330
0.01972 0.44177
0.90930 0.67034
0.98113 0.28989
0.00008 0.58608
0.63294 0.46481
0.44327 0.52381
0.56709 0.59536
0.71264 0.99879
0.26100 0.77498
0.65235 0.22796
0.62005 0.87947
0.41773 0.02661
0.09179 0.28597
0.91762 0.94703
0.85885 0.23946
0.41817 0.43637
0.70365 0.45633
0.29104 0.42168
0.55221 0.32499
0.63116 0.26687
0.19770 0.59498
0.71834 0.72710
0.20270 0.89825
0.60384 0.51157
0.80680 0.47906
0.06347 0.01276
0.65763 0.02082
0.98086 0.96472
0.90166 0.42341
0.05959 0.22682
0.72015 0.19120
0.12630 0.03996
0.67820 0.10311
0.09164 0.70945
0.73740 0.99526
0.85370 0.01271
0.74353 0.18089
0.82490 0.61544
0.70152 0.35157
0.08603 0.34844
0.88478 0.99408
0.43166 0.53147
0.09210 0.56854
0.52776 0.98578
0.16189 0.33050
0.56922 0.73086
0.64522 0.98848
0.56300 0.96035
0.43105 0.26646
0.49662 0.15934
0.13561 0.93574
0.67164 0.79220
0.30119 0.70475
0.60633 0.87658
0.00249 0.49247
0.22743 0.90542
0.98533 0.49714
0.06511 0.14686
0.61661 0.81707
0.92391 0.96442
0.62513 0.03808
0.29454 0.70876
0.19617 0.88457
0.82349 0.11511
0.19787 0.30110
0.24163 0.00214
0.04384 0.24053
0.86307 0.54240
0.47515 0.88746
0.19282 0.83911
0.19285 0.77663
0.50289 0.89307
0.53634 0.31466
0.70086 0.23557
0.10773 0.48223
0.78574 0.45157
0.78752 0.80124
0.43911 0.09495
0.14757 0.80201
0.05971 0.17174
0.92903 0.64780
0.45133 0.04267
0.96725 0.55894
0.74620 0.98979
0.17140 0.31226
0.59736 0.46735
0.19838 0.12120
0.58437 0.55128
0.65422 0.79808
0.39500 0.73201
0.30150 0.89808
0.16308 0.91853
0.48067 0.67597
0.42379 0.57481
0.05224 0.72215
0.25207 0.53587
0.63731 0.71188
0.81708 0.24984
0.57471 0.09918
0.26354 0.94352
0.03366 0.24335
0.29299 0.25728
0.81401 0.91811
0.33762 0.62050
0.19001 0.35124
0.33661 0.40928
0.60832 0.65527
0.75075 0.43778
0.96884 0.97042
0.57247 0.03943
0.12073 0.81034
0.82660 0.21249
0.29960 0.69835
0.78512 0.53012
0.39350 0.68166
0.53035 0.84145
0.84610 0.39977
0.81837 0.84712
0.15237 0.50454
0.83897 0.79104
0.64871 0.10063
0.10144 0.24915
0.93740 0.52452
0.77794 0.40885
0.02494 0.06670
0.40241 0.41832
0.92730 0.91691
0.00225 0.36066
0.97826 0.70214
0.24455 0.63390
0.13815 0.84563
0.98527 0.74322
0.19812 0.86167
0.89993 0.73528
0.83279 0.01178
0.69780 0.87666
0.02195 0.44092
0.52965 0.00203
0.65258 0.30771
0.96245 0.30112
0.84416 0.04496
0.41323 0.03222
0.56161 0.20552
0.63946 0.27233
0.90984 0.00331
0.32281 0.37896
0.86277 0.95558
0.58771 0.73035
0.07282 0.48294
0.24664 0.75692
0.12128 0.81440
0.45321 0.29085
0.80089 0.70617
0.70840 0.13479
0.43211 0.58740
0.46828 0.87039
0.06539 0.37630
0.07366 0.65677
0.90721 0.69592
0.35527 0.38220
0.65672 0.45738
0.65499 0.97605
0.67499 0.65698
0.80797 0.12605
0.56886 0.47545
0.31320 0.76938
0.02546 0.35527
0.33687 0.90847
0.53822 0.48693
0.11552 0.77086
0.72522 0.04977
0.98221 0.00770
0.61097 0.69703
0.59514 0.80198
0.54527 0.56119
0.36902 0.27667
0.49689 0.01973
0.26496 0.64403
0.12861 0.60975
0.65869 0.95767
0.88843 0.07039
0.95601 0.42402
0.34841 0.60436
0.21479 0.85471
0.06446 0.25638
0.04537 0.38559
0.51006 0.11320
0.32184 0.12034
0.79266 0.26578
0.21013 0.02906
0.22096 0.97788
0.23387 0.68823
0.48741 0.19136
0.75588 0.18519
0.46835 0.41301
0.60509 0.32254
0.78220 0.57121
0.56693 0.85943
0.82354 0.37017
0.00060 0.97763
0.44556 0.73471
0.03813 0.81427
0.40128 0.17843
0.22744 0.50134
0.12945 0.29874
0.02661 0.02087
0.84655 0.17720
0.27941 0.63924
0.09573 0.84715
0.87016 0.35151
0.04141 0.16130
0.25891 0.71130
0.35888 0.09928
0.39175 0.46860
0.19064 0.53350
0.33222 0.51965
0.30641 0.90619
0.13475 0.09424
0.97021 0.59739
0.07265 0.18287
0.21220 0.49155
0.41852 0.03714
0.51850 0.79008
0.71232 0.99612
0.15552 0.80123
0.35758 0.15022
0.45817 0.62813
0.60576 0.42094
0.90670 0.18712
0.00749 0.62260
0.92163 0.43159
0.32487 0.20946
0.22306 0.88461
0.40994 0.26582
0.60860 0.71746
0.71241 0.12585
0.75677 0.82225
0.63489 0.27058
0.23414 0.14129
0.17053 0.04590
0.94831 0.59132
0.56752 0.97331
0.31437 0.35361
0.98583 0.53371
0.19799 0.65511
0.98931 0.91349
0.09972 0.82127
0.43177 0.00242
0.24788 0.20979
0.20621 0.19820
0.00809 0.20525
0.53872 0.98977
0.19548 0.15671
0.53007 0.32277
0.51414 0.33532
0.98390 0.86118
0.44580 0.10570
0.45174 0.63867
0.11376 0.31813
0.36889 0.95648
0.52061 0.47937
0.20513 0.70519
0.36007 0.57598
0.60786 0.54891
0.00172 0.73054
0.32976 0.64825
0.49149 0.10807
0.60084 0.16588
0.33430 0.66358
0.13527 0.64994
0.54197 0.94549
0.05445 0.86855
0.31152 0.81737
0.33447 0.30924
0.85159 0.32913
0.02034 0.02173
0.57787 0.28371
0.50170 0.58531
0.74388 0.13717
0.55021 0.97602
0.63502 0.11680
0.22895 0.20564
0.14425 0.00670
0.86475 0.74482
0.08907 0.80867
0.69589 0.25889
0.53115 0.53989
0.75860 0.79016
0.13064 0.53086
0.91349 0.18285
0.67889 0.05297
0.32889 0.00456
0.76254 0.36293
0.36285 0.95653
0.80054 0.71696
0.54523 0.83264
0.97655 0.58424
0.38367 0.82861
0.85164 0.89891
0.21052 0.11437
0.23208 0.06453
0.03965 0.43246
0.10081 0.42620
0.54932 0.79996
0.68746 0.76759
0.10080 0.56810
0.89428 0.97767
0.66486 0.33202
0.13146 0.19657
0.52772 0.57740
0.06094 0.08525
0.17946 0.50531
0.80511 0.24620
0.77705 0.79233
0.08362 0.83008
0.76119 0.09290
0.71003 0.76461
0.15649 0.58565
0.82438 0.22924
0.01586 0.54002
0.87086 0.19675
0.20111 0.62163
0.13129 0.23855
0.54926 0.55654
0.78479 0.60033
0.22800 0.50495
0.00595 0.96135
0.73761 0.02422
0.08670 0.07237
0.97817 0.40046
0.78325 0.13923
0.17418 0.41121
0.87872 0.10531
0.50084 0.71115
0.14771 0.92643
0.43219 0.55575
0.10095 0.65891
0.23702 0.29968
0.43812 0.14658
0.00937 0.18183
0.95144 0.97015
0.26622 0.46814
0.45526 0.58926
0.65689 0.43363
0.25457 0.20022
0.42407 0.72519
0.98478 0.13234
0.38296 0.52935
0.00327 0.00112
0.51792 0.96732
0.78979 0.61551
0.75147 0.20344
0.41406 0.11699
0.33944 0.04137
0.79880 0.36864
0.24049 0.00789
0.70750 0.20564
0.39368 0.36630
0.05995 0.86876
0.61887 0.34191
0.89138 0.60486
0.48762 0.10947
0.33028 0.18574
0.71179 0.95408
0.18508 0.46315
0.56467 0.95130
0.02919 0.07101
0.35948 0.09745
0.91110 0.00821
0.12267 0.61462
0.44470 0.18279
0.13606 0.45337
0.29157 0.70877
0.41684 0.03957
0.95830 0.66881
0.73513 0.47492
0.39486 0.21320
0.27565 0.70691
0.63297 0.04825
0.58103 0.95397
0.50459 0.15311
0.62959 0.78849
0.88474 0.39023
0.88161 0.98533
0.35783 0.26784
0.27471 0.92753
0.73665 0.06769
0.61369 0.35608
0.56548 0.75882
0.11324 0.60368
0.24766 0.58118
0.80460 0.79296
0.44351 0.07851
0.65589 0.92715
0.12885 0.96234
0.95734 0.42984
0.56667 0.28774
0.09454 0.69322
0.02632 0.67669
0.19987 0.56228
0.07445 0.06179
0.12387 0.14141
0.30091 0.44481
0.54875 0.13350
0.08469 0.67327
0.47832 0.16797
0.82439 0.09386
0.79501 0.85120
0.75924 0.77116
0.59729 0.09658
0.35705 0.54605
0.46908 0.35861
0.65105 0.23730
0.32658 0.25128
0.67886 0.61872
0.46603 0.14850
0.44827 0.19598
0.00308 0.13195
0.48408 0.29271
0.76220 0.99858
0.19059 0.50301
0.91220 0.99800
0.09496 0.33728
0.93455 0.47497
0.97215 0.29819
0.83765 0.50431
0.99691 0.21544
0.69539 0.38011
0.71166 0.52135
0.76467 0.41799
0.31474 0.92387
0.60622 0.01697
0.18421 0.84403
0.53027 0.24720
0.81435 0.85221
0.83011 0.90779
0.98131 0.03488
0.75090 0.96832
0.47731 0.10396
0.60536 0.65627
0.56421 0.92823
0.20233 0.91244
0.54280 0.15006
0.15623 0.07393
0.22926 0.74530
0.31692 0.23705
0.00413 0.21841
0.47425 0.00927
0.02305 0.59771
0.22954 0.07891
0.51017 0.85928
0.45423 0.78604
0.17573 0.94187
0.20947 0.78477
0.89541 0.67145
0.48263 0.14592
0.98294 0.80297
0.31841 0.13201
0.09443 0.87392
0.19289 0.12998
0.94468 0.82857
0.30397 0.89731
0.08449 0.99600
0.39863 0.16960
0.31421 0.69703
0.04148 0.02647
0.64461 0.91867
0.64955 0.71843
0.26416 0.89504
0.50477 0.67223
0.43892 0.59241
0.90911 0.26943
0.46780 0.57201
0.22713 0.59801
0.00928 0.33272
0.96539 0.09411
0.26371 0.12376
0.44272 0.49859
0.80439 0.45368
0.33286 0.67255
0.46716 0.90377
0.87745 0.96086
0.20741 0.92617
0.92181 0.58766
0.02708 0.52429
0.12741 0.62734
0.67584 0.59498
0.02719 0.90751
0.41306 0.67968
0.96284 0.96006
0.40557 0.29297
0.11505 0.25223
0.93350 0.89706
0.77021 0.38741
0.58685 0.65121
0.14377 0.21271
0.17669 0.85318
0.50080 0.62863
0.02473 0.10561
0.88349 0.90284
0.10749 0.47225
0.32900 0.93982
0.53582 0.70991
0.06944 0.88060
0.27322 0.80803
0.37576 0.57951
0.46115 0.03306
0.25013 0.63749
0.58875 0.61045
0.52144 0.35610
0.47076 0.11425
0.33599 0.77557
0.23587 0.52154
0.67168 0.21139
0.96190 0.06436
0.08385 0.92667
0.72814 0.97248
0.15195 0.28368
0.50716 0.76585
0.42529 0.60724
0.45058 0.91027
0.88704 0.35111
0.60959 0.84526
0.01458 0.26739
0.39580 0.68414
0.51718 0.15415
0.77065 0.56835
0.88084 0.64302
0.19250 0.12128
0.45557 0.86738
0.13143 0.68191
0.97582 0.01369
0.50214 0.93821
0.85954 0.48475
0.83465 0.80745
0.86431 0.57863
0.57642 0.86023
0.30491 0.00137
0.30527 0.37280
0.34955 0.92050
0.44753 0.93804
0.60678 0.95061
0.78248 0.35914
0.55761 0.21438
0.20084 0.16264
0.82009 0.47168
0.05177 0.76382
0.50898 0.87733
0.54953 0.56214
0.79314 0.46863
0.72248 0.57920
0.53885 0.56012
0.97933 0.85048
0.23273 0.16405
0.55575 0.39727
0.09753 0.80082
0.58348 0.88010
0.32009 0.94500
0.39489 0.72680
0.98462 0.18083
0.01980 0.47144
0.33615 0.79095
0.01435 0.63941
0.66482 0.63975
0.63462 0.02640
0.60882 0.05750
0.98456 0.26820
0.54308 0.84054
0.83934 0.96196
0.38585 0.24269
0.32950 0.13982
0.90017 0.75431
0.79790 0.31870
0.29639 0.98508
0.26019 0.21967
0.69330 0.15305
0.23552 0.44154
0.82778 0.35918
0.31125 0.80701
0.55342 0.68143
0.10252 0.97421
0.77616 0.62923
0.44167 0.57499
0.15448 0.04504
0.44746 0.09454
0.27621 0.85682
0.10934 0.68974
0.90654 0.78247
0.43637 0.25169
0.25838 0.59581
0.21157 0.83669
0.74949 0.31458
0.07442 0.17313
0.43440 0.84960
0.04759 0.79437
0.19050 0.46386
0.49200 0.54658
0.75428 0.52804
0.32356 0.89968
0.66820 0.80263
0.52742 0.85925
0.60518 0.58149
0.79524 0.56163
0.20069 0.15016
0.43305 0.91350
0.37247 0.94066
0.96762 0.33455
0.77750 0.74262
0.18280 0.50137
0.81827 0.47793
0.66548 0.15495
0.19634 0.51624
0.39632 0.51290
0.09984 0.54214
0.07970 0.83821
0.49093 0.13677
0.35562 0.96782
0.66592 0.43683
0.32128 0.56233
0.34867 0.70992
0.96029 0.89800
0.15121 0.47470
0.34112 0.06368
0.02567 0.11154
0.96089 0.46498
0.93594 0.62226
0.05650 0.12846
0.96666 0.53789
0.15888 0.72213
0.37654 0.11544
0.34526 0.39667
0.05118 0.08721
0.24384 0.19223
0.84400 0.37252
0.02942 0.25242
0.84167 0.06170
0.29364 0.61077
0.22482 0.93571
0.13938 0.65031
0.16426 0.81233
0.23750 0.73319
0.44199 0.27344
0.57715 0.82704
0.28903 0.04319
0.54588 0.86868
0.62588 0.06625
0.92992 0.45859
0.95474 0.94066
0.36280 0.55646
0.98906 0.09091
0.64287 0.31421
0.79770 0.96150
0.07445 0.96543
0.54277 0.28939
0.21584 0.85602
0.16890 0.71751
0.01543 0.99965
0.83149 0.67881
0.18921 0.39470
0.12270 0.97615
0.66991 0.89515
0.19388 0.33765
0.95789 0.22765
0.46305 0.45153
0.70852 0.25351
0.15130 0.20282
0.12012 0.65629
0.66731 0.85138
0.44163 0.80876
0.34877 0.44133
0.56245 0.31933
0.61160 0.53043
0.91229 0.75268
0.84316 0.67097
0.21518 0.06964
0.88067 0.99957
0.49440 0.27695
0.62164 0.45844
0.09744 0.61666
0.40495 0.33164
0.87487 0.85855
0.51919 0.20514
0.88123 0.53295
0.19150 0.80816
0.02343 0.95092
0.83523 0.37256
0.02352 0.66403
0.80951 0.60434
0.61054 0.61348
0.16023 0.66006
0.39601 0.57291
0.78323 0.46222
0.86833 0.15095
0.40187 0.69132
0.26184 0.31698
0.48138 0.60125
0.42050 0.94455
0.11228 0.37530
0.00934 0.14744
0.00302 0.50546
0.57156 0.56183
0.25522 0.08929
0.82241 0.63974
0.91425 0.86983
0.15696 0.65969
0.66713 0.61528
0.09879 0.28724
0.76247 0.04546
0.34850 0.34290
0.38641 0.16503
0.98416 0.94399
0.30891 0.77188
0.59771 0.13371
0.97914 0.15047
0.00635 0.01978
0.59470 0.92669
0.14117 0.19185
0.44891 0.99537
0.86854 0.32960
0.65904 0.31519
0.33616 0.26622
0.81957 0.80831
0.49582 0.41159
0.15503 0.65414
0.34351 0.78559
0.08855 0.47196
0.60238 0.54873
0.30113 0.23706
0.89068 0.48537
0.17941 0.86621
0.67476 0.00693
0.55576 0.88296
0.31000 0.56309
0.10088 0.34488
0.49267 0.39507
0.58701 0.46442
0.95237 0.80768
0.47075 0.47941
0.35894 0.46034
0.78647 0.21517
0.35134 0.49125
0.10180 0.68511
0.83770 0.07328
0.49668 0.59419
0.26480 0.33215
0.82281 0.86818
0.38428 0.28851
0.03521 0.07842
0.06591 0.45239
0.21686 0.17382
0.13625 0.74234
0.47633 0.94641
0.83958 0.82131
0.38617 0.35177
0.02907 0.05080
0.74889 0.40877
0.32038 0.54490
0.27986 0.14475
0.39571 0.02308
0.46121 0.51367
0.46292 0.39979
0.11653 0.60109
0.33901 0.62629
0.57334 0.95371
0.29487 0.67537
0.78220 0.25729
0.54604 0.75290
0.92530 0.25957
0.26688 0.25308
0.00562 0.05390
0.04697 0.79473
0.36226 0.63160
0.08499 0.93130
0.01714 0.02900
0.64734 0.31625
0.85580 0.99086
0.54964 0.06240
0.90647 0.75178
0.06575 0.53591
0.51800 0.37513
0.98612 0.50603
0.93082 0.90741
0.14435 0.38440
0.40135 0.40036
0.44710 0.37789
0.18736 0.11345
0.90349 0.48914
0.40733 0.90370
0.70340 0.02448
0.89084 0.55998
0.80292 0.37821
0.80786 0.25276
0.05965 0.14001
0.09633 0.46329
0.49546 0.01209
0.12944 0.99237
0.37166 0.06543
0.87500 0.41599
0.01722 0.82016
0.57120 0.31385
0.20212 0.21363
0.34586 0.09799
0.55772 0.51152
0.10430 0.72767
0.21725 0.14545
0.34713 0.06161
0.18285 0.90604
0.28099 0.90972
0.43802 0.94740
0.28992 0.99186
0.23044 0.91030
0.14523 0.23141
0.11861 0.27602
0.87822 0.79016
0.15511 0.88600
0.61113 0.84188
0.40399 0.98521
0.48931 0.35284
0.18431 0.21026
0.99701 0.39989
0.97316 0.86387
0.54554 0.35960
0.12087 0.72748
0.71546 0.61772
0.11366 0.24571
0.02461 0.24208
0.08964 0.64680
0.20437 0.99546
0.73187 0.75675
0.78445 0.36649
0.40676 0.04889
0.63680 0.43992
0.11826 0.44274
0.97168 0.43386
0.13783 0.33654
0.74760 0.74315
0.54205 0.55212
0.60631 0.38898
0.49316 0.53278
0.68020 0.27727
0.44241 0.48247
0.10509 0.91615
0.53655 0.91488
0.65290 0.73724
0.32606 0.05589
0.56534 0.98615
0.88436 0.44260
0.70338 0.87511
0.43816 0.57425
0.51812 0.94787
0.26308 0.75075
0.20648 0.60593
0.81322 0.93455
0.03254 0.81852
0.80431 0.57166
0.37284 0.11702
0.16223 0.86937
0.14247 0.58129
0.94748 0.59604
0.99835 0.38017
0.26720 0.56444
0.65290 0.15045
0.02871 0.09469
0.79959 0.35766
0.62130 0.57614
0.15266 0.35729
0.71721 0.50126
0.54025 0.60014
0.11941 0.85878
0.66878 0.29072
0.32458 0.97463
0.87356 0.99100
0.51121 0.57273
0.76685 0.09649
0.30797 0.69772
0.91632 0.02721
0.87454 0.05693
0.97203 0.31012
0.94810 0.30063
0.37460 0.94508
0.63345 0.67911
0.96952 0.27030
0.42203 0.92033
0.62774 0.06536
0.27687 0.59350
0.76032 0.05750
0.73237 0.70454
0.90283 0.35055
0.37854 0.82920
0.53873 0.19895
0.91288 0.53333
0.72507 0.86920
0.70308 0.70641
0.24368 0.97094
0.32196 0.03640
0.85609 0.64526
0.10769 0.75906
0.19120 0.97270
0.26383 0.77874
0.20015 0.31066
0.61751 0.14691
0.87729 0.24359
0.96051 0.62358
0.54976 0.15930
0.23023 0.70304
0.16274 0.49664
0.75277 0.58423
0.61695 0.68216
0.83342 0.21833
0.09019 0.62277
0.63138 0.53053
0.14261 0.85150
0.46710 0.65679
0.46515 0.05665
0.62081 0.10872
0.92257 0.78603
0.94253 0.13432
0.79962 0.16436
0.25528 0.56807
0.47637 0.45039
0.32369 0.01477
0.45122 0.04065
0.90522 0.20799
0.02663 0.92004
0.49763 0.46956
0.43910 0.76224
0.40752 0.95519
0.26535 0.08524
0.82425 0.60892
0.11234 0.66347
0.48417 0.29350
0.71615 0.02202
0.28992 0.58864
0.43354 0.60711
0.70947 0.50132
0.79642 0.90363
0.82999 0.21425
0.45386 0.45419
0.34137 0.63453
0.31317 0.29247
0.88793 0.56755
0.04576 0.66190
0.15589 0.82532
0.79224 0.98470
0.70572 0.46551
0.43070 0.91897
0.56617 0.96375
0.49152 0.79974
0.11162 0.60681
0.78816 0.03467
0.66117 0.49535
0.04258 0.77734
0.78318 0.50099
0.06639 0.57344
0.27291 0.95438
0.35222 0.64700
0.21585 0.36977
0.43213 0.92608
0.78037 0.44585
0.60889 0.89951
0.06447 0.35437
0.60287 0.15065
0.58073 0.04782
0.63555 0.78104
0.59611 0.41904
0.37294 0.55916
0.46846 0.79884
0.39304 0.76646
0.74590 0.08699
0.20886 0.56997
0.61717 0.46728
0.59836 0.92389
0.61639 0.94559
0.08727 0.29599
0.88053 0.36185
0.62787 0.92659
0.20759 0.04262
0.15437 0.02418
0.51280 0.29385
0.64360 0.52659
0.40322 0.47079
0.22943 0.34566
0.23189 0.02165
0.96385 0.71196
0.08777 0.90884
0.41419 0.56043
0.79652 0.03612
0.29359 0.91132
0.83092 0.01529
0.20903 0.28672
0.59248 0.01069
0.68579 0.66624
0.07721 0.87546
0.21592 0.93518
0.98038 0.96889
0.77630 0.14775
0.67052 0.60261
0.54454 0.96155
0.47075 0.19507
0.21455 0.00707
0.02145 0.99019
0.17535 0.15775
0.32873 0.51313
0.69964 0.30696
0.44356 0.69574
0.87909 0.77330
0.27631 0.43906
0.06620 0.71756
0.06779 0.77126
0.61446 0.36306
0.75539 0.79559
0.40412 0.24896
0.80083 0.41609
0.56221 0.28592
0.54273 0.74853
0.10575 0.96866
0.94457 0.55191
0.54842 0.96967
0.50091 0.54934
0.69074 0.29012
0.55983 0.00619
0.01953 0.77641
0.72572 0.52181
0.24037 0.72208
0.39561 0.52517
0.23791 0.21190
0.33133 0.19867
0.30902 0.64457
0.37027 0.29335
0.02388 0.93688
0.18585 0.19478
0.86851 0.58247
0.38882 0.32003
0.72216 0.63692
0.41520 0.95487
0.76526 0.48097
0.40068 0.63697
0.39086 0.31487
0.96653 0.85929
0.47970 0.43134
0.90075 0.77515
0.81476 0.06769
0.59835 0.14930
0.32700 0.65706
0.04955 0.85695
0.45321 0.40128
0.49014 0.68953
0.20022 0.71362
0.96560 0.52799
0.83846 0.29216
0.49019 0.41229
0.09269 0.92806
0.12243 0.47984
0.43382 0.38728
0.92508 0.97094
0.55889 0.36266
0.53746 0.22011
0.32087 0.94869
0.65898 0.08051
0.00027 0.48931
0.24356 0.42308
0.09215 0.06291
0.20685 0.62091
0.45745 0.36390
0.22325 0.99588
0.80535 0.99836
0.92327 0.72600
0.96615 0.91332
0.91965 0.92942
0.14493 0.91562
0.14053 0.41369
0.09400 0.22336
0.18875 0.65978
0.72649 0.31090
0.00916 0.99205
0.67413 0.10768
0.21472 0.32303
0.65969 0.23867
0.96609 0.74327
0.01005 0.03691
0.52485 0.64499
0.73696 0.29341
0.97445 0.04455
0.61239 0.42766
0.39317 0.22464
0.65782 0.93251
0.55282 0.28324
0.12855 0.25406
0.49077 0.04189
0.17179 0.48413
0.99030 0.07688
0.54630 0.95736
0.63542 0.78731
0.75039 0.74947
0.35048 0.88705
0.18924 0.11433
0.93777 0.93647
0.54277 0.34950
0.57333 0.56652
0.10552 0.02252
0.87156 0.65747
0.99466 0.08384
0.13606 0.85884
0.08424 0.07772
0.62283 0.83530
0.78789 0.09302
0.00080 0.76395
0.44003 0.32178
0.92844 0.44857
0.90042 0.88858
0.01396 0.83494
0.98868 0.32668
0.10896 0.82276
0.25593 0.57759
0.98824 0.96029
0.07530 0.94174
0.17573 0.35070
0.44052 0.99757
0.32817 0.23580
0.10672 0.68400
0.75367 0.59777
0.73420 0.79956
0.45663 0.84150
0.58152 0.09714
0.37876 0.82035
0.91976 0.05460
0.73812 0.88700
0.25982 0.33573
0.18214 0.95097
0.40461 0.04125
0.11127 0.25207
0.60793 0.69260
0.29117 0.86343
0.23879 0.79144
0.58594 0.73311
0.88493 0.56381
0.43964 0.64744
0.43218 0.88980
0.12611 0.98961
0.17419 0.24408
0.92254 0.16634
0.30514 0.78844
0.58752 0.94339
0.78858 0.63625
0.82730 0.16670
0.01683 0.01705
0.00248 0.27467
0.18018 0.04267
0.28372 0.18396
0.52013 0.49743
0.23782 0.85856
0.04058 0.19912
0.58683 0.21928
0.67944 0.54350
0.39854 0.74064
0.19190 0.46320
0.20991 0.92004
0.58187 0.84472
0.51961 0.78619
0.54523 0.94461
0.94254 0.41538
0.18331 0.78118
0.94399 0.82031
0.60715 0.95722
0.80690 0.24437
0.16972 0.57202
0.93299 0.49141
0.00845 0.53717
0.24043 0.44131
0.18535 0.99615
0.63630 0.43892
0.75837 0.81648
0.17841 0.02495
0.99834 0.98031
0.62409 0.11492
0.77911 0.05426
0.72008 0.37441
0.55768 0.68864
0.17081 0.99619
0.92220 0.46241
0.15247 0.05170
0.17591 0.24874
0.57876 0.46874
0.46311 0.55083
0.59260 0.39654
0.00585 0.79748
0.35536 0.80338
0.70480 0.87630
0.55565 0.29756
0.72984 0.88093
0.83587 0.88952
0.11102 0.68865
0.74363 0.69392
0.82732 0.65452
0.11357 0.01719
0.02746 0.21349
0.69333 0.25180
0.86857 0.38228
0.57539 0.53607
0.26811 0.40584
0.15777 0.84601
0.42498 0.74603
0.54432 0.86235
0.07633 0.22538
0.40125 0.96576
0.28094 0.36897
0.14498 0.08825
0.68023 0.32438
0.37129 0.12852
0.88089 0.69524
0.38352 0.68028
0.94877 0.60532
0.21856 0.17658
0.46663 0.46575
0.61516 0.81389
0.78938 0.95133
0.82597 0.32137
0.12309 0.27258
0.86056 0.25207
0.70364 0.21927
0.71395 0.88628
0.57579 0.46545
0.64695 0.77811
0.10613 0.54523
0.04036 0.70206
0.57732 0.59626
0.04678 0.42436
0.18881 0.95740
0.53843 0.04573
0.43948 0.67036
0.46473 0.74820
0.62147 0.52691
0.68385 0.62362
0.82728 0.04783
0.54094 0.72007
0.73363 0.48000
0.56878 0.24066
0.97986 0.84656
0.31823 0.37343
0.18866 0.63433
0.67291 0.26132
0.10686 0.30599
0.70247 0.86422
0.58833 0.54136
0.30410 0.68142
0.84952 0.27007
0.88651 0.11919
0.62738 0.62450
0.64027 0.01936
0.42606 0.34750
0.14035 0.82604
0.14378 0.92006
0.25398 0.39795
0.47957 0.45119
0.93580 0.72552
0.71854 0.80683
0.91555 0.08308
0.03015 0.98561
0.70624 0.13667
0.27631 0.92319
0.75760 0.47426
0.05183 0.75307
0.64188 0.61669
0.53844 0.61292
0.47169 0.26847
0.24721 0.88217
0.95669 0.77609
0.24598 0.35256
0.33208 0.07030
0.33665 0.32942
0.47404 0.74819
0.18577 0.97009
0.83349 0.35725
0.28455 0.72454
0.54083 0.90492
0.73247 0.65650
0.41924 0.04788
0.12996 0.71269
0.21627 0.17845
0.12849 0.01555
0.69952 0.54708
0.21995 0.92065
0.22252 0.96195
0.14276 0.88448
0.31351 0.53749
0.47835 0.30706
0.93585 0.35903
0.51443 0.90090
0.94715 0.39855
0.91428 0.58167
0.96847 0.67267
0.19448 0.76462
0.02247 0.20388
0.99204 0.74031
0.17918 0.93734
0.57574 0.61949
0.33952 0.64287
0.30237 0.77245
0.21912 0.26459
0.76281 0.55600
0.07359 0.72859
0.56025 0.13886
0.13454 0.23995
0.05491 0.54012
0.19846 0.77606
0.56489 0.80526
0.70199 0.91198
0.70735 0.36931
0.67652 0.49685
0.11977 0.30415
0.42863 0.46803
0.51106 0.81989
0.61483 0.65315
0.11151 0.71132
0.65395 0.71410
0.36408 0.20300
0.56263 0.99292
0.74746 0.82351
0.18491 0.03542
0.89100 0.24228
0.23493 0.44662
0.94652 0.04550
0.56643 0.91853
0.67416 0.56349
0.07775 0.69873
0.76634 0.07752
0.09912 0.31485
0.35734 0.26836
0.28107 0.58892
0.69325 0.39484
0.32001 0.68148
0.18771 0.22080
0.40333 0.20283
0.73877 0.61528
0.49345 0.51071
0.76601 0.02799
0.11530 0.46972
0.94849 0.45955
0.91845 0.64174
0.36014 0.44095
0.36087 0.98047
0.76725 0.66372
0.04105 0.13189
0.00008 0.66982
0.09819 0.56478
0.03625 0.27131
0.15757 0.01758
0.50728 0.51062
0.45535 0.07532
0.12965 0.02514
0.30903 0.96138
0.37470 0.46827
0.75885 0.74194
0.81049 0.42737
0.84025 0.97056
0.12061 0.57704
0.04866 0.73965
0.58624 0.76103
0.34365 0.49171
0.18824 0.32386
0.92092 0.22326
0.20137 0.73047
0.30113 0.13431
0.10596 0.13433
0.63393 0.33490
0.93407 0.40213
0.93517 0.27276
0.71439 0.63789
0.43126 0.81282
0.40012 0.59278
0.99641 0.85501
0.62409 0.89494
0.81660 0.06491
0.89261 0.94895
0.97776 0.11911
0.03457 0.20078
0.28715 0.38496
0.25642 0.88046
0.77009 0.38199
0.55304 0.34371
0.98930 0.00284
0.05891 0.53627
0.89379 0.25991
0.49351 0.08972
0.86262 0.39518
0.90385 0.12181
0.54905 0.92195
0.34708 0.86731
0.57543 0.80151
0.42937 0.06378
0.09459 0.22606
0.74630 0.54451
0.57919 0.46722
0.57841 0.55169
0.07886 0.53618
0.00695 0.21331
0.90362 0.35758
0.50370 0.31850
0.88482 0.63113
0.95170 0.34537
0.63948 0.64329
0.15406 0.80125
0.21589 0.38903
0.06583 0.69077
0.15492 0.11705
0.30211 0.42081
0.09956 0.88861
0.11185 0.82951
0.92383 0.35399
0.79480 0.93109
0.69040 0.27926
0.20829 0.27901
0.42724 0.94568
0.36604 0.20860
0.35715 0.08135
0.08655 0.48704
0.37930 0.54890
0.78234 0.74604
0.28200 0.82588
0.83918 0.07327
0.17292 0.35435
0.79811 0.29978
0.13336 0.34456
0.27009 0.10091
0.96712 0.07410
0.35493 0.13887
0.06464 0.27809
0.94981 0.79221
0.85394 0.63811
0.35530 0.74255
0.72109 0.43544
0.80859 0.37058
0.83219 0.91676
0.13409 0.73129
0.17397 0.75112
0.79854 0.45401
0.49224 0.48785
0.87555 0.77633
0.45193 0.27102
0.73255 0.05014
0.83852 0.94810
0.15128 0.26005
0.77348 0.21674
0.12196 0.28361
0.21778 0.69577
0.94751 0.20529
0.26853 0.12806
0.98447 0.40824
0.96442 0.05105
0.72478 0.84183
0.97959 0.55166
0.54508 0.18418
0.16555 0.09898
0.84991 0.75829
0.78261 0.14659
0.19356 0.85668
0.90524 0.29635
0.00122 0.52763
0.70402 0.71544
0.35318 0.65480
0.75580 0.02471
0.42857 0.00545
0.57083 0.44376
0.37919 0.83806
0.70660 0.02994
0.12290 0.25819
0.27076 0.75572
0.78710 0.11766
0.30179 0.46676
0.62623 0.82422
0.49293 0.19707
0.34137 0.19246
0.28942 0.55751
0.43145 0.78269
0.65373 0.42213
0.12149 0.42084
0.93373 0.64131
0.63400 0.40554
0.71589 0.57869
0.57061 0.54136
0.28557 0.53375
0.78134 0.00797
0.07384 0.76953
0.07879 0.71817
0.06665 0.84905
0.08501 0.64428
0.31218 0.03946
0.30847 0.62397
0.57182 0.55654
0.22232 0.57667
0.23782 0.97920
0.15976 0.24961
0.45184 0.04396
0.65438 0.49523
0.10145 0.92895
0.26689 0.42668
0.86201 0.47883
0.14973 0.34601
0.39709 0.23003
0.96702 0.61636
0.36490 0.66413
0.86954 0.99440
0.40691 0.03577
0.71848 0.86350
0.90269 0.58625
0.69893 0.41433
0.25288 0.17047
0.47613 0.53046
0.62588 0.30838
0.03269 0.18509
0.50317 0.14478
0.29213 0.95405
0.50194 0.67598
0.42673 0.74482
0.05029 0.08580
0.27770 0.82808
0.42270 0.80236
0.83973 0.55679
0.04959 0.55820
0.98561 0.07576
0.29141 0.56596
0.95178 0.22265
0.85649 0.71812
0.07348 0.12287
0.79489 0.12894
0.90079 0.82531
0.67435 0.51140
0.14098 0.54414
0.24470 0.83789
0.98308 0.43180
0.97610 0.24447
0.65927 0.80883
0.35228 0.33838
0.39386 0.35203
0.94633 0.19731
0.11858 0.38060
0.07165 0.88591
0.73873 0.96824
0.22731 0.97121
0.19176 0.63349
0.77734 0.04941
0.51820 0.68328
0.32724 0.27455
0.87189 0.20500
0.21451 0.17176
0.65050 0.76918
0.60375 0.04882
0.37216 0.73292
0.61186 0.74805
0.95984 0.69805
0.88852 0.55917
0.14173 0.97211
0.77755 0.12313
0.73429 0.28434
0.17391 0.46812
0.84875 0.89766
0.04622 0.02748
0.79678 0.67590
0.89593 0.38295
0.06093 0.56301
0.18448 0.37049
0.26846 0.19075
0.51183 0.39707
0.62258 0.20240
0.66234 0.54633
0.57975 0.69934
0.89731 0.33485
0.49727 0.29746
0.11907 0.81267
0.35344 0.58116
0.02091 0.42626
0.08643 0.26997
0.79544 0.53827
0.00298 0.23969
0.42148 0.10390
0.68444 0.01701
0.58090 0.70283
0.94130 0.92251
0.72800 0.75337
0.26998 0.92831
0.83282 0.16531
0.10542 0.64518
0.24104 0.76466
0.21570 0.65650
0.73880 0.89070
0.46618 0.93861
0.74824 0.22092
0.27859 0.01084
0.47109 0.28920
0.03734 0.32972
0.65216 0.11051
0.67496 0.09117
0.26727 0.59457
0.70344 0.65230
0.50006 0.80838
0.04546 0.95172
0.35628 0.36475
0.64827 0.23870
0.82344 0.10148
0.09592 0.07181
0.03018 0.09355
0.58549 0.78916
0.54744 0.70666
0.71554 0.40422
0.41453 0.53984
0.55468 0.21581
0.61125 0.99592
0.50092 0.86013
0.18061 0.94857
0.04781 0.48380
0.91699 0.22225
0.53093 0.67266
0.21256 0.82878
0.85584 0.72740
0.74927 0.15763
0.65244 0.79930
0.41526 0.58401
0.56825 0.81650
0.19779 0.80963
0.51289 0.66284
0.25508 0.25235
0.58256 0.19889
0.65775 0.65245
0.90922 0.06835
0.24800 0.79248
0.65485 0.12090
0.47831 0.74213
0.21485 0.39848
0.86712 0.86361
0.17871 0.94321
0.39528 0.04178
0.49695 0.44802
0.43755 0.23448
0.79911 0.92751
0.59884 0.11492
0.56143 0.16467
0.81758 0.14465
0.01921 0.94636
0.38820 0.21762
0.70913 0.62783
0.45216 0.69210
0.63340 0.15777
0.30437 0.09343
0.32237 0.01288
0.37461 0.70629
0.51402 0.49597
0.99034 0.22664
0.05166 0.84841
0.44422 0.33980
0.71974 0.02982
0.83668 0.67165
0.36955 0.36845
0.13679 0.37321
0.33538 0.38716
0.47065 0.88630
0.62491 0.16159
0.94153 0.54278
0.71708 0.09372
0.91834 0.90583
0.62989 0.42524
0.06936 0.94246
0.97090 0.89641
0.20589 0.23148
0.63101 0.35170
0.67069 0.02953
0.30234 0.69405
0.68012 0.67366
0.86011 0.95295
0.90405 0.14187
0.63691 0.00209
0.84228 0.53575
0.85178 0.42170
0.60129 0.84629
0.38268 0.03495
0.02047 0.01004
0.00316 0.48497
0.89559 0.73279
0.37796 0.95804
0.64519 0.46860
0.35161 0.70664
0.07010 0.16143
0.39439 0.85743
0.30884 0.50317
0.94167 0.05674
0.32521 0.45532
0.71450 0.14610
0.39673 0.58501
0.82905 0.65890
0.65167 0.68769
0.90094 0.05048
0.85607 0.71926
0.64152 0.97677
0.07168 0.83963
0.13746 0.64220
0.84853 0.50521
0.71096 0.28893
0.06289 0.87300
0.95483 0.07557
0.62014 0.19377
0.99836 0.44083
0.17687 0.69006
0.72841 0.03503
0.58656 0.64278
0.73578 0.88177
0.49157 0.99138
0.39829 0.73123
0.69252 0.50288
0.88790 0.93925
0.75256 0.68928
0.23569 0.41808
0.47802 0.63868
0.23044 0.42504
0.95894 0.79333
0.81151 0.69702
0.69152 0.92946
0.54527 0.61215
0.06849 0.20664
0.69884 0.48035
0.53327 0.92233
0.75417 0.23245
0.30112 0.88846
0.83837 0.91998
0.34325 0.57253
0.21782 0.38182
0.31508 0.31559
0.19088 0.86858
0.18821 0.72292
0.29562 0.77682
0.75316 0.45382
0.25470 0.12980
0.54389 0.92014
0.24406 0.30148
0.41028 0.42720
0.63488 0.30825
0.63355 0.12085
0.30695 0.28652
0.86269 0.04556
0.90493 0.21732
0.55492 0.17676
0.50489 0.62847
0.23800 0.06946
0.34061 0.47580
0.90219 0.18664
0.13518 0.08716
0.55392 0.83290
0.14019 0.55444
0.01944 0.03090
0.29350 0.02546
0.20756 0.54026
0.63752 0.67500
0.48074 0.39693
0.69590 0.54002
0.51720 0.16084
0.20587 0.68634
0.85209 0.74948
0.49818 0.03703
0.69031 0.79559
0.88796 0.02242
0.69621 0.55076
0.83527 0.82150
0.21810 0.85570
0.07291 0.67359
0.45358 0.99671
0.27197 0.90098
0.31757 0.88047
0.69794 0.72359
0.88878 0.16502
0.52532 0.87822
0.65767 0.07345
0.30368 0.49079
0.19410 0.77441
0.62964 0.81547
0.97241 0.50092
0.41647 0.87847
0.10303 0.07099
0.61040 0.91696
0.82643 0.98629
0.67992 0.52165
0.98094 0.54800
0.35105 0.18755
0.32418 0.89464
0.82108 0.16314
0.15668 0.30175
0.52232 0.53730
0.71325 0.33557
0.17366 0.63629
0.42610 0.75379
0.24920 0.65668
0.43355 0.82753
0.89572 0.24123
0.28362 0.00216
0.95530 0.82479
0.95692 0.55974
0.99456 0.28430
0.66205 0.93625
0.28983 0.19258
0.57677 0.12463
0.21589 0.51245
0.40525 0.27393
0.38538 0.95884
0.52606 0.48041
0.14986 0.37903
0.25419 0.63375
0.76877 0.14999
0.43605 0.31790
0.77851 0.89049
0.56658 0.84216
0.68334 0.40204
0.89913 0.85666
0.93741 0.07618
0.43369 0.22326
0.30239 0.19268
0.15501 0.13829
0.59096 0.89616
0.39809 0.65422
0.68860 0.53762
0.41486 0.36331
0.09847 0.87141
0.05163 0.99347
0.58404 0.26502
0.88704 0.56040
0.82299 0.24587
0.29476 0.18014
0.98561 0.57680
0.51011 0.73896
0.48514 0.97081
0.01632 0.23759
0.82088 0.70108
0.09036 0.86161
0.32435 0.15905
0.14172 0.53377
0.43642 0.55625
0.49510 0.62758
0.02996 0.73919
0.05939 0.29998
0.55683 0.12063
0.58517 0.65622
0.47039 0.06640
0.04529 0.50219
0.77394 0.53958
0.65656 0.00595
0.64604 0.71852
0.21769 0.45606
0.76266 0.76864
0.75477 0.45199
0.79299 0.73970
0.92544 0.56553
0.26666 0.91118
0.83251 0.41476
0.44090 0.09488
0.87497 0.46328
0.03482 0.72039
0.81442 0.20567
0.01846 0.00522
0.86111 0.58003
0.84911 0.15390
0.57096 0.38043
0.66416 0.03070
0.77386 0.87561
0.40447 0.78913
0.65639 0.60827
0.64877 0.46881
0.08827 0.48860
0.71252 0.79037
0.81959 0.13504
0.93805 0.14592
0.21456 0.25438
0.23114 0.04501
0.37107 0.47379
0.78004 0.41738
0.86408 0.37474
0.79651 0.15964
0.72293 0.14843
0.67346 0.01508
0.68771 0.90447
0.68793 0.10475
0.98056 0.58329
0.72169 0.88508
0.21493 0.48592
0.46744 0.64028
0.10252 0.98590
0.81765 0.85437
0.84168 0.66194
0.91127 0.93469
0.16229 0.84089
0.90608 0.39887
0.83395 0.91505
0.85675 0.55678
0.05882 0.15864
0.88523 0.42187
0.44787 0.84367
0.00032 0.69548
0.83508 0.28173
0.61498 0.99439
0.89468 0.63982
0.04730 0.68120
0.67496 0.88048
0.68698 0.69349
0.14380 0.25799
0.12511 0.75474
0.46818 0.20690
0.92753 0.55242
0.29807 0.53294
0.97080 0.96834
0.14379 0.51650
0.78869 0.46270
0.34021 0.86699
0.68016 0.07773
0.67236 0.54412
0.63617 0.31951
0.69216 0.35145
0.64611 0.02712
0.87197 0.84008
0.76354 0.76282
0.46416 0.27647
0.10064 0.99785
0.36134 0.66683
0.21757 0.13465
0.60853 0.77651
0.71376 0.11868
0.02845 0.66557
0.51932 0.96823
0.69145 0.69067
0.32853 0.00499
0.60716 0.30665
0.98324 0.79690
0.18315 0.44872
0.69934 0.49276
0.65017 0.60288
0.51012 0.17163
0.53529 0.45216
0.82411 0.07480
0.64465 0.53155
0.77697 0.54477
0.61680 0.03876
0.69402 0.11001
0.01078 0.38258
0.17476 0.21953
0.94311 0.18226
0.50109 0.82724
0.75685 0.59162
0.04667 0.22379
0.85686 0.58246
0.81765 0.49238
0.83368 0.11853
0.58850 0.49306
0.81052 0.64173
0.15121 0.74587
0.74501 0.09372
0.83505 0.73004
0.50642 0.85621
0.25452 0.63307
0.69376 0.28242
0.81455 0.19485
0.20134 0.36711
0.72708 0.34821
0.80913 0.33086
0.93977 0.30613
0.61220 0.44511
0.49010 0.13973
0.93212 0.73105
0.91362 0.81687
0.54186 0.12225
0.48537 0.38272
0.35900 0.06868
0.97987 0.58258
0.00763 0.71075
0.06609 0.32460
0.44812 0.47324
0.55125 0.09783
0.34177 0.75069
0.38139 0.48510
0.21874 0.14488
0.69894 0.24299
0.83231 0.83754
0.64839 0.99557
0.47352 0.88741
0.35806 0.09514
0.03345 0.91042
0.77259 0.34492
0.87487 0.66298
0.27672 0.71951
0.45799 0.46618
0.27811 0.55160
0.54124 0.24882
0.82335 0.33401
0.82078 0.24182
0.95189 0.19770
0.57665 0.99266
0.31862 0.74400
0.68641 0.27235
0.53256 0.11410
0.05552 0.39342
0.87668 0.05257
0.04398 0.19793
0.40818 0.70253
0.80343 0.54279
0.16832 0.39122
0.16090 0.36642
0.62520 0.88596
0.83852 0.49860
0.48053 0.78244
0.99819 0.65097
0.53964 0.62606
0.21421 0.60428
0.49962 0.23463
0.66242 0.48276
0.71594 0.54972
0.82726 0.56155
0.88023 0.01449
0.59773 0.58349
0.69816 0.10490
0.96128 0.21316
0.65411 0.83769
0.69012 0.74287
0.76188 0.75987
0.11662 0.12861
0.41474 0.88026
0.08825 0.16823
0.27413 0.52371
0.28194 0.86040
0.51983 0.35093
0.10973 0.73218
0.53766 0.11996
0.13346 0.72500
0.89764 0.84583
0.19948 0.52910
0.28205 0.00725
0.58482 0.87512
0.08689 0.56206
0.35017 0.64633
0.41047 0.34833
0.42303 0.76899
0.02641 0.33749
0.74278 0.30167
0.20861 0.78262
0.91003 0.31605
0.12248 0.32783
0.23041 0.35865
0.55623 0.47615
0.62652 0.19687
0.24356 0.79411
0.46474 0.83462
0.34528 0.22445
0.32613 0.20373
0.23865 0.71726
0.76439 0.89619
0.25889 0.48444
0.97867 0.21948
0.44884 0.75556
0.48434 0.22742
0.51254 0.91185
0.45455 0.07977
0.95210 0.55196
0.24537 0.95894
0.00377 0.10592
0.47559 0.63541
0.79947 0.06994
0.88928 0.71105
0.40902 0.42402
0.93260 0.91197
0.80677 0.42387
0.71456 0.70410
0.22222 0.06548
0.66957 0.66753
0.09343 0.70403
0.29286 0.13313
0.84278 0.17394
0.76088 0.47155
0.43876 0.23779
0.70543 0.53273
0.57299 0.87258
0.84725 0.63983
0.79170 0.92346
0.61132 0.91855
0.87152 0.38046
0.03455 0.64672
0.55546 0.35090
0.98584 0.27347
0.07304 0.97745
0.84964 0.89669
0.24393 0.38980
0.31434 0.11350
0.29594 0.63154
0.57138 0.73047
0.80651 0.80086
0.04756 0.82963
0.43419 0.31525
0.30190 0.60236
0.11071 0.77711
0.55104 0.89388
0.00615 0.13489
0.38749 0.57392
0.80458 0.06573
0.53443 0.89736
0.08263 0.14954
0.15266 0.37291
0.46522 0.89019
0.51172 0.80394
0.81726 0.12428
0.57562 0.29458
0.56647 0.12324
0.60538 0.22195
0.23770 0.18977
0.63320 0.51364
0.39817 0.07759
0.50592 0.09460
0.48097 0.93470
0.51911 0.92836
0.94964 0.97211
0.06462 0.93285
0.83484 0.05117
0.13141 0.58484
0.97466 0.75754
0.52072 0.51354
0.07923 0.74743
0.99265 0.67349
0.04694 0.42055
0.72500 0.02401
0.57650 0.38767
0.66396 0.86000
0.47441 0.33722
0.04487 0.69805
0.51419 0.21064
0.16528 0.50431
0.68323 0.76227
0.39035 0.55108
0.26364 0.07070
0.23261 0.79334
0.04577 0.09201
0.51456 0.27677
0.41371 0.47945
0.03606 0.42666
0.32673 0.43836
0.50362 0.64181
0.76486 0.39024
0.09173 0.82490
0.90968 0.79141
0.62033 0.35535
0.03992 0.65567
0.75041 0.09411
0.63978 0.08362
0.43768 0.20953
0.98546 0.04195
0.62001 0.74686
0.52753 0.39047
0.74476 0.09419
0.84960 0.08232
0.86636 0.55035
0.16826 0.40302
0.73269 0.59652
0.03030 0.36985
0.53739 0.34183
0.18115 0.47227
0.45689 0.21507
0.48242 0.59126
0.52879 0.27614
0.07158 0.77062
0.42138 0.41095
0.77213 0.79390
0.76413 0.49124
0.68509 0.79397
0.32542 0.18897
0.41674 0.69943
0.24382 0.52246
0.98692 0.27760
0.53707 0.63330
0.30255 0.91533
0.35039 0.47936
0.84147 0.74814
0.51995 0.34338
0.87565 0.27237
0.10879 0.26939
0.95564 0.68098
0.52873 0.21313
0.98552 0.20121
0.81352 0.08746
0.62981 0.71503
0.68786 0.05276
0.23977 0.99256
0.91586 0.81246
0.50400 0.68598
0.61123 0.88270
0.98979 0.34002
0.46846 0.64792
0.00631 0.94162
0.54556 0.77853
0.17389 0.31812
0.40177 0.56831
0.22858 0.78418
0.30577 0.55519
0.76799 0.44585
0.07158 0.13944
0.10785 0.90782
0.01217 0.78068
0.94463 0.98094
0.74717 0.40355
0.12177 0.95429
0.07632 0.17331
0.95109 0.37131
0.30470 0.36273
0.08644 0.95084
0.13346 0.62351
0.66393 0.69163
0.37626 0.94573
0.55485 0.19007
0.82650 0.38743
0.19214 0.48217
0.49690 0.69265
0.77572 0.76426
0.16002 0.32723
0.22291 0.17205
0.69446 0.82295
0.99897 0.92842
0.17891 0.54497
0.02805 0.64101
0.40247 0.86079
0.55836 0.76513
0.40741 0.90941
0.30883 0.50332
0.44786 0.76879
0.10607 0.59378
0.19817 0.65434
0.27149 0.52547
0.55476 0.20442
0.37049 0.25427
0.36042 0.80081
0.00095 0.92124
0.47059 0.39096
0.08881 0.02058
0.50581 0.71641
0.45451 0.47116
0.02084 0.11633
0.21689 0.99370
0.66493 0.56899
0.52712 0.60196
0.28773 0.02079
0.63988 0.73308
0.81465 0.13096
0.86397 0.37931
0.78099 0.18989
0.22119 0.95108
0.13800 0.53174
0.61805 0.98415
0.12536 0.79839
0.33124 0.55214
0.13832 0.63962
0.27275 0.35768
0.45923 0.28244
0.67943 0.76195
0.00324 0.97333
0.89167 0.46176
0.95071 0.23763
0.54041 0.05233
0.33949 0.81187
0.40561 0.49407
0.00751 0.10070
0.15036 0.01869
0.55099 0.16867
0.91680 0.08031
0.87388 0.60287
0.79779 0.83773
0.93069 0.82725
0.16219 0.80249
0.11025 0.90806
0.66339 0.59728
0.11011 0.69069
0.41377 0.07647
0.98130 0.46699
0.14743 0.21334
0.15397 0.47305
0.53911 0.20646
0.24673 0.39393
0.58158 0.75859
0.18125 0.37396
0.20709 0.80906
0.43644 0.64521
0.25841 0.28068
0.60198 0.33934
0.69852 0.73995
0.66340 0.62100
0.46750 0.77401
0.07739 0.61251
0.24600 0.21751
0.52677 0.20441
0.83665 0.60386
0.61729 0.33734
0.26364 0.49587
0.89354 0.54062
0.17710 0.51766
0.51930 0.09766
0.26520 0.62769
0.41987 0.13520
0.77280 0.97369
0.18182 0.38823
0.15854 0.28458
0.51286 0.02861
0.23664 0.46584
0.15600 0.71096
0.38764 0.40421
0.07268 0.50471
0.51094 0.47504
0.17481 0.46336
0.24145 0.00962
0.96557 0.23925
0.20079 0.33782
0.36458 0.96928
0.80803 0.86384
0.15834 0.17130
0.04691 0.67770
0.10201 0.43104
0.66798 0.22734
0.63365 0.83501
0.97086 0.89802
0.01069 0.26391
0.44567 0.00856
0.42522 0.05766
0.78575 0.25753
0.74104 0.27837
0.33463 0.78826
0.47749 0.76355
0.14579 0.07241
0.53586 0.85385
0.38184 0.44432
0.46630 0.47267
0.93035 0.11380
0.35559 0.56189
0.38183 0.19515
0.55467 0.38131
0.15007 0.95468
0.50580 0.02221
0.57851 0.46573
0.59311 0.36144
0.14926 0.94013
0.06573 0.96371
0.16120 0.07583
0.02138 0.94269
0.15052 0.75994
0.29900 0.85837
0.40323 0.22030
0.61616 0.60357
0.50991 0.94045
0.97360 0.94633
0.88484 0.34603
0.37006 0.94370
0.52456 0.95078
0.65928 0.14631
0.22032 0.07754
0.66100 0.75576
0.44894 0.00655
0.43079 0.74990
0.58268 0.50176
0.68560 0.58013
0.71417 0.31927
0.02678 0.17673
0.78805 0.74340
0.65320 0.85698
0.96663 0.58728
0.57868 0.62249
0.20059 0.74682
0.12863 0.80515
0.50114 0.82094
0.55705 0.95842
0.90036 0.66885
0.09390 0.16416
0.46863 0.45972
0.63802 0.13107
0.76806 0.21667
0.73449 0.25772
0.63540 0.36918
0.62909 0.99995
0.96615 0.10339
0.99068 0.59229
0.56780 0.31438
0.34395 0.65169
0.04021 0.99686
0.77821 0.30870
0.25593 0.73711
0.12930 0.08665
0.52366 0.40201
0.86749 0.98961
0.60377 0.19072
0.30071 0.15822
0.86494 0.31895
0.98346 0.96042
0.72070 0.88800
0.37768 0.53705
0.43440 0.74679
0.83677 0.49020
0.95381 0.02368
0.51419 0.32036
0.57827 0.33756
0.92659 0.83129
0.46356 0.98372
0.84133 0.79235
0.43557 0.15353
0.19688 0.46800
0.97248 0.41069
0.08883 0.27279
0.15490 0.29206
0.57498 0.43530
0.22589 0.37688
0.16988 0.78458
0.56393 0.05786
0.77471 0.73477
0.61730 0.22647
0.02505 0.00726
0.00550 0.18016
0.97832 0.26170
0.95737 0.44438
0.13327 0.34907
0.91249 0.37478
0.44924 0.85907
0.58143 0.96530
0.91253 0.39340
0.76152 0.08699
0.91414 0.27596
0.62323 0.02751
0.40720 0.70684
0.78981 0.14167
0.24109 0.60997
0.14845 0.74919
0.51988 0.39935
0.56273 0.07074
0.53833 0.89769
0.23952 0.73831
0.90059 0.18267
0.22818 0.99444
0.38461 0.71080
0.30202 0.94757
0.18883 0.50133
0.09158 0.01347
0.06139 0.44723
0.17057 0.08954
0.94339 0.30617
0.94608 0.14163
0.43114 0.55277
0.67780 0.36855
0.51983 0.87732
0.34770 0.13236
0.33019 0.91365
0.46567 0.96439
0.11001 0.62889
0.98398 0.74957
0.06962 0.24780
0.25991 0.35849
0.83853 0.14339
0.01070 0.21227
0.15746 0.98908
0.94108 0.60601
0.51007 0.99264
0.09637 0.54614
0.70042 0.35048
0.19429 0.56817
0.78706 0.35996
0.65158 0.20330
0.55098 0.49651
0.92591 0.85611
0.83288 0.32299
0.31956 0.55177
0.86937 0.71592
0.94603 0.12316
0.77194 0.56053
0.24008 0.47515
0.82959 0.68415
0.52214 0.56713
0.78629 0.27347
0.57464 0.64351
0.91698 0.02898
0.44183 0.75449
0.07535 0.42634
0.72518 0.33412
0.05338 0.88045
0.64442 0.11697
0.80100 0.18073
0.38360 0.25485
0.12686 0.29686
0.67172 0.67643
0.87497 0.38554
0.16058 0.99415
0.11186 0.75477
0.78492 0.93166
0.67046 0.64495
0.39840 0.64859
0.12202 0.44490
0.84920 0.05351
0.72973 0.25051
0.07571 0.43214
0.88525 0.69942
0.23845 0.29043
0.16268 0.59685
0.28674 0.87606
0.55899 0.40705
0.16851 0.05997
0.97430 0.58039
0.58883 0.39891
0.14182 0.52961
0.29497 0.86433
0.81680 0.96472
0.74287 0.39730
0.62654 0.73698
0.84729 0.19316
0.89180 0.32049
0.99197 0.08260
0.49135 0.64909
0.34374 0.53416
0.45322 0.84933
0.70211 0.60717
0.94179 0.26265
0.45341 0.96058
0.95639 0.09781
0.44710 0.61727
0.80863 0.20667
0.67077 0.40210
0.60216 0.46886
0.82342 0.45254
0.41965 0.61084
0.16168 0.40555
0.69869 0.04974
0.36582 0.03469
0.43106 0.71605
0.69457 0.33134
0.98644 0.65849
0.21558 0.41890
0.78099 0.46367
0.48210 0.75761
0.48741 0.30860
0.74261 0.43936
0.36741 0.57508
0.59410 0.36133
0.72175 0.64450
0.93997 0.34495
0.66169 0.60819
0.92998 0.01103
0.31448 0.47997
0.53859 0.56215
0.10339 0.58714
0.74138 0.33358
0.70997 0.10933
0.97339 0.78910
0.03980 0.07702
0.34603 0.73996
0.11652 0.41219
0.45614 0.77332
0.76071 0.40056
0.97934 0.73393
0.06635 0.58638
0.56273 0.43389
0.29123 0.17363
0.85403 0.33754
0.86413 0.92892
0.83977 0.78779
0.65722 0.92663
0.74513 0.95449
0.87028 0.43570
0.41324 0.38042
0.45690 0.41419
0.92778 0.48171
0.47440 0.00302
0.38359 0.66409
0.01200 0.42773
0.66361 0.90738
0.25681 0.49427
0.44988 0.00841
0.89136 0.12789
0.86622 0.89716
0.79716 0.36514
0.30608 0.60732
0.29118 0.83043
0.89760 0.62867
0.47609 0.49060
0.46273 0.43463
0.18199 0.43548
0.82713 0.82395
0.53932 0.38082
0.95117 0.38518
0.86200 0.19820
0.28976 0.91293
0.66159 0.03442
0.99103 0.22593
0.98794 0.96156
0.39467 0.16165
0.46706 0.17154
0.49527 0.42048
0.48673 0.19075
0.91991 0.14275
0.07294 0.17139
0.84040 0.18758
0.06559 0.55864
0.44752 0.38469
0.19644 0.22412
0.35430 0.27625
0.14580 0.86098
0.96881 0.97384
0.35693 0.93887
0.68208 0.81924
0.94701 0.28618
0.56760 0.33119
0.08899 0.89452
0.54357 0.94835
0.14515 0.34971
0.28815 0.40872
0.80407 0.84026
0.63280 0.13005
0.50294 0.26446
0.44234 0.03015
0.00436 0.99054
0.07433 0.41163
0.46560 0.06954
0.86030 0.82653
0.32180 0.01030
0.13641 0.45250
0.45063 0.29153
0.28413 0.28624
0.45912 0.02650
0.04704 0.55145
0.17923 0.82017
0.70134 0.48509
0.88664 0.85801
0.71388 0.41118
0.33794 0.81071
0.96547 0.52226
0.05998 0.91238
0.50664 0.78608
0.54013 0.19153
0.38201 0.30973
0.86128 0.29456
0.13139 0.72253
0.39493 0.49314
0.70342 0.82626
0.70104 0.71175
0.93831 0.12553
0.28981 0.29385
0.27441 0.08907
0.91006 0.86385
0.23674 0.12605
0.85026 0.54926
0.46847 0.95523
0.43704 0.92378
0.84799 0.83048
0.22896 0.52425
0.20321 0.53717
0.67090 0.57338
0.05127 0.43432
0.22373 0.82599
0.20519 0.73686
0.56165 0.75237
0.04057 0.63090
0.27725 0.52902
0.92503 0.45476
0.41839 0.87152
0.75571 0.95953
0.02113 0.57431
0.06557 0.11241
0.86709 0.68558
0.10647 0.77462
0.15047 0.96260
0.68749 0.19066
0.99123 0.07068
0.33867 0.18531
0.62544 0.52586
0.44728 0.45231
0.42437 0.64834
0.85003 0.27522
0.98392 0.89504
0.56347 0.41822
0.47721 0.28668
0.91337 0.10432
0.32994 0.97193
0.29670 0.38373
0.13119 0.79343
0.20729 0.92189
0.09656 0.48591
0.30871 0.19072
0.07107 0.57880
0.68389 0.05480
0.22696 0.68227
0.58281 0.88822
0.12480 0.29173
0.36783 0.79754
0.17039 0.08445
0.61893 0.65958
0.36713 0.75471
0.13914 0.72119
0.03409 0.39397
0.99027 0.00646
0.88081 0.54937
0.00574 0.03551
0.90129 0.55100
0.33711 0.26667
0.76597 0.15841
0.23153 0.89963
0.70034 0.79422
0.18941 0.15825
0.53331 0.84715
0.31676 0.82920
0.20461 0.36558
0.98671 0.15422
0.02530 0.50085
0.48014 0.50005
0.40135 0.09174
0.73076 0.51517
0.87328 0.83730
0.51356 0.45586
0.15118 0.88326
0.68914 0.09370
0.82465 0.42080
0.92993 0.32092
0.26477 0.52188
0.16683 0.15651
0.95637 0.83179
0.80370 0.75411
0.92023 0.01959
0.44970 0.11240
0.72968 0.90170
0.99323 0.72052
0.50065 0.10355
0.27808 0.99599
0.88074 0.67189
0.79028 0.77462
0.27892 0.43321
0.62845 0.45366
0.66785 0.90631
0.47709 0.96871
0.44977 0.91743
0.35968 0.79035
0.79976 0.10588
0.09964 0.22611
0.55310 0.22713
0.02148 0.58118
0.14911 0.60540
0.80655 0.65340
0.95112 0.90925
0.80320 0.08118
0.48666 0.71730
0.19911 0.59246
0.93604 0.65866
0.42446 0.49441
0.89201 0.28022
0.97880 0.76791
0.95815 0.18553
0.27244 0.24797
0.54234 0.17106
0.49209 0.00074
0.22351 0.19552
0.43258 0.69460
0.33664 0.84705
0.83637 0.94818
0.30238 0.93180
0.66933 0.80335
0.72511 0.25414
0.65526 0.34276
0.72813 0.46368
0.82443 0.26096
0.83015 0.51362
0.14667 0.69410
0.51703 0.52914
0.30192 0.06394
0.74800 0.69936
0.24112 0.41933
0.59949 0.48772
0.48282 0.87885
0.63416 0.45206
0.24148 0.65935
0.57970 0.65663
0.19879 0.93438
0.44632 0.67890
0.60497 0.49891
0.31312 0.44354
0.60768 0.86118
0.68445 0.32622
0.83165 0.03865
0.68811 0.54569
0.40354 0.48348
0.39101 0.97567
0.82887 0.02031
0.78950 0.95173
0.22135 0.61090
0.42115 0.44416
0.60453 0.34349
0.86922 0.30669
0.50601 0.95291
0.63267 0.30786
0.80722 0.49761
0.69040 0.07724
0.39936 0.21212
0.25399 0.61666
0.86151 0.77561
0.75207 0.37406
0.25736 0.20271
0.14564 0.71966
0.11104 0.95280
0.94271 0.82105
0.49400 0.39336
0.68390 0.99713
0.05433 0.23191
0.88581 0.90017
0.91209 0.98247
0.78340 0.85852
0.55132 0.27352
0.62711 0.46295
0.86609 0.72400
0.11929 0.12799
0.03378 0.73804
0.31904 0.15439
0.01668 0.26991
0.84292 0.00380
0.74359 0.46105
0.71737 0.26639
0.04471 0.62293
0.15507 0.34178
0.59407 0.32041
0.38238 0.37823
0.41666 0.77944
0.52481 0.73021
0.37104 0.24950
0.01423 0.20454
0.75766 0.50896
0.10615 0.17845
0.88707 0.97648
0.22217 0.75667
0.30522 0.67871
0.02370 0.20110
0.80076 0.45636
0.50301 0.79837
0.48444 0.17851
0.18610 0.66028
0.30761 0.98725
0.33286 0.51871
0.11586 0.93090
0.82307 0.92099
0.81860 0.55462
0.50464 0.01593
0.19245 0.06831
0.06401 0.35607
0.70634 0.30647
0.71148 0.07919
0.62545 0.57649
0.53703 0.24814
0.43426 0.71684
0.67312 0.60987
0.55567 0.75583
0.22162 0.35034
0.31885 0.19762
0.43952 0.40620
0.21048 0.94726
0.63971 0.82294
0.12298 0.27598
0.08790 0.02794
0.03896 0.99898
0.66307 0.68144
0.65596 0.96626
0.17015 0.30249
0.02072 0.32474
0.44970 0.96212
0.70072 0.14260
0.33897 0.24032
0.10889 0.99937
0.04726 0.19007
0.17412 0.29567
0.21461 0.59063
0.55819 0.82205
0.16788 0.47787
0.06291 0.72637
0.23491 0.89915
0.17609 0.46723
0.78756 0.59169
0.74963 0.98551
0.84696 0.53149
0.08956 0.03655
0.22726 0.53752
0.39857 0.59702
0.51262 0.40620
0.91330 0.73434
0.85357 0.34166
0.26734 0.48632
0.28311 0.20803
0.35187 0.79394
0.95267 0.14808
0.93299 0.13830
0.78719 0.56980
0.15778 0.72142
0.08782 0.47183
0.77534 0.00974
0.17943 0.42529
0.16615 0.17318
0.98846 0.50766
0.88149 0.35516
0.66494 0.92936
0.66046 0.90619
0.75059 0.65664
0.96406 0.82889
0.37765 0.42612
0.57226 0.48192
0.28701 0.52147
0.46647 0.16382
0.43808 0.48485
0.50353 0.34263
0.45016 0.85759
0.97044 0.80069
0.28098 0.07477
0.34277 0.81394
0.22744 0.25589
0.63576 0.97477
0.24120 0.65043
0.93923 0.65178
0.95070 0.03478
0.44462 0.21375
0.86823 0.31635
0.93753 0.36468
0.19248 0.47055
0.23774 0.39605
0.14582 0.26740
0.10506 0.76636
0.78939 0.56626
0.79257 0.88417
0.90543 0.30466
0.70307 0.87101
0.91030 0.11081
0.00154 0.05288
0.78627 0.06615
0.87569 0.03597
0.64401 0.34624
0.40327 0.00948
0.82170 0.59891
0.26333 0.26411
0.94461 0.56333
0.42018 0.59285
0.82946 0.43573
0.80962 0.32554
0.43067 0.16099
0.94419 0.28863
0.10553 0.65766
0.69387 0.61908
0.31704 0.18610
0.34157 0.04401
0.15102 0.41806
0.41173 0.82827
0.38655 0.80460
0.02615 0.21914
0.91548 0.02908
0.61120 0.53080
0.04886 0.88881
0.87346 0.34362
0.98599 0.94399
0.81789 0.26165
0.15421 0.18790
0.99198 0.88834
0.13764 0.69048
0.67209 0.11685
0.69174 0.89103
0.60372 0.82177
0.52044 0.61619
0.53363 0.43944
0.03105 0.76014
0.64951 0.21816
0.47595 0.68417
0.73570 0.83564
0.75415 0.87480
0.90495 0.81054
0.24831 0.16381
0.21283 0.34321
0.10924 0.91158
0.71871 0.15796
0.16487 0.48906
0.55909 0.74680
0.33927 0.14867
0.72150 0.77834
0.66408 0.62324
0.94512 0.26156
0.03917 0.39230
0.15229 0.11382
0.69506 0.18462
0.50091 0.08891
0.57719 0.63172
0.18605 0.96815
0.72337 0.76793
0.34207 0.28216
0.00449 0.16660
0.00331 0.93545
0.80409 0.83523
0.56194 0.85517
0.56715 0.90359
0.01801 0.32889
0.91476 0.43646
0.84260 0.20163
0.48352 0.73093
0.39553 0.43695
0.23234 0.85894
0.60903 0.87353
0.45901 0.21388
0.03645 0.48976
0.00702 0.09344
0.50772 0.79894
0.16281 0.45080
0.39174 0.20208
0.94927 0.63827
0.36189 0.89428
0.95514 0.37458
0.03898 0.11757
0.43782 0.31315
0.85317 0.77209
0.90238 0.27814
0.95410 0.70978
0.52696 0.56205
0.07572 0.86356
0.73876 0.15691
0.42028 0.34863
0.97623 0.21809
0.80630 0.68899
0.77595 0.13418
0.10451 0.44499
0.16706 0.86116
0.57584 0.72340
0.71501 0.42202
0.42715 0.64974
0.79662 0.82319
0.53075 0.09095
0.97428 0.63386
0.08349 0.69742
0.29318 0.53049
0.45572 0.62753
0.21368 0.44741
0.17960 0.50528
0.14358 0.59628
0.50348 0.80406
0.55126 0.81251
0.99479 0.54290
0.20893 0.92397
0.50353 0.53189
0.68073 0.30482
0.18060 0.88555
0.40075 0.88069
0.20268 0.22942
0.33042 0.39158
0.92141 0.77403
0.02297 0.89590
0.64274 0.68527
0.18454 0.82041
0.11080 0.12310
0.90151 0.83123
0.49642 0.50101
0.71809 0.92687
0.19394 0.56179
0.98113 0.60988
0.48102 0.76522
0.56919 0.62884
0.95217 0.02323
0.23524 0.94682
0.67717 0.90357
0.98880 0.72486
0.26387 0.00890
0.75622 0.49618
0.81979 0.79524
0.67380 0.68218
0.72144 0.99492
0.37172 0.62772
0.78792 0.85999
0.02758 0.44830
0.21693 0.40071
0.47194 0.15178
0.15398 0.37942
0.43391 0.84472
0.54541 0.37992
0.17765 0.23358
0.93842 0.39447
0.58318 0.56783
0.05410 0.32959
0.40885 0.86853
0.78225 0.22322
0.79136 0.31163
0.19899 0.80774
0.43970 0.29901
0.83575 0.38748
0.72253 0.42869
0.34082 0.00411
0.39288 0.66696
0.00564 0.52569
0.30083 0.50674
0.02695 0.29693
0.33913 0.05886
0.83594 0.14274
0.13702 0.21119
0.20696 0.47994
0.90539 0.00359
0.64759 0.65731
0.17858 0.16370
0.00901 0.08699
0.67759 0.81226
0.66212 0.88187
0.97198 0.73104
0.03201 0.03932
0.49127 0.53780
0.57448 0.99388
0.91419 0.89707
0.76878 0.94043
0.54593 0.03888
0.78654 0.57350
0.74734 0.78925
0.94611 0.72909
0.81515 0.45767
0.08344 0.90731
0.67771 0.48005
0.77338 0.38376
0.14316 0.47817
0.36945 0.01060
0.80769 0.41027
0.79775 0.72360
0.81785 0.85414
0.79682 0.63678
0.08894 0.23061
0.47256 0.21978
0.09465 0.23227
0.77290 0.53881
0.37980 0.73752
0.70353 0.58851
0.33751 0.70911
0.90124 0.61748
0.02470 0.86768
0.17403 0.61722
0.30248 0.75407
0.86627 0.57100
0.52768 0.63329
0.87754 0.84679
0.90758 0.37767
0.54277 0.74330
0.91413 0.39410
0.23784 0.65819
0.52899 0.39894
0.91965 0.33287
0.88587 0.51287
0.50762 0.71730
0.57625 0.23598
0.01405 0.70158
0.14250 0.06320
0.41512 0.31668
0.17017 0.59394
0.06837 0.32899
0.05105 0.46920
0.24921 0.56566
0.96246 0.27075
0.65273 0.96031
0.69943 0.55986
0.25269 0.56157
0.90883 0.67161
0.45926 0.06927
0.30437 0.76265
0.70996 0.77465
0.11826 0.95576
0.09561 0.64554
0.95027 0.44070
0.45765 0.46434
0.81353 0.94884
0.38508 0.57371
0.12844 0.85540
0.52291 0.21391
0.99936 0.40226
0.43079 0.92368
0.33087 0.93839
0.74735 0.79152
0.47912 0.90771
0.40853 0.23541
0.44608 0.20049
0.37480 0.79282
0.71164 0.14865
0.78454 0.90137
0.37846 0.61120
0.55815 0.47005
0.40651 0.75202
0.37643 0.01446
0.42272 0.20686
0.83667 0.82653
0.82085 0.81460
0.38896 0.72224
0.04047 0.96799
0.41470 0.19576
0.48795 0.91192
0.49965 0.15294
0.21271 0.84597
0.13254 0.75944
0.84033 0.06320
0.22623 0.47201
0.33322 0.66090
0.21271 0.21154
0.90718 0.56260
0.70278 0.98294
0.11040 0.83244
0.03410 0.29042
0.87835 0.54972
0.35100 0.59035
0.29710 0.46637
0.64135 0.42016
0.75727 0.42397
0.62962 0.22770
0.03969 0.22407
0.25994 0.14859
0.24794 0.87745
0.86344 0.72526
0.53893 0.29704
0.52810 0.21824
0.31002 0.47282
0.70599 0.54913
0.75959 0.64568
0.10915 0.11150
0.57045 0.30658
0.74079 0.92052
0.46367 0.53559
0.97165 0.26183
0.98116 0.51281
0.89270 0.83615
0.59853 0.74660
0.72029 0.93898
0.35257 0.57856
0.42598 0.37404
0.32186 0.52750
0.99294 0.17394
0.24989 0.50840
0.88985 0.97902
0.01597 0.63717
0.62647 0.28015
0.82410 0.28072
0.14179 0.66641
0.87759 0.88666
0.55723 0.54801
0.60013 0.69246
0.66264 0.74999
0.62901 0.54789
0.49986 0.22437
0.94514 0.50636
0.37661 0.08668
0.65249 0.86055
0.82180 0.14930
0.16229 0.14909
0.67109 0.27542
0.62391 0.45318
0.28261 0.11303
0.42785 0.08269
0.94318 0.61640
0.17853 0.03821
0.53289 0.75582
0.92486 0.35072
0.44352 0.50423
0.43986 0.65157
0.88896 0.27745
0.39139 0.02302
0.32427 0.23237
0.90188 0.36244
0.96622 0.28356
0.69468 0.74502
0.44773 0.75620
0.71289 0.19061
0.51324 0.36202
0.11061 0.33782
0.66240 0.74305
0.66592 0.64498
0.92394 0.89431
0.89740 0.29319
0.24145 0.76683
0.26230 0.19157
0.39372 0.75832
0.77155 0.71883
0.42220 0.83508
0.54755 0.10009
0.22491 0.00111
0.79308 0.08659
0.70677 0.53639
0.27025 0.26915
0.15347 0.17632
0.74279 0.88150
0.22065 0.88352
0.43282 0.51767
0.04626 0.54880
0.88695 0.48703
0.69569 0.41277
0.04562 0.38173
0.18140 0.31033
0.34100 0.44205
0.66469 0.29670
0.78531 0.35755
0.57685 0.23011
0.51860 0.73616
0.13385 0.98766
0.97227 0.83942
0.82651 0.46855
0.62906 0.87680
0.16706 0.48338
0.03867 0.02167
0.68966 0.49046
0.63536 0.27233
0.94471 0.32957
0.97329 0.15971
0.83151 0.98832
0.34900 0.18385
0.99754 0.50384
0.79174 0.59869
0.13202 0.32268
0.63116 0.20446
0.31161 0.79467
0.43428 0.48704
0.38008 0.90259
0.30388 0.11516
0.69700 0.36063
0.51170 0.84939
0.30632 0.65421
0.21096 0.01472
0.78812 0.20433
0.91872 0.20200
0.11894 0.54136
0.76940 0.07286
0.26301 0.86488
0.83652 0.69280
0.76344 0.78146
0.41025 0.64348
0.75870 0.18881
0.94665 0.40300
0.40358 0.55883
0.29622 0.44735
0.66754 0.13893
0.08916 0.32630
0.00143 0.35531
0.00634 0.72296
0.21229 0.64253
0.60601 0.98436
0.29257 0.84319
0.92289 0.66462
0.97825 0.57190
0.07103 0.02456
0.36941 0.72069
0.50206 0.34859
0.03727 0.71386
0.34272 0.57975
0.39082 0.64340
0.15069 0.04693
0.88691 0.24295
0.95084 0.00536
0.80259 0.96706
0.95435 0.89300
0.54504 0.44324
0.75392 0.60285
0.51621 0.15511
0.76419 0.39600
0.52016 0.32930
0.76193 0.80188
0.17369 0.19424
0.95813 0.12119
0.09619 0.53978
0.14592 0.38292
0.06602 0.69341
0.38408 0.72285
0.87864 0.69249
0.02304 0.86543
0.65076 0.24145
0.80534 0.74403
0.76640 0.87522
0.76190 0.19279
0.16227 0.96355
0.02111 0.57150
0.32482 0.39871
0.25772 0.03428
0.24784 0.44383
0.11412 0.35146
0.82403 0.29734
0.31528 0.36968
0.87770 0.23022
0.26887 0.91431
0.21514 0.80143
0.64067 0.65373
0.24535 0.78758
0.89860 0.66029
0.71875 0.26898
0.18245 0.17626
0.25863 0.50576
0.63374 0.10119
0.46710 0.54854
0.17594 0.74392
0.45733 0.19842
0.03540 0.03371
0.02473 0.94420
0.88480 0.16740
0.85436 0.76357
0.32032 0.04722
0.77009 0.45211
0.65503 0.14198
0.68492 0.50457
0.49650 0.02257
0.54066 0.57356
0.02411 0.97125
0.02277 0.01032
0.21005 0.06516
0.86746 0.44844
0.32631 0.02371
0.33603 0.23016
0.92597 0.12670
0.69246 0.74087
0.06865 0.66425
0.47414 0.83660
0.69633 0.38387
0.90238 0.76460
0.00837 0.91517
0.30602 0.18764
0.19289 0.60326
0.78787 0.31205
0.94890 0.75171
0.57261 0.14948
0.78191 0.39841
0.04576 0.87680
0.05232 0.76136
0.73176 0.99436
0.37970 0.17704
0.66707 0.64901
0.26511 0.79715
0.64650 0.29838
0.36222 0.95190
0.63223 0.49054
0.38177 0.52317
0.94806 0.46350
0.57029 0.83668
0.00627 0.22646
0.10460 0.59179
0.00914 0.33414
0.14244 0.26583
0.67940 0.39876
0.46616 0.63145
0.94484 0.22557
0.67607 0.83826
0.52189 0.65710
0.77024 0.58811
0.33188 0.12639
0.55622 0.05405
0.23070 0.47001
0.24315 0.88097
0.61099 0.01653
0.77547 0.56119
0.90480 0.88230
0.81671 0.57094
0.60660 0.67705
0.62628 0.85023
0.82491 0.10546
0.11814 0.49597
0.62633 0.16499
0.77568 0.35177
0.72882 0.25921
0.01578 0.92259
0.34345 0.34213
0.37416 0.65054
0.56092 0.21345
0.00630 0.01988
0.15953 0.91665
0.89484 0.95425
0.65831 0.16036
0.22604 0.06349
0.19182 0.05134
0.92867 0.14536
0.86708 0.52811
0.15089 0.13869
0.77207 0.78974
0.43251 0.18166
0.44319 0.09751
0.04559 0.76881
0.20934 0.16362
0.10668 0.88040
0.01313 0.40867
0.66773 0.44277
0.03061 0.66638
0.18628 0.83169
0.27772 0.58516
0.89037 0.19273
0.90071 0.57468
0.89558 0.67964
0.78145 0.33062
0.54462 0.80129
0.28776 0.40897
0.00300 0.45255
0.82933 0.96368
0.10409 0.74975
0.70860 0.23632
0.20132 0.36299
0.34085 0.70122
0.26135 0.16363
0.30254 0.76844
0.36183 0.61549
0.52793 0.78120
0.75509 0.45600
0.62979 0.43747
0.36708 0.32626
0.62048 0.00184
0.70268 0.48189
0.40446 0.70326
0.49087 0.18064
0.23294 0.77415
0.67386 0.99150
0.48015 0.71951
0.64702 0.52682
0.10791 0.13642
0.18979 0.00095
0.78605 0.18879
0.58590 0.70652
0.74483 0.84237
0.88349 0.27327
0.34837 0.92437
0.46484 0.31059
0.35921 0.99603
0.85304 0.49367
0.85549 0.27886
0.88788 0.00959
0.31243 0.39988
0.30275 0.83323
0.94063 0.46339
0.61415 0.60080
0.89160 0.05459
0.48183 0.63447
0.57588 0.20704
0.10242 0.21079
0.26239 0.79530
0.81002 0.58842
0.88316 0.68016
0.13895 0.40097
0.63892 0.21638
0.80228 0.00078
0.04658 0.23226
0.46694 0.25866
0.07370 0.19567
0.37936 0.82278
0.82173 0.41269
0.24937 0.88071
0.54855 0.03093
0.70024 0.54245
0.11633 0.08121
0.30564 0.18701
0.10417 0.41260
0.66695 0.91297
0.40251 0.35110
0.84021 0.64915
0.70047 0.02268
0.28340 0.92646
0.89484 0.13112
0.11003 0.76104
0.42310 0.04655
0.90427 0.84997
0.36038 0.06292
0.89213 0.21595
0.76119 0.90453
0.29245 0.79640
0.54565 0.42532
0.39351 0.00400
0.40018 0.64074
0.93301 0.49363
0.03068 0.42410
0.60327 0.70950
0.45668 0.17477
0.51413 0.33400
0.65145 0.66032
0.50055 0.33411
0.81045 0.19247
0.41406 0.23845
0.17334 0.55187
0.32065 0.04371
0.33301 0.86124
0.99267 0.43921
0.51482 0.42126
0.31691 0.80825
0.28107 0.30847
0.85609 0.67091
0.26949 0.10476
0.90196 0.09337
0.89417 0.22660
0.34702 0.87221
0.56909 0.25281
0.58792 0.54459
0.26110 0.93536
0.18482 0.34230
0.32389 0.84425
0.91536 0.36423
0.43527 0.17844
0.26276 0.63343
0.04581 0.25840
0.97534 0.50149
0.79565 0.81413
0.57819 0.14620
0.96336 0.68894
0.13451 0.92223
0.98576 0.61393
0.97114 0.58337
0.12511 0.85094
0.71606 0.88623
0.21665 0.51678
0.19239 0.13523
0.13567 0.98844
0.75553 0.43618
0.87190 0.64121
0.46525 0.65673
0.28682 0.70122
0.30063 0.42287
0.63820 0.03987
0.40847 0.94826
0.46504 0.68074
0.59090 0.26717
0.67101 0.16095
0.09617 0.52333
0.26143 0.09531
0.95316 0.52320
0.63012 0.69242
0.04647 0.25627
0.09010 0.33082
0.16567 0.70287
0.63775 0.47303
0.56969 0.58577
0.62669 0.40756
0.69637 0.90202
0.51835 0.96698
0.36218 0.16340
0.72421 0.32717
0.83933 0.17944
0.80434 0.00665
0.16323 0.50835
0.79173 0.26807
0.46706 0.06971
0.09437 0.38130
0.34245 0.44106
0.51455 0.02731
0.10730 0.32685
0.55118 0.38919
0.47057 0.87880
0.97891 0.05090
0.76596 0.87502
0.30332 0.05917
0.79877 0.32316
0.86953 0.17422
0.10910 0.31794
0.51465 0.84982
0.13730 0.07207
0.01970 0.23751
0.43863 0.25695
0.53831 0.58258
0.86904 0.45933
0.06295 0.74365
0.39299 0.13745
0.34789 0.22111
0.96947 0.93715
0.42104 0.99412
0.98179 0.93090
0.14207 0.17464
0.50004 0.22602
0.23477 0.34626
0.42461 0.63119
0.52934 0.98180
0.04827 0.14643
0.18118 0.12717
0.31998 0.64827
0.97342 0.09619
0.94529 0.36677
0.41437 0.58634
0.02135 0.77189
0.45164 0.40446
0.49788 0.06045
0.55128 0.81329
0.94899 0.33335
0.76660 0.79241
0.03631 0.29499
0.43620 0.82956
0.72918 0.56104
0.42103 0.74314
0.04765 0.00028
0.46267 0.71190
0.98297 0.30505
0.85680 0.63917
0.44804 0.81165
0.61867 0.16485
0.87971 0.69468
0.00311 0.22969
0.62152 0.21462
0.41757 0.77843
0.67628 0.51178
0.38929 0.22200
0.26169 0.06002
0.70447 0.88502
0.08946 0.14405
0.21294 0.48598
0.89978 0.59492
0.83973 0.32561
0.53207 0.00472
0.93785 0.26853
0.12048 0.57608
0.04578 0.12176
0.25355 0.93610
0.70836 0.89890
0.51051 0.12615
0.31893 0.43761
0.70478 0.01035
0.89484 0.18259
0.28373 0.71488
0.33460 0.66691
0.00167 0.78325
0.85252 0.63750
0.01454 0.26355
0.12030 0.35021
0.69969 0.18755
0.27407 0.40949
0.53614 0.18888
0.02737 0.40113
0.57852 0.80431
0.25609 0.34863
0.91360 0.93347
0.29025 0.75592
0.06581 0.84471
0.49771 0.39356
0.52304 0.48998
0.37099 0.22022
0.31782 0.85167
0.19040 0.57731
0.94908 0.69766
0.38016 0.51797
0.95254 0.35092
0.24675 0.21038
0.58382 0.38939
0.63265 0.29756
0.32981 0.33036
0.80029 0.94953
0.34102 0.58778
0.26982 0.75266
0.13255 0.82315
0.96522 0.09990
0.75943 0.81183
0.70123 0.45483
0.57644 0.52218
0.56333 0.37478
0.05808 0.18111
0.11267 0.94080
0.33254 0.97041
0.15834 0.76068
0.99235 0.60315
0.02328 0.73455
0.15205 0.66193
0.70756 0.33870
0.26266 0.70151
0.29410 0.27027
0.63523 0.00067
0.70376 0.83771
0.00344 0.34266
0.55106 0.09147
0.65876 0.03724
0.66279 0.66727
0.47435 0.82111
0.19482 0.31604
0.87134 0.68131
0.04230 0.19014
0.50832 0.28778
0.08046 0.27389
0.99420 0.20684
0.12205 0.77341
0.39784 0.14747
0.63522 0.78566
0.10273 0.71063
0.76674 0.44194
0.67267 0.65478
0.81351 0.91481
0.50224 0.67798
0.68337 0.06049
0.15165 0.68332
0.13698 0.37027
0.86418 0.10093
0.65232 0.79112
0.73054 0.96802
0.24729 0.05401
0.59945 0.54419
0.42192 0.29635
0.05545 0.72172
0.69103 0.61254
0.48979 0.10543
0.56833 0.14441
0.72023 0.27062
0.14831 0.82991
0.93639 0.17444
0.31251 0.59814
0.41998 0.68315
0.71190 0.11684
0.49481 0.22420
0.53733 0.04617
0.83187 0.35750
0.15542 0.31560
0.33957 0.64548
0.89272 0.59621
0.66945 0.53214
0.17329 0.31945
0.81900 0.34573
0.89201 0.50142
0.06474 0.33152
0.42004 0.52505
0.13877 0.83672
0.36210 0.25392
0.58772 0.26732
0.90358 0.06723
0.51118 0.07323
0.34425 0.68354
0.01684 0.67964
0.12706 0.63055
0.99923 0.04664
0.63525 0.40021
0.51830 0.56847
0.29423 0.80170
0.68470 0.75760
0.95811 0.17400
0.47223 0.33322
0.70936 0.37896
0.01042 0.74362
0.09975 0.29887
0.38454 0.23324
0.49446 0.85566
0.99397 0.12606
0.43122 0.95073
0.60622 0.04029
0.48985 0.05062
0.90262 0.80466
0.39564 0.03725
0.83163 0.94053
0.98123 0.35914
0.34462 0.49612
0.55729 0.93933
0.79470 0.25342
0.84681 0.89514
0.02379 0.76997
0.30249 0.76232
0.09700 0.65466
0.11445 0.72764
0.62294 0.55386
0.44263 0.54951
0.74407 0.19356
0.57635 0.94301
0.81575 0.46692
0.11548 0.34752
0.64193 0.27465
0.16579 0.19517
0.82599 0.03518
0.76546 0.29653
0.76557 0.27960
0.99136 0.59171
0.05881 0.20384
0.82867 0.04035
0.09507 0.45600
0.28271 0.00312
0.54015 0.05252
0.47687 0.33093
0.90192 0.12437
0.64792 0.60862
0.69248 0.51092
0.06208 0.33460
0.14402 0.85217
0.32728 0.30575
0.21886 0.37089
0.83329 0.92089
0.44164 0.18335
0.52291 0.17092
0.80699 0.41780
0.30145 0.02576
0.39686 0.54260
0.28531 0.62517
0.20834 0.46101
0.20151 0.31557
0.89373 0.25405
0.30877 0.67523
0.66405 0.94777
0.94981 0.52339
0.15218 0.37278
0.47151 0.40455
0.11515 0.39582
0.30937 0.26474
0.04370 0.11235
0.92080 0.94142
0.33337 0.12333
0.82179 0.28299
0.55924 0.06985
0.63031 0.88813
0.18172 0.41079
0.67336 0.83609
0.19426 0.25913
0.67150 0.13428
0.66994 0.61279
0.94917 0.62762
0.21744 0.84074
0.66925 0.08111
0.59575 0.80889
0.22603 0.90387
0.79959 0.98070
0.16860 0.06992
0.38645 0.51760
0.27412 0.62108
0.88640 0.42084
0.01434 0.24446
0.89047 0.25818
0.44849 0.12468
0.21918 0.57980
0.56428 0.87812
0.39359 0.61394
0.63489 0.11691
0.58867 0.41278
0.76106 0.16789
0.26929 0.43517
0.22144 0.31971
0.99796 0.00303
0.73853 0.47852
0.10247 0.06917
0.16375 0.34108
0.75489 0.62342
0.26650 0.55782
0.84484 0.67757
0.69466 0.22116
0.95613 0.28494
0.15126 0.19582
0.29540 0.14527
0.21718 0.67740
0.08411 0.41070
0.44329 0.58295
0.89514 0.80579
0.13209 0.84829
0.94946 0.22098
0.38960 0.93545
0.69125 0.05076
0.30522 0.74586
0.73143 0.77111
0.35285 0.49313
0.12890 0.78691
0.05110 0.01612
0.42041 0.71436
0.77356 0.29239
0.06920 0.39250
0.63205 0.68679
0.27461 0.38933
0.72072 0.14681
0.77456 0.34414
0.85759 0.81596
0.94339 0.99368
0.84722 0.28857
0.26633 0.83439
0.80575 0.76088
0.67570 0.24070
0.15145 0.85241
0.48365 0.18530
0.95887 0.47250
0.27195 0.39990
0.52550 0.11217
0.76618 0.11228
0.03649 0.51435
0.05551 0.94063
0.50428 0.31372
0.90303 0.61011
0.41217 0.13078
0.21636 0.63080
0.08205 0.43487
0.41682 0.20149
0.03094 0.73139
0.90923 0.14989
0.03234 0.94188
0.60094 0.29754
0.24124 0.11872
0.77619 0.29306
0.45876 0.35668
0.70583 0.42498
0.69144 0.71344
0.07799 0.40806
0.31568 0.50332
0.99097 0.91609
0.27626 0.19400
0.51191 0.66211
0.28493 0.78078
0.55708 0.09004
0.64134 0.44806
0.77205 0.88224
0.31057 0.84104
0.92977 0.53176
0.88576 0.88075
0.08068 0.25408
0.04959 0.49186
0.48172 0.94145
0.91219 0.22686
0.98709 0.88617
0.13246 0.05403
0.71664 0.84941
0.87565 0.21040
0.35601 0.10399
0.13081 0.31496
0.52938 0.11365
0.13224 0.54702
0.96272 0.36244
0.31502 0.70089
0.22494 0.73822
0.62946 0.26894
0.54993 0.70520
0.50908 0.79841
0.57000 0.83266
0.03379 0.10036
0.18906 0.47768
0.55692 0.88249
0.97476 0.32839
0.61651 0.44721
0.29425 0.09198
0.88788 0.16010
0.08697 0.32472
0.70348 0.39956
0.33249 0.87947
0.86450 0.44901
0.65964 0.69284
0.89582 0.44969
0.72500 0.49328
0.17852 0.41000
0.50301 0.66944
0.30378 0.78314
0.22071 0.42801
0.64545 0.39571
0.87845 0.97712
0.83637 0.78233
0.77512 0.67672
0.28703 0.00410
0.49751 0.71739
0.70158 0.18606
0.64132 0.64986
0.92485 0.26190
0.18821 0.64172
0.37430 0.14595
0.53378 0.83524
0.83969 0.36069
0.21150 0.58255
0.65056 0.60752
0.64562 0.85575
0.68528 0.01602
0.27479 0.34894
0.80507 0.60868
0.66199 0.72942
0.14142 0.40879
0.75845 0.01362
0.03373 0.15526
0.21358 0.23558
0.73239 0.83624
0.99063 0.21229
0.12662 0.24577
0.20918 0.91326
0.61916 0.83789
0.88449 0.37524
0.64657 0.30717
0.95190 0.40199
0.56225 0.33844
0.75275 0.96832
0.71886 0.83433
0.01764 0.44512
0.13131 0.65790
0.47103 0.36613
0.80592 0.55364
0.81043 0.53475
0.82094 0.06874
0.12504 0.14440
0.28606 0.39271
0.18616 0.90373
0.70669 0.18055
0.84481 0.29263
0.92335 0.62967
0.86322 0.76300
0.70916 0.70715
0.87881 0.61592
0.55771 0.43189
0.42223 0.46765
0.53386 0.06348
0.81140 0.01615
0.50444 0.05239
0.00844 0.98537
0.68902 0.71891
0.07229 0.94657
0.37336 0.74073
0.60330 0.41621
0.78463 0.62077
0.04096 0.88056
0.80972 0.29916
0.80703 0.05566
0.50635 0.77921
0.06904 0.50645
0.89050 0.08869
0.68910 0.06352
0.18640 0.26033
0.96501 0.38522
0.30504 0.49733
0.65507 0.06436
0.45339 0.85211
0.80185 0.24420
0.39924 0.00355
0.17293 0.25133
0.80128 0.93086
0.15685 0.85826
0.49278 0.07616
0.92941 0.60143
0.95461 0.86818
0.26477 0.66152
0.90671 0.50871
0.68493 0.79941
0.61294 0.90743
0.63216 0.72976
0.19894 0.58082
0.46497 0.93635
0.95940 0.09836
0.40260 0.05571
0.21445 0.87401
0.81409 0.68514
0.42202 0.29921
0.60475 0.73254
0.99961 0.49988
0.66628 0.16046
0.47294 0.92282
0.54591 0.91893
0.20015 0.77429
0.47097 0.31668
0.88589 0.62623
0.05595 0.78721
0.60364 0.21096
0.99982 0.20408
0.20672 0.78253
0.35547 0.69142
0.27062 0.53442
0.27142 0.52495
0.17524 0.98384
0.91531 0.85339
0.18898 0.93466
0.17123 0.66537
0.79624 0.98826
0.45843 0.93010
0.14880 0.32533
0.16754 0.72297
0.28136 0.65608
0.86603 0.89695
0.25165 0.90582
0.98114 0.17118
0.50713 0.24897
0.83409 0.98592
0.17296 0.84596
0.53353 0.21639
0.67859 0.16613
0.40978 0.58285
0.84665 0.74002
0.92651 0.43300
0.78096 0.03368
0.63094 0.25851
0.10857 0.99928
0.63698 0.16693
0.36969 0.60237
