0.05037 0.75193
0.55088 0.80231
0.92433 0.91016
0.39180 0.45365
0.88356 0.51922
0.31783 0.36765
0.51450 0.49171
0.52469 0.33946
0.85047 0.49966
0.07267 0.12009
0.47565 0.18341
0.69818 0.65660
0.93773 0.89311
0.17418 0.47884
0.28986 0.30800
0.76352 0.98989
0.35464 0.59113
0.23314 0.83244
0.00165 0.56947
0.08119 0.72529
0.71806 0.12107
0.82045 0.51400
0.32728 0.63493
0.34179 0.38314
0.02254 0.48771
0.91352 0.45530
0.35411 0.42535
0.50588 0.24176
0.77003 0.80923
0.26242 0.04094
0.79786 0.18459
0.49420 0.05638
0.01146 0.69404
0.94864 0.86596
0.43344 0.66080
0.89408 0.54474
0.68533 0.64854
0.13650 0.28981
0.56010 0.88750
0.26954 0.40396
0.72958 0.78411
0.69709 0.48613
0.08649 0.51469
0.63863 0.84018
0.41696 0.96948
0.15469 0.32105
0.65401 0.94009
0.02207 0.12265
0.88549 0.49382
0.54752 0.01883
0.94227 0.53279
0.61861 0.92537
0.94654 0.84462
0.93772 0.35500
0.09998 0.77687
0.72540 0.00310
0.29710 0.90967
0.35457 0.38245
0.75674 0.28146
0.49012 0.63052
0.26578 0.65174
0.82507 0.10410
0.82570 0.63298
0.36265 0.72121
0.22467 0.43689
0.57072 0.71560
0.45016 0.48317
0.72197 0.60679
0.55631 0.57143
0.42193 0.10334
0.08433 0.13266
0.49181 0.89326
0.99679 0.72735
0.02312 0.55127
0.43361 0.45046
0.88003 0.48267
0.78118 0.31282
0.35214 0.55416
0.30252 0.74460
0.36161 0.45772
0.88287 0.64783
0.32193 0.09813
0.81132 0.09462
0.35820 0.03858
0.53293 0.79347
0.67473 0.26935
0.90030 0.18715
0.82830 0.13644
0.49732 0.02837
0.04461 0.10748
0.68956 0.69240
0.85138 0.10369
0.15058 0.13969
0.47928 0.22889
0.75096 0.78486
0.04144 0.05920
0.57121 0.05353
0.88540 0.91162
0.79236 0.00954
0.54458 0.81781
0.02804 0.86584
0.33010 0.80099
0.84949 0.18795
0.20903 0.78508
0.35299 0.40335
0.40526 0.89023
0.98710 0.97526
0.55024 0.77208
0.42439 0.94708
0.70843 0.88000
0.66127 0.82846
0.84863 0.38130
0.12762 0.25137
0.30267 0.85517
0.87094 0.82063
0.38471 0.52987
0.37146 0.89199
0.96073 0.88291
0.18412 0.86969
0.22189 0.14818
0.13549 0.04360
0.14244 0.55091
0.29769 0.33428
0.32698 0.98798
0.01725 0.96215
0.07523 0.79488
0.53693 0.39480
0.53459 0.15274
0.66086 0.92179
0.00553 0.60598
0.09152 0.98006
0.03668 0.74194
0.88524 0.23706
0.79675 0.60358
0.13360 0.10523
0.75584 0.38923
0.35104 0.50452
0.09517 0.30513
0.42548 0.65747
0.83204 0.39174
0.28121 0.32856
0.65771 0.76908
0.23205 0.89807
0.65872 0.03889
0.53090 0.52406
0.40585 0.78009
0.93083 0.19451
0.11681 0.33572
0.56341 0.79847
0.11527 0.86520
0.35440 0.96354
0.44884 0.01166
0.34305 0.18992
0.89316 0.27935
0.29390 0.50673
0.96511 0.45303
0.66357 0.49781
0.91754 0.92899
0.03035 0.34495
0.43522 0.61068
0.91300 0.68207
0.97416 0.91521
0.09808 0.27672
0.62388 0.31005
0.84393 0.70323
0.52638 0.57603
0.41922 0.73509
0.60204 0.61424
0.62522 0.44328
0.64932 0.34255
0.46150 0.25474
0.53867 0.36703
0.57773 0.41071
0.80095 0.46421
0.66972 0.54035
0.65903 0.89226
0.10266 0.52009
0.66607 0.94741
0.08984 0.93208
0.88726 0.97009
0.89492 0.08323
0.41015 0.54805
0.70106 0.80765
0.72445 0.42223
0.37814 0.34551
0.59914 0.01047
0.85954 0.37371
0.98233 0.98778
0.71602 0.24701
0.99382 0.91610
0.90674 0.14840
0.54831 0.94854
0.29527 0.58871
0.04147 0.45783
0.48398 0.30049
0.71442 0.42721
0.81315 0.66781
0.39352 0.26479
0.21961 0.97083
0.39134 0.02083
0.90074 0.04149
0.60420 0.02518
0.91323 0.30759
0.50473 0.69801
0.47667 0.46722
0.72789 0.06622
0.09932 0.23485
0.05704 0.22802
0.10978 0.90362
0.62166 0.46686
0.75822 0.29931
0.48326 0.35381
0.30850 0.82787
0.22817 0.63826
0.94242 0.95981
0.17121 0.13029
0.83536 0.62291
0.42408 0.86649
0.88138 0.87937
0.28030 0.56930
0.49841 0.47440
0.10950 0.90664
0.98331 0.58025
0.72904 0.38999
0.54301 0.86918
0.04043 0.24587
0.21869 0.21334
0.99021 0.30813
0.43120 0.47129
0.27824 0.81876
0.06506 0.33669
0.32481 0.40329
0.11878 0.62210
0.37197 0.87807
0.71054 0.71703
0.15819 0.65797
0.29248 0.38913
0.29977 0.88294
0.06486 0.71107
0.07529 0.06095
0.77691 0.37988
0.73194 0.91476
0.11507 0.28557
0.95556 0.95872
0.50095 0.83031
0.11329 0.31403
0.42756 0.81118
0.65212 0.77652
0.59394 0.64100
0.84571 0.91965
0.52302 0.02567
0.74155 0.43230
0.83244 0.08136
0.80857 0.81646
0.55339 0.52597
0.37012 0.81199
0.19641 0.89962
0.98430 0.35913
0.42368 0.75237
0.84226 0.02045
0.41625 0.56315
0.24077 0.05990
0.98345 0.61637
0.42444 0.40325
0.57497 0.27325
0.14979 0.81136
0.84141 0.12468
0.27151 0.66276
0.91461 0.19736
0.00870 0.23792
0.64203 0.94933
0.16015 0.41299
0.09036 0.13107
0.07756 0.05002
0.12541 0.02016
0.34082 0.54129
0.20415 0.23801
0.43348 0.35622
0.04535 0.42492
0.50985 0.30750
0.52485 0.35485
0.26753 0.96769
0.78992 0.64604
0.02438 0.14219
0.98526 0.89347
0.05934 0.40300
0.29299 0.42130
0.30609 0.50823
0.72589 0.50627
0.27138 0.02799
0.94999 0.15790
0.17387 0.27687
0.99909 0.83201
0.97783 0.05897
0.10324 0.97051
0.67707 0.23301
0.14805 0.71110
0.45159 0.53110
0.19867 0.11148
0.18380 0.24269
0.83119 0.17156
0.68854 0.22306
0.36540 0.39470
0.46393 0.30513
0.81472 0.68764
0.71410 0.40631
0.90819 0.33353
0.31972 0.14612
0.10459 0.48756
0.13370 0.01065
0.53275 0.43556
0.96589 0.81807
0.97510 0.61707
0.49338 0.66976
0.90468 0.94927
0.12190 0.10346
0.69497 0.66182
0.74618 0.79064
0.88871 0.89624
0.45602 0.55679
0.55275 0.52706
0.03853 0.84490
0.04391 0.50351
0.73642 0.05396
0.86788 0.18237
0.33331 0.73569
0.00510 0.44071
0.97718 0.89622
0.33194 0.69234
0.97336 0.42290
0.91004 0.60344
0.55290 0.25336
0.92299 0.37400
0.28763 0.92765
0.52971 0.39926
0.53148 0.74736
0.75184 0.87914
0.33947 0.74720
0.92625 0.36699
0.05432 0.39599
0.22668 0.67509
0.78811 0.99417
0.88935 0.64461
0.18462 0.84712
0.13093 0.09829
0.71855 0.09569
0.95908 0.31429
0.12341 0.39834
0.25563 0.78619
0.97050 0.41925
0.88673 0.02171
0.51505 0.20372
0.45226 0.72315
0.40984 0.62153
0.87434 0.33212
0.69566 0.62375
0.55767 0.23575
0.37751 0.89762
0.93465 0.64442
0.13338 0.32710
0.62189 0.39011
0.27881 0.60828
0.93711 0.29165
0.44206 0.58474
0.38473 0.57651
0.20401 0.03122
0.94562 0.76005
0.40900 0.08721
0.54658 0.23988
0.92163 0.82868
0.50694 0.66864
0.06102 0.63546
0.86017 0.97279
0.75614 0.62113
0.67400 0.94519
0.18382 0.25928
0.55367 0.49903
0.60247 0.33797
0.12701 0.77945
0.90659 0.09191
0.32464 0.16814
0.28145 0.95350
0.14685 0.26380
0.25250 0.01781
0.75662 0.23029
0.75364 0.92783
0.60954 0.47392
0.76917 0.92878
0.67418 0.16053
0.31272 0.12187
0.38870 0.55899
0.31968 0.34779
0.52554 0.55024
0.28407 0.51511
0.71703 0.00712
0.88866 0.30076
0.44009 0.24693
0.45668 0.34215
0.36125 0.39463
0.20933 0.12571
0.42654 0.71256
0.18894 0.19753
0.63146 0.96926
0.37393 0.51758
0.81755 0.89112
0.85560 0.68983
0.45290 0.61800
0.60974 0.60604
0.82732 0.78910
0.52151 0.91096
0.52122 0.31114
0.66668 0.70791
0.98364 0.38475
0.82072 0.12247
0.35623 0.91037
0.30746 0.27575
0.76944 0.19858
0.47923 0.70266
0.81061 0.08602
0.21373 0.35120
0.17243 0.91502
0.47871 0.60532
0.02550 0.56971
0.17614 0.12045
0.92006 0.05944
0.36361 0.28819
0.07278 0.19387
0.36698 0.20847
0.34815 0.85464
0.16079 0.14102
0.75487 0.78411
0.53499 0.51511
0.36224 0.05706
0.29213 0.77636
0.94794 0.44342
0.36212 0.78511
0.65225 0.42054
0.68767 0.05345
0.78894 0.40116
0.29853 0.83006
0.51077 0.30090
0.99992 0.10754
0.88347 0.51845
0.33175 0.10648
0.22576 0.87638
0.27378 0.72583
0.45612 0.61687
0.75914 0.32845
0.11731 0.07941
0.43543 0.40393
0.25720 0.53593
0.88934 0.36127
0.92324 0.20232
0.90423 0.94010
0.68335 0.20757
0.69414 0.79081
0.34653 0.73333
0.92616 0.75662
0.85732 0.06430
0.91838 0.32687
0.01646 0.26078
0.21433 0.43041
0.88494 0.64382
0.64133 0.33850
0.98246 0.77060
0.29828 0.97946
0.47272 0.31450
0.08093 0.96431
0.76493 0.14414
0.60621 0.30683
0.50793 0.74190
0.32525 0.72111
0.12345 0.80912
0.31004 0.60479
0.44568 0.65159
0.59181 0.68462
0.39572 0.75498
0.57753 0.59508
0.35285 0.34817
0.60715 0.49609
0.10691 0.68669
0.83194 0.62157
0.63896 0.07615
0.29965 0.86669
0.62451 0.05308
0.48746 0.58823
0.32756 0.97933
0.42558 0.99178
0.80972 0.76958
0.17045 0.95367
0.05495 0.99174
0.59270 0.50231
0.26372 0.01267
0.98193 0.08747
0.74417 0.70627
0.94296 0.92422
0.67663 0.92077
0.91481 0.48536
0.86076 0.22373
0.91455 0.56611
0.75480 0.57112
0.53091 0.18125
0.30030 0.77598
0.99388 0.50744
0.04479 0.15685
0.07474 0.84732
0.43771 0.92992
0.08609 0.59184
0.71110 0.37189
0.12284 0.27973
0.85065 0.05872
0.08775 0.80340
0.68110 0.18185
0.64037 0.04707
0.78248 0.13314
0.13673 0.42581
0.27491 0.50125
0.85933 0.91002
0.71761 0.15508
0.44747 0.51169
0.07811 0.81859
0.53708 0.27647
0.38748 0.21610
0.12497 0.55115
0.72803 0.32832
0.00100 0.59190
0.66543 0.81797
0.20683 0.45234
0.80474 0.04121
0.97510 0.74692
0.06958 0.01550
0.88430 0.04861
0.90626 0.93714
0.35150 0.90719
0.26382 0.91247
0.94040 0.65402
0.68988 0.61167
0.58097 0.31001
0.20387 0.25032
0.62881 0.43975
0.81105 0.32244
0.60419 0.53628
0.34638 0.02082
0.71241 0.62216
0.89965 0.63041
0.57145 0.95355
0.62358 0.14407
0.16291 0.99510
0.52956 0.44050
0.57806 0.62065
0.53096 0.00205
0.63954 0.49305
0.94393 0.28213
0.83123 0.63967
0.80634 0.17791
0.94200 0.02301
0.99673 0.19930
0.72284 0.28297
0.69130 0.79091
0.09940 0.18901
0.06047 0.55284
0.43816 0.68466
0.08482 0.79893
0.32125 0.29702
0.20041 0.64268
0.25836 0.61663
0.46842 0.29164
0.59898 0.34195
0.96899 0.93496
0.82280 0.41410
0.84278 0.52361
0.86539 0.50091
0.03053 0.76657
0.95332 0.82581
0.64560 0.70802
0.15850 0.46793
0.91080 0.14090
0.63433 0.13996
0.75397 0.32623
0.29903 0.95758
0.89794 0.01739
0.73472 0.85295
0.92597 0.32067
0.39656 0.76766
0.94057 0.80306
0.58019 0.98802
0.79162 0.96909
0.52693 0.39816
0.04021 0.27961
0.97525 0.30742
0.58522 0.43936
0.04621 0.62553
0.52372 0.68721
0.40938 0.74541
0.86665 0.22371
0.37777 0.48620
0.07534 0.65347
0.44173 0.09106
0.30965 0.63898
0.48361 0.77840
0.91343 0.75939
0.71660 0.11854
0.88760 0.97734
0.75015 0.96470
0.19134 0.84229
0.72226 0.55077
0.23384 0.54415
0.22561 0.53937
0.73256 0.58879
0.49737 0.74040
0.29913 0.03377
0.04720 0.35338
0.24697 0.93316
0.62362 0.91363
0.71012 0.79809
0.64932 0.51883
0.40418 0.02071
0.48096 0.45848
0.33929 0.63400
0.77838 0.54378
0.01627 0.30782
0.47261 0.28448
0.29956 0.46878
0.80190 0.85534
0.48011 0.26813
0.92709 0.10596
0.63673 0.97488
0.30228 0.02825
0.61321 0.87264
0.26211 0.56870
0.60189 0.55729
0.65755 0.90163
0.60081 0.99255
0.92536 0.31717
0.95948 0.74177
0.62087 0.93132
0.83994 0.32379
0.06575 0.51253
0.29858 0.97273
0.23537 0.52055
0.45779 0.58946
0.80967 0.64168
0.40870 0.94480
0.59843 0.94962
0.58482 0.17519
0.77232 0.01886
0.67908 0.39854
0.05715 0.46695
0.04645 0.57498
0.06383 0.84187
0.76859 0.97481
0.95191 0.82570
0.48337 0.58637
0.52159 0.29238
0.72624 0.61327
0.86285 0.08503
0.43138 0.09265
0.01445 0.93945
0.68695 0.76662
0.26759 0.04114
0.53802 0.75187
0.82647 0.73374
0.46631 0.40136
0.44749 0.96671
0.77669 0.54469
0.93750 0.13694
0.97493 0.70508
0.37620 0.99866
0.23480 0.46621
0.05194 0.44309
0.50919 0.66499
0.09237 0.99129
0.30784 0.51536
0.20997 0.04172
0.66955 0.03873
0.21033 0.63387
0.34625 0.62757
0.27293 0.31058
0.90059 0.95014
0.36079 0.19787
0.56995 0.48158
0.52121 0.20938
0.12424 0.82378
0.82044 0.23910
0.90179 0.53490
0.11353 0.49344
0.51710 0.63610
0.62651 0.17420
0.97670 0.78201
0.68406 0.49687
0.50673 0.81820
0.58246 0.29539
0.76696 0.06340
0.85214 0.80994
0.45992 0.91449
0.03316 0.91945
0.16383 0.65340
0.05664 0.21241
0.65027 0.35148
0.89514 0.55903
0.63273 0.09091
0.25317 0.80367
0.34221 0.71220
0.53994 0.03116
0.86048 0.71844
0.99795 0.83498
0.34544 0.00160
0.56049 0.08688
0.72047 0.21786
0.23972 0.87763
0.03291 0.75847
0.14294 0.18640
0.77302 0.98328
0.62773 0.50192
0.90795 0.90894
0.17019 0.33525
0.09787 0.45421
0.19307 0.58843
0.10425 0.39481
0.93762 0.20707
0.02343 0.31066
0.21756 0.65210
0.32842 0.58782
0.05761 0.74038
0.71163 0.99512
0.67462 0.94844
0.43758 0.30149
0.77711 0.33108
0.87057 0.92186
0.76680 0.16759
0.71589 0.21960
0.43176 0.08065
0.96948 0.88073
0.20264 0.83744
0.23263 0.21572
0.18807 0.52885
0.98943 0.15221
0.54135 0.10206
0.70878 0.53210
0.25358 0.33901
0.02311 0.47346
0.00896 0.24609
0.49583 0.96129
0.85753 0.57775
0.93090 0.67523
0.14587 0.31364
0.26348 0.78177
0.21851 0.22168
0.66927 0.11140
0.90613 0.03159
0.90077 0.06383
0.49139 0.58446
0.63466 0.54521
0.08267 0.01044
0.85048 0.12268
0.77416 0.50104
0.64759 0.81226
0.39524 0.71639
0.98522 0.57793
0.14256 0.89909
0.27153 0.55691
0.60606 0.10991
0.37268 0.21347
0.75588 0.42676
0.09190 0.66385
0.67553 0.33034
0.37186 0.75224
0.74793 0.93713
0.08540 0.98906
0.14992 0.60079
0.36193 0.60634
0.65505 0.66629
0.75071 0.28811
0.21248 0.04215
0.62617 0.29587
0.98967 0.40873
0.30782 0.59347
0.43066 0.75451
0.20074 0.56259
0.43941 0.18051
0.29616 0.54248
0.41122 0.34459
0.88635 0.11972
0.95783 0.04122
0.19096 0.19456
0.12171 0.87617
0.24180 0.40589
0.11019 0.61945
0.32399 0.92749
0.73091 0.11629
0.63059 0.42735
0.04128 0.96147
0.70659 0.79195
0.17858 0.13231
0.83288 0.88430
0.51298 0.16671
0.16978 0.22760
0.86606 0.95410
0.17864 0.66493
0.21468 0.65041
0.64050 0.90839
0.40034 0.60271
0.10694 0.54628
0.69590 0.23746
0.38767 0.15659
0.79517 0.70850
0.38539 0.53316
0.99143 0.03030
0.10023 0.25662
0.73909 0.14964
0.88209 0.25401
0.26613 0.02539
0.78945 0.23230
0.23494 0.68508
0.66338 0.67208
0.57299 0.34771
0.25490 0.79287
0.25622 0.65160
0.86095 0.23863
0.42527 0.00147
0.22938 0.45430
0.00723 0.57035
0.46798 0.03597
0.20570 0.87138
0.22239 0.78046
0.41594 0.03083
0.82558 0.98658
0.06608 0.60178
0.42554 0.95226
0.51480 0.92073
0.11040 0.46513
0.14028 0.07438
0.25091 0.66791
0.53949 0.93909
0.07382 0.63858
0.05863 0.19245
0.25727 0.40350
0.29946 0.03018
0.81560 0.30529
0.05097 0.87609
0.62790 0.58370
0.42684 0.92410
0.69354 0.61733
0.63808 0.46468
0.54749 0.43366
0.02565 0.52081
0.62380 0.80713
0.41326 0.54677
0.32650 0.39846
0.70528 0.18763
0.82315 0.59259
0.59194 0.93790
0.18912 0.72844
0.62700 0.27793
0.89700 0.46367
0.91778 0.55643
0.69989 0.25763
0.88911 0.03233
0.91479 0.11997
0.85116 0.34217
0.19402 0.30244
0.31778 0.42370
0.65220 0.71160
0.25529 0.05205
0.67143 0.13016
0.64621 0.43235
0.48838 0.53423
0.44699 0.33040
0.27642 0.13947
0.41143 0.26692
0.46402 0.87143
0.74334 0.98140
0.62685 0.27943
0.16088 0.68015
0.44438 0.45049
0.84031 0.06093
0.87920 0.09954
0.37693 0.50238
0.48375 0.83725
0.57125 0.82519
0.19796 0.00594
0.69882 0.92740
0.76078 0.58210
0.99730 0.33721
0.12151 0.94309
0.91736 0.06531
0.54436 0.70207
0.27210 0.07503
0.65674 0.02093
0.66599 0.41326
0.17410 0.30316
0.51051 0.75236
0.54967 0.02503
0.34088 0.64500
0.82085 0.39910
0.53364 0.02965
0.91459 0.45643
0.61663 0.01341
0.64333 0.19759
0.81473 0.71190
0.99693 0.90682
0.47054 0.77284
0.83453 0.63291
0.96966 0.01819
0.16000 0.00272
0.11579 0.28649
0.38523 0.61191
0.75012 0.32605
0.57545 0.81709
0.14548 0.24545
0.37561 0.66610
0.84682 0.00427
0.51968 0.01780
0.64136 0.07527
0.81103 0.17092
0.05800 0.32286
0.66111 0.66082
0.13756 0.20902
0.04230 0.66701
0.26124 0.85013
0.51391 0.48083
0.59265 0.75620
0.81480 0.30116
0.90595 0.07326
0.34769 0.26863
0.49804 0.09271
0.27458 0.31268
0.84543 0.39005
0.79753 0.44772
0.72164 0.54046
0.20734 0.42111
0.53891 0.72612
0.14954 0.46026
0.29581 0.89028
0.45353 0.32507
0.48186 0.77079
0.87808 0.82692
0.01372 0.42458
0.66517 0.94495
0.55366 0.49873
0.41747 0.57872
0.05536 0.17105
0.60975 0.83690
0.54542 0.02126
0.27250 0.11476
0.23320 0.45766
0.15080 0.39225
0.67288 0.09698
0.65637 0.03516
0.79567 0.69611
0.29460 0.54633
0.85505 0.36970
0.84822 0.26407
0.05080 0.28081
0.56335 0.20102
0.85898 0.79821
0.71060 0.52471
0.32901 0.58012
0.78257 0.14742
0.32671 0.18536
0.90477 0.81730
0.94648 0.89777
0.29461 0.17741
0.09500 0.31648
0.92396 0.33513
0.01752 0.47579
0.96846 0.48611
0.78511 0.88327
0.62628 0.38925
0.78732 0.99028
0.32060 0.19561
0.97854 0.40276
0.33661 0.03376
0.71443 0.51059
0.85728 0.56397
0.14576 0.01170
0.27845 0.47745
0.48791 0.21290
0.94833 0.83620
0.83461 0.89020
0.36805 0.93158
0.97545 0.69882
0.36421 0.67517
0.71200 0.15946
0.03903 0.61598
0.93869 0.28311
0.05899 0.60299
0.81732 0.21837
0.63821 0.36252
0.14424 0.24158
0.46092 0.23056
0.08210 0.50898
0.58841 0.97028
0.62294 0.29733
0.84795 0.90202
0.83205 0.67990
0.40396 0.79653
0.49704 0.95182
0.21382 0.23549
0.51667 0.01259
0.62073 0.11678
0.89373 0.32798
0.74613 0.24304
0.32907 0.57962
0.68207 0.60751
0.31068 0.67161
0.19039 0.34421
0.05901 0.82935
0.99964 0.13013
0.67656 0.79097
0.96925 0.18894
0.02992 0.96109
0.55537 0.16857
0.63659 0.07096
0.25459 0.36609
0.51897 0.46301
0.81588 0.69175
0.47681 0.36850
0.63511 0.12691
0.48920 0.90353
0.27118 0.82219
0.96584 0.35062
0.76130 0.35825
0.12778 0.71498
0.19018 0.24497
0.94920 0.83885
0.21758 0.20587
0.53458 0.76391
0.92277 0.86634
0.92165 0.39896
0.16682 0.86207
0.47922 0.74695
0.11976 0.47661
0.45268 0.14904
0.59246 0.64297
0.53250 0.38152
0.98801 0.47469
0.93217 0.44678
0.68813 0.99991
0.52672 0.51923
0.51498 0.92748
0.13694 0.82982
0.17115 0.40178
0.18484 0.82582
0.82721 0.76410
0.99666 0.66995
0.17561 0.05536
0.79571 0.35772
0.57100 0.89717
0.00138 0.67747
0.71896 0.90994
0.45140 0.82747
0.25230 0.38883
0.32584 0.60811
0.66315 0.56668
0.52082 0.85793
0.60536 0.48333
0.66848 0.14521
0.58779 0.67060
0.87266 0.41041
0.91824 0.45913
0.74195 0.29272
0.82320 0.94037
0.85219 0.08125
0.85537 0.60110
0.70826 0.07858
0.89737 0.17481
0.74603 0.74353
0.02778 0.17870
0.63120 0.81121
0.57307 0.37448
0.85657 0.10771
0.45456 0.84402
0.92469 0.61930
0.69892 0.77999
0.84230 0.79694
0.92666 0.56487
0.54284 0.31728
0.54234 0.66645
0.39806 0.71694
0.64595 0.70454
0.54156 0.69915
0.13828 0.42086
0.42032 0.71820
0.05587 0.56519
0.32057 0.03964
0.76248 0.49323
0.89911 0.85343
0.66341 0.69109
0.72026 0.17146
0.67317 0.57630
0.92971 0.23711
0.16902 0.92981
0.31046 0.24431
0.12483 0.37079
0.93592 0.92348
0.31673 0.03943
0.76902 0.73108
0.41570 0.97399
0.53988 0.87848
0.01794 0.91354
0.17468 0.71187
0.37853 0.15501
0.94313 0.57726
0.77046 0.08392
0.14300 0.46535
0.12143 0.46549
0.67385 0.39678
0.50711 0.83564
0.80936 0.54174
0.78847 0.35371
0.72857 0.99510
0.42964 0.91426
0.76023 0.52037
0.69820 0.20698
0.24058 0.00640
0.18839 0.79741
0.23733 0.71118
0.57510 0.08266
0.84261 0.07998
0.14163 0.83179
0.37060 0.26635
0.56199 0.54237
0.94733 0.48834
0.79977 0.94373
0.65327 0.24943
0.27549 0.82549
0.07298 0.88347
0.79240 0.08969
0.83054 0.57802
0.11230 0.07021
0.45771 0.86654
0.72105 0.95276
0.96261 0.80035
0.27085 0.29270
0.30486 0.96466
0.49654 0.87660
0.13144 0.40253
0.69232 0.34886
0.49468 0.93649
0.76681 0.55500
0.10269 0.32095
0.48179 0.19957
0.77411 0.64855
0.99972 0.05231
0.96513 0.64869
0.91536 0.26770
0.27533 0.69337
0.57002 0.35475
0.67563 0.72710
0.50044 0.98977
0.13895 0.37210
0.58253 0.36229
0.29305 0.61998
0.79751 0.06519
0.02528 0.48237
0.38483 0.96067
0.16244 0.76077
0.43468 0.75156
0.69559 0.60544
0.83309 0.70533
0.18270 0.15817
0.92125 0.61039
0.46438 0.11124
0.13669 0.57257
0.66234 0.90579
0.90331 0.03392
0.93178 0.30985
0.43227 0.90699
0.97267 0.14300
0.27541 0.89306
0.64561 0.04860
0.66613 0.48940
0.73938 0.77770
0.69467 0.63591
0.21166 0.28754
0.41147 0.52743
0.32905 0.65322
0.68889 0.41934
0.90178 0.80031
0.23772 0.80038
0.79096 0.19142
0.58997 0.92911
0.59892 0.59747
0.23484 0.69944
0.96132 0.44692
0.48347 0.62858
0.09921 0.21369
0.68111 0.82217
0.75367 0.71711
0.32612 0.27505
0.95012 0.70687
0.64134 0.39093
0.50378 0.11584
0.26297 0.71456
0.55043 0.01426
0.09729 0.89730
0.24036 0.62022
0.55922 0.21131
0.67697 0.71780
0.15031 0.03522
0.58680 0.53540
0.17755 0.95838
0.71513 0.95724
0.00948 0.93710
0.52670 0.47812
0.68308 0.92127
0.57273 0.61253
0.43063 0.78042
0.02418 0.02060
0.38021 0.05047
0.85917 0.94354
0.96314 0.32561
0.51728 0.78334
0.11004 0.05033
0.27911 0.40222
0.03789 0.63865
0.47265 0.37807
0.35327 0.14980
0.23036 0.06134
0.40698 0.31804
0.94065 0.52888
0.75373 0.35400
0.44381 0.62660
0.51166 0.29920
0.08209 0.66734
0.30348 0.94658
0.86822 0.65895
0.25111 0.95779
0.00855 0.77477
0.65661 0.68510
0.29543 0.72901
0.55491 0.57559
0.58434 0.84699
0.78571 0.56007
0.71507 0.22168
0.15994 0.44184
0.35796 0.35190
0.55963 0.24824
0.49708 0.95085
0.48956 0.74923
0.44984 0.09740
0.52414 0.93563
0.81133 0.03955
0.50587 0.63002
0.50186 0.63858
0.49705 0.37775
0.37630 0.97110
0.94410 0.19662
0.50939 0.76441
0.51735 0.06607
0.57714 0.52845
0.49127 0.73063
0.48194 0.24294
0.68591 0.56718
0.92426 0.07579
0.70888 0.46381
0.39678 0.27314
0.47352 0.07191
0.86817 0.25092
0.86853 0.46320
0.02335 0.22556
0.85544 0.39458
0.00811 0.73007
0.33135 0.81473
0.38167 0.28217
0.68789 0.95344
0.27269 0.09652
0.39889 0.23364
0.06694 0.67663
0.88263 0.27101
0.95501 0.04973
0.79873 0.42961
0.38957 0.59556
0.63400 0.00137
0.45675 0.64208
0.73938 0.67183
0.24324 0.70231
0.18447 0.24368
0.81534 0.85776
0.83946 0.95587
0.68285 0.79221
0.48102 0.79784
0.62253 0.85720
0.43556 0.33626
0.97982 0.56432
0.02579 0.03856
0.53638 0.89630
0.95836 0.09431
0.00140 0.66073
0.50449 0.34721
0.49694 0.94416
0.49570 0.09754
0.72194 0.75352
0.80700 0.53289
0.67244 0.88640
0.07337 0.70446
0.40946 0.44156
0.76714 0.96315
0.48646 0.31300
0.83803 0.65703
0.85086 0.81215
0.59764 0.42501
0.58377 0.12866
0.20532 0.55521
0.26833 0.99205
0.19790 0.97661
0.27117 0.71596
0.18535 0.42424
0.64298 0.23721
0.90202 0.77827
0.63560 0.19964
0.50172 0.39753
0.13980 0.62304
0.71799 0.52033
0.48934 0.64825
0.84934 0.18367
0.55343 0.30773
0.27829 0.83588
0.14599 0.60262
0.48004 0.05794
0.90831 0.82596
0.75146 0.36381
0.76495 0.78669
0.99260 0.28878
0.51143 0.54850
0.54599 0.75397
0.83356 0.37790
0.78547 0.96159
0.92884 0.05143
0.68967 0.98949
0.11108 0.24287
0.42246 0.61103
0.37344 0.88482
0.52345 0.19185
0.66518 0.19981
0.25429 0.48755
0.91139 0.94055
0.85556 0.76147
0.01717 0.13119
0.98397 0.73479
0.34573 0.83328
0.70154 0.09462
0.30753 0.35771
0.49509 0.68212
0.00312 0.60654
0.81553 0.15478
0.23004 0.51856
0.10101 0.29157
0.59685 0.45491
0.41792 0.27293
0.06662 0.86773
0.98092 0.97997
0.52902 0.65614
0.81795 0.45110
0.61524 0.57230
0.93561 0.71074
0.15048 0.89449
0.38480 0.55434
0.88705 0.06647
0.45227 0.27862
0.07645 0.37995
0.11416 0.84226
0.48737 0.59228
0.55235 0.47715
0.41196 0.66016
0.94120 0.48115
0.75945 0.18957
0.05757 0.30391
0.42045 0.46282
0.18648 0.05132
0.04309 0.62121
0.20589 0.38204
0.48744 0.07037
0.26532 0.56716
0.81958 0.21687
0.28406 0.43677
0.42090 0.66635
0.29859 0.62556
0.03437 0.52618
0.00605 0.02929
0.47062 0.45697
0.72868 0.21013
0.53752 0.29195
0.49449 0.60286
0.03791 0.73554
0.64563 0.30875
0.26422 0.83720
0.45017 0.29517
0.63210 0.59266
0.79809 0.44213
0.52474 0.35361
0.98822 0.41959
0.76854 0.67211
0.01907 0.19300
0.83266 0.26901
0.36471 0.73181
0.71680 0.87069
0.53499 0.56333
0.42683 0.37234
0.19951 0.64703
0.65918 0.89026
0.95840 0.09499
0.88580 0.90311
0.82489 0.56260
0.12697 0.48992
0.28697 0.97524
0.70050 0.36702
0.24075 0.27522
0.41265 0.02380
0.52446 0.88145
0.68083 0.16829
0.77800 0.56704
0.39334 0.52587
0.22871 0.73057
0.60960 0.48096
0.23685 0.25657
0.60050 0.33543
0.32379 0.37341
0.51149 0.03699
0.79350 0.32250
0.04726 0.38386
0.46952 0.92952
0.51302 0.98157
0.28298 0.28468
0.60354 0.60431
0.49339 0.82012
0.51966 0.14185
0.55083 0.01662
0.84039 0.73882
0.39532 0.18125
0.92550 0.18547
0.68419 0.93365
0.40747 0.40691
0.11082 0.97215
0.69885 0.60562
0.06986 0.04587
0.25115 0.43006
0.78377 0.05352
0.34951 0.66858
0.21841 0.93808
0.52078 0.44897
0.58408 0.83452
0.97710 0.39291
0.82982 0.30840
0.79945 0.94849
0.96948 0.94292
0.62208 0.44458
0.81200 0.34714
0.42105 0.40297
0.62006 0.43674
0.51588 0.57162
0.72096 0.65963
0.16517 0.37252
0.88995 0.02905
0.99408 0.00349
0.26975 0.04660
0.51450 0.65620
0.65811 0.38190
0.70125 0.49116
0.70093 0.54379
0.24279 0.18395
0.51662 0.66244
0.87356 0.03662
0.98015 0.23532
0.92699 0.41533
0.64264 0.83171
0.59811 0.12974
0.31850 0.03697
0.99739 0.00251
0.00144 0.81020
0.01788 0.08653
0.08597 0.93760
0.87127 0.79067
0.09541 0.37601
0.13986 0.58297
0.59686 0.29097
0.98384 0.81595
0.55284 0.52329
0.61374 0.52314
0.39029 0.67943
0.66963 0.61516
0.86854 0.51626
0.71711 0.94908
0.35002 0.06895
0.08297 0.57381
0.45982 0.74023
0.25903 0.30811
0.34886 0.07344
0.31568 0.83965
0.97279 0.07185
0.82180 0.19959
0.70368 0.29850
0.83301 0.13380
0.44203 0.17079
0.79102 0.12670
0.53533 0.77238
0.05130 0.76737
0.36497 0.62991
0.80055 0.53422
0.13214 0.35980
0.68546 0.47331
0.20088 0.71010
0.10391 0.16206
0.47955 0.47661
0.60709 0.77755
0.27449 0.93791
0.09529 0.52103
0.54614 0.79074
0.48545 0.05949
0.84816 0.42064
0.23662 0.08738
0.97857 0.11337
0.63876 0.59547
0.28670 0.90875
0.76150 0.26504
0.57948 0.67798
0.71746 0.56923
0.49365 0.36900
0.11252 0.99564
0.17336 0.26002
0.09346 0.07923
0.85076 0.36332
0.68097 0.96657
0.10622 0.36538
0.40240 0.01226
0.21103 0.49339
0.48959 0.73312
0.46259 0.35545
0.94472 0.31623
0.58097 0.41566
0.31393 0.90727
0.89271 0.65197
0.17381 0.38071
0.28898 0.61925
0.41319 0.31837
0.31909 0.41704
0.94205 0.72942
0.89617 0.63227
0.27530 0.48852
0.34845 0.65295
0.41803 0.33360
0.31059 0.46115
0.78446 0.55770
0.94556 0.86931
0.46746 0.16213
0.06168 0.94541
0.18749 0.35262
0.94225 0.45416
0.74326 0.31040
0.15331 0.10472
0.81437 0.65051
0.07996 0.48117
0.77570 0.45964
0.60663 0.70632
0.83030 0.95324
0.68463 0.29028
0.59330 0.51745
0.67108 0.23814
0.18902 0.98718
0.40328 0.69561
0.99905 0.71062
0.29091 0.46141
0.33415 0.13085
0.43961 0.71346
0.17134 0.22417
0.22687 0.06405
0.24104 0.67465
0.45724 0.52907
0.90445 0.15525
0.92111 0.01301
0.17645 0.89518
0.26354 0.74215
0.05285 0.07860
0.83980 0.43526
0.82354 0.99689
0.18155 0.21689
0.40189 0.91044
0.65272 0.15604
0.06889 0.31325
0.87964 0.10731
0.33908 0.45728
0.27493 0.45541
0.32248 0.63470
0.55757 0.55937
0.25208 0.82030
0.07385 0.62043
0.08955 0.95861
0.79755 0.16218
0.35624 0.67166
0.92600 0.53151
0.56053 0.83880
0.47836 0.53718
0.58358 0.95581
0.76351 0.15165
0.54338 0.74035
0.84852 0.32528
0.74417 0.81151
0.40192 0.50859
0.22333 0.07969
0.48535 0.47604
0.69879 0.42983
0.27801 0.04392
0.27988 0.79377
0.39417 0.98150
0.23504 0.26292
0.80196 0.28916
0.91820 0.76417
0.82713 0.64017
0.46181 0.74142
0.31693 0.24149
0.66282 0.94898
0.56826 0.55202
0.71276 0.30231
0.97951 0.31130
0.65103 0.01151
0.26772 0.68688
0.59024 0.38293
0.76683 0.67971
0.82500 0.44764
0.68147 0.41794
0.00959 0.74399
0.39730 0.97687
0.19172 0.16523
0.69555 0.52328
0.28823 0.39019
0.26751 0.26410
0.13373 0.57253
0.80512 0.25514
0.78184 0.86490
0.67667 0.11108
0.82372 0.09045
0.63725 0.85920
0.77527 0.54856
0.11041 0.17622
0.32332 0.17556
0.56715 0.14416
0.28827 0.19098
0.04543 0.05113
0.51885 0.10523
0.93650 0.27079
0.16363 0.19219
0.39870 0.22418
0.91874 0.39999
0.69763 0.84481
0.20223 0.18997
0.30151 0.09779
0.85983 0.50152
0.67750 0.55800
0.52680 0.75258
0.17695 0.92326
0.46676 0.48301
0.52447 0.80771
0.81823 0.11974
0.48231 0.13068
0.01035 0.85872
0.16799 0.66698
0.64968 0.32801
0.58030 0.96225
0.22469 0.09684
0.53900 0.03269
0.07624 0.36170
0.87605 0.85611
0.80353 0.83454
0.75702 0.37215
0.02732 0.81767
0.06608 0.77418
0.16583 0.88823
0.25603 0.30974
0.66715 0.91064
0.83591 0.03433
0.87475 0.28171
0.93091 0.53936
0.25487 0.13558
0.34164 0.34703
0.58615 0.01036
0.23677 0.16429
0.10137 0.76198
0.20393 0.08257
0.59899 0.71396
0.26476 0.57305
0.52027 0.02337
0.96139 0.61861
0.43839 0.31044
0.97293 0.66401
0.36117 0.23402
0.87697 0.43464
0.73176 0.74975
0.24199 0.77207
0.59386 0.96796
0.42398 0.00937
0.89175 0.44573
0.95898 0.37639
0.49167 0.97249
0.91801 0.01973
0.76166 0.49876
0.86060 0.01086
0.93300 0.84822
0.85399 0.04968
0.59877 0.17644
0.09097 0.94765
0.40056 0.91950
0.14417 0.67907
0.03645 0.30020
0.16522 0.73377
0.45087 0.73177
0.48045 0.34648
0.91723 0.80785
0.07970 0.24474
0.61828 0.45426
0.17020 0.83453
0.22461 0.76025
0.05201 0.71156
0.15115 0.50144
0.84057 0.67008
0.03263 0.79824
0.39754 0.51354
0.50126 0.96952
0.01868 0.55996
0.87710 0.67373
0.06781 0.81043
0.13678 0.38759
0.68236 0.12808
0.73481 0.82682
0.82975 0.27071
0.68829 0.77888
0.33829 0.45012
0.52653 0.24604
0.32199 0.86315
0.56584 0.14272
0.80649 0.07950
0.11959 0.43743
0.61201 0.78535
0.57618 0.64919
0.04516 0.63611
0.01952 0.17587
0.49198 0.41513
0.45306 0.68797
0.14892 0.38952
0.24632 0.63506
0.07942 0.91571
0.04469 0.57545
0.06885 0.98971
0.40852 0.55049
0.45914 0.89944
0.48554 0.47097
0.56065 0.77116
0.16615 0.82208
0.40763 0.05014
0.22523 0.98739
0.91010 0.03531
0.55878 0.12998
0.48607 0.53729
0.16088 0.09090
0.83325 0.57782
0.52788 0.12166
0.49416 0.79980
0.43420 0.27789
0.48318 0.68807
0.76739 0.55431
0.49320 0.04941
0.69509 0.67714
0.54495 0.91456
0.95900 0.14658
0.49868 0.12711
0.45978 0.69707
0.46712 0.09743
0.79703 0.92772
0.33935 0.19876
0.59541 0.42760
0.37728 0.73379
0.52357 0.55626
0.27380 0.59708
0.94105 0.41383
0.47673 0.60924
0.96241 0.34779
0.28931 0.11240
0.59527 0.08729
0.84913 0.09886
0.66938 0.79664
0.08768 0.97631
0.87448 0.53942
0.00324 0.79220
0.22055 0.66028
0.39893 0.78125
0.86857 0.81840
0.33638 0.23760
0.32900 0.03566
0.62990 0.13267
0.33759 0.68550
0.10803 0.96254
0.27135 0.97356
0.22417 0.62318
0.60916 0.12567
0.77077 0.95578
0.52450 0.74431
0.10492 0.57857
0.44598 0.14974
0.62073 0.59328
0.02764 0.45670
0.49955 0.42612
0.98195 0.00969
0.68761 0.24473
0.86594 0.44195
0.07492 0.37194
0.69590 0.29537
0.90703 0.14619
0.15317 0.06471
0.22702 0.23019
0.71320 0.82419
0.30910 0.59103
0.71806 0.27722
0.54910 0.43106
0.63690 0.88805
0.35977 0.67019
0.86957 0.33234
0.87790 0.65304
0.95169 0.67643
0.42591 0.69258
0.00993 0.78802
0.88631 0.96108
0.56435 0.86794
0.69396 0.55029
0.85190 0.36923
0.69492 0.12271
0.80032 0.59600
0.08686 0.94135
0.59573 0.48951
0.51861 0.80863
0.04587 0.50036
0.93653 0.65787
0.47914 0.33929
0.89669 0.88597
0.35736 0.56471
0.90204 0.78631
0.71778 0.86536
0.66887 0.31336
0.20720 0.64546
0.50193 0.92035
0.74680 0.08206
0.50232 0.93705
0.48332 0.99604
0.50830 0.94219
0.52034 0.95392
0.45430 0.27436
0.61041 0.05590
0.83092 0.33968
0.59544 0.20457
0.38136 0.81003
0.30309 0.28143
0.32187 0.61250
0.38826 0.81875
0.06456 0.78162
0.71669 0.81667
0.23174 0.85693
0.83192 0.00178
0.84750 0.85083
0.23034 0.37187
0.19616 0.38303
0.07492 0.57527
0.78574 0.24198
0.45342 0.22270
0.32776 0.27969
0.24392 0.30512
0.84293 0.68328
0.53669 0.99432
0.18534 0.19265
0.42976 0.54430
0.53351 0.77603
0.60608 0.22154
0.49908 0.12297
0.27978 0.61090
0.89286 0.94238
0.64026 0.70593
0.16824 0.73393
0.87262 0.67177
0.43149 0.79104
0.45101 0.70574
0.28491 0.04246
0.92762 0.32819
0.29684 0.76390
0.44042 0.59093
0.55265 0.84713
0.14969 0.12063
0.79310 0.29129
0.06679 0.10958
0.84628 0.76486
0.96975 0.00392
0.09477 0.33138
0.90302 0.99611
0.52798 0.70360
0.47866 0.38775
0.13033 0.30468
0.12782 0.69605
0.12203 0.30369
0.12820 0.35465
0.30776 0.01368
0.58969 0.10188
0.34670 0.97982
0.63317 0.23589
0.66282 0.96674
0.81787 0.26587
0.73457 0.92280
0.26814 0.01563
0.36368 0.08199
0.51751 0.50383
0.92853 0.65044
0.41758 0.85792
0.49736 0.38112
0.33925 0.74955
0.19810 0.33484
0.81286 0.82001
0.97673 0.67612
0.40464 0.34267
0.76467 0.31279
0.24176 0.90871
0.43540 0.55953
0.43763 0.13354
0.75116 0.85654
0.26761 0.44094
0.57469 0.12802
0.00843 0.49950
0.02066 0.42900
0.08702 0.37831
0.15258 0.60441
0.64208 0.33231
0.86992 0.17644
0.87366 0.19884
0.91605 0.10004
0.93094 0.59028
0.42099 0.08352
0.60390 0.75451
0.51164 0.65250
0.38908 0.80829
0.06223 0.21747
0.70146 0.20898
0.05543 0.55072
0.82533 0.57787
0.61547 0.02200
0.91539 0.45796
0.20994 0.44868
0.73240 0.39528
0.47714 0.63879
0.67987 0.98141
0.26999 0.90747
0.66711 0.79722
0.52188 0.57575
0.98414 0.51860
0.04911 0.51042
0.23680 0.32375
0.70059 0.52747
0.30296 0.46486
0.23043 0.35287
0.63949 0.52989
0.67856 0.64686
0.27673 0.07150
0.14644 0.29668
0.37905 0.16540
0.80086 0.50235
0.70651 0.71291
0.46086 0.49078
0.23653 0.40832
0.66711 0.77927
0.44603 0.24752
0.12029 0.09244
0.05241 0.70455
0.62307 0.43564
0.30472 0.06783
0.55675 0.30016
0.46890 0.95040
0.36944 0.59072
0.20237 0.48991
0.95906 0.76616
0.13779 0.96593
0.06757 0.84925
0.04123 0.47453
0.68135 0.23710
0.58028 0.61913
0.78131 0.43958
0.37151 0.72733
0.42099 0.94386
0.98068 0.18156
0.39416 0.71136
0.23093 0.92263
0.38736 0.39495
0.20972 0.20781
0.09652 0.97013
0.67052 0.67731
0.93340 0.98389
0.02589 0.23789
0.96710 0.42535
0.30043 0.39613
0.89422 0.97203
0.22206 0.76268
0.97016 0.47990
0.80259 0.25195
0.03114 0.73586
0.31805 0.60053
0.21886 0.72704
0.63976 0.71002
0.24545 0.46188
0.47268 0.94492
0.24774 0.50920
0.04490 0.89447
0.39356 0.47057
0.03442 0.58324
0.26377 0.31079
0.45654 0.54333
0.46341 0.48711
0.53145 0.41172
0.78450 0.52386
0.67061 0.04794
0.98591 0.87940
0.52318 0.52009
0.57777 0.13244
0.19267 0.36939
0.38654 0.51362
0.34740 0.42552
0.53965 0.98911
0.77468 0.54626
0.18611 0.26397
0.95527 0.70240
0.95933 0.00647
0.02049 0.36093
0.37046 0.09697
0.50309 0.71179
0.88064 0.74627
0.54352 0.86285
0.40970 0.92687
0.77401 0.07198
0.07195 0.64932
0.18089 0.34054
0.92144 0.24625
0.83590 0.87135
0.71479 0.66065
0.55651 0.33129
0.76813 0.72729
0.59524 0.19094
0.04992 0.95151
0.29817 0.61451
0.12887 0.24077
0.03976 0.83884
0.45470 0.40142
0.55712 0.33633
0.44142 0.85638
0.06290 0.38272
0.55473 0.85508
0.58750 0.69732
0.42582 0.39954
0.79143 0.60762
0.48111 0.96030
0.14534 0.56117
0.01987 0.20033
0.92644 0.72901
0.46557 0.35460
0.08383 0.25890
0.39336 0.21155
0.18279 0.79153
0.44714 0.45955
0.43911 0.15998
0.35433 0.60652
0.67016 0.73012
0.62433 0.33057
0.53828 0.26725
0.93395 0.44877
0.63331 0.71448
0.33448 0.14547
0.98235 0.58780
0.54060 0.41553
0.61420 0.33985
0.63600 0.00165
0.55945 0.25345
0.34217 0.50740
0.76113 0.50812
0.61858 0.68289
0.36613 0.70229
0.96915 0.46475
0.37637 0.57427
0.37239 0.56543
0.91108 0.83485
0.09999 0.48207
0.32587 0.38340
0.36688 0.35406
0.46650 0.72933
0.91659 0.05046
0.63874 0.30586
0.42119 0.51449
0.36668 0.79435
0.31381 0.95797
0.57186 0.84168
0.06145 0.57510
0.40002 0.82125
0.12231 0.39032
0.67811 0.90466
0.79382 0.66240
0.54613 0.43937
0.93624 0.58211
0.87605 0.08253
0.46046 0.50343
0.89681 0.74815
0.13908 0.14339
0.68249 0.27400
0.35435 0.60865
0.59148 0.47938
0.24034 0.48260
0.63565 0.63645
0.34023 0.20023
0.48043 0.31410
0.90699 0.15031
0.89363 0.87728
0.51744 0.69407
0.97473 0.92773
0.49243 0.62987
0.42460 0.31535
0.92376 0.60560
0.13035 0.26641
0.68790 0.47905
0.31215 0.66225
0.55127 0.87896
0.91240 0.46758
0.23565 0.97230
0.71257 0.80755
0.04139 0.02015
0.75864 0.76374
0.82915 0.46064
0.23953 0.26658
0.91520 0.07579
0.58657 0.05637
0.24772 0.28541
0.64873 0.73567
0.43584 0.70257
0.30578 0.08058
0.49870 0.71171
0.09095 0.84705
0.16669 0.64502
0.42193 0.45957
0.62450 0.95206
0.71269 0.51486
0.07412 0.27409
0.83276 0.06912
0.56284 0.51736
0.24419 0.93907
0.16287 0.10120
0.32780 0.27196
0.71833 0.28288
0.20565 0.42227
0.16077 0.94532
0.47047 0.76466
0.53521 0.97035
0.04201 0.98334
0.87091 0.70669
0.97801 0.17631
0.16631 0.10650
0.64644 0.63132
0.88435 0.22027
0.73528 0.25969
0.67428 0.47098
0.59932 0.91582
0.73436 0.66522
0.96345 0.85970
0.50621 0.82573
0.32190 0.11444
0.54923 0.18930
0.12323 0.21672
0.98786 0.35922
0.36282 0.61425
0.76342 0.04206
0.86822 0.35433
0.87457 0.14701
0.38301 0.41290
0.82155 0.96334
0.59873 0.39828
0.95650 0.64094
0.15066 0.92137
0.41855 0.16303
0.11395 0.64407
0.77146 0.78979
0.54893 0.93565
0.62824 0.19324
0.65059 0.08302
0.65366 0.60623
0.02639 0.41191
0.58851 0.78268
0.29434 0.96829
0.52325 0.76752
0.87867 0.06152
0.53823 0.49626
0.88695 0.88618
0.61611 0.32073
0.75922 0.13587
0.69773 0.77069
0.37151 0.47344
0.61691 0.47180
0.54407 0.58989
0.39389 0.60163
0.11951 0.84271
0.02668 0.46544
0.96541 0.36973
0.84815 0.84524
0.09399 0.44980
0.13085 0.45844
0.77528 0.62215
0.70771 0.48840
0.42910 0.71810
0.57595 0.48304
0.54971 0.72178
0.76424 0.81734
0.67407 0.67127
0.88303 0.45781
0.12307 0.35405
0.61141 0.77517
0.22949 0.39891
0.27188 0.74278
0.36629 0.32821
0.32569 0.06951
0.84947 0.86902
0.36568 0.24403
0.09188 0.52502
0.38886 0.67962
0.98952 0.07721
0.86194 0.03250
0.07750 0.03007
0.68265 0.66790
0.59324 0.89666
0.04405 0.70187
0.82042 0.88208
0.02340 0.44753
0.31053 0.22567
0.10501 0.95614
0.55794 0.33427
0.28274 0.61635
0.16289 0.85797
0.63554 0.85135
0.38013 0.82678
0.32276 0.08106
0.80860 0.44417
0.48759 0.18586
0.53150 0.93251
0.93090 0.97110
0.49976 0.50105
0.99347 0.80633
0.99242 0.09552
0.67479 0.13016
0.47486 0.62808
0.14427 0.00983
0.92468 0.97418
0.00018 0.26705
0.28859 0.44281
0.15237 0.56631
0.98469 0.69894
0.37576 0.09995
0.69773 0.59087
0.24675 0.72729
0.30648 0.95776
0.84505 0.94732
0.04694 0.60195
0.91097 0.84769
0.42044 0.62000
0.03814 0.31540
0.42710 0.40885
0.73728 0.37082
0.54587 0.40398
0.93667 0.92111
0.74189 0.82993
0.67115 0.99874
0.81171 0.95840
0.46646 0.45976
0.63755 0.04312
0.99874 0.42879
0.26483 0.12654
0.61471 0.54633
0.05667 0.42974
0.57926 0.58438
0.14479 0.01721
0.06042 0.95646
0.67072 0.17333
0.31775 0.74774
0.79440 0.64449
0.00488 0.12114
0.97488 0.53052
0.82061 0.67770
0.04992 0.78975
0.37090 0.95062
0.99811 0.06413
0.00084 0.11133
0.50602 0.33439
0.95644 0.30226
0.63083 0.47400
0.86836 0.11780
0.61127 0.70928
0.95950 0.33085
0.55006 0.10984
0.43395 0.58338
0.37467 0.16590
0.29759 0.49184
0.32658 0.18783
0.99902 0.57361
0.84671 0.04747
0.01097 0.46192
0.74336 0.08956
0.49071 0.63624
0.97850 0.68329
0.22796 0.22431
0.36049 0.93487
0.66034 0.50321
0.45334 0.30173
0.12702 0.55142
0.38137 0.78574
0.72885 0.84895
0.80967 0.62490
0.93277 0.89840
0.03687 0.77200
0.53036 0.32862
0.36730 0.27952
0.70972 0.63375
0.83266 0.52962
0.03504 0.58364
0.89679 0.06104
0.04158 0.53721
0.65830 0.69758
0.03093 0.84373
0.30480 0.64165
0.08834 0.56091
0.11089 0.89752
0.69983 0.75522
0.20996 0.30293
0.74799 0.96103
0.66489 0.91816
0.29674 0.67965
0.03115 0.28933
0.94822 0.32482
0.55496 0.24291
0.43812 0.69772
0.49620 0.82969
0.37898 0.55634
0.85369 0.03721
0.62102 0.57852
0.65935 0.92165
0.53371 0.94302
0.70508 0.20138
0.09994 0.64275
0.08828 0.40627
0.30824 0.28025
0.00857 0.81494
0.86795 0.47490
0.18368 0.31035
0.79320 0.40236
0.50646 0.47545
0.53277 0.79465
0.58315 0.59098
0.30881 0.24932
0.44699 0.83030
0.56426 0.78951
0.82100 0.68892
0.79783 0.77440
0.27507 0.35273
0.18419 0.44641
0.40677 0.55495
0.23425 0.38969
0.22017 0.68605
0.73681 0.55490
0.54905 0.53976
0.96451 0.11378
0.76481 0.48155
0.53474 0.89173
0.23996 0.29813
0.59835 0.45335
0.17223 0.93419
0.71168 0.62188
0.86365 0.43661
0.31894 0.41210
0.73292 0.71327
0.35908 0.97417
0.03703 0.16154
0.22286 0.44358
0.11564 0.60740
0.03608 0.13837
0.61024 0.88195
0.90091 0.71063
0.48202 0.20072
0.16748 0.97040
0.94280 0.13348
0.82745 0.43355
0.18257 0.85582
0.13486 0.07602
0.47386 0.75070
0.89818 0.32859
0.80833 0.99726
0.66878 0.05080
0.49895 0.85162
0.96857 0.46028
0.92057 0.94314
0.86561 0.61753
0.54057 0.91904
0.91549 0.38970
0.76230 0.68876
0.71472 0.97947
0.92573 0.30564
0.57286 0.18678
0.49877 0.10263
0.70999 0.95591
0.93449 0.01547
0.25716 0.81580
0.28065 0.40658
0.86158 0.30480
0.11431 0.10972
0.22112 0.04596
0.83193 0.74121
0.44612 0.02740
0.57402 0.10344
0.14873 0.77355
0.54832 0.00240
0.59722 0.54149
0.75540 0.24112
0.09611 0.76907
0.11549 0.78480
0.15391 0.66984
0.54362 0.44283
0.77543 0.38115
0.84650 0.09984
0.55164 0.26072
0.55163 0.14320
0.23498 0.57036
0.55776 0.33018
0.13937 0.58004
0.93955 0.77388
0.39318 0.45418
0.72161 0.25704
0.38240 0.22054
0.45952 0.84840
0.73595 0.98724
0.98437 0.98964
0.92558 0.13000
0.74761 0.31364
0.44809 0.74241
0.61158 0.94921
0.33093 0.91483
0.31133 0.33329
0.69904 0.64443
0.86673 0.70778
0.12565 0.41029
0.60188 0.85025
0.23993 0.37358
0.12845 0.99558
0.86963 0.20560
0.64684 0.67944
0.55022 0.83807
0.61441 0.08856
0.75018 0.73563
0.53581 0.62186
0.59032 0.19857
0.56616 0.98004
0.60772 0.19351
0.12786 0.95005
0.91306 0.79268
0.79126 0.26181
0.52564 0.12485
0.05372 0.34884
0.57989 0.58940
0.74505 0.99241
0.37541 0.72438
0.45730 0.09878
0.51671 0.79018
0.43721 0.79961
0.77455 0.95292
0.43839 0.51919
0.51798 0.19665
0.28584 0.67305
0.41782 0.17069
0.67869 0.96443
0.09919 0.15709
0.38928 0.22359
0.68850 0.80788
0.47755 0.43012
0.59848 0.14155
0.40809 0.08969
0.12838 0.13576
0.30571 0.87174
0.59645 0.27440
0.57387 0.78275
0.76355 0.19276
0.00160 0.50381
0.55928 0.33079
0.64706 0.06006
0.51067 0.29330
0.00350 0.26928
0.66536 0.44602
0.34630 0.55485
0.59569 0.69387
0.34351 0.43479
0.14484 0.98753
0.86470 0.61389
0.65895 0.43518
0.71523 0.02408
0.97869 0.12779
0.84127 0.67493
0.55710 0.84678
0.22065 0.10053
0.56233 0.89214
0.90023 0.12654
0.57503 0.51252
0.22651 0.80289
0.16167 0.15576
0.38682 0.92683
0.93406 0.21561
0.91564 0.51395
0.36946 0.80296
0.34210 0.19926
0.06174 0.48844
0.05477 0.54220
0.66683 0.02123
0.58327 0.85064
0.09688 0.29171
0.02973 0.17292
0.02401 0.44230
0.18289 0.65647
0.81710 0.72709
0.84446 0.18107
0.62416 0.21631
0.37836 0.54609
0.90104 0.64243
0.44634 0.58244
0.21964 0.47889
0.66617 0.63364
0.71224 0.94540
0.06427 0.49673
0.87484 0.34896
0.29294 0.35575
0.86049 0.89259
0.61100 0.87179
0.03223 0.99051
0.04209 0.67087
0.96413 0.34057
0.07711 0.17388
0.83551 0.12618
0.19909 0.67356
0.72473 0.44086
0.38459 0.86356
0.64166 0.03987
0.53939 0.70284
0.91520 0.20086
0.52347 0.99413
0.58072 0.71824
0.20623 0.76813
0.41686 0.02924
0.35634 0.06467
0.50301 0.35352
0.44872 0.12434
0.08077 0.38533
0.23239 0.45956
0.03289 0.95880
0.26795 0.55560
0.93925 0.14663
0.96382 0.65474
0.99753 0.18885
0.65855 0.51374
0.78276 0.15361
0.70554 0.78008
0.33018 0.30285
0.01430 0.00969
0.65663 0.93387
0.66964 0.37472
0.57684 0.74053
0.23137 0.04781
0.52946 0.45434
0.10143 0.84002
0.42982 0.98703
0.12966 0.78774
0.42112 0.28297
0.68584 0.00865
0.91306 0.51233
0.04438 0.37708
0.06092 0.98082
0.48464 0.71583
0.39935 0.02406
0.11536 0.53237
0.27317 0.15941
0.91468 0.90418
0.44483 0.75006
0.48609 0.68091
0.22214 0.01059
0.39698 0.12393
0.73522 0.28297
0.03376 0.34930
0.39324 0.05293
0.20424 0.37047
0.17830 0.74067
0.47628 0.43905
0.67567 0.62947
0.96597 0.37265
0.31899 0.79485
0.38509 0.74409
0.54434 0.38835
0.78817 0.37525
0.32876 0.21809
0.79934 0.96939
0.93998 0.17665
0.79414 0.91286
0.37095 0.01541
0.95641 0.74489
0.26760 0.48159
0.36568 0.60171
0.01730 0.76350
0.83289 0.03893
0.46987 0.98920
0.24496 0.70558
0.11900 0.53878
0.05775 0.57964
0.09918 0.54988
0.37680 0.92999
0.16238 0.65513
0.95576 0.20946
0.01880 0.60835
0.71621 0.56003
0.87185 0.41296
0.77074 0.37753
0.16932 0.97091
0.52525 0.57761
0.46626 0.47255
0.04124 0.72128
0.02921 0.98985
0.57082 0.45233
0.45567 0.74525
0.34118 0.75352
0.19398 0.99524
0.53620 0.72929
0.71406 0.05767
0.42785 0.05846
0.71465 0.96567
0.41224 0.29178
0.25580 0.34138
0.44178 0.05478
0.49897 0.97665
0.66438 0.49149
0.18316 0.99846
0.62749 0.70306
0.55698 0.74005
0.37645 0.79294
0.52139 0.19503
0.81561 0.47098
0.41653 0.59807
0.40482 0.27637
0.58712 0.38708
0.50900 0.15187
0.42731 0.38593
0.93541 0.99803
0.14662 0.22477
0.94914 0.18308
0.41444 0.54248
0.24506 0.03229
0.23425 0.89420
0.30974 0.17717
0.78056 0.55152
0.63995 0.52031
0.73473 0.82486
0.00651 0.34500
0.21835 0.91224
0.02787 0.72101
0.78093 0.53415
0.21427 0.10690
0.67454 0.43779
0.12994 0.55895
0.73935 0.91527
0.51626 0.30829
0.94996 0.33638
0.54901 0.92144
0.71146 0.27320
0.36189 0.42834
0.63827 0.68182
0.85253 0.03082
0.50830 0.50064
0.31842 0.84071
0.77371 0.41973
0.31973 0.53328
0.90053 0.87169
0.37520 0.47164
0.20702 0.27383
0.79196 0.98778
0.33348 0.07062
0.30864 0.82635
0.26844 0.74045
0.96730 0.18074
0.69820 0.99223
0.79135 0.66111
0.11671 0.56938
0.50565 0.93089
0.66603 0.91984
0.11896 0.55227
0.18317 0.95497
0.40965 0.25372
0.66098 0.42426
0.09332 0.43520
0.24085 0.54688
0.68881 0.88835
0.74844 0.09776
0.38625 0.80669
0.77075 0.67966
0.19412 0.16468
0.14786 0.75690
0.58332 0.20819
0.60142 0.17702
0.98421 0.94140
0.56716 0.57940
0.62427 0.57142
0.64764 0.87633
0.01660 0.90677
0.40675 0.98165
0.75409 0.38021
0.89019 0.31789
0.56577 0.50697
0.74960 0.38086
0.19640 0.41116
0.66209 0.47584
0.16773 0.85445
0.27380 0.48127
0.29634 0.26135
0.14645 0.06581
0.97013 0.58162
0.01926 0.55663
0.48977 0.33524
0.19918 0.38657
0.93748 0.18810
0.73889 0.00146
0.03557 0.27511
0.85371 0.50509
0.84091 0.79202
0.11907 0.02139
0.10625 0.79793
0.16081 0.97583
0.05786 0.39661
0.72944 0.30578
0.48491 0.01410
0.94197 0.85273
0.38740 0.78508
0.97569 0.57816
0.61852 0.20690
0.61436 0.25443
0.15803 0.78344
0.61360 0.79777
0.20316 0.00974
0.98088 0.42085
0.99203 0.17034
0.62716 0.46644
0.90026 0.56259
0.33524 0.07230
0.08779 0.90680
0.52987 0.18299
0.64678 0.77732
0.42645 0.82287
0.87722 0.63129
0.52329 0.75048
0.56818 0.78945
0.14969 0.36892
0.56305 0.44879
0.28307 0.92581
0.68797 0.66308
0.12911 0.14990
0.26156 0.78775
0.09513 0.73239
0.90760 0.70174
0.07785 0.33632
0.79429 0.77412
0.55280 0.52015
0.77841 0.89404
0.64941 0.22891
0.01366 0.25009
0.52693 0.99867
0.67156 0.71791
0.05448 0.02302
0.92900 0.87297
0.95458 0.46430
0.31526 0.90938
0.45650 0.49506
0.98853 0.96267
0.13404 0.00670
0.43189 0.65690
0.33320 0.66281
0.77432 0.99035
0.29292 0.49274
0.64705 0.50224
0.90155 0.51778
0.14948 0.97343
0.47539 0.12743
0.19333 0.37019
0.96303 0.56779
0.08301 0.90039
0.82398 0.44154
0.71857 0.81175
0.96969 0.38624
0.80945 0.34276
0.62681 0.16492
0.42417 0.08472
0.71485 0.68789
0.06601 0.08443
0.91661 0.13603
0.84307 0.39547
0.25576 0.52218
0.59249 0.85675
0.54884 0.11288
0.84574 0.59302
0.58687 0.65237
0.12524 0.64318
0.12206 0.21361
0.41810 0.67535
0.51930 0.68623
0.32463 0.84890
0.68256 0.74424
0.28239 0.23289
0.08140 0.40232
0.77620 0.30907
0.93628 0.77941
0.78155 0.66653
0.90661 0.76038
0.81658 0.11141
0.08672 0.77426
0.95075 0.73762
0.22350 0.57214
0.84842 0.46153
0.38662 0.41954
0.69546 0.42585
0.55506 0.97403
0.67646 0.32854
0.43905 0.14873
0.91590 0.56058
0.22057 0.94693
0.04574 0.24065
0.72338 0.88180
0.35027 0.80932
0.72426 0.68799
0.54739 0.25976
0.34661 0.19661
0.68551 0.95734
0.83036 0.26968
0.31816 0.20622
0.48902 0.12415
0.25680 0.06256
0.55306 0.61649
0.81435 0.80684
0.38823 0.20476
0.64401 0.24398
0.06647 0.35833
0.68169 0.01460
0.85180 0.71138
0.31636 0.73538
0.28877 0.05082
0.54732 0.03941
0.57247 0.49516
0.08445 0.45120
0.13557 0.75287
0.82505 0.95136
0.81710 0.31887
0.71908 0.04456
0.83098 0.82541
0.61961 0.37852
0.05825 0.31063
0.28504 0.49858
0.17184 0.44083
0.91259 0.04558
0.00011 0.78758
0.45112 0.64421
0.80870 0.17413
0.74502 0.90930
0.84630 0.91521
0.23258 0.47207
0.39463 0.58072
0.49957 0.58117
0.84828 0.96169
0.62342 0.44097
0.08274 0.60780
0.06097 0.40855
0.81204 0.03276
0.67552 0.05772
0.43470 0.73798
0.87762 0.12760
0.51082 0.03071
0.20869 0.84931
0.17290 0.19246
0.96582 0.41535
0.12927 0.86508
0.60919 0.37314
0.61141 0.45231
0.77415 0.56484
0.07032 0.50788
0.35066 0.24633
0.03043 0.45712
0.48672 0.55741
0.02611 0.25997
0.75286 0.25759
0.29234 0.82614
0.23621 0.61722
0.25074 0.41627
0.92371 0.03136
0.22381 0.02783
0.54123 0.81017
0.29292 0.31239
0.98610 0.37826
0.73354 0.70130
0.91425 0.66865
0.28895 0.80235
0.31253 0.03506
0.67689 0.23919
0.64058 0.86376
0.93337 0.26995
0.82962 0.32616
0.65015 0.84755
0.49700 0.45613
0.30348 0.45434
0.18198 0.45370
0.95578 0.70631
0.63005 0.00910
0.45329 0.66275
0.74628 0.61329
0.50354 0.34437
0.82958 0.46532
0.29686 0.76096
0.54670 0.62168
0.75712 0.95168
0.92626 0.05764
0.83972 0.58203
0.91097 0.02855
0.27876 0.36354
0.67544 0.88195
0.98373 0.26673
0.61041 0.94432
0.83759 0.22481
0.53284 0.96637
0.85565 0.80018
0.45672 0.11892
0.91584 0.76430
0.51529 0.00380
0.34142 0.27015
0.88361 0.97726
0.92474 0.61864
0.95608 0.38804
0.56636 0.45929
0.65319 0.71617
0.96212 0.43849
0.78297 0.67454
0.91540 0.35375
0.60720 0.71962
0.27890 0.49641
0.98785 0.26542
0.90046 0.79778
0.75579 0.14724
0.29540 0.26461
0.95415 0.05654
0.00181 0.62909
0.05671 0.27493
0.83803 0.15954
0.46829 0.37485
0.98556 0.90612
0.85870 0.17210
0.56139 0.51921
0.55419 0.87190
0.54158 0.10905
0.74879 0.39473
0.52412 0.19494
0.66440 0.97556
0.64916 0.60215
0.46662 0.94186
0.18085 0.33901
0.10581 0.46779
0.27308 0.78233
0.53975 0.08011
0.84644 0.54805
0.88951 0.16205
0.84942 0.77053
0.91630 0.91498
0.20517 0.38252
0.85345 0.17312
0.63607 0.46225
0.63947 0.08236
0.02371 0.92084
0.22108 0.88876
0.29455 0.65719
0.05921 0.59958
0.00046 0.24854
0.70337 0.69815
0.04082 0.46524
0.14596 0.74705
0.25165 0.07620
0.35771 0.86697
0.26569 0.37894
0.88446 0.99773
0.97457 0.12973
0.66528 0.10280
0.03585 0.76508
0.54888 0.89771
0.33046 0.50787
0.75883 0.02819
0.72210 0.75852
0.02887 0.40613
0.01898 0.44430
0.02709 0.14863
0.20202 0.78205
0.69590 0.10869
0.61355 0.33922
0.86560 0.19572
0.01607 0.16943
0.14707 0.91915
0.40738 0.47118
0.47611 0.33148
0.44587 0.44738
0.93307 0.49244
0.46062 0.91712
0.57130 0.76819
0.71418 0.24880
0.29071 0.09888
0.03110 0.92834
0.91633 0.00538
0.56198 0.63473
0.94794 0.57344
0.94604 0.81721
0.06444 0.32953
0.31515 0.17303
0.76425 0.21137
0.36271 0.67115
0.02796 0.77168
0.09677 0.32388
0.87315 0.53912
0.52851 0.86611
0.36181 0.82712
0.94982 0.08923
0.25218 0.23993
0.87906 0.51857
0.40607 0.02153
0.16688 0.51352
0.33245 0.45160
0.99022 0.03519
0.88173 0.36637
0.35875 0.90518
0.62525 0.91455
0.10963 0.94618
0.10366 0.23535
0.02992 0.06874
0.64271 0.07680
0.69882 0.89101
0.66275 0.73324
0.86350 0.39348
0.02065 0.81317
0.81431 0.04718
0.48643 0.17057
0.10782 0.96087
0.62131 0.77666
0.83370 0.02607
0.45350 0.00078
0.16345 0.28754
0.76613 0.17346
0.48994 0.81790
0.43076 0.37237
0.28200 0.74286
0.71870 0.83377
0.45621 0.67688
0.68467 0.99483
0.90372 0.19503
0.15374 0.75892
0.03707 0.08778
0.63632 0.42261
0.16442 0.72809
0.70168 0.16928
0.20900 0.60831
0.72178 0.26374
0.24022 0.78984
0.81146 0.37335
0.00727 0.43748
0.52006 0.12551
0.20053 0.49136
0.01062 0.13253
0.91743 0.42380
0.70914 0.00588
0.08242 0.87775
0.24375 0.22601
0.15738 0.63604
0.63701 0.70691
0.62286 0.00706
0.97229 0.04112
0.91635 0.76149
0.69502 0.81464
0.47020 0.67316
0.83287 0.55112
0.52495 0.71477
0.34279 0.57018
0.11527 0.58859
0.86094 0.04926
0.39360 0.94739
0.46495 0.55646
0.15964 0.86637
0.70047 0.79705
0.26200 0.76932
0.33382 0.00273
0.48416 0.89893
0.06815 0.13845
0.82510 0.92180
0.18777 0.54162
0.63115 0.32319
0.22740 0.68030
0.53990 0.05126
0.39608 0.04287
0.43338 0.22260
0.17804 0.46963
0.41405 0.13764
0.99680 0.88147
0.14891 0.52191
0.02339 0.77966
0.03020 0.86322
0.27083 0.10865
0.23277 0.87817
0.33083 0.25916
0.38933 0.33211
0.33010 0.41443
0.36330 0.68017
0.51353 0.36100
0.62265 0.51262
0.26928 0.61038
0.94816 0.08699
0.32100 0.57574
0.48999 0.72543
0.91238 0.16513
0.93006 0.46445
0.98301 0.45501
0.49829 0.69772
0.37058 0.75996
0.89737 0.97876
0.60862 0.95730
0.84443 0.95232
0.33106 0.45673
0.48987 0.30852
0.43100 0.86968
0.67247 0.46738
0.43680 0.10277
0.76069 0.05968
0.63993 0.60751
0.04494 0.06514
0.94312 0.16858
0.86785 0.99821
0.78516 0.09531
0.06708 0.13575
0.07582 0.99760
0.85158 0.47219
0.98173 0.59207
0.14904 0.51465
0.11281 0.29684
0.85671 0.80614
0.63587 0.92425
0.13802 0.31668
0.48263 0.96756
0.09922 0.22852
0.37621 0.24406
0.52383 0.20613
0.39458 0.59497
0.24065 0.77505
0.05820 0.73588
0.57126 0.94330
0.84278 0.66032
0.86140 0.75953
0.29964 0.23377
0.45398 0.05921
0.46571 0.19355
0.17207 0.94178
0.43650 0.13425
0.37600 0.24105
0.80024 0.19800
0.45857 0.77260
0.96097 0.48818
0.35175 0.84883
0.51916 0.97257
0.01949 0.81721
0.15190 0.01516
0.37881 0.98185
0.41687 0.78987
0.88021 0.15625
0.49776 0.32249
0.49251 0.41523
0.19229 0.37713
0.83090 0.01974
0.54643 0.34116
0.02708 0.06725
0.36375 0.38074
0.72960 0.26620
0.57456 0.96818
0.56125 0.12781
0.35902 0.59239
0.41724 0.05867
0.43212 0.36955
0.59553 0.02405
0.50486 0.05245
0.82810 0.11500
0.86881 0.22226
0.42239 0.46838
0.45870 0.42537
0.02191 0.02206
0.00202 0.75548
0.43138 0.70840
0.77442 0.94927
0.98009 0.48576
0.19240 0.75193
0.12982 0.72893
0.79442 0.46196
0.65765 0.27934
0.51092 0.01721
0.87785 0.25935
0.68168 0.75713
0.79685 0.32631
0.11086 0.17444
0.15703 0.36146
0.12825 0.63653
0.99007 0.61263
0.37647 0.02798
0.48484 0.72076
0.49744 0.24940
0.26377 0.81201
0.61270 0.65887
0.42000 0.71316
0.39762 0.30910
0.25127 0.77126
0.17479 0.67374
0.15164 0.17123
0.41887 0.38613
0.82703 0.93435
0.78523 0.42210
0.88894 0.72542
0.37371 0.25777
0.03434 0.46615
0.76765 0.84259
0.66494 0.35223
0.35444 0.70533
0.08091 0.41644
0.97815 0.21978
0.22815 0.21528
0.07430 0.93120
0.59289 0.74813
0.90280 0.72633
0.74213 0.58362
0.77014 0.05410
0.47280 0.80021
0.36476 0.84115
0.38260 0.73647
0.58271 0.33186
0.36910 0.95930
0.47994 0.88049
0.39554 0.54575
0.54122 0.06724
0.27657 0.58052
0.36021 0.22649
0.37280 0.78558
0.56270 0.93036
0.07611 0.70776
0.30942 0.63233
0.84654 0.61867
0.62605 0.05776
0.15547 0.07535
0.27217 0.56016
0.94338 0.96926
0.32450 0.67158
0.66521 0.36084
0.68667 0.49293
0.64961 0.75391
0.90385 0.33570
0.23521 0.52776
0.86826 0.43977
0.90388 0.46855
0.81895 0.88343
0.02857 0.55464
0.32436 0.06507
0.45225 0.08101
0.33473 0.39385
0.10846 0.72366
0.62751 0.01898
0.29664 0.64778
0.18994 0.84861
0.49973 0.71745
0.43271 0.81712
0.89921 0.21787
0.74315 0.25691
0.15996 0.34989
0.18788 0.57195
0.24503 0.94479
0.74470 0.22857
0.17547 0.94331
0.66020 0.70953
0.42568 0.63640
0.22045 0.01871
0.21711 0.55433
0.30739 0.08973
0.83742 0.44590
0.67009 0.73613
0.26620 0.50464
0.44210 0.66262
0.58196 0.90197
0.74889 0.36945
0.46257 0.18775
0.40301 0.99185
0.53903 0.00193
0.14340 0.55930
0.00162 0.78038
0.79656 0.27967
0.19004 0.39874
0.10974 0.09519
0.43338 0.66468
0.12433 0.12792
0.03098 0.79459
0.75367 0.17281
0.32883 0.01376
0.40337 0.55872
0.26495 0.55690
0.89628 0.15951
0.27182 0.67301
0.48964 0.47610
0.48429 0.36461
0.12093 0.89431
0.28978 0.06582
0.95896 0.83720
0.08719 0.57465
0.38830 0.11655
0.38280 0.59472
0.19003 0.05728
0.19025 0.66418
0.77078 0.86488
0.67604 0.43575
0.44479 0.99396
0.01494 0.91772
0.41550 0.62907
0.50936 0.42589
0.37702 0.58729
0.78594 0.64259
0.11640 0.28923
0.71242 0.43486
0.27159 0.54854
0.75586 0.33369
0.24646 0.59320
0.53090 0.55005
0.33539 0.69476
0.60103 0.70196
0.54494 0.63774
0.88580 0.61543
0.12390 0.92769
0.50714 0.79705
0.31668 0.69119
0.24515 0.07391
0.79137 0.53460
0.92087 0.15289
0.50368 0.86936
0.55857 0.75371
0.27992 0.48621
0.53806 0.36046
0.76993 0.38147
0.23033 0.61184
0.63625 0.50835
0.22806 0.37238
0.38689 0.67305
0.89617 0.04425
0.14006 0.27456
0.48262 0.23301
0.05176 0.64904
0.35358 0.07214
0.70633 0.70429
0.74034 0.81884
0.52498 0.71008
0.30161 0.40912
0.16627 0.54882
0.77840 0.89256
0.16395 0.36366
0.47048 0.85798
0.05772 0.85947
0.24272 0.55880
0.33470 0.18283
0.10091 0.52117
0.79015 0.18361
0.19627 0.62942
0.67045 0.73249
0.94936 0.66118
0.55166 0.35897
0.33052 0.84343
0.92878 0.76219
0.47027 0.58116
0.48129 0.78622
0.68940 0.51720
0.44433 0.87841
0.11109 0.60063
0.72596 0.13773
0.03997 0.28629
0.27978 0.49932
0.22933 0.95948
0.46884 0.15668
0.93513 0.77003
0.03129 0.27564
0.55125 0.64839
0.35974 0.50677
0.54052 0.08904
0.61656 0.37031
0.01485 0.03627
0.02914 0.99483
0.06706 0.49032
0.18189 0.38095
0.93357 0.05087
0.06697 0.65284
0.82430 0.60412
0.16625 0.40877
0.85689 0.23032
0.52840 0.99210
0.78859 0.38434
0.48501 0.81005
0.21525 0.18687
0.30434 0.74353
0.85737 0.63719
0.66523 0.84590
0.68229 0.97895
0.12090 0.66828
0.07134 0.34863
0.99860 0.00918
0.27992 0.02862
0.77038 0.97804
0.39232 0.09864
0.71006 0.98850
0.69960 0.84821
0.74072 0.18856
0.68208 0.52982
0.24278 0.15138
0.68797 0.45640
0.73663 0.27563
0.62468 0.26726
0.22984 0.11215
0.20016 0.14214
0.31215 0.87111
0.00634 0.23343
0.24074 0.89330
0.96078 0.49149
0.82687 0.23466
0.78062 0.89088
0.33610 0.87843
0.51569 0.57085
0.27491 0.91714
0.22405 0.49435
0.13238 0.25442
0.86748 0.44730
0.34078 0.74704
0.99887 0.01226
0.96214 0.79264
0.80984 0.76633
0.03229 0.45310
0.34433 0.96080
0.57802 0.48331
0.56460 0.40360
0.59918 0.02301
0.99407 0.13828
0.51368 0.29816
0.91154 0.16605
0.46103 0.44144
0.80759 0.75350
0.13956 0.71179
0.94700 0.82152
0.43617 0.69018
0.74342 0.77105
0.03707 0.89270
0.53415 0.06407
0.04576 0.93662
0.45153 0.84490
0.22712 0.02260
0.78156 0.48124
0.87834 0.50268
0.68208 0.71517
0.91340 0.53449
0.16151 0.74994
0.05517 0.04482
0.84541 0.86087
0.86967 0.21617
0.70489 0.13168
0.47772 0.92815
0.01402 0.85009
0.70946 0.10488
0.18600 0.40420
0.53972 0.05639
0.26444 0.24293
0.04564 0.17335
0.33570 0.55274
0.42248 0.27993
0.17743 0.24339
0.28688 0.61343
0.72969 0.69865
0.80730 0.07752
0.62683 0.73088
0.03977 0.61847
0.80242 0.47691
0.34270 0.34577
0.06700 0.63649
0.57962 0.65676
0.60429 0.69188
0.29313 0.87067
0.71015 0.60819
0.61990 0.30027
0.36372 0.87114
0.46249 0.10527
0.26133 0.97646
0.70473 0.29074
0.18715 0.67236
0.96064 0.13382
0.48534 0.93367
0.32874 0.39438
0.11989 0.71777
0.92477 0.78102
0.51873 0.08622
0.01420 0.46826
0.52653 0.02108
0.21995 0.45449
0.76777 0.61333
0.62697 0.29596
0.00463 0.79652
0.65993 0.13559
0.09794 0.55663
0.06289 0.76169
0.47333 0.04169
0.11300 0.78961
0.92174 0.40136
0.04325 0.60228
0.68054 0.59269
0.52631 0.24360
0.06238 0.86508
0.77522 0.34915
0.15023 0.43637
0.26206 0.12669
0.12641 0.95729
0.59933 0.74252
0.39760 0.77623
0.26730 0.58188
0.34326 0.99551
0.65523 0.54422
0.45443 0.44433
0.97602 0.92607
0.08888 0.01399
0.18712 0.04332
0.02765 0.50181
0.75730 0.51534
0.11273 0.86169
0.97504 0.40970
0.40790 0.16153
0.49346 0.70380
0.66629 0.83196
0.45275 0.79117
0.49606 0.43763
0.62355 0.20905
0.16377 0.37647
0.38126 0.39782
0.03051 0.70986
0.27085 0.78011
0.33606 0.46827
0.85894 0.48409
0.74040 0.64571
0.48628 0.68555
0.75271 0.14196
0.93192 0.52785
0.34775 0.88813
0.57187 0.32364
0.60149 0.24628
0.99904 0.31279
0.77387 0.04560
0.68672 0.37609
0.43223 0.61483
0.37729 0.66480
0.21992 0.64956
0.19859 0.22702
0.17450 0.57798
0.30996 0.63572
0.61994 0.56779
0.94521 0.76793
0.26444 0.75185
0.23006 0.77635
0.55847 0.13805
0.46182 0.19464
0.99593 0.96856
0.96073 0.37237
0.92093 0.32300
0.83773 0.16605
0.17797 0.13558
0.44861 0.25110
0.27971 0.27686
0.86451 0.34358
0.81092 0.72165
0.05686 0.10168
0.61276 0.79420
0.16958 0.74037
0.13433 0.79394
0.48873 0.76421
0.00869 0.69309
0.66389 0.34640
0.28738 0.54638
0.66219 0.09468
0.30116 0.05449
0.10375 0.63528
0.90441 0.49733
0.08006 0.02806
0.36616 0.07947
0.35634 0.63497
0.84468 0.01486
0.47631 0.66062
0.80594 0.95294
0.30607 0.15219
0.02876 0.32490
0.09902 0.79340
0.91554 0.54351
0.32688 0.32632
0.42622 0.17369
0.66907 0.64745
0.15078 0.23893
0.79899 0.15453
0.75516 0.81126
0.08109 0.72010
0.87654 0.98176
0.59738 0.63492
0.43993 0.04246
0.43820 0.83587
0.13689 0.05543
0.03785 0.09812
0.95454 0.23582
0.41790 0.57476
0.63603 0.21138
0.43921 0.08116
0.87344 0.06553
0.21839 0.06038
0.79276 0.08862
0.56149 0.73407
0.24386 0.66888
0.80761 0.50753
0.83265 0.65197
0.45534 0.52079
0.87427 0.07723
0.29850 0.96028
0.68273 0.46975
0.64143 0.13270
0.88634 0.04010
0.76031 0.33496
0.26690 0.92853
0.69653 0.86037
0.87743 0.13051
0.79358 0.34376
0.06798 0.88981
0.43004 0.30793
0.25013 0.48177
0.45057 0.89057
0.17161 0.31443
0.28410 0.90360
0.69970 0.73195
0.66187 0.04276
0.53225 0.84527
0.79004 0.31432
0.43850 0.72329
0.09626 0.26120
0.46556 0.14179
0.36999 0.27629
0.52507 0.39068
0.38118 0.71419
0.94075 0.15917
0.99321 0.26307
0.11100 0.45288
0.09549 0.13551
0.10150 0.22952
0.52543 0.47787
0.08773 0.53056
0.67801 0.16072
0.79767 0.50362
0.62781 0.49347
0.35036 0.59969
0.15656 0.73533
0.53822 0.60124
0.36012 0.97498
0.56937 0.10247
0.74298 0.69978
0.59489 0.75656
0.86805 0.33887
0.59028 0.72670
0.36827 0.52432
0.96104 0.02305
0.89525 0.56532
0.66517 0.43900
0.65759 0.47550
0.21234 0.47015
0.53475 0.85616
0.91567 0.33881
0.45660 0.86301
0.08531 0.33685
0.56005 0.49090
0.16296 0.16245
0.17076 0.93612
0.35524 0.71181
0.29731 0.59433
0.31878 0.49852
0.25281 0.07919
0.93886 0.61470
0.24256 0.06905
0.30700 0.69378
0.58944 0.04224
0.38137 0.84843
0.10866 0.69250
0.73486 0.68359
0.71306 0.71712
0.61546 0.29399
0.94518 0.91697
0.70866 0.77550
0.89941 0.28800
0.07896 0.70893
0.21108 0.90292
0.03298 0.32073
0.44292 0.29772
0.37506 0.67338
0.63226 0.81600
0.71163 0.24418
0.75084 0.73586
0.86600 0.59013
0.91468 0.18954
0.10024 0.44852
0.57679 0.66474
0.64339 0.41972
0.87772 0.90315
0.01384 0.50130
0.09403 0.58535
0.61826 0.20392
0.05208 0.61378
0.49103 0.15713
0.13334 0.66584
0.20766 0.92280
0.78483 0.85823
0.70969 0.51533
0.00455 0.34069
0.63047 0.12514
0.89570 0.45245
0.26321 0.54702
0.15064 0.88685
0.96906 0.05094
0.74382 0.20764
0.00772 0.57261
0.09018 0.38257
0.19770 0.47427
0.58258 0.39561
0.03972 0.08875
0.40723 0.21111
0.85015 0.49992
0.29091 0.36510
0.84634 0.65845
0.21505 0.17905
0.56817 0.16661
0.83756 0.16176
0.85480 0.11870
0.90110 0.30797
0.77434 0.98464
0.85482 0.82489
0.40125 0.33592
0.31765 0.72183
0.58089 0.93556
0.18771 0.53426
0.82779 0.29152
0.66487 0.87943
0.07129 0.72032
0.72312 0.70990
0.63968 0.12134
0.76384 0.44758
0.21640 0.35817
0.12706 0.34101
0.88488 0.16505
0.15939 0.36449
0.40393 0.77246
0.97544 0.50989
0.90101 0.11147
0.49893 0.02474
0.44988 0.94210
0.82631 0.03943
0.39230 0.84573
0.78802 0.55785
0.68784 0.05997
0.29388 0.49416
0.09363 0.40128
0.10672 0.48362
0.34233 0.47382
0.24919 0.30571
0.42104 0.21586
0.69399 0.60569
0.71746 0.61126
0.83701 0.32262
0.46167 0.33325
0.49368 0.19462
0.38909 0.01648
0.07711 0.83300
0.27314 0.05102
0.74005 0.17757
0.43596 0.65268
0.55324 0.64083
0.18379 0.11224
0.48095 0.40884
0.09516 0.35993
0.66004 0.41110
0.07838 0.01934
0.38078 0.83121
0.82884 0.80550
0.34688 0.22006
0.85577 0.21254
0.30226 0.26619
0.19420 0.28750
0.88997 0.56983
0.41342 0.81889
0.15763 0.46227
0.73354 0.02870
0.20809 0.77847
0.38102 0.73318
0.23678 0.20466
0.16418 0.05432
0.45704 0.77593
0.43937 0.75660
0.90492 0.93224
0.35963 0.83442
0.61223 0.08655
0.37001 0.11629
0.84883 0.07086
0.26073 0.95770
0.62293 0.84439
0.40985 0.06811
0.83825 0.24558
0.76752 0.70142
0.55623 0.58909
0.24131 0.23906
0.55753 0.86025
0.80335 0.39710
0.06855 0.74929
0.93224 0.32901
0.89895 0.75409
0.95779 0.81709
0.54403 0.97249
0.00765 0.03972
0.31422 0.55639
0.83738 0.76628
0.83228 0.48651
0.73881 0.54633
0.87730 0.87646
0.96043 0.84710
0.61149 0.97028
0.98732 0.61575
0.59971 0.33485
0.45366 0.28414
0.95792 0.89225
0.38992 0.59275
0.73837 0.00824
0.17574 0.36999
0.05730 0.30515
0.89642 0.55024
0.56993 0.04852
0.74335 0.06484
0.91715 0.85555
0.78876 0.15183
0.23442 0.35628
0.28314 0.19830
0.80002 0.35202
0.05839 0.62730
0.38885 0.51527
0.38704 0.45824
0.04849 0.19111
0.20427 0.57470
0.43241 0.91149
0.12793 0.35152
0.34612 0.20106
0.95458 0.30364
0.19329 0.29133
0.07688 0.39422
0.85380 0.06721
0.69209 0.02617
0.32843 0.52263
0.27509 0.54143
0.91305 0.78249
0.01710 0.87207
0.28119 0.79279
0.12157 0.37724
0.88784 0.33981
0.93531 0.84971
0.57703 0.46466
0.26916 0.29383
0.70662 0.51262
0.87620 0.71438
0.96236 0.18261
0.52082 0.23349
0.72778 0.18142
0.88783 0.80685
0.21554 0.97935
0.03221 0.05433
0.22114 0.44943
0.58237 0.07461
0.39283 0.65091
0.38568 0.95038
0.46437 0.91993
0.01975 0.36510
0.67486 0.13319
0.14712 0.22898
0.87527 0.46788
0.29447 0.54623
0.28324 0.28779
0.10248 0.64465
0.70522 0.12096
0.14645 0.84568
0.79651 0.40248
0.37893 0.74423
0.88497 0.04082
0.78147 0.23707
0.93049 0.15778
0.83320 0.03315
0.30788 0.62472
0.27172 0.77170
0.93441 0.48461
0.85272 0.79743
0.72772 0.39818
0.78160 0.36263
0.00390 0.23770
0.55726 0.99426
0.36825 0.31487
0.93691 0.61139
0.15655 0.60897
0.32337 0.58667
0.80910 0.20559
0.06690 0.32209
0.58045 0.47873
0.46671 0.92019
0.26560 0.99514
0.67199 0.91644
0.94470 0.41989
0.10595 0.74200
0.75019 0.49171
0.94422 0.88892
0.61903 0.99666
0.23993 0.18521
0.55709 0.51963
0.11488 0.62176
0.31067 0.27547
0.99714 0.96831
0.89613 0.98929
0.36984 0.88642
0.14329 0.43873
0.51435 0.02893
0.81675 0.47202
0.63600 0.15811
0.05462 0.61937
0.14851 0.14196
0.66841 0.74919
0.78346 0.78615
0.38667 0.52883
0.62760 0.96454
0.00932 0.90103
0.41094 0.32528
0.47628 0.67971
0.71870 0.90193
0.55242 0.78252
0.00562 0.11825
0.38601 0.47769
0.94301 0.23711
0.77331 0.81762
0.36107 0.77742
0.83788 0.80456
0.35743 0.01311
0.87189 0.09021
0.59593 0.45167
0.07185 0.53717
0.28837 0.97194
0.31933 0.47896
0.71019 0.61686
0.95981 0.85285
0.42577 0.95543
0.29570 0.34424
0.63462 0.45870
0.20889 0.17677
0.55249 0.71618
0.46059 0.31927
0.86009 0.31639
0.04369 0.94250
0.92519 0.93110
0.79552 0.16738
0.99341 0.24808
0.98999 0.16262
0.01028 0.44643
0.16559 0.58698
0.79881 0.29710
0.03168 0.83319
0.33576 0.42260
0.44086 0.51969
0.27203 0.67531
0.65132 0.05712
0.64987 0.36099
0.13281 0.69003
0.85544 0.52171
0.36538 0.09391
0.61779 0.46197
0.66720 0.90788
0.90461 0.40274
0.34665 0.60311
0.90780 0.02779
0.55207 0.64899
0.84475 0.77060
0.30450 0.23372
0.69922 0.69697
0.95050 0.75331
0.60184 0.79602
0.23312 0.52076
0.58017 0.55231
0.11860 0.21819
0.10168 0.01289
0.68934 0.67590
0.35723 0.16987
0.49416 0.73187
0.84314 0.97660
0.50740 0.23914
0.37049 0.45946
0.89428 0.75288
0.54063 0.32318
0.15328 0.12583
0.18856 0.17473
0.72268 0.58523
0.81629 0.78675
0.86171 0.69711
0.60911 0.62462
0.55123 0.39525
0.04134 0.07449
0.61933 0.69085
0.19283 0.18035
0.37264 0.51660
0.72839 0.32848
0.80001 0.07042
0.40714 0.57926
0.95595 0.09784
0.42213 0.10794
0.40907 0.64096
0.66920 0.89302
0.55498 0.09236
0.83510 0.98165
0.57766 0.70851
0.27557 0.23879
0.45484 0.12511
0.19752 0.77495
0.46149 0.05707
0.64332 0.30586
0.35881 0.73257
0.44446 0.69554
0.49082 0.98485
0.03594 0.34130
0.08010 0.28124
0.56779 0.31870
0.45732 0.09605
0.71091 0.85932
0.93987 0.73793
0.56607 0.48286
0.43211 0.15303
0.94221 0.44500
0.54044 0.52262
0.83604 0.98614
0.33524 0.00969
0.23448 0.00605
0.93525 0.78596
0.15287 0.59170
0.65063 0.50256
0.40758 0.57702
0.09263 0.64367
0.34240 0.65565
0.84843 0.15954
0.75780 0.38599
0.20151 0.37511
0.93197 0.06718
0.17727 0.80324
0.58894 0.55065
0.87068 0.82139
0.35376 0.34801
0.96183 0.46135
0.89982 0.77203
0.73012 0.88881
0.21522 0.02503
0.11853 0.66633
0.24259 0.93931
0.73781 0.44871
0.95501 0.81811
0.41690 0.74286
0.85895 0.98968
0.28705 0.70245
0.22956 0.87790
0.10578 0.47004
0.02130 0.23732
0.69810 0.76402
0.62418 0.87558
0.49030 0.91495
0.54008 0.28864
0.48117 0.57383
0.56825 0.11915
0.13554 0.02016
0.61221 0.55389
0.26636 0.84167
0.32073 0.10828
0.91304 0.08051
0.08819 0.90110
0.93309 0.78758
0.08821 0.84843
0.03858 0.22032
0.05286 0.43379
0.32299 0.90357
0.42694 0.73783
0.46678 0.24425
0.88801 0.33277
0.45518 0.65099
0.77344 0.70677
0.07150 0.60940
0.78719 0.48109
0.23179 0.80822
0.80374 0.56078
0.17565 0.33882
0.08506 0.86551
0.77814 0.15677
0.67584 0.45555
0.92486 0.05961
0.89439 0.40754
0.25613 0.53225
0.15779 0.07562
0.25024 0.28354
0.72635 0.38625
0.69264 0.39689
0.24527 0.08811
0.71275 0.37856
0.20150 0.01985
0.69143 0.62779
0.17687 0.90165
0.47997 0.45988
0.51254 0.96526
0.54022 0.56954
0.16249 0.67301
0.26933 0.52875
0.09658 0.60331
0.83103 0.39112
0.81763 0.04424
0.04015 0.27839
0.73268 0.43992
0.80637 0.22449
0.13976 0.05277
0.96690 0.54863
0.52790 0.65366
0.81375 0.01834
0.27258 0.00460
0.59305 0.16326
0.22708 0.54874
0.41537 0.32631
0.22327 0.12497
0.65485 0.66091
0.42307 0.10497
0.26316 0.97773
0.58739 0.96014
0.60161 0.64714
0.16790 0.34799
0.45886 0.92960
0.13618 0.59644
0.71177 0.41171
0.43096 0.34034
0.99872 0.90232
0.85177 0.55047
0.12167 0.35833
0.36397 0.19267
0.55468 0.97835
0.05303 0.35165
0.39877 0.92143
0.75948 0.76556
0.96454 0.02294
0.38951 0.57468
0.42474 0.02792
0.32111 0.61917
0.19126 0.36443
0.93530 0.08225
0.37746 0.18676
0.78494 0.94398
0.15066 0.82449
0.02767 0.72705
0.29901 0.47560
0.82314 0.49541
0.32936 0.21637
0.06342 0.02752
0.32866 0.93743
0.18771 0.64244
0.64198 0.90379
0.74412 0.85028
0.48923 0.88388
0.55169 0.43911
0.88453 0.09834
0.97540 0.38071
0.64070 0.46988
0.10651 0.38311
0.18590 0.20288
0.96898 0.47773
0.40484 0.57658
0.54443 0.50661
0.28833 0.10190
0.68511 0.19764
0.63593 0.16556
0.14118 0.26055
0.77827 0.92226
0.19814 0.89226
0.68157 0.45491
0.13091 0.12381
0.19965 0.20499
0.85710 0.75158
0.18284 0.89961
0.66725 0.40797
0.66167 0.82827
0.05688 0.53002
0.59840 0.32050
0.85321 0.83150
0.68058 0.98412
0.85978 0.26684
0.76520 0.21084
0.47909 0.24196
0.94760 0.52262
0.49577 0.82584
0.99115 0.36863
0.20139 0.27592
0.41315 0.82991
0.02158 0.78955
0.29642 0.86523
0.51973 0.28508
0.17342 0.56975
0.27954 0.88703
0.97305 0.79942
0.99809 0.20101
0.16000 0.19434
0.72114 0.00427
0.92279 0.22803
0.75846 0.81831
0.12111 0.56793
0.24747 0.77555
0.00723 0.98796
0.63850 0.15672
0.11689 0.79030
0.37622 0.84473
0.95813 0.03794
0.90171 0.97073
0.80236 0.38103
0.71439 0.24876
0.16845 0.83866
0.70471 0.61813
0.16483 0.28642
0.17761 0.70930
0.39049 0.73448
0.38686 0.29021
0.62583 0.66404
0.97945 0.46763
0.83408 0.19148
0.71380 0.97241
0.38573 0.01911
0.42909 0.45757
0.48888 0.02073
0.04698 0.57435
0.28627 0.88071
0.25552 0.32167
0.82516 0.39745
0.42259 0.70417
0.53901 0.71371
0.55416 0.21315
0.85526 0.36212
0.22466 0.04343
0.12084 0.35973
0.08694 0.14800
0.81503 0.07720
0.79758 0.47903
0.26958 0.60527
0.95721 0.12498
0.65989 0.59890
0.73731 0.86724
0.59782 0.49592
0.01865 0.83540
0.69411 0.60362
0.78070 0.40164
0.20616 0.29367
0.98712 0.45478
0.67626 0.25116
0.54833 0.54025
0.35921 0.80200
0.78974 0.06339
0.20392 0.09657
0.48224 0.81043
0.31308 0.95422
0.50789 0.82677
0.94311 0.68320
0.26598 0.19920
0.70051 0.92899
0.89274 0.73637
0.99706 0.32979
0.30717 0.63071
0.26864 0.23074
0.50438 0.19740
0.48553 0.68974
0.37980 0.72857
0.73716 0.57103
0.17095 0.74029
0.81153 0.85821
0.13431 0.22823
0.65900 0.18437
0.92143 0.10925
0.17451 0.69898
0.11300 0.77874
0.81469 0.55832
0.15378 0.50977
0.57449 0.99230
0.43435 0.46994
0.74977 0.01121
0.05987 0.77133
0.73811 0.74510
0.35274 0.39555
0.27554 0.74067
0.42009 0.64349
0.61236 0.49552
0.49176 0.24531
0.04417 0.94737
0.80985 0.90960
0.39634 0.63413
0.95820 0.76639
0.63453 0.81847
0.53638 0.62572
0.17827 0.32565
0.21857 0.83387
0.64288 0.04119
0.14575 0.78221
0.29044 0.51191
0.66996 0.34584
0.62687 0.07519
0.12998 0.07538
0.28730 0.92621
0.78235 0.38219
0.89803 0.12484
0.92381 0.59430
0.53084 0.25249
0.56681 0.88895
0.77437 0.88694
0.94455 0.54395
0.83213 0.10201
0.77845 0.69442
0.12028 0.06081
0.78295 0.32480
0.15996 0.64534
0.53437 0.74437
0.48791 0.53864
0.86432 0.71508
0.83625 0.61826
0.51986 0.16559
0.24338 0.75611
0.60213 0.90267
0.70110 0.90392
0.96359 0.75616
0.57154 0.56412
0.96707 0.64718
0.01245 0.97532
0.48306 0.29968
0.16834 0.77817
0.47711 0.42844
0.27078 0.20238
0.36400 0.30391
0.85938 0.54859
0.83933 0.01682
0.45851 0.78344
0.82262 0.47175
0.67303 0.50814
0.53191 0.70332
0.00626 0.69413
0.82951 0.38327
0.14902 0.25131
0.87265 0.96665
0.24680 0.98048
0.41558 0.86070
0.34443 0.37768
0.19449 0.76940
0.88702 0.40837
0.06010 0.89669
0.35699 0.56275
0.74031 0.30136
0.49285 0.26814
0.66665 0.00235
0.03239 0.65709
0.75776 0.40881
0.27159 0.50889
0.15391 0.47969
0.85394 0.34380
0.99373 0.30647
0.29151 0.13520
0.37174 0.45522
0.41789 0.77062
0.80980 0.52398
0.36275 0.51004
0.79807 0.26637
0.46023 0.10612
0.03006 0.78580
0.40653 0.19969
0.82233 0.46980
0.01610 0.26311
0.69030 0.59138
0.83815 0.04617
0.51206 0.84379
0.72129 0.80330
0.68534 0.72542
0.86295 0.54570
0.58379 0.59157
0.48925 0.71235
0.06716 0.00387
0.70119 0.27568
0.66774 0.67041
0.81390 0.51448
0.89791 0.77734
0.41650 0.39483
0.96164 0.06597
0.94749 0.05942
0.66082 0.70032
0.07506 0.81437
0.19461 0.53520
0.08806 0.82884
0.61217 0.57560
0.90045 0.92038
0.45530 0.97296
0.46067 0.11514
0.01872 0.46296
0.16268 0.54718
0.92573 0.89924
0.83900 0.12173
0.56230 0.14092
0.98706 0.58147
0.74285 0.53870
0.52916 0.55989
0.26481 0.51733
0.18096 0.07067
0.06815 0.58232
0.79933 0.33877
0.88716 0.09026
0.66682 0.85454
0.34019 0.24261
0.92132 0.97976
0.99718 0.50993
0.07032 0.66378
0.43631 0.69910
0.51841 0.41041
0.68701 0.35378
0.74200 0.18098
0.72571 0.32741
0.29827 0.50162
0.25804 0.21011
0.05409 0.12282
0.61627 0.95915
0.59165 0.23978
0.89291 0.95398
0.89321 0.56325
0.71051 0.92566
0.22869 0.23596
0.83362 0.40100
0.93551 0.26022
0.82365 0.52073
0.43364 0.18665
0.55923 0.78334
0.11748 0.55270
0.12805 0.21553
0.21974 0.47018
0.55764 0.08020
0.66106 0.75609
0.23256 0.02323
0.97821 0.30810
0.19251 0.67923
0.13457 0.75880
0.98075 0.11545
0.83800 0.55900
0.01278 0.38621
0.57390 0.10400
0.32807 0.75700
0.21816 0.81120
0.74659 0.28194
0.76380 0.96218
0.63516 0.36173
0.60684 0.56290
0.48265 0.38249
0.83114 0.12684
0.61665 0.10590
0.85798 0.16241
0.16174 0.17502
0.97475 0.68370
0.64091 0.26140
0.03133 0.70762
0.71148 0.03607
0.25863 0.30901
0.45772 0.33802
0.98169 0.43987
0.98979 0.37672
0.23090 0.31876
0.25644 0.26796
0.31527 0.42683
0.39298 0.66117
0.70292 0.95668
0.75684 0.33676
0.09770 0.07610
0.12628 0.87322
0.98338 0.08330
0.34780 0.85293
0.84627 0.76613
0.65838 0.66617
0.76303 0.19020
0.58474 0.19331
0.37798 0.68594
0.47840 0.76481
0.01102 0.79467
0.93658 0.29586
0.71041 0.25574
0.32240 0.58307
0.67571 0.05941
0.47637 0.45585
0.90886 0.60051
0.96688 0.15860
0.52246 0.56814
0.84421 0.59422
0.93271 0.55089
0.04949 0.36816
0.78153 0.12008
0.84408 0.28531
0.51698 0.77991
0.79932 0.58496
0.44704 0.57984
0.64781 0.03879
0.80739 0.00105
0.66989 0.30356
0.64249 0.32436
0.01503 0.24452
0.87416 0.99504
0.79752 0.08921
0.54283 0.85844
0.12922 0.22376
0.29619 0.89705
0.83998 0.89360
0.51759 0.61111
0.71000 0.59707
0.91102 0.79029
0.11520 0.78180
0.14198 0.22960
0.11796 0.27039
0.84336 0.13934
0.16561 0.34050
0.77279 0.11908
0.32484 0.09801
0.85653 0.62707
0.42926 0.81910
0.94746 0.41743
0.98571 0.50400
0.77440 0.08060
0.10773 0.77291
0.19405 0.43965
0.94369 0.53792
0.01828 0.02041
0.01518 0.89861
0.15286 0.95486
0.22119 0.51155
0.50692 0.90815
0.87008 0.21770
0.33284 0.45988
0.98817 0.96898
0.33817 0.42506
0.46186 0.60463
0.86504 0.18545
0.74750 0.29161
0.55036 0.56668
0.64824 0.58762
0.61135 0.49999
0.04328 0.00588
0.73227 0.90776
0.70805 0.03912
0.74781 0.37143
0.74501 0.58307
0.60500 0.98429
0.55580 0.54689
0.81740 0.22696
0.30611 0.86812
0.54474 0.91800
0.37090 0.44527
0.12570 0.24982
0.77695 0.21289
0.41253 0.57457
0.43568 0.69130
0.42723 0.05778
0.92774 0.27605
0.88035 0.10845
0.89572 0.37514
0.88899 0.27034
0.72792 0.57010
0.17695 0.07234
0.76746 0.70161
0.50681 0.58671
0.52951 0.59997
0.68431 0.29094
0.34702 0.83908
0.55552 0.69787
0.18122 0.82513
0.91203 0.10616
0.64996 0.25150
0.41082 0.62707
0.48390 0.00111
0.63802 0.67064
0.20698 0.69595
0.31587 0.25564
0.30029 0.48386
0.75888 0.86960
0.74786 0.42619
0.97694 0.32865
0.52012 0.24406
0.91638 0.28469
0.79487 0.14203
0.86494 0.57574
0.03256 0.09963
0.63047 0.85252
0.01727 0.86602
0.97035 0.45651
0.05872 0.15647
0.17637 0.89362
0.95594 0.35772
0.40555 0.04936
0.79057 0.47733
0.21822 0.84173
0.06799 0.43011
0.12664 0.95081
0.08007 0.93243
0.09116 0.54058
0.31753 0.30734
0.83920 0.27181
0.00332 0.86843
0.86408 0.70810
0.10208 0.32235
0.10936 0.74733
0.03012 0.79599
0.93484 0.46964
0.89314 0.24890
0.54520 0.70474
0.46367 0.82197
0.86199 0.89555
0.76792 0.76720
0.63880 0.92699
0.30164 0.29091
0.69193 0.38336
0.04181 0.44072
0.24522 0.51932
0.15306 0.13992
0.53673 0.82488
0.43023 0.61860
0.85977 0.29341
0.91224 0.97794
0.96820 0.14044
0.77255 0.79081
0.73377 0.04638
0.42361 0.70687
0.73410 0.25445
0.02974 0.10563
0.59633 0.73734
0.94755 0.86460
0.61893 0.79958
0.17972 0.09685
0.62187 0.11246
0.95814 0.38174
0.34149 0.10913
0.58920 0.76422
0.09433 0.32853
0.54409 0.82673
0.18198 0.28079
0.29069 0.35644
0.42617 0.63363
0.53998 0.31287
0.82887 0.63315
0.04295 0.10732
0.58684 0.20870
0.17504 0.21136
0.19667 0.21748
0.82942 0.20265
0.70617 0.57317
0.89416 0.18795
0.61517 0.64608
0.71063 0.49486
0.56239 0.00669
0.62727 0.75936
0.45076 0.03202
0.88085 0.64154
0.31984 0.88760
0.71669 0.36306
0.84358 0.29857
0.13843 0.67372
0.37456 0.64283
0.87199 0.69934
0.23756 0.76691
0.84501 0.72577
0.48940 0.26640
0.94036 0.51523
0.31724 0.04668
0.74203 0.63725
0.00290 0.07190
0.08798 0.22509
0.50186 0.64128
0.94929 0.90626
0.40149 0.45999
0.08348 0.39420
0.65330 0.43727
0.01415 0.37938
0.21697 0.22513
0.90623 0.06546
0.07655 0.74156
0.58797 0.48611
0.90065 0.65653
0.33538 0.70628
0.75113 0.30549
0.80243 0.48916
0.99369 0.57250
0.41211 0.74168
0.52699 0.60183
0.41654 0.90573
0.32606 0.60031
0.43064 0.79827
0.56944 0.35138
0.23657 0.82008
0.95175 0.43517
0.64159 0.53507
0.22147 0.60315
0.04870 0.36235
0.79567 0.29406
0.99193 0.99264
0.28984 0.20981
0.78948 0.96348
0.67177 0.31287
0.76818 0.17681
0.26884 0.26220
0.14925 0.94697
0.02081 0.07293
0.81715 0.26768
0.52431 0.01935
0.98539 0.18345
0.73755 0.01996
0.95099 0.09802
0.84606 0.35512
0.89890 0.97459
0.51206 0.01690
0.81108 0.34528
0.67745 0.65035
0.48235 0.03819
0.00997 0.31341
0.55560 0.00981
0.16931 0.88352
0.31829 0.17834
0.76192 0.50413
0.15069 0.21377
0.70581 0.24267
0.74697 0.68896
0.02536 0.00733
0.93420 0.39749
0.74852 0.61722
0.20954 0.07469
0.27924 0.21820
0.79952 0.35953
0.20011 0.79520
0.60928 0.60073
0.55608 0.53626
0.52973 0.27367
0.09774 0.78791
0.00273 0.45271
0.06912 0.32011
0.25090 0.47778
0.98112 0.06367
0.67660 0.35874
0.33304 0.19958
0.08294 0.91784
0.05943 0.47764
0.38970 0.13304
0.26677 0.53563
0.75072 0.20651
0.35979 0.96056
0.73204 0.68662
0.06748 0.40006
0.10378 0.12148
0.82258 0.11207
0.39400 0.20633
0.84452 0.23242
0.06593 0.96002
0.62328 0.98330
0.64965 0.57597
0.99824 0.72828
0.78800 0.58214
0.88203 0.03558
0.51498 0.02141
0.99758 0.04870
0.46488 0.38533
0.06968 0.37358
0.32485 0.35486
0.77335 0.46960
0.46287 0.92675
0.00694 0.64473
0.48851 0.93572
0.61386 0.82285
0.70342 0.91529
0.96642 0.97200
0.55077 0.87456
0.08231 0.40830
0.94492 0.22050
0.22115 0.89826
0.61352 0.51952
0.47970 0.85488
0.98496 0.33428
0.50070 0.81957
0.30423 0.71953
0.95779 0.66540
0.21050 0.55229
0.06447 0.23000
0.85785 0.45525
0.75111 0.06368
0.85655 0.48965
0.00217 0.22731
0.56862 0.23829
0.52047 0.59529
0.55055 0.15879
0.64171 0.61422
0.42180 0.32795
0.02695 0.93621
0.58859 0.38731
0.52785 0.92193
0.68700 0.13413
0.84040 0.24642
0.38318 0.66873
0.20560 0.28916
0.20051 0.82035
0.09249 0.59543
0.26004 0.78032
0.50965 0.40198
0.41334 0.83258
0.14852 0.25147
0.42004 0.22309
0.79938 0.56960
0.36842 0.63459
0.85520 0.54662
0.54271 0.34997
0.00238 0.79192
0.99016 0.64094
0.30763 0.89428
0.43079 0.50343
0.56089 0.26470
0.72429 0.69271
0.32849 0.99852
0.03832 0.83485
0.08202 0.71141
0.29999 0.97033
0.89234 0.84958
0.10248 0.61122
0.22418 0.47319
0.88917 0.96025
0.60134 0.63025
0.15811 0.61878
0.35837 0.67376
0.09435 0.72465
0.77283 0.00555
0.67147 0.48764
0.07862 0.95786
0.36424 0.05875
0.00133 0.22881
0.76212 0.13105
0.39277 0.79613
0.35319 0.87562
0.25241 0.52626
0.16505 0.44073
0.21693 0.50908
0.53490 0.23754
0.17429 0.43134
0.36730 0.39250
0.99795 0.98994
0.69777 0.83288
0.00516 0.71877
0.66112 0.99744
0.26577 0.30742
0.68450 0.73548
0.68026 0.15235
0.91245 0.45597
0.47567 0.77311
0.11971 0.98405
0.69372 0.80017
0.52695 0.00615
0.07961 0.68491
0.30445 0.03280
0.23001 0.38213
0.59555 0.82098
0.96039 0.16934
0.87368 0.50019
0.58961 0.58197
0.23354 0.44740
0.39742 0.70069
0.02481 0.57040
0.02033 0.40696
0.83853 0.63911
0.83173 0.21127
0.33863 0.30600
0.23134 0.34029
0.56421 0.04482
0.52944 0.99032
0.16753 0.94577
0.97194 0.97640
0.09719 0.93490
0.76921 0.92949
0.20204 0.35406
0.89498 0.42423
0.40762 0.64614
0.66641 0.17092
0.90284 0.86703
0.85904 0.59407
0.98507 0.61758
0.25313 0.23484
0.95043 0.20017
0.76010 0.48600
0.15882 0.56947
0.41794 0.00613
0.93882 0.05900
0.47436 0.56028
0.85585 0.92838
0.42871 0.55451
0.65382 0.28637
0.70030 0.68627
0.51253 0.11314
0.81246 0.32573
0.23414 0.30461
0.08632 0.56853
0.08211 0.41268
0.05503 0.19030
0.99982 0.33236
0.09971 0.40648
0.67711 0.81661
0.74601 0.14297
0.94416 0.29643
0.19241 0.02310
0.16646 0.40732
0.55440 0.61962
0.06211 0.73116
0.52513 0.06660
0.42523 0.45374
0.39506 0.87323
0.42171 0.73190
0.42492 0.53667
0.46649 0.61602
0.88248 0.45144
0.15239 0.98311
0.11928 0.78708
0.66736 0.13118
0.86872 0.00694
0.25472 0.81059
0.12505 0.92504
0.28062 0.17832
0.98808 0.91457
0.65393 0.54761
0.13316 0.36957
0.24817 0.84459
0.84585 0.34166
0.69905 0.05325
0.03980 0.63088
0.97779 0.41566
0.29589 0.16930
0.54936 0.56154
0.44019 0.66738
0.02449 0.44094
0.23262 0.07037
0.80219 0.73860
0.38806 0.41754
0.40717 0.35278
0.89151 0.50637
0.41901 0.02550
0.81523 0.78398
0.78237 0.86929
0.99313 0.19729
0.74409 0.02943
0.93328 0.42094
0.80900 0.84435
0.63979 0.13848
0.57339 0.75500
0.69565 0.86829
0.85054 0.63136
0.27042 0.00464
0.83574 0.83350
0.87794 0.41561
0.56689 0.12989
0.53891 0.84972
0.83194 0.12946
0.72251 0.81343
0.64025 0.42817
0.70188 0.73219
0.23801 0.14045
0.27904 0.56430
0.57431 0.95649
0.05093 0.60716
0.64465 0.64730
0.10096 0.27786
0.78871 0.66579
0.74848 0.29887
0.00503 0.03298
0.48691 0.81974
0.84640 0.39485
0.10461 0.23404
0.11329 0.48585
0.12064 0.91184
0.92920 0.84554
0.86787 0.59480
0.44410 0.22212
0.13889 0.31642
0.55888 0.37966
0.31688 0.43267
0.82091 0.68152
0.81764 0.01638
0.28121 0.34802
0.22460 0.10449
0.62968 0.91113
0.83796 0.31425
0.98186 0.48449
0.97527 0.24581
0.57362 0.54205
0.59120 0.42329
0.72622 0.86588
0.40523 0.36552
0.53957 0.35560
0.08513 0.03087
0.12974 0.17387
0.06407 0.03383
0.13463 0.32463
0.92570 0.28528
0.61120 0.73292
0.61829 0.69928
0.96482 0.53367
0.99824 0.55694
0.57489 0.36195
0.09524 0.54462
0.03913 0.87827
0.97533 0.97338
0.68655 0.82315
0.92152 0.83094
0.39893 0.40356
0.84989 0.47039
0.59586 0.01308
0.30722 0.40096
0.36025 0.91213
0.28018 0.69397
0.64720 0.27333
0.86968 0.95013
0.28923 0.46641
0.94461 0.64677
0.09476 0.53564
0.12037 0.52328
0.20611 0.18580
0.32040 0.37350
0.43422 0.16304
0.96547 0.35354
0.23607 0.23082
0.58154 0.76094
0.85482 0.01662
0.57537 0.14684
0.03550 0.62654
0.24236 0.76184
0.61043 0.48907
0.97087 0.63633
0.68104 0.48501
0.55948 0.73856
0.33704 0.92158
0.89816 0.01096
0.19934 0.65062
0.01408 0.43573
0.12735 0.63930
0.67520 0.69242
0.11565 0.18791
0.41399 0.18785
0.54955 0.44558
0.12567 0.44143
0.22921 0.93649
0.23135 0.23555
0.96942 0.06883
0.12135 0.41111
0.30291 0.77910
0.35582 0.05653
0.56108 0.94394
0.28290 0.66620
0.17835 0.42547
0.96481 0.76059
0.31488 0.29933
0.71139 0.96966
0.37391 0.25366
0.47936 0.52012
0.21429 0.33383
0.91496 0.27770
0.23867 0.52265
0.53091 0.39859
0.85153 0.33446
0.21893 0.87257
0.37883 0.74125
0.66008 0.93827
0.78843 0.73662
0.10235 0.72934
0.67607 0.94327
0.20508 0.87267
0.60380 0.69969
0.32076 0.52491
0.30303 0.34537
0.29830 0.72356
0.92848 0.92752
0.71657 0.26433
0.64742 0.85522
0.12478 0.48536
0.36697 0.90060
0.61920 0.39912
0.61135 0.74204
0.41805 0.53468
0.28247 0.71537
0.83565 0.86876
0.53767 0.91360
0.16045 0.96409
0.60346 0.63632
0.05462 0.04648
0.63970 0.77253
0.77969 0.94341
0.60589 0.44341
0.77299 0.29816
0.65810 0.76193
0.06508 0.99573
0.88928 0.80147
0.34662 0.74854
0.16674 0.00798
0.96210 0.02146
0.16738 0.28305
0.75448 0.91297
0.53893 0.72906
0.40320 0.75087
0.32677 0.64164
0.44601 0.73421
0.24729 0.13715
0.10650 0.49091
0.70577 0.27019
0.02274 0.95031
0.18858 0.06267
0.92131 0.06082
0.77690 0.95598
0.77969 0.06734
0.03141 0.49908
0.01090 0.36490
0.56557 0.46327
0.51784 0.91129
0.87308 0.41504
0.87938 0.02248
0.10344 0.48930
0.83867 0.50468
0.43865 0.85752
0.63903 0.71641
0.11259 0.06840
0.29069 0.88691
0.63434 0.87460
0.56681 0.34776
0.28004 0.95936
0.67559 0.64444
0.89260 0.55178
0.69190 0.60323
0.90951 0.34916
0.04633 0.15610
0.97510 0.99579
0.33348 0.58209
0.65704 0.85451
0.80784 0.04628
0.00717 0.87749
0.43695 0.11656
0.32006 0.43086
0.40409 0.74881
0.07560 0.76467
0.29307 0.80047
0.26706 0.69717
0.77143 0.39933
0.88627 0.74470
0.94671 0.13333
0.06246 0.32422
0.53951 0.58069
0.29138 0.13207
0.32336 0.10453
0.75476 0.04970
0.55685 0.05232
0.43706 0.85026
0.79691 0.18447
0.80514 0.27091
0.79960 0.47553
0.88764 0.31226
0.09277 0.74544
0.66554 0.79485
0.18882 0.01727
0.54423 0.56375
0.66963 0.29087
0.61110 0.91167
0.67131 0.51171
0.17822 0.21537
0.75524 0.63523
0.86097 0.81980
0.59189 0.66557
0.61042 0.42069
0.80371 0.88243
0.22899 0.82011
0.59446 0.40184
0.52432 0.52212
0.40510 0.49515
0.62965 0.55774
0.17728 0.46540
0.58688 0.29841
0.97155 0.90886
0.51088 0.45513
0.47558 0.13975
0.10680 0.24386
0.23271 0.34186
0.37926 0.81848
0.91498 0.54846
0.43914 0.81763
0.94561 0.02790
0.45043 0.21497
0.59015 0.95349
0.12746 0.36650
0.72217 0.19648
0.46536 0.80669
0.43743 0.52527
0.07912 0.64144
0.23729 0.88647
0.52347 0.91226
0.15349 0.24456
0.86037 0.64615
0.19018 0.05347
0.53004 0.51400
0.77851 0.24327
0.27605 0.74093
0.73504 0.92374
0.54466 0.94555
0.75553 0.30579
0.27364 0.70259
0.09318 0.12300
0.18862 0.67510
0.83819 0.85558
0.56443 0.33696
0.28624 0.82161
0.37064 0.38292
0.52114 0.21561
0.20472 0.12766
0.47575 0.13273
0.28776 0.71009
0.30788 0.66565
0.53549 0.80101
0.93853 0.74146
0.97698 0.29699
0.84211 0.77650
0.72964 0.79458
0.51818 0.53121
0.46761 0.63994
0.69690 0.39935
0.96832 0.20069
0.75089 0.51717
0.88232 0.50040
0.93540 0.14343
0.79370 0.45393
0.71629 0.93763
0.12317 0.10807
0.12620 0.65854
0.64974 0.68996
0.46014 0.92524
0.77608 0.07981
0.14205 0.04352
0.09556 0.71844
0.55895 0.13460
0.18235 0.45257
0.53126 0.15059
0.61432 0.32911
0.97259 0.93658
0.04521 0.44776
0.45039 0.34100
0.95144 0.26344
0.48533 0.11201
0.63724 0.22934
0.50200 0.11110
0.79862 0.80122
0.75077 0.73666
0.75294 0.12128
0.88496 0.06061
0.68263 0.70941
0.86803 0.29750
0.37252 0.50945
0.66061 0.52152
0.96625 0.27639
0.82378 0.92564
0.50710 0.12136
0.63719 0.78029
0.67104 0.19376
0.33512 0.25114
0.10565 0.18252
0.15267 0.61136
0.04484 0.28982
0.49845 0.67592
0.34046 0.09920
0.70753 0.71045
0.35327 0.41358
0.01277 0.91497
0.37277 0.54959
0.95197 0.47499
0.26832 0.50372
0.91147 0.13098
0.15491 0.08823
0.12704 0.04849
0.72160 0.31088
0.56021 0.73165
0.09739 0.70087
0.90736 0.20589
0.78119 0.48492
0.50228 0.92545
0.96373 0.76893
0.89485 0.73714
0.75148 0.37326
0.51660 0.16602
0.55417 0.85908
0.88895 0.15043
0.78890 0.79781
0.31094 0.03533
0.69783 0.77122
0.29666 0.58853
0.33867 0.29047
0.40715 0.97784
0.62014 0.92699
0.34456 0.55903
0.98834 0.91643
0.96142 0.35060
0.77809 0.04440
0.91810 0.91208
0.62441 0.34572
0.72068 0.26945
0.68814 0.72784
0.57326 0.13884
0.34980 0.06089
0.12261 0.01903
0.46393 0.98436
0.52840 0.62787
0.71720 0.85708
0.29099 0.42883
0.95582 0.98811
0.69556 0.31093
0.03818 0.94269
0.07789 0.37553
0.70144 0.17677
0.50394 0.01498
0.17308 0.59733
0.55057 0.98061
0.71622 0.66642
0.68749 0.95213
0.26802 0.15418
0.64423 0.41619
0.16736 0.26447
0.18999 0.95882
0.59108 0.22686
0.84705 0.50727
0.03651 0.09314
0.37510 0.68362
0.42397 0.58183
0.77005 0.70617
0.54952 0.08259
0.95804 0.42434
0.16454 0.61336
0.46556 0.06304
0.40668 0.89160
0.96982 0.26181
0.20330 0.05947
0.80050 0.96438
0.90437 0.27665
0.75536 0.98931
0.95421 0.64092
0.82171 0.43008
0.11755 0.24546
0.94659 0.63394
0.14072 0.36066
0.90628 0.48215
0.92009 0.56961
0.53494 0.57399
0.18515 0.40837
0.79587 0.20242
0.21670 0.92983
0.23193 0.81072
0.12247 0.63054
0.81782 0.95846
0.98599 0.01589
0.11409 0.59017
0.51980 0.94953
0.56060 0.91989
0.95242 0.38826
0.33936 0.99264
0.99406 0.07538
0.94296 0.81100
0.97137 0.59588
0.76755 0.23849
0.69746 0.64923
0.36739 0.07064
0.30882 0.09592
0.67708 0.72697
0.06836 0.75712
0.19055 0.05448
0.17324 0.18888
0.81859 0.58702
0.29239 0.50828
0.73295 0.10793
0.44968 0.17350
0.06420 0.10283
0.19168 0.05757
0.02610 0.86365
0.20845 0.09411
0.67462 0.03972
0.51381 0.86626
0.60728 0.25992
0.70184 0.41776
0.17612 0.62935
0.68447 0.16562
0.11735 0.90303
0.80517 0.58787
0.20037 0.37403
0.00855 0.90160
0.97154 0.61377
0.78618 0.51949
0.86419 0.82745
0.51165 0.99983
0.21925 0.12359
0.47107 0.85518
0.21714 0.95161
0.65448 0.21752
0.54883 0.09695
0.10290 0.71643
0.85731 0.78126
0.34429 0.20211
0.06521 0.86711
0.45734 0.73039
0.73020 0.99423
0.07250 0.35767
0.65526 0.38399
0.90307 0.26759
0.93528 0.36029
0.81116 0.95096
0.64748 0.19103
0.86375 0.79891
0.52069 0.89689
0.63505 0.61074
0.25117 0.27072
0.04922 0.17535
0.44989 0.63316
0.49725 0.97314
0.10160 0.71645
0.68740 0.51074
0.30709 0.19913
0.21904 0.49030
0.83141 0.36492
0.85577 0.42705
0.14790 0.11937
0.40687 0.66172
0.90287 0.22176
0.01428 0.02049
0.42748 0.39094
0.11206 0.72728
0.77525 0.85169
0.69396 0.14276
0.33521 0.94883
0.78804 0.11628
0.05123 0.52585
0.40370 0.91256
0.34614 0.93418
0.58289 0.62748
0.95259 0.78828
0.58527 0.65277
0.57687 0.52906
0.69074 0.76350
0.64190 0.87101
0.94427 0.80403
0.46895 0.16452
0.02664 0.62043
0.37630 0.21319
0.82409 0.18689
0.79283 0.55413
0.96243 0.67751
0.68691 0.20326
0.36979 0.32621
0.15686 0.79628
0.15323 0.75222
0.03767 0.07387
0.85539 0.08053
0.82025 0.89929
0.28623 0.32591
0.15561 0.15536
0.27395 0.05151
0.90794 0.83284
0.55841 0.07962
0.73048 0.73411
0.45645 0.72745
0.59671 0.21245
0.98591 0.48080
0.63238 0.04246
0.13968 0.83929
0.87509 0.91933
0.99123 0.08839
0.18105 0.84182
0.16137 0.61078
0.59035 0.31214
0.96213 0.04172
0.15452 0.56657
0.16262 0.04947
0.23619 0.84951
0.66685 0.81071
0.09133 0.36260
0.93573 0.96620
0.16000 0.05530
0.86665 0.82689
0.27808 0.69136
0.58739 0.91391
0.26993 0.91826
0.39499 0.71123
0.94133 0.71871
0.38371 0.09992
0.91836 0.11346
0.15602 0.36790
0.13912 0.97365
0.80292 0.44997
0.53191 0.13898
0.58537 0.47755
0.68361 0.10370
0.43945 0.20306
0.48819 0.98200
0.91393 0.12544
0.47034 0.11196
0.95264 0.97907
0.92157 0.49924
0.11527 0.40880
0.88346 0.98818
0.45362 0.62306
0.02169 0.77614
0.22302 0.47122
0.11603 0.60216
0.28022 0.91162
0.97345 0.91254
0.79243 0.92812
0.52923 0.01714
0.25293 0.12165
0.74874 0.07668
0.30289 0.41124
0.47437 0.17830
0.38189 0.22465
0.14859 0.18528
0.73938 0.57699
0.93139 0.07950
0.15085 0.05345
0.28834 0.85588
0.96593 0.90232
0.27690 0.62035
0.12250 0.03610
0.41281 0.43828
0.33352 0.50272
0.48227 0.50389
0.43038 0.68855
0.17454 0.74457
0.00432 0.90631
0.42277 0.41198
0.99733 0.53810
0.13527 0.20974
0.11352 0.95917
0.14679 0.61201
0.63443 0.44446
0.65098 0.76114
0.57843 0.53483
0.65641 0.77395
0.79352 0.71885
0.52592 0.28312
0.30795 0.00403
0.68908 0.78800
0.69862 0.31251
0.88137 0.40173
0.35959 0.10731
0.62073 0.36317
0.21667 0.04004
0.38112 0.34965
0.60501 0.02252
0.52500 0.70382
0.39575 0.21127
0.94495 0.37776
0.00723 0.52047
0.93392 0.43474
0.64563 0.17521
0.64662 0.66012
0.75889 0.84510
0.79774 0.34152
0.92497 0.02585
0.45688 0.36149
0.44800 0.06358
0.71328 0.67671
0.72251 0.40218
0.77556 0.89896
0.97969 0.80785
0.58207 0.42348
0.74955 0.98967
0.14463 0.47329
0.41904 0.36199
0.29830 0.48361
0.37481 0.50160
0.16628 0.61097
0.85288 0.54258
0.38322 0.85573
0.44468 0.72243
0.64485 0.53865
0.31753 0.47242
0.50032 0.38469
0.54041 0.86294
0.90881 0.28153
0.27269 0.68257
0.11840 0.91379
0.80055 0.19528
0.49907 0.26165
0.45611 0.49415
0.19650 0.00529
0.95778 0.52384
0.01337 0.60181
0.30909 0.63540
0.36985 0.10731
0.58902 0.22483
0.06972 0.01306
0.13582 0.52310
0.93109 0.11199
0.18489 0.84701
0.11313 0.29301
0.68808 0.73198
0.64196 0.89207
0.37270 0.26195
0.56406 0.13308
0.09742 0.44489
0.59637 0.77451
0.74469 0.47028
0.76752 0.64338
0.64246 0.82625
0.39267 0.65642
0.12053 0.40310
0.26748 0.24888
0.32722 0.52779
0.46805 0.02253
0.50911 0.30107
0.31237 0.13091
0.31480 0.95512
0.54399 0.75113
0.24996 0.05856
0.90072 0.62248
0.36284 0.43741
0.37777 0.74324
0.64328 0.42223
0.96160 0.13787
0.61122 0.22897
0.36544 0.88357
0.32659 0.42310
0.82618 0.74309
0.57142 0.26944
0.60701 0.97111
0.96651 0.52303
0.99334 0.80138
0.04595 0.95475
0.04294 0.72400
0.45433 0.13001
0.09745 0.23740
0.40398 0.72708
0.23645 0.01696
0.85944 0.43284
0.90546 0.32718
0.38321 0.93335
0.48938 0.10687
0.97609 0.56023
0.14068 0.53345
0.69889 0.81279
0.55138 0.37685
0.93072 0.83343
0.79991 0.20686
0.97081 0.03666
0.99572 0.39701
0.22274 0.25504
0.26004 0.77183
0.77410 0.30603
0.67701 0.79033
0.20444 0.45163
0.01944 0.77110
0.38145 0.91481
0.05664 0.82866
0.24812 0.54803
0.38063 0.71730
0.54128 0.76999
0.63930 0.27551
0.73326 0.05042
0.86713 0.71538
0.09150 0.48108
0.33891 0.50302
0.64395 0.66998
0.96497 0.81203
0.50648 0.50268
0.06702 0.01468
0.74869 0.49683
0.85117 0.84233
0.67775 0.30901
0.27926 0.69424
0.01605 0.30266
0.19970 0.12896
0.70992 0.61075
0.76895 0.75188
0.45088 0.57165
0.40407 0.28108
0.84709 0.77989
0.16190 0.36093
0.90024 0.14981
0.00349 0.40137
0.07620 0.21033
0.38620 0.06940
0.64126 0.80695
0.82612 0.31147
0.71205 0.52830
0.41864 0.41707
0.53600 0.26657
0.44653 0.97888
0.65063 0.46184
0.08923 0.71233
0.39329 0.69407
0.42980 0.20864
0.88377 0.97765
0.84712 0.67648
0.52377 0.00552
0.80512 0.36974
0.34181 0.10450
0.15528 0.62893
0.56638 0.54556
0.19812 0.82603
0.46144 0.52477
0.01194 0.60413
0.06147 0.18332
0.55166 0.15153
0.43641 0.16011
0.39480 0.82059
0.54343 0.91418
0.99788 0.33228
0.71216 0.42366
0.25478 0.22596
0.09760 0.26986
0.73840 0.80715
0.37630 0.42268
0.43510 0.26756
0.59439 0.91584
0.39439 0.73411
0.22612 0.73093
0.28299 0.07686
0.10096 0.64929
0.68227 0.12048
0.32720 0.25499
0.28070 0.64613
0.22132 0.75480
0.28295 0.93400
0.56245 0.22195
0.57287 0.48146
0.34934 0.38239
0.61190 0.07372
0.62178 0.04902
0.43273 0.48317
0.56145 0.47122
0.60532 0.75330
0.41375 0.90433
0.52003 0.73761
0.54786 0.85386
0.77779 0.48367
0.98880 0.42846
0.47631 0.61313
0.27572 0.20421
0.30569 0.38888
0.20152 0.15830
0.45945 0.92862
0.22090 0.13587
0.92786 0.07827
0.93348 0.80404
0.06530 0.86964
0.18733 0.10811
0.94847 0.70784
0.48467 0.85217
0.32132 0.20879
0.83594 0.31388
0.77783 0.96555
0.11692 0.22136
0.08909 0.67637
0.29309 0.22990
0.32577 0.85159
0.10859 0.53361
0.20868 0.54350
0.78221 0.97712
0.14571 0.69848
0.67258 0.70580
0.63336 0.52164
0.52149 0.76016
0.90437 0.99067
0.08971 0.73056
0.57964 0.56846
0.55851 0.56581
0.39836 0.01651
0.95307 0.61471
0.03374 0.92023
0.42442 0.72676
0.67429 0.98567
0.35081 0.34359
0.68664 0.53021
0.31594 0.48127
0.75920 0.80120
0.60037 0.48065
0.24774 0.38748
0.31466 0.87266
0.14548 0.95850
0.46108 0.04767
0.50108 0.20705
0.20288 0.15277
0.81380 0.42375
0.03445 0.09422
0.62570 0.81245
0.41146 0.52068
0.61280 0.06427
0.96129 0.44655
0.96656 0.52190
0.13075 0.23940
0.47222 0.41362
0.91905 0.52451
0.86018 0.40589
0.47931 0.44867
0.59543 0.96041
0.67406 0.06694
0.77624 0.32593
0.20359 0.74350
0.08137 0.76464
0.21522 0.10454
0.49226 0.87492
0.69594 0.72961
0.21739 0.17121
0.45357 0.16640
0.41502 0.66390
0.19500 0.27483
0.74260 0.99741
0.89840 0.04106
0.34393 0.17093
0.88107 0.18675
0.50957 0.67544
0.91254 0.30269
0.75101 0.76644
0.08914 0.78263
0.50776 0.21560
0.95959 0.37351
0.27502 0.21588
0.63182 0.31697
0.01288 0.77788
0.45668 0.11084
0.07322 0.59302
0.80264 0.09702
0.28807 0.14223
0.85719 0.33501
0.25756 0.44257
0.05526 0.07195
0.32875 0.16431
0.82423 0.69941
0.05200 0.31798
0.11369 0.69588
0.46438 0.78722
0.28986 0.12074
0.75053 0.78216
0.32390 0.93680
0.20011 0.18925
0.45604 0.16482
0.90818 0.04418
0.12792 0.01805
0.80793 0.18528
0.97192 0.35918
0.87900 0.00733
0.01505 0.65449
0.49673 0.64953
0.01476 0.67495
0.29694 0.78413
0.29556 0.98634
0.93505 0.37682
0.51762 0.98192
0.42474 0.67937
0.22305 0.02333
0.28305 0.20045
0.94885 0.85094
0.87618 0.31597
0.70342 0.51564
0.65319 0.34870
0.30950 0.55047
0.96050 0.01884
0.69971 0.77105
0.76502 0.54342
0.05668 0.16786
0.79141 0.16364
0.05125 0.10463
0.43343 0.53792
0.45439 0.42784
0.70685 0.32638
0.00064 0.18624
0.74404 0.37935
0.80026 0.59088
0.80860 0.04830
0.59248 0.59354
0.93525 0.59019
0.51020 0.11726
0.48834 0.59288
0.28182 0.92460
0.16068 0.75271
0.43560 0.38495
0.19819 0.87037
0.78983 0.17093
0.05635 0.79013
0.30526 0.13855
0.10622 0.63570
0.75440 0.12096
0.75600 0.36340
0.54594 0.38129
0.17867 0.49218
0.34507 0.34472
0.15271 0.35039
0.66369 0.21872
0.84873 0.32194
0.96423 0.38544
0.42045 0.93485
0.58812 0.38473
0.49371 0.00993
0.24528 0.93075
0.28688 0.95011
0.44632 0.00392
0.43757 0.67543
0.08169 0.40760
0.44974 0.22738
0.64303 0.28771
0.78380 0.18178
0.46192 0.59589
0.56875 0.95333
0.97481 0.10096
0.84062 0.10640
0.22652 0.93389
0.06801 0.16280
0.00492 0.65749
0.87845 0.13721
0.46357 0.08446
0.81128 0.48250
0.07316 0.37527
0.58925 0.27258
0.14259 0.65359
0.58966 0.80637
0.76707 0.16567
0.39840 0.06722
0.61675 0.57676
0.39448 0.16637
0.71084 0.00869
0.82963 0.44465
0.53020 0.77568
0.29872 0.82769
0.55742 0.88072
0.60698 0.97483
0.81664 0.15124
0.27765 0.87231
0.94528 0.43395
0.78889 0.63562
0.62118 0.77373
0.66230 0.41316
0.59394 0.21602
0.05964 0.10498
0.94719 0.53141
0.56744 0.49654
0.76959 0.13838
0.21523 0.22714
0.78174 0.49807
0.27063 0.66995
0.68116 0.67701
0.29027 0.61102
0.28101 0.72912
0.52734 0.77228
0.57616 0.94920
0.24826 0.88489
0.39034 0.45407
0.54575 0.15572
0.12158 0.33949
0.54599 0.64475
0.08662 0.04955
0.47625 0.45379
0.01783 0.77110
0.04433 0.14811
0.96195 0.76865
0.59719 0.83554
0.14516 0.57677
0.94317 0.81812
0.99324 0.96074
0.88487 0.49464
0.41370 0.46190
0.97370 0.78332
0.14201 0.15140
0.07316 0.49476
0.34601 0.79827
0.21867 0.42294
0.39914 0.80981
0.54201 0.73399
0.31594 0.06080
0.85906 0.54706
0.13167 0.22702
0.74116 0.76129
0.61965 0.28963
0.25352 0.84291
0.46572 0.96948
0.30866 0.74946
0.74030 0.19103
0.51714 0.14327
0.00104 0.53768
0.99891 0.14823
0.00759 0.97927
0.36556 0.23175
0.25733 0.19144
0.69511 0.17201
0.53713 0.43782
0.86826 0.99357
0.02037 0.71632
0.00217 0.35646
