0.55885 0.97162
0.75911 0.35626
0.93480 0.22821
0.95978 0.94396
0.39965 0.41142
0.15984 0.86665
0.19718 0.34296
0.64538 0.63365
0.82186 0.28327
0.57634 0.95633
0.06286 0.00968
0.86743 0.56530
0.48292 0.20338
0.86728 0.64513
0.61704 0.09342
0.47221 0.73127
0.76562 0.77871
0.65214 0.37892
0.79354 0.24532
0.19789 0.53326
0.76207 0.56882
0.37492 0.49707
0.16789 0.94901
0.24089 0.30817
0.90286 0.27998
0.86278 0.63942
0.94800 0.40368
0.57097 0.47952
0.76824 0.72996
0.26925 0.85939
0.38368 0.39755
0.36415 0.44706
0.00514 0.05996
0.62813 0.14121
0.86325 0.93085
0.81543 0.80232
0.44404 0.32400
0.64198 0.57355
0.76368 0.68549
0.01059 0.00039
0.34195 0.11588
0.29223 0.66476
0.38344 0.99168
0.81059 0.06582
0.85189 0.45973
0.36496 0.49745
0.82896 0.04872
0.41886 0.72806
0.66893 0.30801
0.70986 0.20423
0.16351 0.00877
0.90881 0.83607
0.70700 0.54244
0.88105 0.25082
0.43987 0.16194
0.61924 0.81400
0.87899 0.23251
0.21108 0.44272
0.83203 0.50777
0.45492 0.88202
0.50936 0.84168
0.80168 0.67463
0.10316 0.13178
0.34340 0.92112
0.20419 0.59357
0.37504 0.16791
0.31783 0.50884
0.20337 0.82281
0.03682 0.98995
0.78677 0.44985
0.72820 0.97508
0.13522 0.86915
0.21810 0.72242
0.24697 0.38326
0.29479 0.17739
0.64927 0.50211
0.17617 0.41709
0.45784 0.46474
0.04063 0.70036
0.84710 0.37438
0.21443 0.74882
0.43403 0.82922
0.87452 0.41689
0.74057 0.07430
0.03300 0.60711
0.23158 0.03112
0.51073 0.14132
0.50306 0.39873
0.63911 0.34497
0.70157 0.57384
0.75261 0.25295
0.22317 0.37024
0.79516 0.66704
0.15481 0.07519
0.95360 0.76584
0.13191 0.88513
0.21690 0.82117
0.73462 0.04210
0.80360 0.06552
0.43597 0.16318
0.92321 0.43869
0.29504 0.00821
0.78882 0.64337
0.65779 0.10033
0.86574 0.84512
0.39221 0.94307
0.93166 0.45332
0.61968 0.40861
0.68288 0.15578
0.97669 0.98373
0.61140 0.19565
0.49448 0.11508
0.19433 0.53247
0.78063 0.73988
0.30425 0.26732
0.54223 0.99363
0.41182 0.00779
0.84734 0.58250
0.80813 0.62217
0.77471 0.15657
0.72537 0.91456
0.27190 0.22872
0.69356 0.07476
0.80052 0.84547
0.31422 0.88536
0.09028 0.97491
0.02305 0.30172
0.62365 0.60225
0.41475 0.11456
0.23405 0.17463
0.56019 0.16349
0.56387 0.32444
0.55277 0.76726
0.49944 0.05998
0.25355 0.46650
0.33533 0.94508
0.18224 0.68167
0.67684 0.08156
0.80953 0.52361
0.24314 0.32117
0.93524 0.39224
0.90093 0.53124
0.86160 0.20428
0.52274 0.21013
0.93962 0.00250
0.59983 0.47119
0.54775 0.43359
0.05183 0.66795
0.82466 0.45640
0.18818 0.27346
0.97615 0.92441
0.63143 0.93916
0.63851 0.47036
0.58443 0.66689
0.44440 0.68387
0.26452 0.85826
0.68194 0.43316
0.70683 0.07836
0.74592 0.79046
0.53436 0.10349
0.53816 0.94320
0.01841 0.47568
0.45714 0.91671
0.10356 0.66910
0.01834 0.26866
0.44447 0.24324
0.92342 0.23732
0.01823 0.28025
0.28588 0.67833
0.94604 0.60830
0.19826 0.09871
0.99838 0.70607
0.66058 0.24358
0.43168 0.64008
0.83345 0.60496
0.09494 0.87912
0.45687 0.51111
0.55295 0.50664
0.60508 0.45683
0.05359 0.49763
0.09196 0.58167
0.98911 0.39408
0.55036 0.01311
0.02748 0.37930
0.07173 0.32177
0.88826 0.61594
0.46844 0.97959
0.82161 0.72038
0.91391 0.34850
0.08853 0.20517
0.37957 0.73471
0.26087 0.20104
0.19989 0.13158
0.47897 0.86997
0.69741 0.94458
0.89035 0.92602
0.80853 0.31823
0.05217 0.34713
0.00505 0.30494
0.03023 0.43108
0.17923 0.31619
0.30036 0.12076
0.72204 0.35401
0.98463 0.82914
0.73213 0.62578
0.05840 0.55343
0.63466 0.08940
0.59356 0.99613
0.30724 0.55783
0.53464 0.04246
0.32169 0.88182
0.02184 0.88078
0.53441 0.59098
0.70095 0.47471
0.99720 0.52252
0.50986 0.57140
0.70865 0.96357
0.49189 0.61127
0.75677 0.70518
0.47029 0.37804
0.18583 0.72166
0.56013 0.28746
0.02587 0.70617
0.25566 0.23238
0.01843 0.78051
0.50907 0.69240
0.56485 0.98346
0.20673 0.60252
0.81243 0.15633
0.69874 0.86712
0.67815 0.90358
0.53310 0.43556
0.12811 0.18953
0.94460 0.40789
0.46560 0.45750
0.14620 0.15944
0.36592 0.14099
0.70037 0.35488
0.74712 0.80824
0.20421 0.20482
0.47707 0.91003
0.89041 0.34587
0.41884 0.18819
0.03487 0.60201
0.46647 0.23780
0.38610 0.71475
0.66398 0.58959
0.94994 0.73659
0.97044 0.46481
0.66647 0.79753
0.94342 0.07016
0.46830 0.55198
0.06028 0.37802
0.36553 0.44809
0.93501 0.27760
0.40343 0.59850
0.44902 0.08872
0.64373 0.31214
0.50149 0.30145
0.71166 0.37380
0.16266 0.30067
0.51003 0.84970
0.66048 0.08168
0.60017 0.67168
0.10393 0.11111
0.16938 0.25339
0.38382 0.89788
0.58227 0.29589
0.18418 0.10672
0.37082 0.41563
0.39570 0.01935
0.90684 0.91920
0.55056 0.24189
0.91117 0.32642
0.03442 0.03042
0.35339 0.16049
0.68135 0.86926
0.35395 0.03405
0.20754 0.37285
0.99863 0.58745
0.47756 0.16375
0.57399 0.70611
0.24799 0.43510
0.32412 0.25868
0.83119 0.91234
0.79634 0.92536
0.63508 0.57887
0.55123 0.64879
0.25559 0.60237
0.46930 0.62647
0.33929 0.67093
0.71339 0.82848
0.09012 0.27742
0.07467 0.73022
0.50271 0.28324
0.50215 0.65781
0.52331 0.90538
0.67396 0.06261
0.45812 0.90814
0.33647 0.43564
0.62045 0.56439
0.69653 0.36858
0.67216 0.72272
0.57692 0.32866
0.64150 0.86852
0.01419 0.99494
0.79220 0.40725
0.96468 0.06306
0.01479 0.02658
0.44977 0.63879
0.99445 0.36033
0.17427 0.37235
0.24340 0.92889
0.45916 0.59101
0.08609 0.84521
0.48514 0.06575
0.60884 0.70307
0.00545 0.87817
0.78567 0.06426
0.76049 0.00821
0.42086 0.17921
0.15154 0.63704
0.21279 0.70571
0.30648 0.08155
0.31751 0.93573
0.76436 0.64794
0.92799 0.19114
0.42913 0.19323
0.22685 0.15647
0.64873 0.67177
0.73640 0.94979
0.37241 0.94997
0.04965 0.32568
0.12690 0.83486
0.32958 0.85285
0.24202 0.66537
0.18247 0.23069
0.50220 0.71965
0.39101 0.72370
0.49581 0.76558
0.22394 0.94147
0.56005 0.01016
0.03553 0.89163
0.89795 0.96243
0.97089 0.99125
0.08954 0.48471
0.79202 0.89012
0.24767 0.80689
0.76739 0.51602
0.14260 0.65778
0.17807 0.64957
0.34995 0.71669
0.73353 0.86569
0.96121 0.42419
0.47379 0.16230
0.90790 0.26045
0.84783 0.15573
0.98264 0.07530
0.20457 0.03045
0.05252 0.77479
0.88382 0.77277
0.63275 0.08613
0.82175 0.12971
0.91465 0.46530
0.25472 0.20889
0.24903 0.65338
0.83929 0.18144
0.53426 0.60605
0.69746 0.82548
0.82901 0.29840
0.35472 0.36477
0.70611 0.02892
0.30964 0.18641
0.76109 0.98097
0.26164 0.25871
0.69053 0.17146
0.45755 0.18098
0.75666 0.97363
0.80566 0.93133
0.77683 0.53310
0.33846 0.23520
0.22174 0.18851
0.46375 0.48625
0.78235 0.20556
0.80745 0.63877
0.25968 0.58423
0.70279 0.73907
0.95435 0.96306
0.68038 0.49038
0.70015 0.72223
0.24948 0.17478
0.53359 0.18927
0.69864 0.54180
0.80501 0.17350
0.25636 0.69692
0.65186 0.68998
0.53242 0.12044
0.56067 0.63644
0.12331 0.24307
0.39908 0.44689
0.68879 0.97471
0.40374 0.27699
0.75361 0.99405
0.38536 0.97967
0.61569 0.40626
0.84324 0.21587
0.28041 0.22248
0.74054 0.73269
0.62464 0.61925
0.37034 0.67969
0.18768 0.32348
0.58425 0.27567
0.14980 0.52367
0.35308 0.55023
0.89671 0.17976
0.36759 0.10735
0.54590 0.88790
0.95162 0.62399
0.45652 0.52705
0.48359 0.85002
0.38040 0.88588
0.41944 0.62352
0.55874 0.00872
0.70166 0.20880
0.00071 0.20129
0.56588 0.43475
0.86243 0.51376
0.73506 0.27338
0.12660 0.57882
0.84930 0.02110
0.53472 0.27744
0.35694 0.41210
0.45024 0.03171
0.85530 0.93473
0.58670 0.94681
0.58967 0.66918
0.48736 0.26877
0.17495 0.10139
0.91371 0.38840
0.59431 0.58181
0.04773 0.49922
0.71696 0.52066
0.02406 0.61824
0.87054 0.20783
0.25119 0.18783
0.79259 0.33451
0.88789 0.02335
0.75362 0.20911
0.95939 0.78240
0.91696 0.11508
0.65603 0.86022
0.26763 0.71651
0.85816 0.61505
0.52378 0.90765
0.41665 0.54816
0.64124 0.83720
0.62569 0.45542
0.95699 0.82267
0.66055 0.85243
0.96621 0.98070
0.11705 0.01976
0.47251 0.54567
0.14209 0.86287
0.46208 0.79741
0.96809 0.71449
0.73415 0.07528
0.72093 0.48994
0.95951 0.61031
0.48139 0.63684
0.69651 0.81037
0.84380 0.02631
0.01484 0.71655
0.78418 0.39616
0.47005 0.34324
0.07925 0.58376
0.35411 0.00870
0.00530 0.11743
0.36507 0.91538
0.99255 0.08100
0.90502 0.84380
0.29008 0.73714
0.21712 0.81576
0.95246 0.99097
0.33416 0.79389
0.78366 0.40123
0.27730 0.35415
0.00010 0.31379
0.49457 0.65816
0.09387 0.64476
0.55863 0.48816
0.30862 0.61777
0.07942 0.86743
0.02190 0.27744
0.49193 0.21161
0.54085 0.28391
0.61426 0.91652
0.46047 0.53549
0.34522 0.03380
0.60810 0.25904
0.25275 0.22666
0.88680 0.99431
0.23587 0.03854
0.23143 0.26741
0.52696 0.50175
0.97435 0.46657
0.74962 0.55657
0.30328 0.85274
0.26712 0.35537
0.93744 0.80645
0.77504 0.99519
0.83715 0.79738
0.01556 0.54554
0.77989 0.78201
0.98468 0.00014
0.16168 0.06098
0.56497 0.01707
0.55766 0.17861
0.90602 0.39837
0.02581 0.64872
0.29838 0.04232
0.17039 0.86794
0.97409 0.53322
0.80654 0.62918
0.38918 0.22652
0.76621 0.29622
0.14368 0.46785
0.75996 0.12737
0.33157 0.58916
0.20752 0.41659
0.66535 0.51446
0.37791 0.14125
0.29070 0.39721
0.28117 0.76304
0.00256 0.52795
0.17149 0.92249
0.04364 0.42791
0.61924 0.57300
0.12510 0.36701
0.35756 0.89026
0.78527 0.26160
0.72267 0.66005
0.26593 0.46777
0.05675 0.26936
0.28520 0.84287
0.76652 0.28402
0.68215 0.84323
0.86526 0.65380
0.46685 0.61783
0.12411 0.03612
0.94769 0.70626
0.61365 0.77511
0.31820 0.51221
0.05374 0.18747
0.37735 0.88795
0.99596 0.54226
0.77301 0.49721
0.59287 0.92102
0.91676 0.49029
0.60606 0.47011
0.94851 0.87160
0.16202 0.47430
0.82333 0.97297
0.33529 0.43116
0.41406 0.93313
0.31914 0.20715
0.08252 0.52329
0.50299 0.19827
0.82374 0.78943
0.83205 0.27145
0.13961 0.02842
0.80978 0.17657
0.51687 0.98098
0.94781 0.53618
0.94019 0.19279
0.26372 0.04816
0.88957 0.14468
0.98071 0.39285
0.84125 0.46555
0.68666 0.43599
0.84945 0.27933
0.45879 0.66334
0.81630 0.09816
0.13721 0.49952
0.11981 0.98732
0.11646 0.90166
0.21885 0.76490
0.24216 0.79423
0.04734 0.60994
0.03016 0.56393
0.35373 0.25218
0.27205 0.78370
0.31085 0.93170
0.30126 0.21152
0.35531 0.26725
0.74729 0.02130
0.32935 0.61588
0.87975 0.18194
0.30924 0.53533
0.16859 0.10472
0.06141 0.49008
0.18165 0.79059
0.97620 0.57906
0.92305 0.59599
0.36651 0.24025
0.04645 0.24662
0.34171 0.63621
0.55858 0.31326
0.92111 0.89707
0.71647 0.96961
0.02099 0.21707
0.41866 0.27629
0.27166 0.60226
0.73162 0.76921
0.59874 0.84831
0.46197 0.69659
0.69534 0.28958
0.71188 0.83031
0.02688 0.49858
0.01380 0.42310
0.12617 0.12372
0.39989 0.74030
0.59207 0.27566
0.38989 0.67776
0.16328 0.59675
0.59182 0.63739
0.08973 0.21310
0.26961 0.12216
0.82199 0.98975
0.38656 0.87605
0.67763 0.80927
0.61567 0.63122
0.98300 0.24707
0.67653 0.39360
0.03766 0.15326
0.37729 0.12346
0.66912 0.08080
0.89553 0.53703
0.86548 0.52966
0.05535 0.09323
0.61634 0.22226
0.49841 0.07939
0.67377 0.97579
0.51474 0.41926
0.38598 0.21119
0.65664 0.34547
0.83562 0.25578
0.15377 0.92586
0.68174 0.88627
0.71107 0.55913
0.81032 0.71583
0.80674 0.86146
0.08761 0.52559
0.62583 0.38941
0.25469 0.02538
0.39741 0.06516
0.18455 0.38283
0.46147 0.95403
0.69952 0.95340
0.26154 0.00506
0.89924 0.14545
0.26311 0.75568
0.36706 0.36953
0.14109 0.72044
0.65883 0.14354
0.65206 0.07480
0.14151 0.65593
0.42307 0.58366
0.95003 0.49890
0.32449 0.03178
0.21474 0.14380
0.47560 0.19631
0.07789 0.15350
0.78796 0.70814
0.87167 0.01341
0.63544 0.16712
0.91179 0.87585
0.58258 0.71675
0.44049 0.84169
0.60511 0.13522
0.70450 0.25470
0.96456 0.23188
0.03751 0.45852
0.48212 0.28836
0.74346 0.39928
0.22917 0.09276
0.52506 0.96918
0.73253 0.82294
0.99054 0.97366
0.60027 0.68658
0.26105 0.22913
0.33658 0.04351
0.30007 0.09382
0.58193 0.68224
0.12412 0.91253
0.21612 0.63115
0.94342 0.45418
0.57442 0.12062
0.02418 0.31980
0.15666 0.41889
0.32525 0.22074
0.36493 0.48894
0.55074 0.00837
0.76429 0.89599
0.93367 0.48507
0.68041 0.45039
0.06612 0.19831
0.82414 0.84128
0.81682 0.70162
0.47235 0.10128
0.16841 0.62374
0.66668 0.46843
0.09248 0.42373
0.61503 0.01942
0.08071 0.84974
0.77650 0.75414
0.54960 0.63081
0.49962 0.99250
0.99846 0.37927
0.40946 0.15150
0.76577 0.98039
0.30914 0.54027
0.49919 0.11591
0.93435 0.64286
0.03486 0.28503
0.58330 0.69741
0.51598 0.95770
0.23554 0.21123
0.78583 0.47839
0.06046 0.13181
0.17885 0.62715
0.64168 0.86923
0.83228 0.99471
0.34984 0.69715
0.05187 0.78729
0.22236 0.16678
0.67665 0.82098
0.92771 0.96879
0.26124 0.71241
0.81418 0.57543
0.36322 0.33446
0.71430 0.19409
0.89828 0.89403
0.98220 0.36844
0.87089 0.70049
0.46073 0.97379
0.83331 0.70318
0.52810 0.28274
0.27505 0.33416
0.39407 0.82092
0.76276 0.81387
0.62839 0.44610
0.59881 0.46332
0.48858 0.53041
0.40309 0.74839
0.23201 0.24701
0.56039 0.59250
0.30720 0.60038
0.78485 0.76251
0.19101 0.90149
0.61897 0.86599
0.09386 0.19109
0.13678 0.82518
0.33579 0.61797
0.09082 0.31377
0.03181 0.80894
0.85352 0.33159
0.97169 0.20762
0.17551 0.30303
0.29905 0.67353
0.87896 0.09833
0.65692 0.39069
0.98828 0.37916
0.20772 0.10002
0.62160 0.31092
0.56326 0.48785
0.71291 0.89992
0.06246 0.85670
0.07078 0.77042
0.17548 0.01909
0.09992 0.23920
0.91477 0.53654
0.00351 0.32273
0.94319 0.30672
0.68915 0.86098
0.32310 0.89901
0.04177 0.10738
0.64717 0.24140
0.91238 0.20909
0.19186 0.62273
0.05854 0.60694
0.43375 0.17590
0.13613 0.71926
0.41287 0.95118
0.02673 0.65982
0.03069 0.63938
0.96920 0.24281
0.14646 0.86698
0.19813 0.41080
0.38278 0.67972
0.67163 0.79297
0.65683 0.92521
0.48512 0.74922
0.30186 0.44381
0.91358 0.67430
0.54317 0.13665
0.43811 0.19753
0.73249 0.66621
0.08093 0.59510
0.46470 0.93733
0.86910 0.55167
0.28381 0.60959
0.20871 0.68076
0.21855 0.19071
0.78374 0.66057
0.78198 0.46632
0.43011 0.61379
0.43504 0.22356
0.27517 0.64829
0.35038 0.01098
0.51428 0.30695
0.27222 0.45648
0.44680 0.76794
0.56205 0.77002
0.92055 0.41311
0.03798 0.96130
0.59299 0.87596
0.78482 0.38393
0.77181 0.03307
0.27190 0.72709
0.11035 0.33529
0.47620 0.25559
0.08486 0.86938
0.10446 0.47276
0.54733 0.72084
0.44681 0.00756
0.81259 0.38437
0.26949 0.23860
0.41952 0.80002
0.29650 0.24178
0.98086 0.20873
0.74991 0.67857
0.42226 0.63661
0.90285 0.05486
0.59174 0.50553
0.33243 0.29407
0.89772 0.37749
0.63872 0.40267
0.65899 0.28878
0.39559 0.15697
0.38346 0.94942
0.51907 0.81958
0.50245 0.99568
0.80338 0.26631
0.77563 0.13408
0.15546 0.71935
0.33574 0.03836
0.73779 0.68877
0.87674 0.84315
0.61948 0.03556
0.59907 0.88525
0.07022 0.12316
0.80097 0.76126
0.75206 0.95998
0.18874 0.67240
0.42897 0.55810
0.90250 0.78579
0.12716 0.17149
0.81863 0.50047
0.51070 0.83234
0.32413 0.00718
0.50906 0.62509
0.06818 0.46266
0.02871 0.94204
0.99917 0.41114
0.91363 0.63362
0.42805 0.62355
0.18429 0.55929
0.13617 0.46474
0.31172 0.36301
0.19056 0.92011
0.45141 0.03892
0.28444 0.14340
0.90399 0.79443
0.61470 0.23171
0.73923 0.21709
0.19541 0.93200
0.63537 0.45802
0.30036 0.62280
0.09555 0.08027
0.56883 0.14058
0.92979 0.70648
0.24660 0.56317
0.41460 0.00699
0.99796 0.10826
0.35847 0.07731
0.07289 0.85806
0.46948 0.55523
0.98887 0.60199
0.75803 0.73871
0.38575 0.76536
0.32593 0.90349
0.82669 0.47042
0.25875 0.11890
0.85784 0.37674
0.23483 0.98780
0.64630 0.96087
0.15713 0.22221
0.24335 0.32780
0.64733 0.38428
0.25572 0.00599
0.35722 0.10840
0.12698 0.37521
0.88960 0.45128
0.77724 0.80949
0.00942 0.51767
0.24884 0.81523
0.08109 0.20882
0.48850 0.53724
0.08578 0.75194
0.20118 0.93686
0.71097 0.83935
0.35410 0.77059
0.55544 0.16105
0.50834 0.54928
0.73108 0.63387
0.97267 0.11020
0.45917 0.82383
0.00496 0.77942
0.85145 0.34230
0.26082 0.78314
0.02326 0.66145
0.72922 0.02913
0.91471 0.85639
0.03304 0.39605
0.75697 0.69459
0.78539 0.25907
0.81207 0.61594
0.04583 0.99446
0.53239 0.52158
0.45511 0.24111
0.05929 0.44599
0.95469 0.56341
0.21255 0.07459
0.62097 0.40248
0.44219 0.23940
0.45915 0.26221
0.33777 0.79997
0.98785 0.71723
0.94096 0.01861
0.88255 0.73105
0.80659 0.91896
0.83066 0.45128
0.45748 0.45743
0.51304 0.69934
0.48693 0.41416
0.10441 0.36974
0.86980 0.96418
0.43860 0.33352
0.10151 0.97255
0.65824 0.61481
0.23544 0.18343
0.61900 0.39379
0.07467 0.66206
0.01037 0.81826
0.06979 0.03638
0.94964 0.51534
0.18908 0.17157
0.73511 0.03238
0.72789 0.46653
0.79655 0.39753
0.20052 0.04721
0.56991 0.52898
0.42227 0.32144
0.75728 0.21545
0.57237 0.41060
0.80880 0.80039
0.82912 0.46508
0.12511 0.64696
0.64672 0.60314
0.10866 0.94387
0.12453 0.35872
0.22490 0.55950
0.63989 0.65179
0.01762 0.57508
0.45296 0.40113
0.58492 0.75896
0.08974 0.11500
0.28609 0.04369
0.55601 0.44578
0.67695 0.12841
0.61263 0.95091
0.41706 0.67566
0.07002 0.26727
0.62140 0.06870
0.83707 0.83053
0.44053 0.43990
0.15155 0.05893
0.26162 0.54156
0.70209 0.85029
0.53719 0.38537
0.60843 0.53577
0.11051 0.52499
0.76971 0.27291
0.11440 0.15526
0.22107 0.44217
0.91228 0.83023
0.68573 0.93429
0.22225 0.12687
0.87041 0.21499
0.97954 0.95778
0.86515 0.88021
0.86530 0.60104
0.02577 0.34851
0.34334 0.56374
0.79983 0.07352
0.75501 0.41927
0.90322 0.89129
0.66579 0.84644
0.10015 0.04457
0.34755 0.04152
0.40624 0.69497
0.08161 0.38395
0.06170 0.59303
0.00871 0.81837
0.18578 0.39417
0.93497 0.95898
0.16796 0.50709
0.11828 0.93988
0.63455 0.08918
0.11420 0.11157
0.97655 0.67309
0.20221 0.48452
0.62061 0.00367
0.38402 0.37778
0.01819 0.18972
0.91402 0.91587
0.44968 0.61952
0.64381 0.16739
0.72133 0.64283
0.83084 0.32536
0.57549 0.76942
0.33097 0.66321
0.71846 0.54178
0.03339 0.10858
0.75528 0.82944
0.98736 0.97838
0.93224 0.34964
0.33451 0.67731
0.73281 0.08979
0.89130 0.68889
0.49471 0.47596
0.02752 0.85198
0.55818 0.01785
0.82105 0.64230
0.04127 0.57911
0.30305 0.62693
0.61216 0.73133
0.86582 0.65790
0.25817 0.74410
0.94807 0.34405
0.83049 0.25671
0.01851 0.75908
0.16569 0.81096
0.51924 0.99035
0.51159 0.01220
0.43657 0.85680
0.49002 0.65876
0.34297 0.39968
0.18981 0.72400
0.84274 0.98231
0.50150 0.99150
0.36452 0.98416
0.86547 0.78542
0.33247 0.52184
0.57622 0.57619
0.23136 0.71610
0.70576 0.37255
0.15218 0.98865
0.76893 0.46701
0.31139 0.30654
0.83174 0.41554
0.66274 0.98357
0.21771 0.31888
0.23010 0.91683
0.96362 0.43359
0.31464 0.78448
0.94563 0.51285
0.62534 0.51176
0.94877 0.94228
0.98607 0.20692
0.04914 0.85914
0.43254 0.04272
0.12978 0.13837
0.23134 0.22438
0.83071 0.26063
0.14072 0.37502
0.79248 0.98085
0.97142 0.31181
0.70815 0.01324
0.61094 0.17136
0.25497 0.05653
0.74389 0.45600
0.50257 0.89258
0.22695 0.73051
0.02419 0.98543
0.40278 0.73583
0.72417 0.32118
0.94727 0.56767
0.58633 0.31379
0.31037 0.45062
0.65210 0.85832
0.99521 0.91194
0.99750 0.01287
0.47480 0.18382
0.65433 0.81561
0.86915 0.87108
0.91011 0.85724
0.30650 0.58533
0.11767 0.90889
0.30313 0.43631
0.53612 0.63167
0.98208 0.33121
0.78741 0.37476
0.07385 0.74190
0.43290 0.49428
0.24669 0.01408
0.42106 0.01358
0.42788 0.71488
0.47635 0.96637
0.17393 0.09915
0.78640 0.31263
0.58550 0.82712
0.32886 0.85363
0.52293 0.88566
0.34615 0.88669
0.82109 0.31676
0.97653 0.57256
0.32321 0.07704
0.02127 0.22255
0.55042 0.61799
0.37892 0.03010
0.80032 0.86714
0.29351 0.22412
0.49670 0.67968
0.24502 0.98380
0.92849 0.35253
0.25612 0.24596
0.79440 0.13338
0.03984 0.83817
0.94735 0.68660
0.12818 0.42363
0.09474 0.79003
0.53655 0.98283
0.36918 0.43389
0.68236 0.51939
0.62547 0.53557
0.74636 0.98911
0.45806 0.99004
0.62394 0.88389
0.60783 0.57394
0.73762 0.17694
0.10197 0.23237
0.03770 0.23129
0.49831 0.76903
0.67263 0.83707
0.71572 0.54238
0.20814 0.30822
0.70776 0.25222
0.57161 0.18473
0.32565 0.09797
0.65490 0.22384
0.41096 0.98685
0.97837 0.74032
0.82286 0.66625
0.50752 0.32036
0.42718 0.74503
0.10879 0.12634
0.20296 0.84095
0.62997 0.11433
0.49303 0.36861
0.37027 0.04228
0.71974 0.80443
0.35750 0.01016
0.63964 0.59506
0.55438 0.53379
0.59867 0.71208
0.86976 0.84199
0.15229 0.81022
0.97203 0.73017
0.97637 0.61947
0.17272 0.57052
0.90171 0.30174
0.25706 0.71200
0.85597 0.64491
0.86584 0.83326
0.90063 0.48563
0.56931 0.45329
0.64729 0.08280
0.08872 0.35347
0.50887 0.93885
0.49396 0.28124
0.22189 0.24481
0.40964 0.95969
0.42240 0.08773
0.02754 0.72131
0.88908 0.42985
0.29572 0.07340
0.42815 0.61918
0.33196 0.36335
0.79538 0.47741
0.53242 0.57186
0.73379 0.93542
0.59866 0.06298
0.30440 0.53463
0.96056 0.40618
0.74162 0.41760
0.39679 0.94278
0.24850 0.17079
0.04038 0.78943
0.04876 0.81714
0.09131 0.58158
0.25570 0.45487
0.51017 0.66998
0.33985 0.63109
0.74240 0.75622
0.38843 0.42378
0.83206 0.02747
0.26685 0.90189
0.36085 0.58264
0.36177 0.55791
0.98228 0.10080
0.50463 0.23939
0.76499 0.76372
0.99349 0.62622
0.19063 0.63818
0.46827 0.46425
0.66224 0.47474
0.00920 0.49422
0.90967 0.20338
0.31213 0.29026
0.16965 0.69137
0.36611 0.62057
0.62975 0.34417
0.50870 0.93413
0.55513 0.02640
0.96067 0.46557
0.97053 0.20214
0.95790 0.47985
0.83683 0.30777
0.05453 0.00848
0.50225 0.99315
0.72651 0.27124
0.10405 0.80566
0.57430 0.76660
0.14158 0.33195
0.44725 0.45901
0.23312 0.54378
0.82337 0.37847
0.12448 0.38328
0.44902 0.09089
0.10594 0.12016
0.78149 0.84105
0.23425 0.21493
0.30750 0.64896
0.05047 0.80324
0.76688 0.83243
0.58591 0.24811
0.05113 0.75808
0.53395 0.61862
0.85641 0.98909
0.02668 0.45976
0.41350 0.16169
0.83050 0.72442
0.59316 0.77360
0.66291 0.33261
0.72488 0.20055
0.60098 0.26169
0.91700 0.12110
0.62872 0.54812
0.81080 0.68428
0.29277 0.48485
0.72299 0.07818
0.05341 0.43364
0.76368 0.22823
0.18982 0.82971
0.74488 0.21648
0.90847 0.68752
0.69131 0.71066
0.67592 0.19234
0.02977 0.90460
0.75779 0.07756
0.78014 0.72403
0.14535 0.32019
0.78407 0.97649
0.30389 0.22176
0.06780 0.82438
0.74312 0.00515
0.52212 0.56285
0.41851 0.55338
0.56304 0.79121
0.78070 0.26235
0.89068 0.59707
0.06406 0.98265
0.84261 0.23825
0.84604 0.06074
0.76181 0.02061
0.57089 0.01469
0.14816 0.27704
0.92580 0.79142
0.32879 0.33506
0.17363 0.19703
0.67821 0.81122
0.70415 0.88884
0.01950 0.89323
0.64146 0.12581
0.38088 0.81587
0.69947 0.86022
0.51989 0.13120
0.45657 0.60006
0.14357 0.00798
0.56715 0.10663
0.38044 0.42547
0.93446 0.05608
0.92805 0.79563
0.71198 0.57964
0.58317 0.35961
0.71775 0.90777
0.92012 0.19954
0.64552 0.26641
0.39492 0.30343
0.83621 0.43945
0.41831 0.45692
0.40727 0.49594
0.53925 0.60483
0.21341 0.07470
0.91615 0.84552
0.68726 0.70355
0.96285 0.65353
0.08446 0.83862
0.75806 0.67726
0.26807 0.42290
0.78758 0.66203
0.43231 0.56216
0.65887 0.81233
0.01156 0.78286
0.02556 0.71418
0.32164 0.32268
0.63948 0.81734
0.51800 0.95066
0.29821 0.14561
0.62654 0.83719
0.43702 0.48300
0.10461 0.94968
0.63434 0.06048
0.63697 0.77562
0.72884 0.00382
0.20383 0.26273
0.30643 0.89385
0.54394 0.26810
0.55928 0.01889
0.58539 0.28943
0.04937 0.15797
0.46788 0.34608
0.11662 0.00619
0.92363 0.35002
0.81757 0.27778
0.95220 0.99946
0.87188 0.82853
0.00539 0.78183
0.51692 0.15418
0.40975 0.84632
0.99066 0.66292
0.21875 0.76982
0.12050 0.35743
0.56569 0.49681
0.10844 0.58172
0.53218 0.25026
0.53317 0.77306
0.07341 0.27908
0.84132 0.36473
0.98922 0.28998
0.05103 0.22638
0.23313 0.60331
0.81911 0.88941
0.80371 0.61307
0.00924 0.04151
0.69003 0.84282
0.38803 0.67396
0.76141 0.11743
0.12335 0.07339
0.21965 0.85172
0.71722 0.13999
0.88995 0.84770
0.49156 0.81342
0.07179 0.03103
0.94411 0.77307
0.48330 0.74697
0.17153 0.60628
0.68870 0.65825
0.59280 0.02672
0.12473 0.66005
0.42679 0.63897
0.78178 0.59461
0.69819 0.10974
0.78788 0.75782
0.27326 0.24424
0.06542 0.82171
0.76269 0.70062
0.43501 0.88917
0.99550 0.12227
0.81831 0.24402
0.32813 0.55298
0.09884 0.25925
0.42037 0.90076
0.02759 0.17731
0.44232 0.51861
0.13695 0.80656
0.67774 0.30476
0.81577 0.97772
0.21798 0.04673
0.78739 0.12345
0.93480 0.44496
0.84401 0.10407
0.69327 0.37978
0.28131 0.93182
0.35635 0.71771
0.71538 0.77777
0.33167 0.38739
0.66022 0.77795
0.48994 0.27088
0.26837 0.11196
0.03349 0.55560
0.55331 0.40030
0.55642 0.16173
0.14548 0.27357
0.45129 0.16360
0.20294 0.90185
0.63815 0.41364
0.40014 0.27320
0.46506 0.02497
0.08206 0.91391
0.38306 0.37570
0.28245 0.17391
0.38367 0.14540
0.92707 0.02642
0.13289 0.01210
0.57411 0.60311
0.19549 0.70552
0.37836 0.70062
0.59893 0.16680
0.20902 0.38666
0.53032 0.78990
0.85826 0.95486
0.86580 0.14621
0.96549 0.60658
0.45112 0.13970
0.32425 0.39264
0.24733 0.90730
0.22409 0.66144
0.30309 0.77279
0.48695 0.98421
0.58702 0.13006
0.95217 0.97102
0.47167 0.72302
0.88681 0.74321
0.74950 0.67272
0.37688 0.59525
0.29784 0.48616
0.86575 0.38942
0.46967 0.69013
0.12423 0.59408
0.99427 0.48977
0.39596 0.11193
0.71097 0.92503
0.63474 0.14356
0.46912 0.23950
0.60922 0.71979
0.79656 0.59397
0.46402 0.95052
0.48545 0.17377
0.10694 0.82227
0.20495 0.58492
0.77270 0.11865
0.59555 0.76921
0.01879 0.07876
0.98559 0.44721
0.56818 0.94265
0.43483 0.67741
0.87097 0.74744
0.41921 0.44269
0.11236 0.66908
0.36267 0.82782
0.02929 0.31767
0.30805 0.02499
0.50704 0.84429
0.67812 0.24964
0.38676 0.43319
0.73967 0.52865
0.44982 0.54137
0.87633 0.25240
0.95348 0.12573
0.79011 0.57985
0.55080 0.07028
0.63394 0.77855
0.59103 0.66459
0.84616 0.09491
0.21315 0.33383
0.66730 0.82775
0.98434 0.04876
0.97747 0.84050
0.53643 0.24621
0.27564 0.16039
0.45498 0.49024
0.01725 0.83325
0.68662 0.24790
0.21896 0.73348
0.90325 0.70866
0.13751 0.95753
0.52838 0.60340
0.52823 0.92442
0.07705 0.18885
0.24455 0.57667
0.85788 0.55918
0.18699 0.59169
0.54001 0.28250
0.76596 0.56555
0.07625 0.71991
0.69781 0.81844
0.45022 0.29038
0.45974 0.91064
0.24263 0.90132
0.41761 0.96705
0.03122 0.55156
0.63223 0.85934
0.52772 0.50087
0.97227 0.28281
0.07503 0.43356
0.12450 0.63225
0.89349 0.39749
0.92328 0.11799
0.15120 0.17139
0.26475 0.58177
0.22153 0.19918
0.27834 0.76837
0.02664 0.48651
0.95877 0.74101
0.12748 0.14450
0.29725 0.27884
0.64105 0.11025
0.84295 0.42870
0.23433 0.72723
0.06532 0.54075
0.52112 0.92525
0.84697 0.34112
0.65895 0.13170
0.40737 0.61241
0.73389 0.92575
0.55807 0.95973
0.66228 0.27194
0.62397 0.33082
0.29739 0.46972
0.34205 0.67889
0.57050 0.98885
0.13741 0.29296
0.82508 0.60377
0.13824 0.58043
0.38752 0.97256
0.18025 0.98930
0.44331 0.64252
0.67205 0.29616
0.92646 0.85745
0.31872 0.00071
0.03161 0.58858
0.61544 0.50883
0.85743 0.89911
0.19613 0.20124
0.51270 0.49108
0.35192 0.19053
0.50317 0.52112
0.80792 0.58396
0.62930 0.93003
0.96426 0.46474
0.30843 0.22092
0.56913 0.90888
0.45552 0.99914
0.57788 0.21295
0.11731 0.95111
0.69539 0.06981
0.26565 0.81333
0.58632 0.33927
0.18280 0.80284
0.14509 0.05544
0.38976 0.31995
0.42998 0.64582
0.25482 0.15611
0.46111 0.95494
0.07869 0.84780
0.60063 0.01642
0.94768 0.06321
0.06417 0.83510
0.07827 0.11034
0.68679 0.81756
0.81301 0.31135
0.07874 0.45325
0.12209 0.68352
0.31482 0.46882
0.17704 0.51320
0.21914 0.40475
0.87061 0.66932
0.88667 0.92503
0.80977 0.51780
0.09264 0.19056
0.80517 0.32669
0.03771 0.90231
0.35654 0.54649
0.56184 0.32567
0.24289 0.32236
0.56706 0.85488
0.69662 0.57069
0.89975 0.09292
0.17781 0.15906
0.04762 0.53014
0.81960 0.60082
0.41628 0.77526
0.26583 0.47375
0.02368 0.59555
0.40897 0.97036
0.34186 0.09458
0.17710 0.82125
0.68401 0.18955
0.11509 0.87668
0.50654 0.32522
0.68350 0.87297
0.20961 0.22938
0.09430 0.12791
0.65340 0.99145
0.00729 0.58010
0.33095 0.89394
0.15876 0.91531
0.96027 0.93836
0.43139 0.19265
0.20273 0.57383
0.64057 0.68761
0.22380 0.49321
0.86228 0.06166
0.11255 0.81515
0.39896 0.85288
0.05251 0.02360
0.81849 0.62200
0.19844 0.81444
0.71971 0.86118
0.47096 0.45017
0.63418 0.35436
0.14540 0.96829
0.56648 0.58244
0.87449 0.39957
0.65222 0.62799
0.86416 0.53918
0.85453 0.99700
0.84050 0.81948
0.64121 0.70871
0.49720 0.01730
0.40042 0.36937
0.07991 0.62348
0.92819 0.75267
0.14585 0.45745
0.70084 0.99388
0.11965 0.15648
0.81327 0.90730
0.28940 0.30422
0.97503 0.45967
0.49276 0.29886
0.63801 0.93500
0.40050 0.33845
0.68909 0.14350
0.18428 0.21123
0.33571 0.25163
0.35733 0.64991
0.17983 0.94357
0.07008 0.13795
0.22845 0.70537
0.06515 0.09471
0.99425 0.50699
0.12623 0.57961
0.65363 0.67876
0.69543 0.92170
0.85897 0.77663
0.07198 0.74414
0.44842 0.59427
0.54442 0.59840
0.80175 0.91342
0.36459 0.39013
0.91152 0.85380
0.24738 0.08370
0.05368 0.84686
0.33894 0.31759
0.34066 0.49028
0.44268 0.56739
0.77618 0.55983
0.75810 0.27038
0.46421 0.05069
0.21720 0.31288
0.57709 0.25106
0.79333 0.68905
0.70357 0.91667
0.46903 0.44357
0.82427 0.89396
0.75771 0.56140
0.93747 0.55772
0.04599 0.05237
0.26962 0.54169
0.04705 0.37223
0.31222 0.32216
0.89248 0.09189
0.10528 0.91853
0.73432 0.66191
0.05984 0.19201
0.22570 0.60123
0.94240 0.78375
0.55009 0.95993
0.32300 0.74968
0.15688 0.32506
0.67247 0.77002
0.62468 0.57750
0.66844 0.94099
0.26262 0.26522
0.55973 0.00739
0.44957 0.47356
0.99029 0.90419
0.44477 0.60032
0.12825 0.46822
0.22015 0.99818
0.80813 0.36322
0.19556 0.27328
0.64033 0.77098
0.86910 0.67051
0.96312 0.25545
0.28365 0.79954
0.20342 0.50065
0.23653 0.15621
0.64779 0.38459
0.33462 0.07230
0.80570 0.61961
0.78591 0.92067
0.86295 0.65704
0.67147 0.86483
0.46454 0.22464
0.21563 0.89574
0.98043 0.36480
0.45232 0.99161
0.12517 0.52353
0.91913 0.91430
0.78484 0.18822
0.34455 0.03966
0.96297 0.73839
0.27672 0.23033
0.97400 0.84663
0.48400 0.31273
0.03069 0.56181
0.18417 0.24273
0.29849 0.84036
0.02533 0.06814
0.08775 0.24505
0.49333 0.90765
0.73066 0.46349
0.92376 0.59613
0.18591 0.19336
0.13604 0.26924
0.52794 0.28019
0.13015 0.05896
0.54514 0.51372
0.96412 0.44504
0.60793 0.52166
0.25235 0.29013
0.13407 0.11028
0.42353 0.12791
0.23965 0.24895
0.05472 0.11574
0.95569 0.57164
0.76921 0.77741
0.15721 0.64568
0.93630 0.88520
0.50077 0.35987
0.46953 0.90422
0.00507 0.80116
0.35825 0.22939
0.98649 0.92541
0.03379 0.12745
0.30743 0.76412
0.13717 0.97047
0.95507 0.53191
0.21119 0.05636
0.35626 0.22113
0.46932 0.85186
0.23149 0.14118
0.29783 0.43414
0.68242 0.72144
0.40681 0.12027
0.77309 0.00617
0.72467 0.01980
0.31002 0.49525
0.10192 0.13927
0.22342 0.42117
0.25459 0.16388
0.86744 0.15764
0.18415 0.38640
0.46494 0.74813
0.88522 0.79353
0.57736 0.88867
0.30273 0.57488
0.42689 0.69641
0.04762 0.16634
0.41513 0.74089
0.62219 0.40525
0.05121 0.17117
0.76901 0.33960
0.48584 0.17376
0.50641 0.27251
0.89381 0.69616
0.57923 0.74959
0.32062 0.90992
0.08514 0.77414
0.80127 0.72657
0.04623 0.85947
0.50012 0.11245
0.28686 0.19066
0.24595 0.09140
0.68473 0.17598
0.75739 0.79163
0.70146 0.63791
0.34285 0.97226
0.72656 0.79827
0.91335 0.60357
0.34676 0.96666
0.71808 0.77165
0.95591 0.12024
0.21137 0.74189
0.59430 0.60734
0.40527 0.88486
0.44291 0.69109
0.87559 0.93997
0.99677 0.27074
0.34468 0.13982
0.82866 0.96815
0.08229 0.92259
0.53962 0.27672
0.98467 0.22793
0.72717 0.25544
0.50643 0.35584
0.78512 0.20941
0.17295 0.12881
0.62828 0.05842
0.73940 0.38942
0.09738 0.57927
0.04046 0.59703
0.61114 0.80972
0.14053 0.01109
0.07593 0.51564
0.13229 0.74281
0.58239 0.04110
0.34625 0.40070
0.19863 0.97969
0.75983 0.92022
0.38937 0.83944
0.71120 0.56637
0.02131 0.57972
0.02968 0.00276
0.03638 0.34428
0.18433 0.99183
0.53226 0.94464
0.75023 0.47758
0.04581 0.21823
0.97315 0.06491
0.28994 0.09211
0.43382 0.95708
0.61187 0.15037
0.41057 0.23769
0.95228 0.83058
0.03584 0.73019
0.93575 0.06771
0.10806 0.11508
0.09709 0.07021
0.89966 0.65224
0.87754 0.38129
0.72409 0.28926
0.90056 0.95581
0.70012 0.45919
0.74452 0.66317
0.66571 0.75669
0.68162 0.58691
0.87145 0.09480
0.38117 0.24186
0.62153 0.74433
0.78961 0.60389
0.81862 0.09659
0.36668 0.91894
0.31846 0.91390
0.95717 0.59803
0.62076 0.25708
0.90051 0.21332
0.48215 0.31780
0.73919 0.85608
0.41706 0.65701
0.06851 0.88647
0.11291 0.63152
0.88202 0.03553
0.80916 0.19975
0.86914 0.65970
0.63581 0.98480
0.60561 0.72044
0.70999 0.54943
0.74955 0.34143
0.35756 0.19349
0.79311 0.89619
0.28779 0.96452
0.81473 0.38340
0.03292 0.41203
0.08882 0.09175
0.29052 0.31031
0.68460 0.21439
0.53846 0.36122
0.05543 0.92332
0.82503 0.69311
0.87826 0.65885
0.52025 0.61256
0.17646 0.32124
0.60370 0.96369
0.49517 0.75139
0.99881 0.96885
0.03964 0.24939
0.21001 0.76832
0.71204 0.41057
0.89610 0.71492
0.03777 0.33670
0.00159 0.53058
0.13153 0.73660
0.85534 0.56837
0.95596 0.26156
0.08893 0.09826
0.19925 0.90554
0.29489 0.11718
0.08361 0.44652
0.00214 0.08739
0.69549 0.32176
0.40119 0.03922
0.37313 0.56413
0.19645 0.51970
0.80468 0.16069
0.13202 0.17835
0.60923 0.21360
0.02014 0.45520
0.02084 0.77694
0.96432 0.76938
0.63285 0.02720
0.65978 0.74448
0.47568 0.69695
0.77121 0.23858
0.57411 0.59894
0.82909 0.98744
0.58246 0.88281
0.08840 0.40151
0.64910 0.02235
0.10392 0.85013
0.22753 0.59801
0.04071 0.85007
0.02096 0.82664
0.34637 0.91757
0.07361 0.00088
0.74086 0.36759
0.91331 0.43021
0.65195 0.41966
0.77205 0.76618
0.76144 0.21741
0.38465 0.70914
0.57607 0.05521
0.29858 0.19182
0.23232 0.62623
0.39789 0.12303
0.17332 0.01553
0.88221 0.94803
0.21738 0.58838
0.56721 0.56974
0.42854 0.31956
0.91810 0.84836
0.62702 0.61782
0.04747 0.34349
0.63398 0.15675
0.32584 0.60226
0.12620 0.36679
0.34701 0.84075
0.52040 0.89018
0.91947 0.45238
0.08061 0.90729
0.13564 0.95430
0.03852 0.76698
0.18165 0.71967
0.54380 0.86983
0.04533 0.02024
0.05284 0.85348
0.27404 0.31739
0.87796 0.07287
0.27431 0.49185
0.09603 0.48041
0.12584 0.99318
0.04797 0.56141
0.45605 0.85237
0.98949 0.26508
0.84241 0.38944
0.16411 0.33590
0.09408 0.29666
0.50831 0.44942
0.05650 0.67522
0.81279 0.96865
0.09783 0.26981
0.85259 0.22898
0.74216 0.40910
0.90066 0.90829
0.20440 0.86199
0.43286 0.29323
0.06242 0.52362
0.09456 0.10012
0.86971 0.56273
0.78555 0.82407
0.66421 0.05071
0.66952 0.85056
0.18255 0.64257
0.68626 0.01856
0.05287 0.69035
0.19137 0.67671
0.81947 0.64671
0.74695 0.22468
0.98385 0.04871
0.92969 0.09519
0.23429 0.30717
0.75749 0.73772
0.81038 0.04525
0.33725 0.61673
0.49627 0.51865
0.65198 0.84134
0.45712 0.78223
0.96444 0.12564
0.22131 0.38574
0.31234 0.29429
0.82028 0.16940
0.43983 0.46170
0.66631 0.28071
0.43210 0.84018
0.97011 0.59310
0.58962 0.81230
0.77511 0.42678
0.37428 0.31304
0.70424 0.42878
0.31660 0.53698
0.74091 0.67477
0.69107 0.63044
0.54365 0.22245
0.73329 0.73892
0.50971 0.12381
0.10446 0.92377
0.63263 0.71531
0.45374 0.91364
0.27414 0.57076
0.60205 0.10704
0.78293 0.86375
0.21980 0.20891
0.93754 0.57103
0.50201 0.05408
0.10496 0.01193
0.22408 0.58355
0.07394 0.89566
0.63394 0.70367
0.92627 0.36348
0.01504 0.32999
0.77012 0.30024
0.42055 0.61592
0.20658 0.44800
0.01470 0.95730
0.73661 0.96341
0.28379 0.81101
0.67887 0.41172
0.46072 0.73281
0.37787 0.09529
0.41487 0.72297
0.14319 0.51096
0.27096 0.95228
0.96648 0.92993
0.72314 0.42511
0.77340 0.53310
0.09656 0.19421
0.76800 0.11689
0.92295 0.05192
0.92360 0.51658
0.29868 0.29032
0.91051 0.85242
0.20844 0.75936
0.81184 0.77021
0.74588 0.36582
0.61614 0.08624
0.60673 0.31764
0.90360 0.42469
0.88067 0.73941
0.29469 0.12832
0.07125 0.51995
0.96805 0.10323
0.42629 0.09611
0.89746 0.14728
0.57433 0.02325
0.90224 0.09784
0.50560 0.32925
0.29814 0.95951
0.63501 0.55389
0.38049 0.18671
0.76019 0.13202
0.14145 0.99573
0.65016 0.26259
0.76758 0.05265
0.92978 0.92381
0.11520 0.81603
0.05394 0.04185
0.53804 0.30527
0.39427 0.86277
0.33241 0.62796
0.32377 0.56514
0.20826 0.69410
0.43286 0.73029
0.18669 0.12373
0.83170 0.97169
0.98398 0.62953
0.14195 0.34664
0.03303 0.47106
0.98464 0.98309
0.63731 0.15230
0.46381 0.51961
0.28898 0.06655
0.34910 0.73651
0.53394 0.29237
0.54649 0.38717
0.44872 0.76193
0.57866 0.98898
0.01470 0.97862
0.32375 0.88542
0.45857 0.98996
0.50375 0.78481
0.00500 0.41652
0.90878 0.64960
0.01448 0.72832
0.82570 0.97182
0.17297 0.50273
0.53582 0.85869
0.77363 0.16577
0.56055 0.61858
0.51022 0.42872
0.18940 0.49416
0.72441 0.75107
0.67011 0.53198
0.39811 0.03446
0.11483 0.38907
0.64943 0.21743
0.72644 0.31078
0.39989 0.97650
0.19126 0.47925
0.99600 0.49347
0.71373 0.72174
0.97951 0.23207
0.86771 0.19507
0.33865 0.83163
0.84602 0.77564
0.88822 0.77519
0.00360 0.09315
0.71654 0.63122
0.06602 0.46986
0.84182 0.96096
0.50140 0.78937
0.03048 0.92068
0.03883 0.49623
0.65696 0.98192
0.22466 0.44189
0.77889 0.79259
0.31343 0.10886
0.14866 0.67637
0.19320 0.22698
0.16753 0.67216
0.07361 0.33853
0.84777 0.39579
0.58507 0.75044
0.16663 0.00415
0.84420 0.64522
0.30880 0.94693
0.82374 0.72865
0.57809 0.47065
0.23479 0.33630
0.73181 0.41039
0.84515 0.10562
0.55337 0.75115
0.36881 0.10385
0.99511 0.19911
0.33168 0.19823
0.03664 0.65815
0.67257 0.99968
0.43211 0.65118
0.10490 0.83116
0.99601 0.82283
0.35375 0.31004
0.13039 0.52676
0.71148 0.58852
0.72609 0.10839
0.03848 0.39209
0.78832 0.12161
0.22485 0.45942
0.78549 0.79379
0.47041 0.02321
0.49994 0.82466
0.79709 0.79196
0.93595 0.99397
0.85915 0.76416
0.91533 0.89550
0.45324 0.55269
0.55004 0.14940
0.63660 0.77996
0.39134 0.88460
0.40054 0.09435
0.54867 0.48989
0.60052 0.07223
0.17706 0.79008
0.13987 0.94255
0.55741 0.03126
0.49144 0.95054
0.93058 0.45201
0.21919 0.21605
0.38934 0.78671
0.54865 0.85796
0.91619 0.97041
0.09603 0.91432
0.63634 0.15197
0.40025 0.69971
0.19615 0.26184
0.42856 0.19003
0.71935 0.33534
0.00664 0.48476
0.40990 0.87695
0.12761 0.07989
0.73306 0.62556
0.13891 0.65072
0.07893 0.39397
0.30743 0.73967
0.37208 0.02826
0.55904 0.46721
0.74044 0.41629
0.58201 0.71876
0.21588 0.79151
0.83383 0.34599
0.16803 0.49447
0.02778 0.72702
0.29527 0.06939
0.95996 0.16068
0.28274 0.39817
0.05441 0.45953
0.09320 0.28402
0.89713 0.70685
0.90609 0.20387
0.63383 0.76462
0.01535 0.83830
0.70400 0.70093
0.72691 0.77767
0.31186 0.51568
0.55198 0.13546
0.76581 0.92238
0.51203 0.84592
0.22106 0.95824
0.37658 0.36732
0.33959 0.50204
0.32758 0.03983
0.71408 0.35105
0.72454 0.87580
0.43684 0.37579
0.56305 0.69122
0.99924 0.66168
0.77772 0.35270
0.97823 0.14985
0.73668 0.26257
0.10894 0.86330
0.43457 0.39588
0.94408 0.05742
0.03868 0.21631
0.42407 0.40030
0.56292 0.06622
0.30659 0.71734
0.91603 0.29258
0.09651 0.64086
0.09988 0.62040
0.04414 0.16914
0.88207 0.19152
0.39358 0.00346
0.13226 0.75502
0.33409 0.68595
0.19406 0.68063
0.77316 0.65372
0.70735 0.78059
0.99997 0.25133
0.30796 0.88472
0.94488 0.34075
0.04382 0.08611
0.23289 0.62662
0.93327 0.59407
0.64473 0.21769
0.41259 0.04474
0.11004 0.41252
0.08338 0.72761
0.21923 0.32237
0.44371 0.91236
0.45539 0.64248
0.75451 0.59616
0.37776 0.22502
0.71309 0.62109
0.85372 0.84392
0.79516 0.03969
0.27347 0.23020
0.50526 0.09063
0.25346 0.90878
0.15730 0.32466
0.29145 0.40469
0.56930 0.36091
0.89911 0.70323
0.48298 0.88311
0.26420 0.77856
0.23297 0.99681
0.75820 0.56341
0.58537 0.11736
0.15230 0.29075
0.83496 0.36400
0.67429 0.84392
0.48739 0.71878
0.17084 0.11328
0.74580 0.75896
0.09275 0.69967
0.93874 0.19766
0.38715 0.74624
0.42381 0.87871
0.99164 0.81804
0.01000 0.12764
0.84850 0.28802
0.26243 0.64633
0.13062 0.40783
0.06342 0.93361
0.68074 0.30352
0.78058 0.17416
0.81540 0.53856
0.94339 0.42536
0.12501 0.72250
0.59861 0.00959
0.10874 0.35195
0.28339 0.45270
0.95693 0.18545
0.72690 0.19405
0.85109 0.58105
0.62823 0.63902
0.66983 0.28807
0.89784 0.27082
0.97551 0.95432
0.54938 0.76481
0.85456 0.87537
0.15876 0.00763
0.00814 0.80528
0.77248 0.03529
0.64075 0.24742
0.11836 0.43252
0.72760 0.69887
0.15980 0.08478
0.43641 0.26744
0.77408 0.66077
0.02663 0.50557
0.93187 0.87065
0.59840 0.98509
0.71668 0.85537
0.94562 0.84005
0.43218 0.33266
0.69665 0.63754
0.76787 0.49648
0.07201 0.83981
0.97538 0.10069
0.11923 0.83822
0.78508 0.85325
0.17690 0.39093
0.51561 0.71010
0.92706 0.20019
0.72933 0.51746
0.21242 0.47677
0.60047 0.81088
0.94150 0.21529
0.74935 0.03485
0.13567 0.11945
0.93914 0.01671
0.44243 0.52222
0.41961 0.33558
0.96801 0.72188
0.83640 0.31900
0.87305 0.77443
0.85258 0.46282
0.18455 0.04847
0.63713 0.02300
0.40839 0.34158
0.07408 0.39145
0.76764 0.97576
0.45327 0.06580
0.63952 0.44674
0.56602 0.46176
0.28297 0.05976
0.99099 0.81927
0.25749 0.15717
0.73617 0.89362
0.28113 0.56042
0.24265 0.12868
0.38286 0.25117
0.98030 0.19792
0.77096 0.40630
0.35182 0.78106
0.78091 0.40058
0.18878 0.41303
0.45895 0.35559
0.13001 0.43706
0.77507 0.80830
0.45769 0.34173
0.22301 0.71258
0.20830 0.36726
0.62439 0.62166
0.29454 0.71961
0.66773 0.75600
0.07473 0.78937
0.75255 0.45536
0.78486 0.36912
0.18123 0.61334
0.24658 0.20110
0.53865 0.53817
0.43643 0.55272
0.61329 0.56047
0.13108 0.87219
0.69429 0.33500
0.75868 0.05661
0.94029 0.04580
0.98861 0.84464
0.87545 0.81866
0.22103 0.01581
0.43806 0.67770
0.10588 0.77435
0.46887 0.45940
0.57217 0.76570
0.81869 0.12637
0.10833 0.90478
0.03404 0.24793
0.32953 0.33871
0.31143 0.52263
0.85786 0.54197
0.83574 0.49177
0.72957 0.53840
0.41111 0.40869
0.48667 0.95275
0.97312 0.49970
0.02735 0.84781
0.58970 0.33215
0.24453 0.59867
0.78310 0.69404
0.71206 0.69882
0.25638 0.68093
0.00846 0.22124
0.79986 0.93162
0.76431 0.93532
0.27688 0.21756
0.53364 0.85013
0.99166 0.16736
0.61950 0.74973
0.50003 0.33798
0.08259 0.11933
0.36720 0.41640
0.48737 0.84645
0.94387 0.63680
0.19200 0.29693
0.17655 0.71506
0.27379 0.43096
0.51782 0.08758
0.99594 0.19606
0.90501 0.92945
0.95850 0.32145
0.77612 0.47840
0.46953 0.85313
0.88532 0.31336
0.04325 0.85546
0.18288 0.28347
0.20495 0.30809
0.70153 0.83677
0.50937 0.66902
0.33675 0.06653
0.75628 0.55682
0.85926 0.63892
0.74746 0.87875
0.79006 0.81451
0.47548 0.34228
0.38315 0.70859
0.47258 0.96253
0.04625 0.76242
0.08115 0.18769
0.98437 0.94842
0.10363 0.19127
0.92986 0.81395
0.75149 0.07023
0.50693 0.22491
0.41923 0.90721
0.18569 0.39016
0.49075 0.96695
0.54763 0.47969
0.85939 0.20518
0.74571 0.07391
0.13891 0.69546
0.53435 0.16481
0.06501 0.63818
0.96513 0.12697
0.03875 0.73946
0.99666 0.97080
0.45301 0.38942
0.45078 0.70236
0.89204 0.88134
0.67949 0.85007
0.30343 0.65031
0.56449 0.95214
0.97357 0.51455
0.98818 0.83092
0.44204 0.09902
0.56850 0.54951
0.82594 0.03365
0.88768 0.67509
0.76436 0.95875
0.46910 0.16285
0.61295 0.92713
0.72864 0.63152
0.27658 0.05351
0.67309 0.67402
0.30443 0.16852
0.13454 0.46756
0.78824 0.34537
0.09610 0.04003
0.39347 0.10615
0.55234 0.21177
0.20968 0.96151
0.49172 0.57178
0.71180 0.00184
0.40439 0.73581
0.58374 0.65994
0.14076 0.46531
0.65914 0.73580
0.11731 0.11398
0.78276 0.14490
0.93787 0.00950
0.16230 0.62400
0.99492 0.21377
0.17211 0.13645
0.97990 0.53895
0.66866 0.69201
0.68611 0.27592
0.67143 0.85795
0.17918 0.63842
0.67593 0.08489
0.55364 0.82314
0.38230 0.79623
0.23611 0.08310
0.11901 0.88206
0.03290 0.64370
0.74355 0.72395
0.56406 0.98058
0.66363 0.24357
0.98651 0.06403
0.71158 0.69083
0.97166 0.49855
0.85181 0.14374
0.05505 0.28163
0.13714 0.05428
0.16458 0.41131
0.70568 0.83031
0.62004 0.95723
0.35333 0.24951
0.88218 0.56090
0.16498 0.82602
0.69679 0.59580
0.78124 0.97251
0.06788 0.28659
0.92684 0.39006
0.81609 0.13165
0.46147 0.11373
0.30135 0.01744
0.49240 0.69432
0.06072 0.25835
0.96071 0.07742
0.34109 0.15450
0.82193 0.41942
0.60376 0.36977
0.30106 0.77029
0.81841 0.64278
0.69031 0.74722
0.31425 0.38878
0.75221 0.20329
0.29977 0.68070
0.59083 0.14800
0.36785 0.21665
0.26865 0.53913
0.80364 0.87778
0.81262 0.37905
0.52803 0.12086
0.31669 0.51773
0.82146 0.08623
0.19158 0.69042
0.73937 0.58034
0.71480 0.21498
0.85377 0.31096
0.53977 0.91765
0.39471 0.24598
0.10977 0.89784
0.75781 0.47254
0.66125 0.84663
0.10245 0.68085
0.43526 0.02988
0.81070 0.95025
0.19872 0.28936
0.07830 0.56134
0.90261 0.92194
0.90915 0.21621
0.87252 0.17663
0.41319 0.08968
0.32720 0.16274
0.61899 0.64454
0.59871 0.22127
0.86597 0.85211
0.85761 0.61352
0.44458 0.37040
0.90428 0.63396
0.78286 0.21385
0.33098 0.84726
0.56979 0.05207
0.55028 0.91596
0.65681 0.02961
0.18111 0.65105
0.94215 0.94982
0.59234 0.03076
0.65310 0.59732
0.86702 0.03166
0.70079 0.17095
0.54930 0.81527
0.01634 0.18094
0.15801 0.24925
0.50285 0.31524
0.11233 0.71359
0.05657 0.13735
0.00151 0.77942
0.49467 0.51172
0.12663 0.28650
0.68486 0.36585
0.28710 0.71391
0.09998 0.10627
0.54802 0.83213
0.86304 0.07750
0.97592 0.27984
0.74999 0.43182
0.97867 0.45897
0.92819 0.23726
0.29685 0.84574
0.30578 0.38275
0.75694 0.82427
0.08668 0.77009
0.60571 0.05494
0.66820 0.74504
0.61831 0.59107
0.20069 0.99409
0.70822 0.94546
0.40692 0.76996
0.51011 0.12853
0.78779 0.04686
0.26996 0.24053
0.85656 0.71855
0.46193 0.84926
0.95557 0.85868
0.84975 0.69096
0.29850 0.24723
0.71742 0.89485
0.11097 0.02383
0.26694 0.16768
0.51284 0.88764
0.03245 0.03542
0.73024 0.23053
0.18854 0.24078
0.22926 0.56450
0.13903 0.63742
0.13579 0.43645
0.74584 0.01487
0.09711 0.42008
0.27679 0.07167
0.31898 0.97148
0.67795 0.59778
0.17511 0.87646
0.73208 0.08193
0.91174 0.06664
0.47910 0.03375
0.57231 0.71163
0.90953 0.08509
0.89462 0.95282
0.12467 0.58204
0.99554 0.36719
0.40570 0.82963
0.39914 0.85172
0.79774 0.60258
0.39523 0.41740
0.45213 0.32375
0.93536 0.46997
0.54375 0.87913
0.45420 0.09413
0.70411 0.06484
0.92143 0.97162
0.10272 0.52191
0.23093 0.36678
0.53872 0.38083
0.96403 0.59654
0.20338 0.44341
0.71589 0.77357
0.93160 0.03592
0.90798 0.75859
0.85588 0.65678
0.91362 0.48144
0.56785 0.04648
0.94260 0.63638
0.19732 0.59901
0.54695 0.00787
0.94317 0.41560
0.53188 0.85824
0.82851 0.20437
0.92355 0.92084
0.08388 0.74136
0.86550 0.09235
0.03050 0.88663
0.67639 0.49549
0.86146 0.28660
0.80976 0.68201
0.87262 0.50790
0.89535 0.84457
0.65462 0.36607
0.16227 0.12314
0.01311 0.06183
0.11739 0.05947
0.29572 0.48570
0.51976 0.83031
0.70716 0.94419
0.23801 0.14609
0.49973 0.36712
0.43106 0.71548
0.12655 0.10040
0.27863 0.36724
0.72644 0.01081
0.03205 0.96576
0.05981 0.28936
0.99064 0.87808
0.40856 0.93181
0.40914 0.93687
0.74810 0.92167
0.35848 0.49733
0.33457 0.89435
0.85968 0.68462
0.69305 0.33403
0.96361 0.00356
0.98804 0.57910
0.35820 0.34114
0.93443 0.32801
0.65296 0.62982
0.99094 0.74025
0.55324 0.83720
0.01583 0.04616
0.28330 0.51304
0.18732 0.93239
0.96508 0.37862
0.46406 0.34040
0.99627 0.66198
0.95620 0.45601
0.62813 0.08940
0.82504 0.11783
0.99663 0.58472
0.15701 0.46750
0.98164 0.66566
0.65051 0.55219
0.54826 0.67375
0.51439 0.44856
0.75741 0.95175
0.13087 0.15110
0.40115 0.78408
0.04730 0.05125
0.55613 0.94098
0.23570 0.76254
0.78639 0.40110
0.05870 0.43290
0.66304 0.08588
0.33034 0.31911
0.35102 0.51575
0.10159 0.94616
0.69721 0.33286
0.36270 0.56017
0.72532 0.94088
0.42404 0.75142
0.76713 0.57463
0.44562 0.26668
0.26537 0.84928
0.06839 0.23826
0.52351 0.86324
0.93916 0.81093
0.32293 0.62495
0.75563 0.19764
0.24940 0.02892
0.53307 0.15510
0.50299 0.31541
0.44014 0.91133
0.96509 0.78505
0.71337 0.84632
0.32531 0.14530
0.12910 0.24205
0.73943 0.41733
0.74810 0.33425
0.97984 0.10706
0.46583 0.74687
0.14236 0.61303
0.42833 0.92739
0.75428 0.59218
0.97485 0.17557
0.15085 0.50749
0.42172 0.03610
0.18379 0.63225
0.50543 0.17402
0.02656 0.44057
0.50555 0.08201
0.69719 0.47888
0.57455 0.99224
0.35736 0.31693
0.65676 0.08608
0.58800 0.44369
0.74173 0.94744
0.75883 0.56955
0.32947 0.53205
0.07778 0.38158
0.47683 0.05360
0.92827 0.67443
0.04620 0.62440
0.44725 0.81432
0.61214 0.88341
0.95894 0.89156
0.26308 0.65989
0.27961 0.00511
0.42377 0.57689
0.93570 0.37682
0.64796 0.33621
0.73420 0.88384
0.54081 0.47288
0.22229 0.55744
0.90420 0.94649
0.74957 0.59238
0.18489 0.21790
0.93613 0.86902
0.45247 0.14381
0.62368 0.66070
0.57480 0.93236
0.37488 0.51301
0.68669 0.30194
0.85481 0.52684
0.33597 0.53786
0.44980 0.28582
0.71176 0.90688
0.49519 0.69498
0.70165 0.85499
0.22489 0.27128
0.81174 0.07307
0.76216 0.13185
0.36368 0.44019
0.20525 0.38651
0.58977 0.95145
0.37832 0.34910
0.48214 0.80214
0.39159 0.60227
0.92180 0.16874
0.55933 0.50865
0.08264 0.66274
0.98538 0.80299
0.37858 0.60983
0.36421 0.33260
0.43676 0.73454
0.72676 0.36347
0.44112 0.38162
0.08141 0.37644
0.81193 0.28335
0.62211 0.50165
0.70176 0.18427
0.39914 0.93452
0.58629 0.17135
0.34216 0.41698
0.33136 0.50025
0.76205 0.33721
0.05534 0.47403
0.79689 0.76496
0.78336 0.60629
0.50394 0.45587
0.18604 0.63718
0.05804 0.61790
0.17903 0.87044
0.34581 0.78888
0.34408 0.11322
0.97058 0.82254
0.82830 0.63087
0.20271 0.45516
0.61263 0.60090
0.08007 0.83737
0.49796 0.46678
0.37717 0.50398
0.22647 0.99627
0.95460 0.95148
0.32109 0.81937
0.22154 0.15357
0.74331 0.98384
0.87873 0.14423
0.16244 0.44884
0.72599 0.64088
0.34425 0.33339
0.07129 0.67040
0.05942 0.88775
0.55700 0.33121
0.79034 0.30095
0.43054 0.22292
0.24071 0.71364
0.91999 0.39661
0.02677 0.76913
0.45178 0.28967
0.54526 0.72185
0.49087 0.99001
0.76543 0.79716
0.72619 0.32019
0.74823 0.75019
0.32033 0.41409
0.69164 0.20313
0.44038 0.05520
0.38707 0.07215
0.17106 0.46202
0.34621 0.61002
0.62456 0.05007
0.52380 0.57159
0.74066 0.86330
0.45663 0.21973
0.49909 0.51743
0.78470 0.06412
0.79972 0.28666
0.48640 0.20800
0.78175 0.94198
0.18230 0.67549
0.05820 0.50921
0.91259 0.88125
0.49833 0.37384
0.09420 0.72689
0.78882 0.09143
0.33368 0.61921
0.73821 0.57018
0.67005 0.18611
0.59883 0.57065
0.41973 0.66415
0.91853 0.10101
0.64551 0.53981
0.42921 0.24682
0.38762 0.10960
0.41198 0.10043
0.45230 0.57796
0.44002 0.35129
0.57394 0.13062
0.00895 0.69269
0.07034 0.95719
0.59983 0.66210
0.18347 0.86163
0.15236 0.67705
0.65414 0.14797
0.09341 0.84446
0.42531 0.25361
0.82949 0.02495
0.12231 0.92485
0.69694 0.12371
0.56868 0.92033
0.93180 0.00352
0.22685 0.05823
0.14646 0.93783
0.45234 0.74024
0.27687 0.05751
0.24786 0.72500
0.94207 0.49455
0.51364 0.72011
0.95230 0.25436
0.85159 0.37543
0.09050 0.40893
0.09985 0.38382
0.64246 0.97103
0.20524 0.18085
0.39872 0.66349
0.92285 0.45449
0.60206 0.72535
0.02004 0.00544
0.20161 0.54501
0.80949 0.10008
0.99343 0.75767
0.01401 0.46679
0.49966 0.49001
0.32658 0.94790
0.22515 0.73809
0.35834 0.04322
0.92929 0.05805
0.13913 0.11312
0.36541 0.65186
0.98334 0.54602
0.43639 0.11603
0.52888 0.47384
0.43150 0.09075
0.53616 0.27779
0.82752 0.51882
0.78447 0.55153
0.45818 0.96057
0.99395 0.39198
0.55646 0.86247
0.57397 0.68228
0.79346 0.72796
0.09888 0.66356
0.45312 0.20928
0.95240 0.14439
0.67108 0.18745
0.21170 0.08532
0.30765 0.98795
0.57106 0.14099
0.32403 0.75739
0.05829 0.04245
0.00891 0.23209
0.36607 0.50626
0.22803 0.96938
0.18700 0.99718
0.29105 0.71047
0.15250 0.43079
0.04847 0.85453
0.25585 0.16247
0.61403 0.36395
0.55852 0.21804
0.38334 0.49920
0.91815 0.90521
0.38981 0.21697
0.85928 0.11350
0.98528 0.56126
0.22418 0.16448
0.57477 0.65924
0.81446 0.75157
0.48951 0.51728
0.37492 0.58276
0.53246 0.52444
0.38085 0.55059
0.63871 0.43510
0.18975 0.66233
0.63537 0.98344
0.55710 0.86503
0.18019 0.50674
0.61016 0.98711
0.73761 0.83125
0.67465 0.15941
0.19938 0.67123
0.92383 0.31589
0.63830 0.44978
0.92253 0.47125
0.85730 0.28687
0.16129 0.21124
0.93364 0.76895
0.19330 0.90276
0.31715 0.85949
0.17753 0.17958
0.98389 0.22238
0.87705 0.99093
0.85035 0.10657
0.44238 0.42961
0.62760 0.06481
0.77752 0.80428
0.24512 0.42221
0.85665 0.01218
0.05835 0.03066
0.85007 0.78494
0.31021 0.38251
0.88181 0.62813
0.69031 0.32845
0.99137 0.42226
0.43119 0.51843
0.58950 0.70939
0.29694 0.00707
0.12823 0.35372
0.37770 0.28763
0.44599 0.27351
0.43594 0.13474
0.81356 0.75193
0.66644 0.86654
0.91943 0.84817
0.36203 0.36413
0.62608 0.40889
0.79589 0.42581
0.37504 0.14983
0.07036 0.74983
0.38790 0.01467
0.56160 0.27158
0.65808 0.01719
0.50983 0.09351
0.16777 0.34641
0.36642 0.81376
0.11762 0.51364
0.61416 0.26421
0.03884 0.55415
0.38137 0.26662
0.02185 0.57873
0.36818 0.12278
0.57441 0.85850
0.46987 0.55727
0.37612 0.43595
0.82510 0.51588
0.05168 0.85272
0.90147 0.74782
0.41385 0.70995
0.05207 0.78561
0.75232 0.03254
0.47831 0.91261
0.52715 0.63455
0.06757 0.85027
0.44150 0.97713
0.62757 0.78177
0.43826 0.94649
0.73571 0.83707
0.55940 0.69066
0.38054 0.81337
0.36219 0.19670
0.80563 0.64285
0.55997 0.26318
0.40468 0.17546
0.69643 0.86426
0.05061 0.58457
0.40027 0.12843
0.53570 0.55610
0.35847 0.17312
0.45891 0.71231
0.25790 0.15693
0.22443 0.50281
0.29221 0.59612
0.13078 0.17875
0.19362 0.72155
0.34271 0.74729
0.67681 0.89300
0.08175 0.27570
0.31641 0.42449
0.81544 0.59853
0.63866 0.04554
0.05115 0.32873
0.13001 0.72221
0.42232 0.87913
0.75332 0.84389
0.85062 0.28672
0.60529 0.65967
0.62964 0.53346
0.10296 0.80010
0.39939 0.65894
0.24938 0.54459
0.38205 0.06879
0.50736 0.77321
0.26119 0.26237
0.69614 0.30254
0.52793 0.83760
0.59921 0.57743
0.97920 0.33665
0.56810 0.86400
0.53524 0.08035
0.04606 0.92399
0.17765 0.40861
0.06729 0.00833
0.32330 0.63850
0.72758 0.35237
0.56603 0.40475
0.61969 0.21140
0.39115 0.33414
0.75249 0.06766
0.76560 0.91601
0.49716 0.68438
0.00425 0.44270
0.33279 0.64875
0.46053 0.05651
0.18433 0.10224
0.01955 0.74197
0.47558 0.21875
0.14251 0.46829
0.93764 0.58491
0.86344 0.22611
0.91059 0.92106
0.84454 0.13270
0.16436 0.87187
0.58197 0.73356
0.27021 0.99616
0.52216 0.19450
0.68873 0.50853
0.51056 0.55954
0.76349 0.02579
0.42526 0.44440
0.41165 0.28877
0.98367 0.94945
0.31943 0.12155
0.34197 0.13012
0.53279 0.57913
0.84237 0.56460
0.11059 0.57690
0.20851 0.51237
0.80171 0.80138
0.11943 0.60104
0.63079 0.72747
0.92033 0.72034
0.69162 0.27121
0.57048 0.58628
0.00754 0.32792
0.72987 0.33014
0.40242 0.61491
0.60326 0.42555
0.42461 0.62332
0.13578 0.84470
0.58826 0.95373
0.90108 0.88605
0.18521 0.11044
0.04239 0.82532
0.51461 0.69597
0.24641 0.15958
0.91173 0.33308
0.74451 0.92446
0.91999 0.58789
0.31644 0.87932
0.91726 0.00619
0.61045 0.23715
0.46086 0.96780
0.42353 0.51648
0.98785 0.34988
0.24621 0.44812
0.85513 0.25829
0.06657 0.83527
0.33987 0.48348
0.80936 0.30102
0.24293 0.93183
0.31399 0.35498
0.20794 0.60264
0.21067 0.38294
0.00716 0.02627
0.74920 0.69312
0.80476 0.83772
0.16112 0.63999
0.12706 0.45734
0.17607 0.59861
0.35279 0.06846
0.75868 0.14194
0.97461 0.84131
0.06730 0.35198
0.92345 0.35404
0.65569 0.26045
0.00382 0.89904
0.79317 0.46870
0.84287 0.59619
0.04801 0.24657
0.98511 0.01471
0.13093 0.93824
0.93249 0.40092
0.29520 0.63053
0.04822 0.36437
0.22639 0.85001
0.03450 0.66839
0.43051 0.87687
0.30572 0.78345
0.74619 0.99858
0.41144 0.18125
0.89458 0.96658
0.26352 0.26224
0.91199 0.13265
0.97479 0.81532
0.63778 0.26799
0.71028 0.59654
0.43752 0.04588
0.91203 0.69967
0.24356 0.01016
0.86716 0.59020
0.81591 0.37142
0.58462 0.21332
0.70816 0.10874
0.04174 0.03227
0.93030 0.77507
0.28242 0.36767
0.65364 0.30499
0.21152 0.56957
0.61301 0.63409
0.92957 0.51641
0.43057 0.75586
0.49404 0.20916
0.83700 0.52852
0.57430 0.18897
0.97895 0.23223
0.58546 0.28998
0.56001 0.13093
0.98966 0.67065
0.39598 0.25365
0.61165 0.19783
0.11071 0.53219
0.42229 0.82616
0.16252 0.04911
0.13089 0.81012
0.21587 0.05342
0.28926 0.60542
0.40003 0.22418
0.20575 0.37292
0.52906 0.33040
0.49197 0.09743
0.06843 0.46769
0.32211 0.80688
0.92410 0.79017
0.91873 0.71804
0.55914 0.12011
0.63423 0.58282
0.30811 0.65377
0.25212 0.96265
0.23181 0.26028
0.43017 0.02061
0.94335 0.86722
0.00235 0.37838
0.94013 0.77242
0.09925 0.59107
0.61678 0.03360
0.15915 0.12242
0.56160 0.64070
0.18475 0.87630
0.45733 0.71820
0.54047 0.73259
0.70808 0.48232
0.67446 0.79194
0.31021 0.11819
0.44468 0.55333
0.80105 0.59153
0.74793 0.71981
0.19364 0.97508
0.86067 0.00255
0.85662 0.34533
0.75530 0.60439
0.25713 0.00030
0.19587 0.01227
0.27008 0.49508
0.58776 0.41580
0.75862 0.31245
0.59257 0.71994
0.99830 0.24445
0.75562 0.46042
0.59788 0.31673
0.61411 0.82871
0.38994 0.68191
0.40252 0.32070
0.39611 0.77287
0.15894 0.06299
0.72823 0.60597
0.45947 0.03141
0.37655 0.09520
0.84863 0.12825
0.80608 0.93720
0.38898 0.61534
0.12425 0.77465
0.31441 0.88429
0.44547 0.68831
0.11613 0.03548
0.77549 0.18271
0.94486 0.06187
0.33920 0.04515
0.33488 0.77198
0.23467 0.50288
0.27226 0.68164
0.21189 0.72720
0.92086 0.72990
0.84885 0.44042
0.49165 0.75675
0.93059 0.68312
0.59822 0.07723
0.57484 0.17385
0.05211 0.39287
0.26465 0.12576
0.20733 0.52594
0.26306 0.27453
0.31213 0.48128
0.58170 0.56016
0.51425 0.92717
0.80734 0.96458
0.42932 0.50270
0.37672 0.91810
0.27230 0.69183
0.31464 0.23650
0.93900 0.90304
0.67223 0.62940
0.82800 0.33713
0.64117 0.40031
0.68694 0.81891
0.76435 0.54947
0.99803 0.71421
0.16688 0.62929
0.54782 0.24427
0.48418 0.82622
0.32432 0.45170
0.75852 0.32368
0.94438 0.87433
0.43585 0.73484
0.16477 0.77515
0.92236 0.66364
0.16646 0.35146
0.60816 0.38605
0.14242 0.59697
0.48846 0.71179
0.49915 0.77610
0.18373 0.49226
0.82550 0.83827
0.26140 0.79516
0.59604 0.23671
0.42283 0.03224
0.65523 0.09701
0.60487 0.52948
0.55686 0.29443
0.08290 0.02282
0.25408 0.31383
0.24231 0.31306
0.18730 0.48994
0.34323 0.53807
0.63979 0.04493
0.22824 0.66932
0.91829 0.83076
0.20685 0.61212
0.52275 0.02786
0.54053 0.93063
0.93644 0.29761
0.11253 0.89064
0.89933 0.57165
0.33426 0.45321
0.45542 0.65517
0.40881 0.69457
0.83693 0.82788
0.05487 0.77511
0.55459 0.99306
0.58548 0.74006
0.94033 0.46734
0.26860 0.79988
0.16597 0.81969
0.07056 0.53403
0.60896 0.96934
0.82218 0.25929
0.53171 0.61769
0.97414 0.30059
0.81093 0.77354
0.15156 0.76429
0.50346 0.95072
0.94086 0.95774
0.82507 0.79437
0.78227 0.03525
0.25066 0.59147
0.00510 0.49285
0.09488 0.09902
0.26538 0.41336
0.74956 0.63904
0.74195 0.45631
0.53032 0.63973
0.12099 0.17757
0.08196 0.05129
0.24136 0.58133
0.99520 0.29717
0.04514 0.46046
0.75326 0.02070
0.82305 0.78315
0.88585 0.30659
0.23504 0.83096
0.91135 0.35791
0.86389 0.00048
0.05189 0.79252
0.21090 0.07204
0.77663 0.32257
0.15966 0.08114
0.59043 0.44746
0.24854 0.48873
0.69311 0.05245
0.64541 0.47389
0.43651 0.97181
0.56169 0.35062
0.44428 0.27615
0.33367 0.82373
0.69543 0.45309
0.51179 0.35469
0.34697 0.00032
0.49687 0.25805
0.85043 0.86586
0.78762 0.16651
0.12233 0.24249
0.51823 0.50039
0.98140 0.96829
0.12550 0.47810
0.38268 0.43436
0.50393 0.07530
0.24596 0.49791
0.71911 0.83202
0.98594 0.13784
0.33929 0.28040
0.56569 0.97024
0.07973 0.62148
0.72590 0.85104
0.98189 0.90371
0.01538 0.42622
0.72583 0.82513
0.50079 0.95332
0.92172 0.07838
0.29972 0.93485
0.47867 0.69894
0.12932 0.71522
0.14993 0.18623
0.48888 0.65557
0.40636 0.83120
0.32484 0.18293
0.70769 0.09653
0.82325 0.07528
0.61904 0.27439
0.13815 0.63997
0.43979 0.78253
0.96409 0.19927
0.98850 0.98277
0.54173 0.02170
0.50900 0.68851
0.09188 0.20839
0.48603 0.80732
0.35667 0.95877
0.95340 0.93705
0.79678 0.72146
0.11521 0.46112
0.57006 0.08135
0.37898 0.98070
0.61541 0.67261
0.55839 0.02242
0.37536 0.69421
0.11807 0.33811
0.27063 0.57038
0.23356 0.28866
0.56017 0.63728
0.87689 0.85157
0.05792 0.36722
0.67542 0.06994
0.70520 0.24865
0.00466 0.57407
0.16254 0.05273
0.26388 0.65943
0.69423 0.93541
0.26831 0.47915
0.23541 0.08636
0.10283 0.54232
0.03090 0.02035
0.03316 0.86817
0.76246 0.01078
0.80111 0.39948
0.02023 0.99039
0.26635 0.77888
0.72071 0.30721
0.95297 0.19666
0.84029 0.44845
0.37019 0.99512
0.41203 0.45709
0.11323 0.51578
0.25885 0.52848
0.79902 0.44765
0.61994 0.80917
0.90404 0.70323
0.96097 0.61601
0.89793 0.16971
0.56075 0.97052
0.58746 0.67399
0.04877 0.57890
0.62230 0.56242
0.70697 0.08043
0.67381 0.12306
0.31832 0.53593
0.73735 0.88212
0.45828 0.38684
0.04453 0.92302
0.62132 0.81497
0.99177 0.62223
0.13971 0.84342
0.46074 0.09884
0.18982 0.73857
0.56268 0.18824
0.17150 0.71733
0.03951 0.56040
0.90793 0.06140
0.10216 0.36842
0.97378 0.60367
0.81258 0.65925
0.39139 0.16983
0.34001 0.06644
0.82752 0.78334
0.44106 0.12450
0.60246 0.09201
0.21941 0.65470
0.86379 0.67930
0.59917 0.76955
0.77001 0.49189
0.11053 0.07454
0.35304 0.11022
0.11296 0.40135
0.89577 0.16836
0.41172 0.55336
0.90841 0.61563
0.49090 0.62944
0.64093 0.47902
0.47486 0.09815
0.50903 0.94340
0.69178 0.55825
0.81291 0.92647
0.45750 0.85115
0.14090 0.25812
0.32568 0.55605
0.56537 0.49906
0.56237 0.01212
0.48767 0.26150
0.86580 0.06841
0.78508 0.09608
0.41541 0.47829
0.56608 0.99294
0.87410 0.02093
0.22644 0.34131
0.70585 0.61242
0.99872 0.37465
0.75279 0.07088
0.62618 0.29418
0.78554 0.68036
0.83559 0.00293
0.53026 0.82577
0.47424 0.12585
0.09268 0.59811
0.86187 0.07437
0.08990 0.13397
0.42042 0.35245
0.70530 0.09720
0.94873 0.37606
0.74553 0.78577
0.59258 0.87684
0.93013 0.42944
0.59502 0.77838
0.04635 0.09800
0.88948 0.03529
0.82595 0.99085
0.80973 0.82200
0.87825 0.00895
0.92034 0.69444
0.32708 0.13154
0.49155 0.16423
0.70451 0.15110
0.12947 0.34740
0.30631 0.80714
0.06694 0.10607
0.34932 0.85566
0.09435 0.96365
0.63759 0.46200
0.28640 0.21377
0.16131 0.47796
0.41267 0.29749
0.57254 0.66023
0.56624 0.94664
0.94824 0.07764
0.60714 0.73442
0.83730 0.58772
0.59875 0.16476
0.34927 0.08849
0.00742 0.64820
0.07100 0.21318
0.71323 0.69180
0.56466 0.75173
0.70613 0.97082
0.89557 0.98625
0.51041 0.48199
0.08777 0.96912
0.43168 0.86477
0.43785 0.56514
0.31130 0.19133
0.84233 0.16803
0.71894 0.48136
0.36565 0.67017
0.25986 0.25358
0.37341 0.32891
0.55096 0.20931
0.65665 0.88176
0.49155 0.10464
0.69182 0.23719
0.39881 0.75031
0.22643 0.29018
0.57152 0.51257
0.97537 0.52419
0.26946 0.14741
0.99308 0.41306
0.96535 0.13163
0.37724 0.10092
0.20205 0.39040
0.46334 0.68037
0.85079 0.44500
0.71100 0.63442
0.32294 0.93562
0.26117 0.17495
0.52374 0.20833
0.04941 0.00162
0.22153 0.80481
0.77152 0.91319
0.66825 0.81818
0.22240 0.02461
0.84019 0.36317
0.19045 0.68178
0.27822 0.27104
0.70477 0.83576
0.76973 0.79078
0.42073 0.45643
0.89656 0.37265
0.90773 0.33500
0.18356 0.21600
0.85636 0.68751
0.69395 0.12861
0.70560 0.08365
0.67361 0.56864
0.44856 0.24052
0.09819 0.43123
0.76335 0.52872
0.23627 0.09610
0.47054 0.26402
0.86788 0.74230
0.00075 0.09267
0.74456 0.20846
0.43546 0.39170
0.73741 0.64266
0.42242 0.70912
0.41653 0.86878
0.93638 0.75100
0.18918 0.32792
0.89172 0.19280
0.57506 0.82887
0.31539 0.59868
0.91996 0.62897
0.53597 0.77980
0.92579 0.85391
0.98615 0.33462
0.47969 0.05273
0.25885 0.32320
0.36213 0.24613
0.06533 0.85490
0.37179 0.81340
0.59831 0.76969
0.65840 0.13867
0.10653 0.60997
0.78980 0.59456
0.41801 0.19787
0.44530 0.67949
0.80738 0.10886
0.31609 0.53752
0.19892 0.55822
0.66793 0.36710
0.87897 0.27338
0.91502 0.69323
0.65320 0.01073
0.23415 0.88204
0.72104 0.36418
0.53171 0.50295
0.49790 0.41494
0.73423 0.91356
0.72810 0.33171
0.17014 0.32705
0.23112 0.36122
0.14928 0.86434
0.88061 0.29599
0.96986 0.68565
0.89922 0.77906
0.81403 0.94208
0.74420 0.10947
0.63393 0.84170
0.52840 0.70877
0.50338 0.39453
0.60647 0.48961
0.05433 0.86622
0.91597 0.20837
0.02537 0.43075
0.22598 0.96578
0.08034 0.98545
0.34162 0.64601
0.22921 0.48530
0.54788 0.62106
0.20193 0.45096
0.36072 0.98714
0.71807 0.66880
0.78267 0.39344
0.19937 0.34895
0.39541 0.28187
0.08864 0.52763
0.00312 0.26084
0.84919 0.76482
0.85639 0.31434
0.01376 0.83761
0.50187 0.32239
0.12302 0.44013
0.45693 0.31654
0.41080 0.59348
0.11571 0.04842
0.60812 0.18687
0.56456 0.77936
0.30303 0.13543
0.78780 0.64895
0.59705 0.64597
0.74367 0.21518
0.86457 0.33822
0.14262 0.48416
0.89421 0.29880
0.11143 0.20771
0.58830 0.24261
0.29326 0.01566
0.80010 0.57306
0.27338 0.22696
0.55389 0.87292
0.55962 0.50313
0.53515 0.05145
0.72133 0.50110
0.92900 0.38185
0.73143 0.60269
0.05922 0.30477
0.87706 0.21917
0.97856 0.55633
0.60437 0.19230
0.62169 0.70683
0.86821 0.15488
0.44599 0.56837
0.20087 0.90898
0.38596 0.37851
0.49439 0.92596
0.24708 0.68794
0.45464 0.53231
0.43007 0.38439
0.07946 0.27677
0.10653 0.26916
0.53410 0.96313
0.70690 0.56074
0.12639 0.33285
0.64267 0.24609
0.07784 0.99800
0.68239 0.47308
0.41088 0.75034
0.97460 0.48475
0.89975 0.68072
0.32327 0.90708
0.25198 0.28970
0.30858 0.14214
0.37164 0.43671
0.06819 0.19198
0.15794 0.21289
0.87541 0.53821
0.71544 0.17530
0.09651 0.35598
0.08855 0.73093
0.57177 0.89602
0.79651 0.26655
0.37122 0.38865
0.15327 0.28892
0.22890 0.80932
0.98542 0.51926
0.94997 0.18272
0.64685 0.14819
0.93016 0.80244
0.13201 0.03244
0.38931 0.82638
0.89683 0.95561
0.04495 0.04394
0.47610 0.54698
0.43490 0.66812
0.63094 0.43603
0.11256 0.55619
0.20716 0.27617
0.43991 0.01480
0.61166 0.80511
0.01322 0.53398
0.21181 0.65594
0.17271 0.45081
0.62593 0.97885
0.45844 0.84855
0.64743 0.66364
0.82821 0.00587
0.42321 0.06869
0.48259 0.09431
0.86107 0.70647
0.71349 0.32583
0.38949 0.33353
0.18321 0.40784
0.60545 0.69875
0.45681 0.93382
0.25581 0.55081
0.01889 0.11833
0.14442 0.18729
0.90603 0.03147
0.24663 0.43995
0.98970 0.33962
0.23297 0.70381
0.54847 0.39881
0.28789 0.88827
0.08135 0.20037
0.94448 0.21788
0.45579 0.21450
0.17555 0.82417
0.36156 0.46135
0.51611 0.26155
0.18518 0.68214
0.35692 0.48749
0.82003 0.12987
0.23480 0.21112
0.83394 0.74659
0.32201 0.37041
0.10214 0.56671
0.12289 0.44272
0.34557 0.60341
0.37244 0.66837
0.84078 0.27722
0.89317 0.52439
0.61798 0.37155
0.49955 0.87080
0.75068 0.04974
0.17692 0.05305
0.55888 0.28614
0.43864 0.30546
0.82613 0.49840
0.12664 0.58111
0.30305 0.12617
0.22704 0.67411
0.35635 0.45159
0.44733 0.36065
0.85195 0.34824
0.34400 0.76082
0.17973 0.42334
0.39877 0.66195
0.12034 0.39170
0.30279 0.81196
0.18514 0.14544
0.43110 0.47977
0.52777 0.08164
0.97412 0.80905
0.71367 0.28529
0.91425 0.78039
0.19599 0.51618
0.49263 0.83037
0.23557 0.15797
0.83631 0.00417
0.51157 0.51713
0.40955 0.22875
0.88291 0.81502
0.50875 0.82929
0.21267 0.94330
0.09051 0.69814
0.68103 0.45718
0.38881 0.15810
0.33753 0.97196
0.85967 0.03021
0.11274 0.31674
0.78612 0.43212
0.59416 0.18144
0.76503 0.42296
0.39159 0.45278
0.95317 0.64151
0.11731 0.74750
0.55739 0.99743
0.62001 0.65786
0.47628 0.86973
0.86739 0.49297
0.30878 0.86265
0.07688 0.44908
0.79068 0.90692
0.12124 0.28846
0.03319 0.41873
0.62219 0.72815
0.53380 0.07441
0.15147 0.38674
0.99560 0.51448
0.42804 0.38328
0.07441 0.02938
0.30111 0.56708
0.13900 0.06510
0.24317 0.59109
0.09075 0.88441
0.87627 0.68979
0.75323 0.23510
0.93648 0.16225
0.96368 0.63579
0.29826 0.33613
0.02553 0.58503
0.16539 0.59179
0.71951 0.53549
0.52388 0.77728
0.67788 0.60061
0.97480 0.28733
0.02619 0.52919
0.57731 0.69140
0.38276 0.13919
0.18886 0.07409
0.47346 0.52798
0.31125 0.19050
0.72441 0.87356
0.92266 0.76779
0.39766 0.03288
0.41999 0.05631
0.23286 0.17148
0.02952 0.58664
0.96100 0.50150
0.82431 0.64607
0.87859 0.74784
0.55458 0.49297
0.88525 0.69444
0.47889 0.78205
0.68067 0.74177
0.19972 0.61519
0.02977 0.69366
0.57301 0.82689
0.75503 0.55721
0.81054 0.93300
0.52074 0.89063
0.91527 0.82580
0.21289 0.56472
0.70504 0.73747
0.48916 0.21641
0.49285 0.47229
0.08112 0.96708
0.29906 0.63804
0.70650 0.04281
0.34161 0.53323
0.98148 0.88655
0.03480 0.68816
0.21043 0.06797
0.48876 0.68664
0.20246 0.61870
0.92125 0.87961
0.97602 0.07275
0.43786 0.41275
0.15001 0.31727
0.73832 0.04935
0.27981 0.37030
0.52681 0.42675
0.08663 0.07560
0.85901 0.85747
0.66504 0.38815
0.89372 0.49729
0.71076 0.29396
0.17651 0.97916
0.81693 0.92071
0.08259 0.28410
0.79317 0.25125
0.45617 0.35948
0.76173 0.62813
0.33713 0.56091
0.89654 0.62477
0.22438 0.05371
0.97017 0.61815
0.75808 0.05972
0.42329 0.07282
0.87871 0.00839
0.95534 0.07935
0.24831 0.91230
0.60109 0.31755
0.70786 0.87344
0.33375 0.43689
0.58659 0.92135
0.95262 0.59232
0.87892 0.35789
0.58571 0.36267
0.06137 0.28528
0.76224 0.54900
0.84344 0.40370
0.70400 0.06769
0.92314 0.54895
0.26041 0.91897
0.90626 0.33910
0.63463 0.27236
0.63939 0.62363
0.19988 0.37763
0.23346 0.33002
0.26624 0.92838
0.19921 0.67080
0.15174 0.41971
0.72986 0.10138
0.05027 0.37694
0.74637 0.87380
0.88037 0.52723
0.32202 0.52331
0.30757 0.77590
0.66626 0.43069
0.83684 0.14078
0.76024 0.17040
0.76626 0.89218
0.46531 0.56616
0.41663 0.44632
0.86346 0.57187
0.95106 0.10957
0.18386 0.23937
0.29261 0.62815
0.82249 0.15845
0.01757 0.98653
0.07189 0.71422
0.62074 0.49187
0.05092 0.18733
0.49329 0.26490
0.09822 0.37776
0.75099 0.62024
0.02822 0.53196
0.06733 0.39141
0.64430 0.03580
0.86184 0.80884
0.18796 0.60707
0.10773 0.07165
0.95130 0.81123
0.52990 0.91390
0.31454 0.91684
0.00872 0.62085
0.43423 0.09501
0.59121 0.54904
0.76282 0.52699
0.37241 0.97801
0.81933 0.23747
0.16802 0.63449
0.45414 0.07567
0.09773 0.57755
0.23076 0.34011
0.50238 0.46919
0.75525 0.56488
0.85179 0.70464
0.89602 0.45925
0.89366 0.38916
0.07237 0.97655
0.57940 0.96831
0.10301 0.89831
0.25642 0.59301
0.77955 0.44824
0.61238 0.46186
0.14987 0.56470
0.63908 0.94582
0.94558 0.35818
0.47061 0.11389
0.09404 0.04992
0.82560 0.24927
0.34273 0.39311
0.78563 0.54541
0.75436 0.35627
0.41705 0.09929
0.15159 0.31370
0.26839 0.05716
0.05097 0.61217
0.22295 0.51605
0.52534 0.71923
0.40487 0.99203
0.52392 0.34221
0.23105 0.21848
0.73926 0.92902
0.85867 0.08022
0.53410 0.77648
0.58187 0.42697
0.71304 0.77703
0.09842 0.69870
0.06418 0.88976
0.51433 0.74440
0.52046 0.58283
0.91981 0.26080
0.08306 0.72326
0.65025 0.93702
0.77168 0.57173
0.53489 0.91482
0.28091 0.74548
0.67735 0.58246
0.87012 0.13773
0.55494 0.90066
0.14975 0.40433
0.08933 0.55295
0.91419 0.25833
0.06648 0.79761
0.68509 0.07101
0.71029 0.83191
0.00791 0.82049
0.56367 0.19235
0.41546 0.16937
0.08235 0.62388
0.25814 0.45737
0.26053 0.27781
0.34101 0.31139
0.67964 0.28163
0.49716 0.32762
0.37259 0.19300
0.90196 0.76005
0.43845 0.03653
0.59683 0.29760
0.70456 0.68158
0.46247 0.06834
0.44016 0.69163
0.46045 0.84464
0.65272 0.05706
0.66401 0.87625
0.14102 0.47573
0.21197 0.66087
0.30403 0.82825
0.84306 0.50076
0.92755 0.72099
0.41448 0.77427
0.88858 0.87817
0.69622 0.65952
0.00933 0.80342
0.20841 0.16259
0.44970 0.56356
0.87895 0.04572
0.25463 0.59079
0.81152 0.50787
0.18992 0.26273
0.28840 0.08632
0.53155 0.47649
0.08602 0.82037
0.22347 0.80362
0.90411 0.24309
0.25189 0.22533
0.94163 0.94684
0.52827 0.64470
0.70969 0.45638
0.85004 0.95015
0.42137 0.68348
0.34129 0.85168
0.28838 0.79972
0.90693 0.24560
0.83914 0.20771
0.32617 0.71834
0.38695 0.24044
0.90878 0.65161
0.81562 0.00990
0.18415 0.79764
0.35292 0.00144
0.16007 0.93423
0.59872 0.99650
0.80807 0.77449
0.12309 0.02554
0.38072 0.23135
0.17618 0.86175
0.33417 0.31384
0.25008 0.39453
0.46377 0.31592
0.92171 0.08033
0.66361 0.94196
0.12087 0.65834
0.94943 0.34679
0.17652 0.07317
0.55871 0.06290
0.36489 0.69273
0.28283 0.73826
0.88431 0.05706
0.17738 0.30675
0.96958 0.91316
0.99224 0.45827
0.30876 0.16187
0.12609 0.89168
0.09194 0.87316
0.88547 0.06460
0.29892 0.96363
0.17054 0.01711
0.39757 0.93201
0.86110 0.31647
0.86166 0.18061
0.52086 0.39119
0.23694 0.57099
0.24866 0.83503
0.56094 0.02647
0.70693 0.46317
0.04693 0.95424
0.47989 0.87482
0.16148 0.46423
0.97205 0.00851
0.64874 0.16885
0.76428 0.32371
0.99766 0.99727
0.87073 0.37419
0.18694 0.34759
0.63720 0.83496
0.37805 0.32631
0.07993 0.22742
0.13296 0.29985
0.22940 0.58558
0.10697 0.21429
0.36353 0.77836
0.88489 0.70133
0.64419 0.37938
0.83056 0.38412
0.83130 0.64752
0.32399 0.92454
0.84699 0.58421
0.05970 0.19705
0.28178 0.44737
0.17366 0.77324
0.82695 0.60119
0.86599 0.39529
0.69482 0.79909
0.13970 0.37533
0.24443 0.93884
0.13798 0.08544
0.35315 0.18133
0.44266 0.90601
0.76568 0.38962
0.43036 0.26042
0.05258 0.23460
0.07124 0.92276
0.79429 0.09589
0.26163 0.23666
0.26029 0.06796
0.41040 0.92089
0.46321 0.66723
0.31964 0.49901
0.54985 0.51136
0.46109 0.24483
0.42031 0.67773
0.91998 0.68611
0.34240 0.51993
0.63168 0.00463
0.10121 0.78519
0.93356 0.04743
0.59122 0.98341
0.61589 0.36992
0.24864 0.47068
0.50385 0.15925
0.88694 0.89617
0.19990 0.38186
0.05284 0.14041
0.66898 0.57774
0.82323 0.86467
0.30164 0.04242
0.11124 0.31073
0.53175 0.39387
0.73380 0.05867
0.88776 0.70024
0.56564 0.04840
0.30464 0.65526
0.77200 0.79790
0.80733 0.59219
0.09763 0.52988
0.14832 0.99698
0.22828 0.84870
0.47391 0.20031
0.04012 0.34842
0.42619 0.77491
0.81220 0.31023
0.46821 0.02979
0.98137 0.13467
0.18396 0.47425
0.02626 0.47686
0.47328 0.04270
0.50002 0.73270
0.84341 0.97093
0.53502 0.52123
0.33378 0.36122
0.82010 0.41304
0.07238 0.87495
0.80098 0.06336
0.41256 0.38486
0.38736 0.49290
0.21339 0.49651
0.04388 0.91543
0.86139 0.33633
0.33924 0.92609
0.10131 0.46039
0.12637 0.25306
0.52986 0.26472
0.98589 0.92302
0.95687 0.75608
0.94965 0.14880
0.80787 0.12988
0.85103 0.87869
0.11541 0.19704
0.75736 0.86912
0.45655 0.28684
0.93586 0.84432
0.50749 0.94986
0.82614 0.88789
0.93227 0.30155
0.64124 0.26468
0.62960 0.85698
0.77349 0.49751
0.55413 0.99465
0.30243 0.91320
0.51853 0.21469
0.26964 0.44904
0.00425 0.05154
0.13081 0.41739
0.68870 0.93364
0.32742 0.18638
0.54658 0.78784
0.31227 0.69920
0.04866 0.67483
0.14306 0.20846
0.71434 0.81461
0.35891 0.39430
0.34121 0.11851
0.41660 0.79765
0.11205 0.26411
0.01174 0.88306
0.72159 0.17187
0.22824 0.68153
0.77217 0.47825
0.76305 0.29023
0.87008 0.98823
0.77808 0.80595
0.77084 0.30902
0.83735 0.57227
0.72477 0.69694
0.93018 0.65172
0.73036 0.75373
0.77977 0.98806
0.01723 0.04327
0.25884 0.57905
0.41582 0.79459
0.39804 0.51101
0.47011 0.00029
0.12624 0.19570
0.76704 0.71399
0.38469 0.11681
0.53311 0.80495
0.24840 0.35188
0.58905 0.20566
0.51676 0.25705
0.70077 0.88272
0.70926 0.36275
0.62094 0.75224
0.46522 0.10347
0.77112 0.11566
0.20089 0.90055
0.99627 0.56179
0.98506 0.07856
0.74740 0.95396
0.90532 0.24638
0.01714 0.92771
0.77979 0.51288
0.13303 0.35458
0.00023 0.85254
0.65639 0.71111
0.39971 0.18093
0.78742 0.05342
0.11219 0.37713
0.82500 0.48909
0.10029 0.10534
0.64057 0.75850
0.92330 0.26257
0.00656 0.82824
0.09107 0.33664
0.04061 0.46357
0.05894 0.40567
0.36055 0.26406
0.30642 0.10099
0.36835 0.04952
0.98318 0.40223
0.25157 0.49006
0.20663 0.50979
0.25912 0.31970
0.72348 0.08936
0.26879 0.33372
0.09480 0.30550
0.17022 0.30156
0.45839 0.33991
0.14144 0.08026
0.44599 0.45002
0.75060 0.65520
0.06225 0.74147
0.45680 0.97033
0.74569 0.68149
0.75236 0.14921
0.28361 0.77104
0.24207 0.29899
0.96390 0.79663
0.85875 0.06043
0.81243 0.76087
0.48461 0.18910
0.00532 0.64204
0.16673 0.66587
0.99658 0.42054
0.35345 0.30454
0.53285 0.34803
0.53208 0.74138
0.74214 0.99338
0.65827 0.36697
0.17442 0.04190
0.00361 0.70036
0.16111 0.26288
0.54783 0.23041
0.46403 0.22483
0.43025 0.74751
0.96128 0.43423
0.28416 0.31458
0.26138 0.66956
0.41350 0.52549
0.95688 0.63258
0.50254 0.75902
0.53462 0.40956
0.04343 0.34770
0.29659 0.92450
0.19899 0.77713
0.97754 0.76143
0.04194 0.82270
0.92840 0.40527
0.85943 0.00548
0.66350 0.85796
0.68552 0.95880
0.86913 0.95595
0.96278 0.26341
0.85788 0.40761
0.01178 0.69782
0.40071 0.17375
0.51253 0.93344
0.63265 0.10883
0.53711 0.39171
0.82979 0.26473
0.14133 0.56268
0.61390 0.80920
0.56386 0.74899
0.44651 0.06812
0.28516 0.11972
0.66884 0.03795
0.39920 0.05419
0.58415 0.51956
0.62761 0.98648
0.85647 0.88884
0.20347 0.93763
0.05006 0.57532
0.43859 0.95074
0.38937 0.99456
0.58427 0.34528
0.40888 0.92111
0.03555 0.42749
0.46441 0.63694
0.54126 0.09784
0.70561 0.00027
0.71871 0.34889
0.55519 0.06781
0.62079 0.35496
0.88335 0.23039
0.03570 0.73581
0.42984 0.92466
0.06194 0.35715
0.19468 0.76251
0.18524 0.46530
0.01150 0.93891
0.59203 0.02652
0.76558 0.40754
0.00272 0.80380
0.81027 0.44883
0.11977 0.30613
0.32134 0.88841
0.22856 0.10014
0.73928 0.31128
0.19308 0.68422
0.93736 0.78462
0.10640 0.05870
0.41007 0.46801
0.23967 0.29783
0.68833 0.52148
0.14683 0.12770
0.25581 0.18793
0.13479 0.17384
0.76533 0.09318
0.67597 0.10348
0.76810 0.98035
0.70409 0.09689
0.50348 0.40103
0.64849 0.11914
0.68802 0.46143
0.35669 0.04261
0.76839 0.32936
0.79365 0.69756
0.62505 0.13772
0.46461 0.09993
0.84401 0.48360
0.91754 0.97179
0.23318 0.93881
0.21720 0.36955
0.19208 0.05287
0.66366 0.99802
0.62744 0.80444
0.61495 0.07380
0.38404 0.42353
0.13402 0.21879
0.70629 0.97621
0.17072 0.75146
0.01055 0.67990
0.34274 0.81241
0.84200 0.77270
0.11244 0.83440
0.45636 0.23871
0.90959 0.40409
0.43555 0.01490
0.38777 0.77128
0.37266 0.88705
0.65930 0.04750
0.00818 0.57754
0.63902 0.11400
0.42521 0.75097
0.03927 0.63461
0.47281 0.62158
0.56388 0.86764
0.85580 0.15828
0.86683 0.69523
0.69367 0.92283
0.76246 0.43818
0.29764 0.99778
0.95411 0.05474
0.39925 0.91434
0.02810 0.91770
0.67818 0.52574
0.52318 0.52313
0.93752 0.01922
0.47961 0.67796
0.95358 0.95684
0.04586 0.15327
0.07579 0.88010
0.52608 0.21396
0.45078 0.66145
0.35642 0.30591
0.95457 0.59572
0.00534 0.20322
0.33805 0.16228
0.80435 0.78846
0.32949 0.15069
0.05187 0.29546
0.81407 0.54362
0.74029 0.19573
0.33397 0.83194
0.54994 0.59397
0.37597 0.39620
0.41746 0.19932
0.38563 0.14943
0.85890 0.34890
0.97229 0.21434
0.85099 0.91081
0.62308 0.66546
0.28898 0.65904
0.19715 0.87499
0.17044 0.92119
0.18181 0.22120
0.39945 0.40587
0.78837 0.41117
0.73944 0.50764
0.47964 0.74303
0.49753 0.52910
0.56182 0.30113
0.13088 0.06409
0.46238 0.23781
0.31073 0.66079
0.20254 0.56489
0.10040 0.49733
0.80267 0.74606
0.68036 0.52836
0.65750 0.06780
0.91538 0.59386
0.68573 0.88838
0.27045 0.68922
0.00187 0.13648
0.61856 0.87056
0.40639 0.42517
0.82766 0.71924
0.01736 0.35835
0.34804 0.53808
0.86444 0.82747
0.67274 0.37936
0.23573 0.83698
0.57614 0.31982
0.17344 0.66586
0.62738 0.29227
0.29969 0.25580
0.87786 0.17415
0.02260 0.64551
0.98624 0.43121
0.52936 0.28844
0.99906 0.97694
0.29333 0.88617
0.62075 0.45686
0.93906 0.29206
0.22859 0.29368
0.17543 0.60547
0.25856 0.28393
0.01200 0.81341
0.51925 0.65604
0.31239 0.83088
0.15040 0.31940
0.10537 0.75211
0.79876 0.45877
0.82417 0.23099
0.16155 0.84851
0.06854 0.00443
0.21606 0.84636
0.34591 0.80153
0.15592 0.89525
0.10102 0.08048
0.32653 0.73749
0.27833 0.77269
0.98082 0.57626
0.24640 0.35728
0.70827 0.55650
0.39958 0.39464
0.99661 0.32719
0.71822 0.63268
0.58593 0.75813
0.44775 0.24739
0.86255 0.82635
0.70762 0.65272
0.16754 0.17061
0.39801 0.49144
0.52239 0.01385
0.11246 0.71818
0.22224 0.95129
0.66159 0.59549
0.10524 0.15536
0.05919 0.38707
0.86789 0.60443
0.41620 0.13602
0.07346 0.57990
0.64317 0.66178
0.63839 0.17801
0.08388 0.61108
0.53465 0.47991
0.86732 0.88783
0.49178 0.51140
0.79864 0.51376
0.70918 0.69101
0.30402 0.65105
0.21275 0.39408
0.45247 0.68118
0.79514 0.65461
0.57121 0.24444
0.78229 0.99521
0.93820 0.76288
0.56246 0.66498
0.64595 0.53520
0.53146 0.70468
0.75132 0.18111
0.12215 0.90539
0.52196 0.31683
0.27341 0.83186
0.70193 0.57788
0.83235 0.21154
0.06938 0.39124
0.05531 0.26486
0.82623 0.32704
0.47323 0.77062
0.48554 0.95355
0.76006 0.26655
0.64887 0.47627
0.65919 0.03187
0.83269 0.83101
0.78384 0.89325
0.33731 0.15358
0.81905 0.02325
0.20673 0.72298
0.50290 0.09891
0.82209 0.79958
0.77959 0.48269
0.69685 0.57520
0.32167 0.21828
0.43434 0.90286
0.40326 0.90167
0.04129 0.93024
0.36186 0.53378
0.95939 0.71731
0.49166 0.09369
0.73450 0.21561
0.55484 0.71337
0.83487 0.52612
0.10564 0.02313
0.27554 0.36437
0.59063 0.76589
0.82075 0.16903
0.90095 0.82425
0.51319 0.72090
0.22675 0.70079
0.39241 0.65207
0.69909 0.86196
0.31517 0.51060
0.88241 0.90071
0.36486 0.54118
0.91608 0.28926
0.78452 0.60937
0.65587 0.66955
0.42001 0.09446
0.29631 0.54912
0.72160 0.38364
0.38927 0.74155
0.74273 0.17367
0.45884 0.81726
0.67899 0.00585
0.86967 0.12239
0.29786 0.91760
0.64086 0.56254
0.93049 0.80787
0.98294 0.97148
0.05338 0.80114
0.62842 0.99174
0.10987 0.03395
0.33681 0.57177
0.54939 0.31826
0.41241 0.91152
0.84468 0.23672
0.64813 0.35688
0.24179 0.92541
0.19902 0.71438
0.83103 0.81602
0.90006 0.40481
0.55370 0.72773
0.73639 0.19339
0.45983 0.39054
0.69539 0.71618
0.40244 0.04798
0.65541 0.95165
0.32989 0.38915
0.63291 0.72070
0.39062 0.32960
0.79912 0.91521
0.43278 0.09624
0.95824 0.44308
0.94928 0.78564
0.09550 0.29173
0.32287 0.92154
0.49482 0.24408
0.26169 0.50863
0.31343 0.63099
0.96209 0.26219
0.73136 0.74324
0.66282 0.38951
0.22123 0.63924
0.80133 0.02548
0.60799 0.15625
0.68704 0.98148
0.27158 0.66039
0.03673 0.07106
0.21430 0.25580
0.45896 0.78906
0.53529 0.86065
0.43155 0.01008
0.12985 0.88669
0.13659 0.31622
0.94051 0.72640
0.76178 0.47766
0.75943 0.71410
0.73692 0.41324
0.35568 0.70115
0.97742 0.67441
0.45628 0.22721
0.72521 0.43659
0.58714 0.83609
0.68779 0.53624
0.46089 0.38233
0.35201 0.06670
0.49317 0.37202
0.69674 0.84658
0.09583 0.20386
0.86293 0.98548
0.67325 0.96593
0.18347 0.88797
0.53854 0.69410
0.61861 0.21269
0.37939 0.61689
0.93140 0.03703
0.65875 0.19906
0.49964 0.29049
0.33035 0.96648
0.93410 0.45607
0.00242 0.69041
0.28767 0.93854
0.33952 0.73268
0.83465 0.72453
0.10938 0.66941
0.74669 0.34295
0.48997 0.96342
0.99556 0.41541
0.91120 0.40944
0.31612 0.70771
0.58874 0.25911
0.03763 0.18839
0.93557 0.81516
0.34612 0.56202
0.40512 0.02182
0.47346 0.90172
0.03072 0.96181
0.75009 0.37502
0.35278 0.94088
0.45228 0.59768
0.41705 0.12128
0.87385 0.40671
0.59851 0.80884
0.73380 0.52788
0.38589 0.10277
0.17545 0.40390
0.72368 0.20089
0.55462 0.64906
0.83301 0.62642
0.35797 0.14835
0.96665 0.83297
0.72095 0.26868
0.75065 0.75733
0.19432 0.47097
0.74882 0.39894
0.91169 0.10390
0.85738 0.12074
0.88355 0.51635
0.70912 0.69272
0.37797 0.00025
0.40751 0.02901
0.20229 0.03857
0.11081 0.64717
0.09296 0.04233
0.85690 0.61466
0.56269 0.13278
0.14547 0.51400
0.91987 0.02644
0.99470 0.99128
0.67358 0.16105
0.51691 0.12525
0.93954 0.83901
0.87196 0.24400
0.76881 0.99261
0.76796 0.06017
0.81542 0.63603
0.20902 0.04043
0.54074 0.48545
0.35827 0.89728
0.61959 0.59803
0.69791 0.72628
0.74395 0.58066
0.47087 0.40041
0.56577 0.10575
0.39240 0.71843
0.84269 0.33457
0.88602 0.87524
0.83011 0.09517
0.25683 0.06469
0.82001 0.07763
0.78759 0.80085
0.17584 0.85186
0.83099 0.10387
0.95927 0.56089
0.99524 0.64358
0.61161 0.44018
0.38896 0.78401
0.25669 0.56784
0.78919 0.63495
0.02603 0.11710
0.20431 0.37833
0.20767 0.19460
0.72748 0.17472
0.28406 0.29630
0.10112 0.69916
0.25851 0.10826
0.73855 0.20191
0.25413 0.02226
0.77296 0.36252
0.69010 0.14300
0.45774 0.93570
0.29837 0.32434
0.35060 0.26400
0.36424 0.96020
0.98661 0.96293
0.46519 0.55553
0.08287 0.43132
0.58944 0.97703
0.88197 0.14780
0.84922 0.18160
0.78407 0.01772
0.16664 0.27480
0.23450 0.79365
0.12490 0.28048
0.69093 0.55820
0.17624 0.90004
0.55264 0.91890
0.92931 0.53536
0.75855 0.57534
0.94048 0.68197
0.10525 0.96534
0.61168 0.60803
0.36702 0.95666
0.89892 0.76095
0.37780 0.15169
0.77554 0.38073
0.77440 0.43531
0.30618 0.74947
0.46932 0.25523
0.25930 0.22590
0.19655 0.82923
0.98976 0.97333
0.61828 0.27326
0.17222 0.62001
0.31115 0.56233
0.43316 0.79604
0.65855 0.58457
0.58281 0.04494
0.77123 0.56272
0.47872 0.37903
0.60505 0.82729
0.60546 0.86135
0.05158 0.06699
0.34133 0.30802
0.09826 0.64405
0.43444 0.63662
0.81088 0.01238
0.32570 0.40269
0.71291 0.69561
0.70509 0.91019
0.36037 0.01858
0.06054 0.08292
0.27863 0.47488
0.76057 0.15202
0.68480 0.24028
0.48655 0.24920
0.72736 0.36665
0.65079 0.87606
0.27495 0.03168
0.78059 0.98325
0.66025 0.53404
0.40280 0.09206
0.03902 0.72036
0.14767 0.53937
0.88100 0.01076
0.16221 0.88317
0.71769 0.76115
0.31807 0.39173
0.83728 0.06366
0.92867 0.72965
0.27963 0.56485
0.46992 0.64446
0.31171 0.60819
0.02580 0.12997
0.36277 0.60726
0.37303 0.43102
0.21185 0.83916
0.75368 0.68303
0.01855 0.80003
0.82068 0.56221
0.68038 0.53717
0.61373 0.52229
0.47109 0.97371
0.27140 0.45858
0.49838 0.26424
0.59815 0.98001
0.77099 0.53204
0.82392 0.41281
0.03179 0.51487
0.11460 0.31219
0.89246 0.21747
0.07460 0.21220
0.45548 0.35281
0.36937 0.75845
0.00922 0.08957
0.80603 0.04512
0.38750 0.16019
0.02288 0.66967
0.99300 0.76516
0.19647 0.81227
0.55953 0.43902
0.83752 0.93412
0.17799 0.05980
0.19235 0.44968
0.42943 0.23680
0.97186 0.07528
0.98162 0.20708
0.55688 0.72527
0.78388 0.27722
0.08143 0.70475
0.85714 0.78835
0.09178 0.30692
0.42234 0.37875
0.76112 0.35396
0.03258 0.31239
0.35115 0.67281
0.80270 0.80203
0.01605 0.62494
0.40401 0.94982
0.62229 0.17948
0.63175 0.95926
0.32057 0.71438
0.21584 0.02128
0.53593 0.55357
0.19781 0.10020
0.53104 0.99970
0.51065 0.40236
0.02289 0.19961
0.44962 0.46829
0.60357 0.30243
0.22767 0.75653
0.34102 0.56650
0.25167 0.94506
0.48911 0.28121
0.01692 0.13446
0.89793 0.97273
0.08276 0.77177
0.64372 0.37085
0.91395 0.87770
0.72918 0.02524
0.13335 0.18401
0.10744 0.17754
0.38781 0.84576
0.23112 0.72633
0.09951 0.23764
0.04947 0.42153
0.82358 0.46010
0.18117 0.14857
0.92277 0.17968
0.16704 0.79171
0.36742 0.26543
0.08398 0.05539
0.31931 0.37065
0.04674 0.30668
0.21051 0.26124
0.42975 0.40936
0.66911 0.76089
0.06117 0.26711
0.38981 0.99822
0.68108 0.00536
0.74331 0.24683
0.16231 0.74374
0.02651 0.13296
0.16444 0.05013
0.42925 0.77539
0.06449 0.06087
0.64100 0.50690
0.32669 0.04833
0.04824 0.76606
0.45079 0.58934
0.16710 0.05698
0.15750 0.19299
0.71035 0.62150
0.41635 0.47296
0.64788 0.36180
0.99335 0.24840
0.82560 0.77203
0.54054 0.79417
0.91672 0.22626
0.51066 0.61934
0.84141 0.55520
0.39023 0.28398
0.58384 0.56928
0.20072 0.11959
0.90659 0.03026
0.73201 0.47516
0.09575 0.03609
0.29120 0.93741
0.70737 0.11310
0.96391 0.05994
0.43791 0.39572
0.73270 0.59637
0.66761 0.65383
0.00954 0.45514
0.92505 0.75333
0.48166 0.28471
0.11762 0.02714
0.23732 0.13037
0.38941 0.88337
0.08412 0.50923
0.33000 0.24809
0.06307 0.96146
0.81911 0.04317
0.93818 0.57985
0.63584 0.74640
0.87473 0.99051
0.30244 0.27969
0.46355 0.77220
0.71404 0.45878
0.31783 0.98602
0.25845 0.95947
0.66928 0.35708
0.79543 0.59936
0.92191 0.84906
0.49134 0.54866
0.24451 0.26308
0.21936 0.41491
0.50860 0.33018
0.29641 0.28248
0.61166 0.23539
0.00574 0.12761
0.44502 0.80195
0.19303 0.69725
0.09926 0.59872
0.92893 0.28627
0.60850 0.45022
0.39993 0.14560
0.30313 0.14534
0.64196 0.91543
0.83691 0.32952
0.14486 0.61446
0.83833 0.41301
0.29623 0.80374
0.29365 0.40298
0.66137 0.18320
0.97981 0.43073
0.00037 0.26003
0.63258 0.01780
0.76915 0.52335
0.54338 0.22659
0.22610 0.85147
0.69279 0.89558
0.94144 0.96886
0.46389 0.74584
0.97405 0.87580
0.26032 0.38081
0.69200 0.00047
0.38338 0.07733
0.25912 0.92833
0.70873 0.12043
0.29773 0.53454
0.08234 0.41117
0.72763 0.01722
0.20497 0.39365
0.78989 0.66775
0.51796 0.05235
0.86064 0.11801
0.65487 0.30997
0.63448 0.63641
0.80196 0.56099
0.54952 0.45964
0.42963 0.10945
0.47587 0.77843
0.53101 0.65072
0.35867 0.38715
0.35473 0.01610
0.18122 0.73857
0.38578 0.18382
0.42326 0.49941
0.36825 0.16189
0.10704 0.75835
0.21136 0.41639
0.79969 0.28570
0.21773 0.05177
0.66474 0.87228
0.73465 0.74501
0.60346 0.67722
0.16380 0.92916
0.11047 0.83110
0.32173 0.33236
0.80342 0.59754
0.81144 0.76704
0.38548 0.64400
0.98978 0.18850
0.54348 0.81051
0.47992 0.96493
0.04318 0.98372
0.61460 0.58302
0.20240 0.21986
0.66255 0.46136
0.22730 0.89929
0.86543 0.04514
0.95945 0.71357
0.21269 0.76619
0.84878 0.49563
0.07522 0.08896
0.98581 0.10532
0.90170 0.99566
0.04895 0.55294
0.73975 0.09169
0.57017 0.98014
0.60476 0.52696
0.69824 0.27091
0.76794 0.42269
0.87680 0.01518
0.25766 0.19219
0.67627 0.68923
0.41014 0.36054
0.45168 0.52879
0.89340 0.10786
0.34545 0.48318
0.22435 0.38637
0.86428 0.95560
0.88416 0.95582
0.61431 0.15252
0.23099 0.34249
0.71639 0.51789
0.13033 0.52021
0.56737 0.59913
0.19726 0.90236
0.80076 0.83545
0.59254 0.52799
0.41915 0.74889
0.93363 0.82945
0.79446 0.65142
0.26946 0.49654
0.89830 0.86258
0.22121 0.47915
0.17791 0.64919
0.66953 0.52433
0.76390 0.68355
0.75194 0.10365
0.61525 0.67766
0.54169 0.80030
0.39051 0.02672
0.22143 0.67141
0.32202 0.11191
0.44434 0.04107
0.46244 0.22126
0.71187 0.74617
0.41237 0.60734
0.12383 0.88979
0.49407 0.61891
0.16586 0.50133
0.35696 0.79228
0.21849 0.66578
0.62412 0.72840
0.54728 0.04823
0.04594 0.07682
0.14195 0.16414
0.31819 0.33956
0.72435 0.98379
0.46803 0.73719
0.42920 0.13417
0.52401 0.21269
0.94783 0.57580
0.49793 0.12030
0.76617 0.16586
0.88281 0.70560
0.12333 0.62453
0.37909 0.19129
0.87324 0.43366
0.24388 0.73716
0.07675 0.62552
0.91520 0.57162
0.94448 0.87713
0.38014 0.44935
0.34837 0.15882
0.98971 0.46602
0.93060 0.08953
0.20465 0.28154
0.79158 0.15977
0.30122 0.98972
0.32477 0.49323
0.93128 0.98791
0.71266 0.54462
0.68240 0.21442
0.58514 0.88315
0.22764 0.85117
0.07884 0.74096
0.78258 0.91705
0.63149 0.03696
0.38006 0.97498
0.76648 0.10456
0.76627 0.80767
0.59071 0.52639
0.47512 0.49180
0.13598 0.29863
0.69231 0.16354
0.60176 0.77261
0.22550 0.31781
0.40014 0.33415
0.00888 0.22901
0.61525 0.48045
0.28864 0.97304
0.69891 0.72075
0.82063 0.76785
0.98498 0.34625
0.12489 0.79471
0.60907 0.66128
0.81239 0.24022
0.23374 0.53706
0.56042 0.54637
0.76036 0.98934
0.19770 0.45536
0.85940 0.54705
0.47540 0.57518
0.76725 0.88440
0.06860 0.92367
0.65308 0.17938
0.69390 0.76324
0.22526 0.40214
0.29327 0.57401
0.72948 0.44893
0.25096 0.18327
0.20587 0.95272
0.46904 0.19251
0.23226 0.64375
0.14194 0.99672
0.26194 0.23603
0.42889 0.04670
0.24738 0.77362
0.73120 0.48979
0.28168 0.82249
0.65211 0.99374
0.36025 0.57019
0.05613 0.71864
0.46964 0.39890
0.38493 0.04855
0.66384 0.34122
0.86706 0.94227
0.48308 0.02360
0.24990 0.80717
0.55864 0.89739
0.32133 0.93432
0.53458 0.86844
0.93700 0.22417
0.16061 0.92891
0.55342 0.16720
0.10658 0.80749
0.07799 0.74774
0.62721 0.14075
0.46727 0.33913
0.92690 0.11597
0.80961 0.89222
0.75025 0.19178
0.38367 0.35298
0.54536 0.55772
0.48852 0.63244
0.94712 0.07743
0.80444 0.72515
0.10408 0.84637
0.88494 0.93086
0.32045 0.92597
0.04880 0.42923
0.46172 0.16496
0.72381 0.26710
0.70072 0.16512
0.85267 0.75905
0.15280 0.82527
0.59867 0.02097
0.51438 0.34931
0.47977 0.47905
0.90221 0.68880
0.33552 0.26250
0.38012 0.17135
0.13096 0.50901
0.40908 0.62230
0.64252 0.53496
0.89701 0.81480
0.22247 0.38955
0.93243 0.74216
0.18576 0.78720
0.80176 0.82669
0.51917 0.36898
0.58725 0.82473
0.71959 0.72356
0.55851 0.84595
0.27783 0.29617
0.53597 0.29461
0.25354 0.34342
0.69823 0.47822
0.19336 0.07909
0.85224 0.09531
0.65491 0.76371
0.25153 0.79845
0.96012 0.68088
0.90668 0.19177
0.85862 0.81678
0.49321 0.21868
0.78516 0.77456
0.19566 0.10456
0.72624 0.61731
0.10126 0.74946
0.82854 0.67795
0.63530 0.06166
0.75005 0.04825
0.49165 0.28313
0.56622 0.52814
0.88062 0.85398
0.02488 0.08924
0.93678 0.27024
0.59394 0.17370
0.33811 0.64056
0.37618 0.02889
0.25569 0.13567
0.16128 0.26033
0.74057 0.95404
0.27347 0.87829
0.02605 0.95951
0.04583 0.56672
0.89626 0.08310
0.47465 0.68461
0.19538 0.30263
0.87998 0.94411
0.13736 0.46888
0.33526 0.72632
0.64517 0.36927
0.47951 0.22411
0.95503 0.53149
0.31757 0.68851
0.71414 0.97360
0.38218 0.07487
0.90478 0.84646
0.62559 0.41791
0.41609 0.68188
0.79256 0.76003
0.08697 0.90670
0.26098 0.55577
0.80594 0.93855
0.27401 0.76669
0.27777 0.67638
0.37990 0.51745
0.89352 0.60580
0.61135 0.14608
0.73273 0.40089
0.67781 0.56756
0.23304 0.41008
0.43629 0.80950
0.56082 0.59160
0.19587 0.03033
0.93024 0.12869
0.97413 0.89757
0.31004 0.41589
0.87364 0.10842
0.56778 0.71289
0.03653 0.15290
0.88735 0.59337
0.01154 0.49871
0.54524 0.04373
0.67584 0.11271
0.33471 0.49296
0.54610 0.05741
0.27911 0.76678
0.19638 0.98073
0.09383 0.27541
0.86891 0.60129
0.12823 0.71003
0.50884 0.52601
0.45493 0.91851
0.15614 0.40317
0.50959 0.03581
0.38146 0.99080
0.78448 0.65226
0.56624 0.75002
0.49839 0.76340
0.17506 0.17767
0.06967 0.57863
0.89250 0.29487
0.57153 0.79666
0.21979 0.62199
0.91075 0.57470
0.15435 0.81859
0.84150 0.31317
0.42058 0.12440
0.90050 0.74208
0.89955 0.66178
0.86291 0.40373
0.43952 0.43322
0.14005 0.56861
0.16708 0.96391
0.48424 0.55376
0.14995 0.82420
0.44687 0.18799
0.80176 0.68334
0.43690 0.81937
0.62359 0.83979
0.13513 0.04434
0.36435 0.68003
0.27858 0.24640
0.46392 0.78162
0.19098 0.96894
0.33024 0.44589
0.27431 0.86694
0.28720 0.06550
0.23625 0.52545
0.09532 0.35828
0.53455 0.22750
0.03276 0.52895
0.38111 0.93124
0.61404 0.06572
0.33170 0.06043
0.12237 0.07061
0.74809 0.15668
0.62978 0.32922
0.70633 0.15635
0.54377 0.50043
0.35970 0.91341
0.52474 0.11133
0.28457 0.54960
0.32286 0.09966
0.48571 0.07889
0.82634 0.68320
0.43197 0.90707
0.06105 0.48073
0.20681 0.26521
0.71791 0.68601
0.61661 0.77767
0.74673 0.85039
0.68362 0.81903
0.61550 0.98052
0.58095 0.12707
0.84741 0.70750
0.06015 0.40597
0.65540 0.53552
0.87207 0.03858
0.99265 0.73351
0.25169 0.44431
0.26061 0.12372
0.60457 0.54414
0.78499 0.27917
0.68016 0.24674
0.72489 0.50421
0.19424 0.82117
0.24466 0.98231
0.23386 0.38524
0.58395 0.31531
0.50664 0.58579
0.65306 0.94165
0.50354 0.28151
0.04876 0.10552
0.31136 0.92261
0.37942 0.39232
0.20614 0.69681
0.68380 0.56569
0.05578 0.03728
0.81485 0.46401
0.60506 0.23097
0.55738 0.57210
0.02354 0.47410
0.25683 0.49255
0.49232 0.99481
0.95899 0.35391
0.25059 0.03484
0.07081 0.69489
0.89694 0.09588
0.43547 0.51408
0.06581 0.77487
0.27445 0.20055
0.73986 0.10044
0.74752 0.95405
0.25279 0.35700
0.30295 0.98015
0.68078 0.66977
0.46528 0.72713
0.87017 0.09880
0.28720 0.26478
0.28744 0.40618
0.58549 0.53585
0.93124 0.93167
0.65202 0.92533
0.57331 0.06736
0.97533 0.75046
0.29374 0.74301
0.05402 0.27532
0.55754 0.26360
0.60014 0.62791
0.46111 0.88354
0.52029 0.23122
0.08884 0.20393
0.40471 0.11354
0.82185 0.15000
0.73335 0.95668
0.36868 0.75325
0.84825 0.52042
0.57587 0.90137
0.12326 0.27244
0.14562 0.69683
0.43926 0.90337
0.29556 0.61092
0.51309 0.86577
0.19787 0.93732
0.77741 0.24303
0.08590 0.43530
0.30977 0.47790
0.55728 0.24303
0.09782 0.17372
0.34472 0.65158
0.68007 0.89820
0.47144 0.32781
0.94107 0.29986
0.70711 0.19311
0.44938 0.07925
0.20910 0.50951
0.22128 0.63149
0.48174 0.31180
0.97434 0.56952
0.74098 0.32365
0.58126 0.05333
0.79771 0.98994
0.61220 0.39311
0.31683 0.51850
0.70191 0.20678
0.76787 0.61082
0.35114 0.57927
0.73015 0.55918
0.43310 0.18824
0.64760 0.22246
0.65899 0.84588
0.32437 0.50059
0.44442 0.05570
0.90468 0.44247
0.57068 0.41224
0.72123 0.61859
0.84586 0.96570
0.65434 0.53302
0.31600 0.24710
0.23588 0.02214
0.20305 0.46592
0.04110 0.01792
0.01450 0.24944
0.39322 0.12233
0.87010 0.00596
0.27168 0.68927
0.16108 0.93579
0.48531 0.86878
0.05696 0.24806
0.13527 0.80761
0.80779 0.65898
0.98123 0.69070
0.29541 0.17482
0.77242 0.22319
0.24253 0.63675
0.59913 0.78916
0.23161 0.31901
0.37092 0.85234
0.91979 0.68476
0.57306 0.43162
0.90553 0.78189
0.84911 0.71983
0.22949 0.58143
0.03176 0.65917
0.59018 0.91185
0.22712 0.80470
0.63112 0.57075
0.50656 0.33560
0.75673 0.74059
0.04740 0.76624
0.59315 0.07008
0.05199 0.76661
0.16906 0.45580
0.63505 0.23378
0.49848 0.75996
0.37899 0.53592
0.23217 0.40408
0.32629 0.14622
0.42932 0.70305
0.41649 0.19910
0.71058 0.64425
0.07982 0.60688
0.41666 0.14760
0.42505 0.45820
0.99172 0.22564
0.41930 0.36927
0.18261 0.74066
0.91746 0.70703
0.97581 0.66059
0.38327 0.48613
0.03278 0.66446
0.88066 0.12143
0.29874 0.27181
0.23937 0.37033
0.67913 0.72340
0.97117 0.86490
0.88618 0.04341
0.36534 0.47729
0.70791 0.29879
0.42333 0.04597
0.43350 0.52054
0.55873 0.54169
0.06640 0.82246
0.24390 0.11878
0.93094 0.67961
0.51878 0.19831
0.56259 0.06320
0.91146 0.70496
0.37904 0.81030
0.09969 0.29434
0.69112 0.52574
0.66000 0.73152
0.23881 0.47616
0.88080 0.50277
0.28455 0.40160
0.45202 0.59285
0.44865 0.86696
0.79904 0.02899
0.71512 0.15752
0.47753 0.86594
0.55610 0.58843
0.00587 0.66956
0.43013 0.99367
0.28313 0.58762
0.35761 0.05082
0.30853 0.07135
0.14279 0.41981
0.13311 0.35845
0.79331 0.55884
0.81869 0.13581
0.01520 0.36086
0.14582 0.19238
0.74915 0.23072
0.63890 0.23970
0.39301 0.77194
0.64096 0.59728
0.24576 0.48954
0.99951 0.95854
0.51051 0.04632
0.71475 0.85318
0.95552 0.85588
0.29986 0.30195
0.71603 0.60128
0.65337 0.75308
0.80016 0.95062
0.82651 0.03325
0.97824 0.94388
0.93997 0.43918
0.05806 0.80462
0.55045 0.27731
0.34865 0.47982
0.16087 0.17962
0.96189 0.18276
0.31670 0.24242
0.62659 0.61200
0.16149 0.84703
0.36604 0.20342
0.34758 0.10972
0.06442 0.66764
0.42948 0.78526
0.41234 0.06169
0.14330 0.24090
0.19806 0.98759
0.00000 0.68552
0.24357 0.97907
0.46194 0.95814
0.29480 0.24219
0.69408 0.88638
0.59414 0.53581
0.67084 0.91317
0.43606 0.07223
0.80452 0.97486
0.97735 0.47613
0.09284 0.86598
0.48652 0.75399
0.51613 0.92758
0.93830 0.72972
0.11457 0.66937
0.04532 0.58340
0.13081 0.88163
0.75664 0.14043
0.96324 0.39549
0.57962 0.26578
0.92057 0.84939
0.40247 0.48896
0.73077 0.62940
0.41556 0.85459
0.13019 0.25551
0.28548 0.44433
0.01523 0.76044
0.41045 0.41151
0.09342 0.15446
0.40467 0.59862
0.54950 0.78376
0.47388 0.45846
0.52051 0.12611
0.51026 0.83284
0.91342 0.74440
0.47660 0.78822
0.68161 0.43844
0.33437 0.46264
0.94584 0.47894
0.15317 0.02510
0.75065 0.29239
0.90891 0.93245
0.01087 0.93018
0.34025 0.83309
0.59608 0.38108
0.06636 0.15887
0.21336 0.58486
0.85294 0.97395
0.41171 0.96331
0.62311 0.37434
0.04979 0.42969
0.80222 0.93251
0.95819 0.47771
0.85161 0.49748
0.14936 0.49164
0.18920 0.89530
0.90545 0.61598
0.70470 0.64864
0.68495 0.71951
0.04055 0.39080
0.28858 0.28250
0.03487 0.14229
0.36536 0.53230
0.73695 0.11801
0.89669 0.25717
0.50055 0.21102
0.61095 0.39576
0.07149 0.13410
0.06443 0.43933
0.71593 0.94113
0.30572 0.22410
0.60233 0.90640
0.54654 0.17613
0.23193 0.19319
0.21034 0.76805
0.42660 0.06393
0.99293 0.30341
0.29395 0.84676
0.44088 0.55338
0.32101 0.65285
0.09953 0.65747
0.61518 0.81635
0.78206 0.16514
0.27390 0.06084
0.54164 0.55406
0.71674 0.58202
0.49122 0.99264
0.66076 0.13853
0.80873 0.58446
0.26906 0.35162
0.97083 0.85507
0.33310 0.36424
0.05906 0.11059
0.08431 0.92101
0.70277 0.23257
0.87852 0.36213
0.35873 0.37887
0.60350 0.99301
0.15061 0.71940
0.34320 0.62363
0.64039 0.71280
0.73483 0.11966
0.44413 0.20386
0.86749 0.73956
0.76320 0.54104
0.46317 0.06148
0.59278 0.84898
0.29292 0.06939
0.70684 0.60115
0.77146 0.45963
0.62947 0.21230
0.81143 0.56124
0.58357 0.41545
0.12612 0.11264
0.72632 0.57689
0.47794 0.52958
0.34464 0.08229
0.77668 0.03992
0.81605 0.79144
0.85250 0.20936
0.30236 0.22936
0.69778 0.26370
0.47586 0.21778
0.18260 0.64051
0.07306 0.89130
0.30388 0.96303
0.34804 0.29259
0.10014 0.48233
0.63720 0.27162
0.51315 0.03845
0.20472 0.99302
0.23373 0.13909
0.00927 0.89780
0.15758 0.31718
0.82654 0.50693
0.42483 0.07934
0.52660 0.60072
0.44255 0.53892
0.20978 0.72347
0.86798 0.70871
0.85560 0.06428
0.22292 0.35730
0.80729 0.02305
0.02184 0.87889
0.83873 0.82726
0.83866 0.45319
0.25436 0.76869
0.15933 0.13265
0.05966 0.66502
0.00052 0.99149
0.08347 0.94556
0.99846 0.13424
0.31783 0.23607
0.56008 0.70765
0.62924 0.73800
0.90972 0.29004
0.65010 0.38272
0.01444 0.99949
0.57546 0.76037
0.78093 0.76041
0.41324 0.62359
0.50784 0.66104
0.91889 0.78936
0.43339 0.72952
0.14003 0.28925
0.24613 0.33671
0.99710 0.57628
0.56134 0.14942
0.14226 0.16781
0.21582 0.48141
0.08102 0.72340
0.46041 0.61861
0.77787 0.79034
0.94137 0.30437
0.98072 0.53429
0.93965 0.62898
0.81346 0.16190
0.58374 0.06056
0.06134 0.31784
0.85237 0.14644
0.38414 0.20973
0.59265 0.85628
0.03367 0.41581
0.49959 0.25313
0.44784 0.75349
0.04290 0.69598
0.13918 0.76670
0.74949 0.55108
0.73395 0.41275
0.71411 0.98662
0.50241 0.04124
0.41893 0.88679
0.53717 0.87955
0.11162 0.56050
0.97316 0.47712
0.27992 0.41914
0.48103 0.50325
0.23411 0.77642
0.15905 0.92293
0.03040 0.03549
