0.69221 0.73634 0.86770 0.95209 0.76411
0.30344 0.13953 0.57045 0.80555 0.26674
0.65117 0.18853 0.36256 1.00675 0.73326
0.65949 0.29528 0.73864 0.39613 0.35951
0.68427 0.75974 0.15675 0.33211 0.37550
0.87387 0.41789 0.39500 0.25108 0.50948
0.94781 0.06516 0.06039 0.05216 0.01301
0.64929 0.63688 0.26238 0.08123 0.13193
0.54131 0.92289 0.79378 0.02640 0.81041
0.63369 0.17342 0.39124 0.94582 0.74698
0.81305 0.35409 0.01893 0.08143 0.14588
0.69597 0.77510 0.85401 0.91687 0.76246
0.88933 0.97887 0.27405 0.15844 0.21329
0.26485 0.17745 0.60012 0.78689 0.22551
0.90025 0.93717 0.29765 0.09771 0.23223
0.74614 0.31055 0.26855 0.58297 0.62188
0.44325 0.13256 0.09831 0.34904 0.48524
0.88656 0.50620 0.35338 0.23229 0.51868
0.16523 0.30151 0.27014 0.48899 0.54290
0.77786 0.96150 0.86823 0.30999 0.95152
0.40750 0.08294 0.40204 0.34853 0.58433
0.60775 0.20043 0.40106 0.97017 0.75779
0.50292 0.38447 0.76137 0.30322 0.75471
0.68017 0.78520 0.86182 0.65562 -0.00560
0.51162 0.76807 0.15726 0.40507 0.82000
0.23801 0.19321 0.38886 1.01999 0.08400
0.56785 0.91454 0.78965 0.05496 0.82489
0.89140 0.94266 0.27264 0.09355 0.24586
0.52950 0.93581 0.80294 0.02816 0.84966
0.88072 0.54938 0.59513 0.15320 0.37422
0.93931 0.77460 0.22616 0.79178 0.11763
0.19270 0.66631 0.05724 0.39596 0.02935
0.91981 0.98794 0.31823 0.10378 0.23829
0.91585 1.00102 0.31727 0.09848 0.19960
0.54637 0.90550 0.81356 0.05627 0.78647
0.59683 0.86903 0.59599 0.53958 0.24349
0.39970 0.10452 0.40726 0.31858 0.59394
0.88116 0.90623 0.82115 0.60644 0.81192
0.66597 0.79485 0.86663 0.64323 -0.01751
0.13856 0.26406 0.26553 0.50493 0.53299
0.88902 0.43378 0.41501 0.25843 0.51006
0.26369 0.17299 0.58513 0.81494 0.27686
0.58031 0.60692 0.10221 0.06325 0.41715
0.39514 0.41397 0.80975 0.09668 0.71260
0.54997 0.51486 0.06233 0.62354 0.90526
0.54285 0.61271 0.12763 0.05571 0.42434
0.78924 0.33577 0.29431 0.61129 0.65718
0.54329 0.82842 0.09178 0.65010 0.35160
0.66220 0.76746 0.69789 0.53957 0.29222
0.49259 0.79854 0.19805 0.39545 0.83803
0.43966 0.42922 0.73002 0.33127 0.73272
0.52827 0.93616 0.79928 0.07457 0.78987
0.49602 0.87644 0.82416 0.04248 0.82986
0.04622 0.72453 0.38578 0.21079 0.90772
0.46868 0.42521 0.73364 0.31873 0.78327
0.41993 0.72420 0.09776 0.97858 0.73704
0.45623 0.77729 0.07977 0.97045 0.74167
0.52095 0.47568 0.04707 0.63140 0.88243
0.43030 0.11736 0.08847 0.37193 0.45396
0.31238 0.15394 0.59172 0.74944 0.24351
0.51008 0.94110 0.53909 0.37356 0.37931
0.07421 0.72652 0.44854 0.19258 0.95546
0.83222 0.94119 0.84730 0.25881 0.90813
0.01478 0.70643 0.42995 0.15027 0.93431
0.52983 0.78261 0.17629 0.38851 0.82460
0.99626 0.76980 0.21282 0.75901 0.08803
0.19719 0.62015 0.08527 0.36478 0.04727
0.59099 0.62757 0.10556 0.01950 0.38308
0.55370 0.49891 0.44248 0.01348 0.43392
0.27837 0.80621 0.63550 0.27726 0.73899
0.93012 0.03848 0.06564 0.09331 0.03248
0.69634 0.78635 0.09962 0.35320 0.38419
0.58561 0.59697 0.28767 0.12278 0.11151
0.63819 0.59944 0.29770 0.10956 0.12244
0.02691 0.40851 0.09214 0.87279 0.77219
0.57735 0.51983 0.41169 0.06352 0.42734
0.88107 0.87254 0.85897 0.62629 0.83324
0.87493 0.58664 0.61916 0.17107 0.36437
0.53394 0.49730 0.02068 0.63916 0.85450
0.90089 0.59717 0.61311 0.16078 0.37773
0.15370 0.24661 0.37972 0.49278 0.58550
0.31113 0.40479 0.07744 0.81813 0.73989
0.14380 0.24312 0.24189 0.47724 0.52073
0.43101 0.07792 0.11525 0.38056 0.48097
0.30157 0.60028 0.33358 0.12880 0.62719
0.56694 0.81400 0.07660 0.67916 0.31893
0.92451 0.99331 0.35778 0.10829 0.21341
0.55154 0.52269 0.43756 0.05904 0.41282
0.47978 0.91662 0.54496 0.35368 0.39340
0.62270 0.29308 0.69854 0.39510 0.29694
0.32995 1.01331 0.14882 0.99302 0.33583
0.66078 0.27018 0.66993 0.37537 0.33889
0.21215 0.63142 0.74807 0.59741 0.32686
0.53543 0.64732 0.09767 0.04664 0.40758
0.53253 0.76569 0.19888 0.41053 0.78755
0.68990 0.77541 0.71414 0.56734 0.34114
0.76014 0.29297 0.30448 0.57320 0.60246
0.84045 0.33253 0.00694 0.11066 0.14164
0.16761 0.60236 0.08058 0.36202 0.05139
0.28190 0.16645 0.60020 0.80532 0.23573
0.70778 0.03500 0.36240 0.88272 0.07476
0.04533 0.41154 0.09302 0.87553 0.78392
0.79954 0.94944 0.87464 0.30091 0.91834
0.55507 0.78145 0.19467 0.39183 0.80055
0.93584 0.55387 0.62075 0.16740 0.35793
0.67511 0.74871 0.68339 0.55407 0.33292
0.52767 0.92248 0.79354 0.03228 0.82646
0.70296 0.75125 0.82472 0.89180 0.73346
0.58990 0.56424 0.25248 0.14286 0.15441
0.31983 0.41471 0.08490 0.86245 0.72628
0.38468 0.11595 0.40409 0.28456 0.58996
0.39186 0.77304 0.10242 1.03861 0.72047
0.46692 0.99338 0.56546 0.32970 0.35182
0.55349 0.80353 0.08921 0.65585 0.33719
0.02884 0.70563 0.43272 0.17799 0.92236
0.55104 0.79523 0.09904 0.69605 0.37323
0.99664 0.23460 0.55696 0.41919 0.40084
0.44079 0.73535 0.10912 0.99761 0.78842
0.60365 0.89563 0.59547 0.55256 0.24800
0.01013 0.28374 0.84456 0.92284 0.06210
0.13212 0.24027 0.41030 0.49134 0.57148
0.35232 0.38896 0.81456 0.07887 0.70146
0.52830 0.46879 0.04727 0.66792 0.90884
0.69513 0.75897 0.83575 0.90377 0.74271
0.04903 0.71481 0.43093 0.16825 0.91864
0.11952 0.25493 0.41237 0.43184 0.55974
0.36329 0.39119 0.83011 0.08547 0.66347
0.93765 0.03480 0.06963 0.05521 0.01326
0.90685 0.59800 0.59752 0.16043 0.40394
0.55692 0.91719 0.82686 0.04734 0.79031
0.87088 0.48287 0.41248 0.24752 0.46390
0.33017 0.96662 0.15316 0.94606 0.33424
0.33677 0.17825 0.20941 0.46740 0.17405
0.10875 0.75191 0.41845 0.08282 0.22347
0.88689 0.91437 0.80287 0.61963 0.79616
0.92123 0.95411 0.30027 0.10745 0.23668
0.72261 0.75354 0.82485 0.86318 0.79161
1.03665 0.25176 0.52291 0.46335 0.44666
0.22242 0.15809 0.39138 0.98470 0.15081
0.60567 0.15897 0.40180 0.96338 0.76090
0.88715 0.89991 0.83089 0.57342 0.82627
0.94673 0.06932 0.06358 0.08383 0.00352
0.50379 0.79083 0.15428 0.38677 0.78295
0.12949 0.29276 0.40046 0.47915 0.56594
0.62934 0.59830 0.27410 0.06776 0.18112
0.71400 0.78481 0.11073 0.33772 0.35484
0.39862 0.08485 0.43715 0.30776 0.58742
0.61755 0.19503 0.40635 0.96127 0.78768
0.37942 0.43128 0.83419 0.08205 0.67002
0.45993 0.10539 0.08315 0.31280 0.45311
0.61767 0.16003 0.39223 0.95580 0.71102
0.89859 0.54503 0.60711 0.15053 0.38833
0.92714 0.61086 0.61468 0.18208 0.36465
0.28523 0.17852 0.60368 0.76724 0.26229
0.93277 0.95981 0.27425 0.11208 0.20769
0.93070 0.92957 0.85562 0.56304 0.83582
0.16446 0.22209 0.39812 0.47100 0.56905
0.55843 0.51995 0.05164 0.65694 0.87327
0.54411 0.50608 0.07312 0.63928 0.88647
0.56847 0.47802 0.40728 0.02944 0.40113
0.36635 0.06246 0.37664 0.31255 0.59255
0.46890 0.92021 0.53926 0.37963 0.34619
0.83605 0.42238 0.38003 0.23494 0.52053
0.16929 0.22159 0.37595 0.48341 0.54117
0.70782 0.76244 0.10831 0.32879 0.40349
0.93864 0.79240 0.17520 0.74076 0.07952
0.70019 0.82646 0.85462 0.65993 0.00506
0.83006 0.98242 0.87043 0.29704 0.93015
0.79733 0.34699 0.01399 0.08393 0.12614
0.18059 0.63807 0.71812 0.63365 0.32634
0.34313 0.42693 0.81253 0.08854 0.69016
0.59732 0.29110 0.67517 0.40036 0.35063
0.54812 0.77951 0.09075 0.68817 0.34207
0.02731 0.73704 0.43108 0.17410 0.93255
0.30001 0.77108 0.62631 0.27836 0.72226
0.13557 0.74411 0.41887 0.05367 0.22956
0.48236 0.98312 0.57289 0.34545 0.36441
0.07128 0.76124 0.40833 0.06898 0.22554
0.92799 0.92022 0.29484 0.12492 0.22096
0.63364 0.88603 0.56021 0.53282 0.22865
0.50363 0.41388 0.05449 0.70186 0.20735
0.96370 0.97094 0.78227 0.59859 0.92250
0.48370 0.56607 0.58399 0.68999 0.76565
0.62784 0.61356 0.31518 0.14286 0.15414
0.74018 0.96028 0.86349 0.28060 0.87502
0.46919 0.97307 0.56074 0.34511 0.38828
0.88009 0.45431 0.38694 0.23061 0.49632
0.33535 0.98730 0.17063 0.98475 0.32499
0.63521 0.62689 0.28442 0.09705 0.14811
0.98886 0.75969 0.18407 0.76344 0.12530
0.05293 0.71038 0.39584 0.15413 0.92892
0.22169 0.65608 0.71317 0.59637 0.31914
0.66160 0.88247 0.57184 0.55901 0.23908
0.23123 0.63230 0.66797 0.60858 0.32760
0.40136 0.75812 0.09275 1.02273 0.77783
0.88280 0.45159 0.40366 0.29682 0.48594
0.18976 0.66405 0.74651 0.60553 0.30898
0.53205 0.65586 0.15351 0.08801 0.41943
0.48050 0.44144 0.77069 0.29880 0.75351
0.92603 0.60522 0.63491 0.19992 0.34702
0.94901 0.78973 0.21893 0.75680 0.09757
0.15898 0.23593 0.40579 0.52277 0.54541
0.56036 0.77329 0.20182 0.41804 0.78310
0.46787 0.10376 0.10575 0.31332 0.50130
0.76024 0.32520 0.29233 0.56838 0.60865
0.33399 0.38957 0.06088 0.83161 0.73634
0.70728 0.79350 0.08883 0.36463 0.38969
0.50727 0.78007 0.19685 0.39756 0.80677
0.46139 0.09802 0.11549 0.32410 0.48348
0.48574 0.37381 0.69673 0.33507 0.78630
0.65249 0.15805 0.41882 0.95630 0.74199
0.43091 0.12469 0.06602 0.41002 0.48702
0.59497 0.46678 0.36983 0.05151 0.45153
0.32252 0.61737 0.34503 0.09920 0.62953
0.16432 0.25757 0.24558 0.49085 0.53840
0.71848 0.79376 0.73002 0.57219 0.33949
0.39022 0.09869 0.42992 0.31275 0.59459
0.34173 0.39705 0.08778 0.83008 0.77285
0.84109 0.96236 0.87514 0.31402 0.92311
0.45556 0.95222 0.58517 0.33026 0.38049
0.14552 0.28004 0.26418 0.47701 0.55057
0.42165 0.66889 0.11806 0.99465 0.76014
0.29577 0.40465 0.04015 0.85027 0.75031
0.31540 0.61282 0.31972 0.13236 0.63810
0.94909 0.06243 0.06360 0.03968 0.02616
0.19551 0.20230 0.39894 1.00642 0.09510
0.32877 0.38866 0.08326 0.83129 0.73125
0.85519 0.91057 0.85390 0.61520 0.86788
0.14760 0.24094 0.39826 0.45078 0.57170
1.01424 0.22706 0.52754 0.45358 0.41875
0.27861 0.77802 0.61832 0.32913 0.69493
0.55829 0.47421 0.03136 0.65475 0.87200
0.16226 0.66308 0.03758 0.37427 0.04874
0.70091 0.77715 0.12948 0.34747 0.34431
0.74354 0.01417 0.36993 0.86774 0.09343
0.75076 0.02640 0.38377 0.90109 0.07042
0.58438 0.51695 0.43479 0.06475 0.43714
0.65126 0.82036 0.90311 0.66416 0.00743
0.49204 0.94855 0.55070 0.36361 0.38092
0.57861 0.51069 0.01128 0.61498 0.90727
0.29843 0.61400 0.31462 0.07446 0.65593
0.79627 0.31593 -0.01225 0.08265 0.13750
0.55233 0.79894 0.06718 0.65846 0.35567
0.37651 0.99275 0.17301 0.98270 0.31969
0.43521 0.54904 0.56955 0.65980 0.77295
0.01247 0.69988 0.43580 0.16661 0.93811
0.72829 0.36400 0.32774 0.62382 0.60737
0.97531 0.76494 0.15469 0.76675 0.10934
0.88366 0.89571 0.85288 0.57095 0.83874
0.67707 0.80228 0.10479 0.36660 0.39613
0.91608 0.95501 0.32029 0.15353 0.23944
0.62808 0.87099 0.57231 0.56438 0.25330
0.51599 0.91088 0.81180 -0.00274 0.80917
0.92390 0.99176 0.29733 0.08908 0.17909
0.50498 0.78472 0.18700 0.38302 0.80248
0.59565 0.85422 0.55257 0.53476 0.19502
0.94283 0.94904 0.78634 0.56401 0.88759
0.49462 0.79225 0.16995 0.41378 0.80531
0.56513 0.79717 0.09136 0.68413 0.33012
0.61556 0.62207 0.30033 0.11565 0.13769
0.70597 0.78068 0.68604 0.57133 0.35220
0.31281 0.20080 0.61128 0.75973 0.24654
0.31151 0.60444 0.32839 0.10292 0.62538
0.05991 0.71005 0.43853 0.16635 0.95094
0.29553 0.42757 0.08604 0.83717 0.75081
0.71071 0.78252 0.69425 0.57459 0.31679
0.46925 0.13575 0.11146 0.32867 0.51605
0.93623 0.78609 0.24293 0.77451 0.15034
0.60131 0.50167 0.38151 0.03868 0.47556
0.88153 0.90959 0.84688 0.57218 0.82287
0.11865 0.76827 0.37685 0.08472 0.20861
0.18463 0.61509 0.69434 0.57668 0.32061
0.70862 0.79031 0.86379 0.92276 0.77059
0.85608 0.90669 0.79324 0.61997 0.84052
0.37710 0.11020 0.43414 0.30278 0.57248
0.47482 0.39025 0.74802 0.30596 0.75974
0.64125 0.16684 0.39892 0.97306 0.75803
0.71724 0.86010 0.67092 0.59782 0.33574
0.29571 0.17292 0.58128 0.81227 0.23838
0.46412 0.43067 0.74501 0.31449 0.77906
0.13578 0.26501 0.40193 0.44466 0.55561
0.57665 0.50784 0.43212 0.03520 0.41371
0.93861 0.95869 0.29775 0.12067 0.20951
0.53400 0.48571 0.06187 0.64549 0.87428
0.95255 0.98948 0.76617 0.56541 0.90057
0.55120 0.77235 0.12836 0.70218 0.33147
0.33115 0.76833 0.57410 0.32703 0.74046
0.16932 0.63556 0.07595 0.33003 0.03958
0.70332 0.82432 0.88248 0.64649 -0.01575
0.27993 0.83554 0.44617 0.79187 0.82758
0.36159 0.41343 0.81422 0.05363 0.67725
0.93075 0.01507 0.04559 0.06067 0.00061
0.13441 0.25012 0.27152 0.47539 0.50804
0.25747 0.77830 0.63052 0.33103 0.71513
0.39750 0.20870 0.20851 0.49041 0.11718
0.13431 0.30228 0.26716 0.47674 0.55066
0.01207 0.40835 0.12681 0.87725 0.78730
0.67313 0.73621 0.10772 0.35108 0.36783
0.20043 0.64209 0.71702 0.61950 0.37360
0.94546 0.77840 0.17846 0.74679 0.14608
0.46128 0.50624 0.60812 0.69847 0.79197
0.54598 0.78244 0.16174 0.35640 0.83388
0.74713 0.04166 0.35055 0.91610 0.06843
0.19988 0.19273 0.39603 0.96551 0.10122
0.92341 0.95355 0.31823 0.15171 0.22504
0.46784 0.96261 0.57867 0.33903 0.38619
0.69285 0.80359 0.84863 0.67365 0.02101
0.92654 0.97630 0.32432 0.10142 0.21458
0.40868 0.39929 0.81725 0.08527 0.66974
0.59960 0.85605 0.58706 0.51012 0.19393
0.21119 0.66070 0.74843 0.61407 0.33097
0.80219 0.32824 0.01525 0.11887 0.12226
0.39230 0.16261 0.24828 0.45890 0.16442
0.01421 0.46252 0.09132 0.86215 0.80481
0.56100 0.76677 0.17909 0.40034 0.79372
0.50441 0.42084 0.03965 0.73964 0.21210
0.95528 0.06837 0.04321 0.10358 -0.01531
0.66062 0.16833 0.44278 0.91054 0.74395
0.89468 0.55090 0.63485 0.19497 0.35758
0.32781 0.96893 0.15695 0.99730 0.28617
0.74578 0.01292 0.34282 0.86078 0.08867
0.26876 0.87374 0.39427 0.77071 0.88433
0.52561 0.43222 0.72620 0.27502 0.77809
0.59232 0.60882 0.31469 0.11856 0.11040
0.22060 0.64329 0.69530 0.64556 0.32990
0.19260 0.21473 0.41132 0.50925 0.58805
0.12040 0.30424 0.25864 0.48179 0.56778
0.74952 0.04458 0.35530 0.86842 0.03958
1.00746 0.27534 0.53929 0.47632 0.42088
0.29527 0.60128 0.32814 0.13102 0.63921
0.71726 0.79492 0.80985 0.92205 0.78118
0.94337 0.95319 0.77188 0.58232 0.90024
0.25726 0.17800 0.55657 0.77492 0.22720
0.67830 0.82814 0.85732 0.65166 0.01205
0.84582 0.46962 0.37351 0.23698 0.48211
0.54901 0.63523 0.12625 0.06262 0.37154
0.75537 0.32351 0.25302 0.62324 0.59221
0.17429 0.61493 0.06235 0.36049 0.04146
0.19409 0.23056 0.38610 0.96071 0.10333
0.54977 0.60593 0.11913 0.02160 0.44479
0.54858 0.64758 0.12183 0.04411 0.41802
0.76108 -0.00457 0.41865 0.86074 0.03188
0.67345 0.77739 0.75445 0.57956 0.33345
0.60320 0.80112 0.60036 0.57345 0.23802
0.93861 0.03001 0.06026 0.06044 0.03035
0.39897 0.09710 0.40898 0.32917 0.61579
0.94381 0.95046 0.76162 0.56481 0.91829
0.42218 0.75296 0.08472 0.98483 0.77989
0.60401 0.83396 0.55987 0.53991 0.21199
-0.00006 0.31981 0.86135 0.89114 0.04448
0.01144 0.24902 0.83393 0.89666 0.05256
0.73442 -0.00475 0.36034 0.85336 0.05645
0.33325 0.63857 0.30749 0.10717 0.63630
0.29100 0.62820 0.32655 0.08729 0.58690
0.61840 0.84795 0.54717 0.52079 0.21680
0.52698 0.93118 0.79614 0.02124 0.85111
0.27958 0.13585 0.60904 0.79507 0.27123
0.10624 0.27090 0.28288 0.48953 0.51466
0.39772 0.09082 0.42846 0.33781 0.55633
0.98412 0.78284 0.17585 0.78117 0.08222
0.58668 0.59110 0.14631 0.05120 0.41105
0.85969 0.90861 0.84551 0.57263 0.83155
0.86298 0.46022 0.37687 0.26011 0.48870
0.31714 0.40400 0.09431 0.84319 0.74616
0.88832 0.91652 0.29009 0.13414 0.23651
0.54314 0.63668 0.14658 0.08554 0.40333
0.86235 0.44811 0.39561 0.23155 0.56331
0.96420 0.78997 0.21961 0.72605 0.09313
0.74914 0.00956 0.33572 0.88024 0.06792
0.90632 0.48193 0.38403 0.23933 0.49541
0.29212 0.96773 0.17947 1.01881 0.29747
1.03988 0.23732 0.51542 0.44882 0.42890
0.52554 0.43702 0.00069 0.73708 0.20899
0.98852 0.81055 0.23798 0.74886 0.09619
0.99275 0.23764 0.51593 0.46115 0.44977
0.48566 0.94781 0.58389 0.31744 0.39827
0.77565 0.01650 0.33404 0.84983 0.05441
0.27203 0.39740 0.09604 0.82921 0.74777
0.45240 0.46957 0.04349 0.70335 0.21113
0.19873 0.20697 0.39553 1.02201 0.07796
0.08712 0.76564 0.41388 0.07998 0.22965
0.08376 0.76405 0.38574 0.06967 0.22905
0.92925 0.98241 0.30788 0.10463 0.21313
0.11099 0.24775 0.37819 0.46558 0.58380
0.05516 0.79961 0.41548 0.10728 0.21339
0.43314 0.72092 0.08503 0.96344 0.70723
0.75685 0.03397 0.36765 0.86925 0.04944
0.86231 0.89748 0.83257 0.57529 0.82514
0.89420 0.92957 0.84351 0.57676 0.79253
0.61626 0.53562 0.42563 0.05109 0.42525
0.75087 0.75167 0.82859 0.92071 0.75064
0.93562 0.97870 0.30373 0.09737 0.22937
0.96353 0.79299 0.21234 0.73701 0.13763
0.14539 0.25010 0.25498 0.46113 0.53309
0.63364 0.88441 0.59333 0.55699 0.22287
0.72290 0.33912 0.28142 0.60491 0.58885
0.28401 0.84583 0.44170 0.78053 0.84706
0.70260 0.77151 0.10956 0.37028 0.37282
0.74382 0.35808 0.25272 0.60249 0.58640
0.54869 0.87904 0.78805 0.02650 0.80909
0.53280 0.77185 0.10296 0.68879 0.34241
0.63819 0.28471 0.71410 0.42895 0.33781
0.53101 0.76473 0.16150 0.34736 0.81476
0.77512 0.95522 0.84687 0.28415 0.87027
1.00879 0.23974 0.49716 0.44673 0.40047
0.48648 0.98179 0.62094 0.37320 0.39201
0.77379 0.95824 0.88394 0.30981 0.89720
0.93367 0.96565 0.27882 0.12513 0.20131
0.49175 0.43605 0.00417 0.69611 0.18385
0.02780 0.42311 0.14040 0.84402 0.77553
0.68366 0.79186 0.87067 0.63210 0.01341
0.20728 0.65436 0.74159 0.58257 0.31878
0.07283 0.75182 0.40990 0.00238 0.24077
0.69321 0.77285 0.82733 0.67753 0.02485
0.31795 0.18398 0.57981 0.77715 0.26870
0.45133 0.54436 0.60570 0.66897 0.74134
0.62750 0.30062 0.70679 0.41890 0.34656
0.62658 0.16188 0.38550 0.87813 0.78364
0.44401 0.57425 0.63600 0.71372 0.75622
0.32514 0.80057 0.62598 0.28068 0.70632
0.37049 0.09214 0.42337 0.32465 0.57123
0.30853 0.16612 0.58647 0.74231 0.26302
0.34800 0.11838 0.40262 0.32248 0.62912
0.74211 0.33039 0.26026 0.60541 0.59969
0.88029 0.91630 0.80876 0.62446 0.82528
0.17704 0.67221 0.10737 0.35723 0.04564
0.41158 0.72121 0.11412 0.99860 0.73996
0.20571 0.63411 0.75110 0.60008 0.34889
0.17615 0.22605 0.38030 0.48248 0.56119
0.38626 0.18996 0.18059 0.50302 0.11163
0.18708 0.17773 0.39097 1.00475 0.08527
0.75036 0.03994 0.35267 0.86633 0.06778
0.41227 0.08134 0.45689 0.29705 0.56472
0.81169 0.28726 0.01270 0.05545 0.14639
0.01526 0.29383 0.83132 0.93692 0.05251
0.90320 0.57984 0.61387 0.14659 0.37202
0.78605 0.96566 0.87360 0.28455 0.92132
0.96078 0.08077 0.02362 0.06999 0.02910
0.68098 0.80927 0.73260 0.60006 0.34539
0.62140 0.27906 0.67203 0.39299 0.31949
0.18279 0.23308 0.37293 0.99850 0.08306
0.39394 0.73195 0.09906 1.00694 0.75201
0.68495 0.77305 0.71464 0.59275 0.29669
0.33875 0.38899 0.05323 0.84430 0.76266
0.36484 0.17070 0.21931 0.50722 0.15601
0.30070 0.86476 0.40636 0.82491 0.81413
0.47518 0.43122 0.02553 0.69616 0.21515
0.32354 0.13312 0.59291 0.78010 0.27568
0.63310 0.77183 0.71989 0.56167 0.31407
0.56648 0.48616 0.08235 0.63012 0.91169
0.45154 0.72655 0.07394 1.02570 0.73672
0.81375 0.31807 -0.01776 0.05726 0.13506
0.03984 0.72053 0.39967 0.14869 0.95328
0.48477 0.41305 0.02838 0.76209 0.21764
0.72004 0.74144 0.81500 0.93700 0.77775
0.16192 0.25303 0.41551 0.44324 0.54969
0.32704 0.57568 0.31781 0.12317 0.60823
0.85795 0.45032 0.40208 0.23432 0.50511
0.22082 0.62819 0.69916 0.57071 0.32884
0.57090 0.51556 0.06112 0.60970 0.89658
0.29899 1.00589 0.19123 0.94630 0.31899
0.94973 0.05715 0.02930 0.07572 0.02079
0.49099 0.44211 0.01651 0.70649 0.22677
0.46630 0.37667 0.73080 0.32927 0.76070
0.37082 0.23677 0.22116 0.45254 0.16646
0.75838 0.36047 0.27943 0.59406 0.59807
0.70793 0.76300 0.68317 0.57770 0.33567
0.21390 0.60523 0.71364 0.58720 0.35577
0.45222 0.55327 0.62806 0.69612 0.76318
0.37686 0.09194 0.41957 0.31809 0.56655
0.61422 0.61371 0.22948 0.13693 0.14023
0.89053 0.45764 0.40619 0.23976 0.55463
0.05556 0.64791 0.42361 0.16829 0.95735
0.00902 0.39455 0.09103 0.86782 0.75031
0.35687 0.19944 0.21584 0.48535 0.16584
0.07120 0.77302 0.39541 0.04941 0.20807
0.99202 0.81221 0.21764 0.75992 0.14658
0.72911 0.30544 0.26904 0.59106 0.61347
0.60886 0.90420 0.59345 0.53708 0.25253
0.86836 0.89469 0.83546 0.58604 0.82823
0.37468 0.19466 0.21566 0.47880 0.16459
0.81408 0.33025 -0.00798 0.07750 0.12765
0.36393 0.17631 0.21143 0.47518 0.12580
0.16273 0.63129 0.07011 0.37899 0.05772
0.20109 0.21792 0.38531 1.03580 0.07683
0.93302 0.92879 0.30188 0.10427 0.22801
0.22837 0.63839 0.72762 0.57148 0.34094
0.38017 0.42533 0.84812 0.09737 0.68668
0.57763 0.48593 0.42128 0.05087 0.39660
0.31924 0.99088 0.17216 0.99844 0.31233
0.73487 0.32704 0.29367 0.58798 0.59684
0.26739 0.77751 0.59933 0.28655 0.69270
0.71450 0.78593 0.70666 0.58823 0.33601
0.47020 0.39179 0.04802 0.72692 0.18848
0.38411 0.23519 0.24689 0.48704 0.18227
0.74681 0.34370 -0.03664 0.08229 0.12196
0.50044 0.42404 0.02717 0.71139 0.18871
0.05979 0.77254 0.38873 0.04883 0.19097
0.52702 0.75780 0.18949 0.37287 0.80450
0.15730 0.29475 0.29047 0.46735 0.51917
0.37685 0.40209 0.83432 0.07204 0.66971
0.89223 0.53320 0.64150 0.15664 0.36323
0.36436 0.41252 0.79147 0.05703 0.65528
0.28127 0.87060 0.43896 0.78340 0.89967
0.30905 0.63196 0.31974 0.11482 0.61087
0.45613 0.09756 0.06942 0.34589 0.50199
0.10561 0.79211 0.45096 0.03847 0.24570
0.79936 0.97270 0.86982 0.31803 0.92873
0.30925 0.61527 0.33022 0.15971 0.58841
0.47579 0.42541 0.05345 0.70822 0.20342
0.69259 0.83212 0.87738 0.67777 -0.00097
0.42995 0.10955 0.07223 0.34362 0.43379
0.49407 0.94330 0.55916 0.36615 0.40003
0.92565 0.99198 0.29334 0.09787 0.20699
0.02931 0.74570 0.46413 0.15384 0.95518
0.00394 0.38711 0.09241 0.87386 0.76150
0.21679 0.16837 0.39696 0.96819 0.11283
0.75326 0.32663 0.28437 0.61786 0.59407
0.48456 0.39834 0.73224 0.31363 0.76933
0.63696 0.29027 0.69079 0.39565 0.32510
0.16242 0.30396 0.26171 0.50329 0.54184
0.19076 0.62873 0.71920 0.58181 0.29440
0.22528 0.25097 0.35650 0.96230 0.11394
0.71000 0.76375 0.09620 0.36121 0.34800
0.68738 0.79824 0.69613 0.58535 0.33516
0.29268 0.65333 0.32081 0.15591 0.63397
0.38355 0.20086 0.20255 0.46730 0.13858
0.12724 0.79553 0.44573 0.09073 0.22041
0.91429 0.56921 0.61668 0.16496 0.37397
0.13464 0.26809 0.27718 0.49811 0.51636
0.56536 0.90065 0.83354 0.01952 0.81135
0.16899 0.67259 0.09162 0.35621 0.05206
0.10370 0.26706 0.26719 0.45495 0.52067
0.47608 0.10326 0.07417 0.35092 0.51556
0.47281 0.11023 0.09384 0.35943 0.47889
0.20713 0.64748 0.72857 0.59340 0.31340
0.33703 0.98058 0.17148 0.96632 0.34591
0.98770 0.22492 0.52451 0.49220 0.44366
0.53954 0.79278 0.07453 0.63241 0.34951
0.78325 0.96946 0.90424 0.27783 0.93440
0.92846 0.98394 0.77446 0.57001 0.88094
0.02293 0.70867 0.40778 0.16698 0.90529
0.28760 0.83576 0.39926 0.79263 0.82481
0.37248 0.20033 0.20679 0.49930 0.15367
0.79426 0.95433 0.86212 0.25891 0.91672
0.00722 0.25226 0.82843 0.90887 0.03924
0.97980 0.96526 0.72723 0.59029 0.89668
0.34576 0.39385 0.06411 0.82965 0.76262
0.27321 0.63071 0.29500 0.11763 0.64144
0.95207 0.05224 0.06397 0.05556 -0.00891
0.16515 0.23698 0.24396 0.43390 0.49819
0.58262 0.48970 0.42123 0.02719 0.46075
0.71816 0.78221 0.88124 0.93010 0.78067
0.13742 0.23065 0.38004 0.47661 0.59002
0.07887 0.76680 0.41684 0.07913 0.22252
0.31597 0.64749 0.32372 0.12913 0.60728
-0.01132 0.71044 0.40866 0.16406 0.93241
0.55023 0.77643 0.16793 0.38033 0.78479
0.43754 0.12401 0.08329 0.38953 0.46566
0.23136 0.66120 0.74090 0.61852 0.34477
0.57315 0.52244 0.43500 0.05340 0.41051
0.97554 0.95746 0.76854 0.57429 0.87878
0.91274 0.41014 0.38876 0.20254 0.48396
0.31325 1.00320 0.18884 0.99092 0.28495
0.21933 0.64430 0.70574 0.62736 0.32201
0.27225 0.65046 0.34692 0.13997 0.60029
0.32374 0.41040 0.09061 0.85827 0.74995
0.82444 0.33279 -0.02525 0.07429 0.13918
0.66470 0.77675 0.10587 0.35703 0.39275
0.26270 0.86697 0.41799 0.85928 0.87548
0.75085 -0.01060 0.36287 0.84471 0.05636
0.95657 0.97534 0.70043 0.60168 0.91099
0.34530 0.60889 0.33214 0.14312 0.63719
0.32332 0.76939 0.59584 0.30381 0.73318
0.17324 0.66234 0.07546 0.37647 0.03317
0.36974 0.05470 0.42867 0.30598 0.59503
0.02241 0.42201 0.08208 0.87994 0.79000
0.73971 0.35071 0.25730 0.59948 0.60713
0.21844 0.66546 0.70399 0.63276 0.36260
0.07372 0.74387 0.41411 0.09315 0.22817
0.26596 0.82016 0.43380 0.81359 0.83586
0.67141 0.81242 0.86740 0.65925 -0.00334
0.87854 0.46347 0.39399 0.26898 0.49962
0.72165 0.34598 0.23653 0.59489 0.61149
0.33702 0.98243 0.17545 1.00299 0.30005
0.54716 0.51335 0.41537 0.05687 0.42228
0.56975 0.65614 0.14888 0.04415 0.41354
0.33271 0.61120 0.33124 0.13807 0.58764
0.83158 0.34282 -0.00602 0.08947 0.16074
0.28860 0.77332 0.59699 0.29604 0.72433
0.83148 0.34769 -0.00994 0.05538 0.15348
-0.02464 0.38987 0.10744 0.85836 0.78519
0.71071 0.78341 0.83853 0.62583 -0.01145
0.90514 0.46593 0.38116 0.20745 0.48816
0.49258 0.44663 0.01615 0.70197 0.18648
0.44438 0.53944 0.61950 0.72572 0.77358
0.24146 0.84352 0.44509 0.81024 0.86067
0.21113 0.62710 0.69604 0.58154 0.31449
0.65281 0.60638 0.25278 0.11055 0.12452
0.54834 0.49054 0.05574 0.63323 0.87829
0.19570 0.61988 0.12262 0.34970 0.07301
0.59684 0.18509 0.38583 0.94059 0.74511
0.03852 0.68651 0.40399 0.13962 0.93003
0.46865 0.99060 0.60576 0.35662 0.39218
0.51685 0.76227 0.18320 0.36104 0.81091
0.38738 0.43557 0.82143 0.06824 0.66528
0.32052 1.02840 0.18695 0.96073 0.33812
0.54598 0.63562 0.14820 0.05820 0.42240
0.74646 0.33721 0.29509 0.57862 0.60713
0.30401 0.38599 0.09235 0.82094 0.72462
0.33366 0.36996 0.08070 0.83697 0.76166
0.46796 0.13928 0.10844 0.36984 0.47622
0.58595 0.86965 0.58344 0.55165 0.19802
0.18273 0.66221 0.07243 0.39317 0.06324
0.03193 0.41908 0.12596 0.85663 0.78592
0.35933 0.20562 0.21273 0.51460 0.17151
0.51142 0.74517 0.18439 0.39751 0.79350
0.07217 0.77149 0.41600 0.11093 0.18771
0.58687 0.27016 0.70240 0.40443 0.35109
0.38911 0.08370 0.47122 0.31957 0.60851
0.29911 0.75474 0.62639 0.28608 0.69805
0.28094 0.80141 0.62536 0.28955 0.69832
0.15745 0.23464 0.36624 0.41431 0.57161
0.71150 0.78084 0.85694 0.89180 0.78020
0.31180 0.99473 0.16890 0.99001 0.28826
0.35736 0.38735 0.07164 0.82427 0.77650
0.37300 0.05078 0.41046 0.29787 0.58820
0.89274 0.91840 0.86602 0.61881 0.76836
0.72539 0.01928 0.36618 0.86005 0.08448
0.70235 0.31951 0.28199 0.61411 0.60071
0.95794 0.06152 0.06602 0.02334 -0.02333
0.67959 0.78995 0.09386 0.36575 0.38725
0.03380 0.71199 0.37973 0.18709 0.91696
0.43111 0.74956 0.08100 0.99017 0.74391
0.27755 0.15764 0.52815 0.77866 0.27849
0.64032 0.60070 0.27982 0.10681 0.13848
0.19684 0.17010 0.35777 0.98157 0.10185
0.17739 0.62407 0.08122 0.39524 0.02832
0.72148 0.34932 0.27920 0.59217 0.55395
0.16460 0.64446 0.06396 0.39719 0.06215
0.55530 0.66316 0.10808 0.04258 0.46208
0.21626 0.19320 0.37618 1.02220 0.08083
0.28543 0.95315 0.17809 0.97778 0.35708
0.55938 0.50882 0.43606 0.06470 0.43170
0.45586 0.50323 0.58630 0.67507 0.77578
0.68758 0.79335 0.88239 0.64125 0.00114
0.25613 0.83548 0.42244 0.79749 0.85506
0.12917 0.30291 0.22940 0.49632 0.54042
0.03251 0.24695 0.82838 0.90638 0.04718
0.73950 0.37774 0.26687 0.59331 0.57539
0.57991 0.18504 0.46122 0.97840 0.77214
0.20554 0.65638 0.08126 0.33676 0.03013
0.56682 0.45844 0.45101 0.03380 0.40868
0.76787 0.95696 0.90832 0.29042 0.93417
0.51533 0.80737 0.14772 0.40801 0.82598
0.70389 0.81896 0.85504 0.67657 0.00374
0.54379 0.65230 0.15592 0.11382 0.39336
0.20429 0.22180 0.41906 1.01724 0.09505
0.28673 0.20505 0.59168 0.74459 0.27651
0.14156 0.22824 0.40564 0.47953 0.57970
0.00610 0.40191 0.09103 0.83971 0.74863
0.48924 0.78610 0.20516 0.37624 0.78183
0.25832 0.83862 0.42686 0.80084 0.83209
0.53385 0.81473 0.18432 0.41886 0.77537
0.51091 0.82773 0.09396 0.65815 0.37990
0.54682 0.62268 0.13665 0.03527 0.40331
0.79403 0.32966 0.01863 0.08871 0.14040
0.99061 0.21061 0.51578 0.45662 0.45821
0.44251 0.89468 0.77979 0.01262 0.81145
0.88975 0.40217 0.42116 0.22647 0.50841
0.38759 0.38922 0.80239 0.05600 0.69785
0.31838 0.99169 0.16871 0.95250 0.30770
0.44048 0.73214 0.13000 1.02541 0.71578
0.21710 0.19013 0.37076 1.02123 0.08161
0.42047 0.72304 0.11274 0.99889 0.76017
0.88462 0.43671 0.39518 0.23427 0.47148
0.88533 0.44905 0.39361 0.21353 0.46748
0.99938 0.79284 0.18728 0.76567 0.12845
0.05941 0.72767 0.39772 0.15346 0.96730
0.01652 0.39515 0.11171 0.83648 0.76654
0.67318 0.16783 0.40330 0.94205 0.75955
0.52945 0.80521 0.06756 0.66626 0.34996
0.30707 0.36803 0.05598 0.79071 0.75721
0.94190 1.01534 0.77148 0.56798 0.89134
0.54711 0.64013 0.12371 0.05076 0.40190
0.38160 0.40783 0.83386 0.06715 0.64610
0.55975 0.48228 0.43557 0.01428 0.38226
0.62383 0.63954 0.28271 0.12237 0.10687
0.54803 0.80936 0.16687 0.38142 0.78865
0.53252 0.45341 0.03901 0.65941 0.92842
0.73969 0.37407 0.30915 0.60655 0.60699
0.31893 0.98604 0.14272 1.00638 0.31188
0.29752 0.96757 0.18285 0.95470 0.35929
0.57466 0.51990 0.40216 0.05741 0.45731
0.30725 0.15239 0.57892 0.78046 0.22742
0.17183 0.25451 0.41053 0.44084 0.54493
0.99671 0.81619 0.22799 0.76060 0.10321
0.54418 0.76991 0.05447 0.67236 0.31838
0.32438 0.61311 0.27384 0.08594 0.63048
0.51436 0.97357 0.57368 0.31939 0.38758
0.92551 0.93208 0.79091 0.59275 0.94170
0.79933 0.94907 0.87623 0.32148 0.91237
0.96653 0.07091 0.04449 0.05578 0.02217
0.88602 0.41159 0.39098 0.24236 0.50042
0.50949 0.96900 0.52601 0.36582 0.35100
0.31863 0.38596 0.09365 0.79801 0.72845
0.48278 0.42401 0.01693 0.74191 0.20622
0.54787 0.50754 0.45931 0.04170 0.43577
-0.00911 0.41860 0.06989 0.85134 0.79210
0.96770 0.80271 0.21096 0.75529 0.13169
0.11490 0.24612 0.27727 0.49897 0.54494
0.02520 0.67639 0.43856 0.15206 0.93492
0.96336 0.94327 0.78985 0.59743 0.86161
0.58460 0.79784 0.11493 0.64977 0.34602
-0.01147 0.27704 0.88034 0.91040 0.02767
0.17482 0.23671 0.38718 0.46888 0.55280
0.46361 0.59583 0.60213 0.69047 0.70676
0.88775 0.92868 0.81987 0.62424 0.83515
0.42173 0.41305 0.83648 0.08830 0.64040
0.53080 0.88449 0.81364 0.07006 0.81284
0.15773 0.25645 0.42315 0.46421 0.53102
0.96294 0.97942 0.76790 0.56450 0.89252
0.68551 0.78803 0.86830 0.61768 -0.02906
0.37884 0.08126 0.44276 0.30797 0.59108
1.00722 0.27186 0.52936 0.44945 0.40413
0.71558 0.76996 0.12031 0.34469 0.39799
0.79948 0.31785 0.01077 0.07113 0.12972
0.43589 0.09745 0.10614 0.37521 0.45738
0.51025 0.77985 0.17048 0.38332 0.77476
0.90779 0.57874 0.61341 0.14328 0.38012
0.27281 0.85081 0.42425 0.78319 0.85669
0.12918 0.74828 0.42481 0.05234 0.21933
0.20597 0.64255 0.73615 0.60324 0.31872
0.36026 0.20395 0.23439 0.47391 0.17755
0.61603 0.28579 0.71695 0.37507 0.31803
0.20280 0.62062 0.72402 0.62215 0.29567
0.67884 0.78117 0.70064 0.58165 0.33346
0.49250 0.92296 0.82154 0.00000 0.83126
0.46040 0.41763 0.02232 0.70619 0.21468
0.89647 0.55023 0.64900 0.17986 0.38390
0.35089 0.97349 0.16903 0.96948 0.34579
0.29290 0.83855 0.67538 0.31202 0.73024
0.31746 0.62094 0.33038 0.13190 0.61016
0.54472 0.42608 0.02743 0.73707 0.20057
0.50533 0.41661 0.05308 0.70197 0.22392
0.48438 0.42513 0.73873 0.32161 0.79886
0.56607 0.69153 0.13180 0.08060 0.39267
0.84234 0.99663 0.87226 0.25850 0.90211
0.79176 0.93908 0.90920 0.30112 0.94985
0.52276 0.51866 0.09229 0.63575 0.93009
0.44836 0.09165 0.06837 0.38778 0.46230
0.31677 0.97361 0.15422 0.96954 0.31462
0.75640 0.01202 0.37943 0.89198 0.07890
0.57130 0.84607 0.11098 0.62332 0.32045
0.19355 0.17833 0.42190 0.98766 0.08885
0.39123 0.23427 0.20394 0.50519 0.13439
0.96294 0.97919 0.75375 0.55861 0.87585
0.24603 0.81623 0.42223 0.83042 0.88009
0.91625 0.51589 0.63740 0.12490 0.41061
0.65832 0.82067 0.86974 0.67336 0.01996
0.44905 0.53482 0.59305 0.68525 0.79252
0.55406 0.80617 0.09560 0.65982 0.33336
0.16424 0.20782 0.36621 0.98360 0.11165
0.06013 0.40276 0.10026 0.85773 0.75882
0.66409 0.61849 0.31689 0.08318 0.12263
0.81810 0.96808 0.86676 0.28610 0.89064
0.63368 0.56622 0.24346 0.10439 0.11544
0.93072 0.52097 0.62382 0.18126 0.38681
0.94863 0.95756 0.79315 0.58267 0.86337
0.34493 0.14791 0.58194 0.77888 0.29426
0.67349 0.74005 0.73360 0.61636 0.29432
0.61776 0.85500 0.59373 0.55654 0.23487
0.94368 0.78658 0.20148 0.72624 0.08993
0.95938 0.95125 0.77568 0.58524 0.90091
0.48134 0.42451 0.06660 0.75677 0.17581
0.05849 0.29537 0.80101 0.90860 0.03639
0.78382 0.91079 0.84357 0.28969 0.91699
0.80797 0.94618 0.84948 0.29877 0.90527
-0.02534 0.42738 0.08795 0.84041 0.77210
0.53805 0.48248 0.03213 0.63395 0.93430
0.11883 0.25957 0.26368 0.48572 0.51319
0.72315 0.77181 0.11584 0.32369 0.38625
0.54437 0.78143 0.09963 0.66473 0.36478
0.95532 0.21503 0.53204 0.45803 0.42502
0.90908 0.95613 0.31900 0.12119 0.20126
0.31318 0.61375 0.35781 0.11972 0.62049
0.94783 0.02942 0.06620 0.06095 -0.00086
0.34499 0.96678 0.18576 1.00125 0.31245
0.96742 0.04400 0.04825 0.05168 0.00239
0.51143 0.78499 0.09166 0.67445 0.35521
0.62273 0.58212 0.25692 0.09396 0.12644
0.62833 0.87618 0.61704 0.57162 0.22457
0.78071 0.33329 0.00488 0.02766 0.13473
0.53827 0.53288 0.01263 0.63459 0.90586
0.96885 0.01747 0.07122 0.02882 0.01517
1.00244 0.23371 0.52839 0.44002 0.41994
0.49305 0.39457 0.71489 0.28038 0.77531
0.90426 0.60267 0.61207 0.16152 0.40953
0.75277 0.01917 0.35953 0.86856 0.06013
0.20817 0.63756 0.73103 0.64352 0.34338
0.44261 0.56250 0.60612 0.71548 0.75881
0.88937 0.59364 0.62053 0.16788 0.35374
0.49291 0.42574 0.01602 0.67813 0.17900
0.70173 0.78463 0.84633 0.89018 0.75104
0.20169 0.20033 0.33799 0.99330 0.12419
0.54236 0.49423 0.06413 0.61521 0.86476
0.04028 0.24069 0.82965 0.89585 0.03514
0.20873 0.69420 0.69711 0.60640 0.37782
0.09428 0.76575 0.42071 0.07034 0.21393
0.27480 0.77706 0.63671 0.28447 0.72180
0.35939 0.11636 0.42586 0.34422 0.60031
0.95182 0.04207 0.07507 0.10115 -0.00337
0.76839 0.95525 0.91053 0.33353 0.92441
0.14098 0.67174 0.06355 0.41033 0.00815
0.72446 0.03169 0.35737 0.88640 0.08145
0.93474 0.06223 0.02956 0.08151 -0.03833
0.00729 0.24181 0.80512 0.90681 0.02823
0.69779 0.75082 0.70007 0.63168 0.34135
0.62095 0.15805 0.40799 0.95027 0.74798
0.93616 0.95582 0.74903 0.59988 0.88058
0.98880 0.24092 0.51838 0.44980 0.45132
0.67087 0.16364 0.39091 0.96814 0.77154
0.20539 0.16444 0.42373 0.99946 0.10001
-0.00457 0.39552 0.13732 0.84616 0.75250
0.59092 0.49573 0.39119 0.08331 0.43232
0.38468 0.07353 0.40544 0.32397 0.57499
0.34750 0.37775 0.06704 0.86040 0.75107
0.91319 0.92284 0.84664 0.53041 0.81610
0.90989 0.93731 0.31648 0.10923 0.18147
0.81447 0.95140 0.86415 0.29541 0.93272
0.67980 0.75218 0.09827 0.31114 0.39612
0.44275 0.11119 0.13764 0.35425 0.51980
0.94296 0.98335 0.76966 0.59879 0.86121
0.13607 0.25149 0.23319 0.47071 0.53217
0.14691 0.22465 0.41489 0.43861 0.54196
0.55723 0.62360 0.13831 0.05680 0.41891
0.54668 0.90191 0.79596 0.05774 0.82944
0.50988 0.40608 0.77611 0.32087 0.75949
1.00993 0.76888 0.21212 0.78171 0.11218
0.31208 0.38595 0.13013 0.85542 0.72421
0.51362 0.42229 0.72914 0.31773 0.74643
0.67073 0.82958 0.87802 0.68314 -0.01522
0.45475 0.54611 0.59855 0.72104 0.76185
0.38092 0.40339 0.79801 0.07699 0.69438
0.30227 0.18356 0.58483 0.79821 0.24480
0.17271 0.23561 0.27938 0.49609 0.51994
0.36709 0.12828 0.43557 0.32586 0.62605
0.92797 0.85831 0.82325 0.62133 0.81034
0.71420 0.03179 0.39576 0.88157 0.08248
-0.02053 0.27819 0.81926 0.91845 0.03721
0.61647 0.59008 0.27189 0.09449 0.11037
0.30804 0.42084 0.05966 0.84936 0.79080
0.48712 0.42159 0.04224 0.75618 0.23890
0.37328 0.11942 0.41526 0.33973 0.58154
0.39194 0.08546 0.42306 0.30832 0.61201
0.72739 0.36689 0.27558 0.59856 0.60774
0.17443 0.61489 0.07465 0.39011 0.05723
0.43098 0.12491 0.08680 0.35861 0.47780
0.76616 0.04804 0.37615 0.87873 0.05269
0.96961 0.92422 0.77532 0.57728 0.87530
-0.00104 0.43131 0.06457 0.85855 0.80219
0.54839 0.90634 0.82774 0.01859 0.82195
0.28878 0.83054 0.59192 0.29066 0.75030
0.81178 0.31424 0.00523 0.06148 0.10970
0.89882 0.55265 0.62845 0.15497 0.36626
0.37551 0.11792 0.40358 0.32732 0.60543
0.41514 0.76052 0.09663 0.98545 0.76209
0.66687 0.81333 0.84748 0.67267 0.02220
0.58430 0.52507 0.42495 0.00131 0.40605
0.68006 0.81069 0.85850 0.66488 -0.00189
0.43220 0.49236 0.60026 0.69325 0.76913
0.47381 0.42441 0.07743 0.71099 0.19803
0.54711 0.91452 0.79039 0.07553 0.85770
0.54569 0.63070 0.10132 0.04013 0.40634
0.59031 0.32133 0.69009 0.40282 0.33123
-0.02115 0.23475 0.80705 0.90151 0.02752
0.39714 0.41488 0.81922 0.05488 0.65496
0.71683 0.77648 0.81500 0.92109 0.76108
0.04126 0.25815 0.84092 0.88423 0.06595
0.10131 0.75804 0.38451 0.05978 0.18368
0.62164 0.26421 0.71960 0.40677 0.34664
0.78397 0.34978 0.03407 0.03559 0.17998
0.93709 0.78403 0.21957 0.73966 0.10596
0.79031 0.33650 0.26133 0.60619 0.57726
0.92652 0.57802 0.58069 0.16869 0.35140
0.51955 0.37917 0.74373 0.30228 0.76799
0.37206 0.38826 0.78081 0.08156 0.63343
0.77088 0.96960 0.79881 0.28994 0.89954
0.54965 0.50170 0.03430 0.62955 0.83490
0.77458 0.00714 0.32845 0.89717 0.07261
0.32819 0.63137 0.30240 0.11624 0.64638
0.46850 0.41499 0.04857 0.70562 0.20322
0.59010 0.16135 0.40988 0.95119 0.76038
0.15312 0.65977 0.07918 0.38134 0.05113
0.14999 0.64010 0.07559 0.36420 0.05829
0.02140 0.27222 0.83830 0.89857 0.04264
0.28395 0.76487 0.60360 0.29692 0.71543
0.32562 0.18318 0.19467 0.47536 0.16258
0.53304 0.92628 0.80939 0.03703 0.83041
0.20109 0.19572 0.38495 0.97446 0.10167
0.78466 0.30513 -0.03673 0.08177 0.13792
0.86575 0.90837 0.85603 0.60810 0.85767
0.52209 0.76856 0.16802 0.40367 0.78680
0.61688 0.16497 0.41360 0.95264 0.74512
0.87450 0.87497 0.85296 0.60888 0.81637
0.91036 0.95096 0.29771 0.10324 0.24221
0.00085 0.31899 0.81127 0.88800 0.05727
0.72681 0.00811 0.38465 0.85732 0.07811
0.54963 0.79631 0.13282 0.66238 0.37243
0.59244 0.49211 0.04856 0.62683 0.87343
0.42409 0.74539 0.07778 0.99776 0.75251
0.47385 0.97144 0.59748 0.34844 0.36175
0.54796 0.64692 0.12895 0.06993 0.39455
0.67829 0.83073 0.87291 0.65284 0.01110
0.49378 1.02946 0.56577 0.34907 0.41101
0.06326 0.75277 0.41263 0.18101 0.94993
0.60154 0.85058 0.57985 0.53622 0.26635
0.37092 0.08060 0.42683 0.31014 0.60051
0.67187 0.82726 0.86928 0.66383 -0.00840
0.04636 0.25513 0.79893 0.88936 0.05803
0.42105 0.72458 0.08875 0.97138 0.75253
0.78816 0.94567 0.86875 0.31351 0.91598
0.67558 0.76742 0.82949 0.88889 0.73618
0.97179 0.19207 0.50819 0.47345 0.42969
0.13412 0.24113 0.43940 0.45839 0.52403
0.89858 0.43496 0.37115 0.22068 0.48939
0.91063 0.93008 0.82706 0.56440 0.85161
0.37306 0.39349 0.82960 0.06522 0.68793
0.89740 0.95566 0.31831 0.11854 0.20592
0.36797 0.08395 0.40867 0.33321 0.53956
0.71166 0.80341 0.83918 0.87878 0.74818
0.50967 0.39411 0.04025 0.71579 0.21909
0.93747 0.96305 0.32194 0.08690 0.23567
0.94050 0.57024 0.60457 0.17242 0.37056
0.66956 0.80071 0.88058 0.66221 -0.00469
0.98215 0.25455 0.54699 0.48183 0.39970
0.08306 0.74483 0.41632 0.06551 0.23299
0.38043 0.43190 0.86036 0.06871 0.66089
0.25643 0.19119 0.59679 0.79798 0.24941
0.95710 0.81754 0.21221 0.73342 0.13101
0.88586 0.43547 0.37009 0.24428 0.47031
0.55870 0.80300 0.07003 0.68360 0.36973
0.16299 0.24867 0.24783 0.45333 0.53052
0.34452 0.19875 0.21241 0.48669 0.14900
-0.00758 0.43894 0.09132 0.89926 0.74274
0.53922 0.89626 0.82201 0.05554 0.80683
0.27690 0.76997 0.67351 0.27928 0.72388
0.96591 0.77574 0.21483 0.76048 0.08563
0.94756 0.96472 0.34631 0.15961 0.21637
0.32110 0.79657 0.61942 0.28619 0.73894
0.45752 0.75171 0.03633 0.98986 0.78326
0.63221 0.23215 0.70774 0.38029 0.32100
0.22003 0.66698 0.07163 0.35326 0.02480
0.54096 0.45712 0.05034 0.62406 0.92755
0.64296 0.20186 0.42205 0.96682 0.74710
0.53595 0.79909 0.09453 0.68264 0.34005
0.20961 0.18703 0.38853 0.99946 0.05182
0.65134 0.82670 0.84967 0.65178 0.01308
0.26643 0.81579 0.42214 0.79572 0.84823
0.49210 0.40878 0.75769 0.32815 0.77666
0.47344 0.53331 0.61174 0.70235 0.77330
0.30576 0.79609 0.61507 0.26983 0.72377
0.80128 0.94739 0.86990 0.28391 0.93331
0.66198 0.78396 0.70296 0.56581 0.34091
0.88957 0.44257 0.37809 0.22209 0.47147
0.01426 0.26746 0.81984 0.93093 0.06756
1.00515 0.24562 0.52522 0.50132 0.45472
0.17034 0.27757 0.40347 0.45017 0.55403
0.26640 0.86863 0.43338 0.81045 0.84954
0.50050 0.78396 0.06841 0.64363 0.34718
0.25934 0.84780 0.38490 0.80317 0.84962
0.87796 0.88585 0.82361 0.58422 0.81950
0.47433 0.41039 0.73406 0.34685 0.75824
0.20755 0.18172 0.38054 1.02234 0.09012
0.21193 0.63382 0.72711 0.62001 0.32595
0.65889 0.80466 0.69958 0.55723 0.35382
0.59049 0.50538 0.40165 0.03977 0.46541
0.38659 0.16019 0.21064 0.44785 0.11999
0.92042 0.89859 0.81714 0.55964 0.83344
1.01976 0.25751 0.49488 0.49758 0.41340
0.50764 0.42563 0.03258 0.68254 0.22327
0.00810 0.44448 0.09566 0.86330 0.74001
0.49486 0.96594 0.54893 0.36461 0.40392
0.98849 0.24416 0.52347 0.48557 0.42717
0.70545 0.77256 0.84315 0.89805 0.78114
0.53908 0.80125 0.06901 0.71013 0.30567
0.64535 0.60405 0.27788 0.11467 0.11751
0.40385 0.24286 0.19515 0.44523 0.15666
0.49431 0.96198 0.54218 0.37198 0.40682
0.78239 0.30413 0.27923 0.60534 0.61242
0.32214 1.02736 0.14798 0.97298 0.27709
0.35676 0.17132 0.21679 0.49505 0.12506
0.68437 0.80213 0.86084 0.69650 0.00642
0.18119 0.19911 0.36626 0.99857 0.12027
0.73154 0.00762 0.33366 0.84870 0.10672
0.31542 0.59774 0.31914 0.12400 0.62732
0.54986 0.77839 0.07290 0.67542 0.30977
0.55452 0.73374 0.14013 0.38943 0.83534
0.63277 0.85508 0.58816 0.57557 0.21478
0.16838 0.65294 0.11962 0.38365 0.03520
0.92766 0.04220 0.06200 0.05044 0.02256
0.58977 0.87265 0.55615 0.53225 0.27783
0.54754 0.48828 0.02504 0.66770 0.92021
0.22807 0.83290 0.38480 0.86617 0.83253
0.48666 0.44062 0.01041 0.71490 0.19588
1.02551 0.24975 0.52661 0.47612 0.42596
0.65797 0.79889 0.86053 0.69365 0.02478
0.31327 0.21320 0.58925 0.73817 0.25929
0.44135 0.13310 0.09203 0.35590 0.45322
0.53796 0.76770 0.19079 0.40129 0.81225
0.19474 0.57624 0.07094 0.38557 0.06463
0.98182 0.95027 0.72575 0.54527 0.89785
0.30003 0.95553 0.15971 0.99355 0.34230
0.27759 0.19305 0.56798 0.79114 0.23904
0.33313 0.39177 0.08565 0.85646 0.74305
0.70017 0.80373 0.84448 0.66319 -0.03213
0.62689 0.17615 0.41390 0.98910 0.75680
0.14287 0.29173 0.24560 0.40760 0.54041
0.51408 0.50560 0.02247 0.62902 0.91227
0.30314 0.39144 0.06244 0.85829 0.73876
0.62488 0.21415 0.43292 0.96387 0.77313
0.61003 0.88657 0.56506 0.57287 0.20248
0.98420 0.19520 0.53062 0.46288 0.45295
0.22273 0.69118 0.72258 0.60354 0.32600
0.29367 0.98959 0.16968 1.00334 0.31501
0.34029 0.96738 0.16576 0.99594 0.32361
0.38664 0.10047 0.41925 0.30930 0.60624
0.13445 0.26938 0.40989 0.44344 0.56647
0.09597 0.75927 0.38036 0.04217 0.21686
0.29971 0.63220 0.32995 0.13381 0.61010
0.72325 0.33179 0.27035 0.64205 0.60526
0.14294 0.29048 0.27042 0.51122 0.52187
0.50382 0.94951 0.58341 0.35871 0.37568
0.00855 0.40144 0.10677 0.86305 0.80735
0.64047 0.59645 0.29166 0.10159 0.16319
0.92476 0.45222 0.38438 0.24665 0.46341
0.49941 0.94873 0.57531 0.33745 0.37485
0.65270 0.15045 0.41759 0.97675 0.77068
1.01904 0.75780 0.21976 0.75699 0.15401
0.43566 0.09276 0.07989 0.37468 0.52051
0.15526 0.26341 0.37396 0.47935 0.53911
0.89786 0.59281 0.60946 0.19670 0.40770
0.80655 0.34247 0.01366 0.06986 0.12437
0.53698 0.77908 0.12295 0.67280 0.37169
0.43787 0.54929 0.59705 0.70887 0.76170
0.40586 0.07478 0.43123 0.34908 0.55745
0.56041 0.82131 0.11651 0.65374 0.34720
0.68103 0.76966 0.74541 0.59405 0.31938
0.99717 0.82064 0.24333 0.77608 0.13552
0.17212 0.27611 0.23582 0.49411 0.57119
0.15803 0.29782 0.24781 0.43604 0.57744
0.62724 0.26466 0.69524 0.43913 0.35578
0.19307 0.63693 0.08916 0.39849 0.04320
0.97069 0.04189 0.07845 0.10086 0.04730
0.69067 0.76554 0.11606 0.35320 0.40029
0.47474 0.41129 0.73666 0.29100 0.76888
0.62021 0.19103 0.39503 0.95878 0.70077
0.53494 0.80655 0.08629 0.64589 0.34856
0.27870 0.76666 0.58746 0.31192 0.74291
0.42713 0.12420 0.06764 0.35166 0.48550
0.70702 0.77384 0.72755 0.59815 0.31481
0.27888 0.81044 0.42722 0.81371 0.87315
0.87301 0.92616 0.82768 0.60486 0.85649
0.70449 0.75498 0.81900 0.92301 0.71772
0.81389 0.31044 0.02522 0.10390 0.15320
0.31594 0.60523 0.34159 0.12939 0.62377
-0.01221 0.41331 0.10622 0.85923 0.78166
0.50202 0.80484 0.20200 0.39222 0.78182
0.49190 0.36983 0.74987 0.29320 0.80771
0.60851 0.17389 0.40802 0.99743 0.75738
0.55299 0.82154 0.06736 0.66470 0.33589
0.70595 0.78071 0.81571 0.87657 0.73888
0.73082 0.04357 0.35757 0.87108 0.08006
0.71009 0.73157 0.84029 0.89199 0.76687
0.43118 0.10807 0.10102 0.35711 0.49052
0.65037 0.79680 0.11877 0.33133 0.38435
0.68672 0.82444 0.86963 0.65264 -0.01379
-0.03078 0.39203 0.07229 0.84184 0.76632
0.72825 0.00515 0.34997 0.88621 0.09818
0.10100 0.73521 0.42699 0.03067 0.24212
0.49601 0.41644 0.03292 0.69729 0.19993
0.18211 0.64582 0.10508 0.35720 0.07155
0.66756 0.79026 0.74004 0.53909 0.33761
0.18952 0.18247 0.39452 1.00954 0.08438
0.54403 0.76205 0.21356 0.40802 0.82585
0.91770 0.57942 0.61568 0.17227 0.38658
0.49121 0.78469 0.20074 0.38998 0.77861
0.67937 0.78922 0.10643 0.35564 0.35012
0.59178 0.65781 0.12132 0.05170 0.40489
0.31282 0.98891 0.19352 1.00998 0.29656
0.71054 0.77147 0.84575 0.90981 0.75263
0.63770 0.29145 0.69253 0.41959 0.33441
0.40210 0.38680 0.83683 0.10727 0.65700
0.01400 0.26888 0.81796 0.91098 0.02907
0.30385 0.59967 0.35674 0.05870 0.60659
0.64533 0.17119 0.37901 0.93770 0.78989
0.50444 0.42302 0.73912 0.29631 0.73982
0.53922 0.64165 0.12161 0.09259 0.38988
0.34039 0.97643 0.14555 1.00547 0.32132
0.46045 0.12807 0.06843 0.40714 0.48952
0.74471 0.30055 0.30942 0.61508 0.60202
0.92779 0.57209 0.64521 0.16502 0.37778
0.05065 0.26946 0.81561 0.89185 0.10823
0.53549 0.90352 0.81905 0.06338 0.82584
0.71093 0.76014 0.78563 0.89233 0.77290
0.34765 0.39526 0.06838 0.80454 0.79964
0.39401 0.21772 0.23084 0.46663 0.18821
0.12780 0.30739 0.27140 0.47829 0.58512
0.53902 0.78085 0.07456 0.67932 0.36072
0.60644 0.90452 0.56348 0.55628 0.20024
1.00990 0.25387 0.55495 0.44103 0.40974
0.69754 0.78013 0.68976 0.61367 0.32827
0.31484 0.77981 0.60057 0.28424 0.71653
1.00150 0.22058 0.53166 0.47641 0.37924
0.50589 0.40878 0.74506 0.29728 0.76774
0.97748 0.79783 0.21032 0.77551 0.11284
0.24764 0.63238 0.10722 0.37732 0.02251
0.51969 0.91353 0.78917 0.01916 0.83479
0.09117 0.73896 0.41595 0.06610 0.22091
0.76558 0.32372 0.26710 0.58691 0.61228
0.67545 0.79538 0.86036 0.63534 0.00140
0.96540 0.96410 0.73374 0.53002 0.86072
0.78132 0.98395 0.86396 0.29311 0.91764
0.89628 0.55439 0.60826 0.19487 0.34973
0.29848 0.60891 0.36824 0.09752 0.60119
0.63077 0.28729 0.72563 0.43084 0.31152
0.34726 0.21347 0.20280 0.50248 0.15980
0.19080 0.17668 0.36559 1.01552 0.09343
0.16415 0.30991 0.33530 0.46148 0.51467
0.49132 0.39650 0.02407 0.69561 0.20043
0.15025 0.23569 0.29866 0.47147 0.55369
0.97207 0.24181 0.52376 0.46051 0.39822
0.58321 0.20500 0.38099 0.95169 0.73584
0.06571 0.68963 0.39023 0.14992 0.97498
0.91411 0.82083 0.20710 0.77270 0.08619
0.46525 0.12831 0.10527 0.35055 0.48481
0.60444 0.52075 0.44039 0.04290 0.43141
0.98511 0.95200 0.74591 0.61562 0.90264
0.51968 0.76995 0.08170 0.68402 0.36858
0.28016 0.60119 0.34197 0.12933 0.57796
0.91124 0.05015 0.04180 0.07582 -0.02847
0.63584 0.28709 0.70061 0.41240 0.34966
0.20055 0.64146 0.08596 0.36964 0.04105
0.70216 0.79529 0.09006 0.35288 0.36296
0.93190 0.60694 0.62896 0.17029 0.35542
0.30745 0.97757 0.16663 0.97927 0.32449
0.45722 0.76408 0.13106 1.02060 0.75484
0.44255 0.11625 0.07941 0.32914 0.49598
0.47931 0.97190 0.55205 0.35754 0.39694
0.30155 0.18874 0.55891 0.81329 0.23729
0.94249 0.79956 0.16001 0.71760 0.08030
0.17270 0.21949 0.42060 0.47032 0.54788
0.60215 0.87764 0.60292 0.53115 0.25925
0.66236 0.59290 0.27236 0.13251 0.12977
0.74978 0.31795 0.29966 0.59640 0.61462
0.95535 0.97090 0.76726 0.56421 0.86871
0.75569 0.02574 0.34885 0.87116 0.05945
0.62499 0.17608 0.42957 0.96643 0.73859
0.31691 0.63388 0.33578 0.14214 0.61634
0.46502 0.41401 0.74126 0.33361 0.76640
0.73170 0.79218 0.12596 0.31815 0.37126
0.36637 0.20547 0.23337 0.49898 0.12095
0.60929 0.85036 0.58736 0.50982 0.25061
0.70194 0.80463 0.86502 0.64124 -0.01793
0.08656 0.73661 0.45979 0.17225 0.92465
0.45041 0.94852 0.59920 0.36022 0.41428
0.52598 0.81774 0.05582 0.66116 0.35993
0.95079 0.98832 0.29950 0.13129 0.25221
0.52800 0.52239 0.03042 0.66749 0.92021
0.36278 0.11185 0.39469 0.30937 0.64333
0.59859 0.32555 0.72611 0.40496 0.35361
0.29330 0.75412 0.65243 0.34329 0.75185
0.62441 0.16374 0.40565 0.98497 0.76030
0.50526 0.42656 0.01498 0.68741 0.21115
0.45076 0.53198 0.60359 0.72271 0.78872
0.78392 0.00534 0.37292 0.86366 0.07675
0.68188 0.78712 0.09401 0.36086 0.40277
0.86259 0.46369 0.41545 0.25637 0.51695
0.67696 0.78043 0.89282 0.67676 0.04181
0.46491 0.11063 0.08288 0.39227 0.48353
0.25644 0.81049 0.42498 0.76637 0.84421
0.61666 0.33539 0.71385 0.42213 0.33164
0.00559 0.24604 0.82563 0.88501 0.01750
0.46794 0.11299 0.05917 0.32683 0.48694
0.70214 0.79848 0.85444 0.63410 -0.00779
0.53581 0.88242 0.78498 0.06461 0.86265
0.75256 0.33441 0.32108 0.59682 0.59100
0.90952 0.99058 0.29841 0.11694 0.24973
0.92030 0.57842 0.63144 0.20955 0.34509
0.33736 0.36318 0.08837 0.81079 0.73869
0.38942 0.09112 0.43027 0.32226 0.66130
0.45614 0.98364 0.59847 0.35763 0.38692
0.64284 0.59376 0.27866 0.11560 0.12010
0.26242 0.82482 0.42171 0.79938 0.86332
0.30320 0.77509 0.61027 0.31385 0.73444
0.51297 0.42840 0.03997 0.70408 0.22010
0.96493 0.79090 0.17436 0.76291 0.10105
0.20812 0.21482 0.37161 1.00799 0.10390
0.81282 0.33274 0.02043 0.08537 0.12776
0.29876 0.20978 0.52956 0.80433 0.27282
0.91522 0.03049 0.06447 0.04937 0.00050
0.00039 0.42869 0.07298 0.86498 0.74925
0.31132 0.41978 0.10877 0.85333 0.72087
0.51374 0.73539 0.18799 0.43233 0.78563
0.76896 0.34670 0.24286 0.63688 0.60946
0.49282 0.94706 0.57504 0.35497 0.36567
0.41245 0.41630 0.80262 0.10266 0.68443
0.01374 0.70819 0.40880 0.18474 0.92554
0.33262 0.77991 0.66875 0.28834 0.71780
0.90628 0.96027 0.30697 0.11263 0.20970
0.39726 0.39237 0.77777 0.09076 0.66434
0.87231 0.44367 0.35380 0.23271 0.52033
0.83753 0.46717 0.38367 0.25058 0.51833
0.59828 0.23731 0.69962 0.41586 0.35180
0.53449 0.63567 0.11062 0.03855 0.43552
0.69159 0.80506 0.13464 0.33673 0.40164
0.67050 0.75616 0.72590 0.58105 0.34306
0.01049 0.26243 0.83141 0.92826 0.02717
0.27114 0.85746 0.42613 0.78864 0.84869
0.93497 0.03366 0.07417 0.03972 0.02956
0.25829 0.84760 0.39068 0.78222 0.87837
0.61048 0.19094 0.40100 0.96730 0.77367
0.76915 0.94233 0.87203 0.29701 0.90924
0.29698 0.61187 0.30319 0.11098 0.60273
0.38038 0.40435 0.86520 0.06132 0.67154
0.39776 0.73185 0.09607 0.98185 0.77129
0.28674 0.17233 0.58298 0.78067 0.26063
0.37582 0.16891 0.17931 0.50850 0.16432
0.57838 0.48879 0.43475 0.02674 0.43976
0.61583 0.59105 0.24132 0.14739 0.12400
0.15044 0.26246 0.27389 0.49691 0.52682
0.41965 0.57208 0.60377 0.65125 0.77814
0.07417 0.26451 0.83508 0.87019 0.05303
0.16712 0.23620 0.39116 0.47166 0.51871
0.42479 0.54205 0.59154 0.67625 0.76331
1.03690 0.23317 0.52854 0.44426 0.41660
0.33228 0.41358 0.10321 0.86097 0.76258
0.19581 0.20962 0.35187 0.96981 0.12867
0.32165 0.98058 0.18409 0.96341 0.31988
0.89624 0.90379 0.82409 0.61455 0.85072
0.21493 0.21124 0.39973 1.01294 0.10677
0.56570 0.62449 0.15384 0.05027 0.41379
0.43167 0.57788 0.61846 0.67852 0.74365
0.27320 0.19687 0.58664 0.80888 0.24464
0.28815 0.16146 0.57634 0.75109 0.24434
0.30711 0.61725 0.31698 0.10275 0.59246
0.53234 0.49270 0.06724 0.65662 0.90328
0.62953 0.59762 0.32577 0.16531 0.15154
0.51067 0.78315 0.17535 0.38790 0.82991
0.78603 0.94610 0.85405 0.29839 0.93743
0.35394 1.00840 0.16186 0.98282 0.31331
0.26572 0.78098 0.60402 0.29432 0.74252
0.18698 0.25392 0.24478 0.47030 0.51160
0.96548 0.77372 0.21365 0.77969 0.11783
0.90401 0.57871 0.61850 0.17530 0.38467
0.94139 0.98267 0.80853 0.56845 0.88459
0.63709 0.90248 0.59133 0.55374 0.25223
0.73257 0.31215 0.29811 0.61447 0.59191
0.39414 0.38300 0.81767 0.06963 0.66528
0.89883 0.90467 0.80066 0.60475 0.81063
0.30363 0.15772 0.58503 0.75939 0.25462
0.22111 0.66172 0.05252 0.37569 0.04695
0.38126 0.11936 0.40492 0.32789 0.59443
0.56752 0.62515 0.14150 0.06582 0.39461
0.47633 0.55749 0.56170 0.70455 0.76341
0.48584 0.96811 0.58269 0.37396 0.36499
0.25839 0.79377 0.63416 0.29192 0.71552
0.73183 0.00997 0.36144 0.84707 0.06301
0.42294 0.53015 0.61111 0.69901 0.77687
0.52991 0.77319 0.13720 0.43661 0.81975
0.14063 0.25058 0.37801 0.43051 0.54897
0.00623 0.27257 0.85610 0.86776 0.02914
0.55672 0.49566 0.39895 0.04913 0.43439
0.87016 0.44156 0.40548 0.23442 0.52475
0.88384 0.89675 0.80201 0.60408 0.84532
0.49253 0.41546 0.73886 0.33671 0.77585
0.68921 0.78136 0.81857 0.92326 0.73940
0.53114 0.93667 0.81168 0.03030 0.84351
0.92141 0.61061 0.62728 0.18387 0.42077
0.31774 0.96705 0.17592 1.00717 0.31992
0.92400 0.95644 0.77091 0.58477 0.90481
0.30257 0.76684 0.63159 0.28760 0.73420
0.61255 0.86819 0.55203 0.56021 0.22961
0.65952 0.59924 0.26188 0.08413 0.15564
0.48774 0.41610 0.04415 0.72146 0.25050
0.06262 0.71760 0.38794 0.18000 0.91182
0.50973 0.47575 0.05773 0.68512 0.89172
0.95571 0.82204 0.18520 0.79288 0.12564
0.10708 0.77178 0.41350 0.05567 0.19019
0.35657 0.38215 0.83270 0.08121 0.71091
0.96087 0.06567 0.04327 0.06153 0.00202
0.70818 0.81919 0.85191 0.63416 -0.00538
0.62932 0.31111 0.71467 0.44921 0.32317
0.31629 0.40185 0.10567 0.84093 0.73842
0.07721 0.73694 0.43837 0.05709 0.22164
0.14693 0.25569 0.39709 0.45636 0.55734
0.59869 0.60928 0.12911 0.04225 0.42016
0.65817 0.16434 0.39793 0.95084 0.75944
0.56900 0.48876 0.08728 0.63075 0.89708
0.07145 0.78823 0.40320 0.06738 0.23224
0.75249 0.01854 0.32374 0.87405 0.06555
0.30803 0.80246 0.60282 0.31338 0.69433
1.00387 0.21651 0.57898 0.49744 0.41188
0.67338 0.81503 0.12074 0.33421 0.36784
0.51655 0.76775 0.19659 0.38213 0.82605
0.67309 0.74554 0.70460 0.56639 0.35560
0.76903 0.34899 0.31267 0.62902 0.56780
0.76568 0.81260 0.83592 0.90317 0.77362
0.04878 0.73839 0.41381 0.17086 0.97302
0.03490 0.71227 0.44601 0.22043 0.98095
0.49075 0.43921 -0.01431 0.74525 0.22527
0.29080 0.78364 0.61356 0.29137 0.73562
0.67393 0.80458 0.85644 0.68063 0.01871
0.94229 0.07263 0.07518 0.06091 0.03320
0.38009 0.18819 0.22226 0.47732 0.10059
0.94035 0.97759 0.77447 0.53762 0.90024
0.88365 0.87995 0.80782 0.62110 0.82534
0.51371 0.46652 0.04041 0.65942 0.89418
0.94972 0.94487 0.76322 0.57369 0.87357
0.89205 0.44711 0.41550 0.20362 0.50344
0.59086 0.82782 0.62064 0.55282 0.24191
0.54085 0.39972 0.02047 0.69126 0.17851
0.19016 0.18807 0.36519 1.01238 0.11365
0.48245 0.38462 0.05575 0.70175 0.18867
0.38783 0.17316 0.21558 0.45806 0.15634
0.49558 0.96754 0.60035 0.36042 0.39689
0.98173 0.20826 0.54445 0.47690 0.41540
0.37258 0.35839 0.77660 0.06807 0.65328
0.92259 0.94129 0.79008 0.59041 0.85311
0.67757 0.78198 0.08986 0.36059 0.39699
0.01375 0.70659 0.41307 0.16453 0.92230
0.73234 0.79224 0.12117 0.31710 0.36988
0.71084 0.81547 0.85016 0.65079 0.02305
0.19617 0.64513 0.08675 0.37255 0.02990
0.20754 0.24506 0.36237 0.99876 0.10717
0.38182 0.09097 0.41858 0.32364 0.60134
0.54379 0.52305 0.40446 0.00928 0.45110
0.59050 0.62009 0.23297 0.11093 0.12083
0.46213 0.52176 0.59994 0.67319 0.77852
0.87799 0.59878 0.61119 0.19821 0.37438
0.71016 0.00040 0.36317 0.84659 0.06552
0.70476 0.77350 0.83760 0.89617 0.76350
0.61753 0.31051 0.66571 0.38838 0.34160
0.54630 0.61945 0.16118 0.03885 0.41121
0.67541 0.74853 0.74315 0.55214 0.33990
0.38263 0.10547 0.43134 0.33305 0.59062
0.47812 0.40345 0.02635 0.72199 0.18716
0.16322 0.29264 0.27752 0.47449 0.53382
0.49286 0.42929 0.74449 0.31150 0.76091
0.52381 0.77816 0.16670 0.39192 0.81650
0.33322 0.36811 0.08234 0.84186 0.75917
0.98235 0.24526 0.55754 0.47148 0.40734
0.31248 0.39452 0.07771 0.84741 0.73852
0.76369 0.05327 0.34283 0.85900 0.08241
0.97194 0.76867 0.20126 0.75896 0.08945
0.95278 0.99346 0.73680 0.56499 0.88927
0.56909 0.62738 0.13686 0.06976 0.36291
-0.01083 0.26768 0.84423 0.92660 0.05057
0.50468 0.92775 0.55288 0.35187 0.37299
0.81413 0.33662 0.01630 0.10484 0.08430
0.96918 0.05294 0.05248 0.05636 -0.01547
0.70546 0.75214 0.85930 0.92818 0.75725
0.86262 0.42322 0.43241 0.22180 0.48610
0.09448 0.75639 0.41211 0.05617 0.21087
0.74552 -0.03256 0.31190 0.88725 0.08938
0.01729 0.25741 0.87706 0.91329 0.04527
0.70116 0.77551 0.81944 0.89268 0.75333
0.52394 0.94800 0.58926 0.32819 0.40108
0.63072 0.59042 0.26936 0.07784 0.08467
0.34307 0.39616 0.08648 0.84997 0.75576
0.63505 0.31241 0.71093 0.41309 0.32346
0.50564 0.38757 0.73561 0.32746 0.77649
0.27438 0.17051 0.54042 0.74873 0.23192
0.08976 0.75564 0.41677 0.05043 0.23863
0.56792 0.77461 0.09234 0.67214 0.35317
0.64180 0.57188 0.29768 0.10595 0.13124
0.64094 0.84944 0.58756 0.56518 0.23012
0.13775 0.24894 0.43470 0.48091 0.55991
0.67288 0.77785 0.09905 0.33090 0.38472
0.40186 0.74211 0.06849 0.98873 0.77330
0.08275 0.76963 0.42049 0.04789 0.20625
0.63840 0.77781 0.11345 0.36682 0.35759
0.89726 0.44926 0.36476 0.21956 0.50786
0.56001 0.62822 0.16601 0.05558 0.41586
0.82736 0.33277 0.04304 0.08133 0.16844
0.38143 0.14799 0.24687 0.44504 0.17089
0.35850 0.40062 0.80078 0.07538 0.65072
0.94644 0.96133 0.74070 0.56723 0.85300
0.96806 0.04002 0.07541 0.03352 -0.03344
0.61727 0.86263 0.60210 0.57170 0.23566
0.55255 0.45248 0.05672 0.64664 0.89775
0.96028 0.03655 0.09757 0.08339 0.04281
0.57340 0.46511 0.04319 0.65886 0.89102
0.49648 0.40904 0.80367 0.31981 0.75835
0.05411 0.76936 0.42359 0.06588 0.21426
0.26037 0.61959 0.35738 0.13828 0.68370
0.73764 0.31109 0.27707 0.61757 0.58509
0.27901 0.72596 0.63844 0.31937 0.71285
0.44920 0.52656 0.57267 0.69967 0.76350
0.64573 0.29257 0.68210 0.39881 0.33545
0.70650 0.75321 0.85370 0.90437 0.77921
0.90421 0.58293 0.60654 0.19272 0.38843
0.66942 0.79290 0.10122 0.35878 0.37039
0.62103 0.62421 0.29024 0.12380 0.15012
0.37225 0.20749 0.20065 0.48263 0.15147
0.54909 0.53234 0.41268 0.07142 0.40679
0.20828 0.20365 0.38407 0.98722 0.12667
0.09198 0.76585 0.40799 0.06317 0.24921
0.68111 0.82009 0.71814 0.59119 0.35539
0.62319 0.85493 0.59197 0.57914 0.19016
0.64549 0.56723 0.24571 0.10299 0.14245
0.66211 0.84438 0.57065 0.57006 0.21745
0.02752 0.25492 0.84709 0.88098 0.02553
0.42305 0.71604 0.09423 1.01288 0.74782
0.98041 0.24512 0.52716 0.46500 0.46549
0.94310 0.94195 0.71988 0.59222 0.87991
0.55358 0.78525 0.10089 0.68035 0.33373
0.78393 0.34889 0.03080 0.10030 0.11001
0.64263 0.23974 0.72682 0.37908 0.32273
0.64307 0.20935 0.41847 0.96383 0.73096
0.42927 0.57669 0.60093 0.67002 0.77979
0.64058 0.63684 0.29988 0.12969 0.16408
0.18479 0.66830 0.09420 0.43270 0.07195
0.55154 0.91991 0.78154 0.05623 0.84601
0.54505 0.52177 0.02865 0.66528 0.92084
0.50839 0.40089 0.77262 0.33089 0.75384
0.90001 0.92780 0.82781 0.59998 0.81568
0.93361 0.05902 0.03259 0.07004 0.02187
0.28601 0.15024 0.54749 0.78284 0.22131
0.56382 0.82185 0.04568 0.69225 0.34841
0.78317 0.33523 0.32268 0.59277 0.61726
0.15890 0.20917 0.38222 0.99403 0.09243
0.37128 0.19402 0.21672 0.48052 0.16106
0.30190 1.00517 0.18693 0.98479 0.32974
0.58056 0.51506 0.43025 0.08011 0.44026
0.55971 0.50042 0.09067 0.64189 0.88842
0.30361 0.99384 0.16974 1.02641 0.31040
0.38414 0.39160 0.82298 0.07565 0.68966
0.55019 0.91993 0.80661 0.06926 0.84423
0.47266 0.41047 0.77059 0.31972 0.75861
0.93864 0.98115 0.74969 0.57167 0.88273
0.57380 0.66696 0.11105 0.03134 0.39808
0.37818 0.40099 0.07740 0.80607 0.73783
0.70547 0.74344 0.79936 0.87370 0.71366
0.27006 0.60630 0.70214 0.61041 0.34625
0.97519 0.97726 0.76801 0.57776 0.89653
0.47698 0.41395 0.78558 0.30633 0.74844
0.45002 0.55215 0.60257 0.67636 0.78374
0.33000 0.38369 0.08467 0.82893 0.73571
0.71671 0.78884 0.70332 0.59041 0.31726
0.97095 0.58387 0.62696 0.21965 0.38673
0.14782 0.26420 0.41179 0.49039 0.57766
0.01701 0.22950 0.86315 0.87033 0.05839
0.62896 0.84941 0.59781 0.55291 0.21587
0.41946 0.74354 0.10114 0.98716 0.76066
0.04409 0.71371 0.40631 0.14321 0.91441
0.49724 0.44027 0.02699 0.71572 0.20765
0.21220 0.65940 0.72175 0.58573 0.34683
0.56979 0.51012 0.42990 0.04281 0.40444
0.13993 0.29038 0.39843 0.47443 0.57170
0.19858 0.63319 0.11467 0.37696 0.07491
0.37706 1.03954 0.18565 0.96812 0.34038
0.35798 0.41374 0.08928 0.83830 0.76029
0.15071 0.28211 0.25906 0.43780 0.55197
0.48490 0.41264 -0.00436 0.70333 0.21540
0.90806 0.93748 0.29609 0.10904 0.20612
0.90188 0.43064 0.38220 0.19082 0.55300
0.36265 0.22973 0.21790 0.46720 0.15284
0.08428 0.74104 0.42500 0.17850 0.91523
0.32658 0.97722 0.14185 0.98371 0.30293
0.69264 0.76774 0.10971 0.31861 0.39016
0.45783 0.53490 0.60840 0.70448 0.78390
0.29811 1.02644 0.16249 0.98508 0.31976
0.24377 0.61718 0.72218 0.62072 0.32120
0.98330 0.23216 0.49994 0.46802 0.40032
0.89715 0.42897 0.38207 0.25474 0.48458
0.48110 0.46187 0.04931 0.73309 0.21266
0.38103 0.19368 0.18422 0.47892 0.13627
0.20564 0.63228 0.73144 0.59105 0.32341
0.55091 0.90476 0.84381 0.03990 0.81992
0.61309 0.49550 0.44972 0.06078 0.42523
0.38050 0.41619 0.84903 0.03165 0.68754
0.81210 0.34759 0.00652 0.07270 0.13207
0.20189 0.64650 0.69916 0.63953 0.36087
0.12077 0.24173 0.39357 0.51200 0.54476
0.06975 0.70517 0.41210 0.12911 0.93594
0.34334 0.99400 0.19000 1.00003 0.29953
0.53251 0.64218 0.14619 0.06248 0.40148
0.51967 0.77985 0.18420 0.39545 0.81542
0.70201 0.33252 0.26319 0.59869 0.64032
0.60502 0.29372 0.66857 0.41708 0.34073
0.27891 0.17810 0.58862 0.82099 0.29531
0.46351 0.12554 0.08672 0.37102 0.46637
1.01959 0.20322 0.56444 0.46573 0.41537
0.95942 0.05836 0.04872 0.08184 -0.00167
0.31290 0.38323 0.07110 0.80427 0.75367
0.76197 0.33667 0.28653 0.59695 0.62292
0.42857 0.52275 0.58989 0.67460 0.76856
0.25629 0.86565 0.40901 0.79327 0.85699
0.95649 0.79078 0.18864 0.76534 0.12152
0.89119 0.90044 0.83176 0.57662 0.85865
0.69001 0.79078 0.82199 0.93019 0.80088
0.85894 0.90429 0.81452 0.58468 0.79987
0.61605 0.27414 0.69337 0.38142 0.33483
0.71252 0.77370 0.68585 0.61564 0.29981
0.99380 0.20000 0.54446 0.46966 0.40913
0.91532 0.97998 0.29886 0.11861 0.19414
0.59554 0.19349 0.37437 0.95835 0.78319
0.59809 0.89233 0.56024 0.58559 0.24796
0.55338 0.48946 0.39920 0.04163 0.42859
0.94767 0.95403 0.27434 0.11439 0.25209
0.37383 0.22379 0.21245 0.47069 0.18731
0.02627 0.73629 0.41729 0.14606 0.92403
0.47219 0.53976 0.60725 0.68362 0.77894
0.94529 0.55050 0.61635 0.15530 0.35375
0.52567 0.96804 0.54735 0.38617 0.40252
0.21311 0.65276 0.75029 0.59362 0.34981
0.73369 0.80305 0.80833 0.94905 0.76419
0.69881 0.79507 0.08363 0.36041 0.38800
0.02342 0.70619 0.42207 0.15158 0.93666
0.96239 0.19739 0.52135 0.45209 0.44256
0.21652 0.61049 0.74865 0.64217 0.31660
0.95748 0.02332 0.07655 0.03467 0.00819
0.61788 0.27696 0.70641 0.41810 0.34370
0.95466 0.97144 0.74622 0.60010 0.91606
0.04651 0.28598 0.79911 0.91222 0.02791
0.70801 0.76177 0.87073 0.91196 0.74328
0.32518 0.60175 0.31508 0.12551 0.66783
0.45208 0.45175 0.76821 0.32137 0.76746
0.18453 0.26240 0.39755 0.46981 0.56742
0.21387 0.20721 0.37894 0.99335 0.09775
0.52729 0.91794 0.79572 0.00500 0.81091
0.58421 0.91709 0.79856 0.00178 0.82386
0.69176 0.79773 0.84010 0.64930 0.01970
0.32120 0.36244 0.04342 0.81443 0.71947
0.92836 0.96702 0.79146 0.57662 0.88374
0.37045 0.20434 0.22417 0.45737 0.15077
0.25455 0.19577 0.56542 0.77478 0.25973
0.62372 0.27115 0.68526 0.43241 0.32964
0.70077 0.77000 0.83485 0.88751 0.78308
0.27940 0.17852 0.57750 0.81449 0.29161
0.28073 0.19975 0.59220 0.78040 0.24408
0.42549 0.53284 0.56864 0.72097 0.72946
0.55882 0.47576 0.42003 0.03203 0.39381
0.51943 0.94221 0.57167 0.36226 0.37819
0.84462 0.33619 -0.01124 0.06094 0.12311
0.44923 0.10938 0.10425 0.37485 0.50232
0.45677 0.09659 0.07465 0.33564 0.48662
0.03849 0.27720 0.81263 0.89870 0.02131
0.94942 0.02079 0.04911 0.06929 0.01320
0.56302 0.46363 0.07417 0.65164 0.89945
0.01120 0.38546 0.09064 0.87212 0.75184
0.25253 0.86282 0.40652 0.81074 0.83473
0.92387 0.62216 0.61496 0.17368 0.37261
0.04295 0.39866 0.11884 0.85928 0.79033
0.20013 0.19236 0.40839 1.01059 0.10725
0.35930 0.20984 0.15250 0.47058 0.17606
0.49287 0.81317 0.17850 0.40694 0.80431
0.80911 0.33673 -0.01618 0.07714 0.15136
0.30049 0.58491 0.31288 0.12224 0.61908
0.45644 0.03975 0.11004 0.34565 0.50728
0.47129 0.54014 0.59921 0.69774 0.78142
0.45771 0.40934 0.72966 0.31560 0.79467
0.83720 0.29061 0.03483 0.08461 0.11601
0.56766 0.78728 0.17365 0.41409 0.82805
0.98321 0.02431 0.08627 0.06118 -0.03568
0.53318 0.50611 0.44691 0.06377 0.41586
0.09575 0.74664 0.44165 0.05922 0.25588
0.77406 0.34402 0.02311 0.06261 0.11510
0.91517 0.06776 0.06575 0.04954 0.02494
0.02645 0.38825 0.08615 0.83162 0.75412
0.03561 0.25283 0.80845 0.91904 0.04736
0.17152 0.26735 0.27017 0.44080 0.57384
0.43099 0.74558 0.08546 0.98739 0.74129
0.66111 0.77823 0.14476 0.32964 0.36460
0.45181 0.80176 0.13692 1.00957 0.76977
0.27492 0.81288 0.65712 0.30963 0.74174
0.27006 0.85468 0.41182 0.79759 0.87328
0.24040 0.61907 0.70700 0.59716 0.35990
0.67833 0.76259 0.68839 0.58731 0.32841
0.65088 0.82068 0.83860 0.66519 0.01775
0.51663 0.88829 0.78866 0.06479 0.82966
0.78952 0.32609 -0.02936 0.04734 0.10595
0.87617 0.86105 0.81233 0.62141 0.84731
0.49202 0.41221 0.72186 0.29853 0.76539
0.94056 0.04360 0.04041 0.05440 0.03410
0.39654 0.10688 0.42322 0.32962 0.56585
0.54814 0.94246 0.82134 0.05730 0.87509
0.01324 0.24883 0.84196 0.91802 0.04070
0.00463 0.42257 0.09609 0.87779 0.79538
0.64875 0.87109 0.57332 0.53945 0.22893
0.99406 0.21681 0.52327 0.48663 0.39610
0.43692 0.57237 0.62309 0.69494 0.74089
0.17694 0.64360 0.07787 0.36733 0.02412
0.38353 0.42820 0.77907 0.07750 0.67197
0.17223 0.65758 0.09488 0.38035 0.04486
0.73836 0.02714 0.36192 0.86753 0.05243
0.42314 0.13475 0.09690 0.38959 0.49289
0.24868 0.84720 0.41058 0.83179 0.83200
0.71989 0.80739 0.86743 0.62592 0.00483
0.60504 0.26511 0.69747 0.38933 0.31495
0.35061 0.42330 0.81676 0.07743 0.65758
0.77917 0.92569 0.90052 0.26550 0.92468
0.52315 0.90002 0.81927 0.02460 0.84247
0.03138 0.30382 0.82523 0.92115 0.02660
0.42782 0.10983 0.12454 0.35888 0.51538
0.17094 0.64328 0.10709 0.37474 0.02334
0.08738 0.73706 0.42330 0.05624 0.17785
0.95704 0.03534 0.05095 0.04222 0.01459
0.56577 0.54235 0.42397 0.05338 0.42109
0.36852 0.17868 0.20995 0.49761 0.19145
0.77210 0.94635 0.84898 0.34267 0.91434
0.18565 0.67011 0.08922 0.38442 0.02121
0.01064 0.41452 0.08131 0.85557 0.77070
0.30416 0.77566 0.60261 0.28117 0.71262
0.78741 0.94526 0.86694 0.28493 0.91382
0.22386 0.20101 0.35785 0.96898 0.07665
0.54106 0.52902 0.05299 0.68528 0.88850
0.59122 0.86507 0.60052 0.54724 0.21100
0.16628 0.30414 0.43677 0.46391 0.56977
0.61505 0.58994 0.27684 0.14405 0.16620
0.80272 0.34983 -0.01345 0.07243 0.09698
0.14948 0.25139 0.41403 0.49173 0.52806
0.95387 0.77470 0.20688 0.78191 0.13150
0.40201 0.71534 0.09869 0.98463 0.76230
1.01767 0.76168 0.18319 0.73759 0.14587
0.31820 0.86397 0.41083 0.80480 0.86771
0.96433 0.98581 0.73244 0.54547 0.90662
0.61835 0.60302 0.26861 0.13199 0.11306
0.68909 0.77999 0.70812 0.55849 0.29008
0.88913 0.45445 0.38362 0.23706 0.49120
0.31429 1.00618 0.16731 0.97887 0.29709
0.79158 0.33867 -0.01714 0.09423 0.11285
0.62859 0.84878 0.58406 0.50338 0.24851
0.36577 0.22625 0.21969 0.47894 0.14548
0.53684 0.94356 0.81490 0.03401 0.81739
0.72634 0.03524 0.33180 0.88116 0.04783
0.79268 0.34066 -0.01607 0.10407 0.18651
0.91112 0.47335 0.39047 0.20930 0.47862
0.45674 0.12421 0.08587 0.36960 0.51108
0.02545 0.26603 0.81964 0.91554 0.04582
0.97827 0.78851 0.19437 0.76111 0.11496
0.59685 0.88662 0.58510 0.62074 0.19556
0.41304 0.16178 0.22358 0.49303 0.17655
0.19240 0.30206 0.26452 0.46958 0.54190
0.68337 0.82756 0.75326 0.58055 0.33877
0.57029 0.65344 0.11856 0.07010 0.40653
0.02872 0.43834 0.07977 0.87846 0.72395
0.54548 0.81113 0.07746 0.67411 0.34816
0.21126 0.61150 0.72605 0.56659 0.30978
0.87602 0.46099 0.39349 0.18716 0.51612
0.60283 0.25942 0.68903 0.40931 0.33719
0.51478 0.92014 0.81738 0.03381 0.84255
0.29846 0.17114 0.57442 0.76394 0.24119
0.70382 0.75224 0.71319 0.59753 0.29694
0.98594 0.21869 0.53211 0.45685 0.44456
0.69216 0.76679 0.12324 0.35005 0.38744
0.72044 -0.00258 0.32970 0.87824 0.07147
0.03629 0.72976 0.44014 0.16192 0.95593
0.90648 0.57936 0.59761 0.14309 0.34309
0.40772 0.49505 0.57116 0.69092 0.78211
0.65711 0.26590 0.75658 0.39920 0.33997
0.42504 0.73346 0.12314 1.02366 0.77034
0.16226 0.63671 0.04398 0.35902 0.01770
0.65809 0.79386 0.11355 0.36572 0.40124
0.33178 1.00010 0.18520 0.99218 0.32309
0.49264 0.77411 0.19444 0.37321 0.85697
0.33627 0.59338 0.31682 0.09819 0.59550
0.40745 0.20202 0.21712 0.46901 0.19161
0.16397 0.27593 0.24946 0.46923 0.51998
0.33325 1.00034 0.18211 1.00150 0.31398
0.90701 0.91984 0.81590 0.58439 0.85827
0.37376 0.39729 0.10165 0.85724 0.72321
0.46786 0.93580 0.56860 0.36000 0.39785
0.37991 0.37924 0.83439 0.06176 0.65987
0.76414 0.34523 0.02826 0.09030 0.09733
0.47654 0.90473 0.56731 0.35688 0.37716
0.63442 0.60279 0.27217 0.12301 0.13696
0.48663 0.56200 0.58652 0.70530 0.72101
0.60637 0.64952 0.27287 0.06700 0.14045
0.88726 0.47550 0.38758 0.19997 0.50902
0.31785 1.00620 0.18067 0.97240 0.31486
0.92919 0.55709 0.57073 0.17181 0.37507
0.26228 0.81223 0.61164 0.33188 0.72489
0.50536 0.96949 0.58584 0.34736 0.34020
0.26216 0.85527 0.36340 0.78601 0.86689
0.52034 0.44346 0.05491 0.72127 0.21358
0.70682 0.75248 0.82518 0.86924 0.79984
0.32132 0.78402 0.64288 0.30376 0.74185
0.60654 0.27719 0.67068 0.39405 0.31599
0.50434 0.96570 0.61332 0.34838 0.35410
0.51632 0.80058 0.09405 0.66338 0.31652
0.55696 0.80088 0.07154 0.66586 0.34845
0.15063 0.63247 0.05841 0.38331 0.05051
0.99610 0.23897 0.56822 0.47375 0.43121
0.82020 0.31589 0.01413 0.09970 0.13976
0.73046 0.34078 0.25183 0.57801 0.59070
0.44447 0.53582 0.60562 0.69199 0.79124
0.53386 0.93899 0.80475 0.05482 0.81226
0.88286 0.44578 0.41527 0.23350 0.51633
0.07113 0.73323 0.39619 0.15989 0.96863
0.71360 0.77336 0.82689 0.90384 0.75802
0.52092 0.61503 0.14333 0.05460 0.40416
0.37917 0.17984 0.22118 0.49240 0.14467
0.42361 0.49639 0.61489 0.71266 0.76181
0.94322 0.98220 0.74263 0.61005 0.87483
0.89669 0.87425 0.82824 0.60525 0.80143
0.53103 0.83702 0.10207 0.69421 0.34771
0.69357 0.77295 0.13647 0.34443 0.36319
0.43929 0.72503 0.12685 1.03256 0.77849
0.93736 0.56652 0.53636 0.14837 0.38834
0.26050 0.84651 0.40354 0.77863 0.82744
0.75086 0.32792 0.26337 0.61120 0.61885
0.30849 0.59988 0.32001 0.15099 0.60747
0.16982 0.29375 0.29948 0.46923 0.55368
0.17496 0.68104 0.09788 0.39108 0.04966
0.76923 0.35513 0.29947 0.62653 0.57379
0.58325 0.26293 0.72420 0.40287 0.34272
0.40208 0.76305 0.09247 1.05452 0.72809
0.53467 0.48157 0.03460 0.62691 0.89258
0.56195 0.89536 0.78899 0.02448 0.86114
0.00904 0.23952 0.84721 0.88904 0.02337
0.53724 0.80765 0.07346 0.64236 0.34013
0.95880 0.81627 0.20412 0.74012 0.15568
0.80155 0.32034 0.00859 0.08741 0.11224
0.37300 0.37130 0.82360 0.07487 0.65403
0.02261 0.27973 0.82023 0.90799 0.04387
-0.00319 0.41570 0.06928 0.87729 0.78458
0.61945 0.28826 0.73108 0.43845 0.32035
0.66871 0.76319 0.08211 0.30518 0.38607
0.12428 0.75622 0.42663 0.06133 0.20584
0.34903 0.62556 0.30953 0.11240 0.63390
0.83177 0.95176 0.88523 0.28245 0.90682
0.90909 0.57270 0.58859 0.18634 0.39965
0.98360 0.80785 0.19707 0.76669 0.14089
0.05613 0.75834 0.44099 0.05544 0.23107
0.51708 0.90817 0.79539 0.01630 0.84794
0.27713 0.83556 0.40758 0.82762 0.80936
0.48971 0.40027 0.70352 0.32208 0.72619
0.39756 0.39547 0.84472 0.07140 0.65121
0.39267 0.72741 0.12595 0.98375 0.78010
0.32716 0.37377 0.09172 0.86823 0.75513
0.92146 0.89287 0.82389 0.58698 0.84945
0.63951 0.88478 0.61549 0.53398 0.18811
0.68756 0.81721 0.72440 0.59964 0.29421
0.63877 0.15149 0.39485 0.97626 0.73350
0.77201 0.34489 -0.00632 0.05641 0.12373
0.98598 0.21198 0.50204 0.45595 0.41852
0.02111 0.39941 0.12011 0.89033 0.74078
0.57096 0.62313 0.14221 0.00441 0.39415
0.03097 0.38743 0.10171 0.87915 0.73969
0.37245 0.39981 0.81018 0.07318 0.70690
0.31470 0.59885 0.33358 0.11433 0.63510
0.75530 0.00304 0.37600 0.90901 0.05958
0.50082 0.39109 0.02959 0.72799 0.18341
0.51501 0.38677 0.75096 0.35066 0.77843
1.01461 0.24347 0.51827 0.46289 0.42079
1.03659 0.24887 0.50297 0.42468 0.41866
0.14551 0.29154 0.29247 0.45983 0.56042
0.41147 0.73236 0.10785 0.96602 0.74284
0.91629 0.96714 0.30441 0.13363 0.16036
0.58288 0.65825 0.13198 0.05020 0.39252
0.05464 0.70340 0.43402 0.14430 0.94905
0.82015 0.92660 0.83864 0.33880 0.93427
0.04409 0.70907 0.40996 0.18191 0.94420
0.36946 0.38077 0.80790 0.07461 0.68026
0.06020 0.77959 0.41182 0.10506 0.24287
0.36366 0.43295 0.85542 0.09001 0.72462
0.26670 0.84522 0.43247 0.81052 0.86992
0.89358 0.54943 0.61910 0.16543 0.41519
0.66857 0.62906 0.26519 0.10612 0.13130
0.85422 0.89365 0.84146 0.56869 0.80954
0.73072 0.79464 0.67437 0.54981 0.34284
0.28380 0.82835 0.43634 0.79798 0.80069
0.44501 0.52854 0.56559 0.71646 0.77130
0.72845 0.79849 0.09431 0.35155 0.37705
0.87370 0.96003 0.31535 0.10889 0.22574
0.61605 0.83077 0.62447 0.53877 0.22708
-0.00318 0.40703 0.12080 0.89383 0.78627
0.46009 0.52674 0.62944 0.71448 0.76027
0.40701 0.11915 0.10024 0.35531 0.48950
0.22140 0.65676 0.70298 0.59657 0.31222
0.87123 0.92741 0.83719 0.60789 0.85006
0.20659 0.20245 0.38453 0.99574 0.05343
0.49396 0.41946 0.74869 0.31505 0.75676
0.58267 0.65729 0.12011 0.04401 0.40794
0.53542 0.50211 0.02721 0.65436 0.94430
0.64479 0.14672 0.38756 0.95347 0.74752
0.28491 0.78038 0.61196 0.31649 0.71050
0.25619 0.84169 0.43281 0.82703 0.90570
0.68595 0.81918 0.85170 0.67406 0.02491
0.69970 0.77039 0.73133 0.61695 0.33225
0.49693 0.41812 0.77101 0.31255 0.79303
0.95328 0.81342 0.18674 0.77909 0.11213
0.71131 0.80007 0.83098 0.94219 0.77428
0.74039 0.00650 0.38294 0.90282 0.06796
0.50386 0.40967 0.74631 0.31496 0.80154
0.81516 0.95577 0.87145 0.28257 0.90642
0.30148 0.77405 0.61147 0.28781 0.72454
0.32962 0.41707 0.07074 0.85247 0.77068
0.18370 0.63273 0.08697 0.37343 0.00897
0.12141 0.25754 0.43916 0.48566 0.55438
0.24651 0.64736 0.69891 0.60494 0.33328
0.78862 0.94138 0.86358 0.30272 0.90576
0.22853 0.20795 0.35993 0.94797 0.10886
0.40527 0.74731 0.09785 0.99424 0.75880
0.06238 0.26693 0.82852 0.87578 0.04723
0.88669 0.94473 0.30384 0.11299 0.21788
0.40003 0.76540 0.08632 0.99148 0.69138
0.31054 0.22615 0.60475 0.82444 0.21727
0.16292 0.65805 0.07019 0.38385 0.02673
0.42835 0.74221 0.06353 1.02171 0.73385
0.53081 0.51615 0.08538 0.65560 0.90240
0.92238 0.94046 0.30805 0.10943 0.19976
0.29163 0.19159 0.58394 0.75007 0.20114
0.27130 0.64349 0.34637 0.11897 0.62644
0.95091 0.93892 0.77606 0.56902 0.90089
0.51552 0.91050 0.83477 0.04929 0.80111
0.21462 0.67039 0.73659 0.59409 0.28282
0.31707 0.62764 0.34135 0.14382 0.62629
0.27802 0.14801 0.59890 0.75860 0.23794
0.37746 0.09961 0.38600 0.33507 0.57235
0.70266 0.78894 0.82320 0.89522 0.74467
0.73287 0.33745 0.24543 0.61143 0.59205
0.80482 0.94274 0.86283 0.33038 0.88877
0.61277 0.19134 0.41090 0.98753 0.71673
0.43008 0.75103 0.10798 1.02725 0.76274
0.10606 0.77257 0.41096 0.05808 0.27751
0.51217 0.41858 0.70506 0.29237 0.78736
0.69727 0.83945 0.86285 0.69367 0.00342
0.31331 0.75593 0.63738 0.26127 0.73193
0.32327 0.12732 0.57104 0.79218 0.25351
0.24412 0.84160 0.40844 0.79042 0.85117
0.53455 0.79401 0.08388 0.69208 0.34499
0.04540 0.69308 0.42774 0.14512 0.92949
0.97893 0.76790 0.18085 0.79869 0.12756
0.91738 0.97642 0.29524 0.12546 0.21177
0.14794 0.29667 0.24194 0.46430 0.54936
0.56969 0.53133 0.03680 0.65034 0.89974
0.53520 0.61165 0.10416 0.07399 0.38994
0.39145 0.13761 0.43502 0.31485 0.61746
0.87625 0.45505 0.40354 0.20165 0.49640
0.93375 0.80592 0.23117 0.77320 0.10574
0.18398 0.26657 0.40755 0.44520 0.55259
0.26441 0.78620 0.65398 0.29191 0.73005
0.28239 0.87698 0.39604 0.80908 0.82933
0.52316 0.78709 0.19416 0.36676 0.81589
0.44955 0.51364 0.58920 0.70415 0.75081
0.45202 0.97003 0.57416 0.33981 0.36399
0.88002 0.58206 0.60716 0.14379 0.39708
0.35836 0.41920 0.07741 0.85091 0.73574
0.07196 0.76832 0.42257 0.06285 0.19794
0.02686 0.41576 0.07582 0.82652 0.79438
0.54972 0.58798 0.14570 0.07063 0.39563
0.03204 0.68675 0.38570 0.15970 0.94658
0.66407 0.32222 0.73420 0.37584 0.34548
0.41746 0.10053 0.11311 0.35085 0.49570
0.00206 0.24965 0.77529 0.89921 0.04740
0.79100 0.33562 -0.00237 0.07853 0.19685
0.56070 0.47282 0.41761 0.08916 0.43140
0.04025 0.42498 0.12081 0.86979 0.77439
0.68631 0.78643 0.11734 0.36241 0.36806
0.38052 0.42650 0.83437 0.06415 0.67715
0.68166 0.77576 0.11804 0.33978 0.33444
0.19049 0.68068 0.10511 0.38703 0.05643
0.02202 0.40334 0.12424 0.89088 0.78371
0.53447 0.44863 0.01284 0.71282 0.18178
0.63716 0.18265 0.38598 0.94050 0.73262
0.98300 0.79053 0.24912 0.77939 0.13777
0.95342 0.05897 0.04567 0.03496 -0.02747
0.19478 0.66799 0.69789 0.55301 0.31431
0.63407 0.84693 0.55932 0.53088 0.23081
0.78382 0.96589 0.87290 0.28325 0.91301
0.33987 0.08393 0.41495 0.30936 0.57129
0.37699 0.10146 0.42076 0.32008 0.60692
0.91925 0.97997 0.28229 0.16178 0.20262
0.43138 0.51656 0.58489 0.70365 0.74335
0.72069 0.29564 0.26108 0.58316 0.57294
0.49949 0.40523 0.75055 0.30773 0.74712
0.56231 0.52316 0.06105 0.64153 0.91783
0.45787 0.71328 0.06587 0.98609 0.76113
0.17079 0.27776 0.37080 0.45899 0.58126
0.68527 0.80009 0.15393 0.35714 0.40199
0.60977 0.50428 0.44813 0.05220 0.41004
0.01891 0.24899 0.83836 0.91651 0.01785
0.27039 0.81597 0.43008 0.77789 0.85548
0.58032 0.49739 0.43250 0.04972 0.41739
0.62591 0.60618 0.23779 0.12472 0.16514
0.46247 0.07643 0.13409 0.36836 0.49645
0.90376 0.97043 0.32160 0.12505 0.20468
0.60359 0.27350 0.69793 0.39483 0.30675
0.37564 0.36907 0.78477 0.08474 0.68020
0.42309 0.76024 0.10786 1.02081 0.77979
0.58492 0.84319 0.57631 0.52629 0.19677
0.44048 0.14395 0.10014 0.35779 0.47906
0.47452 0.36439 0.71015 0.30740 0.79496
0.00917 0.39749 0.10710 0.86048 0.78608
0.49817 0.96436 0.60796 0.36029 0.36314
0.37051 0.11815 0.42682 0.28576 0.57752
0.63022 0.17013 0.45383 0.96617 0.72632
0.62156 0.15368 0.43267 0.94640 0.75896
0.58735 0.63466 0.16806 0.02922 0.40828
0.72725 0.01409 0.35109 0.85388 0.04085
0.64721 0.85975 0.61384 0.55587 0.25174
0.64495 0.61582 0.26477 0.09897 0.18397
0.28507 0.16376 0.58120 0.79376 0.25298
0.96082 0.97330 0.75743 0.59434 0.88949
0.68132 0.73600 0.07828 0.34586 0.39808
0.34077 0.81349 0.58787 0.29771 0.69350
0.56140 0.49650 0.42763 0.06369 0.44225
0.61108 0.29921 0.70363 0.41281 0.30781
0.52018 0.78869 0.12970 0.39965 0.79844
0.76934 0.96531 0.84892 0.28872 0.95484
0.53935 0.61991 0.12717 0.05285 0.38381
0.52939 0.93250 0.84325 0.02577 0.82376
0.82232 0.32113 -0.02302 0.08616 0.13609
0.68378 0.80157 0.79800 0.88475 0.73146
0.51053 0.49106 0.06335 0.65344 0.91336
0.06546 0.73928 0.40609 0.15859 0.91745
0.33070 0.41222 0.05055 0.81692 0.77024
0.06073 0.72379 0.41992 0.14724 0.97891
0.84378 0.44536 0.39066 0.24122 0.48509
0.59191 0.48626 0.39000 0.06568 0.40548
0.74649 0.76382 0.83299 0.92530 0.71676
0.77135 0.00490 0.36658 0.85870 0.05355
0.91853 0.03332 0.09380 0.07060 0.01696
0.83647 0.91085 0.86080 0.31333 0.92958
0.03768 0.28316 0.82822 0.90359 0.05689
0.07840 0.79858 0.41170 0.04576 0.22327
0.44144 0.54287 0.60190 0.66043 0.75383
-0.03573 0.41103 0.06075 0.89381 0.72870
0.43104 0.69105 0.11355 1.01469 0.75035
0.89878 0.94150 0.83675 0.62138 0.80413
0.28534 0.80171 0.37267 0.79338 0.88379
0.95476 0.97470 0.74913 0.58339 0.88651
0.63129 0.16350 0.40150 0.96858 0.74690
0.96441 0.05302 0.06812 0.05253 0.02895
0.42716 0.10076 0.08840 0.36793 0.47216
0.40609 0.10911 0.39578 0.33988 0.57806
0.72244 0.02553 0.39601 0.89336 0.08666
0.54878 0.51441 0.45296 0.05635 0.41784
0.06114 0.74569 0.39182 0.01862 0.19353
0.66821 0.60668 0.28247 0.14026 0.14882
0.64382 0.18107 0.41843 0.95730 0.74907
0.72114 0.81463 0.83480 0.64620 -0.00441
0.35884 0.16901 0.18715 0.46173 0.16164
0.12997 0.30850 0.24249 0.46392 0.52562
0.25754 0.84397 0.39983 0.79755 0.84050
0.89530 0.94336 0.82756 0.57958 0.79132
0.73522 0.05385 0.37545 0.86290 0.03752
0.16981 0.27383 0.28625 0.47490 0.56547
0.47193 0.11716 0.09973 0.32965 0.47548
0.54882 0.89912 0.79546 0.03066 0.84054
0.15975 0.20559 0.34821 0.98856 0.08858
-0.01315 0.24136 0.82561 0.89747 0.06278
0.14294 0.24756 0.39615 0.46486 0.54775
0.00820 0.39511 0.10991 0.88877 0.77726
0.42549 0.41061 0.81454 0.09233 0.67170
0.79747 0.93494 0.88022 0.31091 0.95184
0.21934 0.19869 0.36133 1.01129 0.08332
0.63553 0.17999 0.41431 0.96984 0.71093
0.76990 0.35320 -0.00492 0.06618 0.14530
0.71076 0.81500 0.83231 0.93035 0.79024
0.16266 0.24160 0.40029 0.45787 0.54304
0.92798 0.08753 0.05828 0.03528 0.00962
0.21831 0.63852 0.71984 0.62896 0.28576
0.36382 0.09183 0.40617 0.33844 0.58717
0.27094 0.18487 0.60823 0.78694 0.23578
0.48092 0.43436 0.02171 0.71507 0.20630
0.94920 0.23547 0.57119 0.44348 0.41737
0.91819 0.94543 0.28208 0.13399 0.21712
0.27243 0.78819 0.62253 0.28764 0.70768
0.42295 0.76222 0.06609 1.02311 0.77516
0.62071 0.58506 0.31084 0.10132 0.17241
0.72646 0.78679 0.69602 0.55152 0.32436
0.53042 0.47871 0.43418 0.05931 0.41844
0.17875 0.16144 0.39798 1.02167 0.11762
0.42314 0.75789 0.09628 0.98503 0.74318
0.32170 0.65592 0.32953 0.13494 0.64167
0.79237 0.96454 0.86784 0.27693 0.93478
0.71122 0.77486 0.68612 0.58406 0.28485
0.66735 0.77923 0.71803 0.56741 0.32784
0.03308 0.41439 0.08315 0.88144 0.76095
0.64332 0.58639 0.25496 0.12354 0.15426
0.48536 0.94472 0.58615 0.40452 0.37038
0.51019 0.93044 0.60317 0.35267 0.40468
0.06515 0.74838 0.40997 0.04962 0.20902
0.61434 0.31460 0.67078 0.43300 0.34135
0.99986 0.21066 0.50426 0.46349 0.45347
0.60991 0.28113 0.66663 0.39650 0.31628
0.28735 0.78510 0.64827 0.32582 0.70159
0.88058 0.89672 0.81879 0.59835 0.85147
0.70475 0.74870 0.82930 0.90483 0.74498
0.25457 0.87353 0.40004 0.81472 0.83116
0.50956 0.81366 0.15685 0.42128 0.80056
0.04740 0.71882 0.41651 0.16110 0.94546
0.69239 0.77823 0.69068 0.60043 0.29321
0.46970 0.92287 0.54990 0.35879 0.41595
0.52833 0.49541 0.04644 0.66659 0.94122
0.28050 0.85584 0.41272 0.77347 0.86131
