0.09057
0.07913
0.86582
0.37835
0.93281
0.82027
0.95003
0.19436
0.50996
0.39763
0.77406
0.94652
0.80979
0.13392
0.18979
0.71698
0.92380
0.82005
0.31445
0.01531
0.82539
0.31148
0.32208
0.05349
0.42048
0.21047
0.65112
0.11226
0.29033
0.08398
0.32573
0.27428
0.01640
0.82313
0.72154
0.73323
0.09976
0.33676
0.27262
0.94242
0.65258
0.00593
0.02476
0.11275
0.86546
0.79451
0.76444
0.77323
0.13472
0.98172
0.36293
0.81845
0.87526
0.59164
0.86338
0.28617
0.36341
0.26885
0.98206
0.96053
0.42432
0.27929
0.52117
0.08657
0.21642
0.76251
0.55751
0.34185
0.78791
0.91296
0.16225
0.55027
0.50995
0.19546
0.95985
0.10065
0.28184
0.64336
0.85222
0.64357
0.67891
0.31739
0.60565
0.08144
0.90202
0.53807
0.64299
0.51987
0.34710
0.21947
0.17093
0.33913
0.76145
0.86585
0.13161
0.27203
0.55376
0.95776
0.96022
0.18219
0.19390
0.73532
0.22219
0.87710
0.53345
0.05574
0.27056
0.19721
0.06389
0.18182
0.06126
0.23315
0.91727
0.76658
0.58629
0.10210
0.59466
0.64906
0.56282
0.20470
0.14585
0.62545
0.46095
0.55665
0.41231
0.83058
0.45053
0.40634
0.69714
0.58843
0.56690
0.31088
0.52311
0.94687
0.84651
0.98148
0.49317
0.20785
0.17982
0.68236
0.97010
0.01312
0.98979
0.80238
0.67185
0.27685
0.41633
0.71844
0.64511
0.66394
0.25959
0.68243
0.97213
0.01845
0.34558
0.18769
0.88871
0.93947
0.04994
0.22952
0.51645
0.38805
0.52393
0.92199
0.48938
0.34021
0.54096
0.28647
0.43067
0.59092
0.46941
0.24736
0.41235
0.41317
0.83007
0.16070
0.33216
0.23472
0.83492
0.47401
0.68819
0.28567
0.66829
0.49635
0.74219
0.65263
0.40832
0.49822
0.56101
0.62902
0.16434
0.28548
0.48560
0.94714
0.99018
0.55419
0.44778
0.90177
0.44729
0.90662
0.56087
0.28112
0.62524
0.58945
0.32217
0.31170
0.13441
0.30766
0.22113
0.60234
0.33301
0.10008
0.11436
0.22736
0.35836
0.32201
0.13251
0.82293
0.79008
0.60646
0.77729
0.30603
0.03382
0.84510
0.08411
0.20058
0.35998
0.55947
0.21101
0.56162
0.92266
0.11620
0.60255
0.66446
0.78727
0.94868
0.83227
0.13274
0.20850
0.60811
0.25052
0.55847
0.30239
0.29792
0.50116
0.63037
0.83918
0.83296
0.81691
0.20390
0.31490
0.35161
0.55392
0.03714
0.60660
0.35801
0.90518
0.72216
0.51902
0.38296
0.66718
0.77189
0.52629
0.26699
0.12500
0.27983
0.14589
0.54928
0.47205
0.30386
0.40252
0.33926
0.21652
0.97398
0.54579
0.71195
0.33296
0.05079
0.56782
0.92505
0.34761
0.58082
0.30822
0.00913
0.16617
0.62611
0.14812
0.08470
0.42720
0.86950
0.27412
0.20130
0.16694
0.39383
0.45886
0.11913
0.56163
0.57270
0.51372
0.96027
0.91960
0.37747
0.31066
0.97272
0.78962
0.88572
0.89034
0.19798
0.31042
0.04047
0.02675
0.32533
0.72616
0.03845
0.03505
0.54910
0.03344
0.25230
0.73941
0.75796
0.81962
0.70095
0.04564
0.10754
0.37898
0.62551
0.88013
0.06477
0.08207
0.72010
0.22190
0.49810
0.55446
0.04106
0.51333
0.31081
0.77464
0.79976
0.27006
0.93604
0.72531
0.64614
0.40956
0.11447
0.55064
0.59792
0.26374
0.62425
0.81895
0.06564
0.25849
0.54568
0.20455
0.46206
0.09956
0.86722
0.12769
0.91261
0.05573
0.84641
0.89346
0.37342
0.94683
0.61661
0.44282
0.62046
0.93487
0.49721
0.55179
0.65029
0.39445
0.52421
0.31619
0.72882
0.41539
0.10731
0.62228
0.74146
0.44501
0.63709
0.27875
0.97043
0.39627
0.93898
0.40280
0.53568
0.40434
0.24756
0.64402
0.83131
0.76473
0.22648
0.55334
0.11574
0.17213
0.09323
0.57998
0.64444
0.45485
0.14634
0.22703
0.83301
0.54233
0.18969
0.28801
0.90561
0.29128
0.75539
0.16411
0.32463
0.37955
0.37980
0.31909
0.04965
0.62925
0.87487
0.75040
0.34918
0.30155
0.31458
0.53838
0.21320
0.92398
0.67349
0.47217
0.17446
0.68107
0.88794
0.84152
0.50065
0.72682
0.08800
0.34231
0.39408
0.75888
0.62857
0.01859
0.97398
0.95304
0.19554
0.42883
0.85663
0.36011
0.87655
0.75040
0.59147
0.59201
0.91509
0.56825
0.50407
0.50642
0.64125
0.85038
0.72972
0.13900
0.75681
0.60409
0.65740
0.04982
0.91284
0.12810
0.00999
0.48057
0.32155
0.91217
0.46741
0.71833
0.06884
0.73911
0.78367
0.51103
0.66989
0.74566
0.53139
0.35675
0.12357
0.02635
0.52664
0.75021
0.88381
0.41728
0.40642
0.46915
0.35131
0.67569
0.87368
0.26244
0.16304
0.23505
0.56820
0.49238
0.89676
0.70194
0.13188
0.87509
0.33274
0.96956
0.08745
0.59973
0.61713
0.40628
0.09434
0.96652
0.75286
0.82434
0.13237
0.92926
0.58727
0.17790
0.41974
0.14350
0.28721
0.26286
0.30211
0.88465
0.34939
0.30785
0.14522
0.60573
0.29871
0.92501
0.62422
0.42466
0.53641
0.79757
0.02565
0.30308
0.46231
0.19112
0.00785
0.07714
0.21645
0.11971
0.89367
0.81803
0.97239
0.46241
0.65234
0.34570
0.45466
0.34222
0.22446
0.36742
0.75272
0.74499
0.04001
0.42023
0.68198
0.63491
0.32999
0.76776
0.43435
0.72481
0.94790
0.38024
0.07299
0.73894
0.20526
0.37855
0.16936
0.36202
0.02404
0.45902
0.62531
0.19391
0.60169
0.20409
0.50830
0.84493
0.52492
0.94352
0.01624
0.42214
0.41306
0.34378
0.11802
0.89572
0.64105
0.58624
0.14502
0.73690
0.26615
0.30723
0.45776
0.62735
0.21385
0.14410
0.20695
0.37807
0.07919
0.63258
0.46528
0.19572
0.56901
0.78898
0.49129
0.90777
0.63046
0.78191
0.86098
0.44125
0.33037
0.34239
0.72209
0.37605
0.12662
0.86387
0.65573
0.23875
0.39118
0.12275
0.88594
0.70880
0.59552
0.01861
0.35888
0.63921
0.22270
0.34758
0.43847
0.41036
0.96884
0.90295
0.66268
0.50958
0.06738
0.73578
0.97434
0.71840
0.45980
0.76254
0.87717
0.57055
0.69398
0.46669
0.67292
0.50491
0.10604
0.53554
0.86438
0.78045
0.51698
0.15862
0.32075
0.13519
0.30708
0.33842
0.59228
0.40389
0.72992
0.70057
0.08087
0.43418
0.00548
0.34576
0.98276
0.55749
0.26803
0.53624
0.71307
0.28609
0.51473
0.00124
0.64207
0.91500
0.23413
0.67849
0.79607
0.71315
0.19385
0.75398
0.69454
0.29108
0.54187
0.68460
0.16307
0.00636
0.75147
0.29626
0.57477
0.28777
0.26478
0.49005
0.19979
0.84106
0.00133
0.36489
0.58687
0.56797
0.47956
0.33781
0.80815
0.63069
0.44119
0.04153
0.14228
0.17143
0.84085
0.94878
0.93481
0.44602
0.95759
0.34717
0.02750
0.18473
0.05562
0.76486
0.78232
0.03182
0.83687
0.71369
0.43859
0.28031
0.11632
0.05349
0.21522
0.17012
0.23031
0.66517
0.87325
0.39043
0.97386
0.68041
0.73500
0.98941
0.40992
0.59688
0.49572
0.96338
0.89228
0.31270
0.76192
0.09378
0.03338
0.03362
0.41840
0.80592
0.82562
0.43235
0.31097
0.73247
0.29688
0.63864
0.13632
0.65217
0.03195
0.14505
0.93400
0.16130
0.90563
0.74569
0.32150
0.96430
0.62339
0.31478
0.91256
0.40418
0.39392
0.34271
0.46920
0.54407
0.90723
0.07278
0.10793
0.38955
0.13223
0.56463
0.92524
0.94591
0.44260
0.58994
0.96527
0.83873
0.18295
0.70300
0.84260
0.70407
0.20233
0.61388
0.05898
0.89445
0.43574
0.23050
0.90278
0.71315
0.49598
0.26449
0.80006
0.65007
0.47880
0.86936
0.87723
0.55634
0.97834
0.11140
0.50840
0.66506
0.12240
0.90425
0.33790
0.75283
0.51749
0.81346
0.98650
0.87876
0.46687
0.31546
0.39867
0.83636
0.33316
0.39813
0.01792
0.76380
0.45047
0.82272
0.07505
0.79594
0.28742
0.00472
0.49735
0.29305
0.65376
0.24501
0.85762
0.64995
0.14943
0.73801
0.31539
0.19917
0.08866
0.08506
0.35027
0.49313
0.88311
0.73943
0.65800
0.13909
0.07558
0.37477
0.30596
0.83161
0.93696
0.80209
0.17705
0.35029
0.70087
0.11292
0.34167
0.77410
0.78150
0.06670
0.80503
0.89885
0.00681
0.28569
0.92183
0.86707
0.45681
0.32358
0.53982
0.98360
0.59956
0.65015
0.87608
0.18655
0.11465
0.25087
0.02749
0.97692
0.76976
0.89439
0.76849
0.22967
0.40499
0.22562
0.13831
0.26084
0.88803
0.92639
0.51535
0.49319
0.69088
0.93129
0.63915
0.42111
0.81863
0.27491
0.22182
0.82147
0.70237
0.26055
0.32955
0.01208
0.67204
0.50809
0.27994
0.71764
0.53256
0.60698
0.34165
0.58748
0.38510
0.59679
0.56045
0.63345
0.32095
0.26632
0.18553
0.62576
0.82226
0.66736
0.35538
0.53917
0.90514
0.95224
0.56834
0.34472
0.42418
0.48851
0.44703
0.83278
0.29072
0.40969
0.05696
0.46279
0.99015
0.21437
0.42604
0.98839
0.49135
0.38608
0.39835
0.37298
0.17507
0.35261
0.93680
0.65747
0.10303
0.10534
0.56840
0.73886
0.64977
0.18778
0.33570
0.03428
0.54510
0.94326
0.35547
0.82234
0.10443
0.32853
0.55493
0.68036
0.09862
0.21410
0.70797
0.06042
0.63970
0.16292
0.61874
0.23689
0.16676
0.73879
0.44806
0.71360
0.56744
0.01096
0.35352
0.69860
0.90228
0.42224
0.63320
0.78878
0.40054
0.86548
0.88586
0.92326
0.13271
0.74496
0.07774
0.20694
0.00722
0.82151
0.85379
0.76309
0.47109
0.23562
0.98863
0.25097
0.36483
0.27647
0.68722
0.00357
0.68135
0.92376
0.36988
0.72824
0.71704
0.48117
0.86436
0.01358
0.24653
0.32337
0.32405
0.58487
0.66257
0.31440
0.67421
0.19471
0.81272
0.96456
0.86990
0.71400
0.97190
0.84871
0.05512
0.92163
0.14603
0.44859
0.17847
0.32161
0.47989
0.59970
0.31356
0.03889
0.68265
0.98706
0.01984
0.87519
0.12022
0.45947
0.95069
0.03270
0.53712
0.68465
0.30677
0.99941
0.13269
0.26362
0.51474
0.55054
0.65072
0.89976
0.12183
0.70095
0.78085
0.90367
0.52266
0.34558
0.20588
0.13532
0.67268
0.54859
0.69148
0.46518
0.07698
0.87190
0.43211
0.32823
0.74799
0.63244
0.84567
0.46985
0.02693
0.69314
0.94440
0.20017
0.33057
0.59282
0.79914
0.81624
0.38800
0.02806
0.66428
0.76489
0.95069
0.94265
0.10965
0.40528
0.16804
0.13976
0.46032
0.46860
0.89681
0.32311
0.96836
0.92067
0.49147
0.40643
0.18682
0.04384
0.25985
0.39965
0.78925
0.63115
0.30296
0.84712
0.92009
0.01935
0.26408
0.54275
0.85840
0.15968
0.81527
0.90714
0.77796
0.60923
0.08167
0.91862
0.68468
0.97930
0.76828
0.15829
0.81771
0.21164
0.19760
0.33241
0.58364
0.44171
0.65769
0.31533
0.17591
0.01226
0.77849
0.47406
0.62558
0.17679
0.24011
0.00883
0.80119
0.29861
0.48401
0.74334
0.93134
0.85283
0.81582
0.50562
0.12305
0.59603
0.54209
0.58699
0.96410
0.65929
0.20065
0.67557
0.93537
0.01300
0.18922
0.49910
0.89147
0.26561
0.25560
0.59891
0.53607
0.79746
0.61923
0.87393
0.47763
0.83751
0.44658
0.61202
0.52672
0.62208
0.82651
0.47845
0.36406
0.45802
0.20169
0.83232
0.42767
0.46493
0.89427
0.85662
0.98305
0.25867
0.26609
0.80434
0.56805
0.17790
0.97607
0.51061
0.46236
0.59247
0.35625
0.35533
0.10752
0.46440
0.49195
0.54914
0.72456
0.70991
0.82580
0.80209
0.83738
0.12630
0.46209
0.43308
0.46114
0.12420
0.94359
0.27770
0.27505
0.97472
0.79698
0.78485
0.74687
0.55521
0.20971
0.00060
0.55034
0.93285
0.05899
0.24782
0.29605
0.50040
0.18049
0.66479
0.40765
0.90336
0.64680
0.51033
0.13647
0.26485
0.47698
0.10260
0.72219
0.03898
0.83851
0.99317
0.86275
0.45427
0.03543
0.72812
0.61248
0.20550
0.22841
0.51034
0.89525
0.96589
0.13129
0.50892
0.15030
0.85320
0.71374
0.65082
0.67907
0.68058
0.29507
0.19095
0.55153
0.32892
0.52918
0.04678
0.02533
0.83503
0.38236
0.80745
0.81230
0.51069
0.87860
0.56771
0.01930
0.06818
0.45864
0.23352
0.88726
0.43293
0.98718
0.62363
0.21184
0.97284
0.71310
0.75720
0.18436
0.63207
0.20204
0.06162
0.05957
0.23702
0.87569
0.10880
0.22724
0.78155
0.76714
0.44841
0.33110
0.45596
0.41720
0.38613
0.89912
0.62004
0.91742
0.93173
0.77387
0.43564
0.14326
0.91675
0.15849
0.49103
0.70370
0.16039
0.65435
0.25170
0.21712
0.20666
0.68026
0.40855
0.89671
0.85938
0.16667
0.21872
0.45986
0.31342
0.33499
0.71069
0.51229
0.26207
0.40869
0.75877
0.96524
0.83624
0.30215
0.89602
0.28471
0.84050
0.34276
0.26654
0.74286
0.33300
0.47085
0.23638
0.81860
0.04773
0.68972
0.97775
0.15416
0.03569
0.34546
0.01407
0.37100
0.91642
0.07607
0.63706
0.23075
0.54640
0.02983
0.12174
0.82921
0.24548
0.71782
0.34014
0.69709
0.81330
0.07566
0.08456
0.84716
0.24068
0.68679
0.79911
0.62163
0.35319
0.93320
0.34127
0.21603
0.41609
0.37693
0.26681
0.26172
0.59326
0.54577
0.93902
0.85312
0.79648
0.25062
0.24086
0.12509
0.00829
0.93567
0.03321
0.77727
0.00473
0.60170
0.55319
0.23234
0.88924
0.34855
0.38426
0.09910
0.27550
0.02292
0.47501
0.63859
0.18069
0.82047
0.95847
0.99515
0.22479
0.81829
0.69063
0.78258
0.28554
0.62464
0.93181
0.21690
0.17443
0.74833
0.23540
0.06844
0.16599
0.30643
0.13200
0.92160
0.26435
0.76906
0.54458
0.55510
0.57310
0.81379
0.65062
0.22476
0.88329
0.86754
0.72939
0.34546
0.50790
0.36640
0.92632
0.51470
0.80627
0.89256
0.48464
0.37938
0.48188
0.22636
0.61708
0.23184
0.35478
0.58622
0.64563
0.59989
0.20636
0.06787
0.96484
0.84440
0.98449
0.47713
0.48361
0.29606
0.48637
0.32993
0.54043
0.98670
0.49185
0.00493
0.74304
0.91300
0.39629
0.38463
0.51940
0.27258
0.30829
0.54413
0.37485
0.08060
0.50970
0.24049
0.91193
0.10475
0.73480
0.07319
0.08639
0.14351
0.76733
0.34899
0.50177
0.82801
0.77950
0.55083
0.40391
0.32816
0.84649
0.94197
0.10431
0.37357
0.05608
0.13501
0.97514
0.77842
0.42874
0.02966
0.17125
0.12239
0.06852
0.60709
0.84602
0.50007
0.70029
0.74502
0.62644
0.18798
0.35081
0.47185
0.48300
0.67363
0.23460
0.92766
0.13414
0.80762
0.04165
0.03264
0.81971
0.92702
0.53281
0.83739
0.66612
0.36151
0.16426
0.87151
0.74215
0.88493
0.11094
0.46183
0.71242
0.44192
0.80873
0.18490
0.34940
0.35231
0.98076
0.30319
0.30955
0.32075
0.44281
0.82319
0.13732
0.40064
0.80754
0.49832
0.33725
0.54496
0.59029
0.71180
0.12591
0.02271
0.40992
0.76330
0.65184
0.11891
0.21169
0.60754
0.56852
0.92887
0.04490
0.82631
0.42174
0.59433
0.76916
0.08669
0.38170
0.18372
0.33189
0.21511
0.66527
0.31844
0.81163
0.00688
0.38584
0.56949
0.63561
0.83275
0.12205
0.05619
0.29237
0.86189
0.79584
0.39825
0.01768
0.06100
0.91351
0.17727
0.96844
0.73603
0.06269
0.09976
0.74973
0.17239
0.41293
0.62955
0.65167
0.57209
0.37512
0.37157
0.93103
0.07985
0.32249
0.00944
0.79055
0.39816
0.66881
0.32682
0.96035
0.75103
0.88195
0.43243
0.63501
0.66068
0.20889
0.92646
0.94007
0.58623
0.39156
0.29322
0.41203
0.73634
0.31472
0.30647
0.77987
0.78717
0.44034
0.05703
0.43654
0.09991
0.00629
0.85469
0.52259
0.41481
0.79630
0.50609
0.55898
0.57107
0.65889
0.83274
0.35474
0.43774
0.03561
0.00429
0.35354
0.83900
0.61780
0.53620
0.88898
0.44543
0.44968
0.22755
0.31509
0.36696
0.18605
0.12985
0.98603
0.65934
0.01379
0.49027
0.50224
0.20570
0.06077
0.26836
0.18413
0.31871
0.53776
0.57368
0.18266
0.50348
0.21546
0.71595
0.02204
0.82174
0.20569
0.29133
0.41853
0.23965
0.46996
0.52288
0.55751
0.40186
0.12709
0.01897
0.08708
0.24577
0.19697
0.67641
0.55630
0.68101
0.00958
0.28609
0.31617
0.49302
0.38096
0.76677
0.17460
0.04889
0.02298
0.45113
0.60145
0.89364
0.26933
0.67506
0.37156
0.77906
0.39507
0.31202
0.57050
0.41340
0.18400
0.45406
0.73820
0.87867
0.93825
0.29428
0.44363
0.38368
0.39017
0.93718
0.78378
0.80240
0.42529
0.01135
0.06334
0.73839
0.97508
0.21600
0.61258
0.28404
0.57053
0.40385
0.98236
0.71696
0.43888
0.06177
0.56817
0.22719
0.79779
0.12157
0.10554
0.46248
0.42400
0.02852
0.79101
0.64263
0.32740
0.98315
0.84726
0.92763
0.31905
0.74145
0.04264
0.82431
0.09050
0.77850
0.73417
0.89438
0.60909
0.61233
0.04813
0.71452
0.98795
0.41477
0.94916
0.09096
0.25921
0.45830
0.52271
0.67229
0.82550
0.58500
0.17992
0.93580
0.82723
0.43734
0.42076
0.31783
0.95026
0.24321
0.19078
0.67062
0.34610
0.43473
0.08496
0.58795
0.32650
0.41291
0.11867
0.77022
0.84046
0.77514
0.52182
0.06623
0.63378
0.91013
0.08294
0.06847
0.74222
0.28629
0.27822
0.63648
0.69381
0.57616
0.79364
0.76480
0.77438
0.94339
0.29444
0.99903
0.42120
0.30852
0.03817
0.05999
0.76701
0.24636
0.53715
0.47420
0.37007
0.72714
0.31599
0.56014
0.79882
0.90327
0.91902
0.76105
0.62312
0.35461
0.18246
0.93064
0.10218
0.03956
0.96649
0.81716
0.84557
0.16463
0.27955
0.98187
0.42450
0.30910
0.72516
0.59098
0.45582
0.61877
0.39394
0.28060
0.41860
0.48305
0.42896
0.75453
0.86530
0.91887
0.77649
0.43970
0.68179
0.29750
0.07745
0.95242
0.38162
0.24966
0.24593
0.76452
0.74058
0.06325
0.70932
0.76178
0.57019
0.10586
0.59876
0.04591
0.54093
0.90689
0.85352
0.33435
0.14322
0.37044
0.20260
0.81198
0.39774
0.41218
0.00854
0.26986
0.52721
0.60355
0.54010
0.57586
0.79340
0.03821
0.45135
0.88023
0.61842
0.65838
0.77580
0.70398
0.65804
0.45127
0.76541
0.65332
0.02525
0.74003
0.92475
0.50243
0.29354
0.34717
0.53522
0.32589
0.28262
0.94353
0.35524
0.77908
0.39999
0.80057
0.01970
0.14667
0.31113
0.87197
0.88673
0.91933
0.71030
0.82813
0.37406
0.97194
0.41818
0.95695
0.97761
0.02419
0.05999
0.56104
0.89627
0.16351
0.82612
0.32712
0.79784
0.13828
0.98626
0.54464
0.94458
0.62646
0.36355
0.89913
0.87497
0.69680
0.01894
0.75526
0.75321
0.95015
0.08143
0.32952
0.98818
0.93293
0.35902
0.65066
0.53478
0.82987
0.68771
0.64084
0.05267
0.71835
0.31635
0.22199
0.57105
0.00009
0.92763
0.26442
0.17231
0.98200
0.36821
0.47090
0.15140
0.26057
0.65811
0.78535
0.45704
0.71103
0.14312
0.80434
0.16548
0.99162
0.93924
0.41090
0.99870
0.97251
0.77423
0.61515
0.96229
0.72226
0.43123
0.55438
0.85217
0.16722
0.29552
0.79751
0.04981
0.67304
0.11797
0.92073
0.28577
0.81390
0.35147
0.72723
0.69940
0.15272
0.00499
0.73036
0.19528
0.85465
0.15853
0.22273
0.07445
0.12716
0.26999
0.98018
0.26337
0.42503
0.00718
0.78562
0.08067
0.21141
0.57230
0.04121
0.78436
0.45627
0.53719
0.20076
0.73328
0.45433
0.11604
0.99502
0.53475
0.02541
0.48069
0.92249
0.00148
0.38833
0.83136
0.09751
0.31987
0.45115
0.81642
0.44887
0.81709
0.78042
0.52142
0.91717
0.13013
0.85347
0.13511
0.03262
0.85945
0.76645
0.76238
0.75406
0.29170
0.92430
0.19372
0.04631
0.54482
0.35103
0.45255
0.47554
0.42521
0.38863
0.50499
0.33700
0.45152
0.24370
0.13150
0.77725
0.57926
0.30126
0.11627
0.84147
0.51001
0.94385
0.78921
0.86184
0.93668
0.80352
0.62379
0.77178
0.92354
0.21190
0.66351
0.31949
0.58885
0.93237
0.40845
0.59016
0.37134
0.75258
0.96775
0.26695
0.69300
0.59172
0.91838
0.08424
0.70087
0.14549
0.49123
0.59656
0.99340
0.35133
0.12673
0.98355
0.29199
0.01751
0.37315
0.73950
0.08437
0.26530
0.92744
0.53583
0.28518
0.44785
0.98098
0.30513
0.94925
0.92304
0.16704
0.96546
0.50777
0.63564
0.75507
0.64729
0.85703
0.40034
0.64164
0.74090
0.21303
0.37006
0.00214
0.12462
0.34767
0.91576
0.85806
0.81821
0.94549
0.27621
0.71645
0.52702
0.26810
0.59934
0.68035
0.39666
0.38305
0.31907
0.90158
0.27463
0.98469
0.22885
0.41449
0.80049
0.77638
0.58686
0.12106
0.68037
0.04105
0.55819
0.11531
0.71172
0.54041
0.81041
0.11977
0.88783
0.43218
0.70792
0.13849
0.97453
0.21982
0.16713
0.48692
0.65362
0.16307
0.27939
0.73547
0.89011
0.10624
0.50899
0.64139
0.04821
0.69132
0.61215
0.15514
0.08120
0.66303
0.44347
0.34008
0.68832
0.30891
0.60422
0.66395
0.76080
0.51179
0.76710
0.44770
0.92134
0.03068
0.20730
0.55470
0.77467
0.78350
0.77016
0.07643
0.93449
0.29673
0.62693
0.44460
0.92098
0.79087
0.43870
0.58932
0.57052
0.79224
0.34686
0.93840
0.99014
0.53172
0.57486
0.01328
0.82035
0.68653
0.41818
0.83897
0.57082
0.63018
0.01714
0.37455
0.41382
0.45765
0.73782
0.64128
0.57099
0.82262
0.86141
0.06934
0.36823
0.52343
0.06663
0.05544
0.53234
0.22573
0.06594
0.12189
0.13165
0.46312
0.12808
0.02044
0.92438
0.28657
0.69750
0.85134
0.13329
0.13931
0.89407
0.55026
0.20344
0.14931
0.88512
0.99185
0.57862
0.54078
0.43857
0.68639
0.92129
0.68946
0.43695
0.36705
0.78589
0.49837
0.06118
0.69172
0.37895
0.54691
0.76196
0.20442
0.58281
0.80931
0.03110
0.81973
0.58217
0.17649
0.98112
0.49281
0.29726
0.47137
0.86587
0.96257
0.61133
0.62770
0.10790
0.75659
0.01095
0.02420
0.84932
0.78653
0.53742
0.06741
0.44896
0.61553
0.45804
0.27569
0.23628
0.02961
0.94971
0.89734
0.61771
0.28333
0.61237
0.43004
0.03965
0.91234
0.30866
0.11058
0.99545
0.48066
0.30997
0.46578
0.63888
0.26359
0.39940
0.70785
0.98027
0.33946
0.83013
0.72739
0.75624
0.86352
0.35453
0.12963
0.63677
0.64388
0.79033
0.54490
0.93102
0.25721
0.32589
0.56079
0.42575
0.75623
0.04133
0.98012
0.68345
0.87112
0.66345
0.98215
0.46684
0.22700
0.04939
0.20667
0.34778
0.60935
0.72532
0.65503
0.23128
0.89809
0.51640
0.24144
0.02392
0.80578
0.84780
0.22978
0.48741
0.66993
0.12105
0.11940
0.94865
0.54958
0.73967
0.56893
0.95195
0.77338
0.70120
0.03632
0.87441
0.30477
0.83564
0.65763
0.01634
0.44265
0.38035
0.90597
0.68683
0.67533
0.61922
0.42461
0.78100
0.40138
0.59324
0.09570
0.22417
0.54554
0.33572
0.83938
0.59818
0.17221
0.74976
0.25942
0.96942
0.86256
0.82751
0.90003
0.78987
0.76807
0.33975
0.53442
0.01105
0.82027
0.52729
0.12611
0.56338
0.98898
0.24989
0.28847
0.06603
0.81386
0.19597
0.84532
0.37075
0.29107
0.51435
0.43403
0.85435
0.64018
0.61583
0.00501
0.34765
0.67057
0.65902
0.71097
0.63260
0.75862
0.27020
0.20276
0.76271
0.52668
0.43063
0.40352
0.55819
0.91898
0.75448
0.00168
0.41186
0.09583
0.25459
0.80350
0.35482
0.65882
0.56838
0.13030
0.11263
0.12940
0.07716
0.81736
0.40211
0.31357
0.04404
0.73444
0.19307
0.02580
0.14481
0.93545
0.43186
0.82067
0.09608
0.88724
0.96271
0.49873
0.67865
0.09467
0.45063
0.12498
0.86969
0.48274
0.21280
0.43335
0.99540
0.84028
0.77223
0.43792
0.77302
0.28392
0.50086
0.31101
0.32686
0.18418
0.90243
0.27060
0.45152
0.73530
0.77506
0.34901
0.36118
0.73333
0.48340
0.90414
0.15099
0.08234
0.10820
0.01421
0.44696
0.06760
0.61230
0.23824
0.21774
0.56981
0.82465
0.24938
0.36242
0.39449
0.13369
0.30504
0.71449
0.90046
0.51134
0.23083
0.97675
0.10898
0.58133
0.55568
0.13452
0.79489
0.88779
0.28190
0.32059
0.01341
0.15433
0.04191
0.41613
0.08173
0.04072
0.96924
0.98155
0.23309
0.06189
0.69027
0.08275
0.39718
0.86186
0.70849
0.14469
0.80183
0.86015
0.05646
0.50177
0.66510
0.85237
0.28351
0.17017
0.02249
0.20021
0.68737
0.68622
0.71844
0.04348
0.74238
0.07933
0.71323
0.35090
0.51764
0.45055
0.38816
0.92290
0.83475
0.78909
0.47479
0.83718
0.58902
0.78293
0.16766
0.66119
0.43488
0.75885
0.63566
0.99648
0.23868
0.83907
0.09382
0.42298
0.77368
0.99025
0.38086
0.59300
0.31600
0.82606
0.18381
0.96251
0.89888
0.09312
0.10001
0.19028
0.30917
0.05870
0.40727
0.58375
0.00592
0.48752
0.04877
0.20363
0.90952
0.34180
0.75774
0.71586
0.86525
0.89528
0.43021
0.58195
0.60514
0.62170
0.45259
0.86896
0.99533
0.47256
0.77910
0.45228
0.61196
0.24636
0.93050
0.28437
0.01125
0.63433
0.38328
0.94157
0.41908
0.19273
0.73222
0.87086
0.94358
0.47385
0.20326
0.73248
0.54714
0.95245
0.99690
0.47631
0.28902
0.28641
0.23582
0.17243
0.42898
0.36310
0.68711
0.19424
0.14220
0.02377
0.58514
0.39540
0.68424
0.14009
0.42105
0.61410
0.84796
0.72980
0.79960
0.02558
0.96975
0.39600
0.38745
0.20876
0.10430
0.69743
0.78870
0.51693
0.17935
0.87098
0.97187
0.66469
0.40039
0.95356
0.73745
0.07641
0.08370
0.64906
0.43344
0.27967
0.67752
0.20288
0.70410
0.67583
0.38141
0.91606
0.76740
0.61644
0.97842
0.29485
0.83234
0.11351
0.24081
0.59927
0.85284
0.49293
0.12523
0.31544
0.68121
0.68135
0.55062
0.49152
0.77848
0.48764
0.84262
0.37733
0.71031
0.54980
0.71969
0.31303
0.14365
0.61453
0.32494
0.67694
0.22782
0.17835
0.23276
0.52225
0.27319
0.67112
0.72090
0.84968
0.26924
0.04887
0.28362
0.29652
0.50670
0.36406
0.41256
0.37620
0.16390
0.53588
0.89005
0.44260
0.87555
0.68997
0.92223
0.67993
0.70354
0.14687
0.40740
0.72092
0.99104
0.02761
0.79535
0.01884
0.88272
0.15601
0.55254
0.63466
0.59240
0.21569
0.48626
0.42371
0.60206
0.77982
0.30025
0.74730
0.24106
0.86071
0.97757
0.12047
0.07233
0.61029
0.93020
0.11956
0.32978
0.11662
0.57724
0.27835
0.42882
0.53552
0.17588
0.45032
0.24644
0.15015
0.28632
0.87852
0.71186
0.94081
0.28591
0.00833
0.77018
0.11798
0.87143
0.00885
0.94287
0.71182
0.84722
0.40979
0.32479
0.18595
0.50999
0.48267
0.64670
0.94929
0.93240
0.86077
0.15453
0.89445
0.82772
0.84568
0.12123
0.21608
0.36645
0.92921
0.55360
0.91752
0.76291
0.51724
0.65612
0.29613
0.21477
0.03409
0.87826
0.76390
0.66447
0.27436
0.55122
0.95136
0.54169
0.61664
0.45505
0.46307
0.25892
0.22718
0.33403
0.60888
0.50776
0.40863
0.39209
0.74394
0.58682
0.04413
0.05819
0.17276
0.58032
0.18281
0.11122
0.24075
0.83724
0.20652
0.70424
0.45039
0.77865
0.51886
0.03038
0.09437
0.14273
0.83186
0.59466
0.31049
0.17311
0.33700
0.56001
0.26903
0.13638
0.87035
0.46883
0.36869
0.32448
0.02120
0.86593
0.55016
0.15674
0.67705
0.17064
0.89965
0.00018
0.85660
0.59786
0.82033
0.84826
0.39079
0.22048
0.39747
0.46956
0.79346
0.80696
0.82947
0.40014
0.85768
0.97128
0.92079
0.53423
0.58491
0.64241
0.31361
0.98227
0.31049
0.19299
0.23547
0.66846
0.42710
0.45656
0.49923
0.03077
0.65764
0.49877
0.99831
0.17228
0.51248
0.30989
0.78525
0.87239
0.63432
0.02857
0.15747
0.88995
0.76828
0.24206
0.91266
0.43928
0.52562
0.10800
0.25386
0.75880
0.20378
0.79495
0.98404
0.06128
0.34087
0.16791
0.06648
0.06320
0.17403
0.90908
0.68146
0.71822
0.25110
0.31630
0.60456
0.72648
0.76977
0.00071
0.76827
0.03855
0.11429
0.92720
0.78379
0.07319
0.68498
0.25932
0.20068
0.07691
0.03686
0.52451
0.92111
0.60231
0.23149
0.93738
0.06904
0.41113
0.43644
0.57430
0.61360
0.96493
0.63746
0.88592
0.57473
0.31454
0.64271
0.37931
0.90960
0.56675
0.05835
0.22207
0.19424
0.25425
0.05863
0.47801
0.19847
0.58748
0.29862
0.70660
0.17446
0.26258
0.87985
0.02731
0.42851
0.51541
0.09338
0.78225
0.17297
0.08180
0.37078
0.61175
0.41850
0.92703
0.83684
0.99578
0.02953
0.97598
0.49397
0.28523
0.89222
0.37932
0.07128
0.29692
0.65844
0.49367
0.33322
0.75574
0.71609
0.48766
0.45281
0.64143
0.85762
0.39045
0.07359
0.75177
0.35857
0.96748
0.15763
0.46238
0.91825
0.09720
0.31999
0.86682
0.29961
0.57914
0.48924
0.39180
0.12067
0.45776
0.46199
0.03989
0.21800
0.66879
0.93603
0.31677
0.81922
0.40123
0.21061
0.10306
0.17669
0.85541
0.01279
0.38212
0.44353
0.76103
0.10856
0.05465
0.62759
0.02798
0.93061
0.56507
0.58250
0.87847
0.97636
0.62044
0.38857
0.93076
0.55155
0.22534
0.50985
0.61435
0.94669
0.58332
0.26116
0.52534
0.93909
0.18685
0.26028
0.35827
0.57415
0.99966
0.41730
0.87271
0.99503
0.75387
0.22867
0.97466
0.61758
0.64243
0.32509
0.84620
0.06963
0.15820
0.55975
0.74849
0.98435
0.51912
0.08106
0.01411
0.94239
0.84912
0.53815
0.37791
0.76423
0.19168
0.72909
0.63831
0.27543
0.30522
0.59029
0.36699
0.02144
0.76052
0.68323
0.41593
0.18429
0.95987
0.20501
0.71233
0.97360
0.38115
0.49238
0.03897
0.48880
0.97211
0.64453
0.10026
0.45658
0.16622
0.06949
0.68782
0.32854
0.12069
0.28614
0.26516
0.24514
0.28445
0.76639
0.93032
0.41073
0.62485
0.58358
0.50057
0.39271
0.77812
0.37671
0.90016
0.57024
0.69977
0.09515
0.26563
0.43972
0.69015
0.59159
0.67534
0.25794
0.42536
0.44718
0.77813
0.17926
0.43233
0.16996
0.91750
0.51718
0.39395
0.56397
0.37741
0.69748
0.13129
0.46679
0.11184
0.27622
0.21468
0.71418
0.53523
0.52030
0.34564
0.65735
0.33228
0.36985
0.90560
0.44405
0.18942
0.78951
0.19283
0.89013
0.63464
0.13209
0.98002
0.26514
0.87899
0.71243
0.48361
0.81264
0.87276
0.66662
0.66300
0.17206
0.02243
0.07614
0.21310
0.00944
0.97951
0.15579
0.10371
0.54759
0.07742
0.38510
0.99420
0.00812
0.41672
0.28586
0.89198
0.76645
0.71395
0.34886
0.23288
0.43054
0.03437
0.53683
0.51214
0.17697
0.02630
0.20462
0.73998
0.59160
0.01998
0.89792
0.63988
0.23461
0.04416
0.38030
0.18427
0.67764
0.52599
0.00002
0.25543
0.24038
0.95271
0.65990
0.81398
0.88007
0.95284
0.05569
0.36122
0.91627
0.71517
0.68533
0.08102
0.94965
0.48148
0.11847
0.37265
0.06076
0.43229
0.48996
0.07939
0.15378
0.41526
0.28801
0.40749
0.61074
0.48557
0.63323
0.06320
0.39992
0.06679
0.42062
0.71246
0.14342
0.77099
0.42615
0.27904
0.05735
0.18236
0.60718
0.58475
0.65897
0.24403
0.18250
0.18661
0.93964
0.45493
0.88570
0.08041
0.91179
0.09007
0.49006
0.78807
0.23453
0.73487
0.92595
0.83251
0.42152
0.21181
0.74994
0.42566
0.35292
0.70070
0.22203
0.11908
0.57400
0.08639
0.58599
0.40815
0.15116
0.11788
0.41639
0.74225
0.97242
0.37537
0.45917
0.91066
0.10317
0.71029
0.02156
0.43514
0.74694
0.22206
0.17013
0.15998
0.17888
0.01930
0.00952
0.71535
0.06705
0.94047
0.22050
0.17595
0.08024
0.81416
0.04890
0.19151
0.17880
0.04424
0.32535
0.02608
0.06597
0.89231
0.97230
0.05169
0.76385
0.45862
0.58898
0.69607
0.42859
0.33944
0.76388
0.76450
0.86179
0.10144
0.07985
0.84791
0.63087
0.85962
0.76167
0.74140
0.39818
0.16475
0.20552
0.73353
0.21654
0.65234
0.42912
0.81202
0.62007
0.36127
0.69223
0.84099
0.19282
0.61675
0.71342
0.97067
0.82288
0.95953
0.25286
0.93473
0.17302
0.74344
0.82126
0.58765
0.23993
0.20714
0.15861
0.38687
0.81111
0.21735
0.88165
0.36118
0.06998
0.24317
0.26411
0.00104
0.00578
0.01642
0.80844
0.24031
0.96639
0.39003
0.99805
0.66224
0.03897
0.58151
0.51621
0.77229
0.24437
0.33622
0.54483
0.13480
0.40948
0.16752
0.25558
0.22458
0.59488
0.16152
0.59506
0.66265
0.54374
0.70569
0.84869
0.20234
0.02282
0.17680
0.21763
0.60582
0.28247
0.42964
0.30065
0.07747
0.29006
0.94331
0.50541
0.26486
0.37617
0.14589
0.30113
0.86361
0.39479
0.11924
0.92437
0.64465
0.75154
0.10527
0.73330
0.78335
0.67334
0.98829
0.18859
0.96708
0.13494
0.13972
0.26328
0.97431
0.64364
0.54751
0.71106
0.88642
0.79516
0.29067
0.24399
0.77087
0.35287
0.95489
0.54240
0.19279
0.16353
0.01077
0.17840
0.63458
0.17854
0.54747
0.64365
0.69515
0.84225
0.55295
0.70394
0.21351
0.13274
0.78526
0.68907
0.47400
0.95246
0.39781
0.15523
0.18564
0.29866
0.53206
0.22167
0.54141
0.98857
0.97777
0.37766
0.48275
0.65500
0.56666
0.26893
0.30235
0.67485
0.27843
0.22931
0.85961
0.64425
0.20489
0.90700
0.75481
0.60182
0.08068
0.91914
0.49119
0.15883
0.18958
0.94304
0.55069
0.60606
0.05456
0.68485
0.20888
0.27697
0.57304
0.62858
0.04281
0.27914
0.86993
0.89340
0.05017
0.37741
0.10234
0.80276
0.57780
0.56744
0.84205
0.12215
0.73485
0.99378
0.36933
0.49293
0.70200
0.50638
0.93868
0.83240
0.29175
0.67353
0.58337
0.75868
0.45739
0.36547
0.16040
0.27827
0.35289
0.67944
0.51527
0.38291
0.94938
0.88536
0.47527
0.10550
0.79760
0.52004
0.18138
0.95009
0.31104
0.12185
0.53335
0.66917
0.10940
0.58134
0.05582
0.31806
0.03207
0.45785
0.73036
0.60312
0.85446
0.49989
0.79878
0.02057
0.67916
0.16299
0.85542
0.58515
0.83047
0.47439
0.30238
0.14478
0.04787
0.85177
0.60377
0.95366
0.46160
0.91638
0.02079
0.01210
0.05807
0.83131
0.00267
0.32221
0.58482
0.77097
0.82077
0.57856
0.49239
0.10539
0.78817
0.66042
0.22314
0.67800
0.23361
0.82921
0.54077
0.97649
0.95922
0.37466
0.57973
0.58407
0.23469
0.56446
0.53525
0.60906
0.21863
0.28639
0.42849
0.09426
0.23759
0.91850
0.49046
0.79966
0.74238
0.29834
0.05553
0.07227
0.79810
0.05098
0.50068
0.72946
0.42802
0.72656
0.37013
0.45858
0.59760
0.07874
0.63929
0.61938
0.46615
0.45574
0.43402
0.84209
0.92895
0.33170
0.61592
0.18812
0.33372
0.51265
0.16203
0.88691
0.31935
0.06729
0.03135
0.46268
0.12112
0.57551
0.49108
0.28458
0.98944
0.82427
0.99439
0.23083
0.48755
0.71688
0.24949
0.01841
0.52867
0.93839
0.15203
0.95351
0.80009
0.31904
0.40415
0.76922
0.50408
0.30001
0.74632
0.76269
0.08438
0.21348
0.70357
0.49548
0.39349
0.02287
0.41318
0.94066
0.34090
0.49882
0.48276
0.65143
0.90401
0.69333
0.97893
0.19025
0.20388
0.77404
0.98355
0.57010
0.73006
0.00678
0.86181
0.34634
0.80860
0.21301
0.30849
0.12479
0.55387
0.88095
0.21921
0.66973
0.75997
0.10277
0.67896
0.38628
0.94263
0.11857
0.16840
0.90644
0.42702
0.25670
0.19510
0.83826
0.37150
0.33215
0.36280
0.86020
0.63596
0.76309
0.50542
0.81853
0.58678
0.97554
0.52404
0.20780
0.78121
0.65734
0.09938
0.00730
0.44518
0.04469
0.08917
0.02128
0.23054
0.94668
0.80841
0.39652
0.39665
0.80931
0.21519
0.42978
0.77329
0.12804
0.88257
0.38614
0.00105
0.62440
0.53235
0.56241
0.54077
0.29691
0.66726
0.02552
0.10036
0.46871
0.69600
0.46240
0.23684
0.77356
0.53375
0.39676
0.38597
0.12973
0.30456
0.24040
0.52006
0.48438
0.96629
0.44413
0.17609
0.35582
0.19580
0.14029
0.29546
0.36075
0.13203
0.64769
0.46907
0.80451
0.03037
0.89444
0.44942
0.40232
0.38335
0.68354
0.99632
0.74308
0.61146
0.33745
0.45959
0.74717
0.20302
0.63330
0.64995
0.38285
0.52826
0.47651
0.64659
0.66259
0.41505
0.61495
0.42641
0.50567
0.85394
0.92207
0.47799
0.47429
0.04817
0.50930
0.78136
0.11327
0.92881
0.18651
0.44305
0.37823
0.51860
0.64343
0.60025
0.48704
0.45227
0.73807
0.94938
0.72565
0.70119
0.91029
0.62378
0.13418
0.10712
0.75707
0.33701
0.32174
0.88685
0.45838
0.98599
0.39013
0.19753
0.68965
0.78753
0.46069
0.16905
0.04012
0.25584
0.96818
0.15515
0.14287
0.91322
0.80409
0.46177
0.01998
0.96629
0.48246
0.03772
0.33049
0.08323
0.70119
0.63971
0.39022
0.97715
0.35867
0.73229
0.40502
0.13341
0.70839
0.05062
0.95349
0.49163
0.19402
0.14735
0.80571
0.66312
0.64179
0.62978
0.74595
0.07673
0.74650
0.86676
0.35697
0.05980
0.72663
0.46222
0.59647
0.04886
0.73324
0.74823
0.00306
0.64482
0.91936
0.13398
0.82070
0.07058
0.73274
0.83594
0.30237
0.82573
0.90789
0.04037
0.87788
0.67158
0.37209
0.83525
0.03706
0.13546
0.98407
0.34392
0.37724
0.95688
0.66519
0.63438
0.06207
0.31250
0.16531
0.50224
0.17789
0.42186
0.57475
0.41533
0.35114
0.36355
0.03540
0.41839
0.39268
0.03372
0.80004
0.08558
0.59848
0.07530
0.78811
0.97329
0.42357
0.07963
0.43670
0.13470
0.89493
0.47795
0.26743
0.73265
0.05822
0.42469
0.90186
0.31012
0.23171
0.48775
0.68002
0.75195
0.57577
0.00085
0.72487
0.11913
0.13053
0.02576
0.09943
0.39481
0.87990
0.48549
0.89785
0.35933
0.99242
0.53407
0.53674
0.13560
0.26348
0.90618
0.97997
0.99775
0.51235
0.75668
0.41930
0.59910
0.45964
0.59768
0.76460
0.69880
0.62080
0.43367
0.11967
0.05305
0.18619
0.46210
0.29224
0.08582
0.71799
0.66876
0.59444
0.33901
0.63886
0.19241
0.75407
0.79244
0.69853
0.96279
0.04422
0.09455
0.31973
0.35036
0.52542
0.49665
0.72191
0.42149
0.85016
0.78202
0.98180
0.03413
0.48126
0.06551
0.44944
0.66063
0.69531
0.79081
0.23505
0.82235
0.34785
0.00658
0.62071
0.11308
0.10944
0.78429
0.25657
0.56529
0.04237
0.66044
0.63119
0.28445
0.53261
0.74653
0.82791
0.18438
0.86367
0.60229
0.05700
0.30872
0.62067
0.39297
0.00777
0.25158
0.90289
0.83890
0.02597
0.44798
0.66702
0.40658
0.20653
0.70297
0.96407
0.68863
0.64472
0.85561
0.54384
0.39395
0.65144
0.84050
0.06211
0.67052
0.47428
0.53608
0.90882
0.55917
0.16606
0.13346
0.06021
0.86160
0.37054
0.31959
0.33355
0.71021
0.94924
0.75417
0.39417
0.73879
0.37641
0.41578
0.89966
0.60503
0.57537
0.47349
0.11520
0.01813
0.63994
0.00349
0.93599
0.68250
0.66537
0.74123
0.72858
0.34250
0.70733
0.99561
0.80386
0.63160
0.30758
0.52062
0.01498
0.74994
0.35081
0.92395
0.46356
0.87028
0.16072
0.77582
0.24773
0.30391
0.50532
0.20875
0.30563
0.25198
0.93378
0.93469
0.71663
0.26587
0.15185
0.22803
0.71240
0.15418
0.99797
0.22282
0.63499
0.33921
0.61686
0.61487
0.91346
0.99699
0.66717
0.55449
0.60383
0.28769
0.50321
0.71703
0.20277
0.27414
0.14120
0.38098
0.97872
0.46864
0.30731
0.17021
0.94700
0.95270
0.84139
0.34703
0.34530
0.24573
0.67377
0.53254
0.53666
0.42517
0.74455
0.55989
0.35959
0.23325
0.70271
0.79320
0.22778
0.30421
0.73912
0.29221
0.57383
0.64055
0.99623
0.72714
0.67158
0.14424
0.57381
0.37109
0.84799
0.00687
0.80766
0.86123
0.52240
0.31002
0.50040
0.01464
0.89584
0.33311
0.72131
0.84212
0.34106
0.74800
0.60601
0.62758
0.96705
0.55139
0.63885
0.11392
0.14221
0.83812
0.03595
0.00575
0.42509
0.89118
0.63813
0.39503
0.06817
0.03681
0.11054
0.59829
0.46697
0.09897
0.55534
0.33074
0.48990
0.68636
0.57355
0.02622
0.54771
0.63611
0.29089
0.82978
0.22827
0.69729
0.12198
0.29106
0.32403
0.60683
0.72118
0.14781
0.13815
0.81691
0.55267
0.80549
0.48625
0.95909
0.87876
0.94244
0.64877
0.77673
0.43804
0.90610
0.72998
0.75016
0.82362
0.06053
0.68922
0.83743
0.10026
0.68553
0.10608
0.96024
0.42387
0.83052
0.26772
0.46229
0.95285
0.25572
0.77515
0.28018
0.80416
0.05375
0.60778
0.20763
0.28465
0.15356
0.73396
0.68374
0.61720
0.66462
0.23680
0.40702
0.46585
0.59017
0.14188
0.43063
0.49943
0.88384
0.60163
0.74241
0.98561
0.32459
0.02797
0.86909
0.23754
0.29486
0.47533
0.04094
0.92770
0.99898
0.10349
0.72228
0.40556
0.20806
0.92559
0.68555
0.30309
0.21354
0.40748
0.20362
0.48121
0.68018
0.65021
0.13918
0.97515
0.34083
0.11229
0.51634
0.91268
0.32010
0.62329
0.67954
0.22481
0.68566
0.19453
0.75535
0.98235
0.60568
0.87830
0.33032
0.48877
0.24074
0.07546
0.54513
0.36217
0.52771
0.00765
0.36143
0.14076
0.67498
0.63768
0.97493
0.41152
0.62287
0.50699
0.65074
0.60851
0.10894
0.14267
0.28797
0.27859
0.24763
0.24160
0.59103
0.13107
0.60340
0.23940
0.93964
0.67478
0.41948
0.16923
0.55138
0.47813
0.46168
0.32352
0.17664
0.22584
0.86176
0.12547
0.35814
0.95349
0.18410
0.85050
0.85573
0.27600
0.77918
0.65688
0.26219
0.36058
0.01379
0.65813
0.12959
0.32751
0.60144
0.63069
0.03849
0.60461
0.85286
0.46857
0.62266
0.29140
0.91939
0.59951
0.66849
0.02542
0.72724
0.32297
0.46538
0.59798
0.15075
0.66224
0.47116
0.57853
0.39246
0.80791
0.26752
0.33502
0.01616
0.08924
0.46304
0.37478
0.46793
0.29726
0.77132
0.89604
0.63649
0.91379
0.75069
0.19521
0.12372
0.35170
0.17816
0.04268
0.00390
0.18563
0.79473
0.66046
0.06367
0.67263
0.66788
0.02390
0.04028
0.50882
0.74611
0.55800
0.52383
0.62661
0.74299
0.06498
0.40422
0.62637
0.28099
0.62924
0.21453
0.63316
0.19300
0.06448
0.76254
0.99724
0.62741
0.74470
0.84214
0.06354
0.53453
0.47828
0.06104
0.40738
0.17968
0.20950
0.62582
0.08053
0.55768
0.65700
0.66290
0.12716
0.25527
0.34867
0.80906
0.42602
0.92830
0.21284
0.51112
0.84257
0.18645
0.50216
0.08405
0.49864
0.72402
0.76595
0.21826
0.11973
0.49203
0.57801
0.50689
0.41039
0.20465
0.21546
0.31997
0.62150
0.55733
0.46189
0.51463
0.78085
0.17728
0.07765
0.92109
0.41926
0.84794
0.26184
0.96933
0.97944
0.60676
0.07002
0.25011
0.53555
0.22851
0.99787
0.45522
0.31286
0.48949
0.44982
0.49023
0.17265
0.68983
0.60653
0.08461
0.46633
0.53798
0.83323
0.61340
0.40128
0.16062
0.47167
0.21601
0.72068
0.50883
0.61109
0.77614
0.20183
0.72427
0.34297
0.11487
0.65049
0.69893
0.01346
0.34496
0.54005
0.20664
0.11191
0.58116
0.92136
0.75329
0.64965
0.39442
0.29189
0.13978
0.75639
0.86158
0.14135
0.18672
0.54590
0.25075
0.48411
0.78569
0.19263
0.55710
0.23592
0.96872
0.54645
0.73023
0.67400
0.31920
0.07438
0.16464
0.97105
0.88193
0.26751
0.78819
0.95191
0.68363
0.05516
0.19443
0.47428
0.12407
0.18084
0.03851
0.03070
0.74946
0.70685
0.70097
0.00917
0.85450
0.33920
0.25972
0.18321
0.84140
0.09136
0.41562
0.71287
0.56886
0.60485
0.45218
0.02792
0.43645
0.15535
0.07101
0.89825
0.14667
0.34831
0.72105
0.96477
0.77032
0.48337
0.52739
0.50625
0.38483
0.10918
0.28661
0.91175
0.90888
0.21074
0.53415
0.75526
0.25713
0.39663
0.62754
0.14923
0.42093
0.44701
0.87233
0.77903
0.89995
0.33357
0.38889
0.35718
0.77096
0.13684
0.20201
0.37008
0.20274
0.64477
0.62794
0.61543
0.11485
0.99190
0.20502
0.05360
0.78725
0.49341
0.15721
0.31327
0.05897
0.73351
0.94520
0.16118
0.45872
0.17565
0.15602
0.71497
0.15814
0.78680
0.54822
0.06852
0.27183
0.51849
0.36638
0.20219
0.58125
0.40207
0.86990
0.05775
0.37502
0.40079
0.25502
0.03267
0.23855
0.74185
0.62411
0.02959
0.64653
0.73272
0.38326
0.22863
0.71683
0.58011
0.95785
0.25613
0.45017
0.33625
0.63594
0.52974
0.89077
0.53129
0.99501
0.74014
0.44147
0.35046
0.23414
0.19597
0.54416
0.90357
0.80486
0.09657
0.86078
0.88138
0.96128
0.13820
0.82689
0.73503
0.66721
0.72853
0.57074
0.08813
0.36619
0.69491
0.72488
0.55290
0.71770
0.81197
0.67155
0.88010
0.72726
0.22705
0.91423
0.52020
0.78880
0.01576
0.38478
0.47646
0.77133
0.80727
0.42324
0.70714
0.83616
0.05074
0.28286
0.43986
0.14206
0.18608
0.02780
0.59866
0.92293
0.48283
0.30047
0.11528
0.72328
0.30123
0.65670
0.37952
0.66158
0.44834
0.09730
0.23304
0.44957
0.14184
0.27479
0.82207
0.85234
0.43956
0.65393
0.68886
0.07881
0.36998
0.22223
0.08314
0.57606
0.17847
0.61088
0.33549
0.56916
0.24188
0.05075
0.32239
0.00745
0.87294
0.70257
0.74647
0.02733
0.60155
0.87932
0.64826
0.69009
0.37139
0.24218
0.34121
0.83638
0.81115
0.34377
0.34299
0.61115
0.67576
0.97199
0.93781
0.86699
0.79481
0.70242
0.86792
0.47677
0.19694
0.31777
0.26587
0.91188
0.84395
0.48171
0.70631
0.78328
0.45562
0.72321
0.38971
0.69651
0.76843
0.20044
0.23240
0.80720
0.88749
0.93007
0.16206
0.79295
0.78096
0.39008
0.54660
0.61349
0.49793
0.44836
0.10500
0.73196
0.56984
0.18303
0.02206
0.37176
0.88788
0.15986
0.71692
0.63818
0.68671
0.50768
0.82128
0.10725
0.53053
0.65357
0.15103
0.48239
0.60106
0.47248
0.93904
0.72353
0.94497
0.09350
0.55430
0.61689
0.09179
0.73676
0.44448
0.12481
0.61821
0.95462
0.45416
0.35218
0.87455
0.62710
0.08414
0.50997
0.28841
0.34809
0.67189
0.47466
0.15872
0.97543
0.93739
0.18876
0.23793
0.97063
0.32344
0.25954
0.89922
0.47963
0.59648
0.21556
0.58672
0.83225
0.04150
0.68096
0.95176
0.13797
0.72114
0.76309
0.25015
0.36009
0.44790
0.28629
0.02181
0.55444
0.35638
0.29622
0.26659
0.17794
0.88491
0.46377
0.91516
0.94798
0.83899
0.29632
0.13243
0.27031
0.65078
0.54447
0.25856
0.67068
0.21115
0.26709
0.47273
0.75749
0.17622
0.30215
0.67041
0.35199
0.80901
0.64215
0.03065
0.31148
0.32601
0.03220
0.30034
0.64006
0.78162
0.83353
0.68982
0.87294
0.95251
0.10611
0.32281
0.63667
0.55216
0.26186
0.18176
0.23562
0.26582
0.32433
0.19946
0.74001
0.20991
0.42777
0.96084
0.94825
0.84855
0.91115
0.95951
0.41804
0.37638
0.43367
0.62367
0.62882
0.13912
0.70512
0.12180
0.69125
0.76710
0.18446
0.15286
0.00666
0.89115
0.11773
0.52538
0.08267
0.27012
0.24421
0.66019
0.30974
0.47286
0.27792
0.22870
0.61598
0.83905
0.86865
0.26854
0.18419
0.65813
0.23584
0.13445
0.48543
0.74968
0.09969
0.64790
0.95538
0.47956
0.17782
0.29081
0.63793
0.17851
0.38807
0.44941
0.96416
0.41144
0.70073
0.53177
0.51893
0.46050
0.17211
0.06279
0.96368
0.38675
0.00924
0.13415
0.80769
0.12947
0.16155
0.89534
0.14882
0.38927
0.42341
0.12701
0.36442
0.93983
0.18308
0.94876
0.02797
0.95134
0.17976
0.86164
0.70099
0.22976
0.28877
0.39200
0.66503
0.05105
0.53894
0.79329
0.06062
0.39002
0.49517
0.11196
0.33047
0.60782
0.04418
0.81936
0.61607
0.72775
0.91760
0.94309
0.73222
0.21319
0.68371
0.47182
0.25069
0.45019
0.41987
0.75031
0.85253
0.37197
0.06019
0.65852
0.79139
0.24092
0.21550
0.98012
0.34614
0.73452
0.43923
0.67739
0.39336
0.33278
0.34660
0.93744
0.04201
0.43548
0.52390
0.77457
0.86800
0.38687
0.54411
0.11392
0.68903
0.71470
0.64339
0.88091
0.26320
0.33890
0.91597
0.75616
0.71494
0.00264
0.11164
0.73058
0.36486
0.97717
0.00919
0.55696
0.06438
0.27951
0.63857
0.20009
0.52012
0.04777
0.60464
0.96794
0.16653
0.01912
0.38638
0.79960
0.72889
0.48546
0.23861
0.08115
0.34530
0.72931
0.72864
0.13414
0.10153
0.10628
0.51012
0.04631
0.59515
0.01681
0.59711
0.02754
0.60637
0.63769
0.49362
0.40846
0.23253
0.64217
0.70996
0.12820
0.78763
0.24145
0.94312
0.92046
0.06886
0.45495
0.45116
0.47711
0.70741
0.42474
0.16251
0.27741
0.00595
0.26820
0.91119
0.19029
0.71287
0.29007
0.74800
0.04159
0.77722
0.53419
0.90435
0.03971
0.87069
0.83564
0.59400
0.18285
0.81185
0.70677
0.14375
0.27334
0.40805
0.68698
0.58328
0.61341
0.84400
0.26816
0.19404
0.78387
0.31361
0.99548
0.69628
0.03977
0.41798
0.85469
0.26255
0.11827
0.49830
0.33331
0.91721
0.08740
0.04490
0.53901
0.43186
0.20911
0.62919
0.23862
0.12104
0.02707
0.12554
0.78050
0.14596
0.08867
0.23690
0.10517
0.76921
0.48362
0.94645
0.13585
0.75844
0.85312
0.76592
0.51542
0.64317
0.32207
0.90907
0.86107
0.11260
0.23434
0.97636
0.43120
0.26393
0.70927
0.03790
0.77520
0.51297
0.87760
0.29140
0.06243
0.17965
0.05945
0.78462
0.01899
0.87725
0.47463
0.91103
0.62925
0.15448
0.93479
0.72148
0.85138
0.05326
0.01274
0.93262
0.59691
0.89312
0.53652
0.17224
0.77761
0.85829
0.88033
0.82699
0.06383
0.04881
0.48863
0.52386
0.45727
0.12408
0.18312
0.78583
0.35555
0.70572
0.21466
0.40786
0.14565
0.02459
0.57546
0.66767
0.17770
0.46797
0.42077
0.30101
0.37253
0.52616
0.37464
0.70437
0.84104
0.97832
0.43132
0.20025
0.31565
0.04435
0.12333
0.06420
0.41204
0.35896
0.79379
0.84416
0.69121
0.86184
0.35974
0.19124
0.16923
0.74322
0.07170
0.37794
0.74225
0.27206
0.89588
0.05089
0.91118
0.50857
0.14235
0.85424
0.70276
0.04408
0.80335
0.45291
0.29200
0.11499
0.01211
0.93846
0.66708
0.23457
0.32452
0.31234
0.95406
0.98229
0.16131
0.93881
0.08736
0.16202
0.01702
0.56603
0.75876
0.66768
0.24688
0.56014
0.10378
0.35153
0.40288
0.77346
0.83794
0.24351
0.51658
0.88738
0.32571
0.57305
0.56108
0.33279
0.47404
0.39029
0.47047
0.13930
0.36497
0.52420
0.48411
0.98119
0.00834
0.79770
0.45370
0.93292
0.28524
0.04105
0.71711
0.34045
0.45983
0.74991
0.75079
0.91153
0.66622
0.41181
0.04666
0.84402
0.33522
0.48939
0.22358
0.18948
0.79599
0.08395
0.60619
0.55550
0.56528
0.90831
0.44822
0.90407
0.36547
0.49907
0.95774
0.54472
0.01230
0.93531
0.35651
0.52083
0.99042
0.75038
0.59294
0.73479
0.82124
0.71313
0.52478
0.79021
0.61694
0.45874
0.05645
0.37297
0.49393
0.13592
0.70582
0.33740
0.19765
0.54851
0.20545
0.86505
0.63584
0.13400
0.04730
0.74444
0.48988
0.19650
0.76494
0.96374
0.15738
0.09118
0.55248
0.03605
0.96475
0.64384
0.19998
0.64636
0.03078
0.58316
0.28256
0.39170
0.30401
0.96101
0.08713
0.73277
0.24038
0.86220
0.02123
0.80998
0.60378
0.89874
0.02142
0.45424
0.52338
0.37050
0.96720
0.54653
0.89392
0.21275
0.95731
0.44648
0.33158
0.17247
0.06487
0.77707
0.93047
0.95358
0.48606
0.48094
0.29302
0.76835
0.85450
0.75340
0.31558
0.06567
0.63264
0.18471
0.94328
0.50105
0.28674
0.44763
0.73013
0.49224
0.13322
0.60678
0.08928
0.24220
0.60931
0.31565
0.62540
0.71573
0.56889
0.41798
0.36128
0.69873
0.78445
0.22349
0.21619
0.89903
0.67556
0.04796
0.61806
0.91055
0.44465
0.30391
0.26293
0.76298
0.69484
0.95292
0.40900
0.29598
0.47593
0.05196
0.69110
0.49981
0.91592
0.99309
0.19230
0.64389
0.60502
0.75427
0.28025
0.83647
0.83243
0.55528
0.63573
0.58243
0.50431
0.13148
0.74341
0.27425
0.27627
0.57953
0.61751
0.36616
0.86341
0.24655
0.82390
0.21535
0.43722
0.10682
0.27607
0.33968
0.85552
0.87397
0.56337
0.11964
0.49038
0.50934
0.27272
0.96022
0.59948
0.87557
0.35990
0.44602
0.71494
0.33581
0.31878
0.50362
0.59712
0.59554
0.09053
0.67635
0.59707
0.82726
0.22001
0.69336
0.18393
0.67383
0.84788
0.16221
0.57070
0.93355
0.30525
0.90041
0.24932
0.26128
0.11508
0.50286
0.00123
0.44393
0.48200
0.43303
0.69511
0.38846
0.52990
0.97342
0.39543
0.10456
0.98842
0.87479
0.63733
0.15245
0.81507
0.41310
0.46034
0.62749
0.91090
0.29246
0.35549
0.02425
0.90940
0.65802
0.77628
0.36277
0.95316
0.01141
0.93701
0.72975
0.57671
0.28049
0.91460
0.64251
0.56148
0.70518
0.30806
0.33562
0.56107
0.31435
0.71516
0.74372
0.92510
0.55821
0.78610
0.22134
0.74255
0.58171
0.20261
0.79704
0.11447
0.72006
0.15079
0.34101
0.49620
0.09327
0.29084
0.31505
0.86083
0.15219
0.10752
0.80977
0.75585
0.05099
0.53500
0.68952
0.48561
0.13007
0.14242
0.84312
0.75528
0.49103
0.29969
0.40661
0.39244
0.80668
0.92701
0.43341
0.56925
0.47343
0.43585
0.11322
0.10730
0.60099
0.78558
0.98649
0.16071
0.96079
0.41743
0.94962
0.08232
0.49527
0.75391
0.66920
0.36817
0.74451
0.99958
0.24037
0.89724
0.43646
0.28624
0.35375
0.49005
0.77488
0.54415
0.11811
0.23960
0.12424
0.24066
0.71734
0.88064
0.92678
0.97054
0.87693
0.02991
0.43866
0.63664
0.57228
0.78210
0.82086
0.84014
0.87827
0.44997
0.67547
0.28588
0.92351
0.21785
0.07871
0.80032
0.48316
0.60676
0.11893
0.64231
0.52356
0.72594
0.72316
0.20143
0.50425
0.62424
0.00663
0.40561
0.22863
0.45192
0.60444
0.75354
0.33399
0.00164
0.25839
0.39849
0.32861
0.68937
0.81371
0.39041
0.73143
0.85691
0.27493
0.57769
0.63635
0.85015
0.28007
0.62221
0.13273
0.05348
0.42227
0.27310
0.98504
0.36941
0.80599
0.39043
0.92726
0.05012
0.92035
0.03498
0.15379
0.42316
0.91318
0.32660
0.56180
0.14755
0.47464
0.99093
0.99126
0.27662
0.30413
0.54958
0.20517
0.72106
0.17202
0.48621
0.78031
0.03539
0.98205
0.32292
0.43743
0.82180
0.15905
0.89630
0.88390
0.18630
0.68708
0.75838
0.25115
0.66706
0.63955
0.28341
0.08212
0.64106
0.54368
0.44527
0.76305
0.22634
0.43149
0.74705
0.11165
0.17890
0.49479
0.31291
0.43430
0.60670
0.88856
0.29237
0.02871
0.90829
0.39365
0.61256
0.33264
0.56534
0.30251
0.15250
0.37843
0.60763
0.25569
0.47306
0.82009
0.56744
0.30588
0.76201
0.26646
0.27576
0.66600
0.26322
0.92487
0.49403
0.61545
0.76692
0.02268
0.68389
0.80133
0.62510
0.67533
0.95549
0.81336
0.09547
0.73679
0.70345
0.36993
0.76316
0.71185
0.19543
0.38076
0.14712
0.40448
0.31770
0.82921
0.30328
0.77145
0.56636
0.62144
0.42475
0.11383
0.49187
0.04031
0.09492
0.71387
0.12475
0.91023
0.04293
0.29357
0.75636
0.35692
0.91408
0.02951
0.29783
0.82030
0.99977
0.44547
0.13759
0.76029
0.99227
0.32079
0.20038
0.29080
0.82966
0.60883
0.00291
0.45025
0.46018
0.03942
0.84315
0.64441
0.34668
0.92157
0.58141
0.71053
0.40369
0.91077
0.06830
0.81844
0.35409
0.62859
0.94291
0.58153
0.93268
0.12826
0.15455
0.25827
0.98403
0.69357
0.55242
0.15891
0.21924
0.24814
0.09829
0.51972
0.65198
0.64512
0.79625
0.02036
0.58995
0.42534
0.18160
0.95954
0.33309
0.63139
0.33003
0.79968
0.52975
0.34024
0.23534
0.28421
0.34891
0.61609
0.24463
0.78864
0.43549
0.03186
0.46829
0.61377
0.17688
0.83219
0.35712
0.61529
0.75121
0.23361
0.91622
0.23017
0.64000
0.06220
0.85538
0.03431
0.44398
0.22279
0.61688
0.17704
0.73798
0.21458
0.34446
0.73687
0.59451
0.48155
0.74788
0.68630
0.49708
0.97431
0.99906
0.19790
0.27812
0.36616
0.73161
0.19585
0.34109
0.80596
0.74811
0.27150
0.14466
0.66087
0.70315
0.95180
0.47512
0.18291
0.14652
0.48751
0.80671
0.19190
0.25033
0.84682
0.21013
0.73957
0.95900
0.50891
0.48208
0.12679
0.58513
0.50589
0.14838
0.84421
0.14630
0.15997
0.28395
0.07360
0.73285
0.56065
0.32650
0.90867
0.88707
0.88711
0.68349
0.23581
0.82382
0.68695
0.49141
0.04125
0.92542
0.40617
0.46594
0.54519
0.27305
0.08083
0.87690
0.08634
0.71672
0.25190
0.61940
0.69324
0.60583
0.24359
0.88536
0.17758
0.68839
0.89548
0.42953
0.34369
0.44446
0.68074
0.48065
0.78734
0.73590
0.30986
0.46252
0.68331
0.17305
0.17806
0.74018
0.65413
0.60620
0.09895
0.55153
0.54528
0.33355
0.12211
0.24617
0.71382
0.54507
0.87485
0.95730
0.30349
0.84433
0.58226
0.19396
0.78974
0.35447
0.97283
0.43275
0.53678
0.18986
0.68109
0.45340
0.87846
0.66591
0.78336
0.15417
0.87084
0.66339
0.41462
0.66503
0.88979
0.34514
0.78992
0.16516
0.72750
0.83812
0.04904
0.16182
0.22582
0.23315
0.56555
0.38392
0.40692
0.02451
0.78357
0.26733
0.29244
0.06003
0.11542
0.56102
