0.54578
0.07418
0.08786
0.17984
0.12438
0.91048
0.42375
0.10749
0.79740
0.17604
0.54883
0.80464
0.78530
0.04806
0.39967
0.98467
0.69125
0.97512
0.54300
0.14181
0.43957
0.93732
0.26501
0.60710
0.33801
0.53533
0.51475
0.94316
0.67180
0.59957
0.28757
0.51498
0.49553
0.82519
0.82974
0.99476
0.65943
0.75726
0.54885
0.85327
0.98379
0.46985
0.97764
0.24844
0.47920
0.79628
0.90510
0.85697
0.70672
0.28177
0.59486
0.80614
0.78523
0.41356
0.03500
0.12728
0.35647
0.47117
0.13425
0.63001
0.45481
0.61645
0.19810
0.88079
0.27663
0.29017
0.13078
0.80779
0.29251
0.81819
0.79431
0.71031
0.61478
0.81364
0.71481
0.03764
0.77844
0.95469
0.22449
0.14803
0.45842
0.32525
0.57230
0.19553
0.58611
0.27313
0.95728
0.78767
0.52360
0.15192
0.31645
0.80619
0.21530
0.59055
0.92275
0.97637
0.00199
0.01603
0.16835
0.56281
0.64674
0.04123
0.86885
0.23970
0.58290
0.10450
0.52781
0.42282
0.30192
0.84549
0.97210
0.03576
0.78873
0.30146
0.37260
0.97670
0.86851
0.30451
0.86953
0.66284
0.54414
0.83336
0.69663
0.13281
0.81393
0.93531
0.81686
0.53360
0.78440
0.67328
0.83506
0.44689
0.05071
0.65994
0.83773
0.62977
0.04764
0.39008
0.02791
0.03014
0.25260
0.62332
0.09757
0.41436
0.00257
0.57787
0.07371
0.06791
0.65135
0.58510
0.00674
0.07558
0.24923
0.61297
0.31208
0.39308
0.91178
0.32697
0.97675
0.11643
0.27571
0.61151
0.89592
0.08282
0.97151
0.94291
0.91927
0.27382
0.16945
0.11618
0.41348
0.22032
0.84748
0.57836
0.73381
0.75982
0.68931
0.67891
0.52615
0.58593
0.43894
0.11471
0.79296
0.88613
0.15793
0.52458
0.36295
0.73618
0.17995
0.97113
0.02066
0.28841
0.55232
0.89927
0.03524
0.17845
0.51008
0.13315
0.02757
0.40293
0.71914
0.04911
0.39402
0.68156
0.93691
0.47698
0.12754
0.04839
0.16325
0.22864
0.86459
0.01736
0.09328
0.54444
0.91662
0.30821
0.00108
0.75782
0.85886
0.97827
0.17749
0.02408
0.74459
0.55304
0.03107
0.33939
0.24521
0.40029
0.64810
0.84177
0.93238
0.79395
0.52232
0.70309
0.04048
0.68222
0.90167
0.16700
0.66443
0.57465
0.08849
0.94308
0.40134
0.74806
0.66781
0.13223
0.40789
0.86248
0.59660
0.18583
0.59242
0.87360
0.48332
0.28833
0.57631
0.56667
0.23999
0.69908
0.94070
0.19476
0.90926
0.09838
0.99634
0.39410
0.59083
0.93443
0.92205
0.04135
0.44722
0.65795
0.70076
0.18006
0.47618
0.74188
0.58002
0.75946
0.46203
0.92569
0.44249
0.53217
0.97175
0.93699
0.46140
0.82114
0.91225
0.04311
0.27223
0.82993
0.86573
0.38511
0.29192
0.03925
0.12616
0.77220
0.21418
0.53886
0.21048
0.03380
0.09193
0.84822
0.50752
0.22495
0.02301
0.94510
0.50861
0.21918
0.05010
0.66744
0.62013
0.65687
0.75313
0.15762
0.60453
0.90649
0.73095
0.68189
0.11497
0.04545
0.10812
0.81975
0.40064
0.58010
0.76765
0.36143
0.13224
0.19763
0.20779
0.99891
0.09811
0.08011
0.83299
0.33257
0.44467
0.08566
0.21705
0.36527
0.77477
0.61414
0.30606
0.70425
0.62300
0.23871
0.70957
0.63642
0.89411
0.50577
0.29866
0.17935
0.96187
0.43676
0.95550
0.59943
0.10165
0.12193
0.63050
0.88542
0.51963
0.45195
0.03224
0.07895
0.64410
0.34600
0.90900
0.60671
0.54671
0.54678
0.46760
0.58375
0.49875
0.38664
0.09480
0.03704
0.86405
0.39794
0.37878
0.88977
0.33551
0.90561
0.15678
0.76876
0.81054
0.21118
0.15853
0.27864
0.38403
0.30982
0.55915
0.26805
0.72474
0.64852
0.98701
0.01420
0.02762
0.50168
0.03666
0.60993
0.42902
0.70541
0.33224
0.55102
0.01261
0.76734
0.28586
0.28877
0.83730
0.64654
0.71068
0.75240
0.48830
0.86607
0.47253
0.54920
0.96721
0.32632
0.79068
0.97623
0.85060
0.38949
0.07790
0.92882
0.20252
0.55268
0.95786
0.53448
0.93090
0.65623
0.78869
0.34415
0.96434
0.74192
0.13022
0.93260
0.36944
0.01994
0.34048
0.90758
0.59722
0.70824
0.79778
0.67610
0.58001
0.55145
0.61871
0.54022
0.28102
0.81364
0.46959
0.82696
0.19151
0.47475
0.10884
0.01197
0.83274
0.71858
0.68465
0.80232
0.82657
0.11724
0.58338
0.60180
0.76123
0.48541
0.45773
0.60891
0.13406
0.59207
0.63738
0.13164
0.26295
0.27999
0.16709
0.25149
0.73068
0.68457
0.88535
0.48301
0.69055
0.06997
0.76969
0.18124
0.65492
0.48994
0.66224
0.54875
0.93614
0.22143
0.92108
0.19443
0.36673
0.51786
0.23478
0.85145
0.38109
0.63371
0.40390
0.99170
0.44806
0.25086
0.68158
0.92094
0.28299
0.01579
0.81718
0.41539
0.28640
0.61193
0.97205
0.77799
0.47569
0.11511
0.07793
0.47143
0.42710
0.26361
0.71232
0.79830
0.53727
0.63910
0.96190
0.49933
0.45664
0.04430
0.88016
0.90420
0.08263
0.46858
0.04231
0.72867
0.24211
0.43237
0.31073
0.33538
0.82042
0.26045
0.76646
0.54720
0.22266
0.17926
0.70072
0.77884
0.31997
0.84543
0.39027
0.50216
0.34090
0.37820
0.79716
0.88259
0.26214
0.60150
0.49638
0.36926
0.92714
0.62247
0.90989
0.40427
0.08946
0.01058
0.35279
0.61606
0.69119
0.28704
0.78990
0.84637
0.74478
0.61259
0.33116
0.17723
0.48160
0.55938
0.51080
0.93609
0.96278
0.28098
0.10538
0.79281
0.70960
0.98719
0.43886
0.73066
0.49799
0.83583
0.70791
0.15879
0.51182
0.27323
0.53749
0.26844
0.09853
0.79077
0.55678
0.20113
0.18413
0.33455
0.88388
0.89043
0.73633
0.97143
0.24217
0.02980
0.42786
0.57779
0.99981
0.42604
0.58233
0.30453
0.54455
0.68726
0.77179
0.52388
0.66216
0.34345
0.35591
0.78427
0.40162
0.04413
0.74613
0.27146
0.84141
0.32595
0.61906
0.92802
0.30171
0.29928
0.59936
0.89665
0.52205
0.75661
0.33894
0.01626
0.77176
0.91569
0.35416
0.98667
0.59376
0.86825
0.81900
0.25474
0.26107
0.09044
0.42250
0.10947
0.36362
0.86219
0.63686
0.38503
0.81286
0.92196
0.86754
0.76198
0.21932
0.06145
0.55864
0.58975
0.64818
0.50938
0.64928
0.86344
0.96618
0.20154
0.33829
0.79733
0.73418
0.84556
0.82355
0.27380
0.97080
0.44050
0.73686
0.52352
0.99129
0.60875
0.91533
0.19634
0.28147
0.72340
0.97784
0.26489
0.42755
0.68490
0.06148
0.93865
0.14664
0.48961
0.65227
0.22834
0.77606
0.31387
0.58444
0.58047
0.42990
0.82558
0.04516
0.07540
0.69447
0.24625
0.69490
0.73329
0.81811
0.06812
0.69675
0.71272
0.33951
0.59677
0.40845
0.29324
0.47390
0.95178
0.12164
0.17310
0.07831
0.93563
0.40669
0.60603
0.14956
0.94435
0.63910
0.19476
0.46093
0.33793
0.15114
0.69473
0.42056
0.96603
0.91020
0.32130
0.38788
0.38827
0.03591
0.49875
0.88945
0.64461
0.64432
0.53131
0.00247
0.79010
0.56454
0.30194
0.66541
0.59840
0.76887
0.16650
0.48743
0.14436
0.96709
0.00255
0.61056
0.89509
0.97414
0.90970
0.52339
0.31457
0.36602
0.45863
0.39369
0.66297
0.95466
0.26409
0.41389
0.44594
0.47513
0.89883
0.95626
0.21435
0.91520
0.37353
0.16808
0.81005
0.61730
0.90818
0.37944
0.34116
0.52869
0.96456
0.13651
0.85830
0.64307
0.15241
0.32572
0.34870
0.30700
0.50119
0.35855
0.08498
0.59022
0.54301
0.68749
0.37720
0.80284
0.93662
0.95213
0.67859
0.86410
0.10462
0.94667
0.10354
0.29531
0.32742
0.86878
0.04830
0.30632
0.02738
0.73374
0.12644
0.09859
0.27421
0.51861
0.17992
0.12933
0.01998
0.61648
0.76793
0.05417
0.57820
0.82464
0.79328
0.81246
0.99612
0.42712
0.04936
0.13027
0.52002
0.58073
0.46621
0.02975
0.15423
0.37546
0.01485
0.18793
0.21466
0.36358
0.71833
0.76895
0.08248
0.56187
0.40608
0.74535
0.03904
0.15898
0.58846
0.81579
0.02181
0.56246
0.78747
0.89385
0.44965
0.87358
0.39847
0.33710
0.62224
0.62684
0.29441
0.01092
0.27036
0.09779
0.34942
0.94318
0.82745
0.89321
0.99253
0.84976
0.24057
0.05526
0.51233
0.99846
0.41349
0.84624
0.28205
0.67079
0.56820
0.88692
0.91638
0.52705
0.90085
0.07954
0.81685
0.36249
0.72179
0.32829
0.02541
0.75447
0.09668
0.53572
0.67379
0.14238
0.93435
0.13159
0.18775
0.93719
0.79699
0.59903
0.45518
0.21496
0.19240
0.28625
0.06854
0.00270
0.57020
0.02461
0.76216
0.35760
0.86757
0.40654
0.68706
0.37975
0.87685
0.83500
0.11443
0.19158
0.09086
0.99559
0.74183
0.38322
0.72264
0.13996
0.90819
0.58048
0.23034
0.69286
0.98485
0.74830
0.96586
0.37917
0.27796
0.18224
0.85868
0.43633
0.57365
0.24784
0.06641
0.33017
0.19636
0.45111
0.29733
0.43927
0.95744
0.32652
0.51496
0.36065
0.17179
0.52863
0.84609
0.31000
0.23921
0.90843
0.56426
0.34995
0.96117
0.59232
0.98323
0.14451
0.31065
0.73231
0.87947
0.91400
0.10840
0.36638
0.00356
0.35380
0.63566
0.54846
0.54476
0.95557
0.04581
0.77506
0.76595
0.15568
0.01291
0.33297
0.74033
0.20713
0.73910
0.25520
0.92273
0.44062
0.47955
0.37115
0.15894
0.53290
0.52444
0.73993
0.14371
0.55739
0.88462
0.51931
0.15733
0.01963
0.86104
0.71128
0.15986
0.59537
0.01661
0.12269
0.97228
0.70704
0.22219
0.98635
0.50760
0.86798
0.51510
0.79308
0.14114
0.27492
0.53463
0.52963
0.45542
0.78419
0.98296
0.42079
0.60472
0.33497
0.74211
0.36603
0.51253
0.77217
0.14501
0.69577
0.28068
0.94548
0.99273
0.51960
0.49517
0.49828
0.03319
0.37926
0.34819
0.18196
0.01741
0.56528
0.57023
0.53067
0.26835
0.59109
0.18126
0.70452
0.11797
0.31880
0.28455
0.68148
0.22938
0.33233
0.19962
0.59969
0.94919
0.10258
0.94480
0.14398
0.52550
0.02879
0.69386
0.27193
0.88824
0.46797
0.09763
0.16754
0.83637
0.93561
0.08162
0.06390
0.56688
0.23820
0.88432
0.40094
0.06727
0.58353
0.62505
0.73856
0.78061
0.43172
0.83386
0.22155
0.80462
0.19980
0.83684
0.65583
0.30319
0.83845
0.55066
0.69292
0.80108
0.48247
0.95845
0.79871
0.63615
0.01470
0.13032
0.16054
0.31261
0.07971
0.76517
0.14258
0.91503
0.49210
0.14810
0.49411
0.69623
0.83017
0.71083
0.75967
0.00765
0.35805
0.90604
0.76537
0.61620
0.62552
0.57464
0.31658
0.85067
0.66056
0.70813
0.90870
0.05923
0.86520
0.23022
0.82112
0.27802
0.34842
0.86625
0.89150
0.02531
0.10047
0.72840
0.13701
0.13021
0.62723
0.32834
0.41644
0.97612
0.99650
0.10352
0.81383
0.26046
0.94276
0.29038
0.40236
0.20532
0.44545
0.03223
0.11869
0.18529
0.36920
0.86855
0.84122
0.39077
0.24113
0.00443
0.59985
0.53698
0.58280
0.66038
0.95300
0.98418
0.94818
0.22449
0.21561
0.54389
0.97293
0.89184
0.48382
0.00642
0.71754
0.13497
0.74873
0.35401
0.92295
0.06634
0.11029
0.29314
0.36781
0.45231
0.54646
0.11867
0.49372
0.31175
0.54083
0.39923
0.76570
0.20955
0.54486
0.27738
0.97107
0.30754
0.85467
0.50537
0.43908
0.26809
0.07076
0.09093
0.22894
0.56985
0.93824
0.24145
0.76412
0.59319
0.09310
0.40044
0.80723
0.64796
0.48339
0.07524
0.38018
0.75368
0.39458
0.86454
0.28897
0.85447
0.42880
0.89396
0.94311
0.97801
0.10167
0.39599
0.17046
0.95373
0.22698
0.96733
0.84835
0.35185
0.40624
0.49802
0.31704
0.84015
0.15893
0.00831
0.79648
0.67891
0.37251
0.01151
0.84611
0.83302
0.58341
0.83287
0.22724
0.43959
0.90780
0.01874
0.44467
0.20556
0.93201
0.09060
0.78117
0.30942
0.33975
0.54268
0.49852
0.28032
0.03434
0.93640
0.07524
0.43833
0.08225
0.96471
0.91573
0.12849
0.20461
0.11294
0.73771
0.23152
0.86436
0.78961
0.23506
0.14875
0.28001
0.43637
0.54147
0.84801
0.76468
0.72783
0.18301
0.75388
0.96305
0.68655
0.26754
0.56752
0.99049
0.30687
0.64917
0.08204
0.33276
0.80424
0.93969
0.43045
0.32104
0.73734
0.14084
0.77051
0.45751
0.39763
0.13296
0.84681
0.68442
0.46468
0.81240
0.60016
0.13997
0.94646
0.07437
0.59099
0.37890
0.68128
0.89694
0.13599
0.37525
0.99795
0.62175
0.18188
0.37424
0.06237
0.85768
0.71555
0.10254
0.47447
0.99323
0.13760
0.99896
0.11015
0.00315
0.86357
0.42941
0.21426
0.23310
0.79570
0.07557
0.54117
0.56648
0.02528
0.81382
0.35873
0.93173
0.98748
0.28870
0.06459
0.82232
0.35009
0.55103
0.52927
0.16482
0.57540
0.39311
0.21974
0.66790
0.08412
0.76235
0.14984
0.74847
0.16439
0.17220
0.42383
0.72685
0.39320
0.88625
0.54695
0.02479
0.73145
0.82133
0.45590
0.16748
0.65234
0.71547
0.02962
0.12571
0.52718
0.27375
0.55566
0.88937
0.48575
0.66595
0.38787
0.71649
0.93036
0.59023
0.10893
0.38749
0.13909
0.95558
0.21471
0.54046
0.54282
0.02534
0.26721
0.31551
0.41237
0.16172
0.92205
0.48544
0.39923
0.71982
0.59411
0.13105
0.11843
0.34887
0.77032
0.89174
0.39684
0.61590
0.48683
0.61390
0.88983
0.58236
0.16048
0.51906
0.83270
0.82362
0.15098
0.84752
0.76046
0.42407
0.59666
0.74685
0.25691
0.48396
0.78367
0.81981
0.25854
0.80826
0.94976
0.71497
0.12392
0.90604
0.17301
0.42191
0.45005
0.26180
0.85411
0.63929
0.29353
0.20199
0.40231
0.22043
0.55164
0.27863
0.32119
0.64600
0.50513
0.54688
0.00505
0.59249
0.32122
0.89245
0.98600
0.98397
0.60360
0.41199
0.71443
0.24895
0.64978
0.26117
0.29286
0.12303
0.99071
0.46342
0.49118
0.95331
0.79424
0.62896
0.98181
0.33993
0.40986
0.42559
0.91048
0.43969
0.32716
0.00490
0.87126
0.75820
0.01571
0.34447
0.96693
0.76360
0.93068
0.21148
0.09703
0.30271
0.43198
0.19687
0.79246
0.57163
0.26574
0.85373
0.68817
0.87288
0.11492
0.67909
0.69631
0.23045
0.77083
0.29658
0.95039
0.18061
0.34646
0.27067
0.33980
0.03461
0.97333
0.92446
0.73228
0.22486
0.34861
0.72762
0.58198
0.92192
0.28748
0.68365
0.46147
0.53837
0.19349
0.39072
0.25323
0.01758
0.82838
0.97556
0.47970
0.75552
0.56347
0.58530
0.78876
0.54615
0.87157
0.27761
0.44730
0.36136
0.68178
0.44211
0.23462
0.21545
0.13790
0.34505
0.62333
0.59054
0.87977
0.95117
0.13106
0.25230
0.59762
0.67399
0.84545
0.59445
0.44016
0.69268
0.39058
0.57619
0.36133
0.38214
0.16851
0.96081
0.06511
0.57849
0.38980
0.30566
0.07837
0.35075
0.08475
0.94429
0.58689
0.56168
0.17320
0.35766
0.55367
0.13856
0.39212
0.74058
0.40434
0.19154
0.41161
0.47146
0.54339
0.82135
0.33048
0.78786
0.00113
0.46787
0.42624
0.87329
0.47667
0.29401
0.16910
0.46620
0.41625
0.58775
0.96423
0.18025
0.81177
0.91927
0.77373
0.54952
0.23216
0.36533
0.21351
0.16722
0.51680
0.98376
0.63579
0.88415
0.95881
0.59075
0.84047
0.09957
0.28691
0.72359
0.46863
0.28655
0.70228
0.36398
0.78734
0.39779
0.86231
0.71767
0.51621
0.18621
0.96818
0.65214
0.02549
0.83839
0.73058
0.62665
0.06101
0.24867
0.56418
0.85044
0.01260
0.45548
0.62770
0.35499
0.36688
0.35844
0.29692
0.00752
0.17025
0.68471
0.05342
0.29845
0.38258
0.22790
0.26375
0.43517
0.67700
0.64081
0.87072
0.83105
0.60639
0.78403
0.20867
0.45689
0.96501
0.63420
0.90301
0.08932
0.17128
0.73849
0.86726
0.59118
0.94208
0.98117
0.21236
0.17347
0.56118
0.97808
0.47248
0.36485
0.87483
0.77672
0.81182
0.94281
0.77542
0.81757
0.60019
0.12763
0.36005
0.30507
0.18882
0.57682
0.50395
0.87097
0.80102
0.49096
0.70046
0.25879
0.64675
0.52302
0.15525
0.81001
0.47065
0.23233
0.20642
0.11765
0.16417
0.30012
0.91542
0.80391
0.36975
0.30623
0.77589
0.55399
0.36953
0.99013
0.37797
0.23703
0.59366
0.81463
0.16883
0.34405
0.11877
0.06713
0.61605
0.32896
0.79953
0.38700
0.33111
0.50054
0.84492
0.22101
0.94735
0.55439
0.71582
0.69751
0.27084
0.16362
0.04122
0.61756
0.79184
0.17623
0.01596
0.05397
0.50071
0.26644
0.24185
0.39195
0.76580
0.68770
0.81877
0.39167
0.37165
0.92211
0.16762
0.98071
0.42793
0.65757
0.30062
0.50076
0.36012
0.45049
0.45902
0.59781
0.21196
0.48056
0.50361
0.70702
0.69501
0.60305
0.64087
0.10274
0.72719
0.15339
0.74071
0.81798
0.00822
0.27277
0.39448
0.42792
0.92040
0.16742
0.32662
0.33028
0.26801
0.56361
0.81126
0.87718
0.91374
0.87527
0.86886
0.27037
0.25904
0.65034
0.18099
0.20582
0.34382
0.52925
0.60837
0.43130
0.72993
0.41551
0.23139
0.59810
0.51622
0.03476
0.98724
0.68688
0.60112
0.02692
0.32618
0.04440
0.07828
0.30815
0.66585
0.77529
0.55518
0.26864
0.91188
0.69521
0.15369
0.70141
0.07177
0.35031
0.09092
0.27483
0.91137
0.21516
0.15495
0.83957
0.87795
0.77584
0.66550
0.01887
0.39313
0.20015
0.77468
0.11021
0.74443
0.61050
0.13752
0.95042
0.69835
0.35574
0.67690
0.00508
0.92726
0.11396
0.27495
0.41932
0.14268
0.58359
0.41684
0.90397
0.64872
0.76889
0.70385
0.00021
0.88185
0.29893
0.38200
0.70879
0.11720
0.23395
0.94610
0.21155
0.58241
0.65575
0.32118
0.48272
0.90510
0.39285
0.23650
0.25813
0.98386
0.36225
0.20919
0.85643
0.02413
0.00146
0.34325
0.64777
0.27313
0.75158
0.63353
0.83725
0.19283
0.79240
0.42162
0.00409
0.94900
0.01055
0.35161
0.86386
0.60416
0.03586
0.17664
0.03363
0.66393
0.27304
0.33458
0.72731
0.32985
0.66555
0.49107
0.43934
0.95685
0.54459
0.59259
0.37389
0.40064
0.32900
0.36931
0.78226
0.27527
0.34610
0.96252
0.17695
0.40936
0.46196
0.85791
0.16809
0.38019
0.93970
0.07992
0.93254
0.45914
0.93017
0.24955
0.23826
0.07369
0.45721
0.60366
0.08344
0.10656
0.82943
0.36636
0.53477
0.62186
0.77370
0.72788
0.11712
0.33635
0.34636
0.91530
0.12666
0.20991
0.31727
0.13549
0.28264
0.50901
0.63352
0.83375
0.72949
0.71480
0.60306
0.55667
0.46687
0.03718
0.56517
0.31766
0.37286
0.67418
0.90658
0.31050
0.08542
0.62752
0.50784
0.76422
0.47174
0.33987
0.54339
0.00557
0.46643
0.42441
0.76479
0.93401
0.37923
0.34518
0.86927
0.87901
0.86396
0.61843
0.31612
0.40973
0.63873
0.33874
0.39056
0.48389
0.37777
0.24488
0.59444
0.07868
0.68018
0.35590
0.68764
0.27584
0.81983
0.77635
0.69600
0.62530
0.38768
0.44237
0.54165
0.55010
0.84932
0.37172
0.69684
0.14781
0.40770
0.87132
0.29145
0.74961
0.63103
0.73512
0.23637
0.68737
0.44783
0.83910
0.39270
0.00863
0.01857
0.09963
0.00229
0.30003
0.69955
0.37286
0.67191
0.28767
0.63166
0.61734
0.59802
0.17173
0.87518
0.95122
0.43365
0.92602
0.76805
0.86914
0.32659
0.31060
0.55579
0.82910
0.29333
0.12381
0.96605
0.40685
0.25414
0.96307
0.32169
0.73779
0.44260
0.11898
0.50867
0.46008
0.70225
0.30657
0.35971
0.86381
0.07907
0.72408
0.02652
0.34401
0.37335
0.90215
0.97608
0.64742
0.35082
0.93717
0.22248
0.54835
0.50854
0.62216
0.49171
0.91127
0.01977
0.44758
0.96257
0.46046
0.20174
0.68647
0.37694
0.57179
0.01992
0.81168
0.56988
0.17023
0.56835
0.57591
0.69682
0.14499
0.92578
0.31353
0.57289
0.85491
0.52897
0.76605
0.33717
0.92673
0.14420
0.76944
0.79608
0.21481
0.11053
0.34627
0.21603
0.03664
0.82861
0.58727
0.79587
0.64811
0.40736
0.28195
0.39233
0.40213
0.63711
0.65547
0.23047
0.96968
0.71810
0.25767
0.72268
0.62413
0.08834
0.30845
0.69875
0.83348
0.64431
0.60219
0.14834
0.86049
0.44376
0.22746
0.83230
0.64486
0.10473
0.85688
0.43209
0.52151
0.51626
0.54928
0.76302
0.20402
0.08026
0.78395
0.20850
0.80623
0.02854
0.75809
0.09751
0.82441
0.77613
0.12598
0.78083
0.74132
0.38434
0.42559
0.83544
0.41739
0.73657
0.33239
0.20354
0.18431
0.47650
0.29750
0.69082
0.40244
0.73991
0.22128
0.38483
0.67100
0.84552
0.82391
0.26665
0.78395
0.84302
0.53847
0.91876
0.54658
0.35513
0.66838
0.24979
0.91636
0.41793
0.97942
0.14052
0.14381
0.76924
0.80585
0.40386
0.40345
0.49438
0.13555
0.00252
0.18767
0.54432
0.50695
0.50056
0.00997
0.84399
0.28515
0.36386
0.34623
0.15169
0.54825
0.49472
0.47003
0.29108
0.16056
0.75697
0.51342
0.64189
0.60004
0.36481
0.03045
0.33830
0.43975
0.20692
0.82791
0.18318
0.91294
0.90229
0.13532
0.37524
0.13323
0.55770
0.10272
0.89098
0.37578
0.76076
0.24868
0.80425
0.76141
0.59214
0.07808
0.20574
0.23754
0.19387
0.81087
0.43411
0.77122
0.93961
0.11410
0.52243
0.06744
0.74222
0.32345
0.79208
0.71122
0.48442
0.97939
0.40068
0.93500
0.86791
0.11813
0.01806
0.39592
0.64513
0.77908
0.84242
0.07557
0.72791
0.58083
0.33723
0.82983
0.40616
0.76346
0.40275
0.00178
0.93119
0.31199
0.91610
0.77082
0.60987
0.99749
0.80230
0.12008
0.55738
0.69714
0.61833
0.05710
0.44048
0.40009
0.49253
0.26777
0.88630
0.53694
0.49194
0.56715
0.17976
0.21407
0.18762
0.56566
0.11138
0.36532
0.38341
0.07791
0.32581
0.78467
0.34223
0.69456
0.32914
0.25901
0.14970
0.17026
0.59702
0.06874
0.68337
0.16379
0.46444
0.83645
0.02860
0.99103
0.53243
0.83249
0.74107
0.69489
0.22480
0.62482
0.62258
0.85429
0.40378
0.66484
0.47457
0.62012
0.04947
0.60229
0.84418
0.34476
0.10586
0.80183
0.98174
0.92654
0.23506
0.09925
0.57012
0.61762
0.76914
0.06091
0.79091
0.70986
0.33676
0.11330
0.10471
0.86516
0.64996
0.65167
0.53240
0.05438
0.24035
0.41938
0.02017
0.81181
0.22323
0.14172
0.49841
0.13172
0.11810
0.24880
0.72695
0.26581
0.48877
0.18985
0.73233
0.27955
0.34452
0.60671
0.82581
0.27387
0.76527
0.80713
0.72195
0.87340
0.91422
0.29120
0.09722
0.59971
0.87172
0.16920
0.15640
0.03067
0.49047
0.51529
0.58304
0.47788
0.73702
0.98443
0.74356
0.34402
0.20486
0.50522
0.58367
0.94178
0.70409
0.34314
0.04344
0.23741
0.28309
0.92067
0.16879
0.99944
0.97724
0.08909
0.13817
0.71226
0.82213
0.99727
0.61698
0.94044
0.29283
0.97568
0.55813
0.97199
0.08486
0.12001
0.12273
0.96665
0.47567
0.29334
0.89549
0.02465
0.45323
0.57654
0.43263
0.75809
0.11690
0.30876
0.32674
0.08874
0.37567
0.20524
0.87146
0.67212
0.20334
0.85218
0.06850
0.25397
0.58145
0.73701
0.22642
0.13464
0.99366
0.04032
0.58271
0.14134
0.38268
0.26548
0.08701
0.19186
0.33002
0.22809
0.18915
0.36578
0.59943
0.26845
0.77198
0.07975
0.05396
0.53254
0.09038
0.79952
0.85973
0.25943
0.10978
0.10958
0.85318
0.35756
0.52956
0.15996
0.86644
0.91908
0.71752
0.36024
0.93131
0.84427
0.61169
0.91930
0.54318
0.63856
0.02128
0.40742
0.61477
0.56776
0.17965
0.24617
0.87424
0.82257
0.04521
0.79159
0.46623
0.14663
0.90818
0.74801
0.75786
0.88785
0.15497
0.71717
0.42892
0.05867
0.65207
0.40840
0.60735
0.47514
0.76483
0.23456
0.20053
0.32418
0.76409
0.07543
0.88945
0.74846
0.20350
0.51516
0.80277
0.19123
0.15419
0.24866
0.53844
0.96585
0.75438
0.91659
0.07346
0.91982
0.37168
0.34304
0.95196
0.33860
0.34533
0.47330
0.08237
0.72420
0.21397
0.56984
0.57573
0.77171
0.97582
0.28799
0.47303
0.41320
0.27132
0.22297
0.39651
0.29611
0.02942
0.67367
0.06015
0.19349
0.12432
0.39575
0.15329
0.20546
0.27264
0.31407
0.84223
0.98840
0.83919
0.66399
0.18701
0.45231
0.15044
0.35507
0.81491
0.15682
0.21271
0.56368
0.66349
0.04764
0.57348
0.78788
0.67429
0.02524
0.43363
0.81514
0.90464
0.84247
0.75769
0.36325
0.90624
0.63722
0.61356
0.61796
0.09944
0.13195
0.34024
0.18947
0.77579
0.73115
0.86939
0.85420
0.89716
0.20526
0.34979
0.09733
0.89564
0.04482
0.27384
0.61732
0.30803
0.39608
0.91505
0.23528
0.16764
0.39693
0.49651
0.88815
0.27214
0.09352
0.23571
0.74403
0.17671
0.52715
0.12635
0.67899
0.42183
0.01862
0.42701
0.31187
0.84319
0.81429
0.45838
0.81782
0.10268
0.06382
0.35142
0.86479
0.53115
0.60934
0.58564
0.29612
0.68096
0.66245
0.56363
0.03698
0.01903
0.85106
0.84313
0.80585
0.33119
0.66054
0.84441
0.72748
0.37106
0.78952
0.00719
0.89239
0.03938
0.43376
0.42020
0.37839
0.23935
0.38646
0.57942
0.95667
0.07849
0.00793
0.56791
0.39354
0.90065
0.91902
0.56353
0.27784
0.74759
0.43258
0.28028
0.17837
0.12792
0.91249
0.01025
0.43631
0.30585
0.40355
0.24091
0.66916
0.30462
0.63507
0.50530
0.25584
0.72885
0.79888
0.15217
0.06907
0.90609
0.08555
0.49074
0.56798
0.62445
0.00196
0.70704
0.49808
0.51452
0.03171
0.79382
0.71689
0.63866
0.42794
0.08644
0.22062
0.07485
0.60547
0.00916
0.94988
0.55448
0.59107
0.12673
0.66401
0.03928
0.38996
0.47766
0.08629
0.32295
0.17027
0.90081
0.55938
0.64376
0.76260
0.30295
0.74132
0.94741
0.50792
0.24395
0.68196
0.32175
0.35169
0.67546
0.71426
0.66106
0.34752
0.72865
0.01216
0.53321
0.86356
0.58087
0.50232
0.72144
0.04194
0.01905
0.56508
0.09539
0.22925
0.50132
0.95117
0.39896
0.89861
0.99514
0.17883
0.61027
0.24038
0.80812
0.63325
0.01678
0.94540
0.19383
0.72587
0.00008
0.59328
0.48088
0.89298
0.19893
0.57920
0.15957
0.92260
0.20172
0.64727
0.82915
0.10963
0.81859
0.45750
0.07040
0.24278
0.09071
0.08953
0.33463
0.82662
0.28092
0.68253
0.24770
0.86677
0.75357
0.50729
0.75031
0.00129
0.27694
0.92811
0.12400
0.17020
0.99025
0.24337
0.58056
0.42115
0.52504
0.14164
0.90224
0.98545
0.07659
0.74782
0.84419
0.69405
0.26063
0.63227
0.26132
0.63888
0.44890
0.23653
0.35511
0.88678
0.11918
0.94856
0.30866
0.03970
0.17194
0.87681
0.91588
0.09556
0.54977
0.82791
0.40148
0.81890
0.29201
0.23254
0.01609
0.71442
0.06312
0.39984
0.97186
0.31370
0.97056
0.75842
0.53304
0.42118
0.80692
0.60101
0.40818
0.75111
0.92730
0.08533
0.09760
0.13626
0.01317
0.81722
0.37548
0.71803
0.58262
0.43478
0.92195
0.30254
0.40956
0.80103
0.24585
0.17149
0.86005
0.66081
0.31242
0.87889
0.39777
0.75849
0.09720
0.57637
0.52546
0.04358
0.80344
0.44891
0.93747
0.91736
0.14453
0.09316
0.78201
0.20196
0.75700
0.89284
0.59182
0.61182
0.10240
0.14641
0.83351
0.78831
0.07373
0.38651
0.82048
0.26653
0.67595
0.93859
0.43500
0.21487
0.75041
0.93042
0.26294
0.48719
0.75561
0.16250
0.50005
0.36577
0.26148
0.55895
0.09472
0.45077
0.40441
0.62454
0.26105
0.32802
0.16754
0.94532
0.68049
0.40518
0.47510
0.61437
0.00059
0.74054
0.16196
0.32145
0.80263
0.53702
0.86564
0.17143
0.05735
0.53720
0.11050
0.49575
0.35532
0.08733
0.47991
0.63016
0.11134
0.85922
0.71120
0.72942
0.42764
0.76530
0.40780
0.85917
0.07078
0.10830
0.35020
0.68193
0.51839
0.13132
0.54929
0.09407
0.62652
0.85790
0.14110
0.22572
0.44909
0.20149
0.62377
0.83006
0.98453
0.58775
0.29247
0.78861
0.18368
0.48303
0.13804
0.46455
0.90716
0.30595
0.59454
0.77351
0.63544
0.05676
0.96628
0.74249
0.92172
0.63886
0.70294
0.59030
0.88054
0.72866
0.13940
0.46461
0.49472
0.67246
0.96824
0.65566
0.14063
0.45297
0.20488
0.06963
0.64402
0.74308
0.61735
0.81360
0.35467
0.89139
0.77048
0.51588
0.25091
0.66325
0.62071
0.89552
0.07650
0.02364
0.78662
0.93348
0.13221
0.69510
0.67440
0.82051
0.73767
0.88487
0.46082
0.62651
0.05425
0.11518
0.01544
0.96861
0.90319
0.75631
0.24684
0.08243
0.21981
0.59820
0.87669
0.55208
0.69237
0.52135
0.73841
0.54105
0.31755
0.93313
0.58759
0.96386
0.59496
0.22432
0.68895
0.83807
0.21224
0.52614
0.66760
0.72097
0.50831
0.68073
0.23201
0.32105
0.21792
0.55623
0.53036
0.25331
0.99135
0.08698
0.39544
0.11971
0.56830
0.93676
0.27558
0.03885
0.38721
0.93350
0.78948
0.39896
0.13408
0.52878
0.83126
0.96878
0.53871
0.01240
0.76888
0.60180
0.18949
0.82085
0.39754
0.24277
0.29433
0.42208
0.69570
0.59343
0.50243
0.62688
0.57235
0.24965
0.13506
0.85127
0.82567
0.73126
0.49912
0.40280
0.26067
0.04366
0.62164
0.44434
0.83055
0.53383
0.14750
0.89489
0.67652
0.82052
0.63279
0.13322
0.39698
0.65529
0.35932
0.62887
0.14461
0.58956
0.88428
0.65841
0.11302
0.40940
0.16819
0.60983
0.34795
0.20712
0.67611
0.54923
0.39666
0.71748
0.56285
0.88002
0.35717
0.59407
0.55308
0.02077
0.47682
0.99265
0.64300
0.30094
0.85220
0.75305
0.61471
0.29619
0.65067
0.23160
0.63832
0.93032
0.07591
0.49872
0.95870
0.47192
0.24670
0.35703
0.50182
0.13310
0.04554
0.99234
0.42011
0.23397
0.83275
0.02598
0.33975
0.34070
0.01284
0.55864
0.65590
0.88020
0.24896
0.33168
0.15667
0.84333
0.75536
0.71962
0.68456
0.79562
0.26985
0.12339
0.71365
0.33552
0.97938
0.63965
0.15395
0.88771
0.62716
0.73958
0.99103
0.53465
0.94335
0.71765
0.27150
0.97822
0.02394
0.95148
0.06227
0.62417
0.79244
0.25596
0.45218
0.09298
0.88166
0.50574
0.42865
0.99029
0.28385
0.02049
0.87026
0.15684
0.95128
0.05119
0.38974
0.20132
0.48177
0.60460
0.61799
0.97136
0.30474
0.20746
0.37792
0.41915
0.43018
0.75408
0.44323
0.41075
0.91232
0.11194
0.44556
0.42203
0.87355
0.03712
0.81154
0.60808
0.52760
0.46422
0.04227
0.04451
0.39921
0.06231
0.88923
0.80187
0.03854
0.86653
0.43904
0.08212
0.31146
0.86351
0.55809
0.13587
0.89159
0.42004
0.69624
0.56803
0.34074
0.87012
0.10685
0.74057
0.68954
0.44358
0.54943
0.86881
0.52407
0.80798
0.54406
0.18034
0.77166
0.69322
0.64826
0.03450
0.36193
0.35682
0.41717
0.55890
0.59156
0.22661
0.66075
0.28227
0.17233
0.49951
0.07526
0.23700
0.88987
0.77102
0.09585
0.46863
0.38080
0.51222
0.23561
0.47360
0.18952
0.29466
0.55106
0.35269
0.62766
0.02781
0.06692
0.98586
0.59432
0.72442
0.75080
0.09597
0.78288
0.11832
0.77908
0.51177
0.36276
0.49977
0.09538
0.18507
0.61931
0.93469
0.12084
0.45957
0.12812
0.36394
0.15441
0.64439
0.78771
0.89634
0.85485
0.62637
0.76567
0.05973
0.99995
0.05394
0.86563
0.24683
0.14935
0.32486
0.09932
0.53205
0.58449
0.42578
0.20117
0.23462
0.45458
0.52077
0.83637
0.18134
0.46074
0.06850
0.84435
0.22030
0.30849
0.52058
0.05730
0.21349
0.46128
0.32839
0.13985
0.42972
0.26616
0.02485
0.24623
0.64754
0.32460
0.92246
0.40853
0.23357
0.24764
0.85923
0.90864
0.99422
0.69139
0.92861
0.67258
0.71839
0.53633
0.85690
0.61532
0.04325
0.67962
0.97342
0.29572
0.42246
0.39548
0.11528
0.30492
0.99641
0.25858
0.55970
0.54365
0.17263
0.02285
0.80248
0.65675
0.56931
0.84713
0.63150
0.95679
0.92521
0.53220
0.93841
0.43144
0.55993
0.09459
0.38236
0.29948
0.08554
0.00866
0.59103
0.14732
0.29573
0.90126
0.86698
0.08346
0.36991
0.57930
0.10901
0.56187
0.98487
0.65222
0.64719
0.11459
0.05221
0.94508
0.42433
0.48920
0.16162
0.91558
0.12996
0.34446
0.87995
0.99746
0.98345
0.91335
0.68921
0.71047
0.14968
0.15685
0.26817
0.89900
0.35325
0.69875
0.59284
0.85913
0.95474
0.74482
0.70509
0.18574
0.78523
0.49697
0.11754
0.02501
0.56719
0.12441
0.85473
0.06250
0.14774
0.05297
0.37048
0.87796
0.82805
0.30613
0.72830
0.93346
0.27533
0.97415
0.07003
0.37763
0.51674
0.74317
0.29718
0.46460
0.61712
0.15701
0.12564
0.55704
0.71741
0.21514
0.90342
0.94415
0.66510
0.70297
0.33976
0.76819
0.32843
0.41692
0.60845
0.01146
0.15898
0.16314
0.43471
0.39954
0.05249
0.33202
0.73348
0.28482
0.11430
0.43372
0.31345
0.33351
0.25341
0.80248
0.45138
0.91632
0.59245
0.10902
0.97771
0.80030
0.38945
0.27797
0.49442
0.62871
0.22551
0.62609
0.11895
0.87273
0.05889
0.37122
0.66342
0.85544
0.89024
0.06987
0.14910
0.63698
0.02395
0.44303
0.61415
0.50722
0.86856
0.35199
0.18802
0.89821
0.32213
0.86496
0.72335
0.82427
0.30303
0.07830
0.67724
0.02138
0.77932
0.94235
0.86882
0.65210
0.33935
0.33354
0.80434
0.34040
0.80799
0.14298
0.78100
0.45704
0.48760
0.30735
0.81708
0.12170
0.36641
0.71459
0.74046
0.82294
0.47864
0.67507
0.34778
0.34438
0.32880
0.91874
0.72106
0.99504
0.36200
0.58100
0.18843
0.18560
0.10225
0.16598
0.44659
0.88590
0.81236
0.99056
0.33897
0.34244
0.09148
0.72955
0.15967
0.21475
0.32897
0.45002
0.84037
0.36820
0.39404
0.26639
0.90680
0.17021
0.07423
0.75871
0.98471
0.45858
0.99522
0.99798
0.52071
0.61447
0.36427
0.98584
0.40061
0.65112
0.80529
0.83849
0.49915
0.97478
0.69275
0.26176
0.90247
0.08202
0.91994
0.58258
0.52212
0.34018
0.05217
0.45403
0.51732
0.21013
0.54733
0.64920
0.28712
0.20540
0.33226
0.96728
0.83193
0.13352
0.47623
0.47031
0.43420
0.61830
0.70028
0.88930
0.83155
0.51411
0.38455
0.81312
0.32759
0.24625
0.71765
0.49900
0.89900
0.15237
0.89522
0.70562
0.86151
0.55551
0.31739
0.82957
0.47849
0.56957
0.29155
0.32235
0.53748
0.37071
0.73185
0.99145
0.52659
0.41220
0.65051
0.29856
0.89632
0.24430
0.41255
0.93208
0.59532
0.88327
0.29644
0.60731
0.88132
0.87185
0.17220
0.92165
0.85812
0.91697
0.66445
0.41016
0.63400
0.09804
0.19087
0.77238
0.38453
0.62024
0.56249
0.84964
0.34093
0.49739
0.88568
0.46967
0.26801
0.59971
0.25427
0.91926
0.45800
0.81791
0.66193
0.60350
0.49664
0.45445
0.87384
0.79150
0.14685
0.04450
0.61281
0.35955
0.66243
0.15362
0.99925
0.41724
0.24939
0.39250
0.66162
0.21818
0.85365
0.59553
0.79492
0.32541
0.15952
0.73948
0.44011
0.62969
0.07605
0.58461
0.97237
0.12302
0.06818
0.43930
0.28056
0.40740
0.63280
0.37075
0.02274
0.98443
0.96042
0.84644
0.77057
0.84663
0.22984
0.71765
0.28292
0.92821
0.50790
0.10842
0.36466
0.13463
0.67122
0.54901
0.44608
0.38254
0.05650
0.24572
0.48282
0.21462
0.15341
0.22889
0.99298
0.66919
0.18819
0.92784
0.04875
0.60538
0.92216
0.21724
0.30316
0.40156
0.69605
0.69690
0.11359
0.77737
0.29072
0.04642
0.15905
0.80963
0.97650
0.37197
0.64121
0.68233
0.35807
0.85750
0.10553
0.22778
0.90956
0.09801
0.75178
0.11584
0.01233
0.49637
0.57437
0.38451
0.59655
0.20944
0.29097
0.51824
0.64467
0.74973
0.19088
0.50626
0.80793
0.49643
0.89095
0.08428
0.72431
0.21604
0.04441
0.53719
0.41137
0.50197
0.70582
0.66393
0.53749
0.60212
0.75363
0.52964
0.60433
0.31543
0.57911
0.10835
0.35900
0.41399
0.62502
0.60226
0.89916
0.59146
0.15287
0.20012
0.19968
0.41770
0.97207
0.81851
0.80484
0.83233
0.03231
0.83636
0.84806
0.60196
0.23425
0.03312
0.99522
0.29184
0.72777
0.25656
0.26192
0.65260
0.18308
0.54322
0.25440
0.95011
0.73309
0.96015
0.56150
0.94567
0.18698
0.76392
0.56064
0.58894
0.51765
0.95309
0.81562
0.66525
0.94408
0.20674
0.06585
0.68656
0.63740
0.99456
0.92254
0.04892
0.57173
0.55948
0.46991
0.08406
0.04520
0.78771
0.07598
0.56853
0.04552
0.44972
0.31248
0.21350
0.40180
0.46656
0.87199
0.76677
0.44998
0.06253
0.78145
0.83485
0.54568
0.54433
0.59686
0.42710
0.84045
0.36524
0.26703
0.07284
0.18592
0.07677
0.14625
0.82387
0.69732
0.46819
0.18832
0.73614
0.34589
0.93419
0.23996
0.54269
0.86753
0.94585
0.40728
0.57220
0.27058
0.66786
0.68688
0.89160
0.53962
0.40639
0.85933
0.74068
0.64380
0.77908
0.41042
0.05066
0.60016
0.08423
0.77272
0.02635
0.26770
0.96290
0.18783
0.66084
0.34917
0.60091
0.70880
0.42700
0.89953
0.88762
0.14549
0.46379
0.14783
0.53645
0.52930
0.89298
0.31019
0.06897
0.22936
0.72377
0.64580
0.82327
0.83018
0.68209
0.73610
0.13702
0.89085
0.91758
0.97963
0.82532
0.62612
0.01934
0.10222
0.28418
0.08597
0.53229
0.48008
0.41721
0.87798
0.55831
0.98139
0.73734
0.39945
0.41147
0.99965
0.43090
0.40463
0.80053
0.11375
0.12679
0.23525
0.22407
0.33801
0.00431
0.93753
0.41844
0.64961
0.83335
0.62935
0.58288
0.39678
0.73545
0.06897
0.14506
0.10612
0.88335
0.41232
0.33579
0.97820
0.88786
0.41364
0.94456
0.99325
0.41002
0.69462
0.44508
0.45551
0.24302
0.17274
0.78771
0.07663
0.65023
0.79090
0.83572
0.15070
0.98538
0.46459
0.63488
0.79842
0.14468
0.49512
0.07841
0.83000
0.78058
0.19813
0.93200
0.41831
0.91981
0.49545
0.53213
0.90075
0.37782
0.47214
0.80360
0.93862
0.54761
0.55730
0.96897
0.92960
0.33498
0.83478
0.22898
0.52828
0.89332
0.48742
0.98878
0.62495
0.94128
0.30294
0.15020
0.37708
0.04318
0.01441
0.73640
0.50666
0.58951
0.92659
0.59724
0.53426
0.21583
0.61376
0.93310
0.19982
0.90338
0.18329
0.01684
0.83681
0.93371
0.85191
0.81598
0.79111
0.76219
0.00894
0.82435
0.91869
0.54923
0.65416
0.77342
0.62207
0.88350
0.63957
0.99237
0.38130
0.33833
0.68935
0.56245
0.90505
0.43079
0.01126
0.41549
0.61975
0.40457
0.30301
0.99116
0.01500
0.44312
0.40948
0.60111
0.27342
0.46601
0.23089
0.45046
0.09094
0.81152
0.57746
0.51964
0.01850
0.51237
0.41977
0.02927
0.38733
0.88350
0.66887
0.67561
0.94753
0.15499
0.49414
0.74120
0.47779
0.41142
0.56842
0.94096
0.37153
0.41137
0.24495
0.66257
0.80319
0.68800
0.99334
0.96835
0.54501
0.17667
0.46910
0.26430
0.07511
0.77401
0.87043
0.93930
0.57596
0.43225
0.27622
0.02545
0.29666
0.60213
0.42410
0.46308
0.06387
0.93935
0.36100
0.74519
0.61224
0.26086
0.08454
0.12218
0.17308
0.05998
0.03648
0.47948
0.98092
0.00106
0.27484
0.52189
0.61417
0.15139
0.18703
0.27210
0.01044
0.32516
0.71783
0.68221
0.59852
0.07572
0.55052
0.14836
0.98745
0.16882
0.47460
0.90254
0.93402
0.73615
0.05447
0.44750
0.34100
0.51648
0.25518
0.80465
0.64970
0.47848
0.32604
0.69071
0.10675
0.16919
0.18063
0.25825
0.30579
0.79955
0.72591
0.92960
0.02892
0.26552
0.34123
0.29077
0.02708
0.88949
0.45165
0.03363
0.48475
0.00720
0.04005
0.16551
0.45613
0.18815
0.54039
0.51707
0.56395
0.84953
0.05849
0.84178
0.84932
0.48257
0.34447
0.91247
0.24561
0.79699
0.80033
0.26855
0.14340
0.42626
0.09222
0.56622
0.86270
0.17022
0.08694
0.92562
0.97877
0.10454
0.82209
0.51963
0.23489
0.01046
0.18704
0.38613
0.20429
0.84754
0.13408
0.20537
0.66653
0.80003
0.53217
0.01110
0.02101
0.97969
0.85890
0.34582
0.24719
0.82607
0.12398
0.20917
0.94401
0.03947
0.57867
0.36533
0.80667
0.10704
0.30994
0.86234
0.23067
0.24590
0.78632
0.53351
0.65770
0.02727
0.78148
0.40551
0.29939
0.13642
0.22966
0.47114
0.33484
0.04640
0.72921
0.00014
0.41558
0.75700
0.01632
0.18551
0.76820
0.93088
0.39970
0.94378
0.62162
0.30882
0.02378
0.45835
0.56013
0.51464
0.84502
0.25695
0.60573
0.19944
0.01219
0.18768
0.86937
0.60973
0.02526
0.71429
0.58256
0.72011
0.12723
0.60126
0.13892
0.85814
0.19856
0.50444
0.54490
0.17624
0.82200
0.30384
0.88246
0.68067
0.60390
0.80369
0.85616
0.61343
0.31270
0.02329
0.01239
0.31172
0.74370
0.94254
0.23863
0.99453
0.95262
0.99019
0.82258
0.16222
0.49938
0.12791
0.19323
0.43807
0.66051
0.79904
0.79913
0.45791
0.04408
0.36434
0.74525
0.43532
0.18142
0.18607
0.31332
0.78307
0.08095
0.02953
0.51005
0.09298
0.76075
0.35303
0.38312
0.68987
0.96998
0.99082
0.51222
0.44325
0.55208
0.38426
0.13967
0.28868
0.29532
0.03394
0.17127
0.84436
0.08698
0.63092
0.84049
0.91964
0.14568
0.42156
0.36787
0.71672
0.82237
0.52990
0.75143
0.02581
0.41947
0.88722
0.05761
0.02072
0.67472
0.60974
0.04057
0.90483
0.09473
0.55212
0.78231
0.00697
0.75922
0.78773
0.32735
0.64819
0.93412
0.33223
0.84768
0.20629
0.61991
0.63785
0.23686
0.67049
0.17413
0.86370
0.60410
0.22462
0.51460
0.87645
0.08494
0.63080
0.59505
0.13234
0.54739
0.12743
0.33899
0.58159
0.97419
0.81499
0.59932
0.82792
0.93475
0.22998
0.00685
0.71787
0.87231
0.65541
0.41733
0.45941
0.23272
0.30537
0.97147
0.71490
0.48627
0.15479
0.62534
0.29612
0.40258
0.35768
0.08171
0.55011
0.70833
0.33316
0.70281
0.39805
0.56503
0.28447
0.67916
0.84940
0.55456
0.67535
0.56532
0.79572
0.52750
0.23804
0.36256
0.80480
0.90329
0.54912
0.07914
0.18192
0.20270
0.95693
0.33031
0.61438
0.82737
0.19334
0.79623
0.10447
0.90155
0.30466
0.03934
0.72131
0.61690
0.95158
0.01562
0.76553
0.66832
0.43155
0.36398
0.16751
0.71370
0.04635
0.29770
0.75609
0.68953
0.44032
0.50372
0.96878
0.48611
0.03513
0.00217
0.78710
0.04698
0.16570
0.25989
0.79658
0.26151
0.30128
0.21936
0.26575
0.73073
0.14481
0.47016
0.99408
0.84405
0.71306
0.48763
0.32836
0.59912
0.49723
0.31757
0.32715
0.93570
0.19471
0.12630
0.95951
0.88703
0.75341
0.41689
0.83149
0.10262
0.27591
0.43363
0.27272
0.33194
0.42958
0.72964
0.66455
0.53907
0.70327
0.27085
0.45799
0.74461
0.07962
0.40506
0.93398
0.26504
0.60525
0.29813
0.60571
0.68989
0.15460
0.52703
0.02031
0.05290
0.29042
0.82125
0.90394
0.75210
0.04289
0.40069
0.44545
0.48430
0.88543
0.77664
0.82960
0.69729
0.21275
0.58114
0.79619
0.97742
0.80268
0.47208
0.26973
0.81056
0.45083
0.80363
0.71682
0.48335
0.26174
0.08547
0.12087
0.73945
0.65160
0.55486
0.38983
0.75894
0.79057
0.64575
0.28776
0.25919
0.08565
0.84866
0.81520
0.12281
0.17156
0.46372
0.32373
0.07538
0.71670
0.85169
0.91798
0.03799
0.95447
0.49942
0.22455
0.51565
0.45337
0.55806
0.02081
0.51198
0.07840
0.68619
0.24408
0.47370
0.47779
0.65954
0.51498
0.35897
0.80644
0.21609
0.23213
0.93516
0.49701
0.98429
0.64506
0.31636
0.98470
0.30787
0.23406
0.24621
0.04035
0.49191
0.51766
0.30813
0.48930
0.28049
0.64890
0.52902
0.08021
0.56238
0.74452
0.75445
0.17668
0.02458
0.03012
0.51819
0.67775
0.47689
0.93556
0.75025
0.19329
0.38953
0.66990
0.22662
0.77345
0.19474
0.07734
0.85763
0.34351
0.84295
0.27109
0.15598
0.03608
0.06401
0.69426
0.01109
0.79812
0.47434
0.00551
0.67791
0.83946
0.67022
0.49256
0.67062
0.28453
0.81870
0.95265
0.19244
0.70824
0.10364
0.74362
0.59240
0.20251
0.48957
0.64652
0.09452
0.69132
0.97168
0.49618
0.93327
0.64976
0.58965
0.21761
0.32904
0.37342
0.20820
0.32769
0.59214
0.67576
0.24270
0.74181
0.19369
0.49663
0.45130
0.05566
0.93607
0.68235
0.61305
0.08211
0.49339
0.98517
0.84778
0.12258
0.56426
0.49875
0.24850
0.68606
0.62587
0.53464
0.68226
0.62400
0.28995
0.88940
0.70693
0.45824
0.24918
0.07516
0.21710
0.83149
0.95347
0.00544
0.06166
0.09445
0.48438
0.38142
0.03351
0.11831
0.89455
0.50129
0.33087
0.76255
0.12835
0.42495
0.32497
0.88060
0.99344
0.49944
0.60871
0.45605
0.79041
0.50850
0.26249
0.32713
0.73668
0.63518
0.14167
0.88701
0.67142
0.93442
0.84873
0.87474
0.30615
0.45928
0.84831
0.07744
0.83231
0.53928
0.06780
0.66238
0.81103
0.80504
0.69238
0.10512
0.37680
0.01240
0.87865
0.94760
0.68131
0.99851
0.06438
0.79974
0.91493
0.18036
0.99519
0.61632
0.48911
0.26465
0.33517
0.62435
0.43659
0.13004
0.48235
0.48240
0.09124
0.17743
0.30733
0.06414
0.21736
0.10880
0.58984
0.27641
0.94271
0.65831
0.41603
0.21183
0.05871
0.42330
0.47820
0.65114
0.79617
0.12974
0.41934
0.06881
0.14817
0.41407
0.62988
0.03123
0.70214
0.75115
0.28066
0.58106
0.95452
0.11371
0.30320
0.23532
0.73548
0.04303
0.38661
0.11813
0.65292
0.62723
0.10394
0.59623
0.20305
0.54829
0.76621
0.80109
0.93918
0.46514
0.11954
0.69272
0.14172
0.36179
0.39841
0.01214
0.97674
0.40314
0.19989
0.23326
0.91300
0.77306
0.28844
0.38738
0.66072
0.28459
0.48743
0.44136
0.40674
0.22218
0.84691
0.66786
0.58982
0.73084
0.26595
0.02875
0.01381
0.89294
0.65174
0.50174
0.07054
0.32990
0.08401
0.27625
0.51506
0.97834
0.25337
0.54022
0.26128
0.44433
0.93241
0.02022
0.97941
0.64647
0.94033
0.04093
0.20605
0.37854
0.57872
0.91307
0.05270
0.24592
0.92927
0.43386
0.03394
0.96582
0.15144
0.61996
0.61861
0.17266
0.46568
0.37229
0.57616
0.81006
0.87208
0.72982
0.86273
0.66252
0.62446
0.83038
0.37890
0.59664
0.55389
0.13785
0.49261
0.52600
0.78935
0.88602
0.84440
0.34495
0.06907
0.65687
0.27403
0.58702
0.69992
0.06724
0.06729
0.73786
0.07228
0.80281
0.70540
0.12599
0.25963
0.33290
0.05709
0.48105
0.16792
0.23134
0.98426
0.35038
0.36203
0.64831
0.50365
0.62192
0.00234
0.54182
0.30327
0.95742
0.73179
0.16648
0.60437
0.80426
0.44727
0.68025
0.95065
0.03687
0.49365
0.00446
0.23214
0.32642
0.93142
0.53973
0.14193
0.88651
0.52508
0.11499
0.93739
0.49195
0.13663
0.40515
0.12901
0.62410
0.35588
0.65408
0.10374
0.83591
0.70335
0.16202
0.00265
0.04008
0.75966
0.62601
0.30879
0.43726
0.09070
0.85106
0.54104
0.74316
0.20330
0.67606
0.30614
0.02242
0.38009
0.48875
0.96035
0.49761
0.78152
0.19133
0.04830
0.55150
0.87138
0.51988
0.23300
0.96028
0.05801
0.33883
0.05283
0.35792
0.95333
0.15905
0.25732
0.88100
0.41892
0.92948
0.41660
0.78964
0.41636
0.14689
0.79657
0.99850
0.54185
0.48541
0.64548
0.53770
0.44603
0.51873
0.97131
0.97050
0.65529
0.89827
0.78892
0.78924
0.07231
0.54518
0.08001
0.54833
0.25289
0.18767
0.12348
0.96591
0.86415
0.48626
0.58158
0.18198
0.51825
0.78190
0.97421
0.73794
0.83108
0.93442
0.62286
0.42327
0.08176
0.40436
0.50265
0.01933
0.20146
0.30792
0.33318
0.74478
0.06809
0.28939
0.56414
0.68272
0.97524
0.17006
0.82879
0.66999
0.45537
0.24711
0.66064
0.03487
0.42973
0.06854
0.45695
0.46896
0.34773
0.30303
0.45233
0.78683
0.76922
0.01453
0.30763
0.30493
0.22132
0.68119
0.33069
0.64585
0.93745
0.13003
0.91064
0.19753
0.20771
0.01305
0.22694
0.50325
0.68788
0.05121
0.79276
0.88379
0.35547
0.64327
0.46164
0.86293
0.29723
0.76087
0.92227
0.52055
0.75980
0.29267
0.81418
0.28829
0.59786
0.81253
0.75649
0.29431
0.10879
0.31532
0.58968
0.03019
0.45583
0.64950
0.80638
0.08655
0.55202
0.87297
0.95404
0.89918
0.85757
0.45206
0.10056
0.45027
0.77740
0.46289
0.59728
0.01201
0.62154
0.34079
0.36981
0.29289
0.05453
0.98122
0.78571
0.51720
0.85110
0.29095
0.24003
0.51947
0.32823
0.04592
0.36960
0.07763
0.44089
0.50146
0.95640
0.73216
0.38800
0.42924
0.36826
0.79567
0.39135
0.69052
0.50504
0.05121
0.64297
0.13959
0.93115
0.55208
0.30548
0.46008
0.97846
0.73741
0.69050
0.98078
0.09008
0.56200
0.34654
0.44307
0.33789
0.95917
0.44196
0.39153
0.42027
0.20837
0.93715
0.01772
0.49180
0.33956
0.18991
0.78546
0.03988
0.08158
0.63125
0.66029
0.61893
0.43860
0.47182
0.78986
0.72698
0.35729
0.81801
0.02557
0.49576
0.29425
0.08649
0.84879
0.25792
0.64352
0.09158
0.34537
0.84252
0.72944
0.63352
0.19859
0.92560
0.99397
0.44249
0.54225
0.78357
0.61009
0.50986
0.91847
0.86749
0.04908
0.85877
0.21009
0.55070
0.60706
0.28368
0.25821
0.50208
0.88930
0.22911
0.93723
0.44368
0.57899
0.75475
0.15289
0.02031
0.20640
0.04037
0.36828
0.66526
0.35273
0.77214
0.02983
0.09671
0.85900
0.15197
0.87259
0.56893
0.86515
0.15232
0.44388
0.53034
0.21474
0.60021
0.36865
0.60298
0.05753
0.47133
0.95436
0.90673
0.66512
0.79204
0.07293
0.41564
0.04531
0.43551
0.48612
0.95894
0.78101
0.30059
0.45928
0.31502
0.72773
0.66618
0.74088
0.52795
0.26992
0.03498
0.49786
0.77677
0.08395
0.49892
0.35615
0.88552
0.74880
0.24808
0.19532
0.58434
0.51378
0.63111
0.22676
0.52436
0.82283
0.98130
0.59310
0.70844
0.02036
0.80539
0.27458
0.77692
0.69414
0.48633
0.23464
0.03560
0.83291
0.06191
0.21269
0.83170
0.92025
0.52112
0.75039
0.95767
0.55755
0.24279
0.47446
0.82452
0.37588
0.97419
0.64510
0.30851
0.72392
0.54166
0.41816
0.16068
0.49059
0.36419
0.25682
0.36270
0.35774
0.21998
0.96612
0.33250
0.89080
0.11291
0.70287
0.62045
0.92899
0.76120
0.22679
0.35525
0.56380
0.03683
0.08677
0.12487
0.86354
0.20875
0.37052
0.55501
0.04306
0.02403
0.84758
0.65632
0.34375
0.26343
0.90270
0.83826
0.50936
0.36491
0.48082
0.22519
0.57726
0.41911
0.50794
0.94654
0.35053
0.29410
0.55310
0.82503
0.66577
0.19574
0.47941
0.27438
0.51235
0.43663
0.86533
0.95229
0.59505
0.37717
0.05741
0.69846
0.98154
0.36142
0.39447
0.80722
0.22640
0.41843
0.50645
0.55988
0.63180
0.48572
0.18580
0.29625
0.79805
0.67571
0.00274
0.45098
0.90640
0.33881
0.93565
0.21038
0.49790
0.41747
0.70461
0.83380
0.92642
0.00583
0.51637
0.48166
0.30190
0.59763
0.37244
0.76646
0.05848
0.88718
0.46698
0.29750
0.89251
0.88218
0.61143
0.19346
0.42015
0.46537
0.81922
0.76512
0.45936
0.45260
0.18702
0.97998
0.77978
0.75451
0.99160
0.73466
0.61941
0.52925
0.58818
0.53013
0.44523
0.32127
0.81583
0.52171
0.17957
0.90947
0.36488
0.68617
0.28094
0.68001
0.53011
0.28698
0.73341
0.38490
0.07791
0.96100
0.26482
0.58872
0.88307
0.54099
0.68574
0.12074
0.20814
0.47260
0.64739
0.65773
0.17325
0.76785
0.15698
0.83433
0.78416
0.71604
0.25718
0.67203
0.61459
0.99231
0.45313
0.52854
0.47432
0.80756
0.10789
0.77143
0.55083
0.56088
0.75035
0.65266
0.17703
0.22336
0.50087
0.39585
0.05407
0.07618
0.51960
0.88647
0.90931
0.75786
0.01631
0.11355
0.29444
0.68598
0.78271
0.57404
0.25455
0.20873
0.20661
0.42743
0.46939
0.60578
0.49562
0.78801
0.38154
0.77638
0.51517
0.43141
0.77954
0.96435
0.69988
0.18620
0.11491
0.80869
0.43351
0.45507
0.89823
0.87774
0.09063
0.94726
0.80572
0.40162
0.49435
0.05046
0.11999
0.42032
0.36680
0.12795
0.94521
0.02132
0.01142
0.72447
0.70439
0.29194
0.32585
0.03758
0.12752
0.65100
0.46665
0.09486
0.09129
0.41571
0.81704
0.10542
0.63916
0.88372
0.31727
0.44900
0.00946
0.24578
0.33646
0.12672
0.80464
0.73215
0.00914
0.04136
0.93190
0.42431
0.38709
0.08965
0.03213
0.47253
0.00715
0.50174
0.91390
0.13105
0.94634
0.22739
0.55455
0.57443
0.44150
0.86087
0.65512
0.79855
0.73162
0.82721
0.06898
0.98410
0.21556
0.18974
0.84418
0.87739
0.67993
0.15051
0.56178
0.68121
0.40715
0.71894
0.09285
0.31239
0.46526
0.16758
0.81521
0.94954
0.72748
0.97042
0.75126
0.05700
0.54549
0.60773
0.97204
0.74971
0.19535
0.32535
0.32960
0.49882
0.73317
0.03704
0.81223
0.32779
0.24825
0.15455
0.85412
0.02561
0.52745
0.64691
0.64169
0.88130
0.02210
0.21863
0.17607
0.95918
0.60657
0.87471
0.19475
0.26528
0.13377
0.95446
0.32225
0.00691
0.00998
0.24020
0.94294
0.79120
0.24522
0.75378
0.51497
0.61438
0.97962
0.91802
0.11647
0.67895
0.73873
0.88703
0.25514
0.76140
0.21076
0.12054
0.23351
0.40941
0.52382
0.19373
0.72707
0.78922
0.57276
0.96467
0.05800
0.46978
0.75143
0.81907
0.34640
0.45668
0.06975
0.20683
0.80183
0.73109
0.21361
0.03758
0.62921
0.56069
0.50510
0.34294
0.83368
0.53244
0.91071
0.12529
0.28703
0.61937
0.20993
0.99472
0.25838
0.25054
0.94585
0.11739
0.95968
0.69441
0.68292
0.05049
0.56412
0.31525
0.11852
0.36961
0.32462
0.00894
0.01605
0.38191
0.41596
0.69107
0.99299
0.08969
0.69881
0.52404
0.83558
0.37330
0.62707
0.72006
0.34515
0.11053
0.37609
0.44161
0.81510
0.70283
0.40935
0.48374
0.22370
0.33336
0.26928
0.96726
0.55841
0.36706
0.04463
0.99452
0.21722
0.05705
0.09962
0.21020
0.41214
0.92798
0.89271
0.65380
0.96260
0.77503
0.99160
0.75751
0.42274
0.64977
0.06914
0.04323
0.32964
0.71106
0.03134
0.25697
0.35111
0.14045
0.59144
0.52398
0.23683
0.34465
0.37458
0.07979
0.17538
0.24616
0.25554
0.61821
0.57640
0.39773
0.40745
0.11553
0.24110
0.64161
0.52561
0.69787
0.37388
0.17710
0.19725
0.32122
0.48546
0.46618
0.43519
0.14419
0.69131
0.42565
0.77698
0.40389
0.34603
0.00911
0.72378
0.54910
0.77024
0.56884
0.20339
0.82029
0.36197
0.91130
0.19083
0.97529
0.21481
0.73146
0.20603
0.21117
0.98662
0.04112
0.01123
0.06142
0.27101
0.21678
0.09841
0.84060
0.38842
0.38547
0.00306
0.14555
0.51495
0.04052
0.82136
0.14321
0.76078
0.29916
0.13124
0.10709
0.33424
0.41227
0.39934
0.88125
0.84470
0.61315
0.57204
0.67251
0.27479
0.48743
0.06035
0.05449
0.21611
0.35317
0.61913
0.36322
0.14263
0.60973
0.94222
0.29899
0.80767
0.06290
0.77175
0.56671
0.13261
0.99039
0.05990
0.09821
0.37720
0.96785
0.88045
0.25058
0.75088
0.63803
0.08873
0.03785
0.60122
0.95428
0.99195
0.97146
0.25987
0.55164
0.64969
0.98698
0.74380
0.15584
0.50853
0.88801
0.70313
0.81410
0.31744
0.82842
0.63168
0.20736
0.47073
0.90685
0.22247
0.98192
0.04211
0.50294
0.73713
0.74165
0.19733
0.06403
0.71065
0.35748
0.81015
0.26017
0.93453
0.78168
0.62333
0.00908
0.03831
0.18063
0.25604
0.38208
0.13322
0.80071
0.13768
0.22479
0.56975
0.36859
0.51399
0.90746
0.85752
0.87005
0.03924
0.89079
0.55253
0.19073
0.03467
0.60618
0.82232
0.46342
0.24586
0.08353
0.84418
0.78469
0.88692
0.68306
0.97050
0.15686
0.58595
0.71459
0.86560
0.88727
0.94199
0.07393
0.31560
0.27627
0.67522
0.44241
0.38566
0.94274
0.76240
0.16345
0.37128
0.34830
0.32285
0.68380
0.55757
0.40053
0.16316
0.63436
0.65653
0.06591
0.50055
0.99620
0.28666
0.74363
0.25546
0.81349
0.26198
0.42351
0.17521
0.96723
0.13584
0.69654
0.97208
0.36192
0.60265
0.27895
0.56613
0.20580
0.16330
0.16372
0.49763
0.14300
0.75249
0.02223
0.68645
0.72503
0.55971
0.51498
0.97778
0.48712
0.52320
0.09029
0.82934
0.91611
0.30086
0.26820
0.35364
0.52569
0.05011
0.55055
0.64601
0.02720
0.98657
0.52335
0.27800
0.83894
0.10247
0.77588
0.40468
0.68048
0.63402
0.05504
0.15536
0.11643
0.37876
0.09280
0.97125
0.66375
0.34046
0.10364
0.43380
0.12374
0.59691
0.79229
0.20003
0.78833
0.10953
0.97800
0.78368
0.65876
0.15706
0.39430
0.95741
0.29541
0.38349
0.26243
0.91514
0.17580
0.28463
0.82893
0.01561
0.15169
0.58297
0.60807
0.12969
0.89984
0.43062
0.04162
0.01551
0.27284
0.46493
0.94928
0.15572
0.36625
0.40202
0.31353
0.94984
0.89661
0.34970
0.41787
0.85891
0.12906
0.22497
0.62695
0.08356
0.28781
0.32121
0.81529
0.55477
0.84854
0.35035
0.18931
0.76408
0.31929
0.62529
0.13122
0.90939
0.22260
0.33409
0.88561
0.84735
0.48721
0.40984
0.87820
0.14780
0.27605
0.71508
0.74202
0.16487
0.87325
0.18875
0.46954
0.38001
0.68750
0.81600
0.20644
0.30868
0.20603
0.37285
0.85944
0.53161
0.72804
0.16736
0.12448
0.44059
0.68802
0.84983
0.70454
0.85361
0.20456
0.79383
0.39808
0.51523
0.69133
0.33121
0.64485
0.78049
0.80877
0.59945
0.22934
0.54392
0.81036
0.72735
0.94633
0.15816
0.22841
0.51440
0.59991
0.84144
0.52014
0.48509
0.72152
0.07256
0.25878
0.74042
0.55474
0.82412
0.15073
0.10786
0.24270
0.27543
0.36398
0.54078
0.49871
0.48630
0.63868
0.43717
0.04958
0.33263
0.82313
0.76066
0.48175
0.36477
0.33223
0.51163
0.09287
0.81217
0.32809
0.72842
0.76288
0.95711
0.75612
0.13988
0.72082
0.70196
0.20383
0.18662
0.60719
0.64208
0.21809
0.61005
0.06988
0.79802
0.58197
0.80746
0.07159
0.84295
0.29354
0.59278
0.90522
0.29996
0.64376
0.64914
0.03541
0.53814
0.00862
0.34578
0.35298
0.50169
0.46517
0.73967
0.98402
0.67009
0.84383
0.93737
0.12297
0.11796
0.69698
0.79929
0.19542
0.81713
0.27670
0.65141
0.65214
0.36140
0.19343
0.00427
0.98014
0.85974
0.13677
0.12775
0.46979
0.77536
0.62439
0.75930
0.96505
0.33155
0.60100
0.31568
0.05932
0.10223
0.71207
0.57882
0.44116
0.32618
0.06625
0.94428
0.24008
0.56714
0.42269
0.30856
0.98385
0.37175
0.16358
0.66690
0.57792
0.91397
0.19722
0.47874
0.78173
0.52561
0.16336
0.69713
0.28231
0.54173
0.72789
0.16411
0.33518
0.59945
0.65708
0.15299
0.06869
0.30759
0.27365
0.82787
0.33257
0.26801
0.05963
0.44897
0.40427
0.01830
0.74454
0.74729
0.60059
0.79093
0.82869
0.81087
0.04959
0.48964
0.74384
0.11345
0.74896
0.32416
0.30385
0.24737
0.17878
0.86431
0.37491
0.11378
0.52708
0.01605
0.76490
0.00360
0.85834
0.35385
0.55075
0.08398
0.36291
0.65119
0.96386
0.50395
0.43290
0.37834
0.16242
0.67151
0.42762
0.27710
0.46491
0.44447
0.44599
0.96802
0.56815
0.38872
0.32024
0.60467
0.36257
0.85951
0.45737
0.68986
0.00562
0.93307
0.38367
0.02380
0.74475
0.02601
0.54653
0.87830
0.96320
0.05306
0.87438
0.38199
0.80969
0.33317
0.45599
0.69471
0.74371
0.89117
0.16249
0.18836
0.95304
0.51758
0.63017
0.85015
0.79816
0.65556
0.50629
0.90924
0.17420
0.98516
0.31511
0.76170
0.45280
0.62719
0.60718
0.52121
0.70532
0.13292
0.85763
0.92871
0.52303
0.34942
0.93029
0.79647
0.16924
0.78309
0.26602
0.86840
0.65780
0.08727
0.70957
0.73768
0.12911
0.98147
0.00431
0.04184
0.17277
0.78628
0.91452
0.94840
0.77040
0.74666
0.63242
0.91037
0.15449
0.26660
0.03069
0.63682
0.44784
0.22607
0.53983
0.65651
0.81747
0.21435
0.96465
0.66313
0.71905
0.41457
0.30805
0.89984
0.06142
0.38432
0.63560
0.18250
0.49066
0.28312
0.42241
0.21430
0.73477
0.70638
0.88652
0.55781
0.99266
0.05160
0.40367
0.35562
0.62924
0.79826
0.15925
0.96990
0.13095
0.61589
0.43296
0.08984
0.11276
0.42836
0.28381
0.34510
0.20895
0.96697
0.46034
0.80021
0.92331
0.26371
0.05725
0.99211
0.22542
0.64559
0.39592
0.68118
0.10099
0.06808
0.23171
0.53862
0.22607
0.29093
0.85358
0.14244
0.36034
0.16612
0.46419
0.27805
0.21967
0.07073
0.83160
0.36958
0.08258
0.76470
0.78814
0.19028
0.48771
0.10650
0.10722
0.10830
0.88669
0.83613
0.40626
0.67574
0.82622
0.41415
0.51976
0.67231
0.90453
0.56764
0.21685
0.02402
0.02335
0.03425
0.10394
0.12571
0.98562
0.39155
0.45701
0.08071
0.10345
0.21652
0.69420
0.58900
0.08108
0.30044
0.21295
0.62139
0.51443
0.53007
0.63618
0.55861
0.78059
0.97154
0.43785
0.73267
0.00090
0.65376
0.28842
0.21921
0.81566
0.93363
0.96613
0.61077
0.88170
0.41259
0.25745
0.59342
0.00821
0.66104
0.36693
0.92113
0.16529
0.51731
0.83328
0.49583
0.24175
0.67041
0.14497
0.32565
0.70084
0.16982
0.20101
0.30683
0.38851
0.50272
0.56988
0.98218
0.19209
0.92120
0.73343
0.18435
0.67109
0.66827
0.48898
0.64886
0.80116
0.34664
0.92407
0.49728
0.55398
0.55872
0.07246
0.34197
0.44541
0.61393
0.77131
0.60729
0.64617
0.41524
0.44869
0.08410
0.60675
0.23604
0.02297
0.53235
0.91050
0.65433
0.90769
0.13273
0.64357
0.32816
0.56452
0.24398
0.87182
0.42089
0.46886
0.48304
0.77099
0.27954
0.39162
0.48719
0.00978
0.62702
0.18451
0.28063
0.10205
0.02547
0.70624
0.94109
0.71491
0.90772
0.37346
0.43184
0.95760
0.15707
0.96109
0.43462
0.43039
0.64051
0.71758
0.22885
0.62118
0.14977
0.14074
0.33898
0.42580
0.28745
0.08244
0.50485
0.77999
0.09363
0.33739
0.73346
0.13276
0.76125
0.60471
0.50174
0.37145
0.33357
0.36831
0.01248
0.08801
0.88398
0.09269
0.26021
0.22528
0.43267
0.72802
0.74340
0.77673
0.23768
0.31225
0.64110
0.67134
0.21925
0.52020
0.03300
0.48668
0.45827
0.61649
0.34287
0.37906
0.72129
0.94661
0.73437
0.31700
0.43670
0.48375
0.55658
0.54072
0.87061
0.13012
0.22743
0.09998
0.94202
0.58649
0.15260
0.80102
0.33250
0.29259
0.74421
0.79528
0.03663
0.37118
0.49159
0.75449
0.93294
0.00831
0.14832
0.25628
0.85789
0.38109
0.48143
0.94820
0.25456
0.48676
0.59159
0.38045
0.09683
0.67097
0.98886
0.19852
0.87626
0.39500
0.67146
0.77750
0.74503
0.47844
0.58211
0.38423
0.83938
0.25946
0.10774
0.52504
0.33358
0.94263
0.46505
0.49393
0.88286
0.04732
0.48304
0.30983
0.49367
0.57278
0.27051
0.72973
0.39426
0.28444
0.22725
0.03281
0.11819
0.20916
0.78268
0.11171
0.80711
0.91659
0.92979
0.01084
0.34106
0.31762
0.38134
0.21345
0.50390
0.70355
0.14140
0.68802
0.82982
0.42708
0.43069
0.96568
0.39800
0.67989
0.47205
0.12839
0.84356
0.73131
0.42895
0.37825
0.94120
0.50847
0.61176
0.10128
0.52357
0.34970
0.18152
0.69732
0.70474
0.22374
0.29698
0.17603
0.52610
0.76853
0.58753
0.57255
0.97403
0.14687
0.86962
0.57827
0.12994
0.94172
0.11925
0.48632
0.35124
0.35753
0.08689
0.17514
0.06969
0.41585
0.40126
0.88658
0.03501
0.78235
0.24892
0.44031
0.01881
0.25178
0.64644
0.45395
0.88313
0.48516
0.35918
0.42596
0.84951
0.72531
0.74096
0.02931
0.61676
0.42812
0.42473
0.90840
0.04738
0.26500
0.55950
0.31952
0.66240
0.67486
0.21508
0.11448
0.47255
0.57451
0.93514
0.58234
0.81199
0.09335
0.81987
0.95892
0.61160
0.74172
0.93422
0.69793
0.84662
0.84067
0.41816
0.75610
0.62953
0.32587
0.18257
0.18838
0.47965
0.23602
0.96805
0.24726
0.14574
0.08630
0.69723
0.37160
0.51562
0.48914
0.49987
0.63834
0.17592
0.57116
0.84119
0.42351
0.73207
0.08344
0.07657
0.71382
0.64908
0.62835
0.89252
0.94326
0.66833
0.29955
0.13806
0.28500
0.29247
0.10861
0.92929
0.55680
0.78506
0.96860
0.90271
0.18423
0.80335
0.44674
0.65679
0.45319
0.92008
0.70409
0.15422
0.15460
0.49285
0.21750
0.77606
0.55739
0.73017
0.58496
0.83287
0.82351
0.13740
0.50804
0.25925
0.38775
0.79185
0.12121
0.77839
0.90949
0.96733
0.63143
0.43084
0.18317
0.06837
0.99434
0.48953
0.31102
0.85607
0.64782
0.92777
0.38345
0.42292
0.03845
0.99739
0.39658
0.44197
0.72863
0.84389
0.26442
0.04297
0.20190
0.87613
0.15932
0.14421
0.67107
0.37431
0.83280
0.74180
0.02011
0.11767
0.24367
0.64915
0.09730
0.65007
0.69861
0.57790
0.82968
0.71886
0.69687
0.35396
0.92129
0.12804
0.21104
0.22041
0.36957
0.47201
0.29615
0.15095
0.75844
0.42550
0.42397
0.60274
0.02423
0.63497
0.15169
0.10611
0.57356
0.14911
0.71540
0.18273
0.45246
0.28885
0.07703
0.46042
0.17971
0.89525
0.02845
0.54018
0.39760
0.95530
0.85086
0.58416
0.70405
0.46716
0.82278
0.51088
0.28168
0.27069
0.60299
0.03188
0.54256
0.31812
0.28671
0.67795
0.93296
0.68916
0.86599
0.70792
0.56535
0.92719
0.73659
0.96641
0.69346
0.66341
0.18188
0.62220
0.40439
0.27535
0.29208
0.49515
0.58312
0.18901
0.07453
0.08083
0.65916
0.85211
0.89283
0.28919
0.54187
0.28711
0.29453
0.67799
0.47810
0.86477
0.96077
0.76912
0.44865
0.73528
0.20481
0.14169
0.76009
0.02402
0.63042
0.02715
0.63467
0.82623
0.40919
0.46532
0.21869
0.87021
0.31426
0.21918
0.82871
0.91038
0.53228
0.13974
0.22907
0.29763
0.08842
0.90064
0.34258
0.10146
0.11342
0.37429
0.91278
0.39855
0.33593
0.29396
0.77213
0.40034
0.63949
0.80718
0.05585
0.77785
0.14954
0.73726
0.08853
0.30040
0.83680
0.19192
0.04555
0.61134
0.08162
0.57949
0.04189
0.58958
0.58396
0.91244
0.93774
0.49251
0.32378
0.74063
0.20631
0.17434
0.81592
0.41831
0.95475
0.84836
0.00806
0.56189
0.98163
0.09666
0.52781
0.32117
0.24017
0.68760
0.85415
0.19066
0.75933
0.19960
0.69844
0.39906
0.81217
0.25534
0.49099
0.33104
0.57976
0.77030
0.13604
0.61848
0.49272
0.04436
0.45535
0.13748
0.18311
0.36668
0.99426
0.01361
0.96352
0.72355
0.72965
0.64374
0.86127
0.70547
0.11478
0.81619
0.19873
0.54314
0.23454
0.44114
0.82033
0.27623
0.50199
0.63578
0.25987
0.99051
0.89428
0.21308
0.09181
0.14763
0.12882
0.47656
0.74692
0.16845
0.23573
0.62235
0.85695
0.25891
0.81822
0.56209
0.59242
0.96849
0.64512
0.86995
0.10897
0.04689
0.22985
0.28829
0.79835
0.64678
0.63373
0.57359
0.52277
0.89792
0.63793
0.21086
0.44483
0.55614
0.80728
0.99178
0.50833
0.99094
0.43392
0.49059
0.58448
0.69714
0.47881
0.48922
0.71029
0.84867
0.64846
0.80881
0.17607
0.97809
0.84275
0.46317
0.37468
0.63786
0.26017
0.35012
0.30521
0.40437
0.68444
0.16239
0.11820
0.40627
0.70086
0.92558
0.36490
0.11728
0.50390
0.63433
0.83297
0.00007
0.83278
0.14958
0.60985
0.68183
0.67174
0.04006
0.92840
0.35663
0.90271
0.81481
0.02883
0.74508
0.90763
0.63378
0.64157
0.13450
0.70371
0.05345
0.00086
0.26261
0.45533
0.81203
0.51073
0.00833
0.86818
0.59870
0.87737
0.12915
0.58280
0.82568
0.20662
0.74178
0.77264
0.44817
0.88008
0.33237
0.76648
0.64437
0.98666
0.53455
0.65548
0.55408
0.89982
0.35783
0.97432
0.12445
0.48190
0.72212
0.04551
0.89065
0.44169
0.84470
0.81960
0.04673
0.64467
0.63809
0.91476
0.50377
0.19051
0.47334
0.67888
0.80918
0.62446
0.32100
0.39084
0.55897
0.32943
0.55127
0.37386
0.82112
0.14064
0.70467
0.16736
0.63355
0.52597
0.39556
0.92449
0.61960
0.12280
0.64257
0.35289
0.77317
0.44829
0.51388
0.34230
0.77390
0.52296
0.83434
0.15621
0.03411
0.92744
0.03600
0.81534
0.81607
0.86508
0.38540
0.31054
0.28128
0.13880
0.47776
0.37899
0.00814
0.40132
0.15140
0.90738
0.50823
0.39358
0.36694
0.26091
0.31147
0.83373
0.52221
0.56369
0.83328
0.51074
0.53242
0.71953
0.83802
0.93775
0.37128
0.17226
0.46895
0.44930
0.18366
0.45317
0.06038
0.68228
0.06878
0.39726
0.64933
0.46342
0.16253
0.92892
0.38833
0.51017
0.34787
0.49993
0.37484
0.48129
0.49398
0.60369
0.68914
0.56146
0.04740
0.80171
0.26588
0.43818
0.01240
0.72699
0.32083
0.88500
0.50620
0.42748
0.25881
0.92194
0.05521
0.82508
0.20761
0.19122
0.97493
0.30217
0.04506
0.29293
0.59576
0.72307
0.31726
0.40681
0.83905
0.18052
0.53102
0.61482
0.78458
0.30673
0.41506
0.07593
0.10744
0.23567
0.40446
0.64801
0.62274
0.97538
0.10738
0.98377
0.67227
0.32349
0.48626
0.03217
0.54125
0.11127
0.02591
0.19162
0.12457
0.71329
0.80908
0.95558
0.75757
0.29350
0.71992
0.20110
0.75473
0.04382
0.04216
0.02723
0.47313
0.12944
0.24515
0.88280
0.56020
0.90768
0.12701
0.44786
0.13631
0.22268
0.77488
0.85236
0.59975
0.03998
0.06936
0.68961
0.17446
0.63391
0.53057
0.57389
0.55505
0.13451
0.65134
0.64875
0.30070
0.23877
0.23309
0.97905
0.74675
0.26553
0.65005
0.58756
0.38523
0.56388
0.33875
0.10961
0.36197
0.13709
0.86531
0.18395
0.48375
0.02064
0.96345
0.18727
0.44618
0.88676
0.62535
0.10221
0.38570
0.54210
0.77380
0.71039
0.60878
0.42793
0.88212
0.40202
0.46983
0.75718
0.12047
0.21737
0.56765
0.08791
0.67072
0.64823
0.57258
0.35703
0.07441
0.33883
0.78080
0.34533
0.55397
0.70587
0.70390
0.24588
0.69288
0.60369
0.43392
0.09225
0.33205
0.10664
0.01907
0.28610
0.09231
0.38706
0.41589
0.84510
0.98452
0.61889
0.46861
0.96881
0.69372
0.30891
0.25506
0.30716
0.14314
0.16420
0.12490
0.84478
0.70583
0.21415
0.82924
0.66793
0.90999
0.16290
0.49868
0.32271
0.61544
0.48438
0.93024
0.18111
0.89397
0.26169
0.52430
0.97871
0.68067
0.73046
0.73706
0.07701
0.04831
0.12286
0.31072
0.00232
0.65577
0.05527
0.30386
0.60231
0.79673
0.09584
0.13041
0.21866
0.38409
0.28685
0.39943
0.20219
0.67687
0.17536
0.14148
0.80790
0.83915
0.35913
0.65119
0.40741
0.65901
0.54115
0.72102
0.99219
0.06326
0.87040
0.65330
0.58668
0.72892
0.53524
0.63800
0.89946
0.41828
0.99502
0.50547
0.36926
0.32455
0.51290
0.84577
0.06226
0.50793
0.09925
0.69360
0.68808
0.30676
0.50887
0.02625
0.32132
0.79568
0.92293
0.25316
0.45390
0.33415
0.70958
0.71110
0.98126
0.80331
0.28995
0.73904
0.96250
0.06715
0.99617
0.74220
0.92029
0.20888
0.63406
0.07007
0.85484
0.90045
0.66330
0.80553
0.96216
0.07863
0.48399
0.29058
0.71614
0.83849
0.44795
0.05270
0.89318
0.02022
0.56281
0.88579
0.13152
0.48866
0.84610
0.77734
0.34266
0.29208
0.17993
0.46686
0.15470
0.23075
0.83367
0.75158
0.04655
0.68706
0.36166
0.85330
0.76160
0.50167
0.57062
0.36647
0.38040
0.17351
0.98312
0.10194
0.88068
0.08890
0.58928
0.60804
0.47790
0.56089
0.37566
0.92351
0.42415
0.56529
0.91809
0.26755
0.46845
0.16514
0.88287
0.93415
0.83113
0.77024
0.90444
0.88120
0.92339
0.37202
0.94892
0.69203
0.04477
0.09036
0.06489
0.49464
0.30567
0.47882
0.23315
0.04987
0.44291
0.13148
0.00969
0.72854
0.74213
0.95333
0.74355
0.67222
0.07278
0.70193
0.48971
0.26517
0.33443
0.69529
0.82441
0.84759
0.33573
0.34313
0.15479
0.77652
0.81616
0.47458
0.20103
0.41088
0.25965
0.96596
0.27623
0.92509
0.93052
0.00621
0.48291
0.82607
0.07505
0.45023
0.73705
0.84435
0.78423
0.11460
0.83354
0.96248
0.62071
0.53364
0.57727
0.12219
0.24015
0.44835
0.09287
0.12234
0.51820
0.10196
0.43881
0.25169
0.29978
0.67689
0.90529
0.20092
0.64717
0.77357
0.73619
0.65343
0.54825
0.76217
0.77016
0.74299
0.82172
0.41108
0.12901
0.79350
0.06060
0.53242
0.34586
0.59203
0.83134
0.75211
0.52498
0.59886
0.56516
0.35314
0.73431
0.10568
0.29350
0.30717
0.58105
0.69881
0.95505
0.59248
0.06290
0.19765
0.06980
0.91266
0.37761
0.75327
0.05097
0.00877
0.49420
0.58272
0.82485
0.94836
0.19970
0.28229
0.98701
0.36632
0.27032
0.85094
0.33447
0.17675
0.22841
0.68551
0.11313
0.31916
0.70769
0.99686
0.82260
0.27610
0.14950
0.07394
0.35920
0.03442
0.67123
0.58641
0.85559
0.03010
0.01856
0.92061
0.24449
0.54035
0.72985
0.39257
0.93606
0.24317
0.18020
0.44612
0.05165
0.60219
0.80422
0.75426
0.78254
0.02214
0.50631
0.18507
0.88086
0.95669
0.82597
0.29275
0.63279
0.33697
0.96422
0.66123
0.85633
0.40523
0.09996
0.42635
0.43760
0.02131
0.40849
0.17618
0.08131
0.81909
0.87108
0.12410
0.77924
0.83683
0.93494
0.08898
0.71964
0.09620
0.13627
0.65456
0.67124
0.29791
0.48893
0.87372
0.20929
0.97856
0.24889
0.60101
0.55537
0.55208
0.58793
0.94831
0.49354
0.13186
0.31503
0.53681
0.18833
0.31540
0.81523
0.53121
0.59329
0.02837
0.26587
0.07142
0.41833
0.95279
0.54342
0.99975
0.76849
0.52297
0.21987
0.56208
0.48874
0.16851
0.09730
0.66021
0.17601
0.35096
0.94110
0.03164
0.98126
0.23194
0.06287
0.86423
0.10528
0.84866
0.38623
0.87908
0.42379
0.96026
0.29990
0.62585
0.44250
0.17056
0.63663
0.02941
0.39266
0.92902
0.97612
0.87607
0.27159
0.18495
0.88869
0.10991
0.85401
0.54199
0.04353
0.95542
0.48315
0.78494
0.97188
0.31058
0.24682
0.19608
0.51723
0.28342
0.31022
0.39021
0.37054
0.17505
0.47639
0.46960
0.79757
0.52177
0.20276
0.38704
0.21130
0.29975
0.53958
0.14712
0.46783
0.60589
0.24586
0.10090
0.31691
0.75934
0.12394
0.97173
0.16594
0.66136
0.76437
0.82381
0.79549
0.62618
0.02296
0.02948
0.34054
0.05872
0.73714
0.61502
0.46064
0.33523
0.22884
0.28125
0.84571
0.05833
0.93493
0.47277
0.30322
0.93945
0.98284
0.12634
0.81173
0.26632
0.03635
0.32484
0.56665
0.51538
0.06715
0.12750
0.15564
0.29639
0.66167
0.66836
0.13322
0.01144
0.04748
0.72431
0.34726
0.51190
0.05720
0.98580
0.48564
0.08168
0.21393
0.88987
0.05879
0.45097
0.68161
0.40183
0.46252
0.44426
0.25485
0.75085
0.83705
0.99924
0.73179
0.14863
0.39243
0.28995
0.74176
0.93327
0.85631
0.91269
0.44808
0.66092
0.87007
0.89395
0.44409
0.05177
0.46503
0.40862
0.58795
0.30088
0.33397
0.55898
0.68901
0.41450
0.33691
0.71272
0.23998
0.50423
0.48844
0.34638
0.97402
0.19947
0.14205
0.51882
0.00259
0.22978
0.82350
0.19288
0.17157
0.21331
0.98046
0.67142
0.98252
0.62346
0.16119
0.36162
0.36331
0.18651
0.54211
0.83758
0.88186
0.10507
0.81914
0.14260
0.92337
0.92920
0.75393
0.66662
0.79596
0.68207
0.96553
0.33112
0.08312
0.28831
0.40410
0.95318
0.49686
0.62171
0.70492
0.66578
0.45424
0.35043
0.36746
0.90443
0.24907
0.05235
0.00236
0.82535
0.26511
0.81820
0.10209
0.15038
0.25432
0.09585
0.42826
0.53006
0.88176
0.06939
0.21243
0.19072
0.01308
0.73765
0.19854
0.45065
0.83291
0.13967
0.56324
0.33651
0.71829
0.33736
0.55729
0.16564
0.50092
0.01912
0.35218
0.63398
0.48647
0.42795
0.37420
0.20943
0.94210
0.45728
0.07808
0.47266
0.12393
0.74143
0.28969
0.57242
0.39294
0.27359
0.92089
0.42270
0.67984
0.12670
0.98418
0.93628
0.90391
0.56494
0.29019
0.86234
0.46947
0.62734
0.50022
0.40536
0.00276
0.22179
0.11927
0.95777
0.36046
0.24931
0.16654
0.88150
0.69428
0.85788
0.79394
0.83338
0.63218
0.78976
0.12861
0.81131
0.90734
0.62505
0.10696
0.00520
0.33093
0.33514
0.58118
0.26141
0.81429
0.48341
0.32729
0.04207
0.77976
0.74153
0.31081
0.54176
0.19584
0.90666
0.03780
0.35413
0.74833
0.82039
0.33955
0.16820
0.86448
0.02607
0.79356
0.89173
0.62389
0.32384
0.19828
0.48005
0.38864
0.29925
0.54668
0.63955
0.26802
0.19470
0.34349
0.19644
0.60090
0.12942
0.22849
0.03338
0.13092
0.26875
0.55410
0.63181
0.38543
0.20064
0.92273
0.58001
0.50597
0.34067
0.87495
0.89601
0.42114
0.22958
0.97402
0.29751
0.71777
0.76955
0.94734
0.83062
0.37494
0.73492
0.39693
0.88949
0.06515
0.03869
0.50211
0.96518
0.75472
0.46580
0.04186
0.93868
0.27548
0.77860
0.94432
0.01728
0.08348
0.39136
0.60779
0.21693
0.42498
0.15732
0.00763
0.86503
0.82325
0.69417
0.85614
0.82956
0.74614
0.20707
0.56973
0.43703
0.27939
0.09980
0.62698
0.96402
0.62344
0.39117
0.07143
0.86035
0.33859
0.36478
0.55585
0.89606
0.67610
0.07896
0.08835
0.62100
0.72052
0.70778
0.51620
0.66745
0.42514
0.41511
0.20646
0.97147
0.38155
0.83292
0.62235
0.00061
0.57828
0.31230
0.04122
0.58344
0.11303
0.79280
0.51132
0.82588
0.13292
0.88765
0.75064
0.79166
0.78173
0.42251
0.98654
0.97318
0.44331
0.59843
0.91760
0.06613
0.78468
0.84058
0.45256
0.92277
0.47082
0.89297
0.68680
0.03032
0.16250
0.62738
0.29743
0.99800
0.62612
0.54177
0.46069
0.02957
0.34466
0.55797
0.87773
0.95551
0.56585
0.21654
0.70342
0.44865
0.43808
0.50706
0.99172
0.68992
0.16372
0.63874
0.79516
0.77354
0.05205
0.25967
0.83903
0.79731
0.06656
0.47644
0.02447
0.25280
0.42327
0.71952
0.24925
0.43297
0.38428
0.65418
0.87766
0.94248
0.80916
0.09115
0.47848
0.32869
0.77863
0.18953
0.48760
0.48442
0.34034
0.55922
0.58268
0.59244
0.70383
0.22307
0.89605
0.19152
0.52810
0.89493
0.06122
0.00028
0.14003
0.39687
0.89086
0.01166
0.62413
0.70475
0.02985
0.33767
0.10525
0.17802
0.30374
0.20697
0.27585
0.17313
0.93549
0.76645
0.92473
0.56030
0.41706
0.82466
0.74303
0.90865
0.00818
0.36698
0.16910
0.92802
0.65992
0.65970
0.63954
0.14986
0.39171
0.42805
0.68807
0.41934
0.46576
0.52394
0.17940
0.50871
0.13466
0.88055
0.30656
0.17789
0.04872
0.24693
0.41664
0.27147
0.95822
0.41223
0.54486
0.04591
0.66495
0.33038
0.00775
0.53287
0.05596
0.27270
0.41839
0.06523
0.49220
0.90916
0.99403
0.88154
0.82278
0.93374
0.78293
0.05044
0.91832
0.55524
0.76868
0.57155
0.35556
0.32006
0.64589
0.69305
0.39300
0.95253
0.81452
0.10107
0.46126
0.99024
0.38095
0.89038
0.50237
0.61928
0.11285
0.75760
0.88342
0.89294
0.47639
0.32781
0.53177
0.70048
0.85902
0.06694
0.35451
0.59782
0.17946
0.22245
0.45123
0.61493
0.74338
0.84463
0.66092
0.53924
0.54405
0.29382
0.67671
0.50757
0.16196
0.90342
0.02096
0.94318
0.84298
0.50030
0.30990
0.17170
0.63774
0.13988
0.13329
0.60522
0.43488
0.11734
0.83319
0.07998
0.10130
0.42105
0.20763
0.52853
0.38906
0.39615
0.04185
0.64052
0.12797
0.54658
0.35951
0.14565
0.38067
0.00180
0.79686
0.51069
0.28587
0.85547
0.61405
0.28649
0.17604
0.93468
0.77853
0.30129
0.68751
0.76955
0.53280
0.80758
0.63117
0.26569
0.59757
0.66642
0.25811
0.39186
0.68227
0.37291
0.32982
0.63745
0.14965
0.27153
0.47068
0.13561
0.16264
0.18206
0.56038
0.72453
0.85136
0.17523
0.75903
0.26916
0.89754
0.06541
0.02590
0.10200
0.83736
0.52739
0.80199
0.07176
0.06430
0.59249
0.52382
0.39193
0.91828
0.58695
0.84216
0.16960
0.34419
0.79739
0.84665
0.48257
0.33666
0.47019
0.89107
0.73355
0.55241
0.77963
0.94303
0.17921
0.40722
0.56585
0.39710
0.02673
0.19372
0.82504
0.81864
0.55208
0.32268
0.94571
0.05166
0.20425
0.95739
0.19431
0.35608
0.60356
0.21302
0.04608
0.78411
0.53609
0.67718
0.91304
0.86702
0.12594
0.47051
0.47691
0.87560
0.00058
0.58690
0.13281
0.97590
0.30755
0.89646
0.48136
0.81725
0.97683
0.22818
0.84420
0.52582
0.65694
0.09773
0.79774
0.97814
0.81280
0.57742
0.56708
0.23557
0.59550
0.85289
0.57089
0.53926
0.14325
0.65188
0.99707
0.58210
0.33151
0.19324
0.24838
0.83599
0.87324
0.48800
0.71293
0.93045
0.16337
0.57052
0.49235
0.52062
0.04279
0.66371
0.60425
0.14125
0.18537
0.50171
0.72909
0.51298
0.08100
0.36012
0.87985
0.88672
0.46837
0.66202
0.46519
0.72456
0.03977
0.47475
0.12743
0.63439
0.94076
0.80818
0.85932
0.13739
0.71628
0.59777
0.05983
0.66291
0.64099
0.22220
0.29762
0.84691
0.07533
0.25358
0.63016
0.76924
0.31934
0.71282
0.73722
0.88974
0.49465
0.26063
0.40088
0.19824
0.58850
0.07586
0.34206
0.58980
0.65224
0.36500
0.05329
0.17885
0.76730
0.75221
0.43854
0.22314
0.50289
0.54769
0.33509
0.07624
0.05190
0.39915
0.73173
0.90430
0.25247
0.35170
0.66966
0.16538
0.07811
0.64299
0.92668
0.42886
0.03495
0.19522
0.17332
0.37447
0.28203
0.00389
0.46121
0.26109
0.75631
0.19288
0.57707
0.27658
0.41897
0.64987
0.35754
0.64891
0.06320
0.85515
0.94706
0.24818
0.62645
0.76659
0.88810
0.72961
0.67570
0.63819
0.63155
0.42370
0.81595
0.49423
0.63027
0.35242
0.11754
0.14469
0.97589
0.12742
0.94478
0.16150
0.77197
0.02258
0.24365
0.41624
0.69050
0.94067
0.49005
0.03273
0.80922
0.72388
0.02804
0.47004
0.85370
0.68648
0.44315
0.64496
0.22545
0.70399
0.54728
0.92141
0.26243
0.30767
0.80423
0.97298
0.03485
0.98825
0.22123
0.43097
0.92034
0.31015
0.21788
0.75063
0.55363
0.92993
0.36132
0.60970
0.16516
0.25427
0.12665
0.01948
0.91053
0.27886
0.32592
0.65813
0.81538
0.87331
0.67209
0.13355
0.31169
0.88743
0.91285
0.42210
0.86491
0.47269
0.69424
0.65813
0.36530
0.37762
0.73885
0.81306
0.74356
0.01718
0.06195
0.21209
0.53645
0.48200
0.46145
0.90397
0.03407
0.19317
0.99110
0.38619
0.55208
0.95813
0.10323
0.85585
0.17831
0.94846
0.37325
0.41530
0.15224
0.71374
0.79926
0.82817
0.82450
0.15998
0.94140
0.74956
0.63333
0.61275
0.96359
0.58167
0.60201
0.51102
0.39746
0.36948
0.31538
0.93571
0.04844
0.65676
0.23890
0.58066
0.77464
0.80957
0.11454
0.88682
0.14301
0.92633
0.25737
0.24415
0.24933
0.52150
0.34810
0.94722
0.04289
0.20752
0.09880
0.52568
0.89891
0.91502
0.15752
0.08523
0.38498
0.08433
0.79920
0.46294
0.99740
0.47292
0.41185
0.73426
0.81165
0.36749
0.94152
0.89991
0.90065
0.74370
0.99346
0.75382
0.84177
0.03371
0.48947
0.59397
0.25878
0.88583
0.38376
0.60243
0.10451
0.43035
0.41922
0.42000
0.28530
0.35692
0.19177
0.24756
0.91084
0.42899
0.70523
0.29983
0.44468
0.38291
0.83672
0.67567
0.97391
0.91359
0.67425
0.87059
0.37863
0.05819
0.41723
0.03958
0.69190
0.84435
0.74233
0.27384
0.92977
0.23181
0.78598
0.23926
0.22374
0.97924
0.73739
0.81968
0.76627
0.51154
0.37975
0.74541
0.19265
0.00664
0.48370
0.88241
0.49686
0.63489
0.21048
0.58311
0.38195
0.84566
0.60225
0.35050
0.70296
0.82639
0.54114
0.65934
0.00360
0.93098
0.52745
0.07793
0.46368
0.40986
0.46086
0.23446
0.18516
0.32861
0.61482
0.54010
0.43245
0.64408
0.27189
0.14152
0.27793
0.03846
0.80093
0.38358
0.39435
0.07902
0.43557
0.61546
0.14892
0.89962
0.73383
0.08455
0.77197
0.20783
0.14216
0.39175
0.22221
0.77636
0.20928
0.50288
0.65222
0.05843
0.29031
0.53314
0.22082
0.56351
0.09466
0.10750
0.87750
0.36514
0.76899
0.69102
0.85640
0.36284
0.49495
0.10543
0.13982
0.64685
0.36086
0.96229
0.74477
0.85447
0.63423
0.51092
0.20201
0.68127
0.89224
0.92336
0.18469
0.10678
0.61438
0.59874
0.51208
0.37441
0.01309
0.09286
0.91004
0.68354
0.43605
0.17095
0.32179
0.42453
0.39210
0.44570
0.36587
0.91445
0.33009
0.62000
0.84613
0.06298
0.32744
0.84894
0.34131
0.67159
0.19516
0.94652
0.97620
0.96342
0.15367
0.95173
0.60072
0.99691
0.54743
0.58668
0.25569
0.92168
0.66168
0.17185
0.57101
0.48140
0.78246
0.12154
0.52226
0.54509
0.84004
0.22631
0.69910
0.75170
0.66755
0.46137
0.79009
0.34924
0.36389
0.75746
0.26597
0.93353
0.47449
0.87912
0.85305
0.71088
0.89956
0.39065
0.10477
0.81290
0.45487
0.49625
0.12083
0.34978
0.88134
0.73339
0.53754
0.57136
0.30746
0.87081
0.43040
0.38028
0.27987
0.64935
0.57417
0.55594
0.19033
0.82680
0.00592
0.88526
0.94519
0.13566
0.74800
0.20070
0.65852
0.63813
0.02935
0.80677
0.49220
0.82521
0.11796
0.48416
0.00754
0.43776
0.24774
0.16415
0.42448
0.54041
0.07857
0.33572
0.04063
0.41595
0.08633
0.65173
0.02152
0.50719
0.16594
0.43044
0.26058
0.86541
0.27855
0.41350
0.48884
0.22923
0.92182
0.73891
0.66855
0.06912
0.14152
0.16889
0.85662
0.74982
0.69081
0.41270
0.93294
0.47841
0.09629
0.65588
0.09024
0.38549
0.33621
0.72357
0.32226
0.71543
0.88694
0.74573
0.14028
0.63457
0.42578
0.18636
0.41787
0.38001
0.89779
0.04264
0.97992
0.97779
0.03424
0.16486
0.54343
0.64999
0.49445
0.60272
0.93500
0.45894
0.82332
0.43705
0.93657
0.67156
0.57661
0.61617
0.14844
0.48861
0.05472
0.99632
0.72860
0.55409
0.13070
0.49790
0.36760
0.05384
0.06500
0.29793
0.52304
0.54950
0.91027
0.93570
0.21201
0.04653
0.05060
0.13705
0.91817
0.63503
0.31094
0.23833
0.26285
0.95052
0.51240
0.51404
0.56252
0.64931
0.68300
0.16506
0.49618
0.32610
0.02051
0.86532
0.83304
0.38334
0.24329
0.66763
0.92707
0.87710
0.39014
0.67720
0.87789
0.72701
0.03984
0.24027
0.86744
0.61198
0.22996
0.20240
0.41901
0.33910
0.57964
0.72805
0.23841
0.30289
0.39925
0.68389
0.56001
0.17298
0.43545
0.02472
0.33869
0.83789
0.71031
0.15754
0.82050
0.90866
0.28580
0.57967
0.55963
0.84792
0.87186
0.97178
0.62854
0.95951
0.66636
0.08538
0.29540
0.25059
0.06608
0.08917
0.65920
0.34945
0.26610
0.96447
0.80404
0.89940
0.47404
0.73483
0.36596
0.99248
0.18321
0.43698
0.73277
0.94432
0.56540
0.73030
0.81292
0.66662
0.47341
0.54270
0.39004
0.30858
0.14337
0.76771
0.73625
0.56713
0.62110
0.48880
0.99279
0.73830
0.99633
0.36617
0.27941
0.11447
0.16670
0.53577
0.75777
0.65597
0.77537
0.64587
0.88229
0.11860
0.40925
0.20499
0.80873
0.62341
0.48460
0.16760
0.83982
0.81710
0.62294
0.17940
0.07968
0.14348
0.33335
0.62056
0.01553
0.69951
0.81331
0.60914
0.68070
0.08792
0.20043
0.09615
0.98616
0.88152
0.56218
0.81063
0.44796
0.31051
0.92236
0.32345
0.18491
0.96790
0.35445
0.90742
0.18939
0.57304
0.54128
0.90466
0.08498
0.62758
0.21739
0.96559
0.67335
0.20402
0.42288
0.28869
0.34090
0.40977
0.49442
0.77400
0.93256
0.31671
0.48801
0.10487
0.13396
0.82631
0.05992
0.58306
0.20827
0.51362
0.17787
0.43203
0.59917
0.67520
0.64259
0.58796
0.64750
0.38723
0.65733
0.61548
0.46270
0.65447
0.00693
0.43507
0.84590
0.34455
0.05600
0.21788
0.86996
0.22724
0.11833
0.19907
0.65642
0.71579
0.35775
0.93301
0.75784
0.92842
0.37545
0.90286
0.67211
0.47617
0.69844
0.32026
0.18262
0.36195
0.89875
0.07064
0.16191
0.69752
0.62566
0.55937
0.20232
0.20711
0.74225
0.03857
0.48429
0.91430
0.61642
0.22740
0.19125
0.22524
0.54233
0.97065
0.89370
0.11800
0.62155
0.88199
0.88051
0.05960
0.88194
0.78761
0.49492
0.56980
0.09315
0.54360
0.46179
0.60183
0.19348
0.96392
0.78594
0.41957
0.36025
0.81123
0.22879
0.32326
0.40719
0.13647
0.96268
0.48541
0.77770
0.57939
0.12774
0.20611
0.13906
0.45966
0.44812
0.14161
0.44519
0.48189
0.33552
0.40080
0.52939
0.61011
0.40095
0.18035
0.04028
0.41326
0.60109
0.24361
0.52792
0.05893
0.25021
0.57249
0.66892
0.26814
0.29226
0.54608
0.11988
0.90751
0.55092
0.73527
0.20391
0.31215
0.83131
0.68522
0.00324
0.83857
0.81205
0.88637
0.68757
0.00688
0.06147
0.90874
0.71601
0.71924
0.16244
0.45914
0.56197
0.96918
0.55056
0.20848
0.61743
0.21600
0.79065
0.88209
0.36752
0.35708
0.54528
0.63140
0.74074
0.71782
0.73212
0.90857
0.60597
0.53793
0.21150
0.99468
0.45937
0.52971
0.74051
0.99815
0.41452
0.90104
0.47840
0.68987
0.97293
0.06009
0.02017
0.20960
0.35487
0.63783
0.24977
0.47109
0.54052
0.59258
0.80860
0.20802
0.96068
0.75110
0.78079
0.22159
0.27831
0.40845
0.55562
0.10274
0.48901
0.90698
0.44870
0.71153
0.11377
0.93828
0.49650
0.74841
0.75290
0.56242
0.30273
0.80063
0.96694
0.87321
0.67829
0.15544
0.97074
0.14145
0.26992
0.31292
0.84783
0.29790
0.18443
0.99472
0.35803
0.78196
0.35415
0.40625
0.28473
0.03345
0.13799
0.02208
0.21240
0.90182
0.64531
0.18010
0.38446
0.93613
0.77648
0.54983
0.44936
0.47437
0.64441
0.14996
0.97533
0.28271
0.04024
0.28308
0.58212
0.54412
0.08902
0.81699
0.63527
0.71339
0.59956
0.93460
0.44088
0.41231
0.65101
0.18565
0.87263
0.47439
0.19027
0.88803
0.86642
0.43858
0.67900
0.87357
0.17430
0.76627
0.16520
0.93554
0.48057
0.03290
0.37672
0.76107
0.77457
0.93920
0.38770
0.22628
0.19255
0.75982
0.99869
0.61985
0.04484
0.64840
0.12796
0.04421
0.17944
0.02910
0.65122
0.14844
0.42358
0.45003
0.11579
0.99460
0.32178
0.43693
0.23927
0.65933
0.66975
0.30531
0.30666
0.24388
0.21416
0.73341
0.29995
0.09661
0.42689
0.95545
0.05893
0.93917
0.44303
0.55069
0.69676
0.66916
0.47513
0.14138
0.00246
0.21783
0.88550
0.90509
0.49154
0.17488
0.08167
0.19424
0.92689
0.08898
0.47631
0.87886
0.50578
0.03230
0.16680
0.94495
0.36334
0.79937
0.07077
0.07902
0.34862
0.63466
0.05347
0.80269
0.58702
0.31120
0.05015
0.71614
0.64281
0.67241
0.44464
0.94032
0.49743
0.21788
0.90649
0.40312
0.00047
0.89602
0.72866
0.35849
0.38388
0.75160
0.86852
0.64611
0.88225
0.22388
0.18705
0.31247
0.84086
0.64787
0.92909
0.98978
0.18203
0.73154
0.60269
0.25152
0.82491
0.54629
0.09664
0.15559
0.50929
0.74653
0.62590
0.71133
0.78451
0.52688
0.67444
0.42617
0.16155
0.79772
0.95697
0.94381
0.56271
0.89207
0.15743
0.30764
0.63476
0.35433
0.77783
0.73216
0.12880
0.22660
0.43121
0.29486
0.13153
0.41391
0.39245
0.54324
0.04264
0.67740
0.11697
0.11025
0.04296
0.58953
0.31814
0.17640
0.89302
0.68525
0.86794
0.89020
0.85003
0.75579
0.35650
0.88685
0.02479
0.95608
0.92341
0.03761
0.75659
0.08343
0.40351
0.47228
0.80910
0.94367
0.55367
0.95475
0.73537
0.35154
0.82075
0.07568
0.04404
0.62882
0.22358
0.44338
0.44322
0.09694
0.56441
0.68536
0.30360
0.92391
0.78546
0.66926
0.46642
0.02637
0.77184
0.70510
0.70092
0.65475
0.93775
0.74105
0.51687
0.81048
0.82261
0.18858
0.82666
0.79589
0.63350
0.78581
0.83737
0.94433
0.71142
0.47857
0.72149
0.66654
0.66726
0.88453
0.55844
0.64334
0.60342
0.35762
0.30168
0.76030
0.04158
0.03240
0.71166
0.36241
0.97590
0.47488
0.18242
0.12873
0.13003
0.49917
0.00542
0.56593
0.50433
0.22224
0.19724
0.80173
0.33023
0.87985
0.76265
0.52021
0.52115
0.97833
0.49210
0.84448
0.02178
0.72768
0.02157
0.72246
0.44266
0.64245
0.01898
0.14919
0.87766
0.99761
0.89665
0.61724
0.24590
0.13331
0.68320
0.73323
0.18817
0.12316
0.56440
0.79692
0.81258
0.71520
0.22266
0.62371
0.59189
0.48651
0.45264
0.86053
0.09828
0.64010
0.46262
0.40682
0.60884
0.33980
0.08375
0.93236
0.28558
0.02233
0.58484
0.68571
0.77915
0.59674
0.64427
0.03821
0.87288
0.60880
0.69779
0.30877
0.35868
0.44948
0.52715
0.92858
0.90667
0.46502
0.21310
0.53094
0.04591
0.48590
0.69408
0.54276
0.98793
0.23748
0.74820
0.19657
0.92414
0.76265
0.32789
0.99893
0.80647
0.68169
0.48483
0.68599
0.93139
0.22341
0.51809
0.14652
0.76751
0.18377
0.53723
0.38209
0.80408
0.27712
0.77366
0.45994
0.10517
0.87260
0.70679
0.85044
0.10364
0.49596
0.54163
0.75121
0.61616
0.54779
0.14182
0.35900
0.58852
0.91064
0.74856
0.24150
0.54507
0.03959
0.54229
0.28558
0.73749
0.00126
0.34827
0.38360
0.33715
0.99077
0.95482
0.97154
0.09385
0.53924
0.73662
0.37975
0.36308
0.29965
0.32343
0.28103
0.42723
0.34497
0.42566
0.51670
0.43623
0.16115
0.34011
0.75170
0.43153
0.15417
0.53310
0.71370
0.25895
0.05822
0.44603
0.99840
0.68557
0.78254
0.72916
0.61949
0.62047
0.75976
0.88663
0.92573
0.26644
0.24562
0.89631
0.64063
0.69817
0.72482
0.85682
0.19676
0.22331
0.02562
0.58700
0.41104
0.93523
0.90114
0.60442
0.21072
0.87190
0.63855
0.58607
0.83709
0.19229
0.00410
0.81222
0.83092
0.32410
0.68011
0.17461
0.10075
0.89103
0.18655
0.58625
0.55170
0.58114
0.67586
0.51100
0.53317
0.81254
0.71154
0.41321
0.94940
0.92266
0.49363
0.28473
0.12115
0.51558
0.33107
0.10142
0.32223
0.96203
0.28283
0.09847
0.36113
0.07292
0.20729
0.38996
0.61955
0.74453
0.06973
0.97304
0.89718
0.58820
0.40218
0.75281
0.83847
0.80054
0.17601
0.86335
0.38562
0.34420
0.85637
0.88308
0.95605
0.70643
0.33364
0.72747
0.54792
0.10303
0.52705
0.93367
0.20625
0.69505
0.86141
0.95166
0.23288
0.79383
0.63764
0.65885
0.19648
0.10875
0.63224
0.17652
0.03753
0.60654
0.09636
0.86405
0.75059
0.27140
0.92886
0.90276
0.95706
0.05047
0.70700
0.04907
0.62938
0.94614
0.99420
0.69481
0.87250
0.77462
0.71796
0.96605
0.55500
0.53244
0.74004
0.07246
0.95037
0.83200
0.33243
0.83949
0.51588
0.91897
0.30672
0.99805
0.25213
0.58985
0.08133
0.07437
0.31268
0.48839
0.82777
0.03892
0.68096
0.04138
0.23007
0.37776
0.48079
0.27257
0.23920
0.56960
0.65590
0.44067
0.31482
0.07948
0.62917
0.04640
0.99217
0.80938
0.45779
0.57417
0.65447
0.96328
0.02539
0.38869
0.33961
0.71023
0.39016
0.93736
0.39131
0.53720
0.15571
0.25256
0.10674
0.76334
0.42719
0.66511
0.41691
0.92089
0.55015
0.46991
0.21863
0.98051
0.00125
0.06568
0.31160
0.24977
0.64832
0.60401
0.15624
0.72151
0.31754
0.40308
0.84666
0.87117
0.81962
0.06961
0.65332
0.30706
0.43595
0.23293
0.94262
0.88540
0.52767
0.88499
0.81031
0.01432
0.55622
0.82125
0.03927
0.93397
0.11620
0.11795
0.24695
0.00443
0.93909
0.61485
0.88363
0.87617
0.17032
0.30060
0.68112
0.75722
0.71130
0.22931
0.02066
0.40371
0.01055
0.67083
0.52920
0.46931
0.78693
0.27508
0.86636
0.22144
0.84139
0.88066
0.71614
0.54481
0.35690
0.49052
0.01455
0.03825
0.53602
0.13187
0.44571
0.85670
0.59164
0.73401
0.87826
0.18376
0.71222
0.96055
0.27142
0.11303
0.31536
0.49467
0.15574
0.06388
0.19777
0.81036
0.33114
0.27371
0.43168
0.96851
0.42062
0.78403
0.06002
0.78149
0.71958
0.57912
0.10583
0.12908
0.22260
0.86364
0.32985
0.29374
0.01477
0.99420
0.27478
0.29597
0.64739
0.50019
0.74956
0.45652
0.69804
0.11031
0.62678
0.38419
0.65805
0.63405
0.34731
0.71302
0.77770
0.89418
0.85034
0.19691
0.37951
0.90417
0.90306
0.36241
0.37696
0.66813
0.94218
0.97745
0.99090
0.25157
0.08004
0.64092
0.60771
0.71692
0.55030
0.77927
0.90232
0.03389
0.84206
0.98887
0.10746
0.19360
0.93429
0.49106
0.05592
0.72061
0.18998
0.74432
0.63181
0.55287
0.80316
0.27417
0.15845
0.18291
0.45827
0.80601
0.09010
0.81071
0.23756
0.44337
0.12706
0.50421
0.26871
0.36522
0.03237
0.43594
0.91779
0.81020
0.17849
0.52508
0.37100
0.12034
0.83250
0.99288
0.30945
0.28789
0.32765
0.95937
0.98234
0.34758
0.24025
0.91942
0.06920
0.87023
0.75151
0.81451
0.51567
0.32823
0.96446
0.82157
0.30411
0.92578
0.54290
0.50156
0.93660
0.21801
0.50111
0.41734
0.28963
0.56769
0.99324
0.12773
0.18571
0.11281
0.53349
0.53529
0.37792
0.70923
0.90033
0.12344
0.31801
0.29323
0.18771
0.06240
0.92644
0.62068
0.76302
0.44911
0.96907
0.08597
0.25277
0.22232
0.38535
0.81714
0.66660
0.67887
0.67872
0.53119
0.28041
0.71555
0.84304
0.69791
0.19274
0.59553
0.31369
0.42926
0.68954
0.07165
0.63053
0.63792
0.77692
0.35702
0.28334
0.08094
0.42957
0.50025
0.84177
0.19747
0.44547
0.66574
0.11796
0.40228
0.02831
0.69424
0.13101
0.44021
0.35493
0.14131
0.39742
0.01820
0.15423
0.63158
0.61856
0.87313
0.29152
0.28637
0.37185
0.77398
0.72833
0.95860
0.42415
0.03673
0.16225
0.23737
0.06531
0.32682
0.67979
0.78643
0.97472
0.55223
0.03846
0.09156
0.53972
0.97154
0.61996
0.74966
0.98877
0.00771
0.25749
0.53042
0.60008
0.41615
0.22642
0.17520
0.73116
0.41629
0.48501
0.69115
0.98511
0.58259
0.08191
0.72972
0.16584
0.06898
0.83716
0.91317
0.30585
0.60154
0.48840
0.87155
0.88005
0.86330
0.04618
0.04941
0.40630
0.64947
0.67382
0.83133
0.48384
0.56017
0.58319
0.58135
0.46891
0.87526
0.09925
0.18878
0.48201
0.89004
0.18141
0.11261
0.38237
0.51402
0.34563
0.24045
0.58822
0.34604
0.78821
0.93837
0.01164
0.97818
0.01324
0.81062
0.01782
0.41637
0.30143
0.41389
0.80655
0.28154
0.78139
0.52809
0.05473
0.46211
0.19042
0.86012
0.71743
0.32997
0.79258
0.23942
0.18775
0.29979
0.74953
0.66764
0.33632
0.73142
0.87974
0.46204
0.97647
0.43504
0.76786
0.54951
0.09342
0.74521
0.05002
0.61309
0.90995
0.89662
0.86169
0.59921
0.28170
0.87397
0.50498
0.85230
0.08657
0.02414
0.61570
0.09730
0.91756
0.63225
0.53625
0.34875
0.02017
0.55791
0.82773
0.68168
0.07902
0.28454
0.20520
0.80686
0.84266
0.75578
0.31227
0.68354
0.59842
0.26654
0.10655
0.41343
0.42085
0.23593
0.31727
0.74730
0.89107
0.60714
0.93614
0.30728
0.96394
0.56266
0.70005
0.10589
0.79974
0.61845
0.50007
0.84650
0.52454
0.72910
0.20979
0.10426
0.14402
0.56279
0.57572
0.38094
0.48545
0.00351
0.55146
0.51361
0.13107
0.32951
0.74862
0.27996
0.08929
0.40411
0.38052
0.60558
0.88058
0.15898
0.31868
0.74088
0.21341
0.32886
0.57082
0.34965
0.36356
0.34933
0.59652
0.09786
0.87263
0.28368
0.07708
0.27930
0.54228
0.27838
0.14447
0.86246
0.31707
0.52233
0.85079
0.70947
0.90695
0.46632
0.40211
0.72697
0.01919
0.50973
0.70309
0.64330
0.39753
0.01150
0.96132
0.90496
0.97063
0.66965
0.73261
0.08841
0.82207
0.74757
0.44917
0.96280
0.43411
0.48582
0.79631
0.05014
0.30786
0.65955
0.71618
0.79824
0.74588
0.45392
0.08828
0.05764
0.80610
0.53443
0.60959
0.46172
0.27738
0.15572
0.48122
0.45846
0.88173
0.80450
0.28281
0.33082
0.32235
0.41755
0.44636
0.73451
0.75944
0.83176
0.52034
0.69559
0.32220
0.41370
0.92704
0.89592
0.22197
0.07097
0.76089
0.43835
0.99691
0.21041
0.29925
0.63655
0.90370
0.68095
0.51820
0.19117
0.70216
0.88899
0.55295
0.70493
0.94502
0.87149
0.98038
0.18756
0.10289
0.54986
0.75835
0.64934
0.71433
0.67697
0.55662
0.24805
0.54417
0.80227
0.24338
0.51344
0.22414
0.86886
0.05423
0.46043
0.76017
0.32842
0.91656
0.25640
0.17729
0.91055
0.85048
0.30778
0.31768
0.20408
0.32183
0.84711
0.97455
0.97731
0.10838
0.36252
0.08350
0.39155
0.45598
0.17193
0.07548
0.81880
0.49287
0.96054
0.56869
0.83330
0.40602
0.17305
0.99269
0.55276
0.93621
0.29083
0.03738
0.34986
0.09273
0.17834
0.75639
0.87281
0.96083
0.85312
0.73133
0.87180
0.43770
0.86673
0.30417
0.98836
0.20446
0.33395
0.94446
0.87231
0.20306
0.71241
0.29006
0.95864
0.73181
0.36660
0.82483
0.95125
0.17386
0.11157
0.02353
0.82197
0.38412
0.72496
0.86441
0.07212
0.97751
0.11920
0.14016
0.11379
0.38083
0.50657
0.06287
0.27327
0.53288
0.97569
0.63613
0.74803
0.25452
0.50088
0.93189
0.65835
0.95590
0.19292
0.91538
0.18542
0.34942
0.47627
0.26498
0.79321
0.88067
0.91209
0.16601
0.41116
0.36319
0.11825
0.21216
0.52737
0.70652
0.06332
0.31992
0.19846
0.87320
0.52468
0.43370
0.62718
0.59586
0.74844
0.65832
0.50976
0.32657
0.44234
0.10801
0.23343
0.73275
0.53100
0.02854
0.80808
0.97098
0.62564
0.64332
0.50444
0.28215
0.08620
0.96268
0.96054
0.50163
0.68857
0.91029
0.98686
0.13365
0.99206
0.75993
0.57135
0.95991
0.32949
0.94862
0.84507
0.52577
0.37883
0.68496
0.71274
0.44552
0.34045
0.89961
0.07735
0.12394
0.26696
0.55297
0.34787
0.26136
0.40042
0.28905
0.85475
0.25225
0.38079
0.73822
0.35645
0.62605
0.38991
0.34377
0.66111
0.34941
0.01439
0.86340
0.90786
0.21451
0.43204
0.59184
0.98129
0.51414
0.29885
0.75304
0.93174
0.83096
0.36172
0.46576
0.09814
0.24456
0.96967
0.65954
0.91158
0.67800
0.96751
0.74030
0.32341
0.57004
0.26034
0.29457
0.83386
0.63644
0.71726
0.25580
0.06822
0.58283
0.20272
0.54239
0.54050
0.27842
0.27272
0.19350
0.04416
0.41263
0.34998
0.39765
0.83771
0.84949
0.47962
0.95591
0.56498
0.31921
0.42392
0.35575
0.16079
0.26854
0.73498
0.02820
0.76703
0.17625
0.62300
0.83375
0.05341
0.06777
0.99543
0.22504
0.42271
0.72419
0.87403
0.28713
0.79690
0.90265
0.81402
0.91834
0.32855
0.10547
0.74463
0.57709
0.25110
0.58049
0.57736
0.30253
0.16894
0.23952
0.10318
0.50627
0.59954
0.70122
0.80051
0.75077
0.36545
0.24402
0.17895
0.26889
0.25156
0.21626
0.87404
0.38450
0.58235
0.66581
0.53026
0.84914
0.66129
0.60971
0.12765
0.76763
0.53320
0.64757
0.49275
0.47676
0.68534
0.97022
0.00857
0.59235
0.75366
0.99426
0.82863
0.67341
0.42332
0.17568
0.95328
0.28269
0.36949
0.37889
0.94669
0.28837
0.07551
0.36083
0.04598
0.88136
0.56747
0.54207
0.70043
0.30928
0.36177
0.87240
0.12664
0.09746
0.11565
0.11843
0.54213
0.68822
0.51730
0.56930
0.27556
0.69331
0.29823
0.04889
0.82975
0.97518
0.30466
0.24700
0.06761
0.77271
0.81873
0.65947
0.80675
0.95023
0.02380
0.09313
0.60504
0.26425
0.69728
0.96635
0.63643
0.88333
0.46594
0.91987
0.28367
0.08418
0.40413
0.85032
0.80628
0.71786
0.03747
0.47132
0.94293
0.46031
0.34604
0.33212
0.13310
0.62328
0.46286
0.24737
0.98645
0.12106
0.38400
0.56410
0.11193
0.24465
0.50740
0.97165
0.92756
0.09348
0.75215
0.50117
0.42990
0.21903
0.14901
0.80979
0.93330
0.59434
0.52448
0.77933
0.38498
0.19550
0.83488
0.13781
0.93022
0.56326
0.34286
0.76160
0.20614
0.55249
0.11826
0.94898
0.89466
0.44274
0.31958
0.19505
0.07516
0.08740
0.78091
0.68506
0.11675
0.60766
0.10730
0.88467
0.44437
0.96433
0.66001
0.80679
0.85183
0.80902
0.54249
0.27993
0.32553
0.24655
0.46138
0.64469
0.20862
0.88901
0.36632
0.96168
0.33834
0.94131
0.72456
0.09400
0.76275
0.43619
0.10492
0.46461
0.78968
0.08692
0.41648
0.30306
0.14586
0.46681
0.31117
0.39787
0.86557
0.70603
0.52524
0.24184
0.30582
0.72947
0.42536
0.51381
0.52844
0.52989
0.27987
0.81337
0.64383
0.48807
0.00690
0.21861
0.17844
0.05234
0.18182
0.92881
0.48497
0.14375
0.75130
0.96530
0.42676
0.94367
0.83505
0.94781
0.72776
0.76551
0.49292
0.80956
0.96856
0.55871
0.74807
0.21559
0.90877
0.33534
0.50576
0.13066
0.08844
0.33865
0.59943
0.29749
0.49428
0.97845
0.59985
0.16179
0.64768
0.63881
0.03890
0.43112
0.77270
0.96424
0.92863
0.82531
0.72096
0.23159
0.95780
0.19474
0.64370
0.68758
0.63496
0.06714
0.48622
0.75764
0.24207
0.66917
0.98053
0.05107
0.90471
0.14514
0.02635
0.17321
0.81037
0.84651
0.83902
0.88135
0.67972
0.09966
0.28589
0.77221
0.90254
0.43256
0.16710
0.24479
0.54650
0.80060
0.17114
0.71369
0.15774
0.58070
0.46925
0.40463
0.46491
0.11138
0.79775
0.68755
0.60559
0.28200
0.11385
0.06187
0.52553
0.01337
0.52656
0.53948
0.69819
0.01697
0.18961
0.35039
0.82794
0.02418
0.74257
0.10357
0.52891
0.59678
0.25862
0.91930
0.52623
0.13816
0.72439
0.35026
0.21092
0.07977
0.00722
0.93163
0.51680
0.27467
0.70483
0.42732
0.46532
0.83582
0.96419
0.87770
0.46837
0.19457
0.77591
0.21457
0.48478
0.76845
0.10667
0.32421
0.83472
0.19249
0.03522
0.92326
0.21392
0.99168
0.74915
0.59840
0.71533
0.88438
0.79703
0.88443
0.30654
0.40503
0.26064
0.29360
0.34070
0.18169
0.98380
0.41735
0.55893
0.12621
0.48478
0.42872
0.60823
0.52998
0.90943
0.53412
0.28989
0.02732
0.98587
0.81268
0.52073
0.08020
0.75070
0.10708
0.83390
0.14006
0.52099
0.57181
0.93317
0.19023
0.26334
0.69104
0.63620
0.46346
0.88279
0.90902
0.48833
0.46502
0.82531
0.05489
0.21171
0.47026
0.68379
0.44735
0.90286
0.49259
0.55616
0.13964
0.57051
0.66492
0.53499
0.33731
0.37577
0.51828
0.18763
0.40702
0.35353
0.83674
0.61889
0.46668
0.25845
0.81503
0.65665
0.12259
0.15624
0.57274
0.90006
0.97385
0.72284
0.32922
0.43302
0.78133
0.52298
0.20191
0.42197
0.20299
0.16254
0.64079
0.24322
0.97286
0.38159
0.22110
0.90915
0.48581
0.61003
0.59141
0.69743
0.72247
0.34645
0.71480
0.83560
0.34623
0.41439
0.84315
0.14325
0.13145
0.91833
0.69188
0.55565
0.95120
0.56680
0.75102
0.78764
0.36894
0.76610
0.43283
0.17156
0.63633
0.94049
0.24908
0.65643
0.91819
0.14417
0.32371
0.53712
0.91496
0.97497
0.04738
0.73988
0.78817
0.83566
0.90750
0.01712
0.52893
0.32781
0.09259
0.85868
0.39304
0.67235
0.15443
0.39811
0.01874
0.51811
0.56476
0.89187
0.73399
0.09273
0.06863
0.93370
0.11360
0.33755
0.50314
0.81914
0.80556
0.51820
0.31012
0.90174
0.45034
0.60508
0.46972
0.05855
0.80349
0.84444
0.22373
0.99728
0.15071
0.38785
0.40145
0.89379
0.26686
0.75686
0.40241
0.17699
0.50893
0.63992
0.85303
0.88514
0.77250
0.17418
0.01550
0.87314
0.58332
0.99150
0.32468
0.21090
0.81298
0.00507
0.88609
0.93610
0.01563
0.26906
0.81127
0.05849
0.23357
0.97733
0.38430
0.02801
0.53354
0.42536
0.26710
0.75486
0.56356
0.27270
0.34003
0.75952
0.06568
0.33504
0.75622
0.89216
0.87998
0.60417
0.44606
0.78957
0.59786
0.95307
0.06997
0.18289
0.60983
0.04396
0.96765
0.86749
0.90124
0.63651
0.07615
0.51841
0.98033
0.71040
0.94691
0.14564
0.12830
0.55399
0.83677
0.50395
0.22157
0.50264
0.78334
0.65835
0.30157
0.47355
0.74268
0.21300
0.94798
0.93632
0.84593
0.34159
0.01428
0.82836
0.02787
0.48488
0.76233
0.98996
0.36542
0.05262
0.12655
0.05932
0.22211
0.40099
0.02944
0.35151
0.10445
0.27651
0.13704
0.95089
0.95973
0.17046
0.25230
0.93216
0.35948
0.95790
0.03762
0.93945
0.92420
0.38787
0.85825
0.83557
0.31213
0.10960
0.34721
0.22592
0.42048
0.11656
0.27696
0.70530
0.85088
0.32488
0.51556
0.06439
0.46591
0.51154
0.51411
0.64541
0.62860
0.72631
0.48155
0.73070
0.60427
0.11967
0.61568
0.38478
0.55647
0.76798
0.51480
0.46160
0.12745
0.72906
0.93036
0.95644
0.74594
0.13703
0.89376
0.92813
0.88496
0.09263
0.56457
0.21124
0.61583
0.69155
0.42347
0.88262
0.30304
0.62040
0.37892
0.38682
0.83431
0.50685
0.95234
0.33763
0.12986
0.87338
0.98896
0.17166
0.50210
0.79926
0.93259
0.00160
0.16260
0.67241
0.26810
0.34269
0.80025
0.57345
0.99127
0.56506
0.23518
0.80900
0.43189
0.96426
0.52000
0.27310
0.61221
0.68604
0.43802
0.11328
0.67478
0.92357
0.24195
0.72565
0.08752
0.77346
0.61767
0.67202
0.68162
0.90510
0.26470
0.20725
0.35867
0.19243
0.67263
0.20058
0.63091
0.39277
0.51055
0.26938
0.45986
0.88530
0.62159
0.57263
0.34904
0.78748
0.09009
0.23868
0.51403
0.53841
0.13590
0.52242
0.26191
0.04252
0.85144
0.13687
0.32931
0.41713
0.70733
0.82777
0.52661
0.39967
0.04503
0.38240
0.53899
0.37435
0.98471
0.17313
0.99009
0.15896
0.80746
0.55006
0.94270
0.23834
0.72578
0.06797
0.04721
0.61324
0.31943
0.89051
0.13690
0.02369
0.38097
0.04403
0.55528
0.58872
0.30567
0.94020
0.15344
0.02755
0.24818
0.25281
0.59719
0.24726
0.48612
0.12569
0.25830
0.60142
0.79419
0.49373
0.33258
0.21289
0.78971
0.42049
0.15118
0.28052
0.28287
0.49528
0.23946
0.70880
0.52349
0.25503
0.71087
0.64808
0.77519
0.48969
0.68819
0.61054
0.69370
0.45806
0.28198
0.78454
0.13581
0.79002
0.70933
0.35099
0.32014
0.96934
0.75645
0.73279
0.99728
0.04610
0.14256
0.09841
0.52561
0.26995
0.61810
0.27545
0.83683
0.89952
0.70700
0.74927
0.34133
0.28102
0.45056
0.67713
0.70092
0.93460
0.08721
0.14777
0.06508
0.49186
0.77967
0.89699
0.58903
0.32319
0.96685
0.65927
0.66927
0.79736
0.52280
0.92865
0.34910
0.85755
0.76012
0.57895
0.61248
0.73745
0.03706
0.22881
0.50832
0.05983
0.87140
0.85966
0.74233
0.22696
0.98256
0.46536
0.59376
0.62874
0.84941
0.58585
0.74309
0.51548
0.80781
0.24668
0.78675
0.03342
0.68118
0.67617
0.74309
0.51539
0.98081
0.83968
0.20413
0.55486
0.76271
0.08766
0.76205
0.27106
0.49216
0.98773
0.16113
0.28928
0.16575
0.72910
0.13154
0.34119
0.75314
0.51651
0.64731
0.25810
0.93767
0.16120
0.16900
0.25736
0.33927
0.70036
0.93062
0.58720
0.47053
0.17392
0.01327
0.67652
0.94711
0.39121
0.60231
0.38538
0.39397
0.99616
0.45558
0.25911
0.65024
0.11162
0.75332
0.36415
0.79265
0.72841
0.68165
0.76402
0.17672
0.11138
0.91747
0.78523
0.26647
0.46738
0.40657
0.32673
0.55832
0.72389
0.31335
0.80452
0.88071
0.42120
0.15540
0.28034
0.67297
0.98775
0.10601
0.30260
0.26872
0.21261
0.39097
0.65373
0.86991
0.38381
0.88448
0.64185
0.31213
0.91081
0.10362
0.28774
0.49004
0.89430
0.20698
0.55596
0.99430
0.77301
0.41791
0.09677
0.36113
0.02036
0.74441
0.54448
0.02797
0.32653
0.96732
0.56516
0.54209
0.40721
0.16455
0.11386
0.13025
0.52670
0.80679
0.57639
0.58686
0.22527
0.70471
0.28706
0.46528
0.77310
0.87042
0.96436
0.25253
0.53619
0.72198
0.06920
0.87117
0.17929
0.25739
0.27748
0.77178
0.06970
0.50296
0.93737
0.34047
0.52473
0.85691
0.21364
0.86971
0.67122
0.48483
0.63401
0.64862
0.47440
0.43425
0.20320
0.23977
0.39567
0.98162
0.63576
0.45700
0.77652
0.13923
0.76436
0.99105
0.11253
0.49991
0.78284
0.23256
0.29336
0.19515
0.54955
0.25100
0.36801
0.92184
0.88429
0.96850
0.92053
0.98565
0.94908
0.56532
0.00720
0.93762
0.73114
0.58264
0.58234
0.14635
0.15295
0.77890
0.71147
0.64862
0.15808
0.25537
0.61489
0.79839
0.14263
0.15415
0.56001
0.19924
0.05474
0.78414
0.24567
0.51330
0.18049
0.66160
0.07263
0.95774
0.11223
0.45880
0.31632
0.92866
0.49272
0.43567
0.76174
0.63409
0.87137
0.00945
0.83432
0.81581
0.12775
0.94160
0.17441
0.21686
0.73113
0.98458
0.58374
0.65908
0.70883
0.76272
0.03971
0.58850
0.03880
0.95509
0.49587
0.95330
0.84824
0.93630
0.69177
0.48331
0.38046
0.24102
0.79843
0.06492
0.37809
0.08837
0.88870
0.40583
0.87565
0.89676
0.86738
0.05030
0.38773
0.04065
0.35125
0.02548
0.94606
0.25184
0.01538
0.18747
0.68926
0.56070
0.56841
0.75250
0.03375
0.75719
0.39009
0.87605
0.01634
0.92727
0.94186
0.93063
0.43706
0.66893
0.36704
0.64218
0.16277
0.45404
0.86928
0.17811
0.74616
0.85671
0.90081
0.03782
0.72016
0.28268
0.74719
0.09806
0.89835
0.62138
0.41872
0.41722
0.44721
0.06928
0.05375
0.98520
0.56805
0.62756
0.87433
0.60059
0.47725
0.64549
0.34991
0.03191
0.54595
0.62856
0.10282
0.33287
0.32010
0.69632
0.49800
0.97936
0.77113
0.52180
0.59601
0.45851
0.67810
0.17253
0.96178
0.69421
0.53268
0.22535
0.41007
0.14792
0.29216
0.84772
0.04989
0.94741
0.28321
0.96483
0.70764
0.65060
0.17687
0.69267
0.29974
0.67506
0.01613
0.33437
0.51703
0.42530
0.47174
0.81546
0.26872
0.36559
0.85149
0.28727
0.80083
0.29038
0.75218
0.46273
0.08820
0.26954
0.98143
0.24024
0.05934
0.97027
0.37406
0.56766
0.72329
0.92435
0.50141
0.84285
0.62705
0.96522
