0.17773
0.80663
0.73821
0.41886
0.86660
0.80991
0.19136
0.11543
0.63214
0.95400
0.54237
0.16537
0.31025
0.21488
0.30992
0.81529
0.46432
0.31882
0.02292
0.93842
0.09742
0.09665
0.69617
0.03442
0.16231
0.27789
0.94039
0.79254
0.16002
0.70327
0.53452
0.61889
0.51737
0.58188
0.61751
0.94846
0.36623
0.05511
0.18450
0.38727
0.56994
0.03223
0.20067
0.13904
0.58115
0.25987
0.58781
0.09614
0.60742
0.85991
0.94447
0.99501
0.99688
0.44814
0.25790
0.98767
0.44244
0.25755
0.90130
0.63206
0.36837
0.11264
0.60185
0.01590
0.26964
0.49483
0.96559
0.80248
0.66267
0.59155
0.44612
0.06373
0.05449
0.35688
0.58800
0.04765
0.98402
0.19432
0.77167
0.39838
0.20470
0.28015
0.35051
0.47728
0.68329
0.20111
0.45234
0.60473
0.45988
0.73449
0.06691
0.98045
0.12938
0.93661
0.87554
0.33503
0.64777
0.52942
0.41591
0.59700
0.37607
0.32609
0.84680
0.42652
0.52510
0.60455
0.62677
0.45011
0.10932
0.95827
0.00752
0.24086
0.63772
0.40312
0.75199
0.96779
0.48987
0.70204
0.94882
0.73263
0.55352
0.72716
0.66880
0.59345
0.78852
0.75620
0.58335
0.66987
0.24533
0.24387
0.06116
0.75557
0.94324
0.36692
0.49707
0.56739
0.29064
0.47711
0.81570
0.27857
0.88772
0.14023
0.27280
0.34227
0.25580
0.40229
0.75101
0.59136
0.16790
0.24280
0.00694
0.09064
0.14294
0.04740
0.79572
0.83828
0.02304
0.83687
0.39497
0.83451
0.38124
0.68775
0.19110
0.46906
0.05555
0.45491
0.75258
0.49737
0.86889
0.25436
0.03503
0.21565
0.88674
0.65713
0.68143
0.14525
0.72411
0.19469
0.71154
0.06062
0.93847
0.95724
0.41717
0.45405
0.91593
0.58555
0.98825
0.58638
0.36316
0.84829
0.16137
0.29396
0.46130
0.91774
0.52065
0.44566
0.69021
0.27389
0.50139
0.63795
0.64794
0.57749
0.07164
0.70554
0.24759
0.83484
0.99691
0.27300
0.37176
0.14369
0.91500
0.29422
0.01808
0.36098
0.83553
0.34283
0.49258
0.67953
0.59430
0.67961
0.32818
0.95646
0.41719
0.90944
0.20312
0.11221
0.02568
0.10046
0.99855
0.59533
0.28568
0.19675
0.70871
0.17107
0.80200
0.94803
0.66391
0.26638
0.77769
0.35939
0.90919
0.34917
0.26698
0.89736
0.24661
0.42103
0.71585
0.95308
0.18996
0.84274
0.99616
0.36072
0.62371
0.62888
0.78895
0.21409
0.75277
0.14058
0.39385
0.00400
0.25993
0.99168
0.60549
0.44947
0.47449
0.14433
0.27046
0.92220
0.55623
0.92434
0.70450
0.01719
0.93079
0.25441
0.68108
0.65460
0.48197
0.92402
0.60401
0.52803
0.89249
0.85844
0.75807
0.72697
0.95501
0.75075
0.31148
0.96896
0.64098
0.38153
0.29476
0.86560
0.25879
0.17458
0.88085
0.90797
0.70345
0.47875
0.68844
0.00890
0.40220
0.88706
0.85271
0.02812
0.04059
0.58822
0.96157
0.24743
0.99690
0.27391
0.67622
0.00118
0.61014
0.59247
0.64096
0.43521
0.66990
0.08451
0.96330
0.51479
0.97668
0.56908
0.34551
0.87742
0.42529
0.84211
0.95482
0.84364
0.63895
0.08601
0.88309
0.23107
0.18782
0.80884
0.74302
0.16817
0.68453
0.21351
0.22640
0.13250
0.99933
0.44644
0.90890
0.61384
0.35336
0.49895
0.75219
0.05006
0.50422
0.18322
0.42323
0.67688
0.85343
0.01806
0.31544
0.18015
0.89427
0.70446
0.83865
0.82323
0.07534
0.17946
0.61602
0.56231
0.52289
0.80097
0.98002
0.96062
0.14396
0.56599
0.05259
0.72867
0.80213
0.44296
0.03877
0.30009
0.21774
0.76777
0.19679
0.63536
0.89939
0.82038
0.93535
0.89349
0.13320
0.67177
0.15570
0.78591
0.32056
0.59535
0.44223
0.40415
0.32922
0.29513
0.77100
0.77696
0.14855
0.00872
0.56262
0.94956
0.27468
0.84169
0.20999
0.18798
0.88950
0.79631
0.44086
0.73899
0.70874
0.00499
0.68014
0.87962
0.20481
0.49110
0.08669
0.42296
0.38895
0.77710
0.17654
0.71325
0.60144
0.79268
0.30870
0.58494
0.02887
0.94045
0.42599
0.01632
0.24526
0.22190
0.57649
0.27964
0.52728
0.26933
0.78050
0.84302
0.43728
0.02315
0.75809
0.07513
0.25440
0.01127
0.19817
0.13846
0.09094
0.45186
0.69289
0.56414
0.02610
0.96351
0.77666
0.49674
0.69024
0.84678
0.56882
0.00487
0.26869
0.52026
0.34249
0.66883
0.99186
0.88974
0.71303
0.51389
0.79714
0.55010
0.89094
0.25173
0.36547
0.95773
0.14245
0.31947
0.81291
0.31273
0.09411
0.82017
0.15107
0.76884
0.22297
0.05821
0.89757
0.70094
0.39766
0.43950
0.64136
0.20758
0.71741
0.14365
0.10499
0.64323
0.15873
0.67566
0.29578
0.43222
0.43308
0.83370
0.41580
0.33734
0.63525
0.31181
0.15313
0.21476
0.22701
0.93557
0.85799
0.19429
0.43715
0.23844
0.21245
0.85659
0.02060
0.35981
0.27568
0.26989
0.06960
0.67024
0.90645
0.98357
0.23563
0.22906
0.12219
0.77653
0.57581
0.27343
0.87364
0.16831
0.96659
0.71098
0.29414
0.89999
0.04819
0.95351
0.94812
0.20802
0.59632
0.34262
0.74840
0.48479
0.75340
0.81201
0.06286
0.03669
0.60744
0.04596
0.15740
0.07644
0.10427
0.92292
0.75698
0.82954
0.58868
0.07279
0.29618
0.20290
0.95305
0.46360
0.57258
0.57207
0.63978
0.00329
0.56972
0.12500
0.41035
0.55882
0.35099
0.35495
0.54267
0.24205
0.33280
0.38484
0.60741
0.30768
0.95390
0.18367
0.60845
0.64664
0.60742
0.18146
0.34784
0.30447
0.26066
0.41389
0.99192
0.54399
0.29115
0.13937
0.15878
0.66237
0.03092
0.61502
0.24318
0.79886
0.73586
0.68613
0.62694
0.07775
0.02454
0.13243
0.75760
0.99905
0.84395
0.60273
0.66331
0.65708
0.26092
0.41656
0.68022
0.22077
0.48543
0.22843
0.70213
0.93660
0.13543
0.87113
0.10100
0.22018
0.03401
0.23010
0.64379
0.69921
0.52107
0.28263
0.88236
0.03820
0.49321
0.16460
0.46100
0.11053
0.47805
0.72657
0.70146
0.42027
0.65979
0.88657
0.71596
0.98708
0.45403
0.95023
0.12433
0.13946
0.66734
0.02728
0.46964
0.99084
0.63410
0.74478
0.25174
0.91016
0.03972
0.08206
0.74531
0.19753
0.59075
0.15521
0.03888
0.19320
0.71766
0.85226
0.20866
0.90741
0.61050
0.49038
0.56992
0.19778
0.08465
0.25690
0.39757
0.20805
0.99793
0.04593
0.60569
0.77209
0.93402
0.38944
0.93380
0.01638
0.67922
0.15638
0.77604
0.96499
0.85164
0.30842
0.59708
0.86650
0.57039
0.84141
0.36550
0.04175
0.80627
0.63125
0.99103
0.01707
0.45475
0.97599
0.23590
0.54887
0.05940
0.64011
0.85740
0.00106
0.45784
0.97649
0.03563
0.86187
0.98003
0.04585
0.21957
0.99470
0.32183
0.81431
0.92180
0.07539
0.80968
0.50840
0.02224
0.43494
0.38028
0.42529
0.10282
0.75823
0.64235
0.99873
0.13683
0.06875
0.75620
0.08514
0.79507
0.31484
0.92252
0.23642
0.61220
0.80526
0.82134
0.15625
0.46348
0.94771
0.26616
0.86165
0.25827
0.07396
0.39211
0.50598
0.62985
0.93525
0.46046
0.85308
0.28518
0.39248
0.92616
0.80353
0.65552
0.33612
0.90685
0.50954
0.32684
0.19356
0.57981
0.51198
0.97921
0.31617
0.71288
0.56481
0.57315
0.77921
0.18661
0.95786
0.68594
0.78236
0.03218
0.11198
0.22519
0.26470
0.78318
0.05759
0.66566
0.64446
0.85459
0.93267
0.54274
0.91448
0.51892
0.53709
0.03607
0.47264
0.45865
0.20394
0.04524
0.18560
0.46327
0.33339
0.45958
0.46704
0.08363
0.84717
0.64679
0.25651
0.87585
0.67100
0.61565
0.01521
0.81412
0.24119
0.59696
0.32321
0.94475
0.31363
0.79904
0.47690
0.32287
0.68687
0.32070
0.12966
0.55500
0.11710
0.48083
0.86836
0.34874
0.42302
0.27514
0.60346
0.42004
0.01695
0.93223
0.29891
0.60883
0.13899
0.96682
0.02503
0.09971
0.50307
0.74510
0.11366
0.52554
0.39551
0.05286
0.49870
0.80300
0.79610
0.23693
0.91036
0.49119
0.54917
0.05619
0.27980
0.94629
0.28325
0.18897
0.35357
0.10913
0.05744
0.33540
0.98563
0.14548
0.19888
0.39910
0.60984
0.26045
0.42042
0.65129
0.29974
0.34434
0.37351
0.13972
0.66440
0.86509
0.07479
0.27599
0.03274
0.49391
0.23784
0.87913
0.11462
0.25137
0.69790
0.38278
0.02134
0.79708
0.69955
0.41452
0.52664
0.15998
0.77275
0.57076
0.89587
0.66725
0.70074
0.54128
0.48921
0.87719
0.37334
0.40933
0.70717
0.44117
0.34582
0.43739
0.37644
0.18828
0.37052
0.34818
0.62583
0.35531
0.70356
0.01157
0.96785
0.43268
0.63097
0.92247
0.06232
0.58899
0.87605
0.76750
0.74570
0.15620
0.05613
0.21864
0.41810
0.43690
0.72379
0.08272
0.40642
0.65163
0.77156
0.24368
0.84023
0.08460
0.96013
0.73666
0.30139
0.01236
0.66952
0.16782
0.01710
0.15040
0.19864
0.48505
0.15766
0.04893
0.89976
0.38754
0.45071
0.32531
0.18046
0.16391
0.55651
0.31897
0.13292
0.56252
0.48819
0.41133
0.63164
0.84781
0.54137
0.00843
0.39470
0.27316
0.57426
0.46879
0.48985
0.94887
0.89785
0.67071
0.45555
0.38937
0.40697
0.85945
0.51582
0.75297
0.32864
0.95105
0.76263
0.64341
0.53951
0.69439
0.28999
0.10688
0.95183
0.81899
0.44504
0.16364
0.82337
0.51634
0.22253
0.80301
0.19494
0.83667
0.17929
0.40038
0.37531
0.71226
0.14817
0.11326
0.19892
0.55388
0.01078
0.51278
0.27940
0.77796
0.77028
0.23919
0.63166
0.41390
0.62895
0.11911
0.41349
0.28436
0.84446
0.93704
0.86514
0.51153
0.54613
0.71686
0.89166
0.51495
0.90618
0.37384
0.22477
0.43885
0.91401
0.54233
0.42050
0.79543
0.43218
0.40729
0.76658
0.33878
0.49857
0.33229
0.78476
0.23369
0.94127
0.81195
0.06322
0.27305
0.49881
0.12070
0.88959
0.26610
0.29852
0.34403
0.82796
0.30858
0.88813
0.12572
0.13162
0.85947
0.55838
0.75152
0.44118
0.58030
0.01872
0.21219
0.03570
0.85981
0.77847
0.24550
0.98592
0.08212
0.10827
0.68701
0.64841
0.96008
0.85956
0.35469
0.77453
0.80725
0.44441
0.40532
0.70123
0.73549
0.08750
0.84046
0.28691
0.30007
0.74929
0.21301
0.35321
0.95414
0.80388
0.76380
0.04545
0.29876
0.53608
0.17297
0.43174
0.51908
0.31740
0.97454
0.33586
0.08906
0.23984
0.28264
0.11955
0.21319
0.17240
0.51839
0.38987
0.45295
0.53745
0.76334
0.78048
0.35832
0.54384
0.46271
0.38089
0.14182
0.42260
0.44537
0.05867
0.97638
0.88875
0.59284
0.61523
0.41022
0.54222
0.42825
0.51514
0.57028
0.52018
0.26473
0.23482
0.84019
0.26542
0.30673
0.70087
0.03288
0.98287
0.80171
0.21550
0.41748
0.33061
0.93781
0.55417
0.23177
0.47134
0.81659
0.12662
0.43001
0.12466
0.64165
0.49360
0.19669
0.24748
0.12296
0.57773
0.78113
0.71006
0.83641
0.45393
0.57028
0.05369
0.35584
0.32438
0.30862
0.90663
0.99362
0.30421
0.74641
0.65385
0.32031
0.03236
0.36897
0.67000
0.24494
0.15370
0.96896
0.00384
0.70374
0.07351
0.09665
0.48877
0.59170
0.84040
0.56896
0.65101
0.06502
0.77623
0.39861
0.84902
0.01259
0.61911
0.81005
0.04313
0.06187
0.63671
0.70390
0.57843
0.39198
0.59004
0.17776
0.90771
0.96537
0.65173
0.98991
0.58129
0.50122
0.08061
0.41529
0.68421
0.38272
0.34567
0.24231
0.89815
0.39015
0.22649
0.70116
0.06811
0.32238
0.91060
0.82162
0.34774
0.15220
0.82524
0.71944
0.29675
0.36089
0.68870
0.54541
0.35210
0.70420
0.70392
0.33782
0.55894
0.20448
0.62618
0.88699
0.32159
0.60742
0.18646
0.27726
0.05717
0.53019
0.42316
0.02660
0.94782
0.65624
0.13726
0.59481
0.02494
0.92105
0.49820
0.25834
0.25328
0.11865
0.57695
0.31178
0.10501
0.80582
0.37239
0.37195
0.05750
0.54020
0.14552
0.96827
0.42333
0.91688
0.53176
0.20563
0.76543
0.34440
0.08770
0.74223
0.70262
0.30656
0.39473
0.12415
0.90426
0.70477
0.20835
0.02008
0.48282
0.11852
0.59365
0.05401
0.93885
0.75167
0.10285
0.11291
0.98892
0.71255
0.07611
0.53657
0.86938
0.70417
0.00787
0.02535
0.01775
0.28542
0.57050
0.46139
0.22588
0.09689
0.89942
0.40096
0.61561
0.58950
0.22110
0.91331
0.38765
0.85826
0.32792
0.26597
0.06180
0.55886
0.56248
0.35657
0.69209
0.14145
0.59553
0.08420
0.97333
0.99578
0.74994
0.09968
0.18924
0.03766
0.86009
0.93300
0.58779
0.10303
0.96578
0.33025
0.44230
0.42024
0.76378
0.59772
0.08471
0.24547
0.44091
0.59204
0.67462
0.12978
0.78543
0.30634
0.85353
0.43220
0.37255
0.87344
0.51626
0.35694
0.08303
0.04327
0.98943
0.58070
0.79678
0.13802
0.79496
0.15203
0.16670
0.43029
0.40885
0.57179
0.62235
0.83668
0.15290
0.51381
0.04003
0.93525
0.83024
0.81635
0.62657
0.96978
0.83746
0.36410
0.12306
0.29305
0.00468
0.22661
0.67321
0.66633
0.01097
0.17097
0.40701
0.44450
0.60523
0.23646
0.04908
0.63528
0.43951
0.86836
0.92822
0.91149
0.86925
0.56474
0.16521
0.06905
0.70425
0.48755
0.66995
0.00587
0.34062
0.99610
0.74577
0.15871
0.50721
0.83634
0.99833
0.20666
0.48415
0.07545
0.04442
0.68411
0.64328
0.04666
0.29523
0.17821
0.52475
0.74328
0.12834
0.94700
0.16104
0.32528
0.63725
0.46281
0.83454
0.81212
0.48412
0.20378
0.21139
0.78382
0.03216
0.16952
0.32929
0.78257
0.61277
0.96301
0.42503
0.26195
0.78414
0.69299
0.27744
0.52098
0.82994
0.71478
0.80794
0.43784
0.00629
0.70836
0.85338
0.09646
0.27586
0.61635
0.00521
0.49209
0.87667
0.72611
0.24972
0.01852
0.06336
0.88029
0.10430
0.61501
0.00140
0.28878
0.24477
0.13785
0.24823
0.38530
0.96671
0.93510
0.41990
0.40996
0.88891
0.66364
0.03755
0.13436
0.78815
0.61724
0.95490
0.93319
0.68188
0.37464
0.71496
0.78721
0.16506
0.42151
0.88914
0.53958
0.10590
0.43143
0.73908
0.71523
0.20303
0.69612
0.61559
0.88072
0.46833
0.99940
0.57217
0.67534
0.29669
0.61718
0.43503
0.30663
0.88119
0.40689
0.75399
0.88552
0.28872
0.55617
0.23516
0.74006
0.80770
0.85525
0.80554
0.84922
0.52156
0.37483
0.28868
0.57917
0.97015
0.80533
0.01333
0.99888
0.34789
0.92096
0.05996
0.99640
0.06038
0.26854
0.61049
0.11026
0.89127
0.95642
0.93478
0.69600
0.85347
0.62892
0.88333
0.28682
0.02240
0.71456
0.83437
0.09787
0.17695
0.48394
0.05128
0.82300
0.25160
0.94371
0.32764
0.21798
0.46177
0.15906
0.42542
0.34323
0.26302
0.97722
0.70026
0.68581
0.97817
0.06550
0.71190
0.20251
0.37776
0.36044
0.48208
0.17681
0.55850
0.37918
0.76904
0.83119
0.28512
0.42201
0.78758
0.62578
0.12381
0.60483
0.47541
0.95512
0.51285
0.48752
0.38335
0.20860
0.29082
0.07664
0.67596
0.51905
0.24106
0.58504
0.82288
0.04311
0.17839
0.18516
0.56807
0.86186
0.45313
0.01356
0.03774
0.00548
0.05251
0.55241
0.91240
0.71024
0.37086
0.48864
0.75432
0.51327
0.04981
0.96528
0.77266
0.85960
0.65001
0.79484
0.43502
0.75476
0.48200
0.88201
0.51536
0.56909
0.45032
0.08808
0.10262
0.88068
0.65989
0.48277
0.47793
0.28724
0.42242
0.77480
0.21609
0.28056
0.05692
0.35132
0.70878
0.36624
0.57414
0.03683
0.74713
0.42529
0.03383
0.65768
0.48087
0.80975
0.76391
0.43301
0.33904
0.74681
0.61420
0.43067
0.97155
0.55381
0.02486
0.88093
0.02114
0.69992
0.16828
0.71258
0.58885
0.75317
0.69059
0.74208
0.72962
0.36814
0.05508
0.25440
0.95318
0.07660
0.12414
0.17956
0.76054
0.42853
0.91861
0.56210
0.93082
0.55628
0.53820
0.22348
0.21325
0.19573
0.34103
0.79802
0.17684
0.13513
0.43503
0.01539
0.05665
0.95229
0.03529
0.98121
0.98103
0.07949
0.80472
0.56552
0.87127
0.23898
0.92534
0.07185
0.77599
0.94119
0.90238
0.75089
0.64111
0.48391
0.13178
0.29789
0.20252
0.30020
0.50852
0.80838
0.64517
0.16266
0.56385
0.92682
0.99919
0.61474
0.54455
0.77471
0.77525
0.03682
0.34987
0.50598
0.81680
0.18575
0.20474
0.55039
0.57719
0.82845
0.02445
0.68365
0.12978
0.17583
0.75814
0.43240
0.89980
0.53673
0.98675
0.87461
0.90278
0.34249
0.22969
0.13431
0.05640
0.17976
0.20625
0.81885
0.20682
0.08315
0.69395
0.51340
0.79966
0.32413
0.64249
0.87724
0.36653
0.68001
0.02677
0.48526
0.79279
0.03732
0.05225
0.15762
0.14291
0.50349
0.04456
0.43143
0.68145
0.78511
0.54339
0.34569
0.09229
0.56430
0.31450
0.00550
0.85970
0.96826
0.26834
0.02653
0.59764
0.00453
0.12045
0.48026
0.48798
0.84576
0.00617
0.98711
0.38933
0.64950
0.58570
0.15465
0.27501
0.80067
0.42396
0.37776
0.94556
0.30619
0.89408
0.30985
0.43842
0.00895
0.22306
0.90653
0.04418
0.99274
0.35914
0.31031
0.58645
0.92400
0.83328
0.94776
0.32890
0.26625
0.38520
0.40075
0.85624
0.67461
0.06255
0.26902
0.21692
0.93274
0.74996
0.74008
0.16483
0.35124
0.62799
0.03905
0.91658
0.86160
0.79500
0.75216
0.33118
0.97133
0.94867
0.58531
0.48884
0.87702
0.02546
0.92993
0.78852
0.71785
0.78937
0.30536
0.36184
0.79120
0.55182
0.56607
0.51887
0.09905
0.09990
0.49634
0.48639
0.11780
0.42205
0.63914
0.07507
0.65021
0.46500
0.19940
0.19893
0.78050
0.26220
0.60295
0.85116
0.68130
0.53912
0.62612
0.63399
0.68800
0.94482
0.73540
0.72904
0.12093
0.87278
0.12408
0.27775
0.44845
0.00681
0.86908
0.42043
0.42888
0.01330
0.98772
0.78165
0.36063
0.40347
0.43956
0.78360
0.44861
0.78765
0.62540
0.51755
0.55403
0.58842
0.45511
0.08796
0.41102
0.98920
0.52650
0.03748
0.44543
0.47256
0.90755
0.44963
0.14266
0.63144
0.37274
0.02965
0.45977
0.76246
0.99912
0.15882
0.44174
0.40656
0.51948
0.60981
0.86009
0.25678
0.44422
0.60228
0.12971
0.71192
0.16080
0.05347
0.28994
0.27363
0.86724
0.83458
0.10343
0.52326
0.22308
0.35534
0.17660
0.84677
0.54201
0.24651
0.68002
0.14232
0.57728
0.87224
0.29520
0.38597
0.01855
0.67017
0.18900
0.99346
0.67618
0.96715
0.15975
0.87522
0.12325
0.98868
0.94353
0.87128
0.01733
0.77477
0.78923
0.36646
0.48217
0.09936
0.80584
0.98453
0.97836
0.11245
0.31828
0.81129
0.57355
0.22116
0.18705
0.23150
0.39123
0.96754
0.39068
0.09326
0.83785
0.48375
0.21936
0.10154
0.08991
0.29484
0.07158
0.92284
0.07408
0.56492
0.62651
0.56600
0.22296
0.73455
0.16393
0.74831
0.87015
0.26659
0.10277
0.39944
0.83772
0.91712
0.17319
0.11510
0.48709
0.43887
0.98128
0.36535
0.19035
0.24017
0.22484
0.97580
0.69801
0.82410
0.66940
0.34873
0.46217
0.24104
0.49008
0.62942
0.44958
0.46879
0.13956
0.81689
0.58144
0.68855
0.71782
0.40354
0.05516
0.88860
0.68158
0.41949
0.72292
0.83962
0.97895
0.98191
0.93741
0.86604
0.40791
0.54976
0.08209
0.54379
0.63441
0.53506
0.78910
0.33034
0.23010
0.21651
0.23168
0.41066
0.29795
0.61782
0.07351
0.68258
0.14722
0.39364
0.42204
0.35183
0.46873
0.91107
0.53195
0.82694
0.90224
0.18727
0.63836
0.24097
0.56798
0.54851
0.49470
0.94706
0.68006
0.23539
0.99979
0.06275
0.21351
0.40011
0.12472
0.99707
0.42153
0.64466
0.40380
0.64463
0.95040
0.35511
0.31594
0.34282
0.00896
0.24233
0.53879
0.82280
0.38484
0.83498
0.07244
0.89704
0.10489
0.76399
0.70819
0.43160
0.49887
0.08441
0.12987
0.56682
0.43849
0.11129
0.63229
0.35367
0.93877
0.98145
0.44830
0.02777
0.00009
0.70122
0.78955
0.06733
0.68676
0.46281
0.00771
0.90594
0.73278
0.19332
0.57462
0.09084
0.84235
0.11063
0.64101
0.31171
0.71705
0.00085
0.88302
0.19170
0.61604
0.98026
0.45358
0.85334
0.55916
0.45798
0.20394
0.68072
0.78356
0.63802
0.24213
0.75306
0.74663
0.26657
0.17894
0.26450
0.22606
0.61868
0.33499
0.61526
0.54235
0.62453
0.14531
0.91384
0.46208
0.56990
0.05060
0.83822
0.24493
0.33873
0.25610
0.64702
0.62666
0.84324
0.32164
0.96931
0.51120
0.44258
0.78770
0.14428
0.83315
0.73836
0.63522
0.77597
0.27076
0.36748
0.84413
0.53642
0.80015
0.35131
0.33485
0.00707
0.94864
0.89371
0.99661
0.18296
0.01651
0.19590
0.84147
0.80749
0.71094
0.86286
0.05068
0.15538
0.85631
0.85388
0.55503
0.96830
0.39115
0.10720
0.14465
0.86153
0.82022
0.77533
0.37832
0.75820
0.79847
0.82693
0.57114
0.07138
0.07736
0.53137
0.99238
0.64704
0.48371
0.34973
0.99020
0.54234
0.95046
0.38493
0.70101
0.11227
0.86480
0.35058
0.24031
0.04154
0.04358
0.65086
0.55673
0.98288
0.21207
0.73472
0.25785
0.22579
0.56009
0.02499
0.57927
0.17151
0.07204
0.89763
0.40990
0.23143
0.69732
0.35259
0.04700
0.83409
0.43236
0.87395
0.13423
0.40028
0.81365
0.08882
0.98269
0.40747
0.20844
0.57257
0.31740
0.18307
0.02596
0.04980
0.75364
0.02738
0.98277
0.45763
0.86885
0.63024
0.84086
0.38352
0.59318
0.51600
0.99992
0.43856
0.51195
0.73114
0.03544
0.64404
0.01451
0.79579
0.96237
0.71260
0.63861
0.33403
0.43152
0.41154
0.26665
0.18998
0.50862
0.67078
0.89102
0.33432
0.61381
0.02278
0.03140
0.61127
0.50585
0.17442
0.38580
0.09849
0.44621
0.21281
0.68432
0.49329
0.31284
0.40929
0.41418
0.24904
0.31504
0.53034
0.92584
0.89398
0.00524
0.48374
0.11889
0.76685
0.02014
0.36300
0.33612
0.53772
0.63344
0.80423
0.63658
0.31547
0.38376
0.84338
0.11606
0.28524
0.19837
0.83873
0.12410
0.09074
0.22974
0.81297
0.93043
0.99704
0.33794
0.25950
0.87293
0.37655
0.76829
0.57439
0.41011
0.35818
0.48607
0.48671
0.92255
0.22974
0.40825
0.00378
0.02118
0.88386
0.24455
0.22473
0.07129
0.18248
0.71289
0.84652
0.59784
0.38779
0.44458
0.14573
0.21186
0.41885
0.60401
0.70664
0.95627
0.61659
0.12096
0.75805
0.73450
0.89443
0.78709
0.10820
0.40331
0.72421
0.14265
0.68201
0.20762
0.45763
0.94443
0.01501
0.14669
0.77854
0.86819
0.98215
0.82402
0.72614
0.79121
0.20636
0.43601
0.82961
0.33472
0.82817
0.31506
0.05964
0.24848
0.55410
0.98685
0.22146
0.87527
0.97762
0.02697
0.48508
0.35930
0.48757
0.20666
0.70894
0.28241
0.54643
0.47012
0.73193
0.22311
0.16485
0.81688
0.84317
0.61120
0.32461
0.70159
0.30613
0.24813
0.54363
0.22360
0.68580
0.76070
0.92354
0.85659
0.59349
0.74380
0.93538
0.16208
0.52490
0.74692
0.03042
0.14105
0.13105
0.65737
0.60406
0.48863
0.54316
0.16506
0.26369
0.45804
0.86024
0.25006
0.66858
0.28359
0.88721
0.41777
0.82461
0.89584
0.14955
0.45142
0.19346
0.87953
0.08584
0.98725
0.20353
0.75827
0.13105
0.07180
0.73627
0.38815
0.27599
0.27384
0.80320
0.54230
0.21753
0.66481
0.50057
0.84604
0.26397
0.61146
0.96334
0.09229
0.84680
0.65541
0.39870
0.95544
0.46104
0.36743
0.13211
0.83596
0.86887
0.70709
0.88418
0.50992
0.38569
0.21774
0.89780
0.82762
0.88005
0.08273
0.85747
0.08149
0.67840
0.89750
0.96698
0.38145
0.03192
0.31486
0.55095
0.17085
0.31560
0.16206
0.71669
0.79228
0.54590
0.68060
0.65162
0.84375
0.81013
0.71207
0.03329
0.76584
0.78137
0.74810
0.96104
0.28058
0.42809
0.23443
0.45575
0.54230
0.77780
0.13898
0.82743
0.15495
0.19535
0.89574
0.66069
0.85450
0.61462
0.74251
0.76582
0.42994
0.73247
0.03178
0.65283
0.02044
0.57288
0.02833
0.86813
0.45727
0.36639
0.01625
0.24745
0.06773
0.71392
0.52928
0.80272
0.77458
0.65191
0.92294
0.63133
0.09977
0.57490
0.65553
0.06106
0.71267
0.32115
0.87373
0.07850
0.76585
0.89153
0.10936
0.26919
0.82264
0.10754
0.87129
0.96537
0.97740
0.35713
0.42881
0.59109
0.06539
0.75342
0.45185
0.27713
0.15616
0.33382
0.50360
0.96322
0.02636
0.88179
0.28656
0.55630
0.16695
0.60875
0.79424
0.09239
0.62946
0.94955
0.87979
0.76114
0.12962
0.52660
0.65486
0.00915
0.93335
0.26653
0.09066
0.57335
0.24395
0.55684
0.13142
0.39553
0.22325
0.74671
0.30670
0.06952
0.99412
0.89294
0.67761
0.07989
0.30865
0.07982
0.51755
0.02821
0.98449
0.29228
0.92651
0.35281
0.85163
0.74553
0.81166
0.53906
0.05141
0.59230
0.09978
0.31776
0.41496
0.20890
0.33414
0.36190
0.39279
0.40650
0.26826
0.85262
0.11386
0.74678
0.03941
0.66545
0.14861
0.20939
0.12717
0.41304
0.17398
0.15530
0.40459
0.02697
0.06735
0.84556
0.22456
0.63606
0.65026
0.75739
0.63648
0.19560
0.23933
0.17928
0.53434
0.81556
0.16632
0.61605
0.12403
0.10918
0.56126
0.80214
0.39856
0.78651
0.64719
0.41135
0.08562
0.70239
0.77671
0.93856
0.81528
0.45847
0.62371
0.16587
0.66947
0.01881
0.12128
0.63475
0.81698
0.64099
0.47800
0.31576
0.22430
0.61516
0.74514
0.73047
0.89280
0.53293
0.52383
0.68567
0.22284
0.32354
0.79893
0.79293
0.81900
0.34469
0.77596
0.30095
0.37483
0.89564
0.38652
0.30940
0.69273
0.39651
0.31158
0.08176
0.00147
0.92573
0.43327
0.97117
0.26499
0.05620
0.64497
0.62101
0.93136
0.37198
0.27255
0.05541
0.72797
0.83980
0.44084
0.20022
0.46511
0.09877
0.89721
0.89258
0.53648
0.74277
0.02951
0.78613
0.98088
0.46817
0.08681
0.34931
0.98232
0.33210
0.14552
0.99793
0.60512
0.29888
0.27169
0.57997
0.31080
0.42588
0.62792
0.15944
0.15927
0.82370
0.54757
0.28552
0.07623
0.53032
0.47936
0.70269
0.19271
0.41960
0.20024
0.25759
0.94441
0.69651
0.77246
0.44771
0.44751
0.82107
0.09630
0.04640
0.30953
0.31372
0.33352
0.10061
0.17801
0.89678
0.47854
0.89799
0.01886
0.40031
0.25889
0.33813
0.56057
0.90084
0.80549
0.00993
0.38848
0.45752
0.66777
0.40201
0.44274
0.89304
0.85730
0.50135
0.10421
0.54946
0.76218
0.82167
0.70162
0.23056
0.14124
0.38934
0.30424
0.50079
0.72138
0.61238
0.83227
0.73560
0.14819
0.20918
0.38526
0.21558
0.25399
0.29218
0.88967
0.49585
0.52513
0.04121
0.67934
0.06602
0.71426
0.73198
0.17635
0.77569
0.01510
0.97135
0.00121
0.05635
0.45451
0.53600
0.98339
0.67016
0.79496
0.86442
0.80461
0.64188
0.32088
0.12017
0.91128
0.83712
0.09199
0.27507
0.69199
0.98729
0.48765
0.53869
0.60138
0.98727
0.80269
0.97517
0.27400
0.71224
0.78726
0.49213
0.38885
0.45958
0.99886
0.65401
0.76058
0.02264
0.18980
0.12046
0.46843
0.18726
0.32397
0.84494
0.52452
0.88545
0.85472
0.62931
0.85343
0.12866
0.47525
0.48591
0.00933
0.12197
0.42699
0.81879
0.59788
0.35698
0.39875
0.79450
0.49921
0.08877
0.44470
0.04821
0.11396
0.62710
0.58917
0.41815
0.90165
0.63371
0.74979
0.42780
0.36825
0.26626
0.54196
0.00986
0.83008
0.75095
0.18737
0.64462
0.90597
0.68355
0.20233
0.56853
0.89476
0.85318
0.05418
0.50412
0.46906
0.89198
0.73146
0.21628
0.18295
0.40025
0.08473
0.13732
0.78048
0.52414
0.82464
0.89570
0.44793
0.08177
0.37922
0.77755
0.39784
0.23450
0.48766
0.90913
0.80741
0.83019
0.06382
0.36496
0.69824
0.87691
0.74950
0.87622
0.82865
0.39692
0.54573
0.97000
0.74722
0.44836
0.48031
0.92275
0.94390
0.92276
0.42920
0.75143
0.96519
0.84314
0.13595
0.16431
0.77578
0.77627
0.99977
0.80303
0.68514
0.54957
0.24726
0.92861
0.72972
0.86402
0.75084
0.90376
0.33394
0.70605
0.07545
0.46963
0.56684
0.83604
0.78884
0.89195
0.71495
0.85256
0.18321
0.85727
0.97035
0.72033
0.72071
0.28071
0.15265
0.56012
0.11579
0.22570
0.96958
0.44560
0.27036
0.20772
0.09236
0.83006
0.69542
0.65858
0.37278
0.13242
0.02015
0.30737
0.80744
0.25759
0.24158
0.85453
0.02082
0.01485
0.08504
0.15135
0.63239
0.44448
0.87467
0.75372
0.95083
0.56814
0.16831
0.76845
0.37391
0.51714
0.37760
0.47345
0.94714
0.77518
0.07914
0.26809
0.86863
0.86968
0.11271
0.79070
0.45319
0.38068
0.41568
0.50817
0.88990
0.87199
0.24703
0.77516
0.64595
0.81510
0.51635
0.43872
0.34938
0.90792
0.39347
0.24380
0.23219
0.43893
0.87233
0.13994
0.22367
0.04845
0.46564
0.05993
0.72069
0.15242
0.79597
0.66478
0.39185
0.94736
0.97514
0.08588
0.13164
0.67864
0.75874
0.70785
0.27329
0.89530
0.19186
0.75275
0.28522
0.99011
0.86436
0.00372
0.75462
0.04799
0.34901
0.71891
0.86389
0.00519
0.57030
0.21889
0.81101
0.71564
0.74679
0.68646
0.34830
0.89440
0.92566
0.14980
0.81558
0.19218
0.01593
0.31526
0.26081
0.45374
0.05832
0.81040
0.97563
0.41115
0.35859
0.13066
0.15229
0.12910
0.39718
0.34143
0.98538
0.39888
0.80298
0.29926
0.28561
0.93174
0.36405
0.36808
0.52313
0.43165
0.35901
0.88458
0.69209
0.97379
0.19061
0.49943
0.04925
0.69774
0.84431
0.85211
0.19992
0.75482
0.73609
0.96089
0.60572
0.56187
0.68685
0.18331
0.37084
0.77508
0.25696
0.42533
0.39394
0.81005
0.10098
0.06218
0.51865
0.81287
0.19789
0.01307
0.62810
0.73641
0.68445
0.22432
0.72216
0.03801
0.76264
0.59816
0.14010
0.97818
0.38341
0.82101
0.47188
0.54310
0.29158
0.16697
0.62675
0.89387
0.69214
0.48691
0.22464
0.37275
0.62444
0.27211
0.66147
0.48289
0.91858
0.52027
0.20410
0.69645
0.07496
0.74034
0.76853
0.46372
0.40986
0.78645
0.50872
0.46527
0.60539
0.78727
0.69370
0.08352
0.01551
0.43791
0.95624
0.97772
0.78256
0.20747
0.43314
0.59901
0.79801
0.21496
0.80813
0.22622
0.67995
0.80352
0.51768
0.28625
0.73927
0.34188
0.44043
0.97569
0.26798
0.03132
0.72571
0.19206
0.51805
0.45066
0.42004
0.09799
0.47215
0.42108
0.37582
0.40497
0.94687
0.55287
0.25569
0.55128
0.09345
0.05638
0.26049
0.98299
0.13372
0.94464
0.87399
0.60306
0.83078
0.09737
0.33956
0.72473
0.60436
0.13611
0.32873
0.21137
0.15575
0.99839
0.81926
0.36926
0.86006
0.51106
0.55546
0.26870
0.45838
0.47631
0.47090
0.34232
0.75501
0.24160
0.84923
0.16083
0.29232
0.08258
0.58634
0.80606
0.43865
0.57894
0.86695
0.48220
0.49361
0.98292
0.07356
0.13506
0.88327
0.66427
0.76918
0.65441
0.27790
0.47474
0.26600
0.23230
0.98117
0.85196
0.34504
0.78168
0.03030
0.69705
0.54591
0.77264
0.60046
0.42384
0.52563
0.63528
0.76993
0.05134
0.98463
0.61449
0.38328
0.30312
0.24286
0.05848
0.74748
0.87640
0.76160
0.55780
0.45434
0.08410
0.57685
0.63631
0.46534
0.63087
0.82496
0.52720
0.45515
0.16552
0.21950
0.20023
0.05548
0.56849
0.09380
0.53617
0.23379
0.79250
0.48742
0.97318
0.13403
0.74279
0.85105
0.15415
0.66205
0.95546
0.63700
0.13357
0.14776
0.57216
0.28228
0.01345
0.01913
0.86941
0.83306
0.24963
0.63189
0.55446
0.82104
0.07454
0.78678
0.98568
0.66760
0.70480
0.63563
0.15778
0.94481
0.47536
0.51125
0.33430
0.53687
0.23086
0.44107
0.60808
0.56473
0.34777
0.23485
0.10282
0.35519
0.86022
0.43316
0.81364
0.84010
0.69260
0.92696
0.71293
0.82774
0.78182
0.34086
0.68052
0.53579
0.68819
0.96135
0.83569
0.42996
0.82267
0.35489
0.72287
0.71068
0.66081
0.92830
0.70343
0.96331
0.47864
0.76258
0.49396
0.67559
0.34597
0.05119
0.74316
0.17798
0.64243
0.19604
0.12814
0.41280
0.92662
0.22795
0.86550
0.96968
0.34445
0.09817
0.47524
0.09215
0.79635
0.56754
0.87841
0.82623
0.28060
0.52641
0.11979
0.38150
0.83995
0.33525
0.86757
0.62543
0.49414
0.82487
0.52190
0.53413
0.46598
0.18619
0.49716
0.89166
0.29941
0.32238
0.60541
0.40160
0.64588
0.11878
0.66109
0.74379
0.74356
0.52792
0.49344
0.10832
0.69115
0.11910
0.97641
0.57414
0.51943
0.99711
0.24880
0.73408
0.65055
0.16848
0.93500
0.34808
0.00416
0.34890
0.95227
0.11723
0.49160
0.29030
0.89503
0.06667
0.94740
0.20984
0.54492
0.99000
0.49496
0.45750
0.54767
0.06796
0.60448
0.34058
0.29695
0.41771
0.22723
0.44992
0.66725
0.00978
0.49068
0.84630
0.20766
0.56202
0.60715
0.12290
0.16413
0.65371
0.93201
0.47328
0.38011
0.07918
0.42776
0.55331
0.28273
0.10877
0.19082
0.16754
0.73063
0.39931
0.23678
0.38228
0.67783
0.67606
0.63797
0.51957
0.54583
0.19171
0.54545
0.13246
0.37687
0.03151
0.58546
0.48087
0.08066
0.39370
0.32896
0.38027
0.96408
0.37395
0.16911
0.46035
0.82299
0.85071
0.18527
0.02888
0.35743
0.25296
0.55545
0.44430
0.01601
0.79524
0.85496
0.06875
0.86923
0.48000
0.63073
0.93702
0.90116
0.58820
0.44222
0.61702
0.88090
0.59972
0.06761
0.59052
0.84476
0.13896
0.11774
0.42143
0.96491
0.32634
0.40491
0.99894
0.36790
0.21093
0.69736
0.18689
0.81343
0.11676
0.98455
0.26463
0.24362
0.69257
0.89461
0.36371
0.08442
0.98054
0.33265
0.44142
0.67352
0.81408
0.50775
0.21178
0.70874
0.23326
0.58134
0.42795
0.98241
0.04511
0.50211
0.78890
0.91530
0.22463
0.73933
0.46975
0.95414
0.56955
0.73536
0.76665
0.33288
0.40675
0.33194
0.21963
0.79088
0.81317
0.16791
0.40365
0.61219
0.82736
0.32886
0.89198
0.34556
0.12145
0.97061
0.19082
0.40273
0.81146
0.53140
0.96478
0.38914
0.50333
0.00914
0.97125
0.82114
0.30797
0.97244
0.15793
0.27152
0.39055
0.24193
0.48498
0.60312
0.03765
0.36314
0.07893
0.81551
0.39935
0.65980
0.19577
0.42092
0.05671
0.23042
0.28152
0.82776
0.71764
0.04779
0.73455
0.52280
0.24944
0.41010
0.01582
0.19333
0.74452
0.52394
0.11491
0.00617
0.17474
0.08265
0.89575
0.85812
0.97942
0.12918
0.46250
0.92347
0.78256
0.48104
0.52029
0.16445
0.32126
0.28042
0.15198
0.53686
0.63647
0.15722
0.49499
0.54574
0.04629
0.80045
0.84460
0.72231
0.89317
0.64419
0.73836
0.36144
0.35053
0.40956
0.37916
0.47490
0.96267
0.97962
0.80235
0.93137
0.29418
0.09438
0.11470
0.31359
0.62729
0.43680
0.09212
0.37001
0.28375
0.61255
0.48895
0.57502
0.46473
0.59739
0.37265
0.15451
0.65031
0.96262
0.55424
0.48253
0.05418
0.78270
0.02366
0.26962
0.05851
0.05686
0.56872
0.45974
0.16233
0.35785
0.54580
0.59425
0.06077
0.14611
0.91028
0.60444
0.16600
0.28000
0.46309
0.34906
0.95625
0.43464
0.63224
0.91428
0.54514
0.12597
0.87355
0.48705
0.87566
0.52319
0.87182
0.61850
0.57718
0.07711
0.87779
0.39936
0.12582
0.76565
0.95462
0.47987
0.50060
0.06431
0.40652
0.22850
0.60331
0.97335
0.83828
0.22734
0.90760
0.82453
0.01582
0.39758
0.55680
0.45492
0.01504
0.41520
0.57430
0.23519
0.57538
0.86538
0.09578
0.59328
0.05954
0.28928
0.36672
0.90245
0.90563
0.59611
0.89314
0.39612
0.76465
0.24583
0.50960
0.08656
0.21549
0.41859
0.16852
0.14244
0.02452
0.08858
0.23874
0.88093
0.27822
0.98376
0.46998
0.28696
0.24792
0.74276
0.73570
0.10444
0.44978
0.60527
0.84107
0.73995
0.44350
0.52477
0.33923
0.50961
0.45809
0.32062
0.26586
0.81452
0.25440
0.43744
0.46335
0.61862
0.33912
0.41797
0.98424
0.62003
0.76878
0.70512
0.56401
0.52349
0.72422
0.73385
0.76833
0.83554
0.67825
0.78916
0.82501
0.50131
0.29743
0.78960
0.68075
0.20979
0.84537
0.84131
0.21270
0.83793
0.55425
0.68853
0.35610
0.38110
0.58001
0.52064
0.94580
0.68658
0.23695
0.41263
0.10702
0.58677
0.83339
0.12512
0.33195
0.44795
0.42950
0.36256
0.50037
0.10432
0.35187
0.93135
0.92095
0.06637
0.83593
0.46619
0.01750
0.33281
0.12539
0.22971
0.78656
0.47861
0.40077
0.27024
0.59369
0.38156
0.00346
0.23043
0.46978
0.61603
0.17618
0.38293
0.83643
0.14798
0.21810
0.46143
0.26656
0.02039
0.54533
0.27380
0.99415
0.93377
0.06057
0.42445
0.03418
0.12444
0.55394
0.89757
0.04727
0.38213
0.05689
0.55850
0.11703
0.90214
0.84714
0.75948
0.11840
0.97837
0.14856
0.39698
0.07354
0.66608
0.82656
0.76051
0.03263
0.84409
0.11928
0.64588
0.84623
0.68000
0.31878
0.58923
0.81858
0.54991
0.18188
0.44970
0.55625
0.37936
0.01348
0.52691
0.83523
0.29137
0.42911
0.64845
0.60000
0.21506
0.80114
0.71902
0.04587
0.68824
0.63586
0.56707
0.41886
0.02448
0.29529
0.85797
0.64847
0.09970
0.54588
0.06742
0.31345
0.59625
0.62999
0.12089
0.11261
0.89544
0.00837
0.44266
0.79128
0.86992
0.97787
0.77636
0.97115
0.72067
0.07735
0.04317
0.96948
0.42962
0.17574
0.57283
0.26151
0.29262
0.04463
0.79126
0.51109
0.27580
0.43550
0.72637
0.25135
0.49805
0.24915
0.88263
0.42713
0.01423
0.70992
0.04796
0.78891
0.32970
0.20481
0.79406
0.50792
0.72058
0.30276
0.00110
0.30800
0.76102
0.83872
0.55087
0.80710
0.99177
0.76492
0.33622
0.39395
0.22557
0.81335
0.49502
0.02108
0.73557
0.77791
0.37182
0.13065
0.15619
0.51007
0.13103
0.30178
0.84999
0.74517
0.44021
0.26001
0.48808
0.49334
0.34928
0.30625
0.66198
0.46649
0.34593
0.21949
0.05016
0.84304
0.30495
0.15058
0.59254
0.94581
0.69881
0.91937
0.99528
0.31631
0.07014
0.33943
0.97736
0.97078
0.31920
0.33217
0.94563
0.77751
0.32394
0.32193
0.88829
0.37330
0.17286
0.64112
0.11731
0.24989
0.97688
0.04901
0.02033
0.12259
0.41321
0.24158
0.19152
0.41737
0.60875
0.86633
0.01394
0.45525
0.47442
0.23602
0.74419
0.61623
0.67427
0.72669
0.38360
0.66564
0.30894
0.93287
0.68784
0.40960
0.15408
0.09396
0.45709
0.56865
0.72348
0.66467
0.71027
0.90170
0.11242
0.50260
0.37235
0.10344
0.78144
0.91098
0.44167
0.33984
0.94716
0.20765
0.48477
0.16314
0.52963
0.43491
0.33516
0.04330
0.25665
0.15285
0.91141
0.38479
0.96648
0.80971
0.17974
0.92736
0.76859
0.55189
0.88509
0.52284
0.49322
0.53438
0.68490
0.64227
0.74097
0.53610
0.58563
0.96637
0.26344
0.52869
0.28490
0.55989
0.89711
0.51534
0.87064
0.56288
0.14922
0.85339
0.32515
0.02858
0.76819
0.85501
0.11704
0.66792
0.97243
0.23156
0.95908
0.91488
0.47879
0.01289
0.36812
0.27975
0.90817
0.91040
0.97199
0.42133
0.65497
0.81652
0.43239
0.40029
0.86482
0.11307
0.95106
0.02122
0.02720
0.68248
0.73264
0.72981
0.44583
0.25343
0.52213
0.04731
0.58544
0.93951
0.95784
0.82079
0.64309
0.16965
0.01274
0.24942
0.02590
0.62985
0.79046
0.22893
0.57720
0.17886
0.62842
0.77391
0.03742
0.39893
0.32507
0.87543
0.37453
0.27049
0.04804
0.59913
0.45275
0.96044
0.35627
0.58124
0.44678
0.26608
0.57034
0.55118
0.94637
0.61294
0.14420
0.37898
0.66465
0.29157
0.64538
0.05140
0.63986
0.92605
0.21654
0.45376
0.54442
0.30214
0.62632
0.20859
0.44670
0.20391
0.44023
0.63150
0.29732
0.19128
0.38085
0.86075
0.72125
0.59976
0.89511
0.63510
0.53846
0.85868
0.77688
0.97187
0.34317
0.11376
0.58372
0.06847
0.86753
0.39760
0.76352
0.98630
0.70194
0.71466
0.46447
0.73849
0.51502
0.77605
0.61664
0.42015
0.09361
0.98199
0.99639
0.77623
0.46793
0.33327
0.06523
0.38511
0.23612
0.39757
0.77337
0.26221
0.79989
0.40491
0.28826
0.19569
0.13979
0.79717
0.42092
0.79993
0.62724
0.27752
0.50753
0.69231
0.35900
0.27497
0.32770
0.07447
0.82908
0.66446
0.06555
0.72905
0.93466
0.30192
0.83983
0.43099
0.81265
0.84896
0.19406
0.12566
0.74459
0.95010
0.45371
0.51702
0.10226
0.61577
0.98839
0.04377
0.93652
0.95122
0.81044
0.33400
0.08532
0.39869
0.03674
0.33329
0.23343
0.06004
0.49242
0.21895
0.95654
0.74466
0.51439
0.40560
0.55890
0.74350
0.63464
0.60737
0.95272
0.81955
0.33422
0.41081
0.53128
0.55840
0.18454
0.98351
0.71684
0.94896
0.01722
0.59269
0.67835
0.60547
0.52558
0.56098
0.43380
0.04949
0.25886
0.97859
0.34487
0.60802
0.00669
0.48463
0.70485
0.53908
0.80720
0.29041
0.09561
0.59342
0.23223
0.39160
0.45472
0.08886
0.36054
0.03330
0.47841
0.44362
0.30140
0.52462
0.32272
0.48770
0.84513
0.49693
0.25559
0.73478
0.95728
0.78669
0.08009
0.81227
0.98185
0.14018
0.39000
0.39165
0.86769
0.35114
0.24421
0.29233
0.44731
0.39206
0.53509
0.47398
0.55569
0.14869
0.13819
0.99953
0.00719
0.43918
0.44083
0.55239
0.30809
0.40139
0.75071
0.27059
0.74396
0.81282
0.99788
0.75039
0.11210
0.75479
0.34895
0.69381
0.08533
0.36017
0.01100
0.84963
0.20256
0.35151
0.05987
0.84641
0.16485
0.65473
0.80185
0.26016
0.14078
0.48948
0.91073
0.70963
0.71036
0.25917
0.87037
0.09507
0.69618
0.18227
0.97699
0.90668
0.50415
0.55869
0.52797
0.36109
0.52613
0.11762
0.80785
0.59477
0.20205
0.29949
0.94772
0.65023
0.02368
0.14504
0.82104
0.10980
0.75898
0.24858
0.22080
0.82403
0.36179
0.91592
0.09754
0.25923
0.24200
0.36679
0.61184
0.50809
0.12927
0.03221
0.99911
0.26615
0.20673
0.70235
0.63009
0.80744
0.01355
0.54007
0.20691
0.74611
0.66931
0.21309
0.61588
0.15428
0.92707
0.24409
0.53388
0.72761
0.16655
0.30149
0.51148
0.28472
0.59348
0.34280
0.88855
0.52261
0.89779
0.42049
0.43520
0.44688
0.02010
0.04374
0.87753
0.84780
0.53788
0.32970
0.71979
0.73357
0.52621
0.57417
0.73129
0.52868
0.18297
0.39230
0.35730
0.06879
0.45335
0.91026
0.04827
0.43777
0.85317
0.37557
0.55147
0.33812
0.84609
0.88208
0.66376
0.05795
0.07565
0.41267
0.92664
0.03155
0.94925
0.23185
0.38102
0.29591
0.94433
0.06457
0.35812
0.39155
0.21914
0.66711
0.36903
0.61817
0.15042
0.10988
0.52382
0.72847
0.95635
0.33590
0.66839
0.05458
0.73610
0.71850
0.28730
0.92630
0.35455
0.44002
0.89329
0.53061
0.63061
0.68558
0.43485
0.96944
0.03245
0.85757
0.61182
0.31100
0.34943
0.73701
0.86653
0.57710
0.62160
0.05138
0.80953
0.36853
0.13123
0.11801
0.21382
0.34020
0.83915
0.83126
0.17395
0.84340
0.29451
0.41752
0.51859
0.72812
0.80027
0.75164
0.02429
0.10834
0.69792
0.54423
0.14637
0.31159
0.01827
0.02302
0.59836
0.13727
0.34041
0.69289
0.61859
0.74457
0.69280
0.48465
0.90681
0.96047
0.63212
0.29175
0.94618
0.58686
0.10669
0.91034
0.86181
0.40977
0.52966
0.07518
0.21111
0.69702
0.17902
0.38861
0.21655
0.01327
0.92958
0.23740
0.17372
0.99284
0.86035
0.87781
0.49725
0.73719
0.81338
0.48619
0.66044
0.01929
0.06486
0.42085
0.60755
0.61415
0.23344
0.36415
0.58244
0.72486
0.64215
0.80532
0.15899
0.00300
0.12718
0.07257
0.71422
0.22511
0.76651
0.46275
0.40913
0.81768
0.32855
0.60589
0.82003
0.74414
0.52589
0.54951
0.56237
0.32813
0.58710
0.71836
0.77787
0.07137
0.70328
0.97460
0.88651
0.01364
0.15851
0.00423
0.90814
0.20638
0.56043
0.36313
0.02592
0.12588
0.16780
0.13829
0.74891
0.61975
0.72402
0.54839
0.35161
0.38170
0.64082
0.28944
0.51392
0.58870
0.37018
0.39265
0.89555
0.59637
0.45593
0.64086
0.54036
0.86845
0.10397
0.06015
0.99475
0.43198
0.89466
0.87974
0.51853
0.12699
0.86010
0.43909
0.52905
0.71367
0.07623
0.97258
0.34511
0.63402
0.67523
0.85559
0.01281
0.12639
0.12928
0.62563
0.19982
0.63587
0.05534
0.84420
0.18722
0.27763
0.48936
0.85620
0.37532
0.62184
0.76244
0.74136
0.29195
0.44826
0.63279
0.27673
0.66205
0.95152
0.00429
0.81194
0.34413
0.25854
0.33580
0.94789
0.19739
0.10349
0.10028
0.01232
0.07080
0.40470
0.97032
0.79834
0.60530
0.97735
0.96614
0.07647
0.07149
0.74621
0.53436
0.73598
0.61286
0.31065
0.86036
0.79076
0.75718
0.54184
0.84821
0.29542
0.17546
0.07032
0.36190
0.44290
0.21745
0.84876
0.63751
0.19242
0.44157
0.91207
0.52828
0.85150
0.20922
0.49363
0.58968
0.08286
0.85942
0.96949
0.76640
0.46757
0.68748
0.39854
0.94782
0.58487
0.49992
0.52130
0.04637
0.70616
0.35367
0.67608
0.50964
0.67067
0.94029
0.07148
0.14926
0.55553
0.86332
0.65312
0.48174
0.56773
0.71087
0.35426
0.81770
0.05821
0.84521
0.65770
0.31932
0.71268
0.16959
0.53317
0.16905
0.45973
0.66000
0.17942
0.68911
0.42841
0.28814
0.01908
0.88134
0.36994
0.52896
0.07311
0.81550
0.65198
0.99611
0.75780
0.29627
0.78803
0.45841
0.63892
0.73780
0.36238
0.48401
0.12004
0.07913
0.14147
0.15868
0.23494
0.08623
0.49861
0.26216
0.13664
0.69795
0.31410
0.78582
0.99345
0.93115
0.76126
0.85314
0.63541
0.13714
0.80699
0.36520
0.66530
0.56658
0.21114
0.92324
0.75099
0.85841
0.14789
0.66636
0.09005
0.96259
0.80853
0.67117
0.20661
0.29987
0.12841
0.59695
0.86742
0.95382
0.96419
0.45334
0.94984
0.38124
0.05062
0.20249
0.85985
0.91347
0.56351
0.66023
0.03178
0.88787
0.08580
0.15107
0.45079
0.49926
0.58692
0.46254
0.10732
0.41577
0.13691
0.68692
0.89375
0.34381
0.87589
0.54068
0.54168
0.58351
0.46579
0.06285
0.79636
0.28253
0.40467
0.41606
0.89655
0.74362
0.36450
0.32380
0.84311
0.65513
0.41603
0.36736
0.82020
0.65372
0.03896
0.65770
0.87420
0.84133
0.22303
0.42007
0.83769
0.97562
0.86292
0.50104
0.29931
0.67469
0.80388
0.37952
0.16110
0.21312
0.20128
0.28004
0.68694
0.48998
0.91854
0.72173
0.73137
0.23552
0.34532
0.75273
0.59381
0.26314
0.79268
0.68343
0.92020
0.21362
0.88350
0.00803
0.57134
0.40388
0.02159
0.83307
0.52696
0.59236
0.11878
0.54324
0.06396
0.87352
0.20632
0.19941
0.04012
0.73423
0.40478
0.28659
0.49237
0.41956
0.38528
0.63168
0.06682
0.10330
0.92684
0.65441
0.97676
0.99477
0.81711
0.89137
0.70870
0.77935
0.23291
0.12965
0.50488
0.17678
0.94065
0.53189
0.52222
0.98213
0.90611
0.61585
0.92063
0.88314
0.57373
0.15912
0.36208
0.48616
0.43156
0.79618
0.86512
0.26900
0.92833
0.93128
0.50528
0.20549
0.68009
0.42031
0.76618
0.26620
0.48529
0.98313
0.50685
0.96686
0.04858
0.23909
0.45866
0.70928
0.59796
0.11646
0.43791
0.37528
0.43367
0.98727
0.40436
0.89329
0.26043
0.15367
0.35735
0.20591
0.50631
0.01260
0.40574
0.92354
0.60828
0.32733
0.52797
0.80918
0.31737
0.70022
0.88880
0.03358
0.65486
0.75025
0.16073
0.05789
0.04977
0.29997
0.09989
0.70963
0.57885
0.52246
0.57511
0.52321
0.77852
0.84288
0.94437
0.91590
0.93705
0.05325
0.97519
0.37732
0.81723
0.30837
0.45837
0.77534
0.92651
0.51326
0.59062
0.17037
0.99125
0.97383
0.74781
0.35754
0.35400
0.47014
0.21746
0.36771
0.42648
0.69012
0.94047
0.13185
0.85399
0.96958
0.29691
0.13919
0.26698
0.93596
0.48316
0.89019
0.37035
0.80417
0.29039
0.17317
0.59739
0.26901
0.24948
0.98384
0.80849
0.20954
0.02322
0.33951
0.13256
0.04201
0.63500
0.31858
0.87078
0.38874
0.70279
0.26140
0.60009
0.82163
0.44381
0.62434
0.20799
0.35954
0.29352
0.00551
0.72823
0.92083
0.62965
0.05748
0.29706
0.65777
0.45542
0.01791
0.73957
0.02431
0.58935
0.21158
0.99275
0.67576
0.29068
0.30506
0.33817
0.54742
0.80459
0.70757
0.86416
0.31726
0.88278
0.20615
0.80364
0.47266
0.73850
0.50515
0.47970
0.04173
0.14538
0.96477
0.32543
0.42013
0.49106
0.99562
0.48477
0.57068
0.43421
0.57923
0.96068
0.85048
0.56203
0.49699
0.34539
0.11334
0.85627
0.05099
0.79682
0.73853
0.29670
0.10723
0.45096
0.19239
0.61233
0.24685
0.31530
0.57292
0.17553
0.49141
0.38846
0.43168
0.64812
0.89275
0.61896
0.27361
0.26123
0.59697
0.15810
0.02042
0.22451
0.28141
0.24402
0.31225
0.24025
0.26686
0.52956
0.65649
0.61625
0.96448
0.15394
0.70002
0.34449
0.99113
0.23045
0.61863
0.40881
0.67281
0.60363
0.94540
0.23899
0.97790
0.05057
0.65565
0.94612
0.16341
0.24571
0.50751
0.07662
0.72590
0.20061
0.94501
0.69393
0.87111
0.02766
0.32711
0.71090
0.84561
0.86493
0.64276
0.26746
0.87621
0.75976
0.31359
0.56428
0.32571
0.21981
0.45994
0.24431
0.19805
0.97106
0.51774
0.95252
0.06266
0.68717
0.49328
0.16318
0.76114
0.37456
0.29474
0.41700
0.16882
0.71367
0.61473
0.22927
0.20360
0.81343
0.74267
0.60829
0.14497
0.12728
0.51828
0.99072
0.52648
0.33279
0.39476
0.18062
0.26597
0.53140
0.75630
0.43735
0.30531
0.15706
0.85355
0.95817
0.61276
0.03198
0.64012
0.42136
0.43869
0.21872
0.43527
0.78056
0.29982
0.22393
0.88980
0.85412
0.13877
0.79735
0.62883
0.66202
0.30197
0.85113
0.90764
0.11328
0.56483
0.91583
0.71795
0.97626
0.70481
0.81838
0.53511
0.88205
0.76617
0.13343
0.82403
0.16584
0.01843
0.48903
0.59135
0.23622
0.92395
0.20891
0.80622
0.00758
0.72851
0.22056
0.93161
0.57910
0.53907
0.74527
0.38035
0.23883
0.39066
0.29174
0.72177
0.17466
0.52372
0.13624
0.33263
0.38438
0.63024
0.15085
0.55821
0.45193
0.46371
0.38880
0.00913
0.27960
0.70392
0.30357
0.35932
0.56093
0.40829
0.53257
0.98785
0.51904
0.85893
0.30091
0.31022
0.41091
0.27789
0.38125
0.04928
0.04048
0.87340
0.03149
0.20773
0.44246
0.56338
0.48427
0.20491
0.59406
0.73563
0.33789
0.20079
0.39994
0.70181
0.92643
0.04926
0.66848
0.61413
0.55384
0.87052
0.80027
0.10366
0.40029
0.08897
0.88166
0.66127
0.84115
0.64964
0.15625
0.35491
0.07749
0.35114
0.79225
0.67171
0.37116
0.49475
0.84131
0.00071
0.27397
0.28797
0.35693
0.61040
0.60158
0.45209
0.80302
0.13504
0.22512
0.85394
0.23806
0.00279
0.01036
0.43862
0.22619
0.89031
0.88723
0.25482
0.67255
0.25391
0.43784
0.87491
0.17518
0.30036
0.00823
0.44903
0.03132
0.35521
0.76967
0.32503
0.26090
0.40729
0.30081
0.81599
0.72906
0.27309
0.26221
0.67215
0.72013
0.90337
0.86275
0.85838
0.52266
0.69205
0.79891
0.91279
0.18171
0.73007
0.85736
0.13335
0.57848
0.08596
0.87910
0.28634
0.49632
0.93526
0.45905
0.24734
0.88357
0.98230
0.85868
0.89447
0.74348
0.57058
0.90603
0.87511
0.39888
0.97727
0.67292
0.74572
0.37903
0.95959
0.79178
0.47687
0.79991
0.97967
0.87893
0.06360
0.07024
0.77273
0.30827
0.67025
0.10396
0.29065
0.61306
0.09706
0.81977
0.57758
0.86120
0.52050
0.17695
0.95033
0.37272
0.61465
0.21891
0.21781
0.29309
0.86207
0.08441
0.31225
0.83478
0.24383
0.91714
0.09402
0.39109
0.91675
0.84894
0.16369
0.54389
0.78567
0.31165
0.28344
0.55998
0.79092
0.19707
0.26987
0.30689
0.01314
0.49788
0.25943
0.64004
0.30168
0.08291
0.24743
0.33511
0.01725
0.41351
0.30071
0.74821
0.74540
0.79111
0.99328
0.12107
0.83231
0.76480
0.65332
0.33611
0.84939
0.03501
0.46977
0.40483
0.81872
0.42139
0.38830
0.84007
0.91681
0.33648
0.34709
0.75520
0.15745
0.42936
0.83012
0.49089
0.74406
0.63509
0.16834
0.38820
0.16562
0.22141
0.68129
0.19466
0.40208
0.28359
0.35347
0.60165
0.57804
0.50015
0.26679
0.57855
0.76732
0.84597
0.86280
0.51630
0.47558
0.95219
0.74153
0.38292
0.73279
0.73100
0.44792
0.37862
0.27645
0.42560
0.24554
0.95059
0.61949
0.43018
0.08823
0.92075
0.06842
0.14264
0.81901
0.26531
0.79232
0.89298
0.35121
0.01477
0.06548
0.83921
0.90774
0.51777
0.28733
0.54223
0.12389
0.94718
0.18921
0.74113
0.57980
0.26841
0.93839
0.96057
0.66420
0.05487
0.06856
0.67929
0.10872
0.47023
0.40825
0.97421
0.00640
0.85519
0.62291
0.88371
0.17702
0.67925
0.95409
0.09880
0.50833
0.74923
0.51631
0.28408
0.90436
0.67776
0.68247
0.48975
0.85674
0.55471
0.38384
0.25801
0.17485
0.10374
0.77190
0.40581
0.10668
0.00545
0.17628
0.42530
0.20833
0.55680
0.09310
0.91598
0.41707
0.60609
0.15590
0.45314
0.12459
0.52508
0.52963
0.00073
0.11302
0.22120
0.10406
0.57415
0.18102
0.87809
0.86544
0.62589
0.73868
0.80805
0.41255
0.39757
0.48736
0.97605
0.94972
0.02523
0.49584
0.01815
0.31152
0.75356
0.27838
0.33298
0.70979
0.46730
0.30364
0.91443
0.60069
0.88579
0.82386
0.27485
0.24465
0.59451
0.02694
0.17911
0.16006
0.34948
0.43176
0.07221
0.54113
0.88492
0.32026
0.66009
0.85308
0.58302
0.98555
0.63373
0.61014
0.86775
0.35556
0.28126
0.77049
0.95991
0.39982
0.81829
0.62390
0.78752
0.22258
0.52611
0.35993
0.55277
0.67840
0.58244
0.07731
0.69478
0.75629
0.43908
0.36640
0.12751
0.87882
0.05728
0.25992
0.75819
0.71074
0.53765
0.09945
0.76852
0.35912
0.76366
0.05419
0.11596
0.28460
0.94081
0.39895
0.97615
0.70128
0.04742
0.30576
0.82130
0.44243
0.55548
0.33978
0.61129
0.23504
0.70210
0.90423
0.72600
0.42695
0.57357
0.29580
0.87625
0.38503
0.09590
0.91836
0.76242
0.01604
0.66964
0.37234
0.35956
0.78505
0.66520
0.49148
0.91430
0.58265
0.23131
0.77028
0.89487
0.98975
0.46290
0.86474
0.93456
0.38384
0.72056
0.23474
0.52176
0.12438
0.98917
0.14079
0.90585
0.26185
0.94005
0.75186
0.09991
0.76526
0.79208
0.51278
0.35810
0.87974
0.42575
0.38577
0.13112
0.25887
0.46387
0.63395
0.34244
0.67882
0.71134
0.57461
0.50719
0.95518
0.71702
0.69024
0.60025
0.10768
0.94461
0.54141
0.28085
0.82490
0.94245
0.97700
0.28990
0.42545
0.42071
0.55752
0.57742
0.79850
0.20760
0.25750
0.73975
0.73045
0.47893
0.38797
0.41170
0.08067
0.71547
0.58457
0.97173
0.57873
0.39987
0.21576
0.14405
0.30680
0.26351
0.03456
0.66180
0.17533
0.34054
0.88190
0.47765
0.94981
0.03400
0.22771
0.09542
0.76566
0.74931
0.66209
0.95430
0.09206
0.85137
0.08928
0.30270
0.69674
0.08816
0.69704
0.81281
0.46808
0.66824
0.36512
0.72666
0.29086
0.25317
0.14490
0.91775
0.58824
0.08344
0.83991
0.67793
0.98420
0.19397
0.08969
0.07126
0.95394
0.28266
0.26252
0.81991
0.03427
0.61332
0.90313
0.95754
0.49182
0.12989
0.96089
0.39771
0.82252
0.78240
0.99993
0.98140
0.67901
0.60958
0.41709
0.67339
0.87099
0.59987
0.01917
0.19026
0.27031
0.82480
0.35519
0.53695
0.97090
0.80202
0.54793
0.31534
0.09822
0.58661
0.15598
0.83409
0.61173
0.00005
0.82280
0.30137
0.59847
0.49339
0.77244
0.76939
0.84314
0.20853
0.18742
0.06714
0.33426
0.75150
0.60565
0.21906
0.43887
0.26324
0.72357
0.44415
0.40403
0.10418
0.86600
0.80142
0.62955
0.37503
0.57642
0.00173
0.96769
0.40474
0.64348
0.05788
0.17850
0.23888
0.66811
0.30538
0.60217
0.59809
0.40605
0.13647
0.56009
0.80915
0.92812
0.69370
0.34708
0.33516
0.51145
0.71063
0.99451
0.13299
0.41796
0.18673
0.01955
0.38773
0.59624
0.67110
0.64936
0.00038
0.46539
0.17686
0.25255
0.28254
0.17955
0.30296
0.74912
0.17842
0.76123
0.40218
0.00159
0.59614
0.91805
0.07756
0.51401
0.35696
0.86973
0.27774
0.32977
0.77516
0.74512
0.75422
0.85756
0.76510
0.45468
0.11094
0.52286
0.91671
0.07178
0.79552
0.96213
0.85588
0.25164
0.27163
0.54349
0.46254
0.04045
0.89735
0.55949
0.73698
0.37464
0.83324
0.90451
0.14443
0.83952
0.00856
0.16803
0.29991
0.40784
0.54556
0.02011
0.78318
0.54896
0.47994
0.01018
0.74763
0.10874
0.73582
0.51822
0.37359
0.81592
0.51977
0.80516
0.94104
0.11560
0.04026
0.54667
0.86956
0.59210
0.59204
0.34030
0.63532
0.85111
0.16577
0.91973
0.84168
0.15776
0.39333
0.76240
0.10724
0.51166
0.49471
0.85479
0.47662
0.83715
0.61764
0.27161
0.40639
0.14769
0.99520
0.15630
0.19627
0.47441
0.30563
0.18777
0.53723
0.72848
0.78508
0.30990
0.01655
0.18127
0.58208
0.89931
0.84026
0.96298
0.56212
0.18172
0.37214
0.31865
0.33895
0.37863
0.38496
0.13016
0.13710
0.44894
0.58809
0.97587
0.27502
0.41235
0.68791
0.46741
0.10511
0.24977
0.48043
0.37795
0.33468
0.73761
0.09706
0.35863
0.34249
0.87862
0.13879
0.27044
0.44168
0.93153
0.31824
0.83079
0.29206
0.11921
0.78715
0.92826
0.75597
0.93638
0.74188
0.96064
0.14323
0.96217
0.01819
0.01340
0.45119
0.81687
0.65040
0.08944
0.78699
0.41216
0.45242
0.60361
0.14230
0.06499
0.22415
0.41501
0.81920
0.73123
0.50195
0.16293
0.81774
0.22784
0.13046
0.66606
0.48035
0.23396
0.46450
0.71924
0.02278
0.10462
0.43832
0.86900
0.85368
0.73021
0.50927
0.92989
0.59644
0.08116
0.04802
0.21097
0.73463
0.75639
0.68857
0.37624
0.99081
0.79090
0.05054
0.56661
0.71479
0.55024
0.96050
0.03479
0.26110
0.57991
0.19112
0.51993
0.36908
0.78901
0.24689
0.95174
0.13012
0.20111
0.12524
0.71316
0.54082
0.93583
0.54749
0.36543
0.08693
0.27787
0.93498
0.52119
0.20033
0.20857
0.37706
0.49819
0.39519
0.10644
0.10784
0.31052
0.17176
0.43688
0.54984
0.19108
0.92337
0.89529
0.86217
0.01420
0.14994
0.43204
0.71724
0.82379
0.43140
0.41672
0.63747
0.54483
0.55374
0.94961
0.17940
0.95859
0.82277
0.75176
0.94467
0.18229
0.70327
0.90778
0.46491
0.53430
0.55190
0.27612
0.50665
0.52639
0.85644
0.89314
0.12419
0.54256
0.33954
0.61755
0.14565
0.98826
0.85442
0.57347
0.72394
0.03764
0.55249
0.09964
0.67764
0.11221
0.21831
0.32444
0.28515
0.45060
0.38546
0.11482
0.00416
0.12963
0.59148
0.69055
0.73588
0.42988
0.03160
0.12822
0.55770
0.09297
0.88356
0.94797
0.96737
0.42913
0.06251
0.17993
0.18060
0.49465
0.79715
0.70899
0.04808
0.34350
0.75180
0.17108
0.50300
0.73230
0.95656
0.43542
0.53066
0.00182
0.32489
0.58062
0.02071
0.60972
0.89546
0.91187
0.55565
0.95910
0.22928
0.15744
0.83828
0.78913
0.62803
0.32966
0.76904
0.82772
0.38610
0.76506
0.54597
0.33567
0.10077
0.29153
0.32710
0.52648
0.49433
0.62499
0.20258
0.20260
0.96459
0.55750
0.04921
0.20942
0.13871
0.12356
0.93659
0.11651
0.69438
0.31118
0.06507
0.92717
0.11414
0.24576
0.37490
0.48512
0.27574
0.48295
0.70197
0.71342
0.32486
0.50891
0.41565
0.13930
0.48345
0.48996
0.32829
0.19857
0.94154
0.95142
0.37888
0.57091
0.78919
0.58001
0.77740
0.84735
0.52325
0.59730
0.93956
0.71026
0.74597
0.07433
0.63254
0.85676
0.18736
0.56079
0.83390
0.13204
0.13487
0.04365
0.64866
0.32109
0.14805
0.90899
0.22658
0.89222
0.19757
0.87947
0.29217
0.37336
0.60426
0.52784
0.78618
0.92486
0.02300
0.98276
0.17091
0.17413
0.72050
0.89189
0.84961
0.85449
0.38469
0.00368
0.92047
0.12478
0.21588
0.24758
0.41421
0.70983
0.75639
0.61579
0.88511
0.96599
0.90239
0.25487
0.98498
0.87701
0.13006
0.68653
0.95487
0.83729
0.16411
0.29790
0.96714
0.70822
0.85028
0.20875
0.40140
0.41115
0.69403
0.35046
0.34633
0.17814
0.53551
0.55365
0.98094
0.17333
0.52334
0.01221
0.68767
0.81573
0.90243
0.39303
0.56521
0.81413
0.66913
0.08063
0.99994
0.58086
0.44790
0.34019
0.20066
0.08597
0.01275
0.13774
0.77841
0.13398
0.61152
0.61021
0.39883
0.44865
0.81042
0.54419
0.60878
0.88594
0.76050
0.04667
0.97566
0.43028
0.58073
0.04850
0.24648
0.47098
0.16205
0.49119
0.21245
0.02673
0.01323
0.53088
0.05891
0.45931
0.50248
0.67127
0.54237
0.51542
0.66846
0.42958
0.76330
0.39824
0.44693
0.15295
0.15933
0.64505
0.83206
0.14289
0.83350
0.90019
0.38715
0.91461
0.41739
0.89623
0.89398
0.90028
0.10341
0.40812
0.30704
0.49097
0.82774
0.77798
0.52498
0.39806
0.10361
0.75074
0.81320
0.30058
0.35809
0.68481
0.57515
0.72065
0.46350
0.77487
0.43255
0.28794
0.82618
0.43586
0.25295
0.30085
0.08058
0.19510
0.04067
0.66762
0.11773
0.11663
0.12961
0.75010
0.69231
0.00862
0.31505
0.75237
0.36471
0.36742
0.38541
0.00826
0.94848
0.36891
0.07448
0.15272
0.93536
0.88355
0.59153
0.26797
0.71146
0.98343
0.39552
0.21524
0.94548
0.25449
0.76376
0.13448
0.60893
0.94786
0.47386
0.01732
0.55511
0.69693
0.68875
0.76351
0.79691
0.19633
0.21946
0.94006
0.60436
0.14508
0.58355
0.27033
0.92493
0.02773
0.99864
0.81278
0.30693
0.95883
0.43600
0.04118
0.99916
0.42320
0.85393
0.23379
0.27518
0.91663
0.48232
0.38414
0.77603
0.85012
0.37591
0.24980
0.35427
0.71520
0.50798
0.75251
0.06913
0.15832
0.84975
0.17393
0.45423
0.58577
0.88838
0.09887
0.37660
0.27780
0.14770
0.30696
0.48177
0.76729
0.45539
0.14634
0.19527
0.11397
0.77653
0.13766
0.93394
0.06654
0.13162
0.39864
0.14325
0.94029
0.40471
0.15892
0.89072
0.86194
0.67296
0.45647
0.40712
0.61212
0.04271
0.12819
0.82293
0.83562
0.12217
0.58770
0.78923
0.31596
0.69898
0.21790
0.27933
0.26765
0.26583
0.58820
0.45339
0.69703
0.46044
0.51670
0.13012
0.08763
0.32744
0.92542
0.52482
0.99556
0.16088
0.36646
0.65895
0.72595
0.45093
0.87194
0.29992
0.18790
0.69623
0.01043
0.37179
0.75811
0.20444
0.64361
0.20867
0.58032
0.31840
0.84956
0.79450
0.54389
0.81295
0.55215
0.05515
0.31949
0.67223
0.70807
0.06660
0.50583
0.15190
0.18493
0.68876
0.18558
0.02477
0.52836
0.51980
0.03996
0.50646
0.68459
0.05050
0.29886
0.29793
0.33398
0.03092
0.31263
0.12609
0.77865
0.56401
0.57059
0.61041
0.03782
0.45762
0.51908
0.56332
0.76324
0.85042
0.99810
0.52113
0.42765
0.47734
0.98666
0.33000
0.65627
0.72763
0.82883
0.71604
0.31087
0.05917
0.12875
0.13982
0.99474
0.78102
0.88883
0.05890
0.20085
0.34725
0.44982
0.26065
0.26890
0.93658
0.02155
0.35318
0.52149
0.47894
0.77296
0.84445
0.28930
0.49566
0.84674
0.70302
0.39973
0.76407
0.46776
0.65164
0.55057
0.89615
0.17429
0.33869
0.57679
0.99067
0.77727
0.97350
0.10585
0.68971
0.52824
0.38016
0.97024
0.75082
0.35274
0.40641
0.61476
0.04122
0.35288
0.34146
0.49808
0.56690
0.35189
0.48686
0.78775
0.56704
0.94162
0.45617
0.42372
0.34599
0.88450
0.00706
0.47678
0.56434
0.53862
0.89738
0.42612
0.79352
0.12074
0.96308
0.79657
0.52203
0.85114
0.07478
0.26651
0.95388
0.18516
0.12387
0.16048
0.78338
0.50680
0.54075
0.93103
0.82104
0.21490
0.16666
0.29284
0.33642
0.19955
0.74625
0.20511
0.32967
0.46102
0.21735
0.55027
0.92691
0.83936
0.53118
0.07652
0.86412
0.00691
0.53426
0.95879
0.76715
0.68048
0.20584
0.16809
0.91525
0.86973
0.78780
0.22120
0.44139
0.89588
0.16845
0.71974
0.69051
0.85951
0.36260
0.71552
0.97602
0.12383
0.85575
0.51995
0.92130
0.38014
0.78702
0.41091
0.33257
0.38782
0.07850
0.32793
0.99467
0.63011
0.21454
0.53627
0.78773
0.95542
0.63598
0.42435
0.10994
0.70889
0.75960
0.55147
0.65646
0.89903
0.15142
0.28758
0.00496
0.75682
0.32727
0.88352
0.30463
0.98670
0.19336
0.69123
0.27569
0.94559
0.17230
0.38167
0.81960
0.76513
0.52047
0.58170
0.42119
0.74335
0.22152
0.65559
0.35106
0.19780
0.41402
0.57066
0.99593
0.64523
0.70664
0.56219
0.88152
0.84353
0.58386
0.57466
0.81925
0.94189
0.67238
0.92593
0.75748
0.14307
0.99487
0.72378
0.53321
0.99939
0.14626
0.58768
0.48524
0.62611
0.44902
0.73492
0.34272
0.89690
0.16375
0.00960
0.31575
0.92242
0.15528
0.56163
0.29854
0.95686
0.72126
0.41992
0.58318
0.39583
0.12338
0.30367
0.66725
0.76710
0.31552
0.57981
0.10252
0.26712
0.98271
0.16536
0.35798
0.51601
0.15488
0.33706
0.25708
0.76978
0.85216
0.89971
0.32913
0.62408
0.07525
0.64610
0.90765
0.19022
0.87576
0.89786
0.37722
0.25177
0.66448
0.47633
0.66197
0.60391
0.77580
0.19854
0.30384
0.76690
0.14684
0.61991
0.72964
0.36582
0.67575
0.53745
0.03361
0.35809
0.59976
0.07738
0.40813
0.50702
0.69523
0.73186
0.76118
0.09096
0.08194
0.94460
0.41478
0.24163
0.03506
0.13213
0.32109
0.15511
0.29836
0.32097
0.69458
0.42221
0.27810
0.08692
0.68254
0.79752
0.85031
0.48902
0.67537
0.65004
0.19946
0.71898
0.39169
0.33101
0.32170
0.09685
0.35892
0.46377
0.12249
0.99764
0.72577
0.61235
0.09466
0.89352
0.09008
0.93484
0.24071
0.53675
0.98617
0.11640
0.47302
0.72816
0.88514
0.69722
0.68640
0.44496
0.21028
0.48476
0.99278
0.25683
0.82564
0.84678
0.95129
0.55463
0.99116
0.17956
0.95565
0.85559
0.02183
0.74435
0.22070
0.24403
0.18542
0.12204
0.07896
0.20633
0.89544
0.85405
0.60137
0.96867
0.29640
0.18732
0.39923
0.24767
0.00213
0.55587
0.45350
0.85137
0.27120
0.87343
0.02809
0.60557
0.74730
0.43185
0.61156
0.96108
0.74597
0.98354
0.21036
0.04749
0.12413
0.99181
0.05614
0.82949
0.54374
0.36287
0.26820
0.28441
0.19709
0.25453
0.76549
0.63149
0.82344
0.74299
0.45061
0.95849
0.40243
0.12363
0.13133
0.22933
0.61294
0.19241
0.51919
0.47962
0.44158
0.85462
0.88568
0.92843
0.41005
0.88872
0.40358
0.81385
0.61845
0.83710
0.68596
0.57316
0.98997
0.30059
0.23109
0.68192
0.27214
0.07015
0.06187
0.17304
0.31124
0.43591
0.26478
0.98621
0.08980
0.55977
0.22587
0.49176
0.07623
0.88242
0.42814
0.17972
0.59925
0.00082
0.28804
0.62999
0.54831
0.21468
0.73913
0.27342
0.84863
0.86681
0.11043
0.93401
0.38668
0.69902
0.41397
0.55750
0.66225
0.11180
0.40031
0.32664
0.40205
0.23631
0.22629
0.12636
0.41499
0.45828
0.63112
0.64574
0.14436
0.94709
0.42507
0.61880
0.30695
0.58502
0.51577
0.11794
0.98623
0.48114
0.42914
0.01243
0.11573
0.51374
0.62326
0.08627
0.09036
0.82447
0.30186
0.08977
0.69447
0.33283
0.44656
0.33434
0.08395
0.28070
0.52499
0.57715
0.72639
0.21803
0.79767
0.87664
0.57176
0.20904
0.46876
0.93409
0.75790
0.59252
0.85858
0.42796
0.83696
0.18736
0.68959
0.67553
0.19263
0.47391
0.16348
0.71964
0.84112
0.52593
0.95123
0.70621
0.97190
0.87791
0.71916
0.53914
0.61530
0.14840
0.66978
0.23249
0.68032
0.23964
0.17344
0.75445
0.04613
0.85166
0.76322
0.10379
0.58755
0.82010
0.48731
0.79422
0.38483
0.51097
0.91709
0.83885
0.39741
0.11422
0.10259
0.13936
0.10508
0.61104
0.30207
0.81099
0.03109
0.03834
0.56906
0.63360
0.06310
0.81023
0.37851
0.77335
0.07289
0.52763
0.11804
0.05663
0.59264
0.81070
0.89011
0.28889
0.31186
0.70776
0.89912
0.12226
0.80522
0.53160
0.79979
0.84337
0.35292
0.71169
0.23763
0.11401
0.47087
0.66759
0.88393
0.09265
0.67015
0.21440
0.52572
0.87663
0.97120
0.26080
0.17520
0.85116
0.34205
0.51857
0.02322
0.69817
0.86502
0.32246
0.27706
0.39221
0.94422
0.68109
0.18237
0.23558
0.51262
0.72542
0.98396
0.58145
0.77814
0.64541
0.51784
0.34686
0.53052
0.75064
0.38268
0.33264
0.02280
0.38364
0.55218
0.22524
0.11744
0.78609
0.23994
0.29451
0.54303
0.44139
0.61053
0.25257
0.90119
0.57364
0.89595
0.74144
0.60723
0.19440
0.22287
0.58658
0.14930
0.68393
0.55961
0.57577
0.79767
0.73886
0.78911
0.12264
0.96306
0.25738
0.92873
0.33685
0.97861
0.70778
0.53276
0.28574
0.18302
0.82201
0.19889
0.41823
0.16794
0.36251
0.90670
0.80481
0.76277
0.61867
0.54431
0.49119
0.92243
0.38302
0.99842
0.27613
0.92469
0.61560
0.67855
0.85064
0.99563
0.30006
0.22425
0.49720
0.10016
0.07991
0.11078
0.09451
0.04903
0.64203
0.02483
0.70441
0.42840
0.34910
0.00586
0.81619
0.27570
0.20701
0.55485
0.06779
0.10939
0.85058
0.36851
0.37055
0.82855
0.21219
0.38971
0.63579
0.36903
0.03713
0.26860
0.99881
0.42064
0.67704
0.81573
0.33105
0.90393
0.67609
0.59536
0.07919
0.68442
0.53515
0.28364
0.82345
0.47199
0.93798
0.63002
0.25487
0.51991
0.96277
0.61221
0.65578
0.79213
0.31328
0.38527
0.26757
0.67759
0.15460
0.87929
0.14049
0.29690
0.52284
0.92264
0.03786
0.99591
0.33899
0.38529
0.21581
0.46581
0.21182
0.05417
0.28812
0.67651
0.82754
0.40883
0.35024
0.14314
0.25776
0.80193
0.06756
0.21711
0.74836
0.58247
0.94072
0.68499
0.13912
0.81028
0.46676
0.62301
0.22659
0.16233
0.44468
0.43223
0.00318
0.61345
0.96325
0.88764
0.36749
0.55410
0.62756
0.00008
0.83242
0.48408
0.96114
0.58716
0.11755
0.12709
0.83458
0.72708
0.54184
0.11225
0.46007
0.83568
0.45481
0.93674
0.14292
0.77657
0.23690
0.85962
0.15881
0.69257
0.64810
0.39695
0.09300
0.18356
0.66058
0.78781
0.39620
0.24616
0.37270
0.69938
0.93865
0.28965
0.57632
0.70365
0.63078
0.04335
0.47240
0.03611
0.88275
0.88999
0.25058
0.16423
0.61629
0.03988
0.41354
0.72826
0.69049
0.90314
0.97439
0.32880
0.65796
0.35552
0.10416
0.89818
0.11649
0.51171
0.73275
0.88413
0.01468
0.71801
0.12576
0.20055
0.17729
0.62565
0.87051
0.61944
0.87789
0.59671
0.46601
0.74720
0.05684
0.74154
0.07906
0.39203
0.55324
0.52096
0.94096
0.67021
0.49533
0.10632
0.52210
0.34039
0.63559
0.14027
0.72302
0.64342
0.36060
0.11394
0.65356
0.74290
0.79395
0.51058
0.37215
0.34040
0.21975
0.24384
0.28534
0.31284
0.66246
0.97703
0.64133
0.49308
0.82164
0.78576
0.60575
0.30489
0.20873
0.43544
0.64752
0.72532
0.17278
0.56168
0.48091
0.05071
0.58049
0.15055
0.36924
0.31027
0.93159
0.98859
0.55781
0.36462
0.62208
0.07766
0.62713
0.28158
0.02237
0.91529
0.07092
0.49436
0.09660
0.47859
0.45160
0.50836
0.34381
0.10751
0.41704
0.25515
0.28035
0.26426
0.06513
0.59040
0.63861
0.27341
0.00823
0.25409
0.32624
0.97466
0.78843
0.72721
0.17692
0.43140
0.03418
0.76928
0.39536
0.14813
0.37154
0.25452
0.42313
0.48913
0.91473
0.82190
0.96803
0.67154
0.66975
0.87595
0.74580
0.74933
0.09154
0.58603
0.26962
0.60397
0.02456
0.46550
0.55311
0.03019
0.63500
0.77768
0.42828
0.64768
0.19866
0.34924
0.26735
0.57366
0.45080
0.01524
0.39524
0.21498
0.47431
0.13796
0.27392
0.38031
0.24673
0.53917
0.43126
0.29511
0.81588
0.14089
0.29004
0.35346
0.14748
0.95984
0.39279
0.54425
0.76340
0.90611
0.48372
0.48135
0.87216
0.52987
0.44674
0.56971
0.77567
0.18047
0.75685
0.72197
0.90143
0.19299
0.91762
0.95796
0.84556
0.25177
0.20261
0.98464
0.03843
0.78499
0.80033
0.99315
0.32273
0.75389
0.03755
0.15694
0.20306
0.65286
0.91705
0.41367
0.49169
0.04287
0.03220
0.84800
0.53072
0.19760
0.61106
0.10805
0.24788
0.29577
0.40749
0.17488
0.21199
0.17602
0.93275
0.81994
0.97157
0.73489
0.94278
0.04638
0.42379
0.46179
0.19541
0.02650
0.88941
0.87755
0.87402
0.42996
0.18794
0.16810
0.41903
0.04239
0.18587
0.14541
0.79905
0.19833
0.40043
0.55910
0.04010
0.68851
0.47695
0.00620
0.77967
0.59698
0.83078
0.12695
0.28178
0.23316
0.28694
0.46139
0.60592
0.95032
0.96307
0.55302
0.57569
0.07376
0.13290
0.82684
0.57301
0.33983
0.51182
0.71756
0.41446
0.04743
0.91456
0.49056
0.31190
0.08149
0.18924
0.09016
0.85177
0.13341
0.81028
0.73294
0.86729
0.31157
0.76433
0.50040
0.33708
0.47761
0.07526
0.99645
0.30417
0.57833
0.26166
0.23852
0.57694
0.28379
0.09870
0.09182
0.68041
0.41030
0.55330
0.00318
0.99219
0.84615
0.95049
0.45871
0.90200
0.52172
0.02042
0.89908
0.55701
0.49604
0.20793
0.76946
0.66492
0.74761
0.00094
0.31148
0.75137
0.26759
0.84448
0.56898
0.64357
0.79407
0.43169
0.47005
0.88886
0.00887
0.48606
0.71891
0.90466
0.19485
0.44525
0.13640
0.15005
0.34147
0.39999
0.74140
0.44207
0.75208
0.29024
0.80752
0.81791
0.53202
0.97093
0.41236
0.64775
0.15692
0.71066
0.82474
0.13859
0.06779
0.29807
0.06113
0.64074
0.47738
0.29101
0.70186
0.10199
0.61299
0.08778
0.26611
0.57337
0.65297
0.18768
0.14346
0.18128
0.72391
0.44406
0.01551
0.31005
0.58110
0.03466
0.45085
0.68922
0.60386
0.97963
0.03096
0.43006
0.14678
0.54867
0.28880
0.27769
0.04869
0.72002
0.89067
0.04097
0.57065
0.55903
0.35309
0.21665
0.53092
0.31357
0.06623
0.91324
0.21942
0.67294
0.61261
0.23218
0.48307
0.39850
0.52650
0.14743
0.32062
0.81303
0.53033
0.31153
0.71160
0.34945
0.72590
0.77350
0.52096
0.47076
0.29031
0.69054
0.86279
0.22144
0.55601
0.66555
0.52806
0.41020
0.90394
0.16021
0.30959
0.57272
0.97752
0.48957
0.33170
0.96681
0.20821
0.13034
0.74454
0.56146
0.27321
0.43797
0.97000
0.57117
0.61305
0.28905
0.98778
0.29020
0.18241
0.21882
0.80545
0.13551
0.03800
0.31160
0.60809
0.09351
0.40362
0.02830
0.01283
0.19456
0.47600
0.49590
0.31029
0.32150
0.69151
0.33349
0.03607
0.58109
0.89595
0.23320
0.06449
0.94082
0.42151
0.03664
0.21408
0.01086
0.77428
0.69724
0.34354
0.88319
0.01257
0.76944
0.08939
0.09667
0.86023
0.84980
0.04975
0.98953
0.67887
0.25209
0.35188
0.89872
0.28392
0.76356
0.45291
0.48939
0.68917
0.71757
0.65769
0.74730
0.99431
0.66205
0.01422
0.87055
0.81203
0.03866
0.41798
0.17896
0.60684
0.84930
0.74261
0.41769
0.74785
0.84787
0.49484
0.90733
0.39635
0.72578
0.34731
0.83384
0.25017
0.61732
0.81271
0.91543
0.43869
0.59140
0.25853
0.17373
0.55494
0.73307
0.75954
0.46743
0.34548
0.59804
0.60139
0.52293
0.04318
0.64441
0.67081
0.61178
0.34861
0.05631
0.66219
0.59853
0.12704
0.44040
0.93498
0.19397
0.50931
0.71657
0.14719
0.29635
0.13450
0.75836
0.64412
0.95874
0.86849
0.63774
0.56095
0.43080
0.63758
0.13403
0.64918
0.07577
0.88614
0.55763
0.81276
0.91772
0.18892
0.26946
0.25821
0.51364
0.69066
0.69565
0.26005
0.22337
0.40495
0.10465
0.73297
0.89179
0.56921
0.27264
0.40821
0.09521
0.59521
0.66107
0.24556
0.15517
0.07989
0.00170
0.48394
0.86087
0.89108
0.14810
0.31873
0.15170
0.94809
0.35452
0.28260
0.45485
0.06843
0.31494
0.45527
0.90396
0.37738
0.50207
0.95717
0.14975
0.87131
0.13857
0.74339
0.32779
0.90833
0.63281
0.60812
0.33565
0.49985
0.84282
0.92827
0.10778
0.42826
0.48728
0.08915
0.02654
0.93662
0.40968
0.54407
0.36588
0.00456
0.91837
0.28579
0.23256
0.25967
0.54608
0.42917
0.71327
0.00756
0.78721
0.39724
0.83418
0.11325
0.74078
0.86084
0.49275
0.41828
0.50924
0.37489
0.71891
0.21625
0.31571
0.01900
0.13151
0.25698
0.40008
0.08823
0.96945
0.82889
0.66658
0.69351
0.40031
0.95516
0.46076
0.74026
0.01258
0.11261
0.55429
0.96845
0.52032
0.08693
0.08957
0.77071
0.48604
0.74504
0.51067
0.59619
0.34827
0.68170
0.79322
0.93853
0.79982
0.26138
0.69327
0.11582
0.11720
0.59646
0.80577
0.20064
0.35806
0.34200
0.52623
0.03278
0.57599
0.54358
0.93251
0.91894
0.84167
0.34531
0.75328
0.49438
0.56344
0.32732
0.61840
0.92161
0.30113
0.31378
0.64883
0.78911
0.68575
0.81802
0.69574
0.92259
0.10553
0.73080
0.10878
0.48067
0.29804
0.55944
0.05534
0.84768
0.26943
0.68162
0.97310
0.38699
0.81143
0.22286
0.87135
0.87892
0.33716
0.33128
0.09827
0.27754
0.34509
0.71330
0.88575
0.03343
0.83021
0.80588
0.87488
0.80508
0.12614
0.52044
0.73012
0.76016
0.07214
0.93534
0.49723
0.42247
0.90250
0.16038
0.46128
0.33896
0.64773
0.26689
0.54643
0.68495
0.69791
0.19538
0.33945
0.49404
0.34034
0.35123
0.07259
0.47118
0.87172
0.23368
0.95841
0.69921
0.83934
0.90304
0.17359
0.85245
0.05599
0.27633
0.17126
0.35682
0.72522
0.60913
0.22700
0.39009
0.32439
0.01004
0.37733
0.65758
0.40242
0.45859
0.01864
0.24396
0.30297
0.01797
0.51045
0.57255
0.25350
0.27857
0.45270
0.01338
0.83911
0.31845
0.85756
0.52585
0.14826
0.50146
0.89681
0.82482
0.20588
0.46116
0.80775
0.80071
0.18821
0.87787
0.10240
0.56841
0.79519
0.05243
0.55658
0.85366
0.89602
0.42714
0.90301
0.09654
0.13088
0.61193
0.95186
0.18991
0.95593
0.74009
0.64386
0.16462
0.83510
0.44200
0.47718
0.02703
0.78472
0.82488
0.69283
0.25641
0.13039
0.85741
0.44407
0.48497
0.65724
0.99561
0.48636
0.58605
0.70240
0.13110
0.08535
0.73892
0.33884
0.55767
0.74111
0.18176
0.04677
0.98290
0.56818
0.04868
0.19468
0.86741
0.69608
0.34647
0.07580
0.74599
0.05745
0.81232
0.60064
0.82554
0.41784
0.17157
0.76934
0.12094
0.39707
0.08154
0.92830
0.36966
0.82447
0.20577
0.77076
0.90131
0.13500
0.23894
0.13989
0.23368
0.30281
0.94478
0.56661
0.74613
0.04707
0.29350
0.46704
0.95839
0.84008
0.80369
0.18144
0.79060
0.78703
0.82392
0.76375
0.46696
0.23478
0.01265
0.84160
0.34508
0.50574
0.19057
0.37563
0.00063
0.62491
0.00640
0.13549
0.30542
0.18358
0.95006
0.89099
0.74193
0.09830
0.74425
0.62429
0.86978
0.76087
0.44766
0.90485
0.30695
0.84561
0.17042
0.16096
0.06111
0.71825
0.10798
0.82814
0.32296
0.78492
0.14815
0.49143
0.91042
0.33104
0.55261
0.99957
0.76469
0.70745
0.50078
0.59027
0.30707
0.57329
0.66403
0.35286
0.64271
0.60674
0.04758
0.89019
0.66197
0.84533
0.41336
0.42784
0.65357
0.57287
0.73024
0.00047
0.05710
0.89022
0.91963
0.77797
0.40830
0.90142
0.07853
0.89568
0.15974
0.53045
0.62358
0.72166
0.99166
0.95213
0.90874
0.81985
0.46569
0.77571
0.54940
0.12093
0.26183
0.97277
0.86757
0.39988
0.01856
0.69294
0.77198
0.28502
0.05717
0.20117
0.54042
0.72352
0.76268
0.52412
0.21823
0.31761
0.35507
0.76873
0.60723
0.49080
0.76455
0.36156
0.84984
0.00026
0.32576
0.63249
0.55325
0.04570
0.71223
0.12125
0.56868
0.55912
0.61669
0.19919
0.96436
0.05999
0.07036
0.31305
0.59565
0.45759
0.65243
0.36483
0.51861
0.96140
0.32219
0.93103
0.86872
0.91775
0.59144
0.27849
0.26034
0.91410
0.53986
0.49757
0.39029
0.00602
0.73723
0.38287
0.08892
0.75025
0.36328
0.17977
0.33842
0.72306
0.17428
0.90942
0.47520
0.36708
0.70355
0.22061
0.01505
0.44319
0.24973
0.15619
0.56887
0.58582
0.60574
0.50437
0.16841
0.85799
0.85630
0.47445
0.18108
0.97962
0.11816
0.86378
0.66109
0.33403
0.20832
0.58840
0.82546
0.19858
0.28324
0.91425
0.81717
0.69569
0.57232
0.52092
0.24644
0.29408
0.31948
0.97970
0.25405
0.45450
0.03178
0.77745
0.96100
0.51729
0.23339
0.61012
0.09335
0.15824
0.08073
0.27751
0.83345
0.57340
0.27223
0.24379
0.00607
0.28968
0.84804
0.27516
0.11240
0.30290
0.40543
0.55463
0.33808
0.74480
0.04625
0.39746
0.81857
0.14082
0.41754
0.92346
0.61102
0.97214
0.28021
0.34864
0.02855
0.60551
0.55597
0.55833
0.19860
0.14658
0.00083
0.44322
0.42445
0.31372
0.22286
0.70694
0.00810
0.12953
0.70309
0.53490
0.79319
0.17465
0.66834
0.49531
0.08960
0.31371
0.59342
0.74400
0.57823
0.31995
0.51417
0.59444
0.78347
0.14102
0.98580
0.35812
0.74913
0.16132
0.57782
0.98247
0.18985
0.70007
0.66581
0.70878
0.10603
0.69945
0.81256
0.06177
0.04352
0.45323
0.42018
0.79076
0.61201
0.19784
0.77091
0.96652
0.48895
0.25730
0.03877
0.43378
0.29565
0.89210
0.51552
0.67277
0.91628
0.17099
0.95009
0.91860
0.37099
0.24193
0.93793
0.65759
0.50310
0.75389
0.56770
0.84035
0.44253
0.95335
0.72400
0.14648
0.03866
0.80504
0.17998
0.09766
0.71163
0.56735
0.72205
0.07118
0.36782
0.68948
0.28633
0.97749
0.90836
0.33362
0.00472
0.73604
0.95153
0.48370
0.13704
0.46887
0.38849
0.14193
0.40639
0.07313
0.84954
0.20630
0.94124
0.42884
0.11868
0.77798
0.88000
0.35574
0.96837
0.69519
0.16359
0.83505
0.05907
0.30234
0.04030
0.83895
0.05085
0.40572
0.67515
0.22684
0.90210
0.47576
0.70069
0.23668
0.65799
0.86330
0.35088
0.70681
0.64318
0.39921
0.27603
0.55709
0.33004
0.17327
0.32894
0.79006
0.68679
0.08841
0.05776
0.12800
0.41790
0.93205
0.48439
0.21984
0.30724
0.29080
0.35139
0.00858
0.16749
0.21396
0.31664
0.85386
0.00284
0.96280
0.61979
0.45584
0.02467
0.29533
0.03610
0.92726
0.94784
0.79603
0.32229
0.83408
0.59291
0.19297
0.77262
0.43121
0.93588
0.79213
0.58931
0.85809
0.94657
0.70514
0.08087
0.69666
0.12557
0.20486
0.67849
0.70348
0.89848
0.82676
0.41425
0.22906
0.50623
0.23204
0.49376
0.65893
0.94857
0.48477
0.97457
0.80071
0.60306
0.34688
0.67903
0.39160
0.98517
0.79028
0.30940
0.79570
0.70115
0.76144
0.16902
0.84410
0.85981
0.21021
0.71658
0.17895
0.75141
0.93683
0.19528
0.21161
0.81443
0.11060
0.68472
0.24105
0.53659
0.55993
0.64516
0.12368
0.40298
0.09600
0.49674
0.17520
0.72301
0.24381
0.30031
0.43341
0.43895
0.81588
0.04429
0.35932
0.16203
0.53508
0.29507
0.59191
0.25384
0.45585
0.93032
0.16944
0.47065
0.44250
0.53855
0.23886
0.28250
0.49930
0.08228
0.67694
0.06616
0.89720
0.67387
0.99256
0.64965
0.04705
0.19934
0.50089
0.41064
0.68134
0.06954
0.02090
0.96102
0.02205
0.30624
0.75343
0.75217
0.04012
0.15558
0.75020
0.34231
0.06304
0.76574
0.65398
0.30944
0.01735
0.97880
0.02898
0.16972
0.80602
0.03724
0.98549
0.97324
0.29154
0.14650
0.85114
0.76981
0.38749
0.51061
0.25518
0.17208
0.35205
0.72297
0.75437
0.90188
0.17849
0.49705
0.42690
0.52484
0.77761
0.83263
0.26712
0.12850
0.84749
0.61718
0.31677
0.96831
0.68150
0.88359
0.52163
0.88480
0.69245
0.54383
0.95046
0.49417
0.01819
0.77306
0.69186
0.37939
0.79728
0.31076
0.06538
0.36373
0.97178
0.52516
0.32565
0.97019
0.83259
0.45420
0.48721
0.63671
0.35547
0.38968
0.52104
0.29445
0.74825
0.20484
0.77089
0.23847
0.63395
0.10504
0.77950
0.89989
0.32085
0.34627
0.60451
0.68251
0.64661
0.45983
0.67274
0.39603
0.44558
0.57761
0.00650
0.62337
0.34733
0.19556
0.36339
0.76561
0.26095
0.86399
0.02751
0.38099
0.97443
0.88423
0.55444
0.13555
0.55879
0.97436
0.67366
0.91837
0.51438
0.79077
0.94958
0.70460
0.11898
0.14815
0.88490
0.84347
0.11701
0.65741
0.60614
0.70720
0.45203
0.23544
0.90450
0.53162
0.24536
0.67117
0.97376
0.79474
0.10557
0.64087
0.96044
0.32348
0.01512
0.63653
0.26327
0.88341
0.34986
0.63709
0.55225
0.25960
0.59228
0.23845
0.49543
0.15472
0.42349
0.15501
0.92808
0.71734
0.71819
0.53239
0.51662
0.47144
0.97564
0.37172
0.03281
0.43659
0.15287
0.82563
0.12963
0.45970
0.12966
0.95697
0.76361
0.53902
0.11278
0.65104
0.02996
0.68036
0.97613
0.52843
0.22533
0.86664
0.21473
0.12611
0.41232
0.61803
0.22480
0.06400
0.13449
0.86644
0.30804
0.57379
0.29326
0.21432
0.66725
0.93546
0.42079
0.24987
0.58864
0.78843
0.62131
0.34623
0.06414
0.05269
0.82121
0.98084
0.88670
0.71194
0.22366
0.38665
0.48373
0.76538
0.04199
0.88506
0.90276
0.85685
0.17309
0.24936
0.10599
0.24510
0.65673
0.62880
0.57098
0.41749
0.92873
0.40740
0.18496
0.79984
0.06421
0.76587
0.64882
0.15467
0.80544
0.58642
0.64962
0.70363
0.28842
0.01737
0.60114
0.08393
0.69006
0.86732
0.48595
0.85698
0.86305
0.19708
0.73580
0.83070
0.27326
0.06870
0.40350
0.98462
0.52498
0.72866
0.17142
0.77724
0.99327
0.63621
0.71555
0.62043
0.77763
0.45689
0.79923
0.57211
0.78177
0.32548
0.07192
0.19632
0.74077
0.54571
0.92770
0.08389
0.35463
0.94202
0.79028
0.72391
0.58032
0.59922
0.87911
0.54868
0.31101
0.18472
0.71717
0.61955
0.44495
0.71378
0.52790
0.54089
0.93750
0.61598
0.89594
0.53640
0.21661
0.85677
0.79703
0.13352
0.58077
0.26387
0.19498
0.26391
0.99583
0.22196
0.45840
0.42700
0.52534
0.75163
0.36588
0.47473
0.48643
0.48596
0.12923
0.93703
0.82422
0.66501
0.16468
0.78924
0.64769
0.82891
0.42481
0.05917
0.76846
0.20074
0.74744
0.54882
0.05600
0.41092
0.35319
0.05876
0.40541
0.57631
0.14433
0.30736
0.64749
0.66247
0.41023
0.73696
0.16254
0.41331
0.40882
0.79285
0.90759
0.32266
0.08106
0.64180
0.67956
0.67451
0.35368
0.18932
0.62846
0.83951
0.31148
0.93034
0.46828
0.70857
0.21865
0.63847
0.78212
0.76059
0.33301
0.75111
0.63484
0.48516
0.47265
0.12487
0.21307
0.66000
0.23409
0.02404
0.58254
0.01779
0.97675
0.01419
0.35448
0.73874
0.20692
0.41559
0.96490
0.89862
0.68556
0.89824
0.52315
0.22424
0.75676
0.03233
0.44974
0.62492
0.91781
0.59702
0.43646
0.95315
0.26627
0.14911
0.60547
0.66874
0.37937
0.41311
0.85985
0.68627
0.35503
0.29662
0.72411
0.61587
0.64673
0.01967
0.05842
0.84895
0.55982
0.81498
0.50726
0.41344
0.43703
0.00659
0.93352
0.25106
0.68162
0.14464
0.75806
0.01343
0.11974
0.03082
0.75189
0.02331
0.30999
0.86530
0.33544
0.73096
0.06598
0.17604
0.00139
0.68607
0.64965
0.83845
0.19381
0.53405
0.25581
0.49604
0.43071
0.03480
0.87890
0.32696
0.73878
0.70686
0.46214
0.52586
0.79941
0.33365
0.21030
0.35319
0.99187
0.72405
0.47744
0.58191
0.22147
0.89557
0.76576
0.11624
0.43511
0.97589
0.40884
0.32664
0.56900
0.04638
0.28856
0.07408
0.71922
0.59087
0.05217
0.26783
0.63934
0.46020
0.75267
0.64905
0.03329
0.82456
0.63031
0.46599
0.30869
0.06804
0.89691
0.56936
0.90911
0.74549
0.65486
0.55442
0.17306
0.07671
0.07863
0.55277
0.90074
0.71665
0.88721
0.60047
0.18744
0.56925
0.01790
0.87796
0.33047
0.63927
0.78482
0.25942
0.59257
0.57718
0.37515
0.71914
0.13756
0.56671
0.90845
0.21788
0.99746
0.43517
0.71458
0.04460
0.56851
0.97431
0.81580
0.51935
0.07690
0.66471
0.25502
0.93608
0.98307
0.66782
0.26813
0.04238
0.77065
0.94237
0.24800
0.55600
0.37339
0.29305
0.83534
0.54089
0.50330
0.48786
0.38014
0.90638
0.46433
0.05222
0.51411
0.22624
0.52245
0.67258
0.81569
0.07043
0.60721
0.50844
0.73452
0.16336
0.28761
0.18836
0.57518
0.73408
0.37687
0.14446
0.40307
0.78471
0.59289
0.84855
0.36766
0.33537
0.21760
0.88433
0.59294
0.59756
0.21173
0.05778
0.58581
0.16170
0.01323
0.34402
0.30612
0.45559
0.40866
0.85325
0.57427
0.68552
0.74932
0.14156
0.88921
0.86297
0.50363
0.15193
0.88780
0.81863
0.28469
0.61072
0.44019
0.13618
0.20429
0.41981
0.58345
0.89945
0.20682
0.29801
0.75369
0.27278
0.26204
0.10771
0.98287
0.82368
0.28816
0.64822
0.99382
0.64770
0.57699
0.85600
0.25672
0.00066
0.00025
0.05304
0.97944
0.80002
0.28387
0.60804
0.47735
0.38902
0.36131
0.01938
0.05840
0.47838
0.21687
0.02691
0.50902
0.34785
0.70568
0.58007
0.36809
0.84694
0.24056
0.88921
0.94208
0.21826
0.68188
0.09088
0.90530
0.66464
0.91055
0.70650
0.52770
0.85350
0.21742
0.86946
0.90243
0.28363
0.23306
0.91221
0.67697
0.73302
0.57541
0.89965
0.06175
0.98526
0.39356
0.74560
0.95339
0.44371
0.05294
0.35163
0.30939
0.35020
0.42352
0.82793
0.72903
0.73015
0.04177
0.76233
0.07528
0.73826
0.33630
0.11816
0.57601
0.20459
0.44615
0.93604
0.65786
0.36194
0.07466
0.35472
0.40997
0.94059
0.68227
0.86441
0.50921
0.95762
0.57222
0.46887
0.79557
0.58495
0.60750
0.88143
0.23446
0.10541
0.80217
0.87021
0.64234
0.62094
0.02379
0.17267
0.61642
0.46247
0.89561
0.92725
0.96989
0.58834
0.59238
0.06563
0.43264
0.75545
0.55529
0.77148
0.17748
0.33431
0.29903
0.84986
0.01981
0.65029
0.18308
0.81836
0.48217
0.32993
0.47301
0.34056
0.05703
0.82937
0.97313
0.12085
0.08446
0.00234
0.66794
0.65957
0.51957
0.65877
0.61565
0.50565
0.52271
0.40716
0.02395
0.02653
0.44439
0.23639
0.65959
0.85949
0.18671
0.46513
0.50835
0.72894
0.66350
0.69160
0.77544
0.60008
0.46756
0.72205
0.85439
0.93325
0.32958
0.44327
0.28076
0.20905
0.19754
0.44100
0.86625
0.00426
0.01723
0.22341
0.02454
0.37224
0.11554
0.70352
0.30698
0.02135
0.64627
0.33569
0.43160
0.13419
0.90744
0.23954
0.76193
0.16288
0.91886
0.78802
0.71583
0.51161
0.09395
0.07136
0.23409
0.63474
0.09876
0.73102
0.76749
0.41817
0.39758
0.37753
0.13983
0.71902
0.19692
0.74297
0.69784
0.76905
0.88898
0.05897
0.01465
0.96364
0.24347
0.04356
0.32988
0.39009
0.98030
0.05880
0.79143
0.23452
0.74956
0.96546
0.57331
0.88032
0.02336
0.33211
0.27342
0.89281
0.48399
0.95482
0.91448
0.18460
0.05675
0.85061
0.18740
0.07571
0.55615
0.80429
0.40669
0.23511
0.78817
0.43007
0.59846
0.27553
0.30993
0.38463
0.61438
0.29933
0.94512
0.02656
0.66685
0.29040
0.27493
0.91476
0.64212
0.44336
0.84489
0.70005
0.55670
0.24030
0.42984
0.97798
0.14010
0.30378
0.22873
0.41536
0.57922
0.33979
0.75424
0.34924
0.17078
0.93815
0.22320
0.07692
0.31522
0.55408
0.74551
0.63784
0.75478
0.91965
0.98087
0.60605
0.26637
0.78353
0.87863
0.25456
0.13212
0.49999
0.59055
0.37020
0.01591
0.99654
0.41326
0.34023
0.38684
0.69836
0.48839
0.80085
0.71170
0.51546
0.40577
0.11101
0.05995
0.90686
0.48859
0.91904
0.00618
0.66228
0.47096
0.80034
0.44410
0.19886
0.91914
0.28877
0.80065
0.00081
0.44067
0.02413
0.84754
0.35996
0.87564
0.56197
0.72180
0.91927
0.50614
0.15106
0.54872
0.78331
0.51707
0.10833
0.16184
0.46439
0.86021
0.00832
0.62320
0.73143
0.15233
0.20954
0.97376
0.42483
0.39796
0.31294
0.97618
0.96063
0.15064
0.91407
0.64507
0.95276
0.75633
0.59888
0.40849
0.34278
0.10454
0.64714
0.53366
0.23815
0.56029
0.29719
0.69862
0.97930
0.96709
0.47765
0.03442
0.30602
0.97521
0.48705
0.17795
0.01410
0.87606
0.66556
0.86405
0.54682
0.17316
0.67406
0.78605
0.17375
0.45277
0.05324
0.20775
0.89351
0.58516
0.23199
0.94251
0.82237
0.92944
0.63111
0.43972
0.91643
0.55675
0.83710
0.78958
0.01646
0.08932
0.40594
0.44022
0.67166
0.00059
0.64953
0.35149
0.22419
0.20464
0.28256
0.44752
0.10326
0.79444
0.45559
0.02997
0.54526
0.48264
0.70600
0.41589
0.89063
0.74765
0.73080
0.75774
0.14460
0.46064
0.45491
0.27092
0.38292
0.25605
0.66140
0.30555
0.13472
0.90944
0.02243
0.53604
0.37732
0.70836
0.39763
0.96336
0.05450
0.97886
0.28538
0.04178
0.90869
0.24365
0.92917
0.51005
0.83936
0.90836
0.47853
0.29769
0.35274
0.70653
0.30525
0.42141
0.77123
0.01543
0.93682
0.82698
0.50417
0.63338
0.35501
0.62492
0.92541
0.37503
0.12953
0.16794
0.25513
0.86162
0.35297
0.48446
0.47926
0.87266
0.95596
0.61503
0.59259
0.97961
0.91705
0.78704
0.49366
0.83524
0.25014
0.26869
0.36062
0.51432
0.24834
0.69534
0.65232
0.81018
0.45147
0.26245
0.84900
0.95646
0.95608
0.06656
0.80044
0.59653
0.27739
0.34089
0.89038
0.77604
0.81146
0.75525
0.90317
0.85132
0.74874
0.76618
0.89792
0.00143
0.18690
0.31926
0.20707
0.25094
0.82597
0.15367
0.79642
0.86314
0.87263
0.91529
0.23846
0.22308
0.48041
0.26310
0.43469
0.82752
0.76571
0.63488
0.78012
0.17847
0.69463
0.03622
0.96203
0.61147
0.50493
0.72180
0.01188
0.03510
0.45614
0.71065
0.30158
0.64248
0.61040
0.93929
0.62167
0.93544
0.52945
0.71097
0.28252
0.66400
0.27030
0.87044
0.62127
0.70999
0.49255
0.54667
0.23381
0.01226
0.00368
0.84030
0.09170
0.85015
0.93035
0.26231
0.68029
0.86313
0.37012
0.96122
0.47130
0.90760
0.21715
0.24216
0.37685
0.80220
0.96670
0.28364
0.31296
0.11746
0.25557
0.37800
0.73929
0.21405
0.31040
0.42843
0.75383
0.05175
0.02898
0.63200
0.18052
0.46028
0.22647
0.38714
0.89878
0.96077
0.92961
0.65940
0.84505
0.77097
0.18215
0.47535
0.46931
0.27567
0.84509
0.78897
0.89455
0.12307
0.31473
0.28304
0.44046
0.62353
0.77352
0.77735
0.77103
0.85873
0.03536
0.00338
0.08847
0.41308
0.42488
0.66752
0.30358
0.38474
0.18825
0.22232
0.19194
0.40861
0.48216
0.26801
0.46502
0.91025
0.19440
0.33188
0.85976
0.59496
0.27971
0.74234
0.23276
0.55646
0.29222
0.11337
0.73974
0.89894
0.35436
0.71133
0.45906
0.30208
0.18486
0.27545
0.99438
0.87190
0.40028
0.73044
0.30530
0.61396
0.54899
0.43998
0.97680
0.66576
0.54035
0.22972
0.43012
0.14025
0.05196
0.37731
0.23731
0.51914
0.36422
0.23755
0.28708
0.36283
0.43029
0.08147
0.73297
0.83592
0.57436
0.31268
0.14670
0.91682
0.10366
0.37392
0.84835
0.37366
0.12051
0.39654
0.03454
0.08225
0.62603
0.09455
0.11587
0.37961
0.82786
0.74314
0.74600
0.38068
0.53861
0.15257
0.93925
0.97822
0.37919
0.53051
0.99188
0.57853
0.52962
0.51988
0.48082
0.56053
0.14457
0.48108
0.85613
0.12115
0.98267
0.15861
0.41977
0.40175
0.41617
0.68947
0.86605
0.24322
0.45148
0.50295
0.76976
0.17148
0.85500
0.13670
0.00404
0.66373
0.14467
0.24622
0.37294
0.21444
0.98115
0.95232
0.92707
0.18470
0.47588
0.27765
0.18913
0.24161
0.78880
0.42636
0.79302
0.22751
0.31615
0.43764
0.90362
0.96483
0.20616
0.39887
0.13406
0.46690
0.20009
0.88519
0.20854
0.18851
0.46999
0.50480
0.24925
0.96069
0.69349
0.09520
0.00252
0.20606
0.49063
0.75213
0.59333
0.68853
0.64188
0.10240
0.51154
0.95437
0.94386
0.80509
0.72796
0.63415
0.33603
0.65944
0.32476
0.70705
0.63585
0.17695
0.94236
0.19564
0.10015
0.01872
0.83635
0.07668
0.00142
0.59804
0.42319
0.73767
0.61132
0.24678
0.44655
0.21650
0.93945
0.79833
0.18093
0.34614
0.04145
0.04083
0.73884
0.58850
0.39360
0.94752
0.88395
0.47323
0.85821
0.35416
0.11164
0.34396
0.57746
0.11446
0.46673
0.63598
0.80389
0.27488
0.89950
0.24854
0.52176
0.65187
0.04002
0.20083
0.11703
0.65808
0.79955
0.51936
0.95153
0.27892
0.29612
0.99183
0.20471
0.63476
0.69986
0.00116
0.09584
0.43275
0.72618
0.18285
0.27968
0.64526
0.78629
0.95066
0.53665
0.29649
0.09277
0.14880
0.50231
0.51006
0.89369
0.25627
0.89235
0.43123
0.71125
0.32387
0.86487
0.47632
0.31736
0.55110
0.03540
0.55931
0.28270
0.49065
0.68337
0.13667
0.61502
0.76801
0.67163
0.65708
0.27252
0.23564
0.48273
0.95789
0.13380
0.73743
0.50645
0.79401
0.65551
0.63629
0.31412
0.17350
0.22781
0.26893
0.35114
0.76021
0.51306
0.98978
0.74704
0.84208
0.06507
0.49846
0.11144
0.05121
0.84121
0.55811
0.30922
0.58164
0.09187
0.57572
0.63227
0.07563
0.20744
0.29769
0.68702
0.29840
0.13216
0.40519
0.77490
0.02281
0.08547
0.38621
0.97738
0.85023
0.33186
0.98074
0.93771
0.17682
0.82598
0.94156
0.98101
0.42098
0.65274
0.37734
0.52166
0.80219
0.66534
0.28678
0.33131
0.50496
0.20962
0.46615
0.57002
0.03756
0.07063
0.54534
0.10755
0.11700
0.84190
0.16217
0.10683
0.16850
0.51279
0.65889
0.91509
0.18508
0.32280
0.27636
0.63733
0.07715
0.86646
0.51903
0.45790
0.32044
0.36128
0.93589
0.12615
0.50239
0.19750
0.48569
0.32445
0.22845
0.79711
0.04082
0.25551
0.85992
0.16382
0.96365
0.32275
0.41196
0.41368
0.65616
0.87226
0.71633
0.25792
0.25840
0.99302
0.71013
0.25915
0.59662
0.18962
0.37175
0.47069
0.94148
0.78206
0.31172
0.31898
0.17839
0.01038
0.19754
0.46051
0.99794
0.73208
0.26213
0.04025
0.40751
0.85624
0.10255
0.52844
0.17338
0.98555
0.93056
0.94896
0.99335
0.42411
0.36992
0.12404
0.43656
0.60895
0.96302
0.58704
0.09215
0.70925
0.28208
0.54084
0.74831
0.76255
0.40860
0.08182
0.86352
0.91209
0.06936
0.33953
0.50376
0.53042
0.62661
0.77836
0.74829
0.29152
0.97446
0.31702
0.89547
0.33247
0.95842
0.37794
0.98921
0.55072
0.01391
0.99238
0.18045
0.59491
0.28136
0.25187
0.74991
0.15484
0.85508
0.04588
0.64415
0.04329
0.12868
0.33340
0.15892
0.85879
0.53996
0.91316
0.62854
0.36308
0.30165
0.65284
0.48083
0.50039
0.16028
0.11637
0.73827
0.42121
0.88518
0.00981
0.10605
0.80887
0.34332
0.07333
0.79526
0.31487
0.35503
0.25301
0.83610
0.86429
0.65383
0.42574
0.01459
0.52072
0.13016
0.55694
0.30299
0.98933
0.15828
0.13366
0.06881
0.66076
0.36051
0.42923
0.90465
0.07522
0.00835
0.96519
0.84665
0.64745
0.74581
0.76670
0.00184
0.80345
0.45185
0.41586
0.81444
0.98266
0.14877
0.16837
0.26808
0.72191
0.15584
0.92942
0.77692
0.83568
0.16202
0.12031
0.98985
0.93262
0.52691
0.03481
0.20713
0.39081
0.82500
0.92357
0.70099
0.55408
0.67736
0.70725
0.59164
0.95700
0.82282
0.01192
0.16139
0.78241
0.10628
0.30288
0.89779
0.13278
0.91965
0.70099
0.90055
0.04273
0.21427
0.84092
0.93918
0.29034
0.50020
0.52816
0.77011
0.37769
0.00202
0.11938
0.57730
0.81117
0.39063
0.05595
0.85767
0.24690
0.38649
0.50579
0.52542
0.60082
0.56588
0.65010
0.33708
0.02870
0.99753
0.22889
0.60530
0.35479
0.45130
0.45180
0.51539
0.11082
0.39362
0.92529
0.88586
0.08369
0.03346
0.83121
0.68097
0.86954
0.18320
0.58320
0.97888
0.87124
0.25998
0.29669
0.33235
0.51232
0.45576
0.94943
0.19748
0.43543
0.33152
0.15895
0.70284
0.86889
0.41551
0.05053
0.84843
0.10439
0.18354
0.01617
0.57771
0.31347
0.41449
0.69422
0.39917
0.64996
0.92801
0.34957
0.53493
0.21655
0.87065
0.50836
0.48457
0.72009
0.23782
0.71123
0.24755
0.78256
0.32358
0.24842
0.44757
0.30454
0.34773
0.04993
0.80568
0.15551
0.04793
0.34783
0.65656
0.84902
0.14423
0.67938
0.72042
0.44783
0.71204
0.14840
0.42839
0.90910
0.14076
0.26539
0.02852
0.18893
0.11545
0.44485
0.06169
0.11281
0.78587
0.76276
0.49336
0.64755
0.44068
0.90352
0.99108
0.67082
0.16782
0.68474
0.10890
0.69794
0.79163
0.72502
0.83120
0.78639
0.62755
0.71140
0.24276
0.54001
0.22698
0.42468
0.20982
0.15034
0.81780
0.28998
0.16963
0.91626
0.49513
0.54254
0.17476
0.35218
0.64407
0.37920
0.77986
0.45159
0.77907
0.20248
0.57990
0.51469
0.04243
0.16989
0.58218
0.51341
0.98860
0.00760
0.98741
0.80806
0.16910
0.19730
0.46852
0.81473
0.72220
0.12728
0.69801
0.69346
0.42134
0.84268
0.70673
0.51564
0.93867
0.25296
0.37184
0.41706
0.87595
0.85288
0.61786
0.02757
0.94593
0.24204
0.75745
0.52438
0.93639
0.48700
0.99591
0.38562
0.01743
0.04989
0.84916
0.68190
0.61107
0.15459
0.76143
0.19457
0.63483
0.33806
0.51715
0.58480
0.37203
0.02381
0.88361
0.88420
0.62537
0.08224
0.40815
0.12616
0.55091
0.87128
0.82588
0.73579
0.77726
0.35389
0.61623
0.52400
0.74064
0.39564
0.12949
0.74276
0.86050
0.78111
0.65453
0.45139
0.51967
0.15671
0.17053
0.50744
0.50137
0.28189
0.43212
0.95867
0.45392
0.45895
0.73736
0.93613
0.03462
0.18274
0.01245
0.90219
0.23367
0.81434
0.96163
0.54764
0.95405
0.24817
0.74713
0.92782
0.15644
0.88413
0.77563
0.60613
0.88009
0.52666
0.92312
0.26236
0.63626
0.43664
0.97728
0.67235
0.61774
0.21495
0.87497
0.25675
0.14275
0.78663
0.50384
0.33874
0.42647
0.68170
0.19681
0.21039
0.18638
0.05647
0.61255
0.63492
0.71713
0.58031
0.42066
0.01506
0.41612
0.44757
0.97619
0.71124
0.72670
0.73609
0.00577
0.86954
0.70606
0.49687
0.58151
0.20243
0.67308
0.59205
0.52027
0.85784
0.49954
0.38981
0.25021
0.01774
0.63999
0.68555
0.84902
0.41910
0.62587
0.67555
0.42609
0.70822
0.16427
0.59725
0.69748
0.92565
0.80744
0.53765
0.19857
0.06167
0.71773
0.78255
0.10761
0.72245
0.66044
0.91872
0.58372
0.36733
0.25884
0.93402
0.06755
0.74339
0.48503
0.93690
0.29624
0.77463
0.37938
0.82171
0.87638
0.52471
0.43362
0.21372
0.98861
0.33270
0.13845
0.10275
0.20476
0.39316
0.38626
0.48385
0.30660
0.30272
0.75136
0.80465
0.85699
0.75795
0.83452
0.19067
0.11788
0.42010
0.40791
0.38936
0.90212
0.49873
0.03111
0.31947
0.57451
0.09368
0.11053
0.91384
0.86167
0.67761
0.80498
0.17329
0.58918
0.30123
0.46988
0.38281
0.02255
0.41066
0.08935
0.83020
0.62050
0.03394
0.70807
0.96750
0.50881
0.64312
0.49864
0.60416
0.94918
0.69266
0.33775
0.38508
0.08169
0.56884
0.45852
0.72259
0.27405
0.49409
0.09474
0.81329
0.56816
0.46005
0.85977
0.24807
0.28154
0.14068
0.05153
0.17948
0.77970
0.40360
0.80133
0.04311
0.50675
0.74802
0.54390
0.14317
0.16364
0.75089
0.04574
0.46485
0.95372
0.93825
0.74374
0.46948
0.46451
0.01715
0.45657
0.82552
0.53814
0.17196
0.15734
0.65902
0.24884
0.42707
0.61897
0.43685
0.61790
0.70016
0.37596
0.12447
0.64351
0.80035
0.44241
0.49497
0.61721
0.36798
0.86055
0.10169
0.24763
0.54430
0.14937
0.96313
0.67756
0.73073
0.77719
0.26241
0.92759
0.89751
0.10882
0.55385
0.19839
0.02795
0.92632
0.65826
0.22362
0.48642
0.75575
0.88828
0.84844
0.39423
0.09987
0.83330
0.49846
0.98107
0.57894
0.73436
0.28427
0.44097
0.14367
0.33083
0.37154
0.06317
0.68325
0.04507
0.86270
0.47942
0.21667
0.28200
0.99419
0.92233
0.95749
0.29015
0.83646
0.46494
0.54166
0.14907
0.62933
0.29929
0.73499
0.47925
0.87845
0.03849
0.83945
0.12647
0.16635
0.86894
0.08461
0.97733
0.14852
0.49626
0.37209
0.33780
0.35029
0.17564
0.67713
0.35302
0.30710
0.30134
0.19395
0.78271
0.17693
0.13206
0.11062
0.52695
0.79528
0.22871
0.34627
0.29506
0.35054
0.10749
0.95456
0.66166
0.97358
0.40556
0.16878
0.03242
0.55700
0.35627
0.31327
0.26004
0.75641
0.23437
0.27704
0.04289
0.92788
0.61133
0.53052
0.07032
0.95337
0.85955
0.12817
0.38656
0.61550
0.06121
0.20125
0.12332
0.71858
0.09581
0.41190
0.12754
0.59466
0.77480
0.95309
0.15265
0.76054
0.83304
0.58655
0.43355
0.95866
0.97250
0.96987
0.04785
0.99375
0.18567
0.57891
0.08322
0.76399
0.23947
0.18374
0.71842
0.61272
0.27164
0.30339
0.08442
0.90045
0.19202
0.65801
0.82950
0.84059
0.98755
0.12012
0.39137
0.99648
0.00785
0.16714
0.42994
0.95200
0.12582
0.04990
0.33920
0.66404
0.37427
0.33301
0.73751
0.61551
0.56975
0.41742
0.35407
0.69090
0.73474
0.97924
0.00175
0.63396
0.77838
0.59611
0.71024
0.30350
0.29297
0.79850
0.78062
0.20292
0.58456
0.08857
0.45099
0.13262
0.76094
0.32881
0.78161
0.42658
0.92095
0.36088
0.10893
0.70753
0.73715
0.30397
0.86874
0.71653
0.14149
0.44370
0.61737
0.37097
0.43218
0.70956
0.16065
0.73027
0.54457
0.87901
0.36207
0.27586
0.61351
0.41230
0.24593
0.51830
0.51444
0.94001
0.77238
0.42451
0.30174
0.09074
0.67656
0.62205
0.99044
0.70301
0.50199
0.83132
0.87741
0.41011
0.99932
0.00722
0.05764
0.76190
0.89068
0.38000
0.63131
0.75677
0.29021
0.35579
0.25396
0.43139
0.09678
0.61680
0.18652
0.70934
0.63515
0.27849
0.71482
0.60845
0.14275
0.62559
0.92947
0.30568
0.74686
0.04161
0.40960
0.17739
0.03721
0.49659
0.80043
0.29152
0.38150
0.40095
0.18977
0.49636
0.24298
0.87736
0.01011
0.77054
0.54938
0.87894
0.68970
0.47349
0.95301
0.62524
0.46073
0.16729
0.72823
0.94135
0.44705
0.18365
0.92339
0.92168
0.40443
0.45337
0.25556
0.58572
0.19104
0.72611
0.91472
0.46223
0.91614
0.60867
0.02410
0.42930
0.51292
0.15172
0.28353
0.00864
0.51979
0.31440
0.09465
0.00772
0.06104
0.71673
0.19269
0.26384
0.11237
0.53197
0.88171
0.23932
0.42957
0.02196
0.94644
0.16082
0.26339
0.81702
0.59072
0.11932
0.56322
0.39895
0.47958
0.74147
0.76673
0.86059
0.64247
0.01102
0.23179
0.41854
0.85471
0.86559
0.50514
0.27863
0.57712
0.93901
0.83089
0.31869
0.80314
0.53393
0.14377
0.17559
0.39265
0.99329
0.00143
0.63931
0.93296
0.07357
0.88858
0.07655
0.29756
0.03384
0.65581
0.80800
0.61559
0.28180
0.59254
0.86897
0.33490
0.56946
0.92216
0.73869
0.66171
0.74941
0.62807
0.08805
0.60014
0.26065
0.99902
0.60467
0.83987
0.25546
0.19506
0.53164
0.02729
0.51398
0.47982
0.15825
0.17449
0.83622
0.55487
0.23237
0.70423
0.63112
0.42910
0.41981
0.84156
0.70058
0.88846
0.02467
0.69411
0.45150
0.69700
0.04609
0.43782
0.49837
0.51868
0.76853
0.48355
0.15870
0.23507
0.42245
0.13148
0.75898
0.68781
0.28649
0.96217
0.51082
0.75480
0.83579
0.05737
0.07698
0.29139
0.58218
0.07491
0.50054
0.60578
0.91647
0.69079
0.44986
0.26177
0.80900
0.28975
0.21427
0.60290
0.73573
0.46352
0.53650
0.11899
0.33739
0.42986
0.53068
0.66757
0.30121
0.31578
0.51338
0.04259
0.90311
0.97380
0.22045
0.75643
0.36272
0.26110
0.58785
0.15129
0.33223
0.32532
0.66178
0.12263
0.76349
0.03357
0.93512
0.17946
0.17021
0.29901
0.60890
0.13076
0.73201
0.16934
0.00061
0.49957
0.98378
0.33062
0.50893
0.24927
0.14291
0.15331
0.09505
0.09045
0.84749
0.68535
0.44552
0.15344
0.26238
0.04931
0.64822
0.18600
0.67679
0.86471
0.80427
0.60585
0.36363
0.58922
0.08891
0.71849
0.79344
0.45408
0.08734
0.68250
0.70648
0.55407
0.38530
0.72872
0.75182
0.41696
0.31983
0.66083
0.41358
0.39731
0.49791
0.57445
0.01998
0.13279
0.05087
0.94283
0.01121
0.82848
0.11805
0.63770
0.11268
0.26475
0.97441
0.82127
0.50668
0.55332
0.70653
0.11799
0.16971
0.34584
0.55371
0.94722
0.84650
0.35524
0.06755
0.17913
0.42748
0.93108
0.16700
0.29329
0.86312
0.11566
0.90485
0.14309
0.75020
0.51381
0.01404
0.98586
0.24529
0.17695
0.57200
0.26832
0.38178
0.84935
0.22951
0.74516
0.86857
0.86746
0.40729
0.81185
0.37079
0.55010
0.19885
0.45685
0.83080
0.47024
0.54258
0.18462
0.48609
0.00558
0.91908
0.24398
0.86759
0.34846
0.45663
0.04253
0.66042
0.23165
0.56600
0.67388
0.26832
0.05616
0.92382
0.27343
0.63110
0.05792
0.78649
0.49172
0.52405
0.14099
0.36072
0.69479
0.54901
0.73887
0.72339
0.11276
0.85861
0.33401
0.62013
0.94452
0.53560
0.05805
0.38124
0.94010
0.51273
0.16907
0.97871
0.69813
0.76531
0.87431
0.62888
0.92263
0.81856
0.67713
0.99500
0.37982
0.60720
0.50210
0.96918
0.01120
0.16766
0.17566
0.67079
0.47191
0.95541
0.30570
0.33073
0.84850
0.36715
0.27258
0.44559
0.62636
0.28452
0.76635
0.43704
0.26091
0.39339
0.19105
0.88655
0.36024
0.40120
0.03098
0.80130
0.66257
0.95259
0.97874
0.33344
0.86796
0.08244
0.22047
0.84374
0.54810
0.54832
0.21225
0.31537
0.64768
0.34574
0.80436
0.26417
0.46514
0.66837
0.68554
0.20489
0.92912
0.25340
0.69777
0.57008
0.76489
0.24127
0.83414
0.09666
0.88589
0.12198
0.39078
0.86901
0.81548
0.65567
0.33836
0.47505
0.44279
0.41333
0.43979
0.05066
0.29164
0.08764
0.41239
0.09333
0.57781
0.08989
0.76602
0.23349
0.51826
0.91972
0.27395
0.95679
0.51189
0.91122
0.68843
0.05330
0.97151
0.51941
0.32594
0.21651
0.83980
0.69926
0.66771
0.59060
0.09560
0.18287
0.89796
0.03109
0.24522
0.34959
0.06057
0.90381
0.25643
0.74203
0.62622
0.83544
0.66140
0.91177
0.11070
0.55481
0.50065
0.13806
0.02771
0.36797
0.70577
0.21934
0.98354
0.57049
0.75982
0.57765
0.77023
0.32312
0.45308
0.09933
0.62246
0.50029
0.78668
0.09125
0.27735
0.83485
0.98260
0.73103
0.18886
0.69051
0.97482
0.88648
0.78947
0.38511
0.91980
0.90477
0.10579
0.90753
0.71272
0.05009
0.06723
0.71482
0.11825
0.68991
0.92563
0.97488
0.67436
0.64346
0.90863
0.46470
0.76021
0.97157
0.48927
0.77271
0.86219
0.90700
0.70604
0.23658
0.44946
0.11893
0.35038
0.25712
0.92884
0.75074
0.93354
0.75696
0.95389
0.39945
0.20066
0.00865
0.07220
0.08104
0.32839
0.89239
0.97125
0.81461
0.32818
0.71836
0.96014
0.15158
0.48328
0.87484
0.62903
0.40696
0.60085
0.20051
0.31056
0.68928
0.54807
0.38155
0.83743
0.16329
0.47916
0.36676
0.81690
0.19089
0.81518
0.45106
0.85485
0.94805
0.29455
0.79790
0.54405
0.11225
0.97998
0.76289
0.41176
0.78736
0.48524
0.22911
0.24552
0.67332
0.49067
0.82742
0.50404
0.83720
0.55312
0.25897
0.03765
0.25109
0.69427
0.41711
0.93672
0.07752
0.12208
0.82267
0.13469
0.05707
0.47154
0.69801
0.44550
0.10010
0.49312
0.59309
0.18061
0.01948
0.21877
0.68547
0.17325
0.84367
0.30637
0.02844
0.23450
0.78695
0.60019
0.38806
0.23773
0.84767
0.66035
0.63726
0.97672
0.79697
0.15335
0.21625
0.18846
0.06013
0.22077
0.94747
0.30024
0.68147
0.80046
0.74859
0.22951
0.73321
0.68991
0.79109
0.46522
0.04128
0.55344
0.25293
0.90110
0.92101
0.76073
0.82118
0.00591
0.33692
0.15111
0.54703
0.76596
0.30781
0.31772
0.58677
0.19264
0.66850
0.27682
0.92569
0.21662
0.14744
0.42823
0.18487
0.45871
0.10924
0.33633
0.46253
0.15421
0.94330
0.81876
0.19118
0.37021
0.24702
0.52008
0.19167
0.57514
0.15109
0.88464
0.36985
0.41727
0.99902
0.61653
0.43723
0.53009
0.43989
0.78282
0.03390
0.97088
0.01200
0.90515
0.14265
0.73768
0.15673
0.12588
0.41867
0.32219
0.09422
0.44243
0.99804
0.50733
0.26987
0.81262
0.33288
0.25770
0.46524
0.59295
0.76727
0.81493
0.70010
0.36406
0.61760
0.77648
0.73681
0.97191
0.28983
0.92652
0.67497
0.99275
0.06006
0.11906
0.17654
0.32070
0.14841
0.91075
0.56356
0.27412
0.84114
0.14776
0.48266
0.37485
0.65446
0.34607
0.66120
0.46112
0.66973
0.87746
0.20059
0.71348
0.24195
0.04631
0.08344
0.00049
0.38723
0.16655
0.36552
0.23191
0.75876
0.57028
0.37700
0.98931
0.57538
0.23930
0.71291
0.17511
0.27319
0.24555
0.04171
0.81750
0.69272
0.05690
0.86365
0.52629
0.56508
0.01654
0.34612
0.43437
0.63335
0.32105
0.57279
0.92882
0.36349
0.36598
0.81308
0.60923
0.28096
0.57849
0.27173
0.58237
0.21606
0.38049
0.32741
0.61437
0.44028
0.89109
0.19474
0.54435
0.44383
0.01448
0.68291
0.20584
0.94278
0.96600
0.00108
0.56471
0.39981
0.97728
0.19464
0.60943
0.71158
0.46986
0.40731
0.77907
0.81061
0.15963
0.99074
0.31310
0.27963
0.31333
0.55835
0.67282
0.00847
0.93915
0.75785
0.66042
0.52708
0.78314
0.38317
0.36361
0.83286
0.76329
0.15193
0.49874
0.82779
0.70452
0.52189
0.19998
0.60168
0.45096
0.59473
0.57235
0.94456
0.58395
0.95852
0.64093
0.57508
0.17927
0.07644
0.60988
0.75643
0.50048
0.66184
0.64928
0.18550
0.77822
0.54605
0.20297
0.59168
0.26147
0.17116
0.93551
0.92365
