0.28312 0.56632
0.66922 0.43460
0.05188 0.97578
0.29639 0.01395
0.89142 0.91000
0.92959 0.85379
0.91239 0.32151
0.44944 0.45564
0.13924 0.23640
0.19390 0.81119
0.13817 0.46844
0.12849 0.58228
0.55017 0.37476
0.37357 0.97072
0.62307 0.15691
0.81460 0.90176
0.22001 0.98738
0.63470 0.39914
0.05311 0.94641
0.34231 0.98646
0.89628 0.06710
0.96177 0.85687
0.47664 0.96275
0.94018 0.11518
0.19898 0.49089
0.43164 0.49803
0.93951 0.53753
0.95617 0.71939
0.88481 0.00932
0.69322 0.74439
0.92931 0.50956
0.34697 0.42567
0.80309 0.51928
0.65225 0.36288
0.15557 0.15148
0.96198 0.46730
0.43626 0.97556
0.21818 0.51055
0.29197 0.57404
0.12791 0.64992
0.79841 0.71758
0.70338 0.88103
0.44642 0.28987
0.57300 0.16019
0.06270 0.35379
0.81364 0.78621
0.98328 0.55256
0.68973 0.84310
0.65514 0.24005
0.62894 0.44085
0.96633 0.56632
0.73319 0.96446
0.15728 0.53306
0.47934 0.19226
0.21231 0.21026
0.67048 0.97084
0.68633 0.61283
0.90904 0.10721
0.53859 0.60620
0.16061 0.66186
0.06924 0.80630
0.67631 0.20876
0.40665 0.70388
0.67703 0.30904
0.16298 0.87437
0.02905 0.64538
0.47921 0.15949
0.77660 0.86020
0.01934 0.28103
0.16929 0.97952
0.83813 0.30972
0.11450 0.85627
0.87721 0.33945
0.32330 0.21728
0.90072 0.43945
0.21966 0.35633
0.24101 0.74183
0.38104 0.92587
0.07365 0.85895
0.38203 0.04243
0.22097 0.20046
0.00390 0.21721
0.38157 0.44616
0.88819 0.49693
0.35529 0.45741
0.67027 0.61864
0.61890 0.69619
0.26873 0.81373
0.55217 0.43554
0.64167 0.39670
0.49885 0.68528
0.01878 0.57753
0.04027 0.61946
0.98465 0.70092
0.14997 0.52877
0.56072 0.10260
0.45057 0.20164
0.14414 0.48248
0.71268 0.74082
0.24436 0.38982
0.04402 0.21333
0.06389 0.03757
0.19436 0.26111
0.81257 0.80465
0.56802 0.80052
0.13531 0.54100
0.07147 0.16738
0.73376 0.01019
0.45194 0.23707
0.15397 0.57370
0.13217 0.43234
0.22924 0.87440
0.51997 0.83227
0.21041 0.32117
0.09470 0.81069
0.81711 0.47200
0.01609 0.94076
0.14217 0.06738
0.48872 0.94300
0.07542 0.08388
0.05633 0.03620
0.16702 0.23440
0.05973 0.83766
0.76638 0.61803
0.53116 0.07845
0.80035 0.79666
0.37868 0.13474
0.48770 0.52141
0.00709 0.58440
0.35401 0.00045
0.02074 0.48834
0.41427 0.55433
0.69600 0.58548
0.76912 0.23686
0.55270 0.32333
0.78645 0.53072
0.00579 0.98336
0.64612 0.12973
0.93127 0.54309
0.72642 0.20277
0.75323 0.36019
0.20175 0.29141
0.23287 0.87890
0.42190 0.70900
0.42918 0.29527
0.05440 0.14375
0.96838 0.04259
0.70992 0.29590
0.89381 0.57870
0.59891 0.57156
0.33702 0.58289
0.88552 0.13494
0.49172 0.60729
0.41553 0.11765
0.01619 0.10788
0.63500 0.00779
0.95621 0.80602
0.77072 0.89998
0.83795 0.67732
0.31791 0.15895
0.25822 0.82197
0.38191 0.01788
0.87746 0.41892
0.86451 0.99843
0.53397 0.41215
0.66837 0.65503
0.45163 0.25634
0.04406 0.41204
0.85994 0.24292
0.53803 0.11328
0.46056 0.53363
0.92052 0.24992
0.37394 0.82115
0.82644 0.50046
0.56073 0.81750
0.24409 0.39395
0.76833 0.25301
0.31816 0.33287
0.98586 0.74864
0.03167 0.62370
0.74874 0.48770
0.29485 0.63390
0.46400 0.32241
0.42435 0.17832
0.84815 0.68696
0.89472 0.34851
0.02875 0.71262
0.73094 0.41707
0.46904 0.58765
0.22532 0.38722
0.60615 0.01552
0.98774 0.32881
0.77249 0.61301
0.71109 0.98949
0.70083 0.28486
0.52542 0.10265
0.92348 0.00442
0.75912 0.50340
0.35682 0.12248
0.95790 0.17096
0.57363 0.10596
0.49297 0.81578
0.66222 0.56907
0.06709 0.79577
0.14604 0.44845
0.58935 0.56033
0.93571 0.61881
0.32193 0.37818
0.51453 0.32891
0.23899 0.57412
0.33503 0.88498
0.14707 0.57022
0.72010 0.90732
0.54893 0.56923
0.90469 0.93866
0.45383 0.63917
0.13933 0.06142
0.48347 0.10232
0.91061 0.93160
0.06141 0.28590
0.82741 0.33890
0.34216 0.14383
0.23068 0.38360
0.74000 0.06416
0.88564 0.64841
0.02153 0.69437
0.67982 0.03864
0.45099 0.37507
0.08675 0.03318
0.33759 0.89096
0.62717 0.89356
0.80047 0.97971
0.41872 0.72833
0.97408 0.70159
0.55613 0.14926
0.36266 0.38294
0.08980 0.23557
0.45342 0.82615
0.93920 0.85247
0.55328 0.90748
0.95779 0.09045
0.78856 0.12816
0.99563 0.71824
0.43477 0.73514
0.76100 0.27256
0.57246 0.72453
0.77306 0.67692
0.08448 0.52316
0.91360 0.41979
0.26635 0.69425
0.71772 0.14902
0.69223 0.90602
0.57056 0.56480
0.58339 0.68375
0.18595 0.10876
0.03329 0.27404
0.00994 0.05962
0.87971 0.66854
0.75214 0.10004
0.52777 0.78277
0.33576 0.01125
0.69940 0.83019
0.44989 0.56447
0.20433 0.16460
0.80110 0.13385
0.20837 0.70414
0.22203 0.95934
0.48468 0.08206
0.90359 0.71686
0.97427 0.97663
0.94665 0.06793
0.68833 0.21597
0.92355 0.10063
0.48930 0.41696
0.69222 0.09842
0.80011 0.18621
0.99480 0.14450
0.72067 0.41642
0.95166 0.57096
0.67841 0.93768
0.26781 0.67409
0.68510 0.48664
0.77396 0.69101
0.51347 0.26468
0.13745 0.28257
0.65729 0.46548
0.67920 0.71999
0.06197 0.28035
0.97643 0.81088
0.46239 0.48526
0.55893 0.71266
0.89033 0.97959
0.31811 0.74785
0.84973 0.15493
0.82568 0.46264
0.93314 0.63226
0.82910 0.52940
0.12638 0.87204
0.75098 0.92869
0.82359 0.72605
0.15953 0.78034
0.22819 0.45311
0.61294 0.31304
0.42723 0.82891
0.45502 0.30177
0.74689 0.02592
0.09305 0.07716
0.40916 0.08678
0.65026 0.36320
0.77802 0.70953
0.14564 0.89787
0.17159 0.83700
0.89770 0.54050
0.99692 0.35082
0.04811 0.67364
0.60012 0.78603
0.69714 0.79601
0.08746 0.62318
0.22149 0.24740
0.31862 0.32443
0.82827 0.72037
0.70114 0.96595
0.81692 0.97878
0.06175 0.74738
0.33803 0.31558
0.54521 0.05646
0.30450 0.95202
0.42758 0.49703
0.64049 0.95494
0.81296 0.85974
0.60705 0.91948
0.76744 0.60359
0.54626 0.18428
0.25258 0.60670
0.77096 0.33812
0.63746 0.47557
0.26566 0.50278
0.25626 0.41778
0.42188 0.95996
0.76107 0.52637
0.08586 0.75220
0.92776 0.20626
0.82732 0.69833
0.64018 0.11816
0.71005 0.45620
0.89105 0.79072
0.80478 0.68528
0.45768 0.90919
0.71846 0.22385
0.14521 0.98892
0.77040 0.32494
0.84795 0.26242
0.25132 0.61180
0.55236 0.30598
0.86912 0.22447
0.26998 0.21763
0.87066 0.42923
0.80995 0.75005
0.71699 0.88853
0.67415 0.30875
0.65344 0.61475
0.03817 0.91338
0.41242 0.94229
0.33606 0.32180
0.40993 0.57343
0.35936 0.32779
0.62505 0.09298
0.93646 0.33573
0.95774 0.64721
0.80059 0.82292
0.23018 0.69338
0.79686 0.12387
0.70420 0.40581
0.09044 0.63584
0.59535 0.17155
0.36905 0.21516
0.96958 0.49157
0.83163 0.11596
0.92536 0.68174
0.02750 0.69012
0.36485 0.41652
0.33153 0.68219
0.25696 0.43227
0.55001 0.16244
0.72296 0.77372
0.87641 0.45422
0.10775 0.13099
0.21839 0.45238
0.56428 0.80762
0.99559 0.31817
0.58055 0.65507
0.96359 0.69137
0.60307 0.52620
0.24026 0.53871
0.58425 0.36506
0.02963 0.45509
0.08100 0.35389
0.64954 0.32240
0.90119 0.87013
0.20130 0.36280
0.51160 0.86488
0.97856 0.99773
0.18326 0.59071
0.00250 0.50750
0.77726 0.76006
0.60735 0.41659
0.00755 0.04709
0.59940 0.38838
0.67825 0.78943
0.54279 0.75989
0.58689 0.37001
0.03769 0.27487
0.74277 0.04934
0.97754 0.57030
0.89167 0.33765
0.13164 0.63121
0.42123 0.86538
0.49170 0.61199
0.61016 0.28012
0.88444 0.40817
0.04790 0.74872
0.85166 0.76532
0.02132 0.50714
0.21343 0.21061
0.45796 0.68905
0.46011 0.17079
0.33743 0.61556
0.07282 0.62207
0.02091 0.32133
0.94143 0.83322
0.18815 0.97785
0.26789 0.69341
0.91338 0.41299
0.40032 0.10974
0.75807 0.23585
0.93009 0.01922
0.18503 0.08872
0.73853 0.61085
0.35694 0.81281
0.24495 0.16049
0.93284 0.58697
0.93357 0.03667
0.97731 0.67903
0.84419 0.90147
0.46334 0.15925
0.10492 0.94203
0.60757 0.03643
0.50755 0.95942
0.93713 0.93345
0.95786 0.95240
0.04455 0.51234
0.13807 0.42538
0.34931 0.52218
0.97888 0.52212
0.10762 0.88108
0.62822 0.77095
0.56090 0.87287
0.55874 0.01844
0.35097 0.92714
0.82173 0.02737
0.54452 0.37900
0.87644 0.58759
0.06819 0.06569
0.13344 0.36552
0.27406 0.01449
0.11696 0.56166
0.99795 0.59348
0.08562 0.05482
0.04818 0.87922
0.71834 0.21823
0.51342 0.39365
0.63518 0.27803
0.86886 0.25824
0.95310 0.38271
0.14519 0.09818
0.21476 0.96729
0.48076 0.34816
0.89874 0.61385
0.32975 0.76088
0.02866 0.53741
0.03373 0.55321
0.40824 0.38699
0.44944 0.81586
0.35563 0.18085
0.80171 0.89162
0.43554 0.36667
0.14914 0.94229
0.63946 0.49666
0.28294 0.86362
0.41039 0.84880
0.66037 0.75832
0.25479 0.71454
0.55063 0.96846
0.06771 0.97685
0.56008 0.70375
0.28802 0.27854
0.03601 0.05938
0.26488 0.73817
0.92917 0.03657
0.11430 0.16077
0.09419 0.11874
0.48053 0.64394
0.96239 0.51903
0.53392 0.62214
0.69189 0.75534
0.74102 0.81351
0.85421 0.35473
0.34383 0.95850
0.98724 0.63996
0.88534 0.44614
0.30370 0.05387
0.20690 0.46223
0.16373 0.05100
0.58787 0.45619
0.63550 0.44921
0.42650 0.41784
0.14949 0.28653
0.82538 0.12660
0.03061 0.87142
0.49848 0.36402
0.63264 0.81170
0.95802 0.01205
0.92650 0.80975
0.01664 0.53709
0.09580 0.76066
0.14984 0.18857
0.02558 0.73154
0.11551 0.14286
0.84112 0.00049
0.38459 0.37678
0.56248 0.08145
0.22817 0.89722
0.21133 0.15297
0.34590 0.99312
0.81398 0.50561
0.36522 0.86473
0.79327 0.76379
0.62980 0.99267
0.77163 0.52095
0.03629 0.79228
0.56704 0.80943
0.27908 0.01515
0.48308 0.82576
0.05332 0.88960
0.45594 0.16446
0.26247 0.88392
0.81961 0.04400
0.59925 0.23311
0.74548 0.65081
0.73765 0.05769
0.22277 0.51420
0.80787 0.93300
0.75274 0.73282
0.75627 0.06097
0.38317 0.87117
0.10439 0.46745
0.27403 0.79440
0.10904 0.93628
0.07876 0.88435
0.37652 0.77068
0.82155 0.59035
0.10235 0.65256
0.07840 0.11020
0.07294 0.00808
0.26726 0.30240
0.55983 0.84421
0.11663 0.25797
0.49072 0.16818
0.71246 0.09762
0.69985 0.07042
0.47448 0.70698
0.71326 0.42998
0.64465 0.37284
0.11226 0.36371
0.65049 0.38500
0.40606 0.41609
0.89373 0.92687
0.10955 0.75193
0.05495 0.65064
0.36156 0.70843
0.49772 0.56729
0.27994 0.82014
0.52816 0.89775
0.76479 0.45544
0.91059 0.22402
0.70691 0.69445
0.24380 0.32015
0.84340 0.22331
0.31133 0.76147
0.62780 0.31373
0.57353 0.20571
0.57293 0.49054
0.70898 0.00020
0.29019 0.40877
0.06118 0.58478
0.02734 0.94851
0.20630 0.82785
0.14748 0.47718
0.78532 0.00784
0.38596 0.94865
0.82319 0.28649
0.00733 0.39152
0.80395 0.78172
0.68809 0.45391
0.50824 0.32414
0.69958 0.80708
0.44711 0.13678
0.99126 0.66945
0.93501 0.10548
0.57773 0.75294
0.57457 0.38549
0.52130 0.72971
0.26683 0.91446
0.37519 0.27756
0.50244 0.54096
0.43671 0.39468
0.12772 0.19399
0.00625 0.62226
0.05930 0.85850
0.43302 0.57088
0.76637 0.07170
0.58277 0.04495
0.52198 0.84772
0.77733 0.03428
0.91800 0.74686
0.14823 0.07359
0.26576 0.23067
0.56133 0.78208
0.10506 0.93421
0.86327 0.70258
0.46318 0.63495
0.13679 0.40223
0.94951 0.86721
0.25709 0.10711
0.13938 0.85683
0.12699 0.47030
0.23686 0.49949
0.70660 0.66700
0.30456 0.42122
0.23510 0.32890
0.32882 0.20570
0.03970 0.68981
0.64576 0.90610
0.47383 0.23280
0.42331 0.49418
0.58505 0.72381
0.24351 0.11566
0.30086 0.69825
0.19106 0.50493
0.95881 0.46809
0.07304 0.29662
0.27124 0.40531
0.06203 0.57326
0.14301 0.90235
0.27532 0.96837
0.64031 0.45803
0.28438 0.47746
0.06967 0.96036
0.34823 0.70706
0.69268 0.42314
0.14020 0.99636
0.16792 0.79040
0.18826 0.32347
0.55394 0.27822
0.01710 0.30251
0.85048 0.45444
0.43222 0.13801
0.70792 0.33678
0.76086 0.42573
0.26817 0.32996
0.07612 0.34847
0.50968 0.40569
0.55305 0.51922
0.81929 0.49410
0.37419 0.26277
0.78355 0.95266
0.65650 0.69791
0.21758 0.29939
0.01073 0.18421
0.78947 0.57841
0.84630 0.89421
0.41870 0.89300
0.94820 0.37658
0.12097 0.70293
0.29247 0.93122
0.25173 0.64906
0.21858 0.96260
0.93845 0.02713
0.28424 0.44075
0.40936 0.03196
0.04867 0.52431
0.00586 0.90599
0.53941 0.57697
0.17804 0.25911
0.00692 0.96964
0.95186 0.76718
0.73541 0.65967
0.93342 0.89224
0.69807 0.99249
0.76317 0.46423
0.65622 0.43172
0.55491 0.87751
0.63750 0.71912
0.04334 0.07749
0.38354 0.43280
0.80739 0.29261
0.27949 0.20780
0.88304 0.59022
0.08191 0.95373
0.02187 0.90196
0.44836 0.22762
0.93066 0.73266
0.35535 0.30327
0.95558 0.01913
0.32774 0.28641
0.56780 0.43429
0.47746 0.90488
0.50651 0.12371
0.58103 0.51007
0.64777 0.20669
0.55453 0.26101
0.35794 0.50363
0.89929 0.11902
0.46311 0.60233
0.82631 0.16924
0.34634 0.19864
0.89905 0.49869
0.81213 0.49360
0.78952 0.92086
0.03397 0.34363
0.71394 0.31514
0.15650 0.11197
0.25150 0.81092
0.33370 0.78911
0.11596 0.52655
0.48774 0.42544
0.15765 0.29080
0.62606 0.29642
0.42752 0.87823
0.47085 0.29092
0.70891 0.87468
0.61894 0.35337
0.91292 0.64649
0.63055 0.16059
0.57512 0.56814
0.00532 0.06578
0.70075 0.68337
0.36924 0.08816
0.52837 0.90171
0.48359 0.28133
0.93092 0.67933
0.77118 0.92887
0.43652 0.56186
0.90118 0.40368
0.99335 0.13850
0.83115 0.19797
0.29098 0.60214
0.73598 0.67815
0.81786 0.16442
0.99840 0.10164
0.32698 0.89524
0.61822 0.54490
0.86602 0.91440
0.73566 0.78918
0.42111 0.05427
0.75993 0.06634
0.01252 0.09758
0.40758 0.67969
0.15806 0.08309
0.85742 0.70052
0.26849 0.95302
0.79613 0.24075
0.60603 0.56953
0.43536 0.55893
0.74686 0.44463
0.86702 0.88085
0.41284 0.93334
0.03619 0.49318
0.88840 0.68999
0.99561 0.30346
0.70474 0.56193
0.76710 0.41352
0.28877 0.04743
0.58575 0.75877
0.47446 0.57329
0.96016 0.20777
0.99211 0.86377
0.69962 0.36077
0.15110 0.29752
0.10633 0.42170
0.10107 0.74414
0.34205 0.48544
0.06534 0.44868
0.21116 0.21835
0.80447 0.52871
0.03991 0.95294
0.20844 0.62114
0.85805 0.40325
0.75897 0.50898
0.50631 0.04807
0.14893 0.23905
0.95740 0.38528
0.81630 0.30783
0.66092 0.00115
0.57440 0.21747
0.56069 0.38287
0.58699 0.51573
0.57213 0.82973
0.52602 0.10790
0.68675 0.71394
0.18510 0.68774
0.15938 0.51366
0.68760 0.53320
0.35295 0.52204
0.88454 0.09491
0.96387 0.41640
0.01666 0.94914
0.55239 0.15094
0.09437 0.48713
0.78443 0.65359
0.46212 0.72517
0.97588 0.03828
0.37047 0.03453
0.34638 0.55822
0.13032 0.03620
0.63631 0.39772
0.09184 0.52035
0.07202 0.12827
0.52345 0.92016
0.35882 0.84046
0.14552 0.87820
0.82057 0.31515
0.79454 0.68603
0.89172 0.38020
0.00243 0.10848
0.58563 0.36693
0.85782 0.48787
0.51310 0.64127
0.56015 0.70685
0.77403 0.76616
0.80829 0.70657
0.17942 0.39455
0.94397 0.34375
0.38781 0.40981
0.59387 0.15797
0.28835 0.09415
0.93203 0.78905
0.03473 0.47852
0.01874 0.12320
0.32680 0.83851
0.03297 0.00414
0.75192 0.15765
0.54804 0.69508
0.63301 0.91921
0.39194 0.96356
0.41077 0.89596
0.81171 0.68639
0.95451 0.27962
0.67259 0.03586
0.93246 0.46705
0.36184 0.06231
0.35411 0.44181
0.27974 0.05281
0.77409 0.33168
0.02019 0.03693
0.89298 0.62455
0.75452 0.52766
0.93339 0.76839
0.79123 0.36269
0.83088 0.37560
0.91822 0.59704
0.02453 0.59073
0.07191 0.63875
0.86941 0.83081
0.59181 0.65695
0.88590 0.19144
0.92718 0.77393
0.75761 0.85180
0.05580 0.59077
0.63742 0.63937
0.20036 0.13036
0.59261 0.67598
0.34116 0.70992
0.48189 0.83060
0.92685 0.89252
0.78680 0.82814
0.18784 0.19709
0.98587 0.52962
0.35428 0.99168
0.81330 0.50943
0.30157 0.57315
0.90709 0.38959
0.97654 0.21473
0.61242 0.77314
0.07984 0.98472
0.47172 0.94398
0.80105 0.19933
0.26780 0.52868
0.31455 0.38054
0.45628 0.47694
0.78458 0.57094
0.15587 0.37861
0.94310 0.41405
0.38209 0.51798
0.76756 0.98152
0.95521 0.47175
0.13504 0.01684
0.03813 0.85263
0.42011 0.32363
0.82928 0.21994
0.80192 0.20727
0.82911 0.11357
0.80798 0.83771
0.26034 0.04777
0.40208 0.58715
0.23878 0.44515
0.16554 0.72472
0.19458 0.89633
0.62877 0.95996
0.14738 0.49320
0.65846 0.43564
0.17616 0.81351
0.56432 0.31342
0.20941 0.03104
0.92545 0.70372
0.94385 0.59237
0.17712 0.80236
0.03116 0.65347
0.91383 0.06084
0.77553 0.29324
0.35553 0.88920
0.17567 0.44623
0.15384 0.77802
0.12373 0.58124
0.45150 0.33304
0.96804 0.68564
0.98007 0.47410
0.63697 0.46236
0.57348 0.37338
0.23359 0.89019
0.50687 0.34222
0.30646 0.99048
0.90536 0.54602
0.56571 0.71824
0.21621 0.81287
0.11950 0.86810
0.13335 0.87230
0.95233 0.94394
0.45074 0.65779
0.23665 0.93291
0.28650 0.22398
0.98463 0.16918
0.86942 0.36572
0.02526 0.45468
0.39490 0.16777
0.37738 0.36350
0.77207 0.24451
0.44796 0.60195
0.65337 0.03847
0.02674 0.07024
0.48765 0.61317
0.37650 0.96257
0.14344 0.72799
0.57463 0.94589
0.12955 0.70621
0.78289 0.60506
0.85037 0.39492
0.86832 0.11878
0.27272 0.82857
0.07089 0.91375
0.12878 0.72399
0.61357 0.94745
0.71505 0.85701
0.92399 0.55544
0.60195 0.52772
0.26458 0.66472
0.29613 0.22115
0.76562 0.03425
0.49032 0.56796
0.03923 0.80252
0.05078 0.58128
0.17969 0.65989
0.25444 0.66959
0.51313 0.17179
0.34894 0.05311
0.71256 0.61229
0.15249 0.26222
0.87001 0.85762
0.13491 0.41429
0.56502 0.46590
0.77467 0.77762
0.98652 0.20547
0.33168 0.34079
0.52279 0.58824
0.43802 0.60759
0.27459 0.77585
0.71260 0.65580
0.99855 0.19696
0.16203 0.20916
0.42325 0.50324
0.83695 0.44678
0.45044 0.23327
0.71792 0.04850
0.87925 0.25636
0.02734 0.55817
0.98891 0.91552
0.90951 0.75250
0.32582 0.23366
0.83425 0.32521
0.74335 0.10901
0.76018 0.67607
0.68639 0.34921
0.54365 0.46409
0.77480 0.46759
0.12461 0.45180
0.12766 0.56586
0.72469 0.20600
0.22612 0.87076
0.75410 0.35862
0.08685 0.93433
0.26154 0.89442
0.54531 0.93015
0.90767 0.11302
0.18870 0.86432
0.53787 0.41949
0.15238 0.37193
0.21719 0.90750
0.46172 0.14822
0.92189 0.69022
0.17201 0.82363
0.67931 0.43666
0.34335 0.84682
0.08071 0.20048
0.13122 0.06714
0.81010 0.40827
0.69351 0.44913
0.33513 0.62539
0.62329 0.67767
0.17202 0.64827
0.44906 0.68104
0.38841 0.24819
0.49801 0.47774
0.31593 0.33285
0.30320 0.51356
0.43145 0.78358
0.76804 0.01035
0.77945 0.59951
0.11934 0.94357
0.98626 0.25992
0.85952 0.12107
0.96281 0.77659
0.16119 0.01757
0.01865 0.40576
0.30549 0.09718
0.41058 0.92585
0.13288 0.97444
0.32995 0.54836
0.48891 0.08907
0.89315 0.17764
0.08511 0.68538
0.20656 0.01703
0.73291 0.40162
0.63001 0.23172
0.86580 0.92780
0.01680 0.89681
0.87752 0.36527
0.80277 0.91658
0.70746 0.91429
0.75987 0.72065
0.69160 0.67752
0.33822 0.30639
0.92771 0.09803
0.24522 0.87271
0.44556 0.76342
0.78956 0.24716
0.50949 0.71048
0.67333 0.82812
0.12478 0.27211
0.41778 0.92418
0.50792 0.02858
0.86867 0.77134
0.11229 0.79159
0.29030 0.62610
0.36565 0.23411
0.37712 0.61490
0.88486 0.91769
0.49507 0.33869
0.55736 0.57513
0.61158 0.46996
0.69972 0.72787
0.10848 0.36366
0.92922 0.81048
0.78416 0.79938
0.36980 0.91295
0.22261 0.45641
0.51752 0.63073
0.63611 0.95520
0.61641 0.99918
0.43110 0.95166
0.26279 0.19955
0.09247 0.82243
0.36278 0.60343
0.19989 0.83704
0.41032 0.37727
0.61452 0.84699
0.09851 0.36158
0.43185 0.97023
0.05158 0.92743
0.84394 0.88500
0.96650 0.44994
0.42313 0.89829
0.31247 0.46610
0.43266 0.58867
0.83166 0.43295
0.95330 0.01867
0.81612 0.43111
0.39126 0.28479
0.77522 0.50377
0.40426 0.66946
0.72987 0.66938
0.32878 0.33247
0.78772 0.36752
0.68219 0.13052
0.93365 0.97494
0.87003 0.83562
0.71773 0.94299
0.33122 0.14770
0.28496 0.46708
0.47520 0.03849
0.12605 0.37316
0.41601 0.25620
0.81788 0.72922
0.33937 0.46742
0.08054 0.02048
0.23502 0.30805
0.59099 0.75031
0.43674 0.54545
0.24054 0.05016
0.72326 0.54243
0.49240 0.03630
0.01063 0.91513
0.52925 0.73224
0.37810 0.37937
0.32743 0.27616
0.00067 0.86638
0.48289 0.70670
0.48893 0.16074
0.99185 0.70212
0.86603 0.00217
0.85969 0.40345
0.35044 0.20362
0.19776 0.23401
0.19196 0.05265
0.53059 0.70388
0.54982 0.18518
0.87253 0.11944
0.32474 0.10136
0.71874 0.54214
0.04772 0.15359
0.00029 0.78354
0.55110 0.09878
0.68741 0.45966
0.72941 0.12453
0.90680 0.92498
0.05376 0.89122
0.99503 0.19528
0.99052 0.88714
0.59894 0.28307
0.80900 0.13515
0.17114 0.57133
0.07409 0.75255
0.03423 0.67867
0.38683 0.19992
0.86147 0.33012
0.28195 0.12300
0.43022 0.65305
0.14613 0.49945
0.71524 0.10676
0.19465 0.12070
0.67052 0.04803
0.23114 0.89098
0.82032 0.07940
0.61607 0.06595
0.32581 0.95245
0.45022 0.13527
0.78000 0.03193
0.26180 0.91825
0.87022 0.44501
0.94519 0.16096
0.83845 0.41588
0.35415 0.91124
0.47374 0.43417
0.68930 0.48610
0.37962 0.14782
0.53564 0.22081
0.56067 0.34359
0.94363 0.13445
0.64874 0.49478
0.51477 0.24523
0.61636 0.43738
0.57086 0.12925
0.06812 0.33950
0.96812 0.70047
0.08096 0.45088
0.01454 0.56625
0.89662 0.06995
0.75002 0.95965
0.20745 0.14277
0.64894 0.60457
0.91132 0.20200
0.61931 0.87052
0.04232 0.90484
0.68896 0.90784
0.60789 0.11978
0.53860 0.57413
0.60974 0.98276
0.56591 0.90945
0.72596 0.57118
0.38980 0.76429
0.55350 0.00652
0.17260 0.77216
0.45167 0.61249
0.52820 0.78098
0.90286 0.81598
0.83496 0.09893
0.69367 0.64622
0.49710 0.33196
0.16557 0.74035
0.31474 0.55540
0.14057 0.50912
0.85578 0.08693
0.82431 0.42367
0.41987 0.88508
0.03752 0.08126
0.59684 0.84948
0.66062 0.77752
0.00968 0.66642
0.37040 0.65125
0.81794 0.16761
0.35843 0.54760
0.84143 0.92076
0.29507 0.86875
0.12921 0.01302
0.10148 0.63656
0.55971 0.65292
0.79466 0.92774
0.98724 0.90820
0.59500 0.41781
0.93576 0.40934
0.57824 0.85266
0.36880 0.89057
0.48599 0.49438
0.12304 0.67988
0.97935 0.98970
0.78871 0.41998
0.89430 0.66455
0.61346 0.87459
0.19384 0.18121
0.56343 0.59576
0.02718 0.01245
0.93767 0.71144
0.74737 0.20371
0.19133 0.25034
0.38268 0.41045
0.32335 0.51290
0.31313 0.74192
0.84426 0.77753
0.38362 0.19721
0.09147 0.18023
0.84597 0.66661
0.21586 0.95194
0.64285 0.20980
0.04834 0.01183
0.02467 0.17439
0.92077 0.11062
0.69957 0.55238
0.35238 0.09832
0.35506 0.64685
0.45458 0.78808
0.07357 0.77600
0.68511 0.65303
0.53197 0.51402
0.04049 0.18579
0.36586 0.85529
0.37717 0.02756
0.01872 0.06301
0.36414 0.30082
0.70402 0.63994
0.90940 0.64544
0.80074 0.41808
0.91389 0.01361
0.60873 0.21271
0.69476 0.74782
0.93969 0.38308
0.32228 0.41386
0.26270 0.93602
0.01810 0.70196
0.75095 0.47564
0.77204 0.58011
0.09316 0.09622
0.86491 0.78279
0.10421 0.49127
0.32536 0.59016
0.02832 0.94810
0.44279 0.69088
0.53476 0.05755
0.29686 0.59960
0.19525 0.15517
0.37651 0.99597
0.22946 0.39022
0.64334 0.00062
0.83731 0.77250
0.85866 0.70321
0.86592 0.53926
0.07950 0.69591
0.20028 0.59206
0.39745 0.99830
0.56919 0.08851
0.91465 0.34103
0.44969 0.26186
0.77559 0.90802
0.64112 0.99071
0.73184 0.68691
0.64528 0.84072
0.90921 0.97605
0.16366 0.64434
0.56551 0.60406
0.14624 0.10539
0.44306 0.31279
0.59990 0.21759
0.53545 0.20141
0.71296 0.07575
0.29260 0.35281
0.75537 0.45672
0.73519 0.44321
0.79017 0.31221
0.65886 0.70596
0.42673 0.57250
0.94366 0.00198
0.31014 0.53662
0.07836 0.21489
0.66320 0.10444
0.13585 0.97075
0.76793 0.47144
0.01640 0.44919
0.66255 0.21148
0.14412 0.81114
0.33982 0.64306
0.69123 0.66892
0.30736 0.81900
0.36786 0.25136
0.04224 0.06435
0.70606 0.52505
0.93700 0.54880
0.29392 0.76164
0.93409 0.44835
0.06473 0.57152
0.50717 0.91857
0.91401 0.15690
0.51430 0.74808
0.31839 0.77903
0.29639 0.36719
0.97519 0.83055
0.90732 0.41173
0.39165 0.04400
0.93510 0.41369
0.90479 0.28187
0.51993 0.09448
0.72276 0.08107
0.98113 0.80200
0.06712 0.37121
0.88638 0.26974
0.62592 0.10495
0.59439 0.45298
0.20012 0.23960
0.08090 0.35317
0.49548 0.27315
0.84717 0.55456
0.22666 0.98503
0.07231 0.79250
0.22239 0.50109
0.08705 0.86029
0.55039 0.28136
0.57274 0.62875
0.14498 0.86662
0.80828 0.47580
0.71126 0.43316
0.91336 0.21577
0.98925 0.93183
0.70247 0.09723
0.93344 0.95102
0.36873 0.93570
0.60496 0.09676
0.88429 0.76507
0.08003 0.61688
0.59756 0.88711
0.31356 0.63254
0.74046 0.95288
0.22982 0.49355
0.11906 0.60839
0.49745 0.81566
0.20482 0.10116
0.16555 0.46761
0.22238 0.53221
0.73056 0.93629
0.52805 0.61649
0.62271 0.25455
0.96160 0.93123
0.49424 0.65094
0.78761 0.32937
0.36952 0.87923
0.97737 0.24885
0.73330 0.06821
0.90872 0.19699
0.38023 0.52838
0.90582 0.62520
0.51737 0.53113
0.02341 0.94434
0.46797 0.01205
0.45737 0.02105
0.20291 0.25649
0.36416 0.14594
0.48884 0.92066
0.27775 0.90584
0.78857 0.59122
0.68575 0.53776
0.86618 0.60117
0.70753 0.32292
0.05607 0.07092
0.28242 0.97699
0.29360 0.35769
0.81520 0.89088
0.05273 0.37031
0.42461 0.24864
0.46894 0.99809
0.34274 0.98193
0.84460 0.26274
0.41354 0.41317
0.21422 0.04316
0.18738 0.53052
0.27621 0.04487
0.78154 0.39190
0.59438 0.94890
0.61695 0.91776
0.25324 0.06557
0.87620 0.87745
0.97099 0.04206
0.17718 0.47228
0.92737 0.47010
0.16371 0.98814
0.78919 0.33768
0.77741 0.15427
0.16229 0.00385
0.29492 0.37528
0.80433 0.14186
0.79489 0.62191
0.69605 0.74104
0.05539 0.35525
0.88892 0.08635
0.34372 0.88257
0.59883 0.84914
0.16696 0.96191
0.18085 0.99989
0.05518 0.67896
0.53419 0.62945
0.31739 0.94047
0.05880 0.47408
0.01429 0.19009
0.83977 0.68044
0.66396 0.86448
0.64735 0.33979
0.50769 0.71242
0.42552 0.65983
0.82721 0.47826
0.54435 0.40567
0.73636 0.49033
0.78543 0.70465
0.93760 0.75224
0.40286 0.82221
0.80049 0.65545
0.59810 0.54529
0.41021 0.53370
0.10832 0.20887
0.20162 0.95060
0.83990 0.28083
0.52074 0.76896
0.56003 0.53044
0.56004 0.72149
0.04507 0.94016
0.76062 0.71982
0.00694 0.83866
0.66582 0.08264
0.50832 0.74000
0.57957 0.30176
0.17174 0.73526
0.41652 0.42312
0.99402 0.49177
0.54356 0.80774
0.45832 0.01114
0.49928 0.18540
0.62572 0.68632
0.95673 0.89710
0.53163 0.44695
0.06998 0.15641
0.23862 0.25199
0.58789 0.43497
0.92078 0.58647
0.26842 0.49120
0.23726 0.71028
0.33010 0.24684
0.20789 0.26348
0.58220 0.83889
0.03874 0.18485
0.99983 0.53434
0.46885 0.34418
0.62603 0.71122
0.21223 0.84142
0.77948 0.51051
0.47826 0.21612
0.37456 0.39562
0.50740 0.44166
0.59510 0.80922
0.70861 0.36692
0.89274 0.72582
0.85390 0.34600
0.15672 0.99981
0.38458 0.17677
0.72043 0.89588
0.89499 0.94189
0.05122 0.62037
0.05082 0.00878
0.61958 0.03488
0.35176 0.24829
0.21246 0.01361
0.27353 0.83447
0.36876 0.46865
0.46498 0.27640
0.33831 0.03810
0.21425 0.99753
0.97401 0.67310
0.81077 0.59874
0.71396 0.48035
0.55310 0.26001
0.43561 0.59895
0.14194 0.78958
0.86868 0.72306
0.59311 0.13080
0.48106 0.96754
0.86657 0.53783
0.04601 0.79539
0.75770 0.17231
0.33787 0.62455
0.53403 0.69163
0.50383 0.45856
0.14220 0.19250
0.71635 0.34628
0.28665 0.73575
0.91328 0.98369
0.90415 0.90189
0.78476 0.96421
0.17665 0.17518
0.89731 0.68326
0.74136 0.61169
0.71512 0.02532
0.78892 0.00717
0.79372 0.64088
0.64263 0.55221
0.79715 0.73983
0.58347 0.47222
0.04468 0.11042
0.93211 0.43988
0.64901 0.85995
0.41500 0.44985
0.62370 0.88186
0.45702 0.13613
0.12048 0.59531
0.39269 0.96481
0.94509 0.08289
0.75560 0.27048
0.87936 0.60989
0.45457 0.91794
0.72332 0.73876
0.55687 0.63859
0.70369 0.27662
0.22660 0.65115
0.95309 0.11610
0.14529 0.15378
0.37837 0.59285
0.27474 0.72680
0.99258 0.29409
0.86159 0.89555
0.81346 0.86246
0.37956 0.51318
0.14747 0.63536
0.63172 0.21612
0.27036 0.28426
0.50244 0.48502
0.53734 0.62281
0.53808 0.64787
0.79002 0.07594
0.10500 0.36028
0.93079 0.94698
0.94983 0.20533
0.22989 0.33392
0.97111 0.08093
0.53196 0.25004
0.60275 0.93940
0.59102 0.26233
0.63714 0.26601
0.74284 0.34811
0.39734 0.58580
0.44608 0.20799
0.82955 0.47263
0.86203 0.08813
0.07629 0.53465
0.71187 0.88076
0.03118 0.67806
0.80476 0.18145
0.48421 0.50468
0.02727 0.55480
0.62831 0.36990
0.66616 0.08676
0.01110 0.55155
0.59452 0.89874
0.88206 0.93497
0.84043 0.81528
0.03333 0.16075
0.12024 0.16498
0.14103 0.54584
0.45634 0.72146
0.60728 0.24772
0.34169 0.58229
0.73813 0.41198
0.19427 0.62127
0.87608 0.85569
0.72319 0.78776
0.23862 0.18883
0.08174 0.02161
0.04523 0.14598
0.91788 0.96787
0.40645 0.48068
0.15341 0.09315
0.26000 0.20791
0.36312 0.39738
0.01947 0.81549
0.48584 0.54665
0.83571 0.04781
0.77617 0.97522
0.66346 0.74943
0.03054 0.37832
0.79280 0.48452
0.08922 0.58380
0.93378 0.25661
0.82338 0.67673
0.69799 0.00835
0.49756 0.79781
0.73177 0.24011
0.81682 0.92130
0.92094 0.35501
0.67590 0.98276
0.88593 0.83495
0.07320 0.30452
0.99769 0.30297
0.83693 0.31842
0.58405 0.45071
0.11204 0.37961
0.60772 0.07619
0.70592 0.66294
0.66102 0.44011
0.89850 0.01127
0.25232 0.80821
0.63366 0.38557
0.20913 0.72483
0.73790 0.64445
0.09502 0.14020
0.05904 0.16289
0.23709 0.00394
0.08405 0.15017
0.96139 0.55845
0.96028 0.77378
0.24165 0.61934
0.60756 0.28225
0.90886 0.13969
0.88862 0.92097
0.85550 0.20234
0.16049 0.84831
0.51637 0.73258
0.59053 0.84334
0.38603 0.89128
0.28572 0.13718
0.78220 0.66624
0.58435 0.95454
0.73838 0.97481
0.03388 0.62420
0.01719 0.14976
0.03958 0.39518
0.74818 0.59801
0.04861 0.58565
0.22935 0.52166
0.98296 0.88834
0.21552 0.15711
0.40757 0.66009
0.08906 0.77834
0.37250 0.62523
0.33693 0.01376
0.60603 0.03267
0.88130 0.74898
0.40131 0.54215
0.39898 0.76869
0.89616 0.18310
0.18397 0.03487
0.06234 0.48504
0.24240 0.46315
0.17293 0.12438
0.61926 0.40863
0.89318 0.52480
0.10247 0.20081
0.57841 0.57430
0.08348 0.86222
0.49912 0.15703
0.94641 0.56372
0.33650 0.67196
0.79294 0.04436
0.44715 0.47887
0.65368 0.27745
0.00396 0.92081
0.00752 0.69879
0.17740 0.73531
0.36516 0.23364
0.28168 0.43770
0.50446 0.56092
0.04146 0.07119
0.14966 0.36184
0.52846 0.72050
0.84263 0.07705
0.01910 0.93069
0.25071 0.66471
0.50328 0.14845
0.09700 0.50819
0.30784 0.14691
0.92552 0.66907
0.08544 0.28776
0.61266 0.16017
0.38410 0.46648
0.16513 0.68154
0.18697 0.06333
0.73306 0.17742
0.27888 0.79541
0.54695 0.88097
0.12705 0.80198
0.88033 0.55822
0.08714 0.61230
0.83530 0.08325
0.22573 0.40374
0.01570 0.69834
0.63300 0.31401
0.41426 0.54506
0.00107 0.03592
0.58761 0.72184
0.21191 0.96200
0.71283 0.17707
0.94107 0.69213
0.77013 0.94521
0.38837 0.49675
0.31107 0.32256
0.77100 0.62537
0.43159 0.75734
0.17995 0.93528
0.70405 0.37218
0.96587 0.60352
0.87711 0.07653
0.59731 0.20309
0.26554 0.79581
0.56285 0.75876
0.01515 0.25525
0.06295 0.31479
0.64114 0.36568
0.71676 0.21787
0.90773 0.34621
0.95096 0.79476
0.57266 0.77940
0.82287 0.73309
0.63054 0.79768
0.45537 0.08058
0.31808 0.54516
0.30661 0.06802
0.02513 0.44291
0.28559 0.79681
0.22279 0.77489
0.33945 0.61335
0.33069 0.40600
0.34904 0.15789
0.09890 0.80700
0.80093 0.10106
0.19054 0.36948
0.33899 0.44660
0.70137 0.73020
0.75810 0.70354
0.30060 0.79963
0.37483 0.59021
0.02846 0.28042
0.60225 0.09270
0.52886 0.64707
0.09961 0.74111
0.80743 0.33496
0.78294 0.92310
0.51975 0.32101
0.86808 0.43028
0.97977 0.72267
0.47837 0.34348
0.92378 0.94430
0.40974 0.63905
0.13812 0.27308
0.82650 0.07001
0.92405 0.37850
0.51012 0.11293
0.18696 0.56151
0.19129 0.57992
0.41303 0.70878
0.30225 0.73317
0.57599 0.91672
0.51907 0.38768
0.30316 0.85733
0.13186 0.22303
0.57348 0.75818
0.19751 0.89465
0.14443 0.66832
0.63866 0.71109
0.42620 0.81991
0.63418 0.43791
0.94816 0.51795
0.49381 0.07841
0.20542 0.18024
0.45668 0.98901
0.93953 0.13404
0.83466 0.23627
0.09416 0.74547
0.10568 0.34293
0.47668 0.01897
0.15772 0.50574
0.02629 0.17591
0.86955 0.34058
0.26597 0.14649
0.23821 0.49735
0.14829 0.71480
0.44964 0.33531
0.23161 0.33177
0.78813 0.59859
0.82311 0.06888
0.02921 0.56288
0.80757 0.41258
0.60857 0.82486
0.37785 0.49637
0.82152 0.22035
0.82060 0.35538
0.89256 0.74679
0.94802 0.02819
0.72609 0.20699
0.18263 0.37159
0.16147 0.43834
0.50761 0.88932
0.13345 0.33239
0.93782 0.36949
0.54690 0.12721
0.49100 0.73870
0.73453 0.79588
0.86827 0.81711
0.38133 0.74003
0.82372 0.09962
0.72706 0.92476
0.10052 0.29580
0.98491 0.46578
0.09755 0.53887
0.76262 0.23241
0.77605 0.18415
0.91346 0.10981
0.22767 0.21958
0.03405 0.54770
0.69715 0.89033
0.66480 0.30612
0.35360 0.66736
0.10059 0.14894
0.04539 0.70155
0.03284 0.79747
0.55404 0.01934
0.20427 0.77511
0.86624 0.06120
0.89834 0.33444
0.61766 0.96296
0.70293 0.31899
0.75252 0.77835
0.57776 0.17024
0.98816 0.97355
0.20157 0.50858
0.81834 0.62359
0.91864 0.99763
0.04356 0.60875
0.21910 0.29261
0.46534 0.51941
0.73919 0.52692
0.90323 0.40224
0.04537 0.13900
0.62049 0.01289
0.00761 0.06396
0.55945 0.47659
0.33204 0.81426
0.67199 0.76410
0.48473 0.82963
0.07839 0.96205
0.30492 0.06956
0.86815 0.28103
0.19520 0.27163
0.83267 0.85554
0.27411 0.97379
0.77666 0.19251
0.35124 0.26166
0.65061 0.89009
0.17469 0.74745
0.22401 0.32606
0.70508 0.96726
0.44350 0.19184
0.34075 0.61386
0.22969 0.19759
0.60743 0.06692
0.98466 0.70292
0.68116 0.46513
0.76040 0.42955
0.17160 0.33543
0.27092 0.90113
0.70523 0.82315
0.78546 0.43085
0.94607 0.15781
0.54175 0.55118
0.15354 0.49682
0.62170 0.29629
0.38834 0.83727
0.94420 0.65098
0.63445 0.55108
0.41239 0.92292
0.28579 0.06089
0.21595 0.88285
0.37405 0.70427
0.38319 0.86483
0.22428 0.11558
0.66063 0.22501
0.71419 0.31081
0.21892 0.37073
0.11889 0.96867
0.00783 0.92719
0.87086 0.88639
0.41659 0.18153
0.81012 0.23560
0.43853 0.75689
0.21226 0.85863
0.17718 0.59515
0.65609 0.31630
0.30365 0.31299
0.64128 0.83132
0.28810 0.21712
0.56003 0.18338
0.14888 0.71660
0.29074 0.99516
0.12595 0.29464
0.50615 0.75146
0.57620 0.21232
0.44823 0.73871
0.12515 0.68325
0.47323 0.43344
0.09384 0.88710
0.56131 0.78691
0.47377 0.76438
0.81181 0.56418
0.91555 0.35152
0.29206 0.46842
0.76438 0.49248
0.44515 0.43165
0.70341 0.18267
0.02554 0.43301
0.37853 0.80263
0.85943 0.16827
0.12361 0.39521
0.12289 0.34031
0.43882 0.25356
0.17550 0.46947
0.57060 0.42722
0.93289 0.00509
0.32518 0.84061
0.49766 0.74431
0.11048 0.12816
0.80080 0.48480
0.99166 0.25674
0.99783 0.53709
0.50985 0.78700
0.06270 0.14233
0.69509 0.95325
0.08972 0.94358
0.27410 0.02157
0.93276 0.56004
0.14754 0.62555
0.83502 0.28395
0.50983 0.18467
0.48726 0.85193
0.49714 0.32943
0.57989 0.78059
0.73742 0.68756
0.52017 0.98144
0.81981 0.59268
0.39863 0.67027
0.91284 0.10941
0.53579 0.33603
0.17018 0.96720
0.02364 0.51306
0.09199 0.16081
0.37452 0.99678
0.04266 0.13785
0.18356 0.04776
0.64659 0.48405
0.88865 0.55390
0.11713 0.01059
0.61094 0.16300
0.58331 0.12733
0.27918 0.21606
0.10247 0.40605
0.19084 0.83328
0.43393 0.36169
0.10241 0.29473
0.89965 0.89923
0.05730 0.00036
0.01301 0.68230
0.41902 0.22148
0.64917 0.84965
0.09353 0.68188
0.89692 0.39705
0.16585 0.03299
0.27490 0.31564
0.72215 0.16482
0.41031 0.64091
0.65679 0.18193
0.17283 0.34569
0.35725 0.74148
0.23439 0.76355
0.62801 0.58244
0.49370 0.73039
0.67681 0.86918
0.75972 0.57302
0.61277 0.49718
0.11325 0.32970
0.58565 0.17586
0.53244 0.55502
0.51480 0.45389
0.94045 0.43967
0.94040 0.65575
0.22977 0.60413
0.67656 0.16685
0.74712 0.18397
0.28276 0.15253
0.06544 0.67671
0.76583 0.91853
0.33134 0.97475
0.41892 0.74074
0.04779 0.77804
0.87871 0.35509
0.63593 0.33204
0.03359 0.51949
0.76863 0.95070
0.61003 0.25685
0.48048 0.23424
0.18087 0.21323
0.18870 0.19480
0.86984 0.79723
0.65864 0.22413
0.18602 0.21249
0.88537 0.37467
0.89875 0.37227
0.90897 0.72535
0.85624 0.77681
0.70446 0.02633
0.33227 0.24567
0.28175 0.13041
0.24572 0.85309
0.16166 0.67764
0.52156 0.73141
0.80482 0.39016
0.44772 0.77620
0.85679 0.79681
0.94778 0.94329
0.25990 0.87784
0.08079 0.82812
0.23233 0.49162
0.93732 0.22097
0.24820 0.75084
0.11168 0.68959
0.29978 0.86203
0.77481 0.91013
0.31229 0.54660
0.21415 0.22519
0.68243 0.47756
0.68429 0.33531
0.55979 0.30065
0.45523 0.90105
0.77477 0.08236
0.61578 0.84380
0.89009 0.78009
0.08279 0.83460
0.73640 0.72930
0.79477 0.66368
0.27157 0.99048
0.16657 0.27100
0.79839 0.24141
0.55915 0.00401
0.86759 0.97962
0.58071 0.53205
0.56745 0.04278
0.94844 0.37089
0.44052 0.17722
0.01161 0.88746
0.25469 0.98877
0.88385 0.84669
0.76613 0.46493
0.41674 0.62999
0.07299 0.05768
0.06909 0.19648
0.30704 0.12055
0.24717 0.81778
0.04105 0.26859
0.87981 0.69997
0.88637 0.51708
0.49285 0.75492
0.96584 0.73650
0.67821 0.87316
0.83938 0.72142
0.49068 0.78548
0.62382 0.35797
0.10227 0.67775
0.10161 0.80956
0.53678 0.72104
0.62573 0.54092
0.39620 0.29613
0.43173 0.16071
0.52132 0.90988
0.98011 0.60689
0.08305 0.20021
0.95505 0.34457
0.77368 0.60723
0.62491 0.74641
0.06604 0.52312
0.03827 0.30367
0.58149 0.27272
0.74471 0.36804
0.13821 0.34569
0.95387 0.72216
0.51725 0.58554
0.52568 0.48708
0.73730 0.72032
0.09561 0.64836
0.86750 0.79435
0.74470 0.97939
0.95149 0.92755
0.22578 0.80407
0.21370 0.27742
0.97196 0.03986
0.54349 0.40475
0.39738 0.95620
0.13614 0.64041
0.90626 0.92539
0.48134 0.57392
0.91181 0.66755
0.45261 0.56255
0.42524 0.53089
0.38667 0.81687
0.26095 0.51441
0.21014 0.24779
0.37803 0.77191
0.53977 0.98978
0.11903 0.99188
0.38400 0.38164
0.98500 0.73312
0.80290 0.10774
0.61657 0.25050
0.87680 0.48148
0.22455 0.39997
0.19635 0.31938
0.15219 0.80263
0.55274 0.51808
0.30624 0.79579
0.76160 0.30067
0.02101 0.03648
0.83244 0.93795
0.55519 0.34093
0.50712 0.56402
0.20956 0.97325
0.23060 0.61382
0.58188 0.14445
0.34743 0.92158
0.39687 0.83227
0.42236 0.91652
0.42371 0.92080
0.73844 0.60377
0.61509 0.67924
0.23652 0.43336
0.67380 0.30187
0.06777 0.18752
0.07103 0.94451
0.41216 0.67480
0.50022 0.34127
0.07588 0.26880
0.70602 0.90535
0.31337 0.03591
0.37311 0.96653
0.93085 0.65458
0.81207 0.06896
0.15231 0.63003
0.43137 0.87893
0.44710 0.43573
0.59916 0.65225
0.61383 0.54805
0.26390 0.20144
0.89515 0.39312
0.24492 0.77520
0.92048 0.21392
0.22330 0.19909
0.65714 0.69469
0.89202 0.40551
0.98625 0.13237
0.27130 0.35185
0.63991 0.34806
0.05145 0.06469
0.42168 0.65214
0.46278 0.22301
0.88585 0.88392
0.07714 0.53775
0.30494 0.42733
0.97708 0.53113
0.97739 0.62929
0.57081 0.58462
0.45434 0.58105
0.14941 0.60676
0.11118 0.47415
0.81767 0.40760
0.42581 0.68809
0.37992 0.88098
0.87720 0.45919
0.65061 0.00631
0.87964 0.12339
0.39110 0.61719
0.60993 0.55262
0.16992 0.74543
0.24775 0.34659
0.65024 0.46203
0.64213 0.66064
0.91614 0.52405
0.63559 0.47096
0.49888 0.12543
0.33860 0.14035
0.64761 0.12723
0.45755 0.73422
0.92531 0.98738
0.01373 0.12324
0.31896 0.41041
0.21363 0.94515
0.20353 0.18279
0.74295 0.59937
0.92884 0.35790
0.59065 0.42170
0.82720 0.20142
0.91499 0.19447
0.41927 0.91771
0.91706 0.57570
0.45344 0.89534
0.04627 0.53277
0.90937 0.15268
0.31667 0.09811
0.70408 0.68275
0.81069 0.48210
0.18452 0.10164
0.30375 0.09636
0.99923 0.68391
0.12804 0.04975
0.72896 0.57741
0.41764 0.32992
0.36620 0.73889
0.03357 0.19188
0.26126 0.18174
0.93187 0.84634
0.59869 0.27012
0.23526 0.71311
0.77062 0.91161
0.98370 0.28477
0.07720 0.37138
0.03643 0.96109
0.15082 0.01930
0.91029 0.83503
0.09014 0.53134
0.45538 0.19517
0.38531 0.86769
0.77676 0.18669
0.91039 0.44734
0.69241 0.68622
0.63627 0.22693
0.11986 0.03081
0.96931 0.57656
0.82736 0.65761
0.43195 0.38002
0.59186 0.32739
0.54070 0.37676
0.79665 0.22150
0.74312 0.78696
0.56899 0.25277
0.43059 0.22034
0.70056 0.40614
0.54644 0.97531
0.60671 0.13534
0.38493 0.26379
0.99982 0.48511
0.10167 0.06163
0.56299 0.86379
0.29599 0.13269
0.03421 0.93493
0.70834 0.09017
0.94920 0.62047
0.45570 0.51315
0.49747 0.58557
0.64889 0.08195
0.51694 0.06326
0.39648 0.21265
0.38376 0.92209
0.32608 0.12155
0.63076 0.27024
0.68758 0.60186
0.28776 0.60493
0.55518 0.34549
0.43460 0.63156
0.52262 0.51737
0.20638 0.05490
0.74005 0.51013
0.99136 0.95575
0.85684 0.47307
0.13293 0.07140
0.17548 0.84779
0.79531 0.57945
0.42698 0.08580
0.64602 0.00749
0.46051 0.94408
0.35014 0.34498
0.10294 0.62985
0.92637 0.52326
0.74192 0.56674
0.72343 0.31327
0.40891 0.31720
0.28032 0.13330
0.30222 0.82931
0.11023 0.01914
0.28603 0.72556
0.79432 0.91568
0.74024 0.98058
0.72389 0.83221
0.84308 0.93908
0.59067 0.41138
0.30233 0.07545
0.49271 0.75328
0.87294 0.26121
0.91416 0.02123
0.66768 0.46191
0.24037 0.37609
0.78751 0.40850
0.89234 0.39581
0.87449 0.61563
0.01831 0.99949
0.64369 0.49352
0.62081 0.24814
0.44100 0.53386
0.12299 0.27351
0.92855 0.99704
0.87307 0.03800
0.25324 0.66440
0.05404 0.85563
0.45784 0.37773
0.56810 0.65222
0.69103 0.91081
0.65972 0.92987
0.70667 0.08979
0.43300 0.12379
0.52559 0.42725
0.03460 0.17609
0.46474 0.70863
0.51294 0.47876
0.09037 0.99242
0.59675 0.82790
0.57567 0.56382
0.55008 0.93788
0.42303 0.72221
0.58706 0.33539
0.00009 0.52527
0.99643 0.91448
0.51048 0.76589
0.82998 0.73659
0.61089 0.37764
0.77501 0.90555
0.74770 0.11404
0.96352 0.98976
0.94230 0.56492
0.53747 0.75241
0.95381 0.60384
0.94027 0.15649
0.36298 0.94284
0.96927 0.60212
0.03620 0.41939
0.37490 0.48446
0.48580 0.42958
0.39886 0.83785
0.34284 0.07648
0.00404 0.95819
0.88139 0.33636
0.47064 0.84093
0.12868 0.71913
0.68203 0.61009
0.36086 0.37434
0.04303 0.28345
0.93736 0.12083
0.67916 0.91595
0.50031 0.06610
0.92790 0.51582
0.02893 0.32643
0.74089 0.17681
0.27180 0.06279
0.44407 0.33232
0.04710 0.34243
0.29716 0.82612
0.57832 0.13411
0.04211 0.67395
0.21586 0.94251
0.93276 0.36155
0.43985 0.38860
0.47777 0.91308
0.86783 0.75040
0.09464 0.70361
0.36291 0.11165
0.10883 0.28096
0.98495 0.92663
0.30619 0.58649
0.76701 0.53557
0.49250 0.06855
0.28523 0.24440
0.53904 0.36740
0.49986 0.83003
0.45244 0.46836
0.05665 0.11532
0.36259 0.81477
0.78129 0.60686
0.87908 0.34024
0.18567 0.73026
0.92000 0.10105
0.91870 0.57865
0.59715 0.92166
0.47616 0.99460
0.14065 0.54084
0.75229 0.05241
0.34702 0.04573
0.63417 0.84394
0.54983 0.52644
0.97044 0.23145
0.53431 0.60868
0.72113 0.95119
0.50066 0.29637
0.34128 0.80473
0.54356 0.25308
0.15081 0.84856
0.91564 0.58409
0.28849 0.90125
0.70735 0.25852
0.50978 0.70124
0.57076 0.72105
0.05713 0.66169
0.01673 0.72774
0.93048 0.40498
0.52528 0.86172
0.80420 0.63193
0.83172 0.57112
0.67490 0.92023
0.30673 0.49975
0.08415 0.78937
0.89029 0.38873
0.30885 0.54961
0.00117 0.88505
0.75779 0.33404
0.49518 0.69946
0.25968 0.93200
0.85465 0.87910
0.95882 0.80989
0.59387 0.54056
0.40121 0.04741
0.36955 0.02422
0.33742 0.06512
0.07272 0.87980
0.99028 0.35817
0.40289 0.43750
0.24376 0.05271
0.17946 0.45147
0.58227 0.93539
0.78054 0.85036
0.18431 0.17640
0.54597 0.99734
0.43741 0.85696
0.77911 0.86185
0.05884 0.10783
0.47687 0.95407
0.92837 0.43224
0.02534 0.43034
0.77603 0.89376
0.37991 0.98802
0.76268 0.04742
0.38681 0.64308
0.85376 0.16932
0.98485 0.11835
0.55216 0.10311
0.94107 0.67382
0.99108 0.18083
0.18788 0.17420
0.48481 0.23408
0.13705 0.29166
0.27723 0.33147
0.01780 0.24259
0.59747 0.83666
0.65597 0.78925
0.60669 0.65178
0.40685 0.77169
0.46950 0.72060
0.49445 0.59770
0.26755 0.65557
0.00449 0.41782
0.82725 0.87915
0.43966 0.96317
0.62298 0.41023
0.29989 0.61502
0.92696 0.53097
0.91621 0.00605
0.17587 0.98144
0.97857 0.03684
0.73063 0.61251
0.98367 0.28270
0.35796 0.12274
0.48435 0.91875
0.67789 0.70584
0.44142 0.40457
0.57435 0.67186
0.12046 0.32553
0.90229 0.41488
0.74018 0.86470
0.75533 0.09335
0.34345 0.43666
0.15603 0.85458
0.88720 0.84553
0.27235 0.24001
0.11823 0.97450
0.99545 0.75234
0.21442 0.70955
0.01185 0.02890
0.59678 0.51207
0.98424 0.10044
0.59651 0.12058
0.44541 0.46986
0.71751 0.39170
0.09907 0.95547
0.72007 0.90442
0.61482 0.21888
0.74073 0.45461
0.01929 0.18515
0.77387 0.22211
0.38806 0.55368
0.96919 0.68216
0.41008 0.92733
0.35662 0.77253
0.30907 0.62660
0.36421 0.63674
0.25190 0.51934
0.66818 0.14023
0.24957 0.39304
0.07935 0.59898
0.98529 0.18400
0.46744 0.47702
0.08100 0.05197
0.81850 0.31618
0.89708 0.11330
0.23963 0.62736
0.86680 0.04402
0.39677 0.02741
0.32988 0.96258
0.06222 0.86626
0.43715 0.52736
0.13875 0.29316
0.11113 0.55342
0.50924 0.68845
0.56172 0.59486
0.35350 0.00205
0.96189 0.13862
0.33421 0.54582
0.48276 0.49625
0.37057 0.46317
0.65869 0.76489
0.39526 0.17531
0.34646 0.87016
0.45740 0.89263
0.68821 0.56366
0.55288 0.36236
0.46580 0.92874
0.39076 0.01458
0.85973 0.13357
0.99068 0.43202
0.57947 0.04753
0.84492 0.79961
0.92000 0.01037
0.17784 0.66412
0.92914 0.91517
0.00515 0.76916
0.75902 0.97278
0.38188 0.07719
0.56710 0.93706
0.03356 0.81763
0.00393 0.57641
0.48976 0.97146
0.48192 0.97541
0.92067 0.82198
0.07953 0.44597
0.61550 0.98513
0.61284 0.16186
0.95359 0.41726
0.52161 0.05169
0.19772 0.23031
0.03982 0.44886
0.02815 0.46811
0.19269 0.00403
0.33458 0.35221
0.69922 0.91601
0.81726 0.59698
0.23249 0.25494
0.79724 0.07740
0.56627 0.27521
0.64813 0.55554
0.95360 0.06836
0.17805 0.09829
0.89028 0.36402
0.97775 0.90406
0.60796 0.71182
0.44028 0.74104
0.89799 0.31832
0.84819 0.77586
0.54937 0.68864
0.98930 0.10256
0.68828 0.32865
0.39025 0.56233
0.69922 0.79797
0.18024 0.57095
0.78059 0.62028
0.50541 0.24214
0.02736 0.49790
0.05564 0.30000
0.90491 0.05393
0.99906 0.45982
0.70525 0.09381
0.31671 0.14707
0.57584 0.30706
0.84395 0.56668
0.32198 0.04096
0.01561 0.22425
0.06795 0.33297
0.44716 0.62042
0.74219 0.83176
0.80371 0.26520
0.77417 0.22739
0.70591 0.07282
0.10390 0.34193
0.20045 0.92763
0.00895 0.46526
0.72159 0.18267
0.38973 0.01344
0.62645 0.42265
0.54235 0.66653
0.35761 0.82371
0.79162 0.51454
0.28978 0.11861
0.62666 0.35305
0.63412 0.83019
0.61117 0.31940
0.63557 0.82357
0.28045 0.01834
0.86375 0.00645
0.25519 0.98365
0.56397 0.29093
0.34203 0.39433
0.14532 0.40536
0.00151 0.66104
0.72512 0.91332
0.09084 0.84934
0.27600 0.84623
0.21847 0.58171
0.41923 0.90739
0.38152 0.13792
0.15712 0.44312
0.01037 0.43332
0.81702 0.69476
0.01771 0.99826
0.74998 0.56660
0.43119 0.61997
0.52812 0.60382
0.95050 0.82535
0.77316 0.68977
0.85424 0.11159
0.62770 0.98347
0.21747 0.42031
0.58636 0.56624
0.99573 0.12983
0.24634 0.26960
0.22682 0.42968
0.97418 0.10506
0.50041 0.94404
0.55683 0.54778
0.25290 0.84907
0.06980 0.92991
0.13400 0.42475
0.51285 0.66272
0.27696 0.28328
0.71402 0.29994
0.50287 0.21330
0.63328 0.12612
0.82911 0.49656
0.99810 0.46932
0.87759 0.34456
0.86509 0.74257
0.14145 0.79871
0.82770 0.93979
0.26952 0.01440
0.95314 0.84282
0.92657 0.45232
0.62915 0.00448
0.58763 0.56965
0.63568 0.68235
0.79095 0.56716
0.83567 0.90066
0.55732 0.62403
0.39520 0.89176
0.40622 0.23891
0.39971 0.59543
0.58935 0.26860
0.93413 0.46298
0.35606 0.15366
0.33807 0.95539
0.70852 0.06329
0.10367 0.58252
0.86989 0.14214
0.24144 0.77200
0.87900 0.16051
0.95856 0.33836
0.46197 0.02978
0.57849 0.59991
0.26983 0.87674
0.44078 0.74411
0.08348 0.04923
0.58962 0.86318
0.00762 0.80734
0.71336 0.15038
0.69102 0.73807
0.00465 0.73224
0.57602 0.23588
0.00108 0.56477
0.03022 0.60276
0.62884 0.75693
0.22634 0.71171
0.02061 0.95570
0.75345 0.04472
0.68558 0.93523
0.71286 0.54453
0.31328 0.17451
0.91677 0.61933
0.68900 0.44471
0.35956 0.48828
0.39047 0.76858
0.00502 0.74764
0.31962 0.60845
0.56393 0.93766
0.86469 0.81291
0.55582 0.69623
0.06888 0.50458
0.66664 0.69075
0.23540 0.12085
0.98248 0.04251
0.91311 0.12721
0.25700 0.46201
0.50137 0.01617
0.81252 0.53815
0.73432 0.30435
0.23625 0.59496
0.93287 0.80686
0.29347 0.54481
0.84254 0.55548
0.62841 0.85796
0.86092 0.10484
0.58024 0.93774
0.21635 0.26332
0.02063 0.87556
0.89788 0.97405
0.40205 0.97447
0.92703 0.40172
0.34478 0.71570
0.13791 0.57723
0.59844 0.52376
0.30610 0.92786
0.02327 0.73254
0.02394 0.62277
0.52890 0.32267
0.31804 0.16627
0.17976 0.52788
0.09111 0.97823
0.64032 0.62556
0.69011 0.15622
0.51788 0.09568
0.15044 0.94507
0.22702 0.54635
0.48266 0.74743
0.01018 0.95273
0.72650 0.44320
0.23487 0.43681
0.91500 0.44942
0.43203 0.91843
0.48765 0.99135
0.19596 0.44415
0.09958 0.43587
0.17186 0.09609
0.49163 0.27408
0.01393 0.57971
0.60798 0.39520
0.29111 0.89806
0.53672 0.01625
0.11174 0.66148
0.45676 0.14565
0.13404 0.06964
0.58483 0.11249
0.50839 0.05755
0.95364 0.12360
0.83974 0.58456
0.94477 0.21633
0.94216 0.02948
0.64352 0.78979
0.76070 0.43031
0.84695 0.92388
0.51426 0.31790
0.19976 0.51363
0.54584 0.42206
0.19244 0.31478
0.45821 0.79420
0.78293 0.88897
0.07985 0.80977
0.46287 0.59059
0.73057 0.42725
0.68838 0.06451
0.03991 0.96916
0.42626 0.63993
0.57705 0.12780
0.01566 0.69197
0.89858 0.44620
0.45988 0.71915
0.29651 0.32616
0.87509 0.62358
0.04002 0.28690
0.81793 0.91389
0.76887 0.39223
0.99654 0.53662
0.27672 0.42418
0.50585 0.88813
0.40119 0.55291
0.40706 0.38987
0.56242 0.58935
0.45670 0.75637
0.75109 0.45089
0.76762 0.15810
0.19132 0.52208
0.41663 0.69913
0.56035 0.22957
0.42575 0.43133
0.64992 0.00817
0.21217 0.94087
0.05633 0.45342
0.83327 0.99952
0.04264 0.09584
0.85415 0.40073
0.30843 0.85649
0.83026 0.00393
0.11192 0.18280
0.06349 0.15395
0.36219 0.96236
0.15010 0.01170
0.42329 0.42131
0.48268 0.25290
0.07181 0.24894
0.02387 0.27888
0.02029 0.92351
0.69521 0.08786
0.08929 0.92166
0.77493 0.52087
0.07238 0.83192
0.24629 0.61185
0.11355 0.42333
0.91592 0.78607
0.99860 0.27221
0.43730 0.20761
0.42061 0.64512
0.42580 0.31907
0.15737 0.96664
0.78206 0.59806
0.57442 0.01267
0.22280 0.74730
0.76925 0.89919
0.98651 0.97107
0.26718 0.37204
0.86389 0.27673
0.73817 0.52075
0.04854 0.57590
0.03157 0.97041
0.20238 0.57378
0.92605 0.65729
0.92183 0.11868
0.88961 0.92028
0.12258 0.04252
0.21187 0.20196
0.83783 0.56958
0.95353 0.97335
0.11924 0.29427
0.45191 0.57595
0.77815 0.10845
0.67879 0.64079
0.93473 0.92262
0.75737 0.54769
0.76839 0.12850
0.85562 0.19575
0.93041 0.40170
0.63908 0.03786
0.81569 0.78550
0.96179 0.14501
0.11376 0.86667
0.89396 0.13708
0.21759 0.71702
0.39628 0.23663
0.89202 0.85839
0.03406 0.09977
0.77545 0.49641
0.42196 0.47090
0.36363 0.39097
0.53404 0.37944
0.66210 0.07354
0.10407 0.80370
0.74581 0.11059
0.86514 0.19628
0.26932 0.22651
0.84747 0.84658
0.49025 0.29299
0.44460 0.10091
0.02940 0.39258
0.88952 0.74060
0.63121 0.57190
0.77483 0.74813
0.78070 0.74368
0.68558 0.99437
0.38405 0.20695
0.05157 0.76875
0.80127 0.41672
0.07107 0.75515
0.74408 0.16705
0.56652 0.67831
0.05740 0.81724
0.83911 0.68704
0.39455 0.51188
0.32126 0.03158
0.22724 0.69892
0.73364 0.58293
0.60982 0.01936
0.56541 0.98077
0.48272 0.09452
0.93399 0.31337
0.73290 0.43808
0.44403 0.24067
0.74667 0.62691
0.26806 0.15845
0.50674 0.90616
0.75481 0.77975
0.84178 0.99216
0.72644 0.09934
0.37627 0.54301
0.98144 0.92486
0.88169 0.37075
0.76935 0.13262
0.54065 0.45656
0.08782 0.49170
0.92000 0.78104
0.71520 0.32140
0.75617 0.36288
0.89828 0.64465
0.85214 0.07658
0.27633 0.46322
0.95403 0.94252
0.73282 0.69406
0.48085 0.58670
0.46117 0.00417
0.67739 0.02395
0.50640 0.62458
0.39423 0.32735
0.03696 0.27797
0.37625 0.04366
0.20580 0.26956
0.98254 0.43390
0.93242 0.55663
0.37183 0.29017
0.55149 0.42958
0.61658 0.77502
0.59192 0.74706
0.56430 0.24034
0.07385 0.01578
0.28890 0.76575
0.45139 0.60242
0.35415 0.76213
0.72452 0.96312
0.62127 0.87439
0.39167 0.78690
0.24113 0.73150
0.42857 0.71360
0.59968 0.14104
0.16048 0.46250
0.20331 0.08275
0.38711 0.96940
0.39925 0.86998
0.82867 0.30480
0.15135 0.36351
0.20762 0.21637
0.32746 0.23911
0.85522 0.73438
0.12165 0.82896
0.39040 0.89617
0.16406 0.06017
0.33226 0.24786
0.28581 0.34715
0.32124 0.92826
0.87884 0.61807
0.72973 0.19709
0.73236 0.92747
0.92671 0.00797
0.87794 0.14933
0.74535 0.01468
0.79080 0.77421
0.48737 0.54042
0.75008 0.20829
0.08465 0.36396
0.70454 0.58041
0.72219 0.34926
0.90939 0.41491
0.98075 0.57435
0.33506 0.33638
0.74168 0.45411
0.53422 0.10687
0.45715 0.81199
0.68418 0.67227
0.03576 0.31656
0.09829 0.27796
0.53024 0.76313
0.15678 0.43505
0.62742 0.03365
0.53234 0.11921
0.04512 0.55147
0.73532 0.62350
0.81573 0.77903
0.60625 0.05275
0.04486 0.82572
0.96967 0.59984
0.90579 0.90296
0.04072 0.29426
0.03702 0.60163
0.36751 0.66219
0.08463 0.88954
0.31910 0.79873
0.81517 0.30992
0.60703 0.86548
0.10041 0.65296
0.41642 0.79425
0.63232 0.31915
0.60482 0.23448
0.51556 0.44503
0.36092 0.54665
0.88495 0.06741
0.46813 0.85318
0.05167 0.94384
0.71757 0.76113
0.76021 0.19593
0.88832 0.35139
0.15531 0.23429
0.89409 0.32137
0.13068 0.71981
0.29836 0.95804
0.94763 0.67653
0.56728 0.03658
0.18138 0.60790
0.30826 0.69793
0.16238 0.81123
0.92835 0.34400
0.61439 0.12569
0.03389 0.83403
0.84592 0.24507
0.52981 0.90372
0.66831 0.64744
0.39737 0.10482
0.38728 0.15833
0.75045 0.91522
0.95547 0.30009
0.30630 0.76171
0.98973 0.12090
0.92260 0.81827
0.53068 0.74567
0.38045 0.44204
0.40335 0.60583
0.74103 0.80802
0.16408 0.22502
0.31065 0.84803
0.45161 0.10268
0.26219 0.84791
0.96604 0.36880
0.14144 0.07215
0.03410 0.65191
0.98434 0.65910
0.54201 0.15184
0.54400 0.08744
0.93806 0.60983
0.83169 0.12066
0.07486 0.22955
0.70306 0.92871
0.01318 0.93291
0.90487 0.13270
0.83099 0.71730
0.85223 0.11931
0.52767 0.78717
0.86259 0.69419
0.07506 0.40838
0.38332 0.19414
0.45473 0.98652
0.04473 0.03138
0.64983 0.12630
0.11642 0.62001
0.92179 0.97131
0.95692 0.40717
0.05186 0.34612
0.01056 0.52219
0.02140 0.93557
0.75562 0.38616
0.89523 0.39535
0.36142 0.50993
0.80658 0.61463
0.53070 0.85775
0.59770 0.84709
0.69500 0.16086
0.78361 0.84602
0.16695 0.75737
0.63350 0.55684
0.46719 0.55345
0.33633 0.04062
0.57362 0.35524
0.83269 0.40577
0.24005 0.60927
0.20016 0.47118
0.49622 0.02059
0.13776 0.58503
0.31849 0.95863
0.03024 0.18140
0.69702 0.02737
0.63959 0.19804
0.85225 0.82271
0.85597 0.91794
0.36685 0.69271
0.62136 0.42411
0.30502 0.69674
0.06068 0.84321
0.61243 0.16332
0.42157 0.12705
0.11294 0.33153
0.80946 0.35682
0.12728 0.21900
0.36029 0.66185
0.36326 0.02549
0.38726 0.22090
0.48748 0.41729
0.77583 0.02685
0.08231 0.96177
0.43889 0.30670
0.05753 0.56945
0.69984 0.64071
0.38854 0.23789
0.66777 0.67616
0.57214 0.86113
0.34432 0.00148
0.53711 0.40623
0.36003 0.16692
0.18545 0.00724
0.63480 0.25233
0.57433 0.98283
0.56523 0.12790
0.29488 0.58563
0.28402 0.53031
0.66421 0.15433
0.33087 0.43975
0.40749 0.58274
0.04266 0.02217
0.59233 0.05764
0.91048 0.87086
0.71246 0.85754
0.71992 0.75671
0.21701 0.44177
0.43245 0.97395
0.01875 0.94456
0.26522 0.55695
0.10826 0.06408
0.91840 0.74692
0.95842 0.22110
0.90617 0.12820
0.64198 0.42883
0.11710 0.11964
0.60741 0.34289
0.19226 0.40995
0.05651 0.25466
0.07460 0.40811
0.03897 0.75258
0.51614 0.95539
0.90696 0.94398
0.34386 0.59849
0.31858 0.88202
0.49908 0.76021
0.81499 0.16498
0.60654 0.63968
0.57378 0.59706
0.37060 0.20505
0.72303 0.34446
0.00152 0.37361
0.19177 0.01496
0.01167 0.09235
0.03457 0.56856
0.12458 0.70641
0.59762 0.91268
0.23646 0.37173
0.41047 0.05599
0.45212 0.47924
0.46086 0.17210
0.16554 0.46323
0.98178 0.84744
0.65044 0.85604
0.19459 0.50348
0.28158 0.44983
0.48750 0.86507
0.93046 0.37209
0.52699 0.48595
0.08611 0.90214
0.75954 0.78863
0.49817 0.45681
0.06426 0.69559
0.19938 0.75811
0.80569 0.41165
0.76504 0.83178
0.43584 0.11819
0.14141 0.14708
0.92631 0.64502
0.19398 0.58734
0.27325 0.90966
0.37401 0.74946
0.67575 0.18801
0.07288 0.95626
0.07238 0.56112
0.01021 0.25179
0.96548 0.63724
0.78981 0.11776
0.76616 0.63534
0.18817 0.21826
0.17882 0.77057
0.32188 0.09760
0.78325 0.37677
0.30944 0.22214
0.09971 0.27838
0.92786 0.15289
0.53706 0.75377
0.58811 0.59536
0.05104 0.31926
0.35450 0.50791
0.39715 0.77171
0.25445 0.25876
0.11345 0.09298
0.18273 0.67447
0.29027 0.28080
0.15022 0.65542
0.17999 0.65002
0.55034 0.03698
0.94552 0.26341
0.46982 0.79370
0.26258 0.26278
0.11098 0.86561
0.57310 0.47907
0.57892 0.16535
0.65236 0.79619
0.96539 0.12908
0.91359 0.20995
0.23870 0.38235
0.69419 0.64575
0.33480 0.99162
0.27878 0.71089
0.99060 0.25513
0.34151 0.73329
0.61142 0.48098
0.69570 0.39587
0.99282 0.92195
0.16392 0.09625
0.64184 0.00581
0.96832 0.93433
0.16807 0.92934
0.62340 0.95480
0.82927 0.16880
0.18651 0.32023
0.87064 0.37770
0.31899 0.35301
0.20313 0.45781
0.02549 0.15088
0.47996 0.14428
0.90681 0.29996
0.47110 0.90534
0.43215 0.33701
0.10364 0.52068
0.38276 0.81049
0.80026 0.49306
0.33811 0.15326
0.04714 0.21434
0.70092 0.18534
0.18497 0.15559
0.20879 0.92290
0.83544 0.06775
0.78633 0.24059
0.53962 0.23574
0.22976 0.58078
0.28230 0.73157
0.70424 0.72872
0.71690 0.05987
0.96955 0.08000
0.46695 0.98299
0.26681 0.02937
0.82101 0.70802
0.67895 0.16223
0.13470 0.39375
0.03459 0.31777
0.82393 0.36446
0.42010 0.70822
0.37843 0.58734
0.05492 0.50709
0.19579 0.38316
0.70668 0.30759
0.46955 0.40372
0.31055 0.83016
0.84381 0.65892
0.37929 0.98728
0.00334 0.24426
0.44525 0.55396
0.46370 0.94148
0.82642 0.42662
0.89144 0.63250
0.59007 0.96413
0.54275 0.40356
0.47872 0.75615
0.54935 0.23291
0.97433 0.44970
0.75935 0.75432
0.46860 0.96543
0.51196 0.80740
0.36322 0.14363
0.49565 0.85464
0.61487 0.11596
0.95754 0.93276
0.64077 0.06053
0.95920 0.96122
0.53607 0.48515
0.22073 0.26234
0.81516 0.18808
0.78541 0.02885
0.74316 0.85004
0.28271 0.41659
0.35766 0.54471
0.82037 0.68153
0.32151 0.08895
0.37677 0.87948
0.61679 0.71046
0.49517 0.79411
0.12338 0.22342
0.80307 0.66324
0.39487 0.68344
0.19858 0.68870
0.75985 0.41832
0.43689 0.71439
0.22846 0.01971
0.35184 0.49300
0.85269 0.58793
0.33843 0.70452
0.03785 0.76727
0.34333 0.25549
0.20814 0.25536
0.48435 0.56609
0.01140 0.83692
0.05029 0.72079
0.44533 0.05710
0.12454 0.36518
0.41380 0.53842
0.92604 0.48785
0.71118 0.64506
0.71207 0.75869
0.00301 0.63040
0.67278 0.08145
0.72555 0.10872
0.94720 0.89061
0.86036 0.10677
0.26464 0.88311
0.60121 0.34611
0.69529 0.56201
0.01025 0.80195
0.27749 0.91040
0.49914 0.32133
0.15683 0.21524
0.67056 0.04085
0.60171 0.98596
0.83965 0.83753
0.11519 0.01314
0.93411 0.66048
0.04592 0.52875
0.69210 0.53110
0.86283 0.43438
0.15361 0.18053
0.87310 0.72461
0.92801 0.33147
0.71983 0.50764
0.35113 0.67868
0.59593 0.51632
0.98531 0.20169
0.27370 0.73261
0.42421 0.86467
0.39084 0.15525
0.94733 0.97753
0.21222 0.75487
0.21443 0.66889
0.65099 0.31393
0.72287 0.94190
0.42515 0.25193
0.99486 0.57652
0.32598 0.36736
0.85506 0.33101
0.49675 0.70357
0.26355 0.24944
0.32641 0.60532
0.14101 0.43217
0.60754 0.78946
0.14099 0.63863
0.19114 0.71475
0.86010 0.19484
0.20089 0.34719
0.97225 0.48206
0.79515 0.84993
0.92620 0.42334
0.32230 0.13655
0.49600 0.37485
0.73998 0.29346
0.74322 0.70245
0.94235 0.43324
0.41358 0.67901
0.53024 0.57302
0.17233 0.38682
0.30034 0.71394
0.94795 0.63268
0.24139 0.08084
0.52610 0.18076
0.09915 0.93351
0.02400 0.27698
0.80149 0.37870
0.85669 0.53384
0.61657 0.64835
0.80412 0.00523
0.64044 0.50509
0.05929 0.77194
0.07574 0.34493
0.58274 0.42111
0.88720 0.72293
0.70604 0.81684
0.61666 0.38263
0.44776 0.80469
0.76311 0.39331
0.78104 0.32023
0.80314 0.57198
0.13301 0.49389
0.35095 0.14380
0.41661 0.37607
0.08669 0.71204
0.69986 0.56347
0.08949 0.18142
0.91653 0.53937
0.26030 0.42901
0.53105 0.16139
0.73910 0.19520
0.29637 0.94348
0.17519 0.55773
0.72130 0.89243
0.17810 0.92986
0.98138 0.52631
0.85834 0.70710
0.74620 0.71700
0.10794 0.13557
0.21048 0.07789
0.89509 0.86334
0.12131 0.39036
0.20511 0.25154
0.57884 0.04917
0.92569 0.35569
0.82092 0.45723
0.73695 0.06884
0.22057 0.38768
0.01262 0.66697
0.15716 0.46741
0.31990 0.72894
0.71451 0.26162
0.96085 0.07853
0.77570 0.57208
0.86864 0.39113
0.57790 0.34450
0.36396 0.39913
0.86157 0.68962
0.80800 0.61213
0.94607 0.86651
0.69015 0.17753
0.02332 0.95005
0.81455 0.58425
0.87422 0.69167
0.00192 0.73261
0.43044 0.24710
0.17130 0.24480
0.70177 0.49191
0.38487 0.02547
0.27371 0.19981
0.03340 0.17679
0.61775 0.17375
0.86832 0.55987
0.00302 0.77329
0.30764 0.35695
0.02650 0.43335
0.00724 0.77962
0.21716 0.23755
0.38309 0.98568
0.51527 0.14771
0.72884 0.75063
0.92135 0.55871
0.01712 0.97899
0.11825 0.19265
0.56339 0.87326
0.04484 0.39704
0.70558 0.44215
0.46217 0.80737
0.67655 0.94647
0.76665 0.74030
0.73346 0.90707
0.85157 0.60798
0.87666 0.41943
0.58434 0.89757
0.56769 0.62359
0.19077 0.74550
0.38857 0.68218
0.01511 0.97536
0.86865 0.32274
0.52755 0.48002
0.09927 0.71823
0.95305 0.24555
0.00920 0.94060
0.58047 0.56315
0.95583 0.72091
0.28889 0.69898
0.95507 0.37705
0.14745 0.83980
0.82822 0.53988
0.14671 0.61839
0.34741 0.55962
0.81855 0.59388
0.42246 0.38719
0.27814 0.68280
0.52612 0.19302
0.33503 0.91732
0.62622 0.57358
0.94136 0.26653
0.16831 0.79728
0.16860 0.37626
0.62705 0.32065
0.44608 0.82658
0.01328 0.42913
0.57367 0.05436
0.62289 0.64627
0.39288 0.89569
0.67597 0.81590
0.08930 0.06578
0.57773 0.91626
0.92054 0.26840
0.66348 0.98084
0.53562 0.62863
0.30575 0.29912
0.11464 0.72751
0.82639 0.78580
0.38179 0.72710
0.55816 0.46331
0.90963 0.61340
0.84472 0.82581
0.51333 0.37038
0.25761 0.51093
0.31130 0.30782
0.57990 0.95323
0.19326 0.46662
0.57299 0.90280
0.71607 0.54638
0.63641 0.88866
0.18355 0.67348
0.84687 0.95025
0.60202 0.66206
0.36331 0.84749
0.80525 0.07475
0.32881 0.60520
0.32807 0.09977
0.75514 0.31349
0.97860 0.93329
0.58578 0.06565
0.03010 0.37942
0.13596 0.33100
0.05362 0.97376
0.40808 0.48582
0.06569 0.04827
0.24133 0.47064
0.64725 0.63320
0.23160 0.83425
0.11347 0.80159
0.98181 0.90089
0.81822 0.89656
0.49116 0.51182
0.83457 0.71217
0.63080 0.38933
0.85604 0.28559
0.34925 0.66012
0.19080 0.69713
0.68470 0.88583
0.78003 0.63235
0.62177 0.96324
0.89421 0.09225
0.90589 0.25323
0.22138 0.18951
0.19262 0.96185
0.22540 0.85652
0.31988 0.71912
0.14854 0.11211
0.51040 0.80728
0.25935 0.23292
0.24415 0.58620
0.57005 0.28027
0.45706 0.86402
0.36839 0.59867
0.78122 0.48628
0.87007 0.17233
0.62251 0.00552
0.06878 0.62831
0.34156 0.87727
0.60367 0.60764
0.04221 0.62969
0.63670 0.90781
0.68192 0.58488
0.17827 0.95671
0.35985 0.87249
0.85062 0.82909
0.50044 0.86860
0.71155 0.48924
0.09638 0.93515
0.81128 0.25462
0.48634 0.50786
0.17569 0.69378
0.66013 0.59902
0.55430 0.51882
0.64741 0.37193
0.16525 0.11780
0.01458 0.25643
0.36958 0.27905
0.02669 0.62223
0.48129 0.35875
0.80480 0.70718
0.91097 0.43001
0.93438 0.35574
0.99781 0.09761
0.83745 0.24242
0.03412 0.66150
0.45508 0.11874
0.42845 0.18016
0.23367 0.09953
0.00518 0.53197
0.40284 0.60311
0.12223 0.93847
0.63171 0.97949
0.52566 0.01513
0.63714 0.55333
0.85573 0.10035
0.37311 0.60828
0.73122 0.91181
0.87760 0.54892
0.64512 0.63948
0.48655 0.76533
0.13900 0.19682
0.18453 0.03679
0.59694 0.02089
0.53503 0.46184
0.08768 0.38793
0.33144 0.19555
0.54460 0.13798
0.96214 0.04082
0.30607 0.33588
0.84123 0.04401
0.26973 0.05593
0.18620 0.38577
0.09108 0.84409
0.56940 0.77782
0.53173 0.16373
0.53704 0.28955
0.70116 0.51093
0.25607 0.11827
0.12937 0.88300
0.25374 0.14156
0.70982 0.26923
0.08013 0.06223
0.42331 0.46370
0.33834 0.15813
0.01540 0.28958
0.90974 0.20457
0.69796 0.67363
0.06589 0.23813
0.74980 0.74498
0.11069 0.21181
0.50876 0.42840
0.85937 0.64662
0.12993 0.02962
0.81403 0.87811
0.68296 0.62248
0.90486 0.94087
0.83106 0.38771
0.14927 0.31988
0.34084 0.86610
0.44981 0.87834
0.04585 0.01706
0.74365 0.12234
0.34497 0.88933
0.26010 0.09900
0.99942 0.07118
0.40919 0.84074
0.89424 0.43761
0.45127 0.48630
0.79841 0.97004
0.39574 0.04278
0.17768 0.59501
0.78260 0.01112
0.44503 0.19178
0.55628 0.66251
0.22466 0.33721
0.27360 0.68465
0.25874 0.44683
0.05389 0.48638
0.61945 0.28885
0.41733 0.29711
0.98753 0.12474
0.33810 0.39016
0.25848 0.09659
0.59869 0.21771
0.48409 0.84760
0.41541 0.96162
0.14469 0.62839
0.62277 0.62729
0.99101 0.26850
0.66340 0.57526
0.41105 0.16160
0.93256 0.74069
0.27114 0.43222
0.51705 0.91890
0.16342 0.63534
0.17760 0.86074
0.48927 0.89539
0.66161 0.43713
0.90194 0.37588
0.32598 0.78270
0.78466 0.35852
0.57151 0.50201
0.62508 0.71472
0.90888 0.07279
0.20985 0.08248
0.92576 0.13458
0.92495 0.01560
0.21680 0.51169
0.12602 0.01274
0.02390 0.90628
0.03904 0.17875
0.04033 0.88330
0.15944 0.21336
0.08878 0.01518
0.97020 0.25315
0.21045 0.11682
0.58915 0.21906
0.45372 0.41421
0.67746 0.46448
0.64950 0.95723
0.14372 0.08796
0.88520 0.60576
0.04906 0.34707
0.90763 0.21386
0.41842 0.10101
0.84838 0.13991
0.68730 0.33552
0.34224 0.48100
0.91999 0.80837
0.30491 0.62356
0.84968 0.29921
0.05742 0.50525
0.44923 0.33396
0.51541 0.74111
0.59187 0.16758
0.96477 0.86121
0.62749 0.71858
0.33675 0.54261
0.31742 0.43241
0.46101 0.02668
0.21961 0.54004
0.80165 0.63067
0.47936 0.82076
0.30645 0.60664
0.31224 0.03102
0.33433 0.82049
0.03562 0.38697
0.30723 0.34607
0.86536 0.52834
0.66618 0.37474
0.89802 0.86470
0.43338 0.53282
0.28431 0.72806
0.01218 0.30168
0.97504 0.65567
0.36321 0.36796
0.22557 0.10118
0.70072 0.54117
0.27025 0.30474
0.72785 0.36492
0.07300 0.18358
0.21238 0.50873
0.96514 0.88600
0.88309 0.85124
0.89475 0.70083
0.21516 0.93597
0.83274 0.15441
0.59407 0.21594
0.19448 0.70613
0.82012 0.22781
0.98260 0.23927
0.40600 0.27516
0.06290 0.67789
0.33558 0.16725
0.35489 0.28361
0.05169 0.93307
0.60774 0.83639
0.38754 0.25000
0.49549 0.91282
0.84078 0.16103
0.87266 0.92141
0.16471 0.98911
0.30260 0.26408
0.88946 0.67269
0.46413 0.94370
0.91107 0.09794
0.36965 0.55300
0.91517 0.11385
0.41631 0.38248
0.49035 0.82235
0.05430 0.98623
0.09547 0.37008
0.48208 0.97829
0.58524 0.91089
0.20578 0.74792
0.47436 0.93472
0.22616 0.32993
0.77256 0.73511
0.20568 0.42533
0.39743 0.16826
0.03353 0.87550
0.99598 0.67689
0.24290 0.84056
0.52253 0.24534
0.62384 0.11522
0.63534 0.14316
0.34535 0.85185
0.44764 0.86179
0.55730 0.00116
0.88079 0.91624
0.72069 0.34209
0.45681 0.05030
0.17635 0.69634
0.47452 0.16127
0.28593 0.71126
0.09461 0.52977
0.90270 0.18935
0.38362 0.09220
0.29108 0.01098
0.77807 0.74647
0.88786 0.47382
0.31289 0.80363
0.41091 0.28273
0.13205 0.60066
0.97241 0.09369
0.04003 0.34856
0.99505 0.15065
0.40860 0.64508
0.75563 0.14767
0.32455 0.56702
0.74282 0.97782
0.54917 0.61075
0.72928 0.62570
0.06605 0.26720
0.31228 0.73551
0.29824 0.90358
0.05157 0.70043
0.38642 0.17627
0.99437 0.01170
0.74547 0.58146
0.94391 0.07245
0.54573 0.48628
0.06875 0.47094
0.42954 0.06022
0.75568 0.65437
0.73740 0.17459
0.88647 0.28127
0.37353 0.21312
0.16902 0.98789
0.55697 0.16800
0.05908 0.50237
0.79808 0.55807
0.71994 0.30785
0.51018 0.78740
0.58999 0.64546
0.64320 0.42662
0.16274 0.31071
0.68150 0.76763
0.71644 0.15858
0.29033 0.88823
0.93331 0.86082
0.44328 0.55336
0.59254 0.64018
0.50373 0.79682
0.91655 0.49927
0.60301 0.15078
0.45239 0.66918
0.51397 0.30045
0.56794 0.59718
0.75568 0.85874
0.09291 0.04572
0.31950 0.16909
0.89771 0.40179
0.31813 0.87290
0.57260 0.62550
0.74459 0.65818
0.86788 0.79656
0.89259 0.46822
0.75983 0.46174
0.83121 0.46311
0.37314 0.83914
0.26955 0.80548
0.38676 0.05887
0.57138 0.49341
0.60156 0.71216
0.24901 0.46435
0.17951 0.93581
0.15143 0.13930
0.40222 0.95385
0.49868 0.77987
0.66168 0.35944
0.53720 0.90114
0.48072 0.97544
0.65252 0.36459
0.41064 0.20845
0.29177 0.99555
0.71125 0.52192
0.58401 0.85770
0.87857 0.27454
0.69315 0.64730
0.24980 0.58797
0.74874 0.94417
0.55785 0.62813
0.27498 0.94759
0.39126 0.95827
0.44200 0.89946
0.02456 0.58772
0.45003 0.18246
0.23575 0.10504
0.94802 0.27608
0.52242 0.31950
0.83957 0.46126
0.42565 0.84096
0.13974 0.39627
0.08454 0.88689
0.04180 0.73646
0.33738 0.13423
0.34535 0.20155
0.61692 0.78861
0.33708 0.67600
0.91823 0.43593
0.62156 0.12463
0.86039 0.64947
0.50507 0.92376
0.88024 0.11514
0.67746 0.62036
0.74166 0.63335
0.26053 0.08334
0.23771 0.23393
0.01930 0.90997
0.83372 0.55855
0.61059 0.40750
0.01260 0.07565
0.47492 0.59597
0.75779 0.89930
0.13605 0.28705
0.81419 0.42572
0.44063 0.43332
0.72437 0.03569
0.15203 0.26196
0.33737 0.77855
0.31507 0.36788
0.84899 0.78899
0.49875 0.32935
0.14753 0.55852
0.54532 0.25706
0.69859 0.70954
0.73512 0.16069
0.08146 0.07573
0.11192 0.90615
0.89646 0.14179
0.10828 0.56453
0.44609 0.62750
0.80283 0.00368
0.15164 0.53791
0.68067 0.01351
0.52466 0.82062
0.45336 0.09751
0.11491 0.25767
0.96990 0.61170
0.84938 0.23718
0.10218 0.05128
0.62801 0.85923
0.42904 0.42192
0.38716 0.30094
0.06620 0.33471
0.69949 0.17612
0.59682 0.56693
0.81856 0.34111
0.40253 0.46230
0.24171 0.92793
0.88664 0.63681
0.58696 0.24722
0.92477 0.38280
0.88717 0.63458
0.64939 0.78612
0.10447 0.65302
0.99169 0.38256
0.13050 0.81108
0.35871 0.81435
0.99543 0.72206
0.37030 0.00318
0.64581 0.41659
0.99745 0.66857
0.46807 0.05371
0.79523 0.29686
0.23984 0.90621
0.74173 0.90637
0.90987 0.14994
0.92741 0.00482
0.56972 0.10272
0.33283 0.72174
0.71671 0.08112
0.14874 0.31385
0.86151 0.33368
0.55970 0.62313
0.81398 0.72316
0.56599 0.40862
0.64206 0.28346
0.92528 0.92942
0.67913 0.96089
0.27835 0.76927
0.23160 0.89894
0.88795 0.71475
0.79475 0.14153
0.60874 0.50177
0.66134 0.43930
0.83079 0.03763
0.27121 0.81127
0.89594 0.61124
0.55810 0.78458
0.70025 0.32434
0.00252 0.32076
0.96566 0.84475
0.44959 0.39367
0.14143 0.19252
0.90721 0.18464
0.64707 0.61086
0.26840 0.99381
0.93810 0.95788
0.89532 0.24048
0.66070 0.67914
0.95124 0.46281
0.09576 0.24607
0.30150 0.66783
0.94611 0.46428
0.67409 0.01705
0.31677 0.29146
0.04987 0.27613
0.29923 0.51141
0.76529 0.67276
0.53937 0.35427
0.88505 0.81473
0.98299 0.61417
0.09811 0.59351
0.64505 0.56266
0.81363 0.17180
0.38519 0.28989
0.59334 0.64534
0.32967 0.36592
0.95766 0.50764
0.73997 0.26143
0.22276 0.85792
0.65443 0.72515
0.75266 0.98199
0.32567 0.24038
0.32446 0.56968
0.59147 0.96094
0.50167 0.48890
0.31261 0.57525
0.96363 0.03820
0.12588 0.26932
0.86100 0.89070
0.04642 0.20082
0.75315 0.52549
0.64003 0.55749
0.91826 0.84377
0.58473 0.13295
0.70192 0.15387
0.85202 0.75329
0.69239 0.88276
0.49138 0.05598
0.14126 0.47779
0.04515 0.36729
0.89302 0.48729
0.54030 0.86598
0.23446 0.02858
0.32757 0.19311
0.19889 0.11712
0.23587 0.25175
0.35848 0.87877
0.92076 0.77280
0.08996 0.03590
0.78597 0.86233
0.79614 0.48517
0.77343 0.16023
0.72663 0.72766
0.11277 0.06539
0.29873 0.83582
0.50329 0.20275
0.09274 0.50717
0.94915 0.05127
0.98633 0.64745
0.94380 0.95792
0.48808 0.76552
0.59835 0.22406
0.29798 0.58448
0.09549 0.03108
0.24575 0.55256
0.25127 0.50616
0.75723 0.54913
0.66964 0.38440
0.87487 0.45205
0.04861 0.69926
0.98379 0.22928
0.00854 0.21547
0.37189 0.93172
0.57959 0.22909
0.79242 0.30052
0.35150 0.83563
0.40243 0.91689
0.17157 0.77811
0.94530 0.36482
0.22081 0.55120
0.39798 0.20350
0.72789 0.65903
0.88323 0.05982
0.83693 0.22551
0.38821 0.24291
0.40002 0.63176
0.65108 0.39777
0.38165 0.11875
0.20698 0.77419
0.97891 0.92601
0.51355 0.34611
0.40923 0.25536
0.80690 0.84897
0.09085 0.19783
0.73897 0.90211
0.92690 0.55279
0.46873 0.08190
0.94632 0.77426
0.19717 0.80457
0.39170 0.55624
0.92061 0.48505
0.06062 0.41992
0.22647 0.54551
0.59026 0.34006
0.75975 0.26528
0.55162 0.84604
0.37111 0.57186
0.25601 0.28884
0.94162 0.62147
0.77477 0.06551
0.55338 0.47705
0.30853 0.57891
0.35945 0.14774
0.78847 0.76812
0.00292 0.84297
0.13353 0.66822
0.32382 0.41024
0.45423 0.32298
0.11607 0.05986
0.78035 0.66910
0.91806 0.27056
0.64957 0.93090
0.92899 0.35024
0.50766 0.88547
0.73192 0.86927
0.21667 0.51980
0.52988 0.36707
0.40450 0.20536
0.23803 0.65111
0.34327 0.68101
0.59281 0.80694
0.66053 0.12678
0.21492 0.73975
0.84142 0.20458
0.48504 0.38033
0.49740 0.71678
0.92858 0.50653
0.32762 0.43810
0.71026 0.09949
0.16540 0.23866
0.39634 0.23060
0.32838 0.83820
0.75708 0.82051
0.16605 0.63232
0.08992 0.62004
0.76732 0.04940
0.05252 0.82414
0.17829 0.79280
0.55354 0.71887
0.97039 0.38147
0.89259 0.92349
0.68538 0.76831
0.58093 0.99970
0.17231 0.69388
0.70702 0.14071
0.83562 0.05482
0.58877 0.48883
0.99541 0.28606
0.20703 0.32502
0.67963 0.11857
0.14552 0.38142
0.78277 0.57486
0.31076 0.30619
0.55504 0.60991
0.79631 0.91357
0.61130 0.88997
0.79436 0.87441
0.30598 0.23612
0.64537 0.39239
0.89318 0.83700
0.72959 0.44422
0.23239 0.99643
0.62387 0.87184
0.47405 0.46024
0.34333 0.08080
0.40884 0.87508
0.53812 0.16949
0.84524 0.61714
0.27218 0.19370
0.87248 0.88597
0.80629 0.57523
0.10971 0.09732
0.27407 0.26291
0.78714 0.15564
0.51221 0.85105
0.44546 0.60551
0.86397 0.24359
0.87757 0.27814
0.42782 0.58287
0.29153 0.58412
0.25336 0.98016
0.35588 0.09510
0.91881 0.50847
0.05638 0.74651
0.59875 0.70593
0.84157 0.61907
0.60243 0.32601
0.71702 0.06754
0.58525 0.30496
0.16091 0.70192
0.17926 0.57332
0.13399 0.23401
0.02053 0.97107
0.99735 0.32901
0.72662 0.68120
0.25643 0.04863
0.40958 0.21958
0.95457 0.52157
0.89127 0.45486
0.20551 0.50672
0.47256 0.59133
0.08114 0.27411
0.63451 0.78180
0.86572 0.50594
0.04634 0.22532
0.43160 0.56831
0.15148 0.71860
0.13847 0.36157
0.49262 0.53882
0.87171 0.59786
0.78213 0.33192
0.73910 0.28745
0.01461 0.25062
0.21052 0.78917
0.24673 0.57125
0.27593 0.69538
0.15216 0.80176
0.91064 0.94513
0.83892 0.42958
0.04818 0.49641
0.44860 0.14201
0.56497 0.01884
0.85921 0.46006
0.31733 0.17760
0.07023 0.51154
0.68393 0.88305
0.49269 0.25137
0.05049 0.51455
0.48291 0.82166
0.15134 0.49480
0.35717 0.20236
0.50279 0.07229
0.39214 0.98843
0.59155 0.54925
0.96952 0.84355
0.91225 0.55265
0.49925 0.03438
0.65743 0.95441
0.78558 0.65993
0.92649 0.72029
0.97786 0.93252
0.43165 0.31183
0.69877 0.18947
0.68814 0.04196
0.64415 0.51350
0.50341 0.97187
0.83169 0.57381
0.19018 0.84438
0.34326 0.47234
0.50155 0.21596
0.96598 0.92461
0.86198 0.28224
0.68091 0.44595
0.53355 0.68641
0.60929 0.07453
0.31365 0.68042
0.95501 0.19985
0.66495 0.19190
0.21726 0.80314
0.67211 0.33465
0.05258 0.41764
0.06968 0.79706
0.31345 0.91780
0.14212 0.35410
0.84636 0.82819
0.65970 0.91095
0.43554 0.36394
0.37453 0.65530
0.71108 0.67702
0.13542 0.71368
0.71058 0.96675
0.59595 0.00567
0.76003 0.28540
0.71603 0.11352
0.31841 0.55650
0.13370 0.24915
0.12893 0.07305
0.19697 0.06203
0.12372 0.71367
0.28100 0.05615
0.55998 0.87295
0.11868 0.16840
0.80257 0.60735
0.71307 0.86706
0.56973 0.70662
0.14437 0.33804
0.44152 0.16142
0.67934 0.33016
0.71102 0.57790
0.06525 0.51886
0.79682 0.59976
0.79255 0.20962
0.79785 0.99409
0.02630 0.92861
0.20710 0.84032
0.83950 0.91253
0.46478 0.06233
0.06223 0.74735
0.40760 0.73467
0.64140 0.91468
0.94552 0.03221
0.27175 0.18226
0.86378 0.21861
0.38186 0.92612
0.12446 0.51379
0.45401 0.93818
0.50801 0.39651
0.11673 0.48947
0.78897 0.81178
0.07245 0.15737
0.07144 0.90868
0.01733 0.88692
0.81589 0.20384
0.20144 0.95906
0.23114 0.02913
0.74592 0.36215
0.30803 0.02030
0.49461 0.66657
0.15469 0.35367
0.85991 0.06665
0.95544 0.27881
0.77123 0.37333
0.64790 0.95397
0.77261 0.53218
0.53860 0.55843
0.02536 0.11235
0.36686 0.83517
0.66276 0.05789
0.98354 0.98293
0.62106 0.69025
0.97685 0.04821
0.04088 0.49462
0.78542 0.47518
0.26763 0.83356
0.09866 0.08023
0.75001 0.50613
0.49225 0.91226
0.80502 0.05998
0.66933 0.72523
0.53691 0.10877
0.88635 0.27767
0.47378 0.63455
0.16989 0.79658
0.30277 0.92119
0.29079 0.22431
0.87209 0.34964
0.09539 0.95093
0.76280 0.64525
0.86277 0.95721
0.19196 0.68557
0.02034 0.99725
0.48439 0.65818
0.56825 0.88276
0.42079 0.08148
0.91849 0.75810
0.54440 0.45320
0.90111 0.49116
0.65323 0.48615
0.71933 0.44648
0.90115 0.58391
0.90561 0.46728
0.29141 0.89267
0.44953 0.15962
0.54312 0.21410
0.97651 0.89789
0.10953 0.83496
0.55698 0.14124
0.55071 0.58156
0.53277 0.96976
0.23346 0.35258
0.93073 0.17755
0.02488 0.30075
0.67836 0.89159
0.28967 0.40109
0.42798 0.25923
0.85093 0.60766
0.29773 0.03885
0.83781 0.17950
0.55877 0.57186
0.49411 0.51941
0.87885 0.94888
0.99305 0.45936
0.02033 0.91658
0.02119 0.79317
0.77145 0.15112
0.86668 0.53347
0.92542 0.86969
0.73622 0.98054
0.27768 0.36662
0.39926 0.22624
0.51357 0.85311
0.13973 0.33390
0.97427 0.79690
0.53493 0.41728
0.68243 0.24865
0.03864 0.82068
0.95933 0.35404
0.59052 0.26466
0.54977 0.76047
0.14170 0.73050
0.69154 0.09759
0.79665 0.47905
0.28834 0.18177
0.83207 0.18577
0.60020 0.76349
0.02689 0.50939
0.29518 0.09070
0.26428 0.76582
0.28864 0.35486
0.67858 0.66138
0.62911 0.09357
0.35002 0.18810
0.00913 0.91220
0.84070 0.13061
0.45842 0.94382
0.87687 0.19324
0.66968 0.14929
0.01944 0.70077
0.94362 0.59652
0.80597 0.52754
0.54715 0.53679
0.77999 0.00045
0.41256 0.42482
0.98621 0.58484
0.70282 0.87238
0.17834 0.57486
0.62618 0.14464
0.08985 0.50622
0.91361 0.69237
0.86238 0.54206
0.22548 0.09893
0.99507 0.06731
0.73216 0.12239
0.24217 0.06562
0.86725 0.11226
0.02762 0.01673
0.39024 0.13761
0.02857 0.93540
0.29381 0.91622
0.53947 0.17365
0.38429 0.55449
0.32713 0.59614
0.95334 0.72290
0.03279 0.69451
0.86167 0.51010
0.02189 0.11666
0.27479 0.81090
0.86948 0.41665
0.65292 0.90268
0.69376 0.20244
0.19532 0.52576
0.71517 0.83343
0.44342 0.55670
0.47488 0.01965
0.89699 0.95564
0.66011 0.77906
0.43581 0.30877
0.51321 0.72054
0.18961 0.46388
0.84166 0.49347
0.58915 0.55632
0.62447 0.32648
0.64889 0.91631
0.76156 0.61495
0.23797 0.36735
0.83546 0.65460
0.71549 0.87254
0.65147 0.85365
0.64694 0.39455
0.97817 0.36779
0.27243 0.50155
0.41003 0.67556
0.18332 0.44897
0.82527 0.15511
0.49572 0.17631
0.61235 0.52588
0.33659 0.13936
0.28686 0.19977
0.46965 0.42940
0.15016 0.83511
0.37723 0.99899
0.18366 0.35900
0.88463 0.88421
0.43039 0.58195
0.11275 0.46465
0.85938 0.31779
0.08327 0.74696
0.97782 0.65535
0.16399 0.29798
0.34631 0.69614
0.05710 0.49174
0.70677 0.26546
0.20393 0.57668
0.19722 0.76380
0.48826 0.57737
0.93758 0.69416
0.55160 0.73080
0.79074 0.11100
0.10737 0.11928
0.94251 0.58328
0.28671 0.71608
0.46784 0.22363
0.37862 0.53660
0.34400 0.21531
0.35389 0.43233
0.32030 0.11759
0.48026 0.52540
0.18597 0.23049
0.55417 0.45032
0.86729 0.16731
0.03309 0.45588
0.92755 0.59537
0.35787 0.04481
0.65415 0.17149
0.74978 0.88155
0.76019 0.11996
0.78000 0.17495
0.36933 0.76422
0.61125 0.28570
0.66341 0.47032
0.69325 0.94396
0.51477 0.18332
0.08790 0.87075
0.69746 0.23855
0.68793 0.28781
0.37618 0.02542
0.52076 0.12968
0.59217 0.86357
0.04808 0.38482
0.65529 0.77334
0.22634 0.54649
0.26102 0.34300
0.43236 0.98961
0.11180 0.44587
0.86083 0.27742
0.98282 0.09556
0.18934 0.57550
0.98763 0.34540
0.73467 0.50475
0.84460 0.85702
0.05933 0.69726
0.64015 0.88654
0.33711 0.46620
0.66703 0.09360
0.60166 0.53650
0.03273 0.29811
0.26077 0.38944
0.70866 0.01433
0.33352 0.45776
0.34770 0.81544
0.94876 0.38541
0.45737 0.78539
0.69794 0.14245
0.78306 0.19628
0.01655 0.84104
0.01321 0.49139
0.46242 0.79549
0.53228 0.30893
0.01896 0.21633
0.60247 0.18071
0.72078 0.80298
0.16041 0.47716
0.68163 0.51798
0.17289 0.46926
0.89308 0.03774
0.86892 0.60140
0.56678 0.40658
0.84633 0.28236
0.72088 0.73450
0.51482 0.01903
0.20210 0.87258
0.82436 0.13923
0.37207 0.53190
0.61407 0.32907
0.69059 0.43787
0.98209 0.63277
0.03079 0.65590
0.25266 0.89601
0.10895 0.99587
0.26223 0.46229
0.42830 0.01207
0.47893 0.09546
0.66619 0.05765
0.33389 0.37579
0.67033 0.47469
0.85479 0.42595
0.83617 0.77774
0.01173 0.52954
0.62535 0.84752
0.17249 0.96490
0.24872 0.08740
0.29589 0.98026
0.67835 0.53182
0.59306 0.95388
0.32131 0.64324
0.34735 0.74724
0.52463 0.62387
0.86008 0.89249
0.86912 0.69884
0.10800 0.92087
0.78150 0.14034
0.18745 0.35340
0.07609 0.97131
0.73189 0.94198
0.38202 0.11807
0.76240 0.52255
0.88934 0.47283
0.55730 0.55526
0.22931 0.40749
0.95863 0.82257
0.13181 0.18953
0.27986 0.95163
0.38906 0.49162
0.18636 0.48938
0.56137 0.52438
0.50032 0.25689
0.71650 0.91324
0.49981 0.53451
0.39519 0.34120
0.01787 0.28395
0.61811 0.96097
0.77741 0.96002
0.50081 0.28021
0.56684 0.86408
0.72828 0.30529
0.17664 0.07072
0.95082 0.30114
0.44129 0.86803
0.78739 0.04372
0.52489 0.81117
0.56928 0.17158
0.94483 0.55865
0.10064 0.80019
0.17401 0.55795
0.91760 0.22593
0.78138 0.14990
0.83430 0.45380
0.16297 0.53486
0.67154 0.47767
0.40498 0.09998
0.28031 0.61920
0.85370 0.74218
0.07774 0.45672
0.35040 0.53788
0.15949 0.25577
0.18254 0.87833
0.18149 0.61366
0.52406 0.67353
0.03437 0.29529
0.12610 0.84801
0.65201 0.58009
0.40839 0.28719
0.26204 0.56730
0.93753 0.51744
0.46072 0.74852
0.34814 0.02507
0.91728 0.89009
0.04746 0.05180
0.87784 0.00578
0.43876 0.93103
0.65998 0.87826
0.18465 0.84710
0.15271 0.36120
0.37317 0.34343
0.19138 0.34051
0.75339 0.61776
0.51297 0.87003
0.35545 0.90913
0.55046 0.83199
0.38191 0.09482
0.82191 0.42799
0.74990 0.51922
0.99178 0.65770
0.12237 0.33549
0.87838 0.33706
0.45280 0.13265
0.32136 0.28188
0.29026 0.73755
0.26284 0.95767
0.72214 0.63123
0.67298 0.43054
0.52915 0.46103
0.44194 0.69544
0.96270 0.67068
0.50015 0.90061
0.66379 0.92505
0.30148 0.74499
0.53484 0.92382
0.62887 0.92451
0.16839 0.82194
0.20672 0.00487
0.00747 0.87711
0.80629 0.49823
0.89027 0.15366
0.56244 0.38491
0.63048 0.55291
0.42419 0.68118
0.65266 0.49224
0.91944 0.43718
0.30937 0.09891
0.09267 0.73357
0.60119 0.70748
0.25063 0.68143
0.04138 0.14562
0.89193 0.53083
0.57260 0.93497
0.73804 0.58577
0.14733 0.71709
0.53453 0.87256
0.44716 0.35059
0.04916 0.29185
0.19489 0.21671
0.41099 0.32953
0.99476 0.05413
0.64048 0.66588
0.65021 0.08197
0.64588 0.67518
0.74052 0.67913
0.38627 0.39702
0.10046 0.19989
0.76503 0.48486
0.67858 0.75373
0.10386 0.08129
0.60378 0.30917
0.13164 0.13157
0.87865 0.42663
0.98990 0.53579
0.93196 0.71883
0.56148 0.63114
0.24711 0.51559
0.42794 0.19051
0.57715 0.35235
0.06220 0.71617
0.58895 0.14104
0.86141 0.99876
0.10687 0.58609
0.08288 0.32582
0.05006 0.86001
0.41693 0.09455
0.32503 0.29116
0.45836 0.14092
0.07235 0.58243
0.54278 0.95459
0.97717 0.97881
0.56866 0.30672
0.15311 0.70973
0.85047 0.48645
0.41545 0.85441
0.70386 0.27679
0.16555 0.72970
0.97674 0.99703
0.47749 0.49412
0.66706 0.83596
0.17555 0.54502
0.86372 0.98551
0.44764 0.54426
0.09651 0.30983
0.68590 0.10966
0.53714 0.25609
0.23188 0.03129
0.94329 0.79102
0.39272 0.66728
0.15307 0.48511
0.74442 0.08719
0.59468 0.03215
0.62065 0.08943
0.70753 0.56161
0.02385 0.24149
0.05220 0.94491
0.62532 0.07858
0.00447 0.26500
0.60624 0.99877
0.93563 0.18563
0.08116 0.85952
0.12156 0.77925
0.95660 0.28560
0.05012 0.46723
0.85711 0.94536
0.92517 0.32823
0.99276 0.54675
0.85961 0.77815
0.37650 0.87779
0.94315 0.28919
0.52560 0.56012
0.37982 0.16836
0.93322 0.33030
0.78923 0.67470
0.99589 0.49730
0.19325 0.40652
0.40304 0.91569
0.25853 0.59646
0.23291 0.49631
0.94716 0.00474
0.97413 0.18757
0.83149 0.46791
0.07135 0.78544
0.26505 0.86681
0.16985 0.53307
0.94772 0.95859
0.36442 0.15958
0.23969 0.40027
0.32547 0.40576
0.10774 0.21944
0.90846 0.58638
0.23014 0.60765
0.27308 0.97783
0.85403 0.82014
0.43009 0.19443
0.72873 0.15911
0.85995 0.37396
0.18787 0.20909
0.89234 0.80186
0.70820 0.25576
0.63508 0.08360
0.06835 0.65976
0.76619 0.44692
0.33621 0.30852
0.59189 0.44392
0.76290 0.61759
0.96073 0.24547
0.45578 0.34582
0.31612 0.88728
0.01720 0.70138
0.48567 0.88498
0.50306 0.62457
0.07639 0.85260
0.48034 0.70206
0.01534 0.32902
0.96218 0.09870
0.50660 0.22608
0.94200 0.83146
0.61871 0.00384
0.07218 0.45418
0.06435 0.64205
0.38489 0.40575
0.63834 0.02295
0.21346 0.58818
0.48934 0.71086
0.86231 0.41097
0.66971 0.90892
0.55850 0.08931
0.25612 0.55436
0.61393 0.63508
0.27001 0.35545
0.09311 0.37609
0.75825 0.49242
0.88806 0.37725
0.60618 0.68583
0.85368 0.09864
0.02313 0.58805
0.66338 0.82730
0.29694 0.29713
0.71615 0.47800
0.12488 0.00273
0.02270 0.08636
0.52182 0.51824
0.34330 0.23883
0.08888 0.08154
0.05546 0.49984
0.46130 0.93238
0.17672 0.26097
0.17816 0.39372
0.93007 0.89712
0.29596 0.21437
0.47762 0.93111
0.25239 0.14047
0.44447 0.48776
0.35525 0.85758
0.09735 0.13651
0.01419 0.46387
0.20001 0.85816
0.14437 0.47068
0.30950 0.40032
0.19688 0.21643
0.88280 0.16768
0.53286 0.46718
0.06374 0.27393
0.22621 0.13785
0.36876 0.34634
0.92372 0.84769
0.38008 0.57850
