0.10333
0.43655
0.21191
0.45997
0.43416
0.96580
0.24344
0.58932
0.75670
0.40479
0.47592
0.17489
0.14195
0.10242
0.32528
0.50027
0.72893
0.41219
0.34610
0.77760
0.70484
0.37420
0.39007
0.15281
0.22797
0.35766
0.59778
0.27963
0.54321
0.43699
0.46239
0.27128
0.63669
0.83496
0.50181
0.51730
0.26777
0.22085
0.58344
0.32757
0.22196
0.08487
0.41390
0.15210
0.13603
0.68385
0.58637
0.54853
0.14981
0.32131
0.32426
0.94669
0.44576
0.51903
0.91156
0.27769
0.86024
0.47862
0.13482
0.11225
0.67635
0.27347
0.93968
0.26061
0.57056
0.32331
0.22062
0.52131
0.18592
0.69196
0.23870
0.38926
0.76153
0.26042
0.22280
0.38050
0.20224
0.22667
0.79025
0.42451
0.69618
0.71832
0.28482
0.09921
0.32724
0.26764
0.25357
0.35970
0.39870
0.21014
0.47140
0.48718
0.44385
0.08932
0.37247
0.55751
0.41068
0.59028
0.26437
0.78138
0.71484
0.40909
0.33303
0.21264
0.43059
0.68872
0.47869
0.04908
0.20934
0.14078
0.30131
0.55291
0.55779
-0.07417
0.18584
0.99973
0.73632
0.28858
0.29944
0.65181
0.79291
0.55412
0.37728
0.16576
0.45377
0.10612
0.38347
0.36593
0.16743
0.71796
0.11252
0.13009
0.78366
0.09654
0.21722
0.66263
0.22350
0.32914
0.09861
0.05063
0.12228
0.71031
0.75346
0.78082
0.47822
0.53896
0.60482
0.37868
0.34845
0.68508
0.35531
0.57509
0.61366
0.39524
0.62628
0.31767
0.73531
0.33408
1.05568
0.52836
0.57290
0.32032
0.63498
0.15814
0.56939
0.16457
0.41627
0.32566
0.27788
0.12220
0.02381
0.62768
0.41241
0.22982
0.73310
0.36304
0.58349
0.11336
0.61265
0.07808
0.32627
0.61985
0.23756
0.08682
0.97150
0.17428
0.11296
0.17357
0.48796
0.31095
0.74963
0.19260
0.46001
0.26922
0.46720
0.34229
0.56702
0.44596
0.28794
0.18583
0.46498
0.88332
0.80591
0.31894
0.29863
0.25990
0.74262
0.19732
0.48507
0.22493
0.37428
0.67495
0.17894
0.31204
0.23120
0.33207
0.63419
0.80772
0.14745
0.72360
0.46664
0.34677
0.31885
0.62046
0.27093
0.07683
0.37200
0.46005
1.05922
0.54657
0.09350
0.66695
0.10678
0.56132
0.55246
0.50968
0.62863
0.29859
0.38298
0.16043
0.16316
0.31325
0.31058
0.05115
0.86841
0.61199
0.08412
0.23886
0.78609
0.45907
0.42377
0.73125
0.31740
0.07238
0.67817
0.85435
0.76239
0.36731
0.56933
0.77621
0.12397
0.21496
0.29961
0.40844
0.42038
0.35427
0.92622
0.67412
0.59923
0.55811
0.96706
0.30841
0.65725
0.14858
0.53545
0.69011
0.69616
0.33937
0.57728
0.67915
0.46010
0.44328
0.50255
0.54231
0.27823
0.43008
1.02475
0.37095
0.54321
0.18421
0.59864
0.57460
0.63021
0.41326
0.29396
0.70840
0.31105
-0.28722
0.24748
0.16409
0.38605
0.81020
0.24350
0.67263
0.40426
0.11931
0.17631
0.46115
0.47173
0.44859
0.18797
0.37185
1.04465
0.27793
0.49290
0.39942
0.97735
0.43004
0.74363
0.21002
0.60094
0.28932
0.70215
0.21482
0.08963
0.16507
0.11463
-0.04317
0.53144
0.83788
0.67576
0.43319
0.42459
0.15213
0.79114
0.43627
0.59579
0.46612
0.35169
0.05480
0.92761
0.15739
0.39459
0.74390
0.36183
0.73378
0.54100
0.19230
0.26785
0.30592
0.22503
0.37426
0.13585
0.43258
0.53204
0.62204
0.59487
0.75381
0.69805
0.17146
-0.01760
0.44246
0.10423
0.48667
0.35119
0.43335
0.16057
0.84629
0.66787
0.49302
0.25287
0.33114
0.20668
-0.00999
0.48101
0.63780
0.63639
0.32967
0.70093
0.52866
0.52344
0.07108
0.55323
0.25590
0.24038
0.09812
0.66751
0.72501
0.39349
0.27920
0.65825
0.24185
0.73969
0.18374
0.57500
0.11129
0.59687
0.83125
-0.03766
0.23714
0.51094
1.12206
1.02370
0.22786
0.34739
0.35424
0.39147
0.87500
0.53785
0.72844
0.58712
0.72599
0.72630
0.35288
0.85898
0.39415
0.34501
0.30876
0.17922
0.63347
0.42874
0.21096
0.49554
0.08584
0.12809
0.66506
0.07747
0.65091
0.67179
0.42173
0.24842
0.28916
0.24180
0.23885
0.66239
0.27769
0.53806
0.44059
0.81842
0.80394
0.73036
0.30772
0.27900
0.43235
0.39591
0.33013
0.77081
0.31840
0.38741
0.45036
0.54731
0.53949
0.52696
0.33955
0.37833
0.59118
0.45470
0.51696
0.52692
0.58445
0.79278
0.40258
0.21120
0.28610
0.66084
0.56886
0.28965
0.60603
0.58961
0.38153
0.60950
0.09836
0.56999
0.25254
0.38895
0.50430
0.63731
0.39413
0.21900
0.89329
0.14296
0.25085
0.37213
0.54500
0.06144
0.14433
0.77900
0.56008
0.57731
0.69894
0.17752
0.67497
0.45640
0.47679
0.39647
0.59923
0.73007
0.59942
0.13833
0.48461
0.90287
0.95388
0.50782
0.52737
0.14428
0.14696
0.72654
0.58260
0.44082
0.36361
0.69344
0.15197
0.23810
0.43565
0.14996
0.10706
0.43061
0.00665
0.67009
0.30432
0.57151
0.80306
0.50794
0.43039
0.12433
0.07365
0.48485
0.41719
0.19765
0.60774
-0.00389
0.12142
0.50118
0.25180
0.19021
0.09709
-0.06185
0.08009
0.32262
0.28212
0.26537
0.21928
0.57150
0.14567
0.66504
0.19797
0.58040
0.19143
0.76801
-0.07748
0.52195
0.13843
0.33498
0.24468
0.09430
0.48143
0.31339
0.27329
0.40825
0.29305
0.54181
0.77173
0.27840
0.43298
0.32674
0.67763
0.74853
0.34277
0.22655
0.58647
0.77098
0.24990
0.27448
0.66691
0.50590
0.42674
0.68841
0.82330
0.38540
0.24738
0.34209
0.35629
0.29397
0.72784
0.23322
0.80150
0.67650
0.42489
0.17230
0.30198
0.47832
0.41373
0.93221
0.61615
0.35474
-0.15422
0.42904
0.43028
0.83131
0.59195
0.53411
0.27099
0.73466
0.22693
0.79431
0.11744
0.54496
0.59022
0.15535
0.67929
0.04041
0.81130
0.39427
0.18108
0.21735
0.22099
1.04127
0.39207
0.08696
0.42226
0.23333
0.09998
0.09127
0.26816
0.31523
0.23993
0.46878
0.46607
0.14338
0.16827
0.14058
0.35279
0.27786
0.21945
0.27969
0.32519
0.33919
0.56408
0.01019
0.07696
0.51633
0.42273
0.42307
0.70198
0.37123
0.31157
0.41222
0.80461
0.20422
0.22384
0.52075
0.64730
0.45761
0.22034
0.45489
0.85089
0.79979
0.62701
0.09094
0.16413
0.52611
0.70338
0.56867
0.14659
0.81074
1.14067
0.34446
0.57612
0.47372
0.77754
0.43148
0.88055
0.86596
0.64510
0.47468
0.41717
0.28918
0.33566
0.73387
0.16740
0.42683
0.69444
0.88303
0.15948
0.45198
0.57862
0.29999
0.71182
0.97852
0.34740
0.56157
0.71775
0.70402
0.30526
0.59216
0.45163
0.17480
0.23599
0.17290
0.56277
0.81437
0.64248
0.99381
0.09282
0.46340
0.92557
0.57219
0.39701
0.77683
0.88019
0.70956
0.07810
0.85390
0.15912
0.14410
0.85107
0.24489
0.94160
0.96133
0.96357
0.67612
0.66005
0.70561
0.97185
0.17335
0.27736
0.33760
0.68424
0.22669
0.28039
0.54805
0.64016
0.72529
0.57808
0.17298
0.60690
0.63868
0.28478
0.59121
0.12399
0.80372
0.38700
0.81646
0.14447
0.19326
0.19762
0.09576
0.42169
0.55278
0.42600
0.78814
-0.06085
0.33601
0.43110
0.69890
0.59417
0.25002
0.66204
0.34657
0.61852
0.63068
0.25814
0.47031
0.48511
0.58231
0.26724
0.60717
0.85246
0.15379
0.85266
0.56644
0.48549
0.39693
0.51318
0.20346
0.49257
0.47282
0.46294
0.42368
0.20136
0.45790
0.22861
0.27830
0.92144
0.20387
0.70341
0.27942
0.12859
0.50359
0.45719
0.45136
0.53260
0.15137
0.75557
1.00096
0.53077
0.55223
0.51055
0.19873
0.29827
0.40600
0.17202
0.85358
0.63784
0.39026
0.13090
0.08789
0.27251
0.40783
0.41376
0.07092
0.37109
0.17555
0.16505
0.73544
0.11032
0.13209
0.70198
0.80931
0.10058
0.76485
0.71484
0.31374
0.50304
0.48080
0.38914
0.80388
0.56156
0.37887
0.21668
0.44799
0.14964
0.33226
0.37090
0.99566
0.59001
0.35951
0.66457
0.49691
0.22456
0.56287
0.35552
0.18182
0.62286
0.42847
0.20863
0.56697
0.62081
0.48893
0.49259
0.49620
0.57968
0.68014
0.37424
0.57156
0.35173
0.33351
0.30513
0.12315
0.31394
0.31401
0.45572
0.28322
0.08707
0.29824
0.90205
0.09404
0.35505
0.51360
0.31444
0.35199
0.42541
0.56521
0.36053
0.25724
0.39888
0.36138
0.58750
0.63011
0.47532
0.74121
0.43569
0.52243
0.63332
0.74891
0.74611
0.41723
0.39392
0.57918
0.28575
0.74742
0.19980
0.77391
0.41402
0.44911
0.36756
0.32192
0.61899
0.71061
0.36082
0.16551
0.76820
0.41578
0.29093
0.11747
0.38529
0.79337
0.72461
0.22725
0.15630
0.57252
0.14822
0.33238
0.17510
0.58462
0.39352
0.47510
0.47525
0.25868
0.11931
0.61243
0.18279
0.51168
0.50636
0.46516
0.77393
0.15995
0.51290
0.27492
0.29442
0.39443
0.31200
0.31174
0.26078
0.38931
0.00787
0.37247
0.09794
-0.02332
0.36888
0.52882
0.51102
0.34317
0.96459
0.60298
0.14507
0.63883
0.19791
0.41414
0.19648
0.54399
0.44512
0.58780
0.48891
0.34562
0.32121
0.26905
0.73495
0.26155
0.13453
0.31985
0.79204
0.51292
0.37489
0.68153
0.83979
0.65215
0.39454
0.55153
0.42034
-0.05898
0.63163
0.52356
0.28053
0.23369
0.48558
0.71761
0.61358
0.44519
0.18446
0.37117
0.39448
0.53388
0.39969
0.23390
0.13375
0.00860
0.43203
0.41350
0.31522
0.22470
0.59668
0.15651
0.06767
0.54823
0.83216
0.35109
0.35742
0.00404
0.22038
0.16370
0.16979
0.34541
0.30666
0.20807
0.59922
0.60372
0.48821
0.48780
0.34671
0.51695
0.34941
0.17641
0.47777
0.64721
0.31963
0.33904
0.38518
0.47081
0.62443
0.36585
0.35581
0.04270
0.52170
0.63663
0.26092
0.31198
0.70076
1.19469
0.08219
0.70470
0.46768
0.07178
0.42334
0.77471
0.18353
0.40561
0.00106
0.45600
0.67940
0.02748
0.46485
0.30511
0.33102
0.36070
0.82303
0.71252
0.38664
1.02555
0.49174
0.78210
0.18643
0.24636
0.39247
0.08477
0.29730
0.59978
0.65649
0.57975
0.52280
0.88100
0.43514
-0.07044
0.05136
0.17007
-0.04063
0.14150
0.38285
0.47062
0.23635
0.24343
1.03400
0.32596
0.80095
0.21917
0.85225
0.44122
0.76658
0.32621
0.33207
0.18407
0.62642
0.27254
0.17016
0.79571
0.19925
0.33900
0.48660
0.67426
0.52698
0.73185
0.22159
-0.02517
0.77008
0.12775
0.30216
0.17411
0.54552
0.56993
0.71657
0.92483
0.56853
0.63147
0.72470
0.36912
0.17543
0.20731
0.90599
0.26853
0.82739
0.01494
0.62752
0.90930
0.24431
0.41487
0.21067
0.59594
0.49893
0.46129
0.69146
0.74828
0.31178
0.30416
0.21567
0.06790
0.54989
0.43869
0.15042
0.42502
0.41262
0.47540
0.64081
0.73933
0.75027
0.70997
0.59421
0.62256
0.60782
0.32781
0.27498
0.17191
0.21737
0.42174
1.02309
0.27510
0.27675
0.26809
0.02174
0.63416
0.47579
0.58591
0.58834
0.74447
0.65811
0.22062
0.66627
0.48538
0.18928
0.50347
0.74569
0.21934
0.50231
0.60949
0.69389
0.42428
0.77049
0.25183
0.47691
0.45276
0.33304
0.39727
0.52337
0.16696
0.74500
0.69241
0.72667
0.23092
0.18126
0.55985
0.11078
0.10507
0.49879
0.57978
0.16899
0.44218
0.55265
0.52414
0.60824
0.15137
0.61835
0.41626
0.56908
0.30986
0.28918
0.40179
0.63899
0.46061
0.65804
0.76002
0.68041
0.28820
0.59062
0.51033
0.70362
0.45852
0.54363
0.48994
0.91982
0.35640
0.42140
0.48578
0.30941
0.43751
0.06737
0.33321
0.12477
0.38730
0.28349
0.47350
0.60596
0.79740
0.48839
0.74920
0.08659
0.33225
0.42577
0.67877
0.30859
0.43126
0.16385
0.38656
0.23828
0.26843
0.22127
0.41445
0.92272
0.53011
0.58048
0.69983
0.10519
0.58096
0.67327
0.41269
0.58431
0.83369
-0.08294
0.13137
0.12842
0.47375
0.41347
0.06847
0.63595
0.42348
0.59019
0.69314
0.24882
0.63594
0.17011
0.65568
0.29291
0.41293
0.40372
0.20512
0.31132
0.76884
0.45199
0.15168
0.14789
0.49081
0.34570
0.39978
0.58339
0.14144
0.52318
0.24384
0.13484
0.94022
0.77343
0.26012
0.60806
0.20970
0.19458
0.58547
0.02074
0.93350
0.75316
0.22185
0.27279
0.33784
0.39159
0.62981
0.45620
0.25964
0.63049
0.27124
0.29740
0.13905
0.25800
0.68477
0.75777
0.28314
0.57569
0.55446
0.53615
0.19735
0.41903
0.26073
0.37495
0.30435
0.42432
0.86871
0.32935
0.71344
0.39925
0.25508
0.04681
0.74181
0.70726
0.69749
0.53243
0.11353
0.07501
0.81699
0.58673
0.81863
0.66140
0.74725
0.27290
0.50720
0.36832
0.10523
0.42373
0.49105
0.21074
0.49730
0.17143
0.63244
0.66089
0.36056
0.35960
0.63901
0.42975
0.67869
0.00997
0.22814
0.63956
0.38695
0.43325
0.88296
0.51489
0.31170
0.09569
0.34741
0.35261
0.97972
0.52460
0.14561
0.36285
0.24504
0.22108
0.90784
0.39626
-0.00284
0.19681
0.28418
0.53880
0.75792
0.16504
0.35919
0.43626
0.45481
0.10910
0.30556
0.13269
0.84151
0.58501
0.18076
1.02900
0.22253
0.18432
0.34666
0.32289
0.62479
0.74897
0.76102
0.28407
0.12700
0.07954
0.33319
0.23438
0.34004
0.36740
0.74997
0.18036
0.07049
0.35697
0.26018
0.16833
0.12493
0.44951
0.34741
0.69424
0.38852
0.40125
0.75044
0.45158
0.65703
0.33421
0.95885
0.65519
0.20436
-0.05114
0.33464
0.34903
0.43999
0.41064
0.65336
0.34271
0.22982
0.09306
0.41246
0.46278
0.53712
0.28223
0.36282
0.48785
0.59747
0.40712
0.63825
0.35343
0.30983
0.67569
0.34596
0.31624
0.53301
0.49004
0.64841
0.05196
0.29924
0.61861
0.50459
0.12239
0.07195
0.23036
0.57081
0.17038
0.68608
-0.02767
0.70964
0.50160
0.73247
0.65834
0.40063
0.43914
0.19499
0.38649
-0.06688
0.37647
0.66325
0.94692
0.09793
0.24554
0.48578
0.51960
0.03461
0.93220
0.01232
0.61533
0.73248
0.63636
0.77694
0.32513
0.08330
0.61886
0.17100
0.34552
0.42679
0.15262
0.30109
0.34788
0.30656
0.27707
0.32115
0.60066
0.52332
0.79930
0.61883
0.14544
0.03890
0.32470
0.18192
0.37135
0.43615
0.49378
0.10445
0.32204
0.38168
0.76820
0.67603
0.50036
0.21966
0.55090
-0.06365
0.79577
0.55604
0.17398
0.92394
0.39023
0.58101
0.47178
-0.07293
0.72289
0.22997
0.26140
0.51192
0.67194
0.94670
0.42881
0.13869
-0.03499
0.10001
0.17549
0.20450
0.65658
-0.03556
0.69631
0.36547
0.13402
0.11772
0.23230
0.50855
0.12672
0.52490
0.36417
0.08660
0.35340
0.47051
0.62068
0.55329
0.38795
0.08292
0.24128
0.09401
0.19305
0.24446
0.85471
0.48833
0.17323
0.36413
0.67964
0.70032
0.71114
0.27367
0.48591
0.22665
0.24838
0.21925
0.39948
0.80770
0.72624
0.59317
0.37677
0.44145
0.34021
0.74525
0.58224
0.75443
0.68492
0.84350
0.05155
0.51038
0.30117
0.24305
0.36485
0.52067
0.61705
0.24870
0.82629
0.40152
0.35456
0.69216
0.30114
0.46362
0.62454
0.15595
0.35579
0.84397
0.56899
0.68530
0.23406
0.50973
0.75015
0.61835
0.21075
0.25227
0.34209
0.25152
0.56563
0.21691
0.53475
0.34001
0.26767
0.61208
0.55560
0.75598
0.45719
0.06090
0.75984
0.63609
0.43507
0.68229
0.15077
0.33350
0.35989
0.70987
0.16481
0.67771
-0.07584
0.01453
0.78207
1.01338
-0.10567
0.28081
0.56889
0.44646
0.69809
0.22540
0.57462
0.80887
0.48645
0.54863
0.28750
0.44539
0.31547
0.44310
0.64823
0.62408
0.37759
0.33668
0.28549
0.56943
0.27786
0.48631
0.28373
0.44977
0.53465
0.38785
0.09073
0.73567
0.51432
0.32488
0.32083
0.16776
0.54700
0.61133
0.93245
0.82822
0.31033
0.80432
0.25975
0.20568
0.40057
0.36957
0.44987
0.13337
0.33905
0.35197
0.39622
0.48086
0.20737
0.47485
0.58912
0.24459
0.89561
0.24242
0.32941
0.15780
0.99400
0.27686
0.49622
0.22088
0.62492
0.25654
0.81299
0.20228
0.46766
0.57349
0.48829
0.31392
0.33609
0.39254
0.20954
0.25083
0.52164
0.11769
0.59453
0.44568
0.60402
0.19705
0.68725
-0.01933
0.63959
0.70338
0.23369
0.45808
0.45188
0.56272
0.37977
0.25695
0.45398
0.38390
0.17881
0.61032
0.77143
0.49343
0.34611
0.58610
0.67540
0.58363
0.80072
0.42922
0.14463
0.27004
0.34822
0.90725
0.20424
0.66932
0.43544
0.22064
0.78987
0.68498
0.36526
0.35727
0.16520
0.56482
0.22785
0.28132
0.15532
0.20200
0.43142
0.19617
0.48724
0.70814
0.35232
0.19751
0.25378
0.15003
0.46740
0.30799
0.85624
0.37697
0.07163
0.37703
0.19977
0.10817
0.65552
0.23060
0.57707
0.20425
0.26221
0.76938
0.56748
0.47149
0.49724
0.22973
0.19375
0.46955
0.19766
0.21840
0.31108
0.10955
0.89701
0.28728
0.58971
0.49856
0.31747
0.51843
0.10839
0.40525
0.78911
0.69747
0.39831
0.12107
0.57100
0.50234
0.22931
0.46666
0.76392
0.18052
0.85891
1.10938
0.52409
0.17961
0.32890
0.73728
0.76599
0.65961
0.12957
0.50366
0.16009
0.53257
0.38603
0.20776
0.52683
0.48848
0.88083
0.23288
0.23696
0.14452
0.74853
0.82307
0.74875
1.02800
0.37636
0.59624
0.28541
0.26949
0.40434
0.12748
0.09443
0.74066
0.23456
0.22737
0.04711
0.55018
0.34432
0.44806
0.19341
0.52142
0.29785
0.29579
0.05688
0.74008
0.44571
0.29566
0.82150
0.77838
0.38521
0.78554
0.39379
-0.16737
0.18998
0.16079
0.28380
0.40272
0.27570
0.28254
0.43259
0.44141
0.48412
0.13423
0.42447
0.14299
0.51881
0.27342
0.22185
0.34572
0.26118
0.63675
0.88083
0.37462
0.04734
0.43210
0.32284
0.56204
0.71935
0.35009
0.40939
0.83917
0.26743
0.06111
0.42630
0.77322
0.47485
0.32430
0.42364
0.11657
0.62621
0.50759
0.64533
0.25751
0.43263
0.20250
0.51366
0.45452
0.39288
0.80317
0.41855
0.28948
0.37832
0.33636
0.28525
0.31622
0.84118
0.58555
0.07559
0.15786
0.24788
1.06884
0.35263
0.26164
0.23348
0.76388
0.80858
0.36529
0.56383
0.59492
0.30959
0.61670
0.19734
0.92602
0.35696
0.29467
0.37520
0.39120
0.54892
0.79089
0.26460
0.04268
0.26032
0.41456
0.35912
0.27785
0.23908
0.23520
0.36734
0.25226
0.12154
0.30529
0.69513
0.12747
0.26313
0.83381
0.41766
0.69850
0.61953
0.65534
0.18620
0.66277
0.61204
0.31217
0.92852
0.59981
0.52924
0.59088
0.19304
0.66974
0.32783
0.61530
0.61743
0.32352
0.22092
0.27062
0.15283
0.10533
0.02302
0.80178
0.26321
0.22277
0.10290
0.39586
0.24409
0.78050
0.75098
0.27873
0.44155
0.79874
0.21573
0.67754
0.68024
0.39351
0.32032
0.97548
0.59367
0.20647
0.73780
0.44756
0.24342
0.69658
0.20999
0.48953
0.43857
0.40079
0.28018
0.17886
0.62991
0.38080
0.38338
0.37159
0.21135
0.46377
0.63442
0.32845
0.43637
0.30761
0.09893
0.16560
0.39894
0.61426
0.27910
0.30490
0.51226
0.41534
0.69920
0.22051
0.52409
0.42059
0.56766
0.56006
0.13402
-0.02261
0.09170
0.63199
0.12184
0.70619
0.39230
0.51750
0.16890
0.23133
0.70393
0.20699
0.47844
0.16392
0.25655
0.39268
0.65159
0.76935
0.72670
0.29829
0.77998
-0.02268
0.36095
0.38158
0.90731
0.38698
0.63825
0.67176
0.62337
0.62942
0.25717
0.48446
0.65785
0.09622
0.26965
0.39693
0.52075
0.03457
0.44882
0.31499
0.51137
0.83102
0.62090
0.48049
0.56126
0.61146
0.29715
0.53721
0.32961
0.27218
0.34001
0.09723
0.66392
0.31770
0.39386
0.34566
0.13146
0.35747
0.28004
0.42064
0.42774
0.58105
0.65321
0.30884
0.55420
0.09262
-0.08008
-0.02658
0.27651
0.56129
1.04018
0.69264
0.36874
0.20312
-0.01374
0.10741
0.11226
0.56160
0.39876
0.51313
0.31223
0.29462
0.54250
0.33308
0.70864
0.52244
0.21140
0.89795
0.34733
0.67964
0.41232
0.44608
0.35141
0.31894
0.48851
0.71053
0.94337
0.56650
0.57443
0.50627
0.19818
0.43856
0.79795
0.30931
0.54290
0.22806
1.04410
0.58434
0.25516
0.34925
0.80258
0.18937
0.51813
0.25577
0.35424
0.32129
0.43584
0.85020
0.27426
0.21706
0.27028
0.12905
0.45415
0.88976
0.60460
0.42847
0.70946
0.50381
0.31492
0.40508
0.42143
0.36915
0.44776
0.31022
0.24375
0.28027
0.62398
0.32972
0.65336
0.26908
0.09065
0.36549
0.44491
0.27901
0.20509
0.60841
0.65693
0.12484
0.54731
0.46097
0.06974
0.95082
0.69810
0.63988
0.25664
0.64736
0.30084
0.57387
0.52700
0.57378
0.65286
0.10780
0.53955
0.59956
0.70950
0.35246
0.21153
0.65286
0.33494
0.38986
0.81379
0.33926
0.62345
0.35911
0.18031
0.18781
0.35932
0.19653
0.50239
0.42214
-0.05626
0.39927
0.39298
0.30622
0.37804
0.52876
0.50763
0.28074
0.06474
0.34121
0.19579
0.31834
0.40344
0.17900
0.39359
0.21672
0.25597
0.64464
0.65250
0.63116
0.38461
0.21221
0.79603
0.26934
0.36559
0.41609
0.67663
0.30963
0.58420
0.52293
0.27769
0.45944
0.46569
0.38646
0.74364
0.20575
0.47290
0.34814
0.37679
0.07416
0.61105
0.35254
0.73848
0.70794
0.81166
0.53772
0.64314
0.83340
0.02577
0.17230
0.87892
0.22531
0.25901
0.36922
0.35644
0.34518
0.53071
0.21779
0.59170
0.19580
0.07041
0.38794
0.70209
0.46840
0.21657
0.16255
0.67599
0.64851
0.40054
0.48425
0.29020
0.76958
0.21276
0.61378
0.35029
0.20053
0.24815
0.58614
0.71442
0.56693
0.10086
0.07656
0.87802
0.64186
0.15842
0.82999
0.25180
0.56158
0.59511
0.50882
0.49021
0.04287
0.46707
0.50648
0.14723
0.28091
0.24712
0.72649
0.80577
0.24379
0.78817
0.22614
0.03131
0.31018
0.04265
0.77526
0.94228
0.26490
0.66808
0.28531
0.33458
0.50450
0.27365
0.50665
0.19185
0.34938
0.26008
0.63376
0.66318
0.38638
0.36743
0.02559
0.20282
0.24198
0.36963
0.40940
0.07725
0.55315
0.47724
0.87522
0.50551
0.33241
0.51673
0.51685
0.19472
0.73460
0.20763
0.21931
0.52460
0.87458
0.41783
0.23842
0.83506
0.47110
0.78348
0.48023
0.80526
0.29695
0.37537
0.36742
0.47661
0.09097
0.40189
0.31401
0.35597
0.30573
0.18567
0.47626
0.54936
0.58281
0.24475
0.52255
0.58057
0.59991
0.36892
0.57401
0.44262
0.29850
0.04585
0.27551
0.91989
0.35736
0.53315
0.44865
0.23036
0.25534
0.02296
0.18322
0.25116
0.38951
0.23269
0.79174
0.04835
0.43993
0.23104
0.27335
0.23803
0.78764
0.20558
0.62181
0.32395
0.60037
0.57383
0.12216
0.47447
0.66774
0.23689
0.81582
0.80833
0.68066
0.08378
0.26208
0.01682
-0.02242
0.86923
0.84847
0.31585
0.20133
0.42996
0.85596
0.81331
0.47835
0.72944
0.33892
0.62603
0.26797
0.44794
0.22982
0.65376
0.20305
0.18885
0.61242
0.41748
0.31404
0.39263
0.67261
0.42267
0.77112
0.03127
0.32316
0.67671
0.30700
0.35984
0.51516
0.62368
0.38819
0.22971
0.48493
0.31346
0.56162
0.56161
0.46923
0.03970
0.84594
0.08773
0.28264
1.12343
0.65736
0.57575
0.71873
0.20417
0.70588
0.38182
0.34446
0.50720
0.42395
0.52166
0.71934
0.20083
0.89365
0.10761
0.48343
0.57276
0.29983
0.26191
0.46371
0.70854
0.73005
0.32730
0.56443
0.63354
0.65441
0.98182
0.21704
0.11143
0.14038
0.30203
0.41873
0.43974
0.71604
0.24404
0.57898
0.50715
0.31893
0.75910
0.34611
0.71034
0.45706
0.49415
0.56493
0.49929
0.31750
0.14193
0.41005
0.44499
0.83704
0.46321
0.33293
0.15039
0.16550
0.95512
0.54112
0.44672
0.63324
0.05738
0.21795
0.71635
0.48603
0.49987
0.40493
0.64397
0.33157
0.72780
0.66879
0.01407
0.49044
0.07358
0.65881
0.29943
0.66279
0.44542
0.26774
0.76647
0.24543
0.41637
0.23142
0.18224
0.11772
0.42933
0.81563
0.24091
0.64226
0.51089
0.50405
0.24638
1.06068
0.73512
0.70320
0.89274
0.24387
0.66571
0.32857
0.01362
0.65042
0.37955
0.30932
0.56895
0.69456
0.33034
0.69052
0.47193
0.73066
0.74548
0.18244
0.06719
0.75298
0.33479
0.67723
0.54011
0.51437
0.10405
0.66693
0.49713
0.37868
0.87544
0.59615
0.28253
0.32539
0.85530
0.92673
0.60913
0.45184
0.29673
0.27224
0.16022
0.31711
0.33469
0.81953
0.15869
0.21558
0.55132
0.25498
0.29268
0.70432
0.73996
0.61067
0.62177
0.72805
0.43727
0.61869
0.74702
1.01432
0.19012
0.24891
0.94551
0.29068
0.44634
0.88548
0.67693
0.89389
0.21691
0.87712
0.36470
0.18074
0.77698
0.48935
0.39127
0.87028
0.01976
0.24655
0.33440
0.64709
0.10353
0.28853
0.77436
0.29805
0.46640
0.22394
-0.05870
0.33925
0.16133
0.56418
0.33766
0.36507
0.21830
0.30045
0.22825
0.20144
0.79576
0.22868
0.83946
0.50290
0.05229
0.89005
0.46819
0.21342
0.25507
0.84620
0.11958
0.27108
0.09430
0.36255
0.48050
0.64174
0.66311
0.73747
0.81319
0.28661
0.05908
0.42306
0.28028
0.49776
0.40653
0.38554
0.44795
0.34321
0.31233
0.61500
0.90784
0.83372
0.34256
0.72225
0.81533
0.68997
0.57061
0.87526
0.39065
0.22262
0.24494
0.38870
0.41001
0.53652
0.70318
0.12388
0.45528
0.23475
0.80686
0.18953
0.36531
0.40063
0.27867
0.70255
0.71487
0.38253
0.71579
0.54775
0.79901
0.43724
0.16844
0.18731
0.62618
0.63430
0.88258
0.71974
0.25576
0.80834
0.56400
0.21590
0.40048
0.70498
0.43347
0.96688
0.60516
0.28336
-0.06191
0.92335
0.74685
0.30971
0.54444
0.69588
0.94127
0.56206
0.51135
0.36223
1.16128
0.30130
0.25674
0.54098
0.32398
0.07018
0.68538
0.56495
0.12837
0.64547
0.74394
0.67837
0.84863
0.44800
0.60838
0.32169
0.69899
0.38823
0.67387
0.08779
0.41147
0.23913
0.44123
0.44593
0.66172
0.40037
0.41171
0.70994
0.39259
0.46313
0.34891
-0.04361
0.57997
0.81635
0.11699
0.66703
0.29641
-0.04807
0.76708
0.57104
0.39039
0.79106
0.51683
0.72897
0.18606
0.38984
0.57832
0.38902
0.59023
0.65603
0.33730
0.29005
0.30133
0.77851
0.26364
0.38337
0.41106
0.34876
0.45844
0.34229
0.70788
0.62733
0.40724
0.06567
-0.03336
0.60829
0.31432
0.59967
0.25010
0.15331
0.36230
0.71869
0.78270
0.14377
0.36195
0.51711
0.43608
0.76853
0.53242
0.33572
0.64123
0.54026
0.23956
0.26953
0.23676
0.26548
0.62660
0.61861
0.25869
0.44406
0.09654
0.28740
0.54859
0.39195
0.35418
0.87922
0.27955
0.20367
0.28994
0.12841
0.28333
0.42293
0.08617
0.31148
0.03457
0.91428
0.00681
0.11985
0.15773
0.36314
0.54435
0.40354
0.34368
0.55594
0.31760
0.20123
0.12851
0.57402
0.21576
0.25027
0.82274
0.63533
0.20821
0.22221
0.66018
0.56903
0.41339
0.95032
0.32927
0.79740
0.35931
0.17622
0.71212
0.15432
0.31728
0.24857
0.21317
0.14410
0.55579
0.32145
0.30361
0.34620
0.67128
0.27053
0.09945
0.26424
0.61380
0.45846
0.87678
0.53645
0.14206
0.18839
0.26151
0.26537
0.67603
0.71464
0.17110
0.39832
0.08058
0.16664
0.39772
0.39253
0.32119
0.37428
0.76879
0.91336
0.69597
0.96204
0.15613
0.86144
0.41129
0.56334
0.61678
0.43602
0.45347
0.76411
0.33016
0.47060
0.39162
0.47199
0.35050
0.27054
0.61945
0.60899
0.16208
0.12178
0.53531
0.74376
0.51904
0.75480
0.46686
0.89087
0.14069
0.54028
0.58351
0.73270
0.36846
0.41162
0.29027
0.22153
0.80205
0.24901
0.92553
0.30313
0.49816
0.37340
0.62711
0.93221
0.31825
0.64355
0.38197
0.51479
0.45727
0.42488
0.38474
-0.05836
0.91426
0.75470
0.72370
0.51036
0.26076
0.67210
0.29979
0.13877
0.82607
0.44203
0.45859
0.14989
0.41256
0.53683
0.38969
0.51746
0.16192
0.18735
0.12002
0.61202
0.17780
0.25160
0.51015
0.39803
0.35666
0.42603
0.26038
0.61154
0.66078
0.82312
0.19953
0.18909
0.87220
0.44498
0.81997
0.63870
0.12449
0.67332
0.57231
0.28076
0.62922
0.21468
0.66680
0.69804
0.27858
0.12776
0.17820
0.86992
0.02883
0.38987
0.31746
0.12350
0.05386
0.25586
0.11926
0.20937
0.34961
0.06718
0.99274
0.08068
0.23767
0.72050
0.40862
0.29188
0.11531
0.57783
0.35541
0.19218
0.42956
0.51733
0.25360
0.84352
0.47996
0.47836
0.54332
0.67537
0.60068
0.25567
0.10674
0.37969
0.45625
0.68716
0.33687
0.70218
0.67273
0.34186
0.31234
0.67899
0.71672
0.04017
0.53707
0.83334
0.19938
0.24777
0.21205
0.34347
0.55513
0.62422
0.43465
0.94339
0.26311
0.22980
0.19262
0.12945
1.12959
0.56203
0.18913
0.19192
0.70903
0.32347
0.52735
0.29499
0.22341
0.30492
0.42773
0.28606
0.06835
0.03875
0.65304
0.63892
0.29309
0.74521
0.23614
0.60666
0.40371
0.46196
0.32393
0.70723
0.32698
0.39794
0.11561
0.09767
0.22484
0.42305
0.32216
0.32629
0.83493
0.21277
0.70667
0.56250
0.51782
0.15416
0.28397
0.38598
0.50504
0.76730
0.28277
0.32859
0.53744
0.45280
0.25360
0.14067
0.32160
0.31987
0.45323
0.16579
0.66448
0.60229
0.23313
0.41559
0.63763
0.33904
0.68161
0.10480
0.54402
0.48976
0.63505
0.16005
0.30550
0.63945
0.55592
0.63468
0.22048
0.53768
0.74913
0.24458
0.14674
0.41635
0.59769
0.82660
0.39030
0.15233
0.14861
0.28080
0.09779
0.25687
0.48402
0.40222
0.53182
0.28300
0.55222
0.25212
0.25899
0.29264
0.80668
0.60040
0.24832
0.27661
0.52265
0.70574
0.31901
0.20369
0.33634
0.79361
0.69286
0.56793
0.96284
-0.05076
0.63796
0.69750
0.45907
0.66591
0.64188
0.61907
0.09853
0.12101
0.68367
0.24852
0.57847
0.16080
0.73558
0.82908
0.75989
0.35615
0.90530
0.61391
0.07787
0.66599
0.34801
0.58656
0.36195
0.42792
0.26305
0.51054
0.21457
0.49371
0.59926
0.33726
0.28420
0.63156
0.29611
0.41750
0.21578
0.26163
0.43308
0.93865
0.37815
0.03323
0.33788
0.67152
0.37198
0.35805
0.22460
0.36597
0.36796
0.38263
0.31588
0.04935
0.38929
0.09825
0.49322
0.50720
0.52085
0.26731
0.32956
0.13069
0.75417
0.35747
0.48640
0.76780
0.43686
0.68603
0.60216
0.19255
0.64961
0.14991
0.34871
0.47397
0.83751
0.15623
0.58164
0.28473
0.66061
0.19342
0.12976
0.32736
0.49477
0.22505
0.67936
0.86981
0.62766
0.28245
0.27662
0.82405
0.28573
0.86312
0.34453
0.67536
0.14091
0.11613
0.40283
0.18807
0.33026
1.00933
0.60035
0.21401
0.26028
0.65588
0.52099
0.53472
0.18052
0.42483
0.56715
0.60037
0.21004
0.36012
0.60419
0.56605
-0.00493
0.41067
0.46667
0.33934
0.25564
0.12637
0.79335
0.49829
0.29627
0.25717
0.47134
0.28749
0.78980
0.51407
0.40078
0.04940
0.98856
0.48881
0.83310
0.38178
0.29293
0.58356
0.28001
0.53920
0.09101
0.42272
0.20157
0.32827
0.57401
0.71829
0.40138
0.25475
0.51055
0.70636
0.79411
0.42656
0.46264
0.24266
0.51800
0.26960
0.33672
0.09638
0.24312
0.50546
0.15482
0.23540
0.71361
0.57178
0.61051
-0.01140
0.26514
0.42354
0.60159
0.31271
0.49969
0.55972
0.22713
0.65946
0.21885
0.62544
0.97089
0.37252
0.28641
0.03775
0.72851
0.40689
0.78025
0.49505
0.80064
0.17264
0.49619
0.94888
0.10670
0.22160
0.34982
0.17340
0.77995
0.38523
0.47295
0.27873
0.14127
0.48445
0.01983
0.16276
0.66852
0.70128
0.43465
-0.09443
0.68617
0.29430
0.36242
0.87333
0.29582
0.45703
0.17012
0.56833
0.55351
0.71823
0.86496
0.40681
0.29713
0.16324
0.50346
0.13402
0.50003
0.28899
0.34766
0.63177
0.46852
0.82525
0.43456
0.88118
0.69266
0.83390
0.97992
0.45725
0.23726
0.35721
0.78779
0.61033
0.36123
0.27049
0.41001
0.60900
0.33478
0.34633
0.22326
0.47017
0.20929
0.63756
0.46995
0.73436
0.55607
0.63505
0.69159
0.48376
0.51279
0.63495
0.49942
0.31003
0.58307
0.80158
0.89423
0.51701
0.27127
0.68477
0.53901
0.28766
0.66965
0.32616
0.62808
0.39541
0.41266
0.64358
0.23248
0.87221
0.24623
0.62780
0.44149
0.27717
0.34676
0.45621
0.16726
0.34204
0.52316
0.49625
0.60750
0.21938
0.20690
0.24164
0.26289
0.61334
-0.02799
0.40820
0.47580
0.53563
0.66036
0.33608
0.27977
0.89718
0.23433
0.24735
1.00528
0.14255
0.03396
0.40979
0.89991
0.50269
0.50254
0.65760
0.73571
0.84943
0.58121
0.12881
0.22605
0.30801
0.72736
0.08960
0.75717
0.33003
0.26393
0.52540
0.12021
0.32444
0.59026
0.26983
0.28909
0.22566
0.42309
0.18414
0.86257
0.28143
0.41871
0.57326
0.49646
0.15609
0.23631
0.39983
0.31766
0.50842
0.79796
0.34134
0.25723
0.21091
0.80101
0.33799
0.74621
0.66097
-0.06701
0.86990
0.30626
0.12840
0.40793
0.57378
0.27750
0.10178
0.78433
0.25611
0.15323
0.31522
0.34936
0.71605
0.43654
0.85495
0.22124
0.77146
0.55557
0.24065
0.46578
0.68011
0.16614
0.72953
0.52643
0.17525
0.31918
0.08900
0.80393
0.29727
0.21068
0.15706
0.70739
0.36878
0.47491
0.31208
0.41684
0.36774
0.40788
0.39919
0.22927
0.71675
0.61925
0.66182
0.11475
0.00187
0.45189
0.51629
0.48737
0.30470
0.54912
0.45605
0.93299
0.79011
0.03601
0.29378
0.41252
0.15692
0.27458
0.57857
0.66568
0.79943
0.58653
0.51612
0.18840
0.45861
0.14260
0.81324
0.62929
0.74726
0.08273
0.96474
0.53264
0.31002
0.48196
0.34072
0.48589
0.68304
0.44205
0.00063
0.35211
0.77656
0.25279
0.39708
0.24440
0.31227
0.35146
0.70776
0.24557
0.58196
0.41447
0.44830
0.54011
0.42666
0.33909
0.33078
0.49192
0.42738
0.68016
0.14023
0.36549
0.20518
0.34275
0.44532
0.20553
0.53891
0.25409
0.12005
0.39636
0.47866
0.43012
0.41159
0.25535
0.31914
0.89452
0.68478
0.61567
-0.10967
0.47809
0.34582
0.26229
0.73526
0.45909
0.68199
0.25936
0.38628
0.64124
0.13523
0.13759
0.20782
0.39786
0.67960
0.18093
0.47660
0.77195
0.25787
0.81249
0.40637
0.27783
0.39694
0.72146
0.32076
0.42577
0.03671
0.39291
0.14926
0.52113
0.15755
-0.00528
0.32263
0.23480
0.00653
0.72820
0.55046
0.79001
0.55700
0.14792
0.33506
0.60336
0.52458
0.56180
0.08376
0.51936
0.37078
0.28457
0.49220
0.05331
0.37151
0.32044
0.65196
0.94144
0.65426
0.49614
0.18242
0.32853
0.16831
0.32184
0.19489
0.17799
0.22230
0.56003
0.55126
0.18700
0.98354
0.76825
0.25597
0.32246
0.61628
0.20227
0.42127
0.13623
0.41937
0.27379
0.64521
0.27014
0.51964
0.23908
0.33724
0.81880
0.53158
0.87724
0.41128
0.51238
0.62112
0.42595
0.60462
0.37304
0.46837
0.30594
0.24416
0.55435
0.63759
0.08885
0.75372
0.26455
0.47043
0.44023
0.35517
0.14125
0.89790
0.54106
0.26626
0.22463
0.54786
0.57381
0.48097
0.60198
0.80561
0.23990
0.14016
0.94799
0.67888
0.90024
0.32760
0.52414
0.20194
0.15600
0.07580
0.64769
0.73263
0.31639
0.43033
0.60235
0.37739
0.42312
0.26694
0.52202
0.18094
0.57559
0.20191
0.69641
0.36285
0.66007
0.72017
0.60719
0.51400
0.50528
0.35594
0.19355
0.45258
0.29788
0.49440
0.34790
0.23037
0.45468
0.19040
0.68047
0.14026
0.28963
0.49850
0.54587
0.90125
0.29515
0.37568
0.79676
0.75105
0.74890
0.34793
0.15631
0.66938
0.50387
-0.04107
0.17870
0.31220
0.29662
0.22635
0.56637
0.18748
0.70891
0.68430
0.97208
0.11694
0.41158
0.51050
0.32421
0.57527
0.01954
0.75659
0.12838
0.50655
0.01372
0.55695
0.59697
0.14018
0.51107
0.49662
0.39071
0.65265
0.19432
0.43708
0.62770
0.65553
0.01227
0.18147
0.15830
0.56946
0.56392
0.70715
0.37709
0.73776
0.77744
0.21971
0.40378
0.87475
0.86740
0.04576
0.60819
0.80133
0.82870
0.23675
0.41258
0.42727
0.74924
0.86519
0.25454
0.63193
0.15457
0.25858
0.14152
0.37862
0.06485
0.19067
0.72343
0.34881
0.44166
0.40541
0.57991
0.53208
0.34420
0.28097
0.54085
0.62404
0.38166
0.51137
0.80754
1.12808
0.45438
0.62649
0.65135
0.16365
0.88104
0.39336
0.37208
0.70053
0.16291
0.68066
0.31486
0.58092
0.45728
0.26644
0.56303
0.38866
0.71701
0.41339
0.46588
0.25112
0.47970
0.68455
0.26280
0.37470
0.32460
0.60486
0.39807
0.16268
0.38416
0.10058
0.64380
0.66483
0.52821
0.18516
-0.02387
0.62350
0.61049
0.55329
0.26915
0.20425
0.23874
0.44314
0.55546
0.92621
0.44643
0.17357
0.68377
0.31132
0.68548
0.60763
0.93805
-0.01903
0.58261
0.19128
0.25237
0.27315
0.64848
0.24254
0.76301
0.89986
0.53936
0.37264
0.33109
0.63403
0.20711
0.45996
0.04829
0.47490
0.75233
0.39904
0.27109
0.82775
0.52398
0.31095
0.41461
0.30302
0.34256
0.23657
0.89849
0.40768
0.40362
0.52653
0.44974
0.83156
0.72161
0.45298
0.37868
0.39909
0.50333
0.36930
0.17872
0.52297
0.57164
0.69494
0.76342
0.33368
0.61077
0.43254
0.15294
0.25239
0.47036
0.90793
0.04638
0.52183
0.82738
0.37180
0.24214
0.56535
0.22720
0.24836
0.26078
0.54433
0.47914
0.05209
1.05303
0.01713
0.27975
0.81382
0.33092
0.05252
0.20000
0.79360
0.24248
0.65159
0.16413
0.22155
0.88288
0.23886
0.58607
0.25353
0.84126
0.91645
0.74920
0.92651
0.49118
0.26227
0.99134
0.42540
0.65023
0.26021
0.68500
0.31325
0.59326
0.32365
0.08671
0.23371
0.71997
0.91839
0.68432
0.10449
0.11345
0.54911
0.38528
0.46533
0.66036
-0.08599
0.80321
0.25647
0.63466
0.54857
0.57506
0.15903
0.15789
0.18322
0.32216
0.39178
0.49663
0.21126
0.70756
0.38861
0.57919
0.13149
0.21905
0.27724
0.68610
0.55243
0.13459
0.48606
0.34068
